# VERSION_SNANA      = v10_75d 
# VERSION_PHOTOMETRY = LOWZ_NIR 
# SNANA_VERSION : v10_75d 
# TABLE NAME: FITRES 
# 
VARNAMES:  CID IDSURVEY TYPE FIELD CUTFLAG_SNANA zHEL zHELERR zCMB zCMBERR zHD zHDERR VPEC VPECERR MWEBV HOST_LOGMASS HOST_LOGMASS_ERR HOST_sSFR HOST_sSFR_ERR SNRMAX1 SNRMAX2 SNRMAX3 PKMJD PKMJDERR STRETCH STRETCHERR AV AVERR RV RVERR DLMAG DLMAGERR COV_STRETCH_AV COV_STRETCH_DLMAG COV_AV_DLMAG NDOF FITCHI2 FITPROB 
#
SN: sn2004ef 5 0 NULL 1 0.03100 0.00001 0.03010 0.00001 0.03010 0.00001 0 0 4.60000e-02 -9 -9 -9 -9 217.14803 217.14789 217.14789 53264.910 0.015 0.80478 0.30000 0.35798 2.15481e-02 3.10000 0 35.47035 6.66823e-03 -5.01554e-07 -5.47869e-07 -8.70516e-05 207 922.22028 0
SN: sn2004eo 5 0 NULL 1 0.01570 0.00001 0.01520 0.00001 0.01520 0.00001 0 0 9.30000e-02 -9 -9 -9 -9 271.43527 271.43488 271.43469 53279.090 0.023 0.81941 0.30000 0.33440 0.15177 3.10000 0 33.77985 3.61412e-02 -1.72368e-04 3.89968e-05 -5.42063e-03 171 87034.25781 0
SN: sn2004ey 5 0 NULL 1 0.01580 0.00001 0.01540 0.00001 0.01540 0.00001 0 0 0.12000 -9 -9 -9 -9 271.43488 271.43402 271.43390 53304.699 0.027 1.01725 0.30000 -3.09840e-01 4.94298e-02 3.10000 0 34.15941 8.40820e-03 -2.22578e-05 7.90568e-06 -2.66788e-04 137 165.32597 4.99448e-02
SN: sn2004gs 5 0 NULL 1 0.02670 0.00001 0.02870 0.00001 0.02870 0.00001 0 0 2.60000e-02 -9 -9 -9 -9 180.95660 180.95651 155.10539 53356.914 0.037 0.69537 0.30000 0.67320 1.71517e-02 3.10000 0 35.38710 1.13564e-02 5.58594e-06 -3.36208e-06 -1.38266e-04 128 201.19356 3.86818e-05
SN: sn2005el 5 0 NULL 1 0.01490 0.00001 0.01530 0.00001 0.01530 0.00001 0 0 9.80000e-02 -9 -9 -9 -9 271.43521 271.43466 271.43457 53647.098 0.038 0.84751 0.30000 -1.60153e-01 6.88777e-02 3.10000 0 34.23424 1.65293e-02 6.81815e-06 -6.62002e-06 -9.16891e-04 76 320.98996 7.48228e-32
SN: sn2005iq 5 0 NULL 1 0.03400 0.00001 0.03360 0.00001 0.03360 0.00001 0 0 1.80000e-02 -9 -9 -9 -9 217.14729 155.10504 135.71767 53688.047 0.037 0.87460 0.30000 -1.06577e-01 1.36884e-02 3.10000 0 36.04459 1.08726e-02 9.45288e-06 -4.29102e-06 -1.16232e-04 76 217.11891 1.63001e-15
SN: sn2005kc 5 0 NULL 1 0.01510 0.00001 0.01450 0.00001 0.01450 0.00001 0 0 0.11400 -9 -9 -9 -9 180.95651 180.95639 180.95616 53698.223 0.029 0.88490 0.30000 0.71500 6.73629e-02 3.10000 0 33.67537 1.37529e-02 -3.14954e-05 2.29823e-06 -6.69273e-04 60 228.27014 1.88804e-21
SN: sn2005ki 5 0 NULL 1 0.01920 0.00001 0.02030 0.00001 0.02030 0.00001 0 0 2.70000e-02 -9 -9 -9 -9 180.95651 180.95636 180.95631 53705.887 0.077 0.82344 0.30000 -8.47608e-02 1.73217e-02 3.10000 0 34.79071 1.02753e-02 2.95948e-06 -1.82251e-06 -1.22182e-04 84 297.90308 1.04692e-25
SN: sn2005lu 5 0 NULL 1 0.03200 0.00001 0.03170 0.00001 0.03170 0.00001 0 0 2.20000e-02 -9 -9 -9 -9 108.57363 98.70327 90.47841 53712.098 0.223 1.13846 0.30000 0.58434 2.80453e-02 3.10000 0 35.60162 2.15338e-02 -5.95356e-08 7.35363e-08 -5.01337e-04 40 120.44869 5.43960e-10
SN: sn2006ax 5 0 NULL 1 0.01670 0.00001 0.01800 0.00001 0.01800 0.00001 0 0 4.10000e-02 -9 -9 -9 -9 180.95636 180.95627 180.95613 53827.617 0.026 0.99806 0.30000 -2.14951e-01 2.33040e-02 3.10000 0 34.42241 1.01433e-02 -1.40895e-06 9.13651e-06 -1.41928e-04 103 113.46898 0.22598
SN: sn2006bh 5 0 NULL 1 0.01090 0.00001 0.01070 0.00001 0.01070 0.00001 0 0 2.30000e-02 -9 -9 -9 -9 217.14757 217.14754 180.95676 53833.957 0.051 0.80317 0.30000 -2.59223e-02 1.53062e-02 3.10000 0 33.49815 9.70207e-03 6.50145e-06 -5.67338e-06 -1.04022e-04 84 143.09370 6.23037e-05
SN: sn2006bt 5 0 NULL 1 0.03220 0.00001 0.03070 0.00001 0.03070 0.00001 0 0 4.20000e-02 -9 -9 -9 -9 217.14725 180.95616 155.10474 53858.211 0.067 1.18923 0.30000 0.64205 2.69530e-02 3.10000 0 35.24386 1.42546e-02 2.54054e-11 1.41124e-10 -2.68632e-04 48 1123.60913 0
SN: sn2006ej 5 0 NULL 1 0.02050 0.00001 0.02050 0.00001 0.02050 0.00001 0 0 3.00000e-02 -9 -9 -9 -9 155.10533 135.71690 135.71681 53977.004 0.216 0.81299 0.30000 -5.17055e-03 2.75931e-02 3.10000 0 34.85901 2.32968e-02 -5.00021e-05 2.70349e-05 -5.04356e-04 36 44.28816 0.16163
SN: sn2006kf 5 0 NULL 1 0.02130 0.00001 0.01940 0.00001 0.01940 0.00001 0 0 0.21000 -9 -9 -9 -9 180.95656 155.10564 155.10548 54041.699 0.083 0.73294 0.30000 0.92704 0.15582 3.10000 0 34.61823 7.90638e-02 9.31478e-06 -9.83735e-06 -1.22088e-02 67 132.60898 3.22276e-06
SN: sn2007A 5 0 NULL 1 0.01770 0.00001 0.01720 0.00001 0.01720 0.00001 0 0 6.30000e-02 -9 -9 -9 -9 217.14761 180.95624 180.95621 54113.320 0.050 1.02769 0.30000 0.50857 3.39571e-02 3.10000 0 34.13938 1.32599e-02 1.41431e-07 5.09556e-07 -2.61968e-04 36 55.29036 2.08685e-02
SN: sn2007ai 5 0 NULL 1 0.03170 0.00001 0.03270 0.00001 0.03270 0.00001 0 0 0.28600 -9 -9 -9 -9 135.71706 90.47811 90.47798 54172.820 0.220 1.24903 1.18154e-02 0.47097 0.11977 3.10000 0 35.50682 2.21414e-02 -2.44429e-04 9.95931e-05 -1.80821e-03 54 44.69237 0.83824
SN: sn2007as 5 0 NULL 1 0.01760 0.00001 0.01840 0.00001 0.01840 0.00001 0 0 0.12300 -9 -9 -9 -9 271.43448 217.14772 217.14694 54181.691 0.073 0.89846 0.30000 0.11024 4.89711e-02 3.10000 0 34.36798 1.32342e-02 -1.02178e-08 -1.30990e-09 -3.58380e-04 50 293.01559 4.33951e-36
SN: sn2007bc 5 0 NULL 1 0.02080 0.00001 0.02110 0.00001 0.02110 0.00001 0 0 1.90000e-02 -9 -9 -9 -9 180.95657 180.95645 180.95612 54200.863 0.055 0.86250 0.30000 0.18821 1.49492e-02 3.10000 0 34.71690 1.22753e-02 -4.92694e-06 8.53480e-06 -1.44932e-04 61 204.96022 1.85846e-17
SN: sn2007bd 5 0 NULL 1 0.03090 0.00001 0.03110 0.00001 0.03110 0.00001 0 0 2.90000e-02 -9 -9 -9 -9 217.14668 180.95673 180.95663 54207.285 0.032 0.88417 0.30000 -5.79425e-02 2.01752e-02 3.10000 0 35.74157 1.47840e-02 8.13620e-06 -7.60619e-07 -2.20442e-04 51 170.08736 9.94327e-15
SN: sn2007ca 5 0 NULL 1 0.01410 0.00001 0.01450 0.00001 0.01450 0.00001 0 0 5.70000e-02 -9 -9 -9 -9 271.43478 271.43472 271.43436 54227.762 0.048 1.05367 1.37050e-02 0.79615 3.03189e-02 3.10000 0 33.93520 1.15147e-02 -1.21567e-05 1.35952e-05 -2.06663e-04 56 120.74705 1.18566e-06
SN: sn2007jg 5 0 NULL 1 0.03710 0.00001 0.03800 0.00001 0.03800 0.00001 0 0 9.00000e-02 -9 -9 -9 -9 180.95601 155.10524 120.63734 54366.664 0.082 0.92997 1.08369e-02 9.48332e-02 4.11271e-02 3.10000 0 36.23549 1.35893e-02 -1.70973e-07 -6.48185e-07 -3.30733e-04 66 233.23555 1.61165e-20
SN: sn2007st 5 0 NULL 1 0.02120 0.00001 0.02110 0.00001 0.02110 0.00001 0 0 1.40000e-02 -9 -9 -9 -9 155.10539 155.10509 120.63748 54448.449 0.055 1.17077 0.30000 0.26141 1.78854e-02 3.10000 0 34.41913 1.75967e-02 -2.91159e-09 3.13495e-09 -2.86756e-04 52 1443.74512 0
SN: sn2008C 5 0 NULL 1 0.01660 0.00001 0.01750 0.00001 0.01750 0.00001 0 0 7.20000e-02 -9 -9 -9 -9 155.10529 135.71696 120.63721 54463.660 0.155 1.16154 0.30000 0.31913 3.94938e-02 3.10000 0 34.21524 1.80274e-02 9.24345e-07 -2.47422e-07 -4.59062e-04 46 320.11719 2.62884e-42
SN: sn2008ar 5 0 NULL 1 0.02610 0.00001 0.02900 0.00001 0.02900 0.00001 0 0 3.10000e-02 -9 -9 -9 -9 155.10548 135.71715 135.71715 54535.098 0.038 0.97205 2.00934e-02 6.95498e-02 1.96926e-02 3.10000 0 35.24876 1.27507e-02 5.89654e-06 8.84795e-06 -1.68170e-04 71 254.51331 1.73626e-22
SN: sn2008bc 5 0 NULL 1 0.01510 0.00001 0.01560 0.00001 0.01560 0.00001 0 0 0.22500 -9 -9 -9 -9 271.43472 271.43460 271.43457 54550.070 0.030 1.05250 1.24295e-02 -2.40587e-01 5.54821e-02 3.10000 0 34.21937 1.09602e-02 -5.31992e-05 6.95651e-06 -3.69821e-04 86 298.66992 2.84207e-25
SN: sn2008bf 5 0 NULL 1 0.02350 0.00001 0.02540 0.00001 0.02540 0.00001 0 0 3.00000e-02 -9 -9 -9 -9 180.95648 180.95610 180.95607 54555.125 0.031 1.03066 1.04759e-02 -2.69942e-01 1.75629e-02 3.10000 0 35.16104 9.64319e-03 1.05773e-06 8.83633e-06 -1.06366e-04 101 181.75542 1.49225e-06
SN: sn2008fl 5 0 NULL 1 0.01990 0.00001 0.01990 0.00001 0.01990 0.00001 0 0 0.15700 -9 -9 -9 -9 271.43484 271.43408 217.14766 54721.691 0.220 0.83068 0.30000 1.23100 0.13018 3.10000 0 34.03129 7.08299e-02 8.52137e-05 -6.60126e-05 -9.11672e-03 86 281.95917 1.10162e-22
SN: sn2008fr 5 0 NULL 1 0.03970 0.00001 0.03840 0.00001 0.03840 0.00001 0 0 4.00000e-02 -9 -9 -9 -9 155.10547 135.71643 120.63759 54733.543 0.143 1.05538 1.14584e-02 -2.17388e-01 2.79425e-02 3.10000 0 36.22975 1.68251e-02 -1.23487e-08 1.67778e-08 -3.47779e-04 63 168.20134 2.65772e-11
SN: sn2008gg 5 0 NULL 1 0.03200 0.00001 0.03110 0.00001 0.03110 0.00001 0 0 1.90000e-02 -9 -9 -9 -9 217.14673 217.14665 180.95621 54748.520 0.283 1.22648 1.03744e-02 4.59552e-02 2.27992e-02 3.10000 0 35.53428 1.64368e-02 -1.55296e-04 1.08872e-04 -3.31219e-04 86 569.51111 0
SN: sn2008gl 5 0 NULL 1 0.03400 0.00001 0.03320 0.00001 0.03320 0.00001 0 0 2.40000e-02 -9 -9 -9 -9 217.14769 217.14690 217.14680 54768.652 0.064 0.84168 0.30000 0.14373 1.56638e-02 3.10000 0 35.73717 1.05239e-02 4.60482e-06 -3.11210e-06 -1.17159e-04 79 207.37877 1.81634e-13
SN: sn2008gp 5 0 NULL 1 0.03340 0.00001 0.03350 0.00001 0.03350 0.00001 0 0 0.10400 -9 -9 -9 -9 180.95622 180.95592 180.95584 54779.523 0.030 0.97511 0.30000 -2.59047e-01 4.77448e-02 3.10000 0 35.77261 1.14463e-02 -1.19407e-05 5.87704e-06 -3.59124e-04 95 251.81621 3.91701e-16
SN: sn2008hj 5 0 NULL 1 0.03790 0.00001 0.03720 0.00001 0.03720 0.00001 0 0 3.00000e-02 -9 -9 -9 -9 180.95636 180.95596 180.95549 54801.895 0.032 1.01385 0.30000 -8.81623e-02 1.72156e-02 3.10000 0 36.00425 9.54807e-03 1.58133e-10 7.57046e-10 -1.06674e-04 76 245.77147 9.07187e-20
SN: sn2008hv 5 0 NULL 1 0.01260 0.00001 0.01400 0.00001 0.01400 0.00001 0 0 2.80000e-02 -9 -9 -9 -9 271.43509 271.43433 217.14752 54817.539 0.024 0.84788 0.30000 -1.15253e-01 1.74830e-02 3.10000 0 33.99425 9.75088e-03 7.90557e-06 -5.12837e-06 -1.13458e-04 91 290.30518 1.17323e-22
SN: sn2008ia 5 0 NULL 1 0.02190 0.00001 0.02250 0.00001 0.02250 0.00001 0 0 0.19500 -9 -9 -9 -9 180.95674 180.95609 135.71721 54813.316 0.091 0.84641 0.30000 0.36785 0.21229 3.10000 0 34.92538 8.47179e-02 -2.17359e-04 8.34165e-05 -1.78598e-02 67 139.19914 5.54853e-07
SN: sn2009D 5 0 NULL 1 0.02500 0.00001 0.02430 0.00001 0.02430 0.00001 0 0 4.40000e-02 -9 -9 -9 -9 271.43503 271.43481 271.43423 54841.129 0.038 1.17538 1.52100e-02 -1.39698e-01 2.36844e-02 3.10000 0 35.02300 9.52336e-03 -6.00622e-09 8.62486e-09 -1.35976e-04 101 220.00154 7.90626e-11
SN: sn2009aa 5 0 NULL 1 0.02730 0.00001 0.02870 0.00001 0.02870 0.00001 0 0 2.90000e-02 -9 -9 -9 -9 271.43500 217.14798 217.14796 54878.801 0.024 0.90067 0.30000 5.31146e-02 1.77070e-02 3.10000 0 35.34869 9.86476e-03 3.54927e-07 4.10920e-06 -1.13807e-04 91 155.40256 3.03939e-05
SN: sn2009ab 5 0 NULL 1 0.01120 0.00001 0.01030 0.00001 0.01030 0.00001 0 0 0.18400 -9 -9 -9 -9 271.43457 271.43402 271.43381 54883.793 0.053 0.86907 0.30000 0.58479 0.23189 3.10000 0 33.44454 8.89420e-02 -3.55202e-04 1.35847e-04 -2.05032e-02 46 101.32877 4.85806e-06
SN: sn2009ad 5 0 NULL 1 0.02840 0.00001 0.02870 0.00001 0.02870 0.00001 0 0 9.50000e-02 -9 -9 -9 -9 217.14844 217.14737 217.14699 54886.852 0.029 1.00866 1.11921e-02 -8.06914e-02 2.70978e-02 3.10000 0 35.35089 1.01598e-02 4.06952e-05 -1.62165e-06 -1.07319e-04 56 103.57493 1.14751e-04
SN: sn2009cz 5 0 NULL 1 0.02110 0.00001 0.02180 0.00001 0.02180 0.00001 0 0 2.20000e-02 -9 -9 -9 -9 180.95650 180.95636 155.10570 54943.266 0.053 1.17538 2.79988e-02 2.38304e-02 1.66244e-02 3.10000 0 34.79252 1.32535e-02 -7.83808e-09 7.75876e-09 -1.71237e-04 36 66.17098 1.60050e-03
