VARNAMES: CID MJD Tobs SIM_FLUXCAL FLUXCAL FLUXCAL_ERR DATAFLAG BAND CHI2 IFIT BAND_REST FLUX_REST KCOR AVWARP SIM_FLUX_REST 
OBS: 5999401  53756.711    15.91   7.7768e+02   1.0487e+03   1.3442e+02   1  J  5.34  1   J  8.43208e+17  -0.405  -0.398  1.00000e+11
OBS: 5999401  53756.719    15.92   7.7773e+02   6.1441e+02   1.5384e+02   1  J  0.35  1   J  4.93922e+17  -0.405  -0.398  1.00000e+11
OBS: 5999401  53773.648    32.85   1.4594e+03   1.1712e+03   1.4045e+02   1  J  1.06  1   J  8.00439e+17  -0.582  0.208  1.00000e+11
OBS: 5999401  53784.602    43.80   9.9423e+02   1.0057e+03   1.8338e+02   1  J  0.23  1   J  5.98602e+17  -0.732  -0.836  1.00000e+11
OBS: 5999401  53785.590    44.79   9.1064e+02   8.7674e+02   1.1917e+02   1  J  0.09  1   J  5.07336e+17  -0.762  -1.361  1.00000e+11
OBS: 5999401  53681.805   -59.00   0.0000e+00   0.0000e+00   0.0000e+00   0  J  0.00  1   !  -9.99000e+02  -99.000  -99.000  -999
OBS: 5999401  53683.805   -57.00   0.0000e+00   0.0000e+00   0.0000e+00   0  J  0.00  1   !  -9.99000e+02  -99.000  -99.000  -999
OBS: 5999401  53685.805   -55.00   0.0000e+00   0.0000e+00   0.0000e+00   0  J  0.00  1   !  -9.99000e+02  -99.000  -99.000  -999
OBS: 5999401  53687.805   -53.00   0.0000e+00   0.0000e+00   0.0000e+00   0  J  0.00  1   !  -9.99000e+02  -99.000  -99.000  -999
OBS: 5999401  53689.805   -51.00   0.0000e+00   0.0000e+00   0.0000e+00   0  J  0.00  1   !  -9.99000e+02  -99.000  -99.000  -999
OBS: 5999401  53691.805   -49.00   0.0000e+00   0.0000e+00   0.0000e+00   0  J  0.00  1   !  -9.99000e+02  -99.000  -99.000  -999
OBS: 5999401  53693.805   -47.00   0.0000e+00   0.0000e+00   0.0000e+00   0  J  0.00  1   !  -9.99000e+02  -99.000  -99.000  -999
OBS: 5999401  53695.805   -45.00   0.0000e+00   0.0000e+00   0.0000e+00   0  J  0.00  1   !  -9.99000e+02  -99.000  -99.000  -999
OBS: 5999401  53697.805   -43.00   0.0000e+00   0.0000e+00   0.0000e+00   0  J  0.00  1   !  -9.99000e+02  -99.000  -99.000  -999
OBS: 5999401  53699.805   -41.00   0.0000e+00   0.0000e+00   0.0000e+00   0  J  0.00  1   !  -9.99000e+02  -99.000  -99.000  -999
OBS: 5999401  53701.805   -39.00   0.0000e+00   0.0000e+00   0.0000e+00   0  J  0.00  1   !  -9.99000e+02  -99.000  -99.000  -999
OBS: 5999401  53703.805   -37.00   0.0000e+00   0.0000e+00   0.0000e+00   0  J  0.00  1   !  -9.99000e+02  -99.000  -99.000  -999
OBS: 5999401  53705.805   -35.00   0.0000e+00   0.0000e+00   0.0000e+00   0  J  0.00  1   !  -9.99000e+02  -99.000  -99.000  -999
OBS: 5999401  53707.805   -33.00   0.0000e+00   0.0000e+00   0.0000e+00   0  J  0.00  1   !  -9.99000e+02  -99.000  -99.000  -999
OBS: 5999401  53709.805   -31.00   0.0000e+00   0.0000e+00   0.0000e+00   0  J  0.00  1   !  -9.99000e+02  -99.000  -99.000  -999
OBS: 5999401  53711.805   -29.00   0.0000e+00   0.0000e+00   0.0000e+00   0  J  0.00  1   !  -9.99000e+02  -99.000  -99.000  -999
OBS: 5999401  53713.805   -27.00   0.0000e+00   0.0000e+00   0.0000e+00   0  J  0.00  1   !  -9.99000e+02  -99.000  -99.000  -999
OBS: 5999401  53715.805   -25.00   0.0000e+00   0.0000e+00   0.0000e+00   0  J  0.00  1   !  -9.99000e+02  -99.000  -99.000  -999
OBS: 5999401  53717.805   -23.00   0.0000e+00   0.0000e+00   0.0000e+00   0  J  0.00  1   !  -9.99000e+02  -99.000  -99.000  -999
OBS: 5999401  53719.805   -21.00   0.0000e+00   3.8154e+02   2.2965e+02   0  J  0.00  1   !  -9.99000e+02  -99.000  -99.000  -999
OBS: 5999401  53721.805   -19.00   0.0000e+00   4.6481e+02   2.7977e+02   0  J  0.00  1   !  -9.99000e+02  -99.000  -99.000  -999
OBS: 5999401  53723.805   -17.00   0.0000e+00   4.6603e+02   2.8051e+02   0  J  0.00  1   !  -9.99000e+02  -99.000  -99.000  -999
OBS: 5999401  53725.805   -15.00   0.0000e+00   7.5405e+02   1.4996e+02   0  J  0.00  1   !  -9.99000e+02  -99.000  -99.000  -999
OBS: 5999401  53727.805   -13.00   0.0000e+00   1.3301e+03   7.2035e+01   0  J  0.00  1   !  -9.99000e+02  -99.000  -99.000  -999
OBS: 5999401  53729.805   -11.00   0.0000e+00   1.8803e+03   6.4020e+01   0  J  0.00  1   !  -9.99000e+02  -99.000  -99.000  -999
OBS: 5999401  53731.805    -9.00   0.0000e+00   2.3085e+03   6.3811e+01   0  J  0.00  1   !  -9.99000e+02  -99.000  -99.000  -999
OBS: 5999401  53733.805    -7.00   0.0000e+00   2.5686e+03   4.5826e+01   0  J  0.00  1   !  -9.99000e+02  -99.000  -99.000  -999
OBS: 5999401  53735.805    -5.00   0.0000e+00   2.6784e+03   4.0157e+01   0  J  0.00  1   !  -9.99000e+02  -99.000  -99.000  -999
OBS: 5999401  53737.805    -3.00   0.0000e+00   2.6196e+03   4.1970e+01   0  J  0.00  1   !  -9.99000e+02  -99.000  -99.000  -999
OBS: 5999401  53739.805    -1.00   0.0000e+00   2.4493e+03   4.4092e+01   0  J  0.00  1   !  -9.99000e+02  -99.000  -99.000  -999
OBS: 5999401  53741.805     1.00   0.0000e+00   2.1609e+03   4.2080e+01   0  J  0.00  1   !  -9.99000e+02  -99.000  -99.000  -999
OBS: 5999401  53743.805     3.00   0.0000e+00   1.8451e+03   4.0806e+01   0  J  0.00  1   !  -9.99000e+02  -99.000  -99.000  -999
OBS: 5999401  53745.805     5.00   0.0000e+00   1.5605e+03   3.9952e+01   0  J  0.00  1   !  -9.99000e+02  -99.000  -99.000  -999
OBS: 5999401  53747.805     7.00   0.0000e+00   1.2741e+03   4.1095e+01   0  J  0.00  1   !  -9.99000e+02  -99.000  -99.000  -999
OBS: 5999401  53749.805     9.00   0.0000e+00   1.0148e+03   4.4916e+01   0  J  0.00  1   !  -9.99000e+02  -99.000  -99.000  -999
OBS: 5999401  53751.805    11.00   0.0000e+00   8.2641e+02   5.0571e+01   0  J  0.00  1   !  -9.99000e+02  -99.000  -99.000  -999
OBS: 5999401  53753.805    13.00   0.0000e+00   7.2107e+02   5.4420e+01   0  J  0.00  1   !  -9.99000e+02  -99.000  -99.000  -999
OBS: 5999401  53755.805    15.00   0.0000e+00   7.0665e+02   5.6342e+01   0  J  0.00  1   !  -9.99000e+02  -99.000  -99.000  -999
OBS: 5999401  53757.805    17.00   0.0000e+00   7.2288e+02   6.1384e+01   0  J  0.00  1   !  -9.99000e+02  -99.000  -99.000  -999
OBS: 5999401  53759.805    19.00   0.0000e+00   7.6311e+02   6.8559e+01   0  J  0.00  1   !  -9.99000e+02  -99.000  -99.000  -999
OBS: 5999401  53761.805    21.00   0.0000e+00   8.1428e+02   6.6083e+01   0  J  0.00  1   !  -9.99000e+02  -99.000  -99.000  -999
OBS: 5999401  53763.805    23.00   0.0000e+00   9.0321e+02   6.9482e+01   0  J  0.00  1   !  -9.99000e+02  -99.000  -99.000  -999
OBS: 5999401  53765.805    25.00   0.0000e+00   1.0210e+03   7.2913e+01   0  J  0.00  1   !  -9.99000e+02  -99.000  -99.000  -999
OBS: 5999401  53767.805    27.00   0.0000e+00   1.1345e+03   6.8048e+01   0  J  0.00  1   !  -9.99000e+02  -99.000  -99.000  -999
OBS: 5999401  53769.805    29.00   0.0000e+00   1.2324e+03   7.3616e+01   0  J  0.00  1   !  -9.99000e+02  -99.000  -99.000  -999
OBS: 5999401  53771.805    31.00   0.0000e+00   1.2915e+03   7.9326e+01   0  J  0.00  1   !  -9.99000e+02  -99.000  -99.000  -999
OBS: 5999401  53773.805    33.00   0.0000e+00   1.3383e+03   7.3377e+01   0  J  0.00  1   !  -9.99000e+02  -99.000  -99.000  -999
OBS: 5999401  53775.805    35.00   0.0000e+00   1.3927e+03   7.2287e+01   0  J  0.00  1   !  -9.99000e+02  -99.000  -99.000  -999
OBS: 5999401  53777.805    37.00   0.0000e+00   1.3927e+03   7.4285e+01   0  J  0.00  1   !  -9.99000e+02  -99.000  -99.000  -999
OBS: 5999401  53779.805    39.00   0.0000e+00   1.3018e+03   8.8059e+01   0  J  0.00  1   !  -9.99000e+02  -99.000  -99.000  -999
OBS: 5999401  53781.805    41.00   0.0000e+00   1.1485e+03   9.3881e+01   0  J  0.00  1   !  -9.99000e+02  -99.000  -99.000  -999
OBS: 5999401  53783.805    43.00   0.0000e+00   9.7540e+02   9.2038e+01   0  J  0.00  1   !  -9.99000e+02  -99.000  -99.000  -999
OBS: 5999401  53785.805    45.00   0.0000e+00   8.1628e+02   9.2477e+01   0  J  0.00  1   !  -9.99000e+02  -99.000  -99.000  -999
OBS: 5999401  53787.805    47.00   0.0000e+00   7.1881e+02   9.6354e+01   0  J  0.00  1   !  -9.99000e+02  -99.000  -99.000  -999
OBS: 5999401  53789.805    49.00   0.0000e+00   6.6582e+02   9.9170e+01   0  J  0.00  1   !  -9.99000e+02  -99.000  -99.000  -999
OBS: 5999401  53791.805    51.00   0.0000e+00   6.1498e+02   1.2569e+02   0  J  0.00  1   !  -9.99000e+02  -99.000  -99.000  -999
OBS: 5999401  53793.805    53.00   0.0000e+00   5.5454e+02   1.6215e+02   0  J  0.00  1   !  -9.99000e+02  -99.000  -99.000  -999
OBS: 5999401  53795.805    55.00   0.0000e+00   4.9724e+02   2.9929e+02   0  J  0.00  1   !  -9.99000e+02  -99.000  -99.000  -999
OBS: 5999401  53797.805    57.00   0.0000e+00   4.5089e+02   2.7140e+02   0  J  0.00  1   !  -9.99000e+02  -99.000  -99.000  -999
OBS: 5999401  53799.805    59.00   0.0000e+00   3.9928e+02   2.4033e+02   0  J  0.00  1   !  -9.99000e+02  -99.000  -99.000  -999
OBS: 5999401  53801.805    61.00   0.0000e+00   3.5351e+02   2.1278e+02   0  J  0.00  1   !  -9.99000e+02  -99.000  -99.000  -999
OBS: 5999401  53803.805    63.00   0.0000e+00   3.1467e+02   1.8941e+02   0  J  0.00  1   !  -9.99000e+02  -99.000  -99.000  -999
OBS: 5999401  53805.805    65.00   0.0000e+00   2.7247e+02   1.6400e+02   0  J  0.00  1   !  -9.99000e+02  -99.000  -99.000  -999
OBS: 5999401  53807.805    67.00   0.0000e+00   2.1913e+02   1.3190e+02   0  J  0.00  1   !  -9.99000e+02  -99.000  -99.000  -999
OBS: 5999401  53809.805    69.00   0.0000e+00   1.8306e+02   1.1018e+02   0  J  0.00  1   !  -9.99000e+02  -99.000  -99.000  -999
OBS: 5999401  53811.805    71.00   0.0000e+00   1.5668e+02   9.4308e+01   0  J  0.00  1   !  -9.99000e+02  -99.000  -99.000  -999
OBS: 5999401  53813.805    73.00   0.0000e+00   1.3525e+02   8.1409e+01   0  J  0.00  1   !  -9.99000e+02  -99.000  -99.000  -999
OBS: 5999401  53815.805    75.00   0.0000e+00   1.1631e+02   7.0010e+01   0  J  0.00  1   !  -9.99000e+02  -99.000  -99.000  -999
OBS: 5999401  53817.805    77.00   0.0000e+00   9.8518e+01   5.9299e+01   0  J  0.00  1   !  -9.99000e+02  -99.000  -99.000  -999
OBS: 5999401  53819.805    79.00   0.0000e+00   8.1261e+01   4.8912e+01   0  J  0.00  1   !  -9.99000e+02  -99.000  -99.000  -999
OBS: 5999401  53821.805    81.00   0.0000e+00   7.1291e+01   4.2911e+01   0  J  0.00  1   !  -9.99000e+02  -99.000  -99.000  -999
OBS: 5999401  53823.805    83.00   0.0000e+00   6.3528e+01   3.8238e+01   0  J  0.00  1   !  -9.99000e+02  -99.000  -99.000  -999
OBS: 5999401  53825.805    85.00   0.0000e+00   5.6557e+01   3.4042e+01   0  J  0.00  1   !  -9.99000e+02  -99.000  -99.000  -999
OBS: 5999401  53827.805    87.00   0.0000e+00   5.0296e+01   3.0273e+01   0  J  0.00  1   !  -9.99000e+02  -99.000  -99.000  -999
OBS: 5999401  53829.805    89.00   0.0000e+00   4.4632e+01   2.6864e+01   0  J  0.00  1   !  -9.99000e+02  -99.000  -99.000  -999
OBS: 5999401  53831.805    91.00   0.0000e+00   3.9477e+01   2.3761e+01   0  J  0.00  1   !  -9.99000e+02  -99.000  -99.000  -999
OBS: 5999401  53833.805    93.00   0.0000e+00   3.5497e+01   2.1366e+01   0  J  0.00  1   !  -9.99000e+02  -99.000  -99.000  -999
OBS: 5999401  53835.805    95.00   0.0000e+00   3.1968e+01   1.9242e+01   0  J  0.00  1   !  -9.99000e+02  -99.000  -99.000  -999
OBS: 5999401  53837.805    97.00   0.0000e+00   2.8791e+01   1.7330e+01   0  J  0.00  1   !  -9.99000e+02  -99.000  -99.000  -999
OBS: 5999401  53839.805    99.00   0.0000e+00   2.5931e+01   1.5608e+01   0  J  0.00  1   !  -9.99000e+02  -99.000  -99.000  -999
OBS: 5999401  53841.805   101.00   0.0000e+00   2.3356e+01   1.4058e+01   0  J  0.00  1   !  -9.99000e+02  -99.000  -99.000  -999
OBS: 5999401  53843.805   103.00   0.0000e+00   2.1038e+01   1.2663e+01   0  J  0.00  1   !  -9.99000e+02  -99.000  -99.000  -999
OBS: 5999401  53845.805   105.00   0.0000e+00   1.8951e+01   1.1407e+01   0  J  0.00  1   !  -9.99000e+02  -99.000  -99.000  -999
OBS: 5999401  53847.805   107.00   0.0000e+00   1.7071e+01   1.0275e+01   0  J  0.00  1   !  -9.99000e+02  -99.000  -99.000  -999
OBS: 5999401  53849.805   109.00   0.0000e+00   1.5379e+01   9.2566e+00   0  J  0.00  1   !  -9.99000e+02  -99.000  -99.000  -999
OBS: 5999401  53851.805   111.00   0.0000e+00   1.3855e+01   8.3392e+00   0  J  0.00  1   !  -9.99000e+02  -99.000  -99.000  -999
OBS: 5999401  53853.805   113.00   0.0000e+00   1.2482e+01   7.5131e+00   0  J  0.00  1   !  -9.99000e+02  -99.000  -99.000  -999
OBS: 5999401  53855.805   115.00   0.0000e+00   1.1246e+01   6.7691e+00   0  J  0.00  1   !  -9.99000e+02  -99.000  -99.000  -999
OBS: 5999401  53857.805   117.00   0.0000e+00   1.0133e+01   6.0990e+00   0  J  0.00  1   !  -9.99000e+02  -99.000  -99.000  -999
OBS: 5999401  53859.805   119.00   0.0000e+00   9.1300e+00   5.4955e+00   0  J  0.00  1   !  -9.99000e+02  -99.000  -99.000  -999
OBS: 5999401  53861.805   121.00   0.0000e+00   8.2269e+00   4.9519e+00   0  J  0.00  1   !  -9.99000e+02  -99.000  -99.000  -999
OBS: 5999401  53863.805   123.00   0.0000e+00   7.4135e+00   4.4623e+00   0  J  0.00  1   !  -9.99000e+02  -99.000  -99.000  -999
OBS: 5999401  53865.805   125.00   0.0000e+00   6.6808e+00   4.0212e+00   0  J  0.00  1   !  -9.99000e+02  -99.000  -99.000  -999
OBS: 5999401  53867.805   127.00   0.0000e+00   6.0207e+00   3.6239e+00   0  J  0.00  1   !  -9.99000e+02  -99.000  -99.000  -999
OBS: 5999401  53869.805   129.00   0.0000e+00   5.4261e+00   3.2660e+00   0  J  0.00  1   !  -9.99000e+02  -99.000  -99.000  -999
OBS: 5999401  53871.805   131.00   0.0000e+00   4.8904e+00   2.9436e+00   0  J  0.00  1   !  -9.99000e+02  -99.000  -99.000  -999
OBS: 5999401  53873.805   133.00   0.0000e+00   4.4078e+00   2.6531e+00   0  J  0.00  1   !  -9.99000e+02  -99.000  -99.000  -999
OBS: 5999401  53875.805   135.00   0.0000e+00   3.9730e+00   2.3914e+00   0  J  0.00  1   !  -9.99000e+02  -99.000  -99.000  -999
OBS: 5999401  53877.805   137.00   0.0000e+00   3.5812e+00   2.1556e+00   0  J  0.00  1   !  -9.99000e+02  -99.000  -99.000  -999
OBS: 5999401  53879.805   139.00   0.0000e+00   3.2282e+00   1.9431e+00   0  J  0.00  1   !  -9.99000e+02  -99.000  -99.000  -999
OBS: 5999401  53782.602    41.80   1.9467e+03   1.5301e+03   4.2064e+02   1  Y  1.08  1   Y  1.73812e+18  -0.030  -0.231  1.00000e+11
OBS: 5999401  53782.609    41.81   1.9457e+03   1.5820e+03   4.3439e+02   1  Y  0.78  1   Y  1.79703e+18  -0.030  -0.231  1.00000e+11
OBS: 5999401  53789.590    48.79   1.3574e+03   8.4097e+02   6.5041e+02  -1  Y  0.67  1   !  -9.99000e+02  -99.000  -99.000  -999
OBS: 5999401  53789.602    48.80   1.3567e+03   1.1589e+03   4.9924e+02  -1  Y  0.18  1   !  -9.99000e+02  -99.000  -99.000  -999
OBS: 5999401  53797.539    56.74   8.3196e+02   9.5620e+02   4.7463e+02  -1  Y  0.03  1   !  -9.99000e+02  -99.000  -99.000  -999
OBS: 5999401  53681.805   -59.00   0.0000e+00   0.0000e+00   0.0000e+00   0  Y  0.00  1   !  -9.99000e+02  -99.000  -99.000  -999
OBS: 5999401  53683.805   -57.00   0.0000e+00   0.0000e+00   0.0000e+00   0  Y  0.00  1   !  -9.99000e+02  -99.000  -99.000  -999
OBS: 5999401  53685.805   -55.00   0.0000e+00   0.0000e+00   0.0000e+00   0  Y  0.00  1   !  -9.99000e+02  -99.000  -99.000  -999
OBS: 5999401  53687.805   -53.00   0.0000e+00   0.0000e+00   0.0000e+00   0  Y  0.00  1   !  -9.99000e+02  -99.000  -99.000  -999
OBS: 5999401  53689.805   -51.00   0.0000e+00   0.0000e+00   0.0000e+00   0  Y  0.00  1   !  -9.99000e+02  -99.000  -99.000  -999
OBS: 5999401  53691.805   -49.00   0.0000e+00   0.0000e+00   0.0000e+00   0  Y  0.00  1   !  -9.99000e+02  -99.000  -99.000  -999
OBS: 5999401  53693.805   -47.00   0.0000e+00   0.0000e+00   0.0000e+00   0  Y  0.00  1   !  -9.99000e+02  -99.000  -99.000  -999
OBS: 5999401  53695.805   -45.00   0.0000e+00   0.0000e+00   0.0000e+00   0  Y  0.00  1   !  -9.99000e+02  -99.000  -99.000  -999
OBS: 5999401  53697.805   -43.00   0.0000e+00   0.0000e+00   0.0000e+00   0  Y  0.00  1   !  -9.99000e+02  -99.000  -99.000  -999
OBS: 5999401  53699.805   -41.00   0.0000e+00   0.0000e+00   0.0000e+00   0  Y  0.00  1   !  -9.99000e+02  -99.000  -99.000  -999
OBS: 5999401  53701.805   -39.00   0.0000e+00   0.0000e+00   0.0000e+00   0  Y  0.00  1   !  -9.99000e+02  -99.000  -99.000  -999
OBS: 5999401  53703.805   -37.00   0.0000e+00   0.0000e+00   0.0000e+00   0  Y  0.00  1   !  -9.99000e+02  -99.000  -99.000  -999
OBS: 5999401  53705.805   -35.00   0.0000e+00   0.0000e+00   0.0000e+00   0  Y  0.00  1   !  -9.99000e+02  -99.000  -99.000  -999
OBS: 5999401  53707.805   -33.00   0.0000e+00   0.0000e+00   0.0000e+00   0  Y  0.00  1   !  -9.99000e+02  -99.000  -99.000  -999
OBS: 5999401  53709.805   -31.00   0.0000e+00   0.0000e+00   0.0000e+00   0  Y  0.00  1   !  -9.99000e+02  -99.000  -99.000  -999
OBS: 5999401  53711.805   -29.00   0.0000e+00   0.0000e+00   0.0000e+00   0  Y  0.00  1   !  -9.99000e+02  -99.000  -99.000  -999
OBS: 5999401  53713.805   -27.00   0.0000e+00   0.0000e+00   0.0000e+00   0  Y  0.00  1   !  -9.99000e+02  -99.000  -99.000  -999
OBS: 5999401  53715.805   -25.00   0.0000e+00   0.0000e+00   0.0000e+00   0  Y  0.00  1   !  -9.99000e+02  -99.000  -99.000  -999
OBS: 5999401  53717.805   -23.00   0.0000e+00   0.0000e+00   0.0000e+00   0  Y  0.00  1   !  -9.99000e+02  -99.000  -99.000  -999
OBS: 5999401  53719.805   -21.00   0.0000e+00   3.8357e+02   2.3088e+02   0  Y  0.00  1   !  -9.99000e+02  -99.000  -99.000  -999
OBS: 5999401  53721.805   -19.00   0.0000e+00   2.9902e+02   1.7998e+02   0  Y  0.00  1   !  -9.99000e+02  -99.000  -99.000  -999
OBS: 5999401  53723.805   -17.00   0.0000e+00   2.9763e+02   1.7915e+02   0  Y  0.00  1   !  -9.99000e+02  -99.000  -99.000  -999
OBS: 5999401  53725.805   -15.00   0.0000e+00   5.8218e+02   1.0565e+02   0  Y  0.00  1   !  -9.99000e+02  -99.000  -99.000  -999
OBS: 5999401  53727.805   -13.00   0.0000e+00   1.0955e+03   6.6717e+01   0  Y  0.00  1   !  -9.99000e+02  -99.000  -99.000  -999
OBS: 5999401  53729.805   -11.00   0.0000e+00   1.6091e+03   6.1739e+01   0  Y  0.00  1   !  -9.99000e+02  -99.000  -99.000  -999
OBS: 5999401  53731.805    -9.00   0.0000e+00   2.0873e+03   6.2316e+01   0  Y  0.00  1   !  -9.99000e+02  -99.000  -99.000  -999
OBS: 5999401  53733.805    -7.00   0.0000e+00   2.5149e+03   5.5582e+01   0  Y  0.00  1   !  -9.99000e+02  -99.000  -99.000  -999
OBS: 5999401  53735.805    -5.00   0.0000e+00   2.7257e+03   5.4110e+01   0  Y  0.00  1   !  -9.99000e+02  -99.000  -99.000  -999
OBS: 5999401  53737.805    -3.00   0.0000e+00   2.6875e+03   6.2267e+01   0  Y  0.00  1   !  -9.99000e+02  -99.000  -99.000  -999
OBS: 5999401  53739.805    -1.00   0.0000e+00   2.3931e+03   6.2764e+01   0  Y  0.00  1   !  -9.99000e+02  -99.000  -99.000  -999
OBS: 5999401  53741.805     1.00   0.0000e+00   2.0751e+03   5.7690e+01   0  Y  0.00  1   !  -9.99000e+02  -99.000  -99.000  -999
OBS: 5999401  53743.805     3.00   0.0000e+00   1.8818e+03   6.1813e+01   0  Y  0.00  1   !  -9.99000e+02  -99.000  -99.000  -999
OBS: 5999401  53745.805     5.00   0.0000e+00   1.7171e+03   6.6754e+01   0  Y  0.00  1   !  -9.99000e+02  -99.000  -99.000  -999
OBS: 5999401  53747.805     7.00   0.0000e+00   1.5616e+03   6.8390e+01   0  Y  0.00  1   !  -9.99000e+02  -99.000  -99.000  -999
OBS: 5999401  53749.805     9.00   0.0000e+00   1.4700e+03   6.7438e+01   0  Y  0.00  1   !  -9.99000e+02  -99.000  -99.000  -999
OBS: 5999401  53751.805    11.00   0.0000e+00   1.4350e+03   6.4490e+01   0  Y  0.00  1   !  -9.99000e+02  -99.000  -99.000  -999
OBS: 5999401  53753.805    13.00   0.0000e+00   1.4377e+03   6.6060e+01   0  Y  0.00  1   !  -9.99000e+02  -99.000  -99.000  -999
OBS: 5999401  53755.805    15.00   0.0000e+00   1.5202e+03   6.8464e+01   0  Y  0.00  1   !  -9.99000e+02  -99.000  -99.000  -999
OBS: 5999401  53757.805    17.00   0.0000e+00   1.6594e+03   7.0623e+01   0  Y  0.00  1   !  -9.99000e+02  -99.000  -99.000  -999
OBS: 5999401  53759.805    19.00   0.0000e+00   1.7919e+03   7.5884e+01   0  Y  0.00  1   !  -9.99000e+02  -99.000  -99.000  -999
OBS: 5999401  53761.805    21.00   0.0000e+00   1.8985e+03   8.3775e+01   0  Y  0.00  1   !  -9.99000e+02  -99.000  -99.000  -999
OBS: 5999401  53763.805    23.00   0.0000e+00   1.9294e+03   8.8515e+01   0  Y  0.00  1   !  -9.99000e+02  -99.000  -99.000  -999
OBS: 5999401  53765.805    25.00   0.0000e+00   2.0205e+03   8.7046e+01   0  Y  0.00  1   !  -9.99000e+02  -99.000  -99.000  -999
OBS: 5999401  53767.805    27.00   0.0000e+00   2.3118e+03   8.1746e+01   0  Y  0.00  1   !  -9.99000e+02  -99.000  -99.000  -999
OBS: 5999401  53769.805    29.00   0.0000e+00   2.6056e+03   7.6118e+01   0  Y  0.00  1   !  -9.99000e+02  -99.000  -99.000  -999
OBS: 5999401  53771.805    31.00   0.0000e+00   2.6986e+03   7.3111e+01   0  Y  0.00  1   !  -9.99000e+02  -99.000  -99.000  -999
OBS: 5999401  53773.805    33.00   0.0000e+00   2.6758e+03   6.8294e+01   0  Y  0.00  1   !  -9.99000e+02  -99.000  -99.000  -999
OBS: 5999401  53775.805    35.00   0.0000e+00   2.5551e+03   6.4722e+01   0  Y  0.00  1   !  -9.99000e+02  -99.000  -99.000  -999
OBS: 5999401  53777.805    37.00   0.0000e+00   2.3781e+03   6.1237e+01   0  Y  0.00  1   !  -9.99000e+02  -99.000  -99.000  -999
OBS: 5999401  53779.805    39.00   0.0000e+00   2.2218e+03   6.0702e+01   0  Y  0.00  1   !  -9.99000e+02  -99.000  -99.000  -999
OBS: 5999401  53781.805    41.00   0.0000e+00   2.0512e+03   5.9683e+01   0  Y  0.00  1   !  -9.99000e+02  -99.000  -99.000  -999
OBS: 5999401  53783.805    43.00   0.0000e+00   1.8437e+03   6.1391e+01   0  Y  0.00  1   !  -9.99000e+02  -99.000  -99.000  -999
OBS: 5999401  53785.805    45.00   0.0000e+00   1.6474e+03   6.4054e+01   0  Y  0.00  1   !  -9.99000e+02  -99.000  -99.000  -999
OBS: 5999401  53787.805    47.00   0.0000e+00   1.4925e+03   5.4427e+01   0  Y  0.00  1   !  -9.99000e+02  -99.000  -99.000  -999
OBS: 5999401  53789.805    49.00   0.0000e+00   1.3592e+03   4.7562e+01   0  Y  0.00  1   !  -9.99000e+02  -99.000  -99.000  -999
OBS: 5999401  53791.805    51.00   0.0000e+00   1.2240e+03   4.9235e+01   0  Y  0.00  1   !  -9.99000e+02  -99.000  -99.000  -999
OBS: 5999401  53793.805    53.00   0.0000e+00   1.0887e+03   5.4396e+01   0  Y  0.00  1   !  -9.99000e+02  -99.000  -99.000  -999
OBS: 5999401  53795.805    55.00   0.0000e+00   9.5308e+02   5.7367e+02   0  Y  0.00  1   !  -9.99000e+02  -99.000  -99.000  -999
OBS: 5999401  53797.805    57.00   0.0000e+00   8.3010e+02   4.9965e+02   0  Y  0.00  1   !  -9.99000e+02  -99.000  -99.000  -999
OBS: 5999401  53799.805    59.00   0.0000e+00   7.6109e+02   4.5811e+02   0  Y  0.00  1   !  -9.99000e+02  -99.000  -99.000  -999
OBS: 5999401  53801.805    61.00   0.0000e+00   7.0003e+02   4.2136e+02   0  Y  0.00  1   !  -9.99000e+02  -99.000  -99.000  -999
OBS: 5999401  53803.805    63.00   0.0000e+00   6.4994e+02   3.9121e+02   0  Y  0.00  1   !  -9.99000e+02  -99.000  -99.000  -999
OBS: 5999401  53805.805    65.00   0.0000e+00   5.9205e+02   3.5636e+02   0  Y  0.00  1   !  -9.99000e+02  -99.000  -99.000  -999
OBS: 5999401  53807.805    67.00   0.0000e+00   5.0343e+02   3.0302e+02   0  Y  0.00  1   !  -9.99000e+02  -99.000  -99.000  -999
OBS: 5999401  53809.805    69.00   0.0000e+00   4.3342e+02   2.6088e+02   0  Y  0.00  1   !  -9.99000e+02  -99.000  -99.000  -999
OBS: 5999401  53811.805    71.00   0.0000e+00   3.7995e+02   2.2869e+02   0  Y  0.00  1   !  -9.99000e+02  -99.000  -99.000  -999
OBS: 5999401  53813.805    73.00   0.0000e+00   3.3964e+02   2.0443e+02   0  Y  0.00  1   !  -9.99000e+02  -99.000  -99.000  -999
OBS: 5999401  53815.805    75.00   0.0000e+00   3.1006e+02   1.8663e+02   0  Y  0.00  1   !  -9.99000e+02  -99.000  -99.000  -999
OBS: 5999401  53817.805    77.00   0.0000e+00   2.8698e+02   1.7274e+02   0  Y  0.00  1   !  -9.99000e+02  -99.000  -99.000  -999
OBS: 5999401  53819.805    79.00   0.0000e+00   2.6896e+02   1.6189e+02   0  Y  0.00  1   !  -9.99000e+02  -99.000  -99.000  -999
OBS: 5999401  53821.805    81.00   0.0000e+00   2.4338e+02   1.4649e+02   0  Y  0.00  1   !  -9.99000e+02  -99.000  -99.000  -999
OBS: 5999401  53823.805    83.00   0.0000e+00   2.1853e+02   1.3153e+02   0  Y  0.00  1   !  -9.99000e+02  -99.000  -99.000  -999
OBS: 5999401  53825.805    85.00   0.0000e+00   1.9656e+02   1.1831e+02   0  Y  0.00  1   !  -9.99000e+02  -99.000  -99.000  -999
OBS: 5999401  53827.805    87.00   0.0000e+00   1.7709e+02   1.0659e+02   0  Y  0.00  1   !  -9.99000e+02  -99.000  -99.000  -999
OBS: 5999401  53829.805    89.00   0.0000e+00   1.5998e+02   9.6292e+01   0  Y  0.00  1   !  -9.99000e+02  -99.000  -99.000  -999
OBS: 5999401  53831.805    91.00   0.0000e+00   1.4500e+02   8.7279e+01   0  Y  0.00  1   !  -9.99000e+02  -99.000  -99.000  -999
OBS: 5999401  53833.805    93.00   0.0000e+00   1.2940e+02   7.7885e+01   0  Y  0.00  1   !  -9.99000e+02  -99.000  -99.000  -999
OBS: 5999401  53835.805    95.00   0.0000e+00   1.1530e+02   6.9401e+01   0  Y  0.00  1   !  -9.99000e+02  -99.000  -99.000  -999
OBS: 5999401  53837.805    97.00   0.0000e+00   1.0274e+02   6.1842e+01   0  Y  0.00  1   !  -9.99000e+02  -99.000  -99.000  -999
OBS: 5999401  53839.805    99.00   0.0000e+00   9.1550e+01   5.5105e+01   0  Y  0.00  1   !  -9.99000e+02  -99.000  -99.000  -999
OBS: 5999401  53841.805   101.00   0.0000e+00   8.1573e+01   4.9100e+01   0  Y  0.00  1   !  -9.99000e+02  -99.000  -99.000  -999
OBS: 5999401  53843.805   103.00   0.0000e+00   7.2682e+01   4.3748e+01   0  Y  0.00  1   !  -9.99000e+02  -99.000  -99.000  -999
OBS: 5999401  53845.805   105.00   0.0000e+00   6.4759e+01   3.8979e+01   0  Y  0.00  1   !  -9.99000e+02  -99.000  -99.000  -999
OBS: 5999401  53847.805   107.00   0.0000e+00   5.7699e+01   3.4729e+01   0  Y  0.00  1   !  -9.99000e+02  -99.000  -99.000  -999
OBS: 5999401  53849.805   109.00   0.0000e+00   5.1407e+01   3.0942e+01   0  Y  0.00  1   !  -9.99000e+02  -99.000  -99.000  -999
OBS: 5999401  53851.805   111.00   0.0000e+00   4.5800e+01   2.7568e+01   0  Y  0.00  1   !  -9.99000e+02  -99.000  -99.000  -999
OBS: 5999401  53853.805   113.00   0.0000e+00   4.0805e+01   2.4561e+01   0  Y  0.00  1   !  -9.99000e+02  -99.000  -99.000  -999
OBS: 5999401  53855.805   115.00   0.0000e+00   3.6357e+01   2.1884e+01   0  Y  0.00  1   !  -9.99000e+02  -99.000  -99.000  -999
OBS: 5999401  53857.805   117.00   0.0000e+00   3.2396e+01   1.9499e+01   0  Y  0.00  1   !  -9.99000e+02  -99.000  -99.000  -999
OBS: 5999401  53859.805   119.00   0.0000e+00   2.8862e+01   1.7372e+01   0  Y  0.00  1   !  -9.99000e+02  -99.000  -99.000  -999
OBS: 5999401  53861.805   121.00   0.0000e+00   2.5712e+01   1.5476e+01   0  Y  0.00  1   !  -9.99000e+02  -99.000  -99.000  -999
OBS: 5999401  53863.805   123.00   0.0000e+00   2.2905e+01   1.3787e+01   0  Y  0.00  1   !  -9.99000e+02  -99.000  -99.000  -999
OBS: 5999401  53865.805   125.00   0.0000e+00   2.0405e+01   1.2282e+01   0  Y  0.00  1   !  -9.99000e+02  -99.000  -99.000  -999
OBS: 5999401  53867.805   127.00   0.0000e+00   1.8177e+01   1.0941e+01   0  Y  0.00  1   !  -9.99000e+02  -99.000  -99.000  -999
OBS: 5999401  53869.805   129.00   0.0000e+00   1.6192e+01   9.7460e+00   0  Y  0.00  1   !  -9.99000e+02  -99.000  -99.000  -999
OBS: 5999401  53871.805   131.00   0.0000e+00   1.4423e+01   8.6816e+00   0  Y  0.00  1   !  -9.99000e+02  -99.000  -99.000  -999
OBS: 5999401  53873.805   133.00   0.0000e+00   1.2848e+01   7.7333e+00   0  Y  0.00  1   !  -9.99000e+02  -99.000  -99.000  -999
OBS: 5999401  53875.805   135.00   0.0000e+00   1.1447e+01   6.8902e+00   0  Y  0.00  1   !  -9.99000e+02  -99.000  -99.000  -999
OBS: 5999401  53877.805   137.00   0.0000e+00   1.0200e+01   6.1392e+00   0  Y  0.00  1   !  -9.99000e+02  -99.000  -99.000  -999
OBS: 5999401  53879.805   139.00   0.0000e+00   9.0853e+00   5.4686e+00   0  Y  0.00  1   !  -9.99000e+02  -99.000  -99.000  -999
OBS: 5999401  53756.711    15.91   1.4990e+03   1.3768e+03   1.3818e+02   1  y  0.87  1   Y  1.10767e+18  -0.405  -0.810  1.00000e+11
OBS: 5999401  53773.648    32.85   2.6858e+03   2.6795e+03   1.6734e+02   1  y  0.04  1   Y  2.58064e+18  -0.209  -0.559  1.00000e+11
OBS: 5999401  53784.578    43.78   1.8061e+03   1.7600e+03   1.6539e+02   1  y  0.13  1   Y  1.92919e+18  -0.069  -0.351  1.00000e+11
OBS: 5999401  53784.602    43.80   1.8041e+03   1.8926e+03   1.3663e+02   1  y  0.21  1   Y  2.07445e+18  -0.069  -0.352  1.00000e+11
OBS: 5999401  53785.590    44.79   1.7086e+03   1.7427e+03   1.1950e+02   1  y  0.01  1   Y  1.90802e+18  -0.070  -0.401  1.00000e+11
OBS: 5999401  53681.805   -59.00   0.0000e+00   0.0000e+00   0.0000e+00   0  y  0.00  1   !  -9.99000e+02  -99.000  -99.000  -999
OBS: 5999401  53683.805   -57.00   0.0000e+00   0.0000e+00   0.0000e+00   0  y  0.00  1   !  -9.99000e+02  -99.000  -99.000  -999
OBS: 5999401  53685.805   -55.00   0.0000e+00   0.0000e+00   0.0000e+00   0  y  0.00  1   !  -9.99000e+02  -99.000  -99.000  -999
OBS: 5999401  53687.805   -53.00   0.0000e+00   0.0000e+00   0.0000e+00   0  y  0.00  1   !  -9.99000e+02  -99.000  -99.000  -999
OBS: 5999401  53689.805   -51.00   0.0000e+00   0.0000e+00   0.0000e+00   0  y  0.00  1   !  -9.99000e+02  -99.000  -99.000  -999
OBS: 5999401  53691.805   -49.00   0.0000e+00   0.0000e+00   0.0000e+00   0  y  0.00  1   !  -9.99000e+02  -99.000  -99.000  -999
OBS: 5999401  53693.805   -47.00   0.0000e+00   0.0000e+00   0.0000e+00   0  y  0.00  1   !  -9.99000e+02  -99.000  -99.000  -999
OBS: 5999401  53695.805   -45.00   0.0000e+00   0.0000e+00   0.0000e+00   0  y  0.00  1   !  -9.99000e+02  -99.000  -99.000  -999
OBS: 5999401  53697.805   -43.00   0.0000e+00   0.0000e+00   0.0000e+00   0  y  0.00  1   !  -9.99000e+02  -99.000  -99.000  -999
OBS: 5999401  53699.805   -41.00   0.0000e+00   0.0000e+00   0.0000e+00   0  y  0.00  1   !  -9.99000e+02  -99.000  -99.000  -999
OBS: 5999401  53701.805   -39.00   0.0000e+00   0.0000e+00   0.0000e+00   0  y  0.00  1   !  -9.99000e+02  -99.000  -99.000  -999
OBS: 5999401  53703.805   -37.00   0.0000e+00   0.0000e+00   0.0000e+00   0  y  0.00  1   !  -9.99000e+02  -99.000  -99.000  -999
OBS: 5999401  53705.805   -35.00   0.0000e+00   0.0000e+00   0.0000e+00   0  y  0.00  1   !  -9.99000e+02  -99.000  -99.000  -999
OBS: 5999401  53707.805   -33.00   0.0000e+00   0.0000e+00   0.0000e+00   0  y  0.00  1   !  -9.99000e+02  -99.000  -99.000  -999
OBS: 5999401  53709.805   -31.00   0.0000e+00   0.0000e+00   0.0000e+00   0  y  0.00  1   !  -9.99000e+02  -99.000  -99.000  -999
OBS: 5999401  53711.805   -29.00   0.0000e+00   0.0000e+00   0.0000e+00   0  y  0.00  1   !  -9.99000e+02  -99.000  -99.000  -999
OBS: 5999401  53713.805   -27.00   0.0000e+00   0.0000e+00   0.0000e+00   0  y  0.00  1   !  -9.99000e+02  -99.000  -99.000  -999
OBS: 5999401  53715.805   -25.00   0.0000e+00   0.0000e+00   0.0000e+00   0  y  0.00  1   !  -9.99000e+02  -99.000  -99.000  -999
OBS: 5999401  53717.805   -23.00   0.0000e+00   0.0000e+00   0.0000e+00   0  y  0.00  1   !  -9.99000e+02  -99.000  -99.000  -999
OBS: 5999401  53719.805   -21.00   0.0000e+00   3.9081e+02   2.3524e+02   0  y  0.00  1   !  -9.99000e+02  -99.000  -99.000  -999
OBS: 5999401  53721.805   -19.00   0.0000e+00   3.0590e+02   1.8412e+02   0  y  0.00  1   !  -9.99000e+02  -99.000  -99.000  -999
OBS: 5999401  53723.805   -17.00   0.0000e+00   3.0436e+02   1.8320e+02   0  y  0.00  1   !  -9.99000e+02  -99.000  -99.000  -999
OBS: 5999401  53725.805   -15.00   0.0000e+00   5.8086e+02   1.0541e+02   0  y  0.00  1   !  -9.99000e+02  -99.000  -99.000  -999
OBS: 5999401  53727.805   -13.00   0.0000e+00   1.0832e+03   6.5966e+01   0  y  0.00  1   !  -9.99000e+02  -99.000  -99.000  -999
OBS: 5999401  53729.805   -11.00   0.0000e+00   1.5947e+03   6.1186e+01   0  y  0.00  1   !  -9.99000e+02  -99.000  -99.000  -999
OBS: 5999401  53731.805    -9.00   0.0000e+00   2.0794e+03   6.2081e+01   0  y  0.00  1   !  -9.99000e+02  -99.000  -99.000  -999
OBS: 5999401  53733.805    -7.00   0.0000e+00   2.5060e+03   5.5385e+01   0  y  0.00  1   !  -9.99000e+02  -99.000  -99.000  -999
OBS: 5999401  53735.805    -5.00   0.0000e+00   2.7014e+03   5.3626e+01   0  y  0.00  1   !  -9.99000e+02  -99.000  -99.000  -999
OBS: 5999401  53737.805    -3.00   0.0000e+00   2.6557e+03   6.1532e+01   0  y  0.00  1   !  -9.99000e+02  -99.000  -99.000  -999
OBS: 5999401  53739.805    -1.00   0.0000e+00   2.3519e+03   6.1683e+01   0  y  0.00  1   !  -9.99000e+02  -99.000  -99.000  -999
OBS: 5999401  53741.805     1.00   0.0000e+00   2.0273e+03   5.6361e+01   0  y  0.00  1   !  -9.99000e+02  -99.000  -99.000  -999
OBS: 5999401  53743.805     3.00   0.0000e+00   1.8308e+03   6.0138e+01   0  y  0.00  1   !  -9.99000e+02  -99.000  -99.000  -999
OBS: 5999401  53745.805     5.00   0.0000e+00   1.6645e+03   6.4711e+01   0  y  0.00  1   !  -9.99000e+02  -99.000  -99.000  -999
OBS: 5999401  53747.805     7.00   0.0000e+00   1.5143e+03   6.6319e+01   0  y  0.00  1   !  -9.99000e+02  -99.000  -99.000  -999
OBS: 5999401  53749.805     9.00   0.0000e+00   1.4265e+03   6.5444e+01   0  y  0.00  1   !  -9.99000e+02  -99.000  -99.000  -999
OBS: 5999401  53751.805    11.00   0.0000e+00   1.3867e+03   6.2324e+01   0  y  0.00  1   !  -9.99000e+02  -99.000  -99.000  -999
OBS: 5999401  53753.805    13.00   0.0000e+00   1.3858e+03   6.3674e+01   0  y  0.00  1   !  -9.99000e+02  -99.000  -99.000  -999
OBS: 5999401  53755.805    15.00   0.0000e+00   1.4631e+03   6.5890e+01   0  y  0.00  1   !  -9.99000e+02  -99.000  -99.000  -999
OBS: 5999401  53757.805    17.00   0.0000e+00   1.5941e+03   6.7842e+01   0  y  0.00  1   !  -9.99000e+02  -99.000  -99.000  -999
OBS: 5999401  53759.805    19.00   0.0000e+00   1.7205e+03   7.2862e+01   0  y  0.00  1   !  -9.99000e+02  -99.000  -99.000  -999
OBS: 5999401  53761.805    21.00   0.0000e+00   1.8247e+03   8.0521e+01   0  y  0.00  1   !  -9.99000e+02  -99.000  -99.000  -999
OBS: 5999401  53763.805    23.00   0.0000e+00   1.8662e+03   8.5618e+01   0  y  0.00  1   !  -9.99000e+02  -99.000  -99.000  -999
OBS: 5999401  53765.805    25.00   0.0000e+00   1.9684e+03   8.4801e+01   0  y  0.00  1   !  -9.99000e+02  -99.000  -99.000  -999
OBS: 5999401  53767.805    27.00   0.0000e+00   2.2669e+03   8.0157e+01   0  y  0.00  1   !  -9.99000e+02  -99.000  -99.000  -999
OBS: 5999401  53769.805    29.00   0.0000e+00   2.5751e+03   7.5227e+01   0  y  0.00  1   !  -9.99000e+02  -99.000  -99.000  -999
OBS: 5999401  53771.805    31.00   0.0000e+00   2.7032e+03   7.3236e+01   0  y  0.00  1   !  -9.99000e+02  -99.000  -99.000  -999
OBS: 5999401  53773.805    33.00   0.0000e+00   2.7152e+03   6.9299e+01   0  y  0.00  1   !  -9.99000e+02  -99.000  -99.000  -999
OBS: 5999401  53775.805    35.00   0.0000e+00   2.6109e+03   6.6136e+01   0  y  0.00  1   !  -9.99000e+02  -99.000  -99.000  -999
OBS: 5999401  53777.805    37.00   0.0000e+00   2.4456e+03   6.2975e+01   0  y  0.00  1   !  -9.99000e+02  -99.000  -99.000  -999
OBS: 5999401  53779.805    39.00   0.0000e+00   2.2934e+03   6.2660e+01   0  y  0.00  1   !  -9.99000e+02  -99.000  -99.000  -999
OBS: 5999401  53781.805    41.00   0.0000e+00   2.1204e+03   6.1698e+01   0  y  0.00  1   !  -9.99000e+02  -99.000  -99.000  -999
OBS: 5999401  53783.805    43.00   0.0000e+00   1.9077e+03   6.3521e+01   0  y  0.00  1   !  -9.99000e+02  -99.000  -99.000  -999
OBS: 5999401  53785.805    45.00   0.0000e+00   1.7061e+03   6.6337e+01   0  y  0.00  1   !  -9.99000e+02  -99.000  -99.000  -999
OBS: 5999401  53787.805    47.00   0.0000e+00   1.5478e+03   5.6444e+01   0  y  0.00  1   !  -9.99000e+02  -99.000  -99.000  -999
OBS: 5999401  53789.805    49.00   0.0000e+00   1.4116e+03   4.9392e+01   0  y  0.00  1   !  -9.99000e+02  -99.000  -99.000  -999
OBS: 5999401  53791.805    51.00   0.0000e+00   1.2719e+03   5.1163e+01   0  y  0.00  1   !  -9.99000e+02  -99.000  -99.000  -999
OBS: 5999401  53793.805    53.00   0.0000e+00   1.1315e+03   5.6537e+01   0  y  0.00  1   !  -9.99000e+02  -99.000  -99.000  -999
OBS: 5999401  53795.805    55.00   0.0000e+00   9.9072e+02   5.9632e+02   0  y  0.00  1   !  -9.99000e+02  -99.000  -99.000  -999
OBS: 5999401  53797.805    57.00   0.0000e+00   8.6253e+02   5.1917e+02   0  y  0.00  1   !  -9.99000e+02  -99.000  -99.000  -999
OBS: 5999401  53799.805    59.00   0.0000e+00   7.8883e+02   4.7481e+02   0  y  0.00  1   !  -9.99000e+02  -99.000  -99.000  -999
OBS: 5999401  53801.805    61.00   0.0000e+00   7.2389e+02   4.3572e+02   0  y  0.00  1   !  -9.99000e+02  -99.000  -99.000  -999
OBS: 5999401  53803.805    63.00   0.0000e+00   6.7069e+02   4.0370e+02   0  y  0.00  1   !  -9.99000e+02  -99.000  -99.000  -999
OBS: 5999401  53805.805    65.00   0.0000e+00   6.0957e+02   3.6691e+02   0  y  0.00  1   !  -9.99000e+02  -99.000  -99.000  -999
OBS: 5999401  53807.805    67.00   0.0000e+00   5.1781e+02   3.1168e+02   0  y  0.00  1   !  -9.99000e+02  -99.000  -99.000  -999
OBS: 5999401  53809.805    69.00   0.0000e+00   4.4573e+02   2.6829e+02   0  y  0.00  1   !  -9.99000e+02  -99.000  -99.000  -999
OBS: 5999401  53811.805    71.00   0.0000e+00   3.9079e+02   2.3522e+02   0  y  0.00  1   !  -9.99000e+02  -99.000  -99.000  -999
OBS: 5999401  53813.805    73.00   0.0000e+00   3.4940e+02   2.1030e+02   0  y  0.00  1   !  -9.99000e+02  -99.000  -99.000  -999
OBS: 5999401  53815.805    75.00   0.0000e+00   3.1904e+02   1.9204e+02   0  y  0.00  1   !  -9.99000e+02  -99.000  -99.000  -999
OBS: 5999401  53817.805    77.00   0.0000e+00   2.9538e+02   1.7779e+02   0  y  0.00  1   !  -9.99000e+02  -99.000  -99.000  -999
OBS: 5999401  53819.805    79.00   0.0000e+00   2.7697e+02   1.6671e+02   0  y  0.00  1   !  -9.99000e+02  -99.000  -99.000  -999
OBS: 5999401  53821.805    81.00   0.0000e+00   2.5063e+02   1.5085e+02   0  y  0.00  1   !  -9.99000e+02  -99.000  -99.000  -999
OBS: 5999401  53823.805    83.00   0.0000e+00   2.2500e+02   1.3543e+02   0  y  0.00  1   !  -9.99000e+02  -99.000  -99.000  -999
OBS: 5999401  53825.805    85.00   0.0000e+00   2.0235e+02   1.2180e+02   0  y  0.00  1   !  -9.99000e+02  -99.000  -99.000  -999
OBS: 5999401  53827.805    87.00   0.0000e+00   1.8230e+02   1.0973e+02   0  y  0.00  1   !  -9.99000e+02  -99.000  -99.000  -999
OBS: 5999401  53829.805    89.00   0.0000e+00   1.6468e+02   9.9123e+01   0  y  0.00  1   !  -9.99000e+02  -99.000  -99.000  -999
OBS: 5999401  53831.805    91.00   0.0000e+00   1.4929e+02   8.9857e+01   0  y  0.00  1   !  -9.99000e+02  -99.000  -99.000  -999
OBS: 5999401  53833.805    93.00   0.0000e+00   1.3324e+02   8.0197e+01   0  y  0.00  1   !  -9.99000e+02  -99.000  -99.000  -999
OBS: 5999401  53835.805    95.00   0.0000e+00   1.1874e+02   7.1471e+01   0  y  0.00  1   !  -9.99000e+02  -99.000  -99.000  -999
OBS: 5999401  53837.805    97.00   0.0000e+00   1.0582e+02   6.3696e+01   0  y  0.00  1   !  -9.99000e+02  -99.000  -99.000  -999
OBS: 5999401  53839.805    99.00   0.0000e+00   9.4309e+01   5.6766e+01   0  y  0.00  1   !  -9.99000e+02  -99.000  -99.000  -999
OBS: 5999401  53841.805   101.00   0.0000e+00   8.4044e+01   5.0587e+01   0  y  0.00  1   !  -9.99000e+02  -99.000  -99.000  -999
OBS: 5999401  53843.805   103.00   0.0000e+00   7.4895e+01   4.5080e+01   0  y  0.00  1   !  -9.99000e+02  -99.000  -99.000  -999
OBS: 5999401  53845.805   105.00   0.0000e+00   6.6741e+01   4.0172e+01   0  y  0.00  1   !  -9.99000e+02  -99.000  -99.000  -999
OBS: 5999401  53847.805   107.00   0.0000e+00   5.9474e+01   3.5798e+01   0  y  0.00  1   !  -9.99000e+02  -99.000  -99.000  -999
OBS: 5999401  53849.805   109.00   0.0000e+00   5.2997e+01   3.1899e+01   0  y  0.00  1   !  -9.99000e+02  -99.000  -99.000  -999
OBS: 5999401  53851.805   111.00   0.0000e+00   4.7225e+01   2.8425e+01   0  y  0.00  1   !  -9.99000e+02  -99.000  -99.000  -999
OBS: 5999401  53853.805   113.00   0.0000e+00   4.2080e+01   2.5329e+01   0  y  0.00  1   !  -9.99000e+02  -99.000  -99.000  -999
OBS: 5999401  53855.805   115.00   0.0000e+00   3.7499e+01   2.2571e+01   0  y  0.00  1   !  -9.99000e+02  -99.000  -99.000  -999
OBS: 5999401  53857.805   117.00   0.0000e+00   3.3419e+01   2.0115e+01   0  y  0.00  1   !  -9.99000e+02  -99.000  -99.000  -999
OBS: 5999401  53859.805   119.00   0.0000e+00   2.9778e+01   1.7924e+01   0  y  0.00  1   !  -9.99000e+02  -99.000  -99.000  -999
OBS: 5999401  53861.805   121.00   0.0000e+00   2.6533e+01   1.5970e+01   0  y  0.00  1   !  -9.99000e+02  -99.000  -99.000  -999
OBS: 5999401  53863.805   123.00   0.0000e+00   2.3641e+01   1.4230e+01   0  y  0.00  1   !  -9.99000e+02  -99.000  -99.000  -999
OBS: 5999401  53865.805   125.00   0.0000e+00   2.1063e+01   1.2678e+01   0  y  0.00  1   !  -9.99000e+02  -99.000  -99.000  -999
OBS: 5999401  53867.805   127.00   0.0000e+00   1.8767e+01   1.1296e+01   0  y  0.00  1   !  -9.99000e+02  -99.000  -99.000  -999
OBS: 5999401  53869.805   129.00   0.0000e+00   1.6720e+01   1.0064e+01   0  y  0.00  1   !  -9.99000e+02  -99.000  -99.000  -999
OBS: 5999401  53871.805   131.00   0.0000e+00   1.4897e+01   8.9666e+00   0  y  0.00  1   !  -9.99000e+02  -99.000  -99.000  -999
OBS: 5999401  53873.805   133.00   0.0000e+00   1.3272e+01   7.9886e+00   0  y  0.00  1   !  -9.99000e+02  -99.000  -99.000  -999
OBS: 5999401  53875.805   135.00   0.0000e+00   1.1827e+01   7.1187e+00   0  y  0.00  1   !  -9.99000e+02  -99.000  -99.000  -999
OBS: 5999401  53877.805   137.00   0.0000e+00   1.0539e+01   6.3438e+00   0  y  0.00  1   !  -9.99000e+02  -99.000  -99.000  -999
OBS: 5999401  53879.805   139.00   0.0000e+00   9.3899e+00   5.6519e+00   0  y  0.00  1   !  -9.99000e+02  -99.000  -99.000  -999
OBS: 5999401  53756.711    15.91   1.2333e+03   1.6135e+03   3.5561e+02   1  H  2.01  1   H  2.54307e+18  0.326  0.741  1.00000e+11
OBS: 5999401  53756.719    15.92   1.2337e+03   7.3011e+02   4.0467e+02   1  H  0.87  1   H  1.15070e+18  0.326  0.743  1.00000e+11
OBS: 5999401  53773.648    32.85   1.7918e+03   1.7169e+03   5.5827e+02   1  H  0.04  1   H  2.37448e+18  0.184  -0.334  1.00000e+11
OBS: 5999401  53773.672    32.87   1.7919e+03   2.5458e+03   5.4971e+02   1  H  2.89  1   H  3.51913e+18  0.183  -0.341  1.00000e+11
OBS: 5999401  53782.602    41.80   1.4497e+03  -4.5750e+02   8.8328e+02   1  H  3.95  1   H  -5.42811e+17  0.017  -1.264  1.00000e+11
OBS: 5999401  53782.609    41.81   1.4489e+03   1.4371e+03   1.0136e+03   1  H  0.02  1   H  1.70508e+18  0.017  -1.261  1.00000e+11
OBS: 5999401  53784.602    43.80   1.2565e+03   1.5587e+03   4.3044e+02   1  H  1.00  1   H  1.91134e+18  0.053  -0.516  1.00000e+11
OBS: 5999401  53787.602    46.80   1.0156e+03   9.8266e+02   2.8450e+02   1  H  0.06  1   H  1.27599e+18  0.115  0.077  1.00000e+11
OBS: 5999401  53787.609    46.81   1.0150e+03   1.4313e+03   2.7978e+02   1  H  3.39  1   H  1.85880e+18  0.115  0.076  1.00000e+11
OBS: 5999401  53681.805   -59.00   0.0000e+00   0.0000e+00   0.0000e+00   0  H  0.00  1   !  -9.99000e+02  -99.000  -99.000  -999
OBS: 5999401  53683.805   -57.00   0.0000e+00   0.0000e+00   0.0000e+00   0  H  0.00  1   !  -9.99000e+02  -99.000  -99.000  -999
OBS: 5999401  53685.805   -55.00   0.0000e+00   0.0000e+00   0.0000e+00   0  H  0.00  1   !  -9.99000e+02  -99.000  -99.000  -999
OBS: 5999401  53687.805   -53.00   0.0000e+00   0.0000e+00   0.0000e+00   0  H  0.00  1   !  -9.99000e+02  -99.000  -99.000  -999
OBS: 5999401  53689.805   -51.00   0.0000e+00   0.0000e+00   0.0000e+00   0  H  0.00  1   !  -9.99000e+02  -99.000  -99.000  -999
OBS: 5999401  53691.805   -49.00   0.0000e+00   0.0000e+00   0.0000e+00   0  H  0.00  1   !  -9.99000e+02  -99.000  -99.000  -999
OBS: 5999401  53693.805   -47.00   0.0000e+00   0.0000e+00   0.0000e+00   0  H  0.00  1   !  -9.99000e+02  -99.000  -99.000  -999
OBS: 5999401  53695.805   -45.00   0.0000e+00   0.0000e+00   0.0000e+00   0  H  0.00  1   !  -9.99000e+02  -99.000  -99.000  -999
OBS: 5999401  53697.805   -43.00   0.0000e+00   0.0000e+00   0.0000e+00   0  H  0.00  1   !  -9.99000e+02  -99.000  -99.000  -999
OBS: 5999401  53699.805   -41.00   0.0000e+00   0.0000e+00   0.0000e+00   0  H  0.00  1   !  -9.99000e+02  -99.000  -99.000  -999
OBS: 5999401  53701.805   -39.00   0.0000e+00   0.0000e+00   0.0000e+00   0  H  0.00  1   !  -9.99000e+02  -99.000  -99.000  -999
OBS: 5999401  53703.805   -37.00   0.0000e+00   0.0000e+00   0.0000e+00   0  H  0.00  1   !  -9.99000e+02  -99.000  -99.000  -999
OBS: 5999401  53705.805   -35.00   0.0000e+00   0.0000e+00   0.0000e+00   0  H  0.00  1   !  -9.99000e+02  -99.000  -99.000  -999
OBS: 5999401  53707.805   -33.00   0.0000e+00   0.0000e+00   0.0000e+00   0  H  0.00  1   !  -9.99000e+02  -99.000  -99.000  -999
OBS: 5999401  53709.805   -31.00   0.0000e+00   0.0000e+00   0.0000e+00   0  H  0.00  1   !  -9.99000e+02  -99.000  -99.000  -999
OBS: 5999401  53711.805   -29.00   0.0000e+00   0.0000e+00   0.0000e+00   0  H  0.00  1   !  -9.99000e+02  -99.000  -99.000  -999
OBS: 5999401  53713.805   -27.00   0.0000e+00   0.0000e+00   0.0000e+00   0  H  0.00  1   !  -9.99000e+02  -99.000  -99.000  -999
OBS: 5999401  53715.805   -25.00   0.0000e+00   0.0000e+00   0.0000e+00   0  H  0.00  1   !  -9.99000e+02  -99.000  -99.000  -999
OBS: 5999401  53717.805   -23.00   0.0000e+00   0.0000e+00   0.0000e+00   0  H  0.00  1   !  -9.99000e+02  -99.000  -99.000  -999
OBS: 5999401  53719.805   -21.00   0.0000e+00   3.3624e+02   2.0238e+02   0  H  0.00  1   !  -9.99000e+02  -99.000  -99.000  -999
OBS: 5999401  53721.805   -19.00   0.0000e+00   3.5593e+02   2.1424e+02   0  H  0.00  1   !  -9.99000e+02  -99.000  -99.000  -999
OBS: 5999401  53723.805   -17.00   0.0000e+00   3.5551e+02   2.1398e+02   0  H  0.00  1   !  -9.99000e+02  -99.000  -99.000  -999
OBS: 5999401  53725.805   -15.00   0.0000e+00   5.8120e+02   1.3916e+02   0  H  0.00  1   !  -9.99000e+02  -99.000  -99.000  -999
OBS: 5999401  53727.805   -13.00   0.0000e+00   1.0488e+03   8.1749e+01   0  H  0.00  1   !  -9.99000e+02  -99.000  -99.000  -999
OBS: 5999401  53729.805   -11.00   0.0000e+00   1.5282e+03   6.2093e+01   0  H  0.00  1   !  -9.99000e+02  -99.000  -99.000  -999
OBS: 5999401  53731.805    -9.00   0.0000e+00   1.9499e+03   5.8215e+01   0  H  0.00  1   !  -9.99000e+02  -99.000  -99.000  -999
OBS: 5999401  53733.805    -7.00   0.0000e+00   2.2495e+03   4.7011e+01   0  H  0.00  1   !  -9.99000e+02  -99.000  -99.000  -999
OBS: 5999401  53735.805    -5.00   0.0000e+00   2.3551e+03   3.9175e+01   0  H  0.00  1   !  -9.99000e+02  -99.000  -99.000  -999
OBS: 5999401  53737.805    -3.00   0.0000e+00   2.2849e+03   3.8788e+01   0  H  0.00  1   !  -9.99000e+02  -99.000  -99.000  -999
OBS: 5999401  53739.805    -1.00   0.0000e+00   2.0626e+03   3.8859e+01   0  H  0.00  1   !  -9.99000e+02  -99.000  -99.000  -999
OBS: 5999401  53741.805     1.00   0.0000e+00   1.8701e+03   3.8018e+01   0  H  0.00  1   !  -9.99000e+02  -99.000  -99.000  -999
OBS: 5999401  53743.805     3.00   0.0000e+00   1.7358e+03   3.8298e+01   0  H  0.00  1   !  -9.99000e+02  -99.000  -99.000  -999
OBS: 5999401  53745.805     5.00   0.0000e+00   1.5533e+03   3.8900e+01   0  H  0.00  1   !  -9.99000e+02  -99.000  -99.000  -999
OBS: 5999401  53747.805     7.00   0.0000e+00   1.3490e+03   3.8385e+01   0  H  0.00  1   !  -9.99000e+02  -99.000  -99.000  -999
OBS: 5999401  53749.805     9.00   0.0000e+00   1.1782e+03   3.4762e+01   0  H  0.00  1   !  -9.99000e+02  -99.000  -99.000  -999
OBS: 5999401  53751.805    11.00   0.0000e+00   1.0909e+03   3.0153e+01   0  H  0.00  1   !  -9.99000e+02  -99.000  -99.000  -999
OBS: 5999401  53753.805    13.00   0.0000e+00   1.0649e+03   2.7868e+01   0  H  0.00  1   !  -9.99000e+02  -99.000  -99.000  -999
OBS: 5999401  53755.805    15.00   0.0000e+00   1.0795e+03   2.8848e+01   0  H  0.00  1   !  -9.99000e+02  -99.000  -99.000  -999
OBS: 5999401  53757.805    17.00   0.0000e+00   1.1502e+03   3.1899e+01   0  H  0.00  1   !  -9.99000e+02  -99.000  -99.000  -999
OBS: 5999401  53759.805    19.00   0.0000e+00   1.2416e+03   3.6749e+01   0  H  0.00  1   !  -9.99000e+02  -99.000  -99.000  -999
OBS: 5999401  53761.805    21.00   0.0000e+00   1.3324e+03   3.8721e+01   0  H  0.00  1   !  -9.99000e+02  -99.000  -99.000  -999
OBS: 5999401  53763.805    23.00   0.0000e+00   1.3954e+03   3.8347e+01   0  H  0.00  1   !  -9.99000e+02  -99.000  -99.000  -999
OBS: 5999401  53765.805    25.00   0.0000e+00   1.4441e+03   3.7413e+01   0  H  0.00  1   !  -9.99000e+02  -99.000  -99.000  -999
OBS: 5999401  53767.805    27.00   0.0000e+00   1.4987e+03   3.5171e+01   0  H  0.00  1   !  -9.99000e+02  -99.000  -99.000  -999
OBS: 5999401  53769.805    29.00   0.0000e+00   1.5363e+03   3.4711e+01   0  H  0.00  1   !  -9.99000e+02  -99.000  -99.000  -999
OBS: 5999401  53771.805    31.00   0.0000e+00   1.5855e+03   3.9871e+01   0  H  0.00  1   !  -9.99000e+02  -99.000  -99.000  -999
OBS: 5999401  53773.805    33.00   0.0000e+00   1.6091e+03   4.3814e+01   0  H  0.00  1   !  -9.99000e+02  -99.000  -99.000  -999
OBS: 5999401  53775.805    35.00   0.0000e+00   1.6055e+03   4.4396e+01   0  H  0.00  1   !  -9.99000e+02  -99.000  -99.000  -999
OBS: 5999401  53777.805    37.00   0.0000e+00   1.5656e+03   4.5831e+01   0  H  0.00  1   !  -9.99000e+02  -99.000  -99.000  -999
OBS: 5999401  53779.805    39.00   0.0000e+00   1.4744e+03   5.0727e+01   0  H  0.00  1   !  -9.99000e+02  -99.000  -99.000  -999
OBS: 5999401  53781.805    41.00   0.0000e+00   1.3521e+03   5.0653e+01   0  H  0.00  1   !  -9.99000e+02  -99.000  -99.000  -999
OBS: 5999401  53783.805    43.00   0.0000e+00   1.1976e+03   4.8012e+01   0  H  0.00  1   !  -9.99000e+02  -99.000  -99.000  -999
OBS: 5999401  53785.805    45.00   0.0000e+00   1.0271e+03   4.6980e+01   0  H  0.00  1   !  -9.99000e+02  -99.000  -99.000  -999
OBS: 5999401  53787.805    47.00   0.0000e+00   8.9930e+02   4.2594e+01   0  H  0.00  1   !  -9.99000e+02  -99.000  -99.000  -999
OBS: 5999401  53789.805    49.00   0.0000e+00   8.1357e+02   4.3493e+01   0  H  0.00  1   !  -9.99000e+02  -99.000  -99.000  -999
OBS: 5999401  53791.805    51.00   0.0000e+00   7.4448e+02   4.9806e+01   0  H  0.00  1   !  -9.99000e+02  -99.000  -99.000  -999
OBS: 5999401  53793.805    53.00   0.0000e+00   6.7546e+02   5.5867e+01   0  H  0.00  1   !  -9.99000e+02  -99.000  -99.000  -999
OBS: 5999401  53795.805    55.00   0.0000e+00   6.0925e+02   3.6671e+02   0  H  0.00  1   !  -9.99000e+02  -99.000  -99.000  -999
OBS: 5999401  53797.805    57.00   0.0000e+00   5.5123e+02   3.3179e+02   0  H  0.00  1   !  -9.99000e+02  -99.000  -99.000  -999
OBS: 5999401  53799.805    59.00   0.0000e+00   5.0643e+02   3.0483e+02   0  H  0.00  1   !  -9.99000e+02  -99.000  -99.000  -999
OBS: 5999401  53801.805    61.00   0.0000e+00   4.6560e+02   2.8025e+02   0  H  0.00  1   !  -9.99000e+02  -99.000  -99.000  -999
OBS: 5999401  53803.805    63.00   0.0000e+00   4.3025e+02   2.5897e+02   0  H  0.00  1   !  -9.99000e+02  -99.000  -99.000  -999
OBS: 5999401  53805.805    65.00   0.0000e+00   3.8280e+02   2.3041e+02   0  H  0.00  1   !  -9.99000e+02  -99.000  -99.000  -999
OBS: 5999401  53807.805    67.00   0.0000e+00   3.1173e+02   1.8763e+02   0  H  0.00  1   !  -9.99000e+02  -99.000  -99.000  -999
OBS: 5999401  53809.805    69.00   0.0000e+00   2.6084e+02   1.5700e+02   0  H  0.00  1   !  -9.99000e+02  -99.000  -99.000  -999
OBS: 5999401  53811.805    71.00   0.0000e+00   2.2565e+02   1.3582e+02   0  H  0.00  1   !  -9.99000e+02  -99.000  -99.000  -999
OBS: 5999401  53813.805    73.00   0.0000e+00   2.0122e+02   1.2111e+02   0  H  0.00  1   !  -9.99000e+02  -99.000  -99.000  -999
OBS: 5999401  53815.805    75.00   0.0000e+00   1.8334e+02   1.1035e+02   0  H  0.00  1   !  -9.99000e+02  -99.000  -99.000  -999
OBS: 5999401  53817.805    77.00   0.0000e+00   1.6737e+02   1.0074e+02   0  H  0.00  1   !  -9.99000e+02  -99.000  -99.000  -999
OBS: 5999401  53819.805    79.00   0.0000e+00   1.5227e+02   9.1654e+01   0  H  0.00  1   !  -9.99000e+02  -99.000  -99.000  -999
OBS: 5999401  53821.805    81.00   0.0000e+00   1.4053e+02   8.4586e+01   0  H  0.00  1   !  -9.99000e+02  -99.000  -99.000  -999
OBS: 5999401  53823.805    83.00   0.0000e+00   1.3019e+02   7.8366e+01   0  H  0.00  1   !  -9.99000e+02  -99.000  -99.000  -999
OBS: 5999401  53825.805    85.00   0.0000e+00   1.2069e+02   7.2647e+01   0  H  0.00  1   !  -9.99000e+02  -99.000  -99.000  -999
OBS: 5999401  53827.805    87.00   0.0000e+00   1.1198e+02   6.7400e+01   0  H  0.00  1   !  -9.99000e+02  -99.000  -99.000  -999
OBS: 5999401  53829.805    89.00   0.0000e+00   1.0403e+02   6.2619e+01   0  H  0.00  1   !  -9.99000e+02  -99.000  -99.000  -999
OBS: 5999401  53831.805    91.00   0.0000e+00   9.6861e+01   5.8302e+01   0  H  0.00  1   !  -9.99000e+02  -99.000  -99.000  -999
OBS: 5999401  53833.805    93.00   0.0000e+00   8.9355e+01   5.3784e+01   0  H  0.00  1   !  -9.99000e+02  -99.000  -99.000  -999
OBS: 5999401  53835.805    95.00   0.0000e+00   8.2358e+01   4.9572e+01   0  H  0.00  1   !  -9.99000e+02  -99.000  -99.000  -999
OBS: 5999401  53837.805    97.00   0.0000e+00   7.5907e+01   4.5689e+01   0  H  0.00  1   !  -9.99000e+02  -99.000  -99.000  -999
OBS: 5999401  53839.805    99.00   0.0000e+00   6.9958e+01   4.2109e+01   0  H  0.00  1   !  -9.99000e+02  -99.000  -99.000  -999
OBS: 5999401  53841.805   101.00   0.0000e+00   6.4475e+01   3.8808e+01   0  H  0.00  1   !  -9.99000e+02  -99.000  -99.000  -999
OBS: 5999401  53843.805   103.00   0.0000e+00   5.9418e+01   3.5765e+01   0  H  0.00  1   !  -9.99000e+02  -99.000  -99.000  -999
OBS: 5999401  53845.805   105.00   0.0000e+00   5.4752e+01   3.2956e+01   0  H  0.00  1   !  -9.99000e+02  -99.000  -99.000  -999
OBS: 5999401  53847.805   107.00   0.0000e+00   5.0452e+01   3.0367e+01   0  H  0.00  1   !  -9.99000e+02  -99.000  -99.000  -999
OBS: 5999401  53849.805   109.00   0.0000e+00   4.6490e+01   2.7983e+01   0  H  0.00  1   !  -9.99000e+02  -99.000  -99.000  -999
OBS: 5999401  53851.805   111.00   0.0000e+00   4.2839e+01   2.5785e+01   0  H  0.00  1   !  -9.99000e+02  -99.000  -99.000  -999
OBS: 5999401  53853.805   113.00   0.0000e+00   3.9472e+01   2.3759e+01   0  H  0.00  1   !  -9.99000e+02  -99.000  -99.000  -999
OBS: 5999401  53855.805   115.00   0.0000e+00   3.6369e+01   2.1891e+01   0  H  0.00  1   !  -9.99000e+02  -99.000  -99.000  -999
OBS: 5999401  53857.805   117.00   0.0000e+00   3.3509e+01   2.0169e+01   0  H  0.00  1   !  -9.99000e+02  -99.000  -99.000  -999
OBS: 5999401  53859.805   119.00   0.0000e+00   3.0873e+01   1.8583e+01   0  H  0.00  1   !  -9.99000e+02  -99.000  -99.000  -999
OBS: 5999401  53861.805   121.00   0.0000e+00   2.8443e+01   1.7120e+01   0  H  0.00  1   !  -9.99000e+02  -99.000  -99.000  -999
OBS: 5999401  53863.805   123.00   0.0000e+00   2.6204e+01   1.5773e+01   0  H  0.00  1   !  -9.99000e+02  -99.000  -99.000  -999
OBS: 5999401  53865.805   125.00   0.0000e+00   2.4199e+01   1.4565e+01   0  H  0.00  1   !  -9.99000e+02  -99.000  -99.000  -999
OBS: 5999401  53867.805   127.00   0.0000e+00   2.2356e+01   1.3456e+01   0  H  0.00  1   !  -9.99000e+02  -99.000  -99.000  -999
OBS: 5999401  53869.805   129.00   0.0000e+00   2.0690e+01   1.2454e+01   0  H  0.00  1   !  -9.99000e+02  -99.000  -99.000  -999
OBS: 5999401  53871.805   131.00   0.0000e+00   1.9162e+01   1.1534e+01   0  H  0.00  1   !  -9.99000e+02  -99.000  -99.000  -999
OBS: 5999401  53873.805   133.00   0.0000e+00   1.7747e+01   1.0682e+01   0  H  0.00  1   !  -9.99000e+02  -99.000  -99.000  -999
OBS: 5999401  53875.805   135.00   0.0000e+00   1.6436e+01   9.8928e+00   0  H  0.00  1   !  -9.99000e+02  -99.000  -99.000  -999
OBS: 5999401  53877.805   137.00   0.0000e+00   1.5222e+01   9.1621e+00   0  H  0.00  1   !  -9.99000e+02  -99.000  -99.000  -999
OBS: 5999401  53879.805   139.00   0.0000e+00   1.4097e+01   8.4853e+00   0  H  0.00  1   !  -9.99000e+02  -99.000  -99.000  -999
