VARNAMES: CID MJD Tobs SIM_FLUXCAL FLUXCAL FLUXCAL_ERR DATAFLAG BAND CHI2 IFIT BAND_REST FLUX_REST KCOR AVWARP SIM_FLUX_REST 
OBS: 5999649  54196.648    -2.69   1.1085e+04   1.1948e+04   7.2375e+02   1  J  0.74  1   J  2.55585e+18  -0.083  -0.273  1.00000e+11
OBS: 5999649  54196.660    -2.68   1.1083e+04   9.8148e+03   7.2858e+02   1  J  3.65  1   J  2.09932e+18  -0.083  -0.276  1.00000e+11
OBS: 5999649  54198.672    -0.67   1.0311e+04   9.6903e+03   6.1196e+02   1  J  1.50  1   J  2.04483e+18  -0.098  -0.802  1.00000e+11
OBS: 5999649  54198.672    -0.67   1.0311e+04   1.0552e+04   6.9326e+02   1  J  0.00  1   J  2.22666e+18  -0.098  -0.802  1.00000e+11
OBS: 5999649  54205.660     6.32   4.5012e+03   3.9799e+03   6.6074e+02   1  J  0.74  1   J  8.26389e+17  -0.116  -1.637  1.00000e+11
OBS: 5999649  54205.672     6.33   4.4941e+03   3.5189e+03   6.4857e+02   1  J  2.35  1   J  7.30582e+17  -0.116  -1.640  1.00000e+11
OBS: 5999649  54208.641     9.30   2.8978e+03   2.7522e+03   5.6396e+02   1  J  0.10  1   J  5.48585e+17  -0.160  -3.133  1.00000e+11
OBS: 5999649  54208.660     9.32   2.8927e+03   3.3787e+03   5.1519e+02   1  J  0.58  1   J  6.73338e+17  -0.160  -3.141  1.00000e+11
OBS: 5999649  54230.551    31.21   2.3915e+03   2.1968e+03   6.1776e+02   1  J  0.12  1   J  3.93833e+17  -0.275  -2.847  1.00000e+11
OBS: 5999649  54230.559    31.22   2.3879e+03   2.1903e+03   5.9386e+02   1  J  0.13  1   J  3.92641e+17  -0.275  -2.851  1.00000e+11
OBS: 5999649  54238.578    39.24   1.1195e+03  -5.5309e+02   8.2324e+02   1  J  3.55  1   J  -9.51080e+16  -0.320  -3.013  1.00000e+11
OBS: 5999649  54140.340   -59.00   0.0000e+00   0.0000e+00   0.0000e+00   0  J  0.00  1   !  -9.99000e+02  -99.000  -99.000  -999
OBS: 5999649  54142.340   -57.00   0.0000e+00   0.0000e+00   0.0000e+00   0  J  0.00  1   !  -9.99000e+02  -99.000  -99.000  -999
OBS: 5999649  54144.340   -55.00   0.0000e+00   0.0000e+00   0.0000e+00   0  J  0.00  1   !  -9.99000e+02  -99.000  -99.000  -999
OBS: 5999649  54146.340   -53.00   0.0000e+00   0.0000e+00   0.0000e+00   0  J  0.00  1   !  -9.99000e+02  -99.000  -99.000  -999
OBS: 5999649  54148.340   -51.00   0.0000e+00   0.0000e+00   0.0000e+00   0  J  0.00  1   !  -9.99000e+02  -99.000  -99.000  -999
OBS: 5999649  54150.340   -49.00   0.0000e+00   0.0000e+00   0.0000e+00   0  J  0.00  1   !  -9.99000e+02  -99.000  -99.000  -999
OBS: 5999649  54152.340   -47.00   0.0000e+00   0.0000e+00   0.0000e+00   0  J  0.00  1   !  -9.99000e+02  -99.000  -99.000  -999
OBS: 5999649  54154.340   -45.00   0.0000e+00   0.0000e+00   0.0000e+00   0  J  0.00  1   !  -9.99000e+02  -99.000  -99.000  -999
OBS: 5999649  54156.340   -43.00   0.0000e+00   0.0000e+00   0.0000e+00   0  J  0.00  1   !  -9.99000e+02  -99.000  -99.000  -999
OBS: 5999649  54158.340   -41.00   0.0000e+00   0.0000e+00   0.0000e+00   0  J  0.00  1   !  -9.99000e+02  -99.000  -99.000  -999
OBS: 5999649  54160.340   -39.00   0.0000e+00   0.0000e+00   0.0000e+00   0  J  0.00  1   !  -9.99000e+02  -99.000  -99.000  -999
OBS: 5999649  54162.340   -37.00   0.0000e+00   0.0000e+00   0.0000e+00   0  J  0.00  1   !  -9.99000e+02  -99.000  -99.000  -999
OBS: 5999649  54164.340   -35.00   0.0000e+00   0.0000e+00   0.0000e+00   0  J  0.00  1   !  -9.99000e+02  -99.000  -99.000  -999
OBS: 5999649  54166.340   -33.00   0.0000e+00   0.0000e+00   0.0000e+00   0  J  0.00  1   !  -9.99000e+02  -99.000  -99.000  -999
OBS: 5999649  54168.340   -31.00   0.0000e+00   0.0000e+00   0.0000e+00   0  J  0.00  1   !  -9.99000e+02  -99.000  -99.000  -999
OBS: 5999649  54170.340   -29.00   0.0000e+00   0.0000e+00   0.0000e+00   0  J  0.00  1   !  -9.99000e+02  -99.000  -99.000  -999
OBS: 5999649  54172.340   -27.00   0.0000e+00   0.0000e+00   0.0000e+00   0  J  0.00  1   !  -9.99000e+02  -99.000  -99.000  -999
OBS: 5999649  54174.340   -25.00   0.0000e+00   0.0000e+00   0.0000e+00   0  J  0.00  1   !  -9.99000e+02  -99.000  -99.000  -999
OBS: 5999649  54176.340   -23.00   0.0000e+00   0.0000e+00   0.0000e+00   0  J  0.00  1   !  -9.99000e+02  -99.000  -99.000  -999
OBS: 5999649  54178.340   -21.00   0.0000e+00   0.0000e+00   0.0000e+00   0  J  0.00  1   !  -9.99000e+02  -99.000  -99.000  -999
OBS: 5999649  54180.340   -19.00   0.0000e+00   0.0000e+00   0.0000e+00   0  J  0.00  1   !  -9.99000e+02  -99.000  -99.000  -999
OBS: 5999649  54182.340   -17.00   0.0000e+00   0.0000e+00   0.0000e+00   0  J  0.00  1   !  -9.99000e+02  -99.000  -99.000  -999
OBS: 5999649  54184.340   -15.00   0.0000e+00   0.0000e+00   0.0000e+00   0  J  0.00  1   !  -9.99000e+02  -99.000  -99.000  -999
OBS: 5999649  54186.340   -13.00   0.0000e+00   1.2937e+03   6.2958e+02   0  J  0.00  1   !  -9.99000e+02  -99.000  -99.000  -999
OBS: 5999649  54188.340   -11.00   0.0000e+00   3.8109e+03   4.1940e+02   0  J  0.00  1   !  -9.99000e+02  -99.000  -99.000  -999
OBS: 5999649  54190.340    -9.00   0.0000e+00   6.5893e+03   3.1584e+02   0  J  0.00  1   !  -9.99000e+02  -99.000  -99.000  -999
OBS: 5999649  54192.340    -7.00   0.0000e+00   9.0309e+03   3.0477e+02   0  J  0.00  1   !  -9.99000e+02  -99.000  -99.000  -999
OBS: 5999649  54194.340    -5.00   0.0000e+00   1.0740e+04   2.6821e+02   0  J  0.00  1   !  -9.99000e+02  -99.000  -99.000  -999
OBS: 5999649  54196.340    -3.00   0.0000e+00   1.1336e+04   2.5039e+02   0  J  0.00  1   !  -9.99000e+02  -99.000  -99.000  -999
OBS: 5999649  54198.340    -1.00   0.0000e+00   1.0738e+04   2.5439e+02   0  J  0.00  1   !  -9.99000e+02  -99.000  -99.000  -999
OBS: 5999649  54200.340     1.00   0.0000e+00   9.1142e+03   2.4549e+02   0  J  0.00  1   !  -9.99000e+02  -99.000  -99.000  -999
OBS: 5999649  54202.340     3.00   0.0000e+00   7.2315e+03   2.1846e+02   0  J  0.00  1   !  -9.99000e+02  -99.000  -99.000  -999
OBS: 5999649  54204.340     5.00   0.0000e+00   5.5705e+03   2.3037e+02   0  J  0.00  1   !  -9.99000e+02  -99.000  -99.000  -999
OBS: 5999649  54206.340     7.00   0.0000e+00   4.1180e+03   2.3708e+02   0  J  0.00  1   !  -9.99000e+02  -99.000  -99.000  -999
OBS: 5999649  54208.340     9.00   0.0000e+00   3.0679e+03   2.4235e+02   0  J  0.00  1   !  -9.99000e+02  -99.000  -99.000  -999
OBS: 5999649  54210.340    11.00   0.0000e+00   2.6324e+03   2.6589e+02   0  J  0.00  1   !  -9.99000e+02  -99.000  -99.000  -999
OBS: 5999649  54212.340    13.00   0.0000e+00   2.7810e+03   2.9739e+02   0  J  0.00  1   !  -9.99000e+02  -99.000  -99.000  -999
OBS: 5999649  54214.340    15.00   0.0000e+00   3.1766e+03   3.0626e+02   0  J  0.00  1   !  -9.99000e+02  -99.000  -99.000  -999
OBS: 5999649  54216.340    17.00   0.0000e+00   3.4335e+03   2.7792e+02   0  J  0.00  1   !  -9.99000e+02  -99.000  -99.000  -999
OBS: 5999649  54218.340    19.00   0.0000e+00   3.4826e+03   2.9519e+02   0  J  0.00  1   !  -9.99000e+02  -99.000  -99.000  -999
OBS: 5999649  54220.340    21.00   0.0000e+00   3.4557e+03   3.3525e+02   0  J  0.00  1   !  -9.99000e+02  -99.000  -99.000  -999
OBS: 5999649  54222.340    23.00   0.0000e+00   3.5378e+03   3.4397e+02   0  J  0.00  1   !  -9.99000e+02  -99.000  -99.000  -999
OBS: 5999649  54224.340    25.00   0.0000e+00   3.6518e+03   3.1525e+02   0  J  0.00  1   !  -9.99000e+02  -99.000  -99.000  -999
OBS: 5999649  54226.340    27.00   0.0000e+00   3.5849e+03   2.9684e+02   0  J  0.00  1   !  -9.99000e+02  -99.000  -99.000  -999
OBS: 5999649  54228.340    29.00   0.0000e+00   3.1697e+03   3.2231e+02   0  J  0.00  1   !  -9.99000e+02  -99.000  -99.000  -999
OBS: 5999649  54230.340    31.00   0.0000e+00   2.5134e+03   3.3883e+02   0  J  0.00  1   !  -9.99000e+02  -99.000  -99.000  -999
OBS: 5999649  54232.340    33.00   0.0000e+00   1.8680e+03   3.1546e+02   0  J  0.00  1   !  -9.99000e+02  -99.000  -99.000  -999
OBS: 5999649  54234.340    35.00   0.0000e+00   1.4589e+03   2.9312e+02   0  J  0.00  1   !  -9.99000e+02  -99.000  -99.000  -999
OBS: 5999649  54236.340    37.00   0.0000e+00   1.2806e+03   3.0215e+02   0  J  0.00  1   !  -9.99000e+02  -99.000  -99.000  -999
OBS: 5999649  54238.340    39.00   0.0000e+00   1.1565e+03   3.5543e+02   0  J  0.00  1   !  -9.99000e+02  -99.000  -99.000  -999
OBS: 5999649  54240.340    41.00   0.0000e+00   9.8725e+02   3.8207e+02   0  J  0.00  1   !  -9.99000e+02  -99.000  -99.000  -999
OBS: 5999649  54242.340    43.00   0.0000e+00   7.9011e+02   3.5466e+02   0  J  0.00  1   !  -9.99000e+02  -99.000  -99.000  -999
OBS: 5999649  54244.340    45.00   0.0000e+00   6.5356e+02   3.5347e+02   0  J  0.00  1   !  -9.99000e+02  -99.000  -99.000  -999
OBS: 5999649  54246.340    47.00   0.0000e+00   6.1088e+02   3.7832e+02   0  J  0.00  1   !  -9.99000e+02  -99.000  -99.000  -999
OBS: 5999649  54248.340    49.00   0.0000e+00   5.8963e+02   3.8026e+02   0  J  0.00  1   !  -9.99000e+02  -99.000  -99.000  -999
OBS: 5999649  54250.340    51.00   0.0000e+00   5.2532e+02   3.5159e+02   0  J  0.00  1   !  -9.99000e+02  -99.000  -99.000  -999
OBS: 5999649  54252.340    53.00   0.0000e+00   4.3423e+02   3.2612e+02   0  J  0.00  1   !  -9.99000e+02  -99.000  -99.000  -999
OBS: 5999649  54254.340    55.00   0.0000e+00   3.6150e+02   2.1759e+02   0  J  0.00  1   !  -9.99000e+02  -99.000  -99.000  -999
OBS: 5999649  54256.340    57.00   0.0000e+00   3.0272e+02   1.8221e+02   0  J  0.00  1   !  -9.99000e+02  -99.000  -99.000  -999
OBS: 5999649  54258.340    59.00   0.0000e+00   2.4620e+02   1.4819e+02   0  J  0.00  1   !  -9.99000e+02  -99.000  -99.000  -999
OBS: 5999649  54260.340    61.00   0.0000e+00   1.8167e+02   1.0935e+02   0  J  0.00  1   !  -9.99000e+02  -99.000  -99.000  -999
OBS: 5999649  54262.340    63.00   0.0000e+00   1.0037e+02   6.0416e+01   0  J  0.00  1   !  -9.99000e+02  -99.000  -99.000  -999
OBS: 5999649  54264.340    65.00   0.0000e+00   6.0530e+01   3.6434e+01   0  J  0.00  1   !  -9.99000e+02  -99.000  -99.000  -999
OBS: 5999649  54266.340    67.00   0.0000e+00   5.0299e+01   3.0275e+01   0  J  0.00  1   !  -9.99000e+02  -99.000  -99.000  -999
OBS: 5999649  54268.340    69.00   0.0000e+00   4.2253e+01   2.5433e+01   0  J  0.00  1   !  -9.99000e+02  -99.000  -99.000  -999
OBS: 5999649  54270.340    71.00   0.0000e+00   3.1936e+01   1.9223e+01   0  J  0.00  1   !  -9.99000e+02  -99.000  -99.000  -999
OBS: 5999649  54272.340    73.00   0.0000e+00   2.2210e+01   1.3369e+01   0  J  0.00  1   !  -9.99000e+02  -99.000  -99.000  -999
OBS: 5999649  54274.340    75.00   0.0000e+00   1.5183e+01   9.1391e+00   0  J  0.00  1   !  -9.99000e+02  -99.000  -99.000  -999
OBS: 5999649  54276.340    77.00   0.0000e+00   1.0412e+01   6.2674e+00   0  J  0.00  1   !  -9.99000e+02  -99.000  -99.000  -999
OBS: 5999649  54278.340    79.00   0.0000e+00   7.4015e+00   4.4550e+00   0  J  0.00  1   !  -9.99000e+02  -99.000  -99.000  -999
OBS: 5999649  54280.340    81.00   0.0000e+00   5.2626e+00   3.1676e+00   0  J  0.00  1   !  -9.99000e+02  -99.000  -99.000  -999
OBS: 5999649  54282.340    83.00   0.0000e+00   3.7429e+00   2.2529e+00   0  J  0.00  1   !  -9.99000e+02  -99.000  -99.000  -999
OBS: 5999649  54284.340    85.00   0.0000e+00   2.6611e+00   1.6018e+00   0  J  0.00  1   !  -9.99000e+02  -99.000  -99.000  -999
OBS: 5999649  54286.340    87.00   0.0000e+00   1.8901e+00   1.1377e+00   0  J  0.00  1   !  -9.99000e+02  -99.000  -99.000  -999
OBS: 5999649  54288.340    89.00   0.0000e+00   1.3474e+00   8.1102e-01   0  J  0.00  1   !  -9.99000e+02  -99.000  -99.000  -999
OBS: 5999649  54290.340    91.00   0.0000e+00   9.6322e-01   5.7977e-01   0  J  0.00  1   !  -9.99000e+02  -99.000  -99.000  -999
OBS: 5999649  54292.340    93.00   0.0000e+00   6.8857e-01   4.1446e-01   0  J  0.00  1   !  -9.99000e+02  -99.000  -99.000  -999
OBS: 5999649  54294.340    95.00   0.0000e+00   4.9223e-01   2.9628e-01   0  J  0.00  1   !  -9.99000e+02  -99.000  -99.000  -999
OBS: 5999649  54296.340    97.00   0.0000e+00   3.5188e-01   2.1180e-01   0  J  0.00  1   !  -9.99000e+02  -99.000  -99.000  -999
OBS: 5999649  54298.340    99.00   0.0000e+00   2.5155e-01   1.5141e-01   0  J  0.00  1   !  -9.99000e+02  -99.000  -99.000  -999
OBS: 5999649  54300.340   101.00   0.0000e+00   1.7982e-01   1.0824e-01   0  J  0.00  1   !  -9.99000e+02  -99.000  -99.000  -999
OBS: 5999649  54302.340   103.00   0.0000e+00   1.2855e-01   7.7375e-02   0  J  0.00  1   !  -9.99000e+02  -99.000  -99.000  -999
OBS: 5999649  54304.340   105.00   0.0000e+00   9.1895e-02   5.5313e-02   0  J  0.00  1   !  -9.99000e+02  -99.000  -99.000  -999
OBS: 5999649  54306.340   107.00   0.0000e+00   6.5692e-02   3.9541e-02   0  J  0.00  1   !  -9.99000e+02  -99.000  -99.000  -999
OBS: 5999649  54308.340   109.00   0.0000e+00   4.6961e-02   2.8266e-02   0  J  0.00  1   !  -9.99000e+02  -99.000  -99.000  -999
OBS: 5999649  54310.340   111.00   0.0000e+00   3.3571e-02   2.0207e-02   0  J  0.00  1   !  -9.99000e+02  -99.000  -99.000  -999
OBS: 5999649  54312.340   113.00   0.0000e+00   2.3999e-02   1.4445e-02   0  J  0.00  1   !  -9.99000e+02  -99.000  -99.000  -999
OBS: 5999649  54314.340   115.00   0.0000e+00   1.7156e-02   1.0326e-02   0  J  0.00  1   !  -9.99000e+02  -99.000  -99.000  -999
OBS: 5999649  54316.340   117.00   0.0000e+00   1.2264e-02   7.3819e-03   0  J  0.00  1   !  -9.99000e+02  -99.000  -99.000  -999
OBS: 5999649  54318.340   119.00   0.0000e+00   8.7671e-03   5.2770e-03   0  J  0.00  1   !  -9.99000e+02  -99.000  -99.000  -999
OBS: 5999649  54320.340   121.00   0.0000e+00   6.2673e-03   3.7724e-03   0  J  0.00  1   !  -9.99000e+02  -99.000  -99.000  -999
OBS: 5999649  54322.340   123.00   0.0000e+00   4.4803e-03   2.6967e-03   0  J  0.00  1   !  -9.99000e+02  -99.000  -99.000  -999
OBS: 5999649  54324.340   125.00   0.0000e+00   3.2028e-03   1.9278e-03   0  J  0.00  1   !  -9.99000e+02  -99.000  -99.000  -999
OBS: 5999649  54326.340   127.00   0.0000e+00   2.2896e-03   1.3781e-03   0  J  0.00  1   !  -9.99000e+02  -99.000  -99.000  -999
OBS: 5999649  54328.340   129.00   0.0000e+00   1.6367e-03   9.8517e-04   0  J  0.00  1   !  -9.99000e+02  -99.000  -99.000  -999
OBS: 5999649  54330.340   131.00   0.0000e+00   1.1700e-03   7.0426e-04   0  J  0.00  1   !  -9.99000e+02  -99.000  -99.000  -999
OBS: 5999649  54332.340   133.00   0.0000e+00   8.3642e-04   5.0345e-04   0  J  0.00  1   !  -9.99000e+02  -99.000  -99.000  -999
OBS: 5999649  54334.340   135.00   0.0000e+00   5.9793e-04   3.5990e-04   0  J  0.00  1   !  -9.99000e+02  -99.000  -99.000  -999
OBS: 5999649  54336.340   137.00   0.0000e+00   4.2744e-04   2.5728e-04   0  J  0.00  1   !  -9.99000e+02  -99.000  -99.000  -999
OBS: 5999649  54338.340   139.00   0.0000e+00   3.0556e-04   1.8392e-04   0  J  0.00  1   !  -9.99000e+02  -99.000  -99.000  -999
OBS: 5999649  54198.672    -0.67   1.0100e+04   9.9545e+03   4.1363e+02   1  Y  0.54  1   Y  2.07691e+18  -0.110  -1.072  1.00000e+11
OBS: 5999649  54198.672    -0.67   1.0100e+04   1.0383e+04   4.5055e+02   1  Y  2.24  1   Y  2.16623e+18  -0.110  -1.072  1.00000e+11
OBS: 5999649  54205.660     6.32   6.1017e+03   5.3519e+03   3.9444e+02   1  Y  0.81  1   Y  1.05765e+18  -0.169  -0.996  1.00000e+11
OBS: 5999649  54208.641     9.30   5.8030e+03   5.4722e+03   3.4830e+02   1  Y  0.01  1   Y  1.05331e+18  -0.198  -0.868  1.00000e+11
OBS: 5999649  54219.621    20.28   1.0377e+04   1.0231e+04   4.1469e+02   1  Y  0.35  1   Y  2.00079e+18  -0.181  -0.107  1.00000e+11
OBS: 5999649  54230.551    31.21   8.2703e+03   7.3491e+03   4.7650e+02   1  Y  0.70  1   Y  1.55373e+18  -0.096  0.926  1.00000e+11
OBS: 5999649  54230.559    31.22   8.2622e+03   8.2070e+03   5.0407e+02   1  Y  0.34  1   Y  1.73514e+18  -0.096  0.923  1.00000e+11
OBS: 5999649  54234.559    35.22   5.4483e+03   4.8097e+03   4.4816e+02   1  Y  0.43  1   Y  1.03884e+18  -0.073  -0.392  1.00000e+11
OBS: 5999649  54234.578    35.24   5.4383e+03   6.2972e+03   7.8294e+02   1  Y  1.79  1   Y  1.36031e+18  -0.073  -0.398  1.00000e+11
OBS: 5999649  54238.578    39.24   4.1245e+03   3.7544e+03   6.0045e+02   1  Y  0.06  1   Y  8.14341e+17  -0.068  -1.188  1.00000e+11
OBS: 5999649  54258.531    59.19   1.6546e+03   1.8183e+03   3.6634e+02  -1  Y  0.06  1   !  -9.99000e+02  -99.000  -99.000  -999
OBS: 5999649  54140.340   -59.00   0.0000e+00   0.0000e+00   0.0000e+00   0  Y  0.00  1   !  -9.99000e+02  -99.000  -99.000  -999
OBS: 5999649  54142.340   -57.00   0.0000e+00   0.0000e+00   0.0000e+00   0  Y  0.00  1   !  -9.99000e+02  -99.000  -99.000  -999
OBS: 5999649  54144.340   -55.00   0.0000e+00   0.0000e+00   0.0000e+00   0  Y  0.00  1   !  -9.99000e+02  -99.000  -99.000  -999
OBS: 5999649  54146.340   -53.00   0.0000e+00   0.0000e+00   0.0000e+00   0  Y  0.00  1   !  -9.99000e+02  -99.000  -99.000  -999
OBS: 5999649  54148.340   -51.00   0.0000e+00   0.0000e+00   0.0000e+00   0  Y  0.00  1   !  -9.99000e+02  -99.000  -99.000  -999
OBS: 5999649  54150.340   -49.00   0.0000e+00   0.0000e+00   0.0000e+00   0  Y  0.00  1   !  -9.99000e+02  -99.000  -99.000  -999
OBS: 5999649  54152.340   -47.00   0.0000e+00   0.0000e+00   0.0000e+00   0  Y  0.00  1   !  -9.99000e+02  -99.000  -99.000  -999
OBS: 5999649  54154.340   -45.00   0.0000e+00   0.0000e+00   0.0000e+00   0  Y  0.00  1   !  -9.99000e+02  -99.000  -99.000  -999
OBS: 5999649  54156.340   -43.00   0.0000e+00   0.0000e+00   0.0000e+00   0  Y  0.00  1   !  -9.99000e+02  -99.000  -99.000  -999
OBS: 5999649  54158.340   -41.00   0.0000e+00   0.0000e+00   0.0000e+00   0  Y  0.00  1   !  -9.99000e+02  -99.000  -99.000  -999
OBS: 5999649  54160.340   -39.00   0.0000e+00   0.0000e+00   0.0000e+00   0  Y  0.00  1   !  -9.99000e+02  -99.000  -99.000  -999
OBS: 5999649  54162.340   -37.00   0.0000e+00   0.0000e+00   0.0000e+00   0  Y  0.00  1   !  -9.99000e+02  -99.000  -99.000  -999
OBS: 5999649  54164.340   -35.00   0.0000e+00   0.0000e+00   0.0000e+00   0  Y  0.00  1   !  -9.99000e+02  -99.000  -99.000  -999
OBS: 5999649  54166.340   -33.00   0.0000e+00   0.0000e+00   0.0000e+00   0  Y  0.00  1   !  -9.99000e+02  -99.000  -99.000  -999
OBS: 5999649  54168.340   -31.00   0.0000e+00   0.0000e+00   0.0000e+00   0  Y  0.00  1   !  -9.99000e+02  -99.000  -99.000  -999
OBS: 5999649  54170.340   -29.00   0.0000e+00   0.0000e+00   0.0000e+00   0  Y  0.00  1   !  -9.99000e+02  -99.000  -99.000  -999
OBS: 5999649  54172.340   -27.00   0.0000e+00   0.0000e+00   0.0000e+00   0  Y  0.00  1   !  -9.99000e+02  -99.000  -99.000  -999
OBS: 5999649  54174.340   -25.00   0.0000e+00   0.0000e+00   0.0000e+00   0  Y  0.00  1   !  -9.99000e+02  -99.000  -99.000  -999
OBS: 5999649  54176.340   -23.00   0.0000e+00   0.0000e+00   0.0000e+00   0  Y  0.00  1   !  -9.99000e+02  -99.000  -99.000  -999
OBS: 5999649  54178.340   -21.00   0.0000e+00   0.0000e+00   0.0000e+00   0  Y  0.00  1   !  -9.99000e+02  -99.000  -99.000  -999
OBS: 5999649  54180.340   -19.00   0.0000e+00   0.0000e+00   0.0000e+00   0  Y  0.00  1   !  -9.99000e+02  -99.000  -99.000  -999
OBS: 5999649  54182.340   -17.00   0.0000e+00   0.0000e+00   0.0000e+00   0  Y  0.00  1   !  -9.99000e+02  -99.000  -99.000  -999
OBS: 5999649  54184.340   -15.00   0.0000e+00   0.0000e+00   0.0000e+00   0  Y  0.00  1   !  -9.99000e+02  -99.000  -99.000  -999
OBS: 5999649  54186.340   -13.00   0.0000e+00   0.0000e+00   0.0000e+00   0  Y  0.00  1   !  -9.99000e+02  -99.000  -99.000  -999
OBS: 5999649  54188.340   -11.00   0.0000e+00   2.6316e+03   7.4346e+02   0  Y  0.00  1   !  -9.99000e+02  -99.000  -99.000  -999
OBS: 5999649  54190.340    -9.00   0.0000e+00   5.3284e+03   5.9038e+02   0  Y  0.00  1   !  -9.99000e+02  -99.000  -99.000  -999
OBS: 5999649  54192.340    -7.00   0.0000e+00   7.9391e+03   4.9110e+02   0  Y  0.00  1   !  -9.99000e+02  -99.000  -99.000  -999
OBS: 5999649  54194.340    -5.00   0.0000e+00   9.7823e+03   3.9654e+02   0  Y  0.00  1   !  -9.99000e+02  -99.000  -99.000  -999
OBS: 5999649  54196.340    -3.00   0.0000e+00   1.0477e+04   3.1775e+02   0  Y  0.00  1   !  -9.99000e+02  -99.000  -99.000  -999
OBS: 5999649  54198.340    -1.00   0.0000e+00   9.7934e+03   2.8180e+02   0  Y  0.00  1   !  -9.99000e+02  -99.000  -99.000  -999
OBS: 5999649  54200.340     1.00   0.0000e+00   8.5689e+03   2.7487e+02   0  Y  0.00  1   !  -9.99000e+02  -99.000  -99.000  -999
OBS: 5999649  54202.340     3.00   0.0000e+00   7.4049e+03   2.8661e+02   0  Y  0.00  1   !  -9.99000e+02  -99.000  -99.000  -999
OBS: 5999649  54204.340     5.00   0.0000e+00   6.3166e+03   2.9211e+02   0  Y  0.00  1   !  -9.99000e+02  -99.000  -99.000  -999
OBS: 5999649  54206.340     7.00   0.0000e+00   5.6119e+03   2.8837e+02   0  Y  0.00  1   !  -9.99000e+02  -99.000  -99.000  -999
OBS: 5999649  54208.340     9.00   0.0000e+00   5.4894e+03   3.1081e+02   0  Y  0.00  1   !  -9.99000e+02  -99.000  -99.000  -999
OBS: 5999649  54210.340    11.00   0.0000e+00   5.8298e+03   3.2632e+02   0  Y  0.00  1   !  -9.99000e+02  -99.000  -99.000  -999
OBS: 5999649  54212.340    13.00   0.0000e+00   6.5810e+03   3.3408e+02   0  Y  0.00  1   !  -9.99000e+02  -99.000  -99.000  -999
OBS: 5999649  54214.340    15.00   0.0000e+00   7.5736e+03   3.4737e+02   0  Y  0.00  1   !  -9.99000e+02  -99.000  -99.000  -999
OBS: 5999649  54216.340    17.00   0.0000e+00   8.6140e+03   3.9143e+02   0  Y  0.00  1   !  -9.99000e+02  -99.000  -99.000  -999
OBS: 5999649  54218.340    19.00   0.0000e+00   9.4504e+03   4.6147e+02   0  Y  0.00  1   !  -9.99000e+02  -99.000  -99.000  -999
OBS: 5999649  54220.340    21.00   0.0000e+00   9.9968e+03   4.8729e+02   0  Y  0.00  1   !  -9.99000e+02  -99.000  -99.000  -999
OBS: 5999649  54222.340    23.00   0.0000e+00   1.0186e+04   4.4027e+02   0  Y  0.00  1   !  -9.99000e+02  -99.000  -99.000  -999
OBS: 5999649  54224.340    25.00   0.0000e+00   1.0338e+04   3.7324e+02   0  Y  0.00  1   !  -9.99000e+02  -99.000  -99.000  -999
OBS: 5999649  54226.340    27.00   0.0000e+00   1.0189e+04   3.5660e+02   0  Y  0.00  1   !  -9.99000e+02  -99.000  -99.000  -999
OBS: 5999649  54228.340    29.00   0.0000e+00   9.3634e+03   3.6849e+02   0  Y  0.00  1   !  -9.99000e+02  -99.000  -99.000  -999
OBS: 5999649  54230.340    31.00   0.0000e+00   8.0159e+03   3.6957e+02   0  Y  0.00  1   !  -9.99000e+02  -99.000  -99.000  -999
OBS: 5999649  54232.340    33.00   0.0000e+00   6.5183e+03   3.5459e+02   0  Y  0.00  1   !  -9.99000e+02  -99.000  -99.000  -999
OBS: 5999649  54234.340    35.00   0.0000e+00   5.2830e+03   3.2716e+02   0  Y  0.00  1   !  -9.99000e+02  -99.000  -99.000  -999
OBS: 5999649  54236.340    37.00   0.0000e+00   4.4677e+03   3.2737e+02   0  Y  0.00  1   !  -9.99000e+02  -99.000  -99.000  -999
OBS: 5999649  54238.340    39.00   0.0000e+00   3.9669e+03   3.3948e+02   0  Y  0.00  1   !  -9.99000e+02  -99.000  -99.000  -999
OBS: 5999649  54240.340    41.00   0.0000e+00   3.6088e+03   3.3282e+02   0  Y  0.00  1   !  -9.99000e+02  -99.000  -99.000  -999
OBS: 5999649  54242.340    43.00   0.0000e+00   3.3032e+03   3.4596e+02   0  Y  0.00  1   !  -9.99000e+02  -99.000  -99.000  -999
OBS: 5999649  54244.340    45.00   0.0000e+00   2.9907e+03   4.1478e+02   0  Y  0.00  1   !  -9.99000e+02  -99.000  -99.000  -999
OBS: 5999649  54246.340    47.00   0.0000e+00   2.6584e+03   4.8735e+02   0  Y  0.00  1   !  -9.99000e+02  -99.000  -99.000  -999
OBS: 5999649  54248.340    49.00   0.0000e+00   2.3355e+03   5.3003e+02   0  Y  0.00  1   !  -9.99000e+02  -99.000  -99.000  -999
OBS: 5999649  54250.340    51.00   0.0000e+00   2.0581e+03   5.4194e+02   0  Y  0.00  1   !  -9.99000e+02  -99.000  -99.000  -999
OBS: 5999649  54252.340    53.00   0.0000e+00   1.8466e+03   7.6719e+02   0  Y  0.00  1   !  -9.99000e+02  -99.000  -99.000  -999
OBS: 5999649  54254.340    55.00   0.0000e+00   1.7085e+03   1.0284e+03   0  Y  0.00  1   !  -9.99000e+02  -99.000  -99.000  -999
OBS: 5999649  54256.340    57.00   0.0000e+00   1.6464e+03   9.9098e+02   0  Y  0.00  1   !  -9.99000e+02  -99.000  -99.000  -999
OBS: 5999649  54258.340    59.00   0.0000e+00   1.5803e+03   9.5121e+02   0  Y  0.00  1   !  -9.99000e+02  -99.000  -99.000  -999
OBS: 5999649  54260.340    61.00   0.0000e+00   1.4650e+03   8.8178e+02   0  Y  0.00  1   !  -9.99000e+02  -99.000  -99.000  -999
OBS: 5999649  54262.340    63.00   0.0000e+00   1.1878e+03   7.1497e+02   0  Y  0.00  1   !  -9.99000e+02  -99.000  -99.000  -999
OBS: 5999649  54264.340    65.00   0.0000e+00   8.6919e+02   5.2318e+02   0  Y  0.00  1   !  -9.99000e+02  -99.000  -99.000  -999
OBS: 5999649  54266.340    67.00   0.0000e+00   6.5567e+02   3.9465e+02   0  Y  0.00  1   !  -9.99000e+02  -99.000  -99.000  -999
OBS: 5999649  54268.340    69.00   0.0000e+00   5.3434e+02   3.2163e+02   0  Y  0.00  1   !  -9.99000e+02  -99.000  -99.000  -999
OBS: 5999649  54270.340    71.00   0.0000e+00   4.7390e+02   2.8524e+02   0  Y  0.00  1   !  -9.99000e+02  -99.000  -99.000  -999
OBS: 5999649  54272.340    73.00   0.0000e+00   4.4443e+02   2.6751e+02   0  Y  0.00  1   !  -9.99000e+02  -99.000  -99.000  -999
OBS: 5999649  54274.340    75.00   0.0000e+00   4.2095e+02   2.5337e+02   0  Y  0.00  1   !  -9.99000e+02  -99.000  -99.000  -999
OBS: 5999649  54276.340    77.00   0.0000e+00   3.9810e+02   2.3962e+02   0  Y  0.00  1   !  -9.99000e+02  -99.000  -99.000  -999
OBS: 5999649  54278.340    79.00   0.0000e+00   3.7012e+02   2.2278e+02   0  Y  0.00  1   !  -9.99000e+02  -99.000  -99.000  -999
OBS: 5999649  54280.340    81.00   0.0000e+00   3.4451e+02   2.0737e+02   0  Y  0.00  1   !  -9.99000e+02  -99.000  -99.000  -999
OBS: 5999649  54282.340    83.00   0.0000e+00   3.2120e+02   1.9334e+02   0  Y  0.00  1   !  -9.99000e+02  -99.000  -99.000  -999
OBS: 5999649  54284.340    85.00   0.0000e+00   3.0011e+02   1.8064e+02   0  Y  0.00  1   !  -9.99000e+02  -99.000  -99.000  -999
OBS: 5999649  54286.340    87.00   0.0000e+00   2.8123e+02   1.6927e+02   0  Y  0.00  1   !  -9.99000e+02  -99.000  -99.000  -999
OBS: 5999649  54288.340    89.00   0.0000e+00   2.6160e+02   1.5746e+02   0  Y  0.00  1   !  -9.99000e+02  -99.000  -99.000  -999
OBS: 5999649  54290.340    91.00   0.0000e+00   2.4191e+02   1.4561e+02   0  Y  0.00  1   !  -9.99000e+02  -99.000  -99.000  -999
OBS: 5999649  54292.340    93.00   0.0000e+00   2.2370e+02   1.3465e+02   0  Y  0.00  1   !  -9.99000e+02  -99.000  -99.000  -999
OBS: 5999649  54294.340    95.00   0.0000e+00   2.0686e+02   1.2451e+02   0  Y  0.00  1   !  -9.99000e+02  -99.000  -99.000  -999
OBS: 5999649  54296.340    97.00   0.0000e+00   1.9129e+02   1.1514e+02   0  Y  0.00  1   !  -9.99000e+02  -99.000  -99.000  -999
OBS: 5999649  54298.340    99.00   0.0000e+00   1.7689e+02   1.0647e+02   0  Y  0.00  1   !  -9.99000e+02  -99.000  -99.000  -999
OBS: 5999649  54300.340   101.00   0.0000e+00   1.6357e+02   9.8453e+01   0  Y  0.00  1   !  -9.99000e+02  -99.000  -99.000  -999
OBS: 5999649  54302.340   103.00   0.0000e+00   1.5125e+02   9.1040e+01   0  Y  0.00  1   !  -9.99000e+02  -99.000  -99.000  -999
OBS: 5999649  54304.340   105.00   0.0000e+00   1.3986e+02   8.4185e+01   0  Y  0.00  1   !  -9.99000e+02  -99.000  -99.000  -999
OBS: 5999649  54306.340   107.00   0.0000e+00   1.2933e+02   7.7845e+01   0  Y  0.00  1   !  -9.99000e+02  -99.000  -99.000  -999
OBS: 5999649  54308.340   109.00   0.0000e+00   1.1959e+02   7.1983e+01   0  Y  0.00  1   !  -9.99000e+02  -99.000  -99.000  -999
OBS: 5999649  54310.340   111.00   0.0000e+00   1.1058e+02   6.6562e+01   0  Y  0.00  1   !  -9.99000e+02  -99.000  -99.000  -999
OBS: 5999649  54312.340   113.00   0.0000e+00   1.0226e+02   6.1551e+01   0  Y  0.00  1   !  -9.99000e+02  -99.000  -99.000  -999
OBS: 5999649  54314.340   115.00   0.0000e+00   9.4562e+01   5.6918e+01   0  Y  0.00  1   !  -9.99000e+02  -99.000  -99.000  -999
OBS: 5999649  54316.340   117.00   0.0000e+00   8.7444e+01   5.2634e+01   0  Y  0.00  1   !  -9.99000e+02  -99.000  -99.000  -999
OBS: 5999649  54318.340   119.00   0.0000e+00   8.0863e+01   4.8672e+01   0  Y  0.00  1   !  -9.99000e+02  -99.000  -99.000  -999
OBS: 5999649  54320.340   121.00   0.0000e+00   7.4773e+01   4.5007e+01   0  Y  0.00  1   !  -9.99000e+02  -99.000  -99.000  -999
OBS: 5999649  54322.340   123.00   0.0000e+00   6.9142e+01   4.1617e+01   0  Y  0.00  1   !  -9.99000e+02  -99.000  -99.000  -999
OBS: 5999649  54324.340   125.00   0.0000e+00   6.3934e+01   3.8483e+01   0  Y  0.00  1   !  -9.99000e+02  -99.000  -99.000  -999
OBS: 5999649  54326.340   127.00   0.0000e+00   5.9118e+01   3.5584e+01   0  Y  0.00  1   !  -9.99000e+02  -99.000  -99.000  -999
OBS: 5999649  54328.340   129.00   0.0000e+00   5.4665e+01   3.2904e+01   0  Y  0.00  1   !  -9.99000e+02  -99.000  -99.000  -999
OBS: 5999649  54330.340   131.00   0.0000e+00   5.0547e+01   3.0425e+01   0  Y  0.00  1   !  -9.99000e+02  -99.000  -99.000  -999
OBS: 5999649  54332.340   133.00   0.0000e+00   4.6739e+01   2.8133e+01   0  Y  0.00  1   !  -9.99000e+02  -99.000  -99.000  -999
OBS: 5999649  54334.340   135.00   0.0000e+00   4.3218e+01   2.6014e+01   0  Y  0.00  1   !  -9.99000e+02  -99.000  -99.000  -999
OBS: 5999649  54336.340   137.00   0.0000e+00   3.9962e+01   2.4054e+01   0  Y  0.00  1   !  -9.99000e+02  -99.000  -99.000  -999
OBS: 5999649  54338.340   139.00   0.0000e+00   3.6952e+01   2.2242e+01   0  Y  0.00  1   !  -9.99000e+02  -99.000  -99.000  -999
OBS: 5999649  54222.641    23.30   1.1170e+04   1.2568e+04   1.3417e+03   1  y  1.92  1   Y  2.49517e+18  -0.164  -2.956  1.00000e+11
OBS: 5999649  54222.660    23.32   1.1173e+04   1.1732e+04   3.8793e+03   1  y  0.08  1   Y  2.32974e+18  -0.164  -2.955  1.00000e+11
OBS: 5999649  54254.512    55.17   1.9257e+03   1.7667e+03   2.8158e+02  -1  y  0.00  1   !  -9.99000e+02  -99.000  -99.000  -999
OBS: 5999649  54254.520    55.18   1.9253e+03   2.3204e+03   3.0334e+02  -1  y  0.18  1   !  -9.99000e+02  -99.000  -99.000  -999
OBS: 5999649  54140.340   -59.00   0.0000e+00   0.0000e+00   0.0000e+00   0  y  0.00  1   !  -9.99000e+02  -99.000  -99.000  -999
OBS: 5999649  54142.340   -57.00   0.0000e+00   0.0000e+00   0.0000e+00   0  y  0.00  1   !  -9.99000e+02  -99.000  -99.000  -999
OBS: 5999649  54144.340   -55.00   0.0000e+00   0.0000e+00   0.0000e+00   0  y  0.00  1   !  -9.99000e+02  -99.000  -99.000  -999
OBS: 5999649  54146.340   -53.00   0.0000e+00   0.0000e+00   0.0000e+00   0  y  0.00  1   !  -9.99000e+02  -99.000  -99.000  -999
OBS: 5999649  54148.340   -51.00   0.0000e+00   0.0000e+00   0.0000e+00   0  y  0.00  1   !  -9.99000e+02  -99.000  -99.000  -999
OBS: 5999649  54150.340   -49.00   0.0000e+00   0.0000e+00   0.0000e+00   0  y  0.00  1   !  -9.99000e+02  -99.000  -99.000  -999
OBS: 5999649  54152.340   -47.00   0.0000e+00   0.0000e+00   0.0000e+00   0  y  0.00  1   !  -9.99000e+02  -99.000  -99.000  -999
OBS: 5999649  54154.340   -45.00   0.0000e+00   0.0000e+00   0.0000e+00   0  y  0.00  1   !  -9.99000e+02  -99.000  -99.000  -999
OBS: 5999649  54156.340   -43.00   0.0000e+00   0.0000e+00   0.0000e+00   0  y  0.00  1   !  -9.99000e+02  -99.000  -99.000  -999
OBS: 5999649  54158.340   -41.00   0.0000e+00   0.0000e+00   0.0000e+00   0  y  0.00  1   !  -9.99000e+02  -99.000  -99.000  -999
OBS: 5999649  54160.340   -39.00   0.0000e+00   0.0000e+00   0.0000e+00   0  y  0.00  1   !  -9.99000e+02  -99.000  -99.000  -999
OBS: 5999649  54162.340   -37.00   0.0000e+00   0.0000e+00   0.0000e+00   0  y  0.00  1   !  -9.99000e+02  -99.000  -99.000  -999
OBS: 5999649  54164.340   -35.00   0.0000e+00   0.0000e+00   0.0000e+00   0  y  0.00  1   !  -9.99000e+02  -99.000  -99.000  -999
OBS: 5999649  54166.340   -33.00   0.0000e+00   0.0000e+00   0.0000e+00   0  y  0.00  1   !  -9.99000e+02  -99.000  -99.000  -999
OBS: 5999649  54168.340   -31.00   0.0000e+00   0.0000e+00   0.0000e+00   0  y  0.00  1   !  -9.99000e+02  -99.000  -99.000  -999
OBS: 5999649  54170.340   -29.00   0.0000e+00   0.0000e+00   0.0000e+00   0  y  0.00  1   !  -9.99000e+02  -99.000  -99.000  -999
OBS: 5999649  54172.340   -27.00   0.0000e+00   0.0000e+00   0.0000e+00   0  y  0.00  1   !  -9.99000e+02  -99.000  -99.000  -999
OBS: 5999649  54174.340   -25.00   0.0000e+00   0.0000e+00   0.0000e+00   0  y  0.00  1   !  -9.99000e+02  -99.000  -99.000  -999
OBS: 5999649  54176.340   -23.00   0.0000e+00   0.0000e+00   0.0000e+00   0  y  0.00  1   !  -9.99000e+02  -99.000  -99.000  -999
OBS: 5999649  54178.340   -21.00   0.0000e+00   0.0000e+00   0.0000e+00   0  y  0.00  1   !  -9.99000e+02  -99.000  -99.000  -999
OBS: 5999649  54180.340   -19.00   0.0000e+00   0.0000e+00   0.0000e+00   0  y  0.00  1   !  -9.99000e+02  -99.000  -99.000  -999
OBS: 5999649  54182.340   -17.00   0.0000e+00   0.0000e+00   0.0000e+00   0  y  0.00  1   !  -9.99000e+02  -99.000  -99.000  -999
OBS: 5999649  54184.340   -15.00   0.0000e+00   0.0000e+00   0.0000e+00   0  y  0.00  1   !  -9.99000e+02  -99.000  -99.000  -999
OBS: 5999649  54186.340   -13.00   0.0000e+00   0.0000e+00   0.0000e+00   0  y  0.00  1   !  -9.99000e+02  -99.000  -99.000  -999
OBS: 5999649  54188.340   -11.00   0.0000e+00   2.4271e+03   6.8569e+02   0  y  0.00  1   !  -9.99000e+02  -99.000  -99.000  -999
OBS: 5999649  54190.340    -9.00   0.0000e+00   5.1193e+03   5.6722e+02   0  y  0.00  1   !  -9.99000e+02  -99.000  -99.000  -999
OBS: 5999649  54192.340    -7.00   0.0000e+00   7.6815e+03   4.7517e+02   0  y  0.00  1   !  -9.99000e+02  -99.000  -99.000  -999
OBS: 5999649  54194.340    -5.00   0.0000e+00   9.4781e+03   3.8421e+02   0  y  0.00  1   !  -9.99000e+02  -99.000  -99.000  -999
OBS: 5999649  54196.340    -3.00   0.0000e+00   1.0150e+04   3.0784e+02   0  y  0.00  1   !  -9.99000e+02  -99.000  -99.000  -999
OBS: 5999649  54198.340    -1.00   0.0000e+00   9.5770e+03   2.7557e+02   0  y  0.00  1   !  -9.99000e+02  -99.000  -99.000  -999
OBS: 5999649  54200.340     1.00   0.0000e+00   8.4409e+03   2.7076e+02   0  y  0.00  1   !  -9.99000e+02  -99.000  -99.000  -999
OBS: 5999649  54202.340     3.00   0.0000e+00   7.2531e+03   2.8073e+02   0  y  0.00  1   !  -9.99000e+02  -99.000  -99.000  -999
OBS: 5999649  54204.340     5.00   0.0000e+00   6.1662e+03   2.8515e+02   0  y  0.00  1   !  -9.99000e+02  -99.000  -99.000  -999
OBS: 5999649  54206.340     7.00   0.0000e+00   5.5174e+03   2.8351e+02   0  y  0.00  1   !  -9.99000e+02  -99.000  -99.000  -999
OBS: 5999649  54208.340     9.00   0.0000e+00   5.4768e+03   3.1010e+02   0  y  0.00  1   !  -9.99000e+02  -99.000  -99.000  -999
OBS: 5999649  54210.340    11.00   0.0000e+00   5.8818e+03   3.2924e+02   0  y  0.00  1   !  -9.99000e+02  -99.000  -99.000  -999
OBS: 5999649  54212.340    13.00   0.0000e+00   6.6022e+03   3.3515e+02   0  y  0.00  1   !  -9.99000e+02  -99.000  -99.000  -999
OBS: 5999649  54214.340    15.00   0.0000e+00   7.5099e+03   3.4445e+02   0  y  0.00  1   !  -9.99000e+02  -99.000  -99.000  -999
OBS: 5999649  54216.340    17.00   0.0000e+00   8.5116e+03   3.8677e+02   0  y  0.00  1   !  -9.99000e+02  -99.000  -99.000  -999
OBS: 5999649  54218.340    19.00   0.0000e+00   9.4363e+03   4.6078e+02   0  y  0.00  1   !  -9.99000e+02  -99.000  -99.000  -999
OBS: 5999649  54220.340    21.00   0.0000e+00   1.0176e+04   4.9603e+02   0  y  0.00  1   !  -9.99000e+02  -99.000  -99.000  -999
OBS: 5999649  54222.340    23.00   0.0000e+00   1.0575e+04   4.5708e+02   0  y  0.00  1   !  -9.99000e+02  -99.000  -99.000  -999
OBS: 5999649  54224.340    25.00   0.0000e+00   1.0787e+04   3.8944e+02   0  y  0.00  1   !  -9.99000e+02  -99.000  -99.000  -999
OBS: 5999649  54226.340    27.00   0.0000e+00   1.0631e+04   3.7207e+02   0  y  0.00  1   !  -9.99000e+02  -99.000  -99.000  -999
OBS: 5999649  54228.340    29.00   0.0000e+00   9.8245e+03   3.8664e+02   0  y  0.00  1   !  -9.99000e+02  -99.000  -99.000  -999
OBS: 5999649  54230.340    31.00   0.0000e+00   8.4604e+03   3.9006e+02   0  y  0.00  1   !  -9.99000e+02  -99.000  -99.000  -999
OBS: 5999649  54232.340    33.00   0.0000e+00   6.9259e+03   3.7677e+02   0  y  0.00  1   !  -9.99000e+02  -99.000  -99.000  -999
OBS: 5999649  54234.340    35.00   0.0000e+00   5.6277e+03   3.4850e+02   0  y  0.00  1   !  -9.99000e+02  -99.000  -99.000  -999
OBS: 5999649  54236.340    37.00   0.0000e+00   4.7199e+03   3.4586e+02   0  y  0.00  1   !  -9.99000e+02  -99.000  -99.000  -999
OBS: 5999649  54238.340    39.00   0.0000e+00   4.1555e+03   3.5563e+02   0  y  0.00  1   !  -9.99000e+02  -99.000  -99.000  -999
OBS: 5999649  54240.340    41.00   0.0000e+00   3.7980e+03   3.5027e+02   0  y  0.00  1   !  -9.99000e+02  -99.000  -99.000  -999
OBS: 5999649  54242.340    43.00   0.0000e+00   3.5259e+03   3.6928e+02   0  y  0.00  1   !  -9.99000e+02  -99.000  -99.000  -999
OBS: 5999649  54244.340    45.00   0.0000e+00   3.2190e+03   4.4645e+02   0  y  0.00  1   !  -9.99000e+02  -99.000  -99.000  -999
OBS: 5999649  54246.340    47.00   0.0000e+00   2.8383e+03   5.2034e+02   0  y  0.00  1   !  -9.99000e+02  -99.000  -99.000  -999
OBS: 5999649  54248.340    49.00   0.0000e+00   2.4606e+03   5.5842e+02   0  y  0.00  1   !  -9.99000e+02  -99.000  -99.000  -999
OBS: 5999649  54250.340    51.00   0.0000e+00   2.1622e+03   5.6936e+02   0  y  0.00  1   !  -9.99000e+02  -99.000  -99.000  -999
OBS: 5999649  54252.340    53.00   0.0000e+00   1.9635e+03   8.1574e+02   0  y  0.00  1   !  -9.99000e+02  -99.000  -99.000  -999
OBS: 5999649  54254.340    55.00   0.0000e+00   1.8408e+03   1.1080e+03   0  y  0.00  1   !  -9.99000e+02  -99.000  -99.000  -999
OBS: 5999649  54256.340    57.00   0.0000e+00   1.7637e+03   1.0616e+03   0  y  0.00  1   !  -9.99000e+02  -99.000  -99.000  -999
OBS: 5999649  54258.340    59.00   0.0000e+00   1.6869e+03   1.0153e+03   0  y  0.00  1   !  -9.99000e+02  -99.000  -99.000  -999
OBS: 5999649  54260.340    61.00   0.0000e+00   1.5556e+03   9.3635e+02   0  y  0.00  1   !  -9.99000e+02  -99.000  -99.000  -999
OBS: 5999649  54262.340    63.00   0.0000e+00   1.2487e+03   7.5160e+02   0  y  0.00  1   !  -9.99000e+02  -99.000  -99.000  -999
OBS: 5999649  54264.340    65.00   0.0000e+00   9.0514e+02   5.4482e+02   0  y  0.00  1   !  -9.99000e+02  -99.000  -99.000  -999
OBS: 5999649  54266.340    67.00   0.0000e+00   6.7743e+02   4.0775e+02   0  y  0.00  1   !  -9.99000e+02  -99.000  -99.000  -999
OBS: 5999649  54268.340    69.00   0.0000e+00   5.4937e+02   3.3067e+02   0  y  0.00  1   !  -9.99000e+02  -99.000  -99.000  -999
OBS: 5999649  54270.340    71.00   0.0000e+00   4.8571e+02   2.9236e+02   0  y  0.00  1   !  -9.99000e+02  -99.000  -99.000  -999
OBS: 5999649  54272.340    73.00   0.0000e+00   4.5412e+02   2.7334e+02   0  y  0.00  1   !  -9.99000e+02  -99.000  -99.000  -999
OBS: 5999649  54274.340    75.00   0.0000e+00   4.2817e+02   2.5772e+02   0  y  0.00  1   !  -9.99000e+02  -99.000  -99.000  -999
OBS: 5999649  54276.340    77.00   0.0000e+00   4.0319e+02   2.4269e+02   0  y  0.00  1   !  -9.99000e+02  -99.000  -99.000  -999
OBS: 5999649  54278.340    79.00   0.0000e+00   3.7463e+02   2.2549e+02   0  y  0.00  1   !  -9.99000e+02  -99.000  -99.000  -999
OBS: 5999649  54280.340    81.00   0.0000e+00   3.4840e+02   2.0970e+02   0  y  0.00  1   !  -9.99000e+02  -99.000  -99.000  -999
OBS: 5999649  54282.340    83.00   0.0000e+00   3.2438e+02   1.9525e+02   0  y  0.00  1   !  -9.99000e+02  -99.000  -99.000  -999
OBS: 5999649  54284.340    85.00   0.0000e+00   3.0249e+02   1.8207e+02   0  y  0.00  1   !  -9.99000e+02  -99.000  -99.000  -999
OBS: 5999649  54286.340    87.00   0.0000e+00   2.8267e+02   1.7014e+02   0  y  0.00  1   !  -9.99000e+02  -99.000  -99.000  -999
OBS: 5999649  54288.340    89.00   0.0000e+00   2.6282e+02   1.5820e+02   0  y  0.00  1   !  -9.99000e+02  -99.000  -99.000  -999
OBS: 5999649  54290.340    91.00   0.0000e+00   2.4338e+02   1.4649e+02   0  y  0.00  1   !  -9.99000e+02  -99.000  -99.000  -999
OBS: 5999649  54292.340    93.00   0.0000e+00   2.2537e+02   1.3565e+02   0  y  0.00  1   !  -9.99000e+02  -99.000  -99.000  -999
OBS: 5999649  54294.340    95.00   0.0000e+00   2.0870e+02   1.2562e+02   0  y  0.00  1   !  -9.99000e+02  -99.000  -99.000  -999
OBS: 5999649  54296.340    97.00   0.0000e+00   1.9326e+02   1.1633e+02   0  y  0.00  1   !  -9.99000e+02  -99.000  -99.000  -999
OBS: 5999649  54298.340    99.00   0.0000e+00   1.7896e+02   1.0772e+02   0  y  0.00  1   !  -9.99000e+02  -99.000  -99.000  -999
OBS: 5999649  54300.340   101.00   0.0000e+00   1.6572e+02   9.9750e+01   0  y  0.00  1   !  -9.99000e+02  -99.000  -99.000  -999
OBS: 5999649  54302.340   103.00   0.0000e+00   1.5346e+02   9.2370e+01   0  y  0.00  1   !  -9.99000e+02  -99.000  -99.000  -999
OBS: 5999649  54304.340   105.00   0.0000e+00   1.4211e+02   8.5536e+01   0  y  0.00  1   !  -9.99000e+02  -99.000  -99.000  -999
OBS: 5999649  54306.340   107.00   0.0000e+00   1.3159e+02   7.9208e+01   0  y  0.00  1   !  -9.99000e+02  -99.000  -99.000  -999
OBS: 5999649  54308.340   109.00   0.0000e+00   1.2186e+02   7.3348e+01   0  y  0.00  1   !  -9.99000e+02  -99.000  -99.000  -999
OBS: 5999649  54310.340   111.00   0.0000e+00   1.1284e+02   6.7921e+01   0  y  0.00  1   !  -9.99000e+02  -99.000  -99.000  -999
OBS: 5999649  54312.340   113.00   0.0000e+00   1.0449e+02   6.2896e+01   0  y  0.00  1   !  -9.99000e+02  -99.000  -99.000  -999
OBS: 5999649  54314.340   115.00   0.0000e+00   9.6763e+01   5.8243e+01   0  y  0.00  1   !  -9.99000e+02  -99.000  -99.000  -999
OBS: 5999649  54316.340   117.00   0.0000e+00   8.9604e+01   5.3934e+01   0  y  0.00  1   !  -9.99000e+02  -99.000  -99.000  -999
OBS: 5999649  54318.340   119.00   0.0000e+00   8.2975e+01   4.9944e+01   0  y  0.00  1   !  -9.99000e+02  -99.000  -99.000  -999
OBS: 5999649  54320.340   121.00   0.0000e+00   7.6836e+01   4.6249e+01   0  y  0.00  1   !  -9.99000e+02  -99.000  -99.000  -999
OBS: 5999649  54322.340   123.00   0.0000e+00   7.1151e+01   4.2827e+01   0  y  0.00  1   !  -9.99000e+02  -99.000  -99.000  -999
OBS: 5999649  54324.340   125.00   0.0000e+00   6.5887e+01   3.9658e+01   0  y  0.00  1   !  -9.99000e+02  -99.000  -99.000  -999
OBS: 5999649  54326.340   127.00   0.0000e+00   6.1013e+01   3.6724e+01   0  y  0.00  1   !  -9.99000e+02  -99.000  -99.000  -999
OBS: 5999649  54328.340   129.00   0.0000e+00   5.6498e+01   3.4007e+01   0  y  0.00  1   !  -9.99000e+02  -99.000  -99.000  -999
OBS: 5999649  54330.340   131.00   0.0000e+00   5.2318e+01   3.1491e+01   0  y  0.00  1   !  -9.99000e+02  -99.000  -99.000  -999
OBS: 5999649  54332.340   133.00   0.0000e+00   4.8447e+01   2.9161e+01   0  y  0.00  1   !  -9.99000e+02  -99.000  -99.000  -999
OBS: 5999649  54334.340   135.00   0.0000e+00   4.4863e+01   2.7004e+01   0  y  0.00  1   !  -9.99000e+02  -99.000  -99.000  -999
OBS: 5999649  54336.340   137.00   0.0000e+00   4.1544e+01   2.5006e+01   0  y  0.00  1   !  -9.99000e+02  -99.000  -99.000  -999
OBS: 5999649  54338.340   139.00   0.0000e+00   3.8470e+01   2.3155e+01   0  y  0.00  1   !  -9.99000e+02  -99.000  -99.000  -999
OBS: 5999649  54198.672    -0.67   8.4744e+03   8.6597e+03   1.3628e+03   1  H  0.00  1   H  1.96084e+18  -0.022  -0.447  1.00000e+11
OBS: 5999649  54205.660     6.32   5.5784e+03   4.8435e+03   1.6407e+03   1  H  0.25  1   H  1.22967e+18  0.103  1.001  1.00000e+11
OBS: 5999649  54219.621    20.28   5.8771e+03   5.9348e+03   1.1299e+03   1  H  0.00  1   H  1.59447e+18  0.164  -1.563  1.00000e+11
OBS: 5999649  54219.648    20.31   5.8736e+03   7.8379e+03   1.4101e+03   1  H  1.57  1   H  2.10582e+18  0.164  -1.560  1.00000e+11
OBS: 5999649  54234.559    35.22   2.8509e+03   9.3584e+02   2.2326e+03   1  H  0.76  1   H  2.27075e+17  0.054  1.976  1.00000e+11
OBS: 5999649  54234.578    35.24   2.8496e+03   4.6511e+03   1.6219e+03   1  H  1.11  1   H  1.12817e+18  0.053  1.984  1.00000e+11
OBS: 5999649  54245.578    46.24   1.6564e+03   1.4721e+03   4.6990e+02   1  H  0.11  1   H  3.57276e+17  0.054  3.703  1.00000e+11
OBS: 5999649  54245.590    46.25   1.6555e+03   2.1757e+03   5.1380e+02   1  H  0.50  1   H  5.28039e+17  0.054  3.697  1.00000e+11
OBS: 5999649  54140.340   -59.00   0.0000e+00   0.0000e+00   0.0000e+00   0  H  0.00  1   !  -9.99000e+02  -99.000  -99.000  -999
OBS: 5999649  54142.340   -57.00   0.0000e+00   0.0000e+00   0.0000e+00   0  H  0.00  1   !  -9.99000e+02  -99.000  -99.000  -999
OBS: 5999649  54144.340   -55.00   0.0000e+00   0.0000e+00   0.0000e+00   0  H  0.00  1   !  -9.99000e+02  -99.000  -99.000  -999
OBS: 5999649  54146.340   -53.00   0.0000e+00   0.0000e+00   0.0000e+00   0  H  0.00  1   !  -9.99000e+02  -99.000  -99.000  -999
OBS: 5999649  54148.340   -51.00   0.0000e+00   0.0000e+00   0.0000e+00   0  H  0.00  1   !  -9.99000e+02  -99.000  -99.000  -999
OBS: 5999649  54150.340   -49.00   0.0000e+00   0.0000e+00   0.0000e+00   0  H  0.00  1   !  -9.99000e+02  -99.000  -99.000  -999
OBS: 5999649  54152.340   -47.00   0.0000e+00   0.0000e+00   0.0000e+00   0  H  0.00  1   !  -9.99000e+02  -99.000  -99.000  -999
OBS: 5999649  54154.340   -45.00   0.0000e+00   0.0000e+00   0.0000e+00   0  H  0.00  1   !  -9.99000e+02  -99.000  -99.000  -999
OBS: 5999649  54156.340   -43.00   0.0000e+00   0.0000e+00   0.0000e+00   0  H  0.00  1   !  -9.99000e+02  -99.000  -99.000  -999
OBS: 5999649  54158.340   -41.00   0.0000e+00   0.0000e+00   0.0000e+00   0  H  0.00  1   !  -9.99000e+02  -99.000  -99.000  -999
OBS: 5999649  54160.340   -39.00   0.0000e+00   0.0000e+00   0.0000e+00   0  H  0.00  1   !  -9.99000e+02  -99.000  -99.000  -999
OBS: 5999649  54162.340   -37.00   0.0000e+00   0.0000e+00   0.0000e+00   0  H  0.00  1   !  -9.99000e+02  -99.000  -99.000  -999
OBS: 5999649  54164.340   -35.00   0.0000e+00   0.0000e+00   0.0000e+00   0  H  0.00  1   !  -9.99000e+02  -99.000  -99.000  -999
OBS: 5999649  54166.340   -33.00   0.0000e+00   0.0000e+00   0.0000e+00   0  H  0.00  1   !  -9.99000e+02  -99.000  -99.000  -999
OBS: 5999649  54168.340   -31.00   0.0000e+00   0.0000e+00   0.0000e+00   0  H  0.00  1   !  -9.99000e+02  -99.000  -99.000  -999
OBS: 5999649  54170.340   -29.00   0.0000e+00   0.0000e+00   0.0000e+00   0  H  0.00  1   !  -9.99000e+02  -99.000  -99.000  -999
OBS: 5999649  54172.340   -27.00   0.0000e+00   0.0000e+00   0.0000e+00   0  H  0.00  1   !  -9.99000e+02  -99.000  -99.000  -999
OBS: 5999649  54174.340   -25.00   0.0000e+00   0.0000e+00   0.0000e+00   0  H  0.00  1   !  -9.99000e+02  -99.000  -99.000  -999
OBS: 5999649  54176.340   -23.00   0.0000e+00   0.0000e+00   0.0000e+00   0  H  0.00  1   !  -9.99000e+02  -99.000  -99.000  -999
OBS: 5999649  54178.340   -21.00   0.0000e+00   0.0000e+00   0.0000e+00   0  H  0.00  1   !  -9.99000e+02  -99.000  -99.000  -999
OBS: 5999649  54180.340   -19.00   0.0000e+00   8.9396e+02   5.3809e+02   0  H  0.00  1   !  -9.99000e+02  -99.000  -99.000  -999
OBS: 5999649  54182.340   -17.00   0.0000e+00   8.6509e+02   5.2071e+02   0  H  0.00  1   !  -9.99000e+02  -99.000  -99.000  -999
OBS: 5999649  54184.340   -15.00   0.0000e+00   1.1548e+03   6.9509e+02   0  H  0.00  1   !  -9.99000e+02  -99.000  -99.000  -999
OBS: 5999649  54186.340   -13.00   0.0000e+00   2.7385e+03   8.7928e+02   0  H  0.00  1   !  -9.99000e+02  -99.000  -99.000  -999
OBS: 5999649  54188.340   -11.00   0.0000e+00   4.6207e+03   7.3517e+02   0  H  0.00  1   !  -9.99000e+02  -99.000  -99.000  -999
OBS: 5999649  54190.340    -9.00   0.0000e+00   6.5146e+03   6.0485e+02   0  H  0.00  1   !  -9.99000e+02  -99.000  -99.000  -999
OBS: 5999649  54192.340    -7.00   0.0000e+00   8.1374e+03   5.1097e+02   0  H  0.00  1   !  -9.99000e+02  -99.000  -99.000  -999
OBS: 5999649  54194.340    -5.00   0.0000e+00   9.1835e+03   4.4758e+02   0  H  0.00  1   !  -9.99000e+02  -99.000  -99.000  -999
OBS: 5999649  54196.340    -3.00   0.0000e+00   9.4335e+03   4.0028e+02   0  H  0.00  1   !  -9.99000e+02  -99.000  -99.000  -999
OBS: 5999649  54198.340    -1.00   0.0000e+00   8.7918e+03   3.6584e+02   0  H  0.00  1   !  -9.99000e+02  -99.000  -99.000  -999
OBS: 5999649  54200.340     1.00   0.0000e+00   7.8263e+03   3.3841e+02   0  H  0.00  1   !  -9.99000e+02  -99.000  -99.000  -999
OBS: 5999649  54202.340     3.00   0.0000e+00   6.9226e+03   3.3355e+02   0  H  0.00  1   !  -9.99000e+02  -99.000  -99.000  -999
OBS: 5999649  54204.340     5.00   0.0000e+00   6.0794e+03   3.3786e+02   0  H  0.00  1   !  -9.99000e+02  -99.000  -99.000  -999
OBS: 5999649  54206.340     7.00   0.0000e+00   5.5279e+03   3.4194e+02   0  H  0.00  1   !  -9.99000e+02  -99.000  -99.000  -999
OBS: 5999649  54208.340     9.00   0.0000e+00   5.3401e+03   3.3348e+02   0  H  0.00  1   !  -9.99000e+02  -99.000  -99.000  -999
OBS: 5999649  54210.340    11.00   0.0000e+00   5.4044e+03   3.1337e+02   0  H  0.00  1   !  -9.99000e+02  -99.000  -99.000  -999
OBS: 5999649  54212.340    13.00   0.0000e+00   5.7017e+03   3.1288e+02   0  H  0.00  1   !  -9.99000e+02  -99.000  -99.000  -999
OBS: 5999649  54214.340    15.00   0.0000e+00   6.0823e+03   3.4243e+02   0  H  0.00  1   !  -9.99000e+02  -99.000  -99.000  -999
OBS: 5999649  54216.340    17.00   0.0000e+00   6.2062e+03   3.9315e+02   0  H  0.00  1   !  -9.99000e+02  -99.000  -99.000  -999
OBS: 5999649  54218.340    19.00   0.0000e+00   6.1132e+03   4.4297e+02   0  H  0.00  1   !  -9.99000e+02  -99.000  -99.000  -999
OBS: 5999649  54220.340    21.00   0.0000e+00   5.8813e+03   4.6779e+02   0  H  0.00  1   !  -9.99000e+02  -99.000  -99.000  -999
OBS: 5999649  54222.340    23.00   0.0000e+00   5.5168e+03   4.6416e+02   0  H  0.00  1   !  -9.99000e+02  -99.000  -99.000  -999
OBS: 5999649  54224.340    25.00   0.0000e+00   5.0828e+03   4.5144e+02   0  H  0.00  1   !  -9.99000e+02  -99.000  -99.000  -999
OBS: 5999649  54226.340    27.00   0.0000e+00   4.5364e+03   4.1776e+02   0  H  0.00  1   !  -9.99000e+02  -99.000  -99.000  -999
OBS: 5999649  54228.340    29.00   0.0000e+00   3.9570e+03   3.7745e+02   0  H  0.00  1   !  -9.99000e+02  -99.000  -99.000  -999
OBS: 5999649  54230.340    31.00   0.0000e+00   3.4617e+03   3.4972e+02   0  H  0.00  1   !  -9.99000e+02  -99.000  -99.000  -999
OBS: 5999649  54232.340    33.00   0.0000e+00   3.1221e+03   3.3295e+02   0  H  0.00  1   !  -9.99000e+02  -99.000  -99.000  -999
OBS: 5999649  54234.340    35.00   0.0000e+00   2.9190e+03   3.4100e+02   0  H  0.00  1   !  -9.99000e+02  -99.000  -99.000  -999
OBS: 5999649  54236.340    37.00   0.0000e+00   2.7637e+03   3.7275e+02   0  H  0.00  1   !  -9.99000e+02  -99.000  -99.000  -999
OBS: 5999649  54238.340    39.00   0.0000e+00   2.5662e+03   4.2156e+02   0  H  0.00  1   !  -9.99000e+02  -99.000  -99.000  -999
OBS: 5999649  54240.340    41.00   0.0000e+00   2.3362e+03   4.5560e+02   0  H  0.00  1   !  -9.99000e+02  -99.000  -99.000  -999
OBS: 5999649  54242.340    43.00   0.0000e+00   2.0642e+03   4.5886e+02   0  H  0.00  1   !  -9.99000e+02  -99.000  -99.000  -999
OBS: 5999649  54244.340    45.00   0.0000e+00   1.8156e+03   4.5696e+02   0  H  0.00  1   !  -9.99000e+02  -99.000  -99.000  -999
OBS: 5999649  54246.340    47.00   0.0000e+00   1.6191e+03   4.6705e+02   0  H  0.00  1   !  -9.99000e+02  -99.000  -99.000  -999
OBS: 5999649  54248.340    49.00   0.0000e+00   1.4629e+03   4.7982e+02   0  H  0.00  1   !  -9.99000e+02  -99.000  -99.000  -999
OBS: 5999649  54250.340    51.00   0.0000e+00   1.3223e+03   4.8103e+02   0  H  0.00  1   !  -9.99000e+02  -99.000  -99.000  -999
OBS: 5999649  54252.340    53.00   0.0000e+00   1.1888e+03   5.6943e+02   0  H  0.00  1   !  -9.99000e+02  -99.000  -99.000  -999
OBS: 5999649  54254.340    55.00   0.0000e+00   1.0572e+03   6.3633e+02   0  H  0.00  1   !  -9.99000e+02  -99.000  -99.000  -999
OBS: 5999649  54256.340    57.00   0.0000e+00   9.2284e+02   5.5547e+02   0  H  0.00  1   !  -9.99000e+02  -99.000  -99.000  -999
OBS: 5999649  54258.340    59.00   0.0000e+00   7.7874e+02   4.6873e+02   0  H  0.00  1   !  -9.99000e+02  -99.000  -99.000  -999
OBS: 5999649  54260.340    61.00   0.0000e+00   6.3694e+02   3.8338e+02   0  H  0.00  1   !  -9.99000e+02  -99.000  -99.000  -999
OBS: 5999649  54262.340    63.00   0.0000e+00   4.2201e+02   2.5401e+02   0  H  0.00  1   !  -9.99000e+02  -99.000  -99.000  -999
OBS: 5999649  54264.340    65.00   0.0000e+00   2.5416e+02   1.5298e+02   0  H  0.00  1   !  -9.99000e+02  -99.000  -99.000  -999
OBS: 5999649  54266.340    67.00   0.0000e+00   1.8297e+02   1.1013e+02   0  H  0.00  1   !  -9.99000e+02  -99.000  -99.000  -999
OBS: 5999649  54268.340    69.00   0.0000e+00   1.5049e+02   9.0581e+01   0  H  0.00  1   !  -9.99000e+02  -99.000  -99.000  -999
OBS: 5999649  54270.340    71.00   0.0000e+00   1.2878e+02   7.7516e+01   0  H  0.00  1   !  -9.99000e+02  -99.000  -99.000  -999
OBS: 5999649  54272.340    73.00   0.0000e+00   1.0980e+02   6.6088e+01   0  H  0.00  1   !  -9.99000e+02  -99.000  -99.000  -999
OBS: 5999649  54274.340    75.00   0.0000e+00   9.3733e+01   5.6419e+01   0  H  0.00  1   !  -9.99000e+02  -99.000  -99.000  -999
OBS: 5999649  54276.340    77.00   0.0000e+00   8.0195e+01   4.8270e+01   0  H  0.00  1   !  -9.99000e+02  -99.000  -99.000  -999
OBS: 5999649  54278.340    79.00   0.0000e+00   6.9342e+01   4.1738e+01   0  H  0.00  1   !  -9.99000e+02  -99.000  -99.000  -999
OBS: 5999649  54280.340    81.00   0.0000e+00   5.9965e+01   3.6093e+01   0  H  0.00  1   !  -9.99000e+02  -99.000  -99.000  -999
OBS: 5999649  54282.340    83.00   0.0000e+00   5.1860e+01   3.1215e+01   0  H  0.00  1   !  -9.99000e+02  -99.000  -99.000  -999
OBS: 5999649  54284.340    85.00   0.0000e+00   4.4857e+01   2.7000e+01   0  H  0.00  1   !  -9.99000e+02  -99.000  -99.000  -999
OBS: 5999649  54286.340    87.00   0.0000e+00   3.8811e+01   2.3361e+01   0  H  0.00  1   !  -9.99000e+02  -99.000  -99.000  -999
OBS: 5999649  54288.340    89.00   0.0000e+00   3.3552e+01   2.0195e+01   0  H  0.00  1   !  -9.99000e+02  -99.000  -99.000  -999
OBS: 5999649  54290.340    91.00   0.0000e+00   2.8987e+01   1.7448e+01   0  H  0.00  1   !  -9.99000e+02  -99.000  -99.000  -999
OBS: 5999649  54292.340    93.00   0.0000e+00   2.5043e+01   1.5074e+01   0  H  0.00  1   !  -9.99000e+02  -99.000  -99.000  -999
OBS: 5999649  54294.340    95.00   0.0000e+00   2.1636e+01   1.3023e+01   0  H  0.00  1   !  -9.99000e+02  -99.000  -99.000  -999
OBS: 5999649  54296.340    97.00   0.0000e+00   1.8692e+01   1.1251e+01   0  H  0.00  1   !  -9.99000e+02  -99.000  -99.000  -999
OBS: 5999649  54298.340    99.00   0.0000e+00   1.6149e+01   9.7201e+00   0  H  0.00  1   !  -9.99000e+02  -99.000  -99.000  -999
OBS: 5999649  54300.340   101.00   0.0000e+00   1.3952e+01   8.3976e+00   0  H  0.00  1   !  -9.99000e+02  -99.000  -99.000  -999
OBS: 5999649  54302.340   103.00   0.0000e+00   1.2053e+01   7.2551e+00   0  H  0.00  1   !  -9.99000e+02  -99.000  -99.000  -999
OBS: 5999649  54304.340   105.00   0.0000e+00   1.0413e+01   6.2680e+00   0  H  0.00  1   !  -9.99000e+02  -99.000  -99.000  -999
OBS: 5999649  54306.340   107.00   0.0000e+00   8.9966e+00   5.4151e+00   0  H  0.00  1   !  -9.99000e+02  -99.000  -99.000  -999
OBS: 5999649  54308.340   109.00   0.0000e+00   7.7725e+00   4.6784e+00   0  H  0.00  1   !  -9.99000e+02  -99.000  -99.000  -999
OBS: 5999649  54310.340   111.00   0.0000e+00   6.7150e+00   4.0418e+00   0  H  0.00  1   !  -9.99000e+02  -99.000  -99.000  -999
OBS: 5999649  54312.340   113.00   0.0000e+00   5.8014e+00   3.4919e+00   0  H  0.00  1   !  -9.99000e+02  -99.000  -99.000  -999
OBS: 5999649  54314.340   115.00   0.0000e+00   5.0121e+00   3.0168e+00   0  H  0.00  1   !  -9.99000e+02  -99.000  -99.000  -999
OBS: 5999649  54316.340   117.00   0.0000e+00   4.3301e+00   2.6063e+00   0  H  0.00  1   !  -9.99000e+02  -99.000  -99.000  -999
OBS: 5999649  54318.340   119.00   0.0000e+00   3.7410e+00   2.2517e+00   0  H  0.00  1   !  -9.99000e+02  -99.000  -99.000  -999
OBS: 5999649  54320.340   121.00   0.0000e+00   3.2320e+00   1.9454e+00   0  H  0.00  1   !  -9.99000e+02  -99.000  -99.000  -999
OBS: 5999649  54322.340   123.00   0.0000e+00   2.7922e+00   1.6807e+00   0  H  0.00  1   !  -9.99000e+02  -99.000  -99.000  -999
OBS: 5999649  54324.340   125.00   0.0000e+00   2.4123e+00   1.4520e+00   0  H  0.00  1   !  -9.99000e+02  -99.000  -99.000  -999
OBS: 5999649  54326.340   127.00   0.0000e+00   2.0841e+00   1.2545e+00   0  H  0.00  1   !  -9.99000e+02  -99.000  -99.000  -999
OBS: 5999649  54328.340   129.00   0.0000e+00   1.8006e+00   1.0838e+00   0  H  0.00  1   !  -9.99000e+02  -99.000  -99.000  -999
OBS: 5999649  54330.340   131.00   0.0000e+00   1.5556e+00   9.3632e-01   0  H  0.00  1   !  -9.99000e+02  -99.000  -99.000  -999
OBS: 5999649  54332.340   133.00   0.0000e+00   1.3439e+00   8.0893e-01   0  H  0.00  1   !  -9.99000e+02  -99.000  -99.000  -999
OBS: 5999649  54334.340   135.00   0.0000e+00   1.1611e+00   6.9886e-01   0  H  0.00  1   !  -9.99000e+02  -99.000  -99.000  -999
OBS: 5999649  54336.340   137.00   0.0000e+00   1.0031e+00   6.0378e-01   0  H  0.00  1   !  -9.99000e+02  -99.000  -99.000  -999
OBS: 5999649  54338.340   139.00   0.0000e+00   8.6662e-01   5.2163e-01   0  H  0.00  1   !  -9.99000e+02  -99.000  -99.000  -999
