VARNAMES: CID MJD Tobs SIM_FLUXCAL FLUXCAL FLUXCAL_ERR DATAFLAG BAND CHI2 IFIT BAND_REST FLUX_REST KCOR AVWARP SIM_FLUX_REST 
OBS: 5999829  54196.648    -2.69   3.3377e+03   3.4711e+03   6.9321e+02   1  J  0.03  1   J  3.34993e+18  -0.122  0.630  1.00000e+11
OBS: 5999829  54196.660    -2.68   3.3366e+03   3.8356e+03   7.0659e+02   1  J  0.47  1   J  3.70148e+18  -0.122  0.627  1.00000e+11
OBS: 5999829  54198.672    -0.67   3.0734e+03   3.3359e+03   5.9229e+02   1  J  0.18  1   J  3.15623e+18  -0.144  0.137  1.00000e+11
OBS: 5999829  54198.672    -0.67   3.0734e+03   2.5854e+03   6.6543e+02   1  J  0.55  1   J  2.44617e+18  -0.144  0.137  1.00000e+11
OBS: 5999829  54205.660     6.32   1.6858e+03   1.8972e+03   6.5343e+02   1  J  0.10  1   J  1.76805e+18  -0.160  0.436  1.00000e+11
OBS: 5999829  54205.672     6.33   1.6842e+03   7.3258e+02   6.3892e+02   1  J  2.20  1   J  6.82644e+17  -0.160  0.439  1.00000e+11
OBS: 5999829  54208.641     9.30   1.2645e+03   1.3926e+03   5.5984e+02   1  J  0.05  1   J  1.25737e+18  -0.194  1.325  1.00000e+11
OBS: 5999829  54208.660     9.32   1.2623e+03   1.2983e+01   5.0589e+02   1  J  5.93  1   J  1.17187e+16  -0.195  1.330  1.00000e+11
OBS: 5999829  54230.551    31.21   1.6073e+03   1.5501e+03   6.1560e+02   1  J  0.01  1   J  1.05899e+18  -0.497  1.806  1.00000e+11
OBS: 5999829  54230.559    31.22   1.6079e+03   1.2233e+03   5.9076e+02   1  J  0.41  1   J  8.35822e+17  -0.497  1.810  1.00000e+11
OBS: 5999829  54238.578    39.24   1.9216e+03   2.6236e+03   8.3505e+02   1  J  0.65  1   J  1.84719e+18  -0.465  4.423  1.00000e+11
OBS: 5999829  54140.340   -59.00   0.0000e+00   0.0000e+00   0.0000e+00   0  J  0.00  1   !  -9.99000e+02  -99.000  -99.000  -999
OBS: 5999829  54142.340   -57.00   0.0000e+00   0.0000e+00   0.0000e+00   0  J  0.00  1   !  -9.99000e+02  -99.000  -99.000  -999
OBS: 5999829  54144.340   -55.00   0.0000e+00   0.0000e+00   0.0000e+00   0  J  0.00  1   !  -9.99000e+02  -99.000  -99.000  -999
OBS: 5999829  54146.340   -53.00   0.0000e+00   0.0000e+00   0.0000e+00   0  J  0.00  1   !  -9.99000e+02  -99.000  -99.000  -999
OBS: 5999829  54148.340   -51.00   0.0000e+00   0.0000e+00   0.0000e+00   0  J  0.00  1   !  -9.99000e+02  -99.000  -99.000  -999
OBS: 5999829  54150.340   -49.00   0.0000e+00   0.0000e+00   0.0000e+00   0  J  0.00  1   !  -9.99000e+02  -99.000  -99.000  -999
OBS: 5999829  54152.340   -47.00   0.0000e+00   0.0000e+00   0.0000e+00   0  J  0.00  1   !  -9.99000e+02  -99.000  -99.000  -999
OBS: 5999829  54154.340   -45.00   0.0000e+00   0.0000e+00   0.0000e+00   0  J  0.00  1   !  -9.99000e+02  -99.000  -99.000  -999
OBS: 5999829  54156.340   -43.00   0.0000e+00   0.0000e+00   0.0000e+00   0  J  0.00  1   !  -9.99000e+02  -99.000  -99.000  -999
OBS: 5999829  54158.340   -41.00   0.0000e+00   0.0000e+00   0.0000e+00   0  J  0.00  1   !  -9.99000e+02  -99.000  -99.000  -999
OBS: 5999829  54160.340   -39.00   0.0000e+00   0.0000e+00   0.0000e+00   0  J  0.00  1   !  -9.99000e+02  -99.000  -99.000  -999
OBS: 5999829  54162.340   -37.00   0.0000e+00   0.0000e+00   0.0000e+00   0  J  0.00  1   !  -9.99000e+02  -99.000  -99.000  -999
OBS: 5999829  54164.340   -35.00   0.0000e+00   0.0000e+00   0.0000e+00   0  J  0.00  1   !  -9.99000e+02  -99.000  -99.000  -999
OBS: 5999829  54166.340   -33.00   0.0000e+00   0.0000e+00   0.0000e+00   0  J  0.00  1   !  -9.99000e+02  -99.000  -99.000  -999
OBS: 5999829  54168.340   -31.00   0.0000e+00   0.0000e+00   0.0000e+00   0  J  0.00  1   !  -9.99000e+02  -99.000  -99.000  -999
OBS: 5999829  54170.340   -29.00   0.0000e+00   0.0000e+00   0.0000e+00   0  J  0.00  1   !  -9.99000e+02  -99.000  -99.000  -999
OBS: 5999829  54172.340   -27.00   0.0000e+00   0.0000e+00   0.0000e+00   0  J  0.00  1   !  -9.99000e+02  -99.000  -99.000  -999
OBS: 5999829  54174.340   -25.00   0.0000e+00   0.0000e+00   0.0000e+00   0  J  0.00  1   !  -9.99000e+02  -99.000  -99.000  -999
OBS: 5999829  54176.340   -23.00   0.0000e+00   0.0000e+00   0.0000e+00   0  J  0.00  1   !  -9.99000e+02  -99.000  -99.000  -999
OBS: 5999829  54178.340   -21.00   0.0000e+00   1.3192e+03   7.9401e+02   0  J  0.00  1   !  -9.99000e+02  -99.000  -99.000  -999
OBS: 5999829  54180.340   -19.00   0.0000e+00   1.3827e+03   8.3224e+02   0  J  0.00  1   !  -9.99000e+02  -99.000  -99.000  -999
OBS: 5999829  54182.340   -17.00   0.0000e+00   1.3790e+03   8.3002e+02   0  J  0.00  1   !  -9.99000e+02  -99.000  -99.000  -999
OBS: 5999829  54184.340   -15.00   0.0000e+00   1.7349e+03   1.5144e+02   0  J  0.00  1   !  -9.99000e+02  -99.000  -99.000  -999
OBS: 5999829  54186.340   -13.00   0.0000e+00   2.4151e+03   7.0578e+01   0  J  0.00  1   !  -9.99000e+02  -99.000  -99.000  -999
OBS: 5999829  54188.340   -11.00   0.0000e+00   2.9805e+03   8.3514e+01   0  J  0.00  1   !  -9.99000e+02  -99.000  -99.000  -999
OBS: 5999829  54190.340    -9.00   0.0000e+00   3.3182e+03   8.9087e+01   0  J  0.00  1   !  -9.99000e+02  -99.000  -99.000  -999
OBS: 5999829  54192.340    -7.00   0.0000e+00   3.4589e+03   8.2047e+01   0  J  0.00  1   !  -9.99000e+02  -99.000  -99.000  -999
OBS: 5999829  54194.340    -5.00   0.0000e+00   3.4949e+03   7.7882e+01   0  J  0.00  1   !  -9.99000e+02  -99.000  -99.000  -999
OBS: 5999829  54196.340    -3.00   0.0000e+00   3.3800e+03   8.6747e+01   0  J  0.00  1   !  -9.99000e+02  -99.000  -99.000  -999
OBS: 5999829  54198.340    -1.00   0.0000e+00   3.1424e+03   9.0559e+01   0  J  0.00  1   !  -9.99000e+02  -99.000  -99.000  -999
OBS: 5999829  54200.340     1.00   0.0000e+00   2.7272e+03   8.9451e+01   0  J  0.00  1   !  -9.99000e+02  -99.000  -99.000  -999
OBS: 5999829  54202.340     3.00   0.0000e+00   2.2690e+03   8.7287e+01   0  J  0.00  1   !  -9.99000e+02  -99.000  -99.000  -999
OBS: 5999829  54204.340     5.00   0.0000e+00   1.9034e+03   8.4049e+01   0  J  0.00  1   !  -9.99000e+02  -99.000  -99.000  -999
OBS: 5999829  54206.340     7.00   0.0000e+00   1.5818e+03   8.3120e+01   0  J  0.00  1   !  -9.99000e+02  -99.000  -99.000  -999
OBS: 5999829  54208.340     9.00   0.0000e+00   1.3024e+03   9.1161e+01   0  J  0.00  1   !  -9.99000e+02  -99.000  -99.000  -999
OBS: 5999829  54210.340    11.00   0.0000e+00   1.1000e+03   1.0307e+02   0  J  0.00  1   !  -9.99000e+02  -99.000  -99.000  -999
OBS: 5999829  54212.340    13.00   0.0000e+00   9.9337e+02   1.0324e+02   0  J  0.00  1   !  -9.99000e+02  -99.000  -99.000  -999
OBS: 5999829  54214.340    15.00   0.0000e+00   1.0011e+03   1.0095e+02   0  J  0.00  1   !  -9.99000e+02  -99.000  -99.000  -999
OBS: 5999829  54216.340    17.00   0.0000e+00   1.0345e+03   8.8498e+01   0  J  0.00  1   !  -9.99000e+02  -99.000  -99.000  -999
OBS: 5999829  54218.340    19.00   0.0000e+00   1.0896e+03   7.6416e+01   0  J  0.00  1   !  -9.99000e+02  -99.000  -99.000  -999
OBS: 5999829  54220.340    21.00   0.0000e+00   1.1512e+03   8.6833e+01   0  J  0.00  1   !  -9.99000e+02  -99.000  -99.000  -999
OBS: 5999829  54222.340    23.00   0.0000e+00   1.2381e+03   1.0830e+02   0  J  0.00  1   !  -9.99000e+02  -99.000  -99.000  -999
OBS: 5999829  54224.340    25.00   0.0000e+00   1.3319e+03   1.1998e+02   0  J  0.00  1   !  -9.99000e+02  -99.000  -99.000  -999
OBS: 5999829  54226.340    27.00   0.0000e+00   1.4171e+03   1.2622e+02   0  J  0.00  1   !  -9.99000e+02  -99.000  -99.000  -999
OBS: 5999829  54228.340    29.00   0.0000e+00   1.5101e+03   1.3079e+02   0  J  0.00  1   !  -9.99000e+02  -99.000  -99.000  -999
OBS: 5999829  54230.340    31.00   0.0000e+00   1.6009e+03   1.3758e+02   0  J  0.00  1   !  -9.99000e+02  -99.000  -99.000  -999
OBS: 5999829  54232.340    33.00   0.0000e+00   1.7187e+03   1.6422e+02   0  J  0.00  1   !  -9.99000e+02  -99.000  -99.000  -999
OBS: 5999829  54234.340    35.00   0.0000e+00   1.8726e+03   1.9991e+02   0  J  0.00  1   !  -9.99000e+02  -99.000  -99.000  -999
OBS: 5999829  54236.340    37.00   0.0000e+00   1.9686e+03   2.2227e+02   0  J  0.00  1   !  -9.99000e+02  -99.000  -99.000  -999
OBS: 5999829  54238.340    39.00   0.0000e+00   1.9394e+03   2.3203e+02   0  J  0.00  1   !  -9.99000e+02  -99.000  -99.000  -999
OBS: 5999829  54240.340    41.00   0.0000e+00   1.7903e+03   2.2994e+02   0  J  0.00  1   !  -9.99000e+02  -99.000  -99.000  -999
OBS: 5999829  54242.340    43.00   0.0000e+00   1.5705e+03   2.0379e+02   0  J  0.00  1   !  -9.99000e+02  -99.000  -99.000  -999
OBS: 5999829  54244.340    45.00   0.0000e+00   1.3211e+03   1.6320e+02   0  J  0.00  1   !  -9.99000e+02  -99.000  -99.000  -999
OBS: 5999829  54246.340    47.00   0.0000e+00   1.1011e+03   1.2356e+02   0  J  0.00  1   !  -9.99000e+02  -99.000  -99.000  -999
OBS: 5999829  54248.340    49.00   0.0000e+00   9.7264e+02   1.1925e+02   0  J  0.00  1   !  -9.99000e+02  -99.000  -99.000  -999
OBS: 5999829  54250.340    51.00   0.0000e+00   9.1361e+02   1.8969e+02   0  J  0.00  1   !  -9.99000e+02  -99.000  -99.000  -999
OBS: 5999829  54252.340    53.00   0.0000e+00   8.7211e+02   2.8511e+02   0  J  0.00  1   !  -9.99000e+02  -99.000  -99.000  -999
OBS: 5999829  54254.340    55.00   0.0000e+00   8.2481e+02   4.9646e+02   0  J  0.00  1   !  -9.99000e+02  -99.000  -99.000  -999
OBS: 5999829  54256.340    57.00   0.0000e+00   7.6851e+02   4.6257e+02   0  J  0.00  1   !  -9.99000e+02  -99.000  -99.000  -999
OBS: 5999829  54258.340    59.00   0.0000e+00   6.9109e+02   4.1598e+02   0  J  0.00  1   !  -9.99000e+02  -99.000  -99.000  -999
OBS: 5999829  54260.340    61.00   0.0000e+00   6.2398e+02   3.7558e+02   0  J  0.00  1   !  -9.99000e+02  -99.000  -99.000  -999
OBS: 5999829  54262.340    63.00   0.0000e+00   5.6573e+02   3.4052e+02   0  J  0.00  1   !  -9.99000e+02  -99.000  -99.000  -999
OBS: 5999829  54264.340    65.00   0.0000e+00   4.9737e+02   2.9937e+02   0  J  0.00  1   !  -9.99000e+02  -99.000  -99.000  -999
OBS: 5999829  54266.340    67.00   0.0000e+00   4.1683e+02   2.5089e+02   0  J  0.00  1   !  -9.99000e+02  -99.000  -99.000  -999
OBS: 5999829  54268.340    69.00   0.0000e+00   3.5826e+02   2.1564e+02   0  J  0.00  1   !  -9.99000e+02  -99.000  -99.000  -999
OBS: 5999829  54270.340    71.00   0.0000e+00   3.1998e+02   1.9260e+02   0  J  0.00  1   !  -9.99000e+02  -99.000  -99.000  -999
OBS: 5999829  54272.340    73.00   0.0000e+00   2.9011e+02   1.7462e+02   0  J  0.00  1   !  -9.99000e+02  -99.000  -99.000  -999
OBS: 5999829  54274.340    75.00   0.0000e+00   2.6408e+02   1.5895e+02   0  J  0.00  1   !  -9.99000e+02  -99.000  -99.000  -999
OBS: 5999829  54276.340    77.00   0.0000e+00   2.3688e+02   1.4258e+02   0  J  0.00  1   !  -9.99000e+02  -99.000  -99.000  -999
OBS: 5999829  54278.340    79.00   0.0000e+00   2.0682e+02   1.2449e+02   0  J  0.00  1   !  -9.99000e+02  -99.000  -99.000  -999
OBS: 5999829  54280.340    81.00   0.0000e+00   1.9379e+02   1.1665e+02   0  J  0.00  1   !  -9.99000e+02  -99.000  -99.000  -999
OBS: 5999829  54282.340    83.00   0.0000e+00   1.8389e+02   1.1068e+02   0  J  0.00  1   !  -9.99000e+02  -99.000  -99.000  -999
OBS: 5999829  54284.340    85.00   0.0000e+00   1.7459e+02   1.0509e+02   0  J  0.00  1   !  -9.99000e+02  -99.000  -99.000  -999
OBS: 5999829  54286.340    87.00   0.0000e+00   1.6578e+02   9.9784e+01   0  J  0.00  1   !  -9.99000e+02  -99.000  -99.000  -999
OBS: 5999829  54288.340    89.00   0.0000e+00   1.5714e+02   9.4584e+01   0  J  0.00  1   !  -9.99000e+02  -99.000  -99.000  -999
OBS: 5999829  54290.340    91.00   0.0000e+00   1.4847e+02   8.9364e+01   0  J  0.00  1   !  -9.99000e+02  -99.000  -99.000  -999
OBS: 5999829  54292.340    93.00   0.0000e+00   1.4265e+02   8.5861e+01   0  J  0.00  1   !  -9.99000e+02  -99.000  -99.000  -999
OBS: 5999829  54294.340    95.00   0.0000e+00   1.3712e+02   8.2533e+01   0  J  0.00  1   !  -9.99000e+02  -99.000  -99.000  -999
OBS: 5999829  54296.340    97.00   0.0000e+00   1.3180e+02   7.9333e+01   0  J  0.00  1   !  -9.99000e+02  -99.000  -99.000  -999
OBS: 5999829  54298.340    99.00   0.0000e+00   1.2669e+02   7.6258e+01   0  J  0.00  1   !  -9.99000e+02  -99.000  -99.000  -999
OBS: 5999829  54300.340   101.00   0.0000e+00   1.2178e+02   7.3302e+01   0  J  0.00  1   !  -9.99000e+02  -99.000  -99.000  -999
OBS: 5999829  54302.340   103.00   0.0000e+00   1.1706e+02   7.0460e+01   0  J  0.00  1   !  -9.99000e+02  -99.000  -99.000  -999
OBS: 5999829  54304.340   105.00   0.0000e+00   1.1252e+02   6.7729e+01   0  J  0.00  1   !  -9.99000e+02  -99.000  -99.000  -999
OBS: 5999829  54306.340   107.00   0.0000e+00   1.0816e+02   6.5103e+01   0  J  0.00  1   !  -9.99000e+02  -99.000  -99.000  -999
OBS: 5999829  54308.340   109.00   0.0000e+00   1.0397e+02   6.2579e+01   0  J  0.00  1   !  -9.99000e+02  -99.000  -99.000  -999
OBS: 5999829  54310.340   111.00   0.0000e+00   9.9937e+01   6.0153e+01   0  J  0.00  1   !  -9.99000e+02  -99.000  -99.000  -999
OBS: 5999829  54312.340   113.00   0.0000e+00   9.6063e+01   5.7821e+01   0  J  0.00  1   !  -9.99000e+02  -99.000  -99.000  -999
OBS: 5999829  54314.340   115.00   0.0000e+00   9.2339e+01   5.5580e+01   0  J  0.00  1   !  -9.99000e+02  -99.000  -99.000  -999
OBS: 5999829  54316.340   117.00   0.0000e+00   8.8760e+01   5.3425e+01   0  J  0.00  1   !  -9.99000e+02  -99.000  -99.000  -999
OBS: 5999829  54318.340   119.00   0.0000e+00   8.5319e+01   5.1354e+01   0  J  0.00  1   !  -9.99000e+02  -99.000  -99.000  -999
OBS: 5999829  54320.340   121.00   0.0000e+00   8.2011e+01   4.9363e+01   0  J  0.00  1   !  -9.99000e+02  -99.000  -99.000  -999
OBS: 5999829  54322.340   123.00   0.0000e+00   7.8832e+01   4.7450e+01   0  J  0.00  1   !  -9.99000e+02  -99.000  -99.000  -999
OBS: 5999829  54324.340   125.00   0.0000e+00   7.5776e+01   4.5610e+01   0  J  0.00  1   !  -9.99000e+02  -99.000  -99.000  -999
OBS: 5999829  54326.340   127.00   0.0000e+00   7.2838e+01   4.3842e+01   0  J  0.00  1   !  -9.99000e+02  -99.000  -99.000  -999
OBS: 5999829  54328.340   129.00   0.0000e+00   7.0015e+01   4.2143e+01   0  J  0.00  1   !  -9.99000e+02  -99.000  -99.000  -999
OBS: 5999829  54330.340   131.00   0.0000e+00   6.7301e+01   4.0509e+01   0  J  0.00  1   !  -9.99000e+02  -99.000  -99.000  -999
OBS: 5999829  54332.340   133.00   0.0000e+00   6.4692e+01   3.8939e+01   0  J  0.00  1   !  -9.99000e+02  -99.000  -99.000  -999
OBS: 5999829  54334.340   135.00   0.0000e+00   6.2184e+01   3.7429e+01   0  J  0.00  1   !  -9.99000e+02  -99.000  -99.000  -999
OBS: 5999829  54336.340   137.00   0.0000e+00   5.9773e+01   3.5978e+01   0  J  0.00  1   !  -9.99000e+02  -99.000  -99.000  -999
OBS: 5999829  54338.340   139.00   0.0000e+00   5.7456e+01   3.4583e+01   0  J  0.00  1   !  -9.99000e+02  -99.000  -99.000  -999
OBS: 5999829  54198.672    -0.67   3.0241e+03   2.7061e+03   3.5910e+02   1  Y  0.66  1   Y  2.17801e+18  -0.319  -1.388  1.00000e+11
OBS: 5999829  54198.672    -0.67   3.0241e+03   3.1842e+03   3.9251e+02   1  Y  0.21  1   Y  2.56279e+18  -0.319  -1.388  1.00000e+11
OBS: 5999829  54205.660     6.32   2.1308e+03   2.5238e+03   3.7130e+02   1  Y  1.14  1   Y  1.83476e+18  -0.430  -1.633  1.00000e+11
OBS: 5999829  54208.641     9.30   1.9078e+03   2.2298e+03   3.2488e+02   1  Y  0.99  1   Y  1.56144e+18  -0.470  -1.880  1.00000e+11
OBS: 5999829  54219.621    20.28   2.2555e+03   2.1729e+03   3.5404e+02   1  Y  0.03  1   Y  1.54169e+18  -0.456  -1.121  1.00000e+11
OBS: 5999829  54230.551    31.21   3.1291e+03   3.1028e+03   4.3716e+02   1  Y  0.00  1   Y  2.66654e+18  -0.248  -0.901  1.00000e+11
OBS: 5999829  54230.559    31.22   3.1294e+03   2.6231e+03   4.5047e+02   1  Y  1.12  1   Y  2.25481e+18  -0.248  -0.901  1.00000e+11
OBS: 5999829  54234.559    35.22   3.1005e+03   3.4463e+03   4.3540e+02   1  Y  0.67  1   Y  3.27692e+18  -0.138  -0.983  1.00000e+11
OBS: 5999829  54234.578    35.24   3.0996e+03   2.0056e+03   7.1510e+02   1  Y  2.20  1   Y  1.90808e+18  -0.138  -0.984  1.00000e+11
OBS: 5999829  54238.578    39.24   2.8878e+03   3.3555e+03   5.9528e+02   1  Y  0.65  1   Y  3.43901e+18  -0.057  -0.861  1.00000e+11
OBS: 5999829  54258.531    59.19   1.1716e+03   1.1922e+03   3.6092e+02  -1  Y  0.00  1   !  -9.99000e+02  -99.000  -99.000  -999
OBS: 5999829  54140.340   -59.00   0.0000e+00   0.0000e+00   0.0000e+00   0  Y  0.00  1   !  -9.99000e+02  -99.000  -99.000  -999
OBS: 5999829  54142.340   -57.00   0.0000e+00   0.0000e+00   0.0000e+00   0  Y  0.00  1   !  -9.99000e+02  -99.000  -99.000  -999
OBS: 5999829  54144.340   -55.00   0.0000e+00   0.0000e+00   0.0000e+00   0  Y  0.00  1   !  -9.99000e+02  -99.000  -99.000  -999
OBS: 5999829  54146.340   -53.00   0.0000e+00   0.0000e+00   0.0000e+00   0  Y  0.00  1   !  -9.99000e+02  -99.000  -99.000  -999
OBS: 5999829  54148.340   -51.00   0.0000e+00   0.0000e+00   0.0000e+00   0  Y  0.00  1   !  -9.99000e+02  -99.000  -99.000  -999
OBS: 5999829  54150.340   -49.00   0.0000e+00   0.0000e+00   0.0000e+00   0  Y  0.00  1   !  -9.99000e+02  -99.000  -99.000  -999
OBS: 5999829  54152.340   -47.00   0.0000e+00   0.0000e+00   0.0000e+00   0  Y  0.00  1   !  -9.99000e+02  -99.000  -99.000  -999
OBS: 5999829  54154.340   -45.00   0.0000e+00   0.0000e+00   0.0000e+00   0  Y  0.00  1   !  -9.99000e+02  -99.000  -99.000  -999
OBS: 5999829  54156.340   -43.00   0.0000e+00   0.0000e+00   0.0000e+00   0  Y  0.00  1   !  -9.99000e+02  -99.000  -99.000  -999
OBS: 5999829  54158.340   -41.00   0.0000e+00   0.0000e+00   0.0000e+00   0  Y  0.00  1   !  -9.99000e+02  -99.000  -99.000  -999
OBS: 5999829  54160.340   -39.00   0.0000e+00   0.0000e+00   0.0000e+00   0  Y  0.00  1   !  -9.99000e+02  -99.000  -99.000  -999
OBS: 5999829  54162.340   -37.00   0.0000e+00   0.0000e+00   0.0000e+00   0  Y  0.00  1   !  -9.99000e+02  -99.000  -99.000  -999
OBS: 5999829  54164.340   -35.00   0.0000e+00   0.0000e+00   0.0000e+00   0  Y  0.00  1   !  -9.99000e+02  -99.000  -99.000  -999
OBS: 5999829  54166.340   -33.00   0.0000e+00   0.0000e+00   0.0000e+00   0  Y  0.00  1   !  -9.99000e+02  -99.000  -99.000  -999
OBS: 5999829  54168.340   -31.00   0.0000e+00   0.0000e+00   0.0000e+00   0  Y  0.00  1   !  -9.99000e+02  -99.000  -99.000  -999
OBS: 5999829  54170.340   -29.00   0.0000e+00   0.0000e+00   0.0000e+00   0  Y  0.00  1   !  -9.99000e+02  -99.000  -99.000  -999
OBS: 5999829  54172.340   -27.00   0.0000e+00   0.0000e+00   0.0000e+00   0  Y  0.00  1   !  -9.99000e+02  -99.000  -99.000  -999
OBS: 5999829  54174.340   -25.00   0.0000e+00   0.0000e+00   0.0000e+00   0  Y  0.00  1   !  -9.99000e+02  -99.000  -99.000  -999
OBS: 5999829  54176.340   -23.00   0.0000e+00   0.0000e+00   0.0000e+00   0  Y  0.00  1   !  -9.99000e+02  -99.000  -99.000  -999
OBS: 5999829  54178.340   -21.00   0.0000e+00   5.8052e+02   3.4942e+02   0  Y  0.00  1   !  -9.99000e+02  -99.000  -99.000  -999
OBS: 5999829  54180.340   -19.00   0.0000e+00   6.1254e+02   3.6870e+02   0  Y  0.00  1   !  -9.99000e+02  -99.000  -99.000  -999
OBS: 5999829  54182.340   -17.00   0.0000e+00   6.1013e+02   3.6725e+02   0  Y  0.00  1   !  -9.99000e+02  -99.000  -99.000  -999
OBS: 5999829  54184.340   -15.00   0.0000e+00   8.8408e+02   1.8089e+02   0  Y  0.00  1   !  -9.99000e+02  -99.000  -99.000  -999
OBS: 5999829  54186.340   -13.00   0.0000e+00   1.4378e+03   1.1357e+02   0  Y  0.00  1   !  -9.99000e+02  -99.000  -99.000  -999
OBS: 5999829  54188.340   -11.00   0.0000e+00   2.0100e+03   7.8166e+01   0  Y  0.00  1   !  -9.99000e+02  -99.000  -99.000  -999
OBS: 5999829  54190.340    -9.00   0.0000e+00   2.5417e+03   6.7921e+01   0  Y  0.00  1   !  -9.99000e+02  -99.000  -99.000  -999
OBS: 5999829  54192.340    -7.00   0.0000e+00   3.0303e+03   7.1705e+01   0  Y  0.00  1   !  -9.99000e+02  -99.000  -99.000  -999
OBS: 5999829  54194.340    -5.00   0.0000e+00   3.3047e+03   8.4631e+01   0  Y  0.00  1   !  -9.99000e+02  -99.000  -99.000  -999
OBS: 5999829  54196.340    -3.00   0.0000e+00   3.3356e+03   8.6176e+01   0  Y  0.00  1   !  -9.99000e+02  -99.000  -99.000  -999
OBS: 5999829  54198.340    -1.00   0.0000e+00   3.0617e+03   7.5334e+01   0  Y  0.00  1   !  -9.99000e+02  -99.000  -99.000  -999
OBS: 5999829  54200.340     1.00   0.0000e+00   2.7227e+03   8.2019e+01   0  Y  0.00  1   !  -9.99000e+02  -99.000  -99.000  -999
OBS: 5999829  54202.340     3.00   0.0000e+00   2.4963e+03   9.5176e+01   0  Y  0.00  1   !  -9.99000e+02  -99.000  -99.000  -999
OBS: 5999829  54204.340     5.00   0.0000e+00   2.2690e+03   9.5628e+01   0  Y  0.00  1   !  -9.99000e+02  -99.000  -99.000  -999
OBS: 5999829  54206.340     7.00   0.0000e+00   2.0436e+03   8.5892e+01   0  Y  0.00  1   !  -9.99000e+02  -99.000  -99.000  -999
OBS: 5999829  54208.340     9.00   0.0000e+00   1.9026e+03   8.9603e+01   0  Y  0.00  1   !  -9.99000e+02  -99.000  -99.000  -999
OBS: 5999829  54210.340    11.00   0.0000e+00   1.8317e+03   1.0064e+02   0  Y  0.00  1   !  -9.99000e+02  -99.000  -99.000  -999
OBS: 5999829  54212.340    13.00   0.0000e+00   1.7965e+03   1.0055e+02   0  Y  0.00  1   !  -9.99000e+02  -99.000  -99.000  -999
OBS: 5999829  54214.340    15.00   0.0000e+00   1.8524e+03   9.6128e+01   0  Y  0.00  1   !  -9.99000e+02  -99.000  -99.000  -999
OBS: 5999829  54216.340    17.00   0.0000e+00   1.9834e+03   9.3146e+01   0  Y  0.00  1   !  -9.99000e+02  -99.000  -99.000  -999
OBS: 5999829  54218.340    19.00   0.0000e+00   2.1311e+03   9.1867e+01   0  Y  0.00  1   !  -9.99000e+02  -99.000  -99.000  -999
OBS: 5999829  54220.340    21.00   0.0000e+00   2.2913e+03   8.1252e+01   0  Y  0.00  1   !  -9.99000e+02  -99.000  -99.000  -999
OBS: 5999829  54222.340    23.00   0.0000e+00   2.3738e+03   7.1223e+01   0  Y  0.00  1   !  -9.99000e+02  -99.000  -99.000  -999
OBS: 5999829  54224.340    25.00   0.0000e+00   2.4810e+03   7.5524e+01   0  Y  0.00  1   !  -9.99000e+02  -99.000  -99.000  -999
OBS: 5999829  54226.340    27.00   0.0000e+00   2.7518e+03   8.3190e+01   0  Y  0.00  1   !  -9.99000e+02  -99.000  -99.000  -999
OBS: 5999829  54228.340    29.00   0.0000e+00   3.0023e+03   8.3449e+01   0  Y  0.00  1   !  -9.99000e+02  -99.000  -99.000  -999
OBS: 5999829  54230.340    31.00   0.0000e+00   3.1010e+03   8.6233e+01   0  Y  0.00  1   !  -9.99000e+02  -99.000  -99.000  -999
OBS: 5999829  54232.340    33.00   0.0000e+00   3.1406e+03   9.6632e+01   0  Y  0.00  1   !  -9.99000e+02  -99.000  -99.000  -999
OBS: 5999829  54234.340    35.00   0.0000e+00   3.0885e+03   1.0540e+02   0  Y  0.00  1   !  -9.99000e+02  -99.000  -99.000  -999
OBS: 5999829  54236.340    37.00   0.0000e+00   2.9653e+03   1.0147e+02   0  Y  0.00  1   !  -9.99000e+02  -99.000  -99.000  -999
OBS: 5999829  54238.340    39.00   0.0000e+00   2.8757e+03   9.5822e+01   0  Y  0.00  1   !  -9.99000e+02  -99.000  -99.000  -999
OBS: 5999829  54240.340    41.00   0.0000e+00   2.7737e+03   1.0303e+02   0  Y  0.00  1   !  -9.99000e+02  -99.000  -99.000  -999
OBS: 5999829  54242.340    43.00   0.0000e+00   2.5993e+03   1.0837e+02   0  Y  0.00  1   !  -9.99000e+02  -99.000  -99.000  -999
OBS: 5999829  54244.340    45.00   0.0000e+00   2.3798e+03   9.8618e+01   0  Y  0.00  1   !  -9.99000e+02  -99.000  -99.000  -999
OBS: 5999829  54246.340    47.00   0.0000e+00   2.1602e+03   7.7469e+01   0  Y  0.00  1   !  -9.99000e+02  -99.000  -99.000  -999
OBS: 5999829  54248.340    49.00   0.0000e+00   1.9634e+03   6.2036e+01   0  Y  0.00  1   !  -9.99000e+02  -99.000  -99.000  -999
OBS: 5999829  54250.340    51.00   0.0000e+00   1.7973e+03   5.2184e+01   0  Y  0.00  1   !  -9.99000e+02  -99.000  -99.000  -999
OBS: 5999829  54252.340    53.00   0.0000e+00   1.6402e+03   5.1965e+01   0  Y  0.00  1   !  -9.99000e+02  -99.000  -99.000  -999
OBS: 5999829  54254.340    55.00   0.0000e+00   1.4622e+03   8.8014e+02   0  Y  0.00  1   !  -9.99000e+02  -99.000  -99.000  -999
OBS: 5999829  54256.340    57.00   0.0000e+00   1.2842e+03   7.7298e+02   0  Y  0.00  1   !  -9.99000e+02  -99.000  -99.000  -999
OBS: 5999829  54258.340    59.00   0.0000e+00   1.1732e+03   7.0619e+02   0  Y  0.00  1   !  -9.99000e+02  -99.000  -99.000  -999
OBS: 5999829  54260.340    61.00   0.0000e+00   1.0688e+03   6.4334e+02   0  Y  0.00  1   !  -9.99000e+02  -99.000  -99.000  -999
OBS: 5999829  54262.340    63.00   0.0000e+00   9.8232e+02   5.9127e+02   0  Y  0.00  1   !  -9.99000e+02  -99.000  -99.000  -999
OBS: 5999829  54264.340    65.00   0.0000e+00   8.7998e+02   5.2967e+02   0  Y  0.00  1   !  -9.99000e+02  -99.000  -99.000  -999
OBS: 5999829  54266.340    67.00   0.0000e+00   7.3856e+02   4.4454e+02   0  Y  0.00  1   !  -9.99000e+02  -99.000  -99.000  -999
OBS: 5999829  54268.340    69.00   0.0000e+00   6.3052e+02   3.7951e+02   0  Y  0.00  1   !  -9.99000e+02  -99.000  -99.000  -999
OBS: 5999829  54270.340    71.00   0.0000e+00   5.4974e+02   3.3089e+02   0  Y  0.00  1   !  -9.99000e+02  -99.000  -99.000  -999
OBS: 5999829  54272.340    73.00   0.0000e+00   4.8774e+02   2.9357e+02   0  Y  0.00  1   !  -9.99000e+02  -99.000  -99.000  -999
OBS: 5999829  54274.340    75.00   0.0000e+00   4.3964e+02   2.6462e+02   0  Y  0.00  1   !  -9.99000e+02  -99.000  -99.000  -999
OBS: 5999829  54276.340    77.00   0.0000e+00   4.0128e+02   2.4153e+02   0  Y  0.00  1   !  -9.99000e+02  -99.000  -99.000  -999
OBS: 5999829  54278.340    79.00   0.0000e+00   3.7090e+02   2.2325e+02   0  Y  0.00  1   !  -9.99000e+02  -99.000  -99.000  -999
OBS: 5999829  54280.340    81.00   0.0000e+00   3.3013e+02   1.9871e+02   0  Y  0.00  1   !  -9.99000e+02  -99.000  -99.000  -999
OBS: 5999829  54282.340    83.00   0.0000e+00   2.9223e+02   1.7589e+02   0  Y  0.00  1   !  -9.99000e+02  -99.000  -99.000  -999
OBS: 5999829  54284.340    85.00   0.0000e+00   2.5916e+02   1.5599e+02   0  Y  0.00  1   !  -9.99000e+02  -99.000  -99.000  -999
OBS: 5999829  54286.340    87.00   0.0000e+00   2.3022e+02   1.3857e+02   0  Y  0.00  1   !  -9.99000e+02  -99.000  -99.000  -999
OBS: 5999829  54288.340    89.00   0.0000e+00   2.0505e+02   1.2342e+02   0  Y  0.00  1   !  -9.99000e+02  -99.000  -99.000  -999
OBS: 5999829  54290.340    91.00   0.0000e+00   1.8327e+02   1.1031e+02   0  Y  0.00  1   !  -9.99000e+02  -99.000  -99.000  -999
OBS: 5999829  54292.340    93.00   0.0000e+00   1.6108e+02   9.6954e+01   0  Y  0.00  1   !  -9.99000e+02  -99.000  -99.000  -999
OBS: 5999829  54294.340    95.00   0.0000e+00   1.4151e+02   8.5174e+01   0  Y  0.00  1   !  -9.99000e+02  -99.000  -99.000  -999
OBS: 5999829  54296.340    97.00   0.0000e+00   1.2431e+02   7.4824e+01   0  Y  0.00  1   !  -9.99000e+02  -99.000  -99.000  -999
OBS: 5999829  54298.340    99.00   0.0000e+00   1.0920e+02   6.5730e+01   0  Y  0.00  1   !  -9.99000e+02  -99.000  -99.000  -999
OBS: 5999829  54300.340   101.00   0.0000e+00   9.5927e+01   5.7739e+01   0  Y  0.00  1   !  -9.99000e+02  -99.000  -99.000  -999
OBS: 5999829  54302.340   103.00   0.0000e+00   8.4268e+01   5.0722e+01   0  Y  0.00  1   !  -9.99000e+02  -99.000  -99.000  -999
OBS: 5999829  54304.340   105.00   0.0000e+00   7.4029e+01   4.4559e+01   0  Y  0.00  1   !  -9.99000e+02  -99.000  -99.000  -999
OBS: 5999829  54306.340   107.00   0.0000e+00   6.5025e+01   3.9139e+01   0  Y  0.00  1   !  -9.99000e+02  -99.000  -99.000  -999
OBS: 5999829  54308.340   109.00   0.0000e+00   5.7115e+01   3.4378e+01   0  Y  0.00  1   !  -9.99000e+02  -99.000  -99.000  -999
OBS: 5999829  54310.340   111.00   0.0000e+00   5.0166e+01   3.0196e+01   0  Y  0.00  1   !  -9.99000e+02  -99.000  -99.000  -999
OBS: 5999829  54312.340   113.00   0.0000e+00   4.4062e+01   2.6521e+01   0  Y  0.00  1   !  -9.99000e+02  -99.000  -99.000  -999
OBS: 5999829  54314.340   115.00   0.0000e+00   3.8699e+01   2.3293e+01   0  Y  0.00  1   !  -9.99000e+02  -99.000  -99.000  -999
OBS: 5999829  54316.340   117.00   0.0000e+00   3.3988e+01   2.0458e+01   0  Y  0.00  1   !  -9.99000e+02  -99.000  -99.000  -999
OBS: 5999829  54318.340   119.00   0.0000e+00   2.9857e+01   1.7971e+01   0  Y  0.00  1   !  -9.99000e+02  -99.000  -99.000  -999
OBS: 5999829  54320.340   121.00   0.0000e+00   2.6225e+01   1.5785e+01   0  Y  0.00  1   !  -9.99000e+02  -99.000  -99.000  -999
OBS: 5999829  54322.340   123.00   0.0000e+00   2.3031e+01   1.3863e+01   0  Y  0.00  1   !  -9.99000e+02  -99.000  -99.000  -999
OBS: 5999829  54324.340   125.00   0.0000e+00   2.0226e+01   1.2174e+01   0  Y  0.00  1   !  -9.99000e+02  -99.000  -99.000  -999
OBS: 5999829  54326.340   127.00   0.0000e+00   1.7762e+01   1.0691e+01   0  Y  0.00  1   !  -9.99000e+02  -99.000  -99.000  -999
OBS: 5999829  54328.340   129.00   0.0000e+00   1.5598e+01   9.3887e+00   0  Y  0.00  1   !  -9.99000e+02  -99.000  -99.000  -999
OBS: 5999829  54330.340   131.00   0.0000e+00   1.3697e+01   8.2446e+00   0  Y  0.00  1   !  -9.99000e+02  -99.000  -99.000  -999
OBS: 5999829  54332.340   133.00   0.0000e+00   1.2029e+01   7.2407e+00   0  Y  0.00  1   !  -9.99000e+02  -99.000  -99.000  -999
OBS: 5999829  54334.340   135.00   0.0000e+00   1.0567e+01   6.3603e+00   0  Y  0.00  1   !  -9.99000e+02  -99.000  -99.000  -999
OBS: 5999829  54336.340   137.00   0.0000e+00   9.2793e+00   5.5853e+00   0  Y  0.00  1   !  -9.99000e+02  -99.000  -99.000  -999
OBS: 5999829  54338.340   139.00   0.0000e+00   8.1479e+00   4.9043e+00   0  Y  0.00  1   !  -9.99000e+02  -99.000  -99.000  -999
OBS: 5999829  54222.641    23.30   2.3238e+03   3.5663e+03   1.1479e+03   1  y  1.20  1   Y  2.89338e+18  -0.311  -0.874  1.00000e+11
OBS: 5999829  54222.660    23.32   2.3246e+03   2.8786e+03   3.3727e+03   1  y  0.03  1   Y  2.33714e+18  -0.310  -0.873  1.00000e+11
OBS: 5999829  54254.512    55.17   1.5147e+03   9.3356e+02   2.7629e+02  -1  y  0.36  1   !  -9.99000e+02  -99.000  -99.000  -999
OBS: 5999829  54254.520    55.18   1.5137e+03   1.8819e+03   3.0042e+02  -1  y  0.16  1   !  -9.99000e+02  -99.000  -99.000  -999
OBS: 5999829  54140.340   -59.00   0.0000e+00   0.0000e+00   0.0000e+00   0  y  0.00  1   !  -9.99000e+02  -99.000  -99.000  -999
OBS: 5999829  54142.340   -57.00   0.0000e+00   0.0000e+00   0.0000e+00   0  y  0.00  1   !  -9.99000e+02  -99.000  -99.000  -999
OBS: 5999829  54144.340   -55.00   0.0000e+00   0.0000e+00   0.0000e+00   0  y  0.00  1   !  -9.99000e+02  -99.000  -99.000  -999
OBS: 5999829  54146.340   -53.00   0.0000e+00   0.0000e+00   0.0000e+00   0  y  0.00  1   !  -9.99000e+02  -99.000  -99.000  -999
OBS: 5999829  54148.340   -51.00   0.0000e+00   0.0000e+00   0.0000e+00   0  y  0.00  1   !  -9.99000e+02  -99.000  -99.000  -999
OBS: 5999829  54150.340   -49.00   0.0000e+00   0.0000e+00   0.0000e+00   0  y  0.00  1   !  -9.99000e+02  -99.000  -99.000  -999
OBS: 5999829  54152.340   -47.00   0.0000e+00   0.0000e+00   0.0000e+00   0  y  0.00  1   !  -9.99000e+02  -99.000  -99.000  -999
OBS: 5999829  54154.340   -45.00   0.0000e+00   0.0000e+00   0.0000e+00   0  y  0.00  1   !  -9.99000e+02  -99.000  -99.000  -999
OBS: 5999829  54156.340   -43.00   0.0000e+00   0.0000e+00   0.0000e+00   0  y  0.00  1   !  -9.99000e+02  -99.000  -99.000  -999
OBS: 5999829  54158.340   -41.00   0.0000e+00   0.0000e+00   0.0000e+00   0  y  0.00  1   !  -9.99000e+02  -99.000  -99.000  -999
OBS: 5999829  54160.340   -39.00   0.0000e+00   0.0000e+00   0.0000e+00   0  y  0.00  1   !  -9.99000e+02  -99.000  -99.000  -999
OBS: 5999829  54162.340   -37.00   0.0000e+00   0.0000e+00   0.0000e+00   0  y  0.00  1   !  -9.99000e+02  -99.000  -99.000  -999
OBS: 5999829  54164.340   -35.00   0.0000e+00   0.0000e+00   0.0000e+00   0  y  0.00  1   !  -9.99000e+02  -99.000  -99.000  -999
OBS: 5999829  54166.340   -33.00   0.0000e+00   0.0000e+00   0.0000e+00   0  y  0.00  1   !  -9.99000e+02  -99.000  -99.000  -999
OBS: 5999829  54168.340   -31.00   0.0000e+00   0.0000e+00   0.0000e+00   0  y  0.00  1   !  -9.99000e+02  -99.000  -99.000  -999
OBS: 5999829  54170.340   -29.00   0.0000e+00   0.0000e+00   0.0000e+00   0  y  0.00  1   !  -9.99000e+02  -99.000  -99.000  -999
OBS: 5999829  54172.340   -27.00   0.0000e+00   0.0000e+00   0.0000e+00   0  y  0.00  1   !  -9.99000e+02  -99.000  -99.000  -999
OBS: 5999829  54174.340   -25.00   0.0000e+00   0.0000e+00   0.0000e+00   0  y  0.00  1   !  -9.99000e+02  -99.000  -99.000  -999
OBS: 5999829  54176.340   -23.00   0.0000e+00   0.0000e+00   0.0000e+00   0  y  0.00  1   !  -9.99000e+02  -99.000  -99.000  -999
OBS: 5999829  54178.340   -21.00   0.0000e+00   5.9160e+02   3.5609e+02   0  y  0.00  1   !  -9.99000e+02  -99.000  -99.000  -999
OBS: 5999829  54180.340   -19.00   0.0000e+00   6.0626e+02   3.6491e+02   0  y  0.00  1   !  -9.99000e+02  -99.000  -99.000  -999
OBS: 5999829  54182.340   -17.00   0.0000e+00   6.0358e+02   3.6330e+02   0  y  0.00  1   !  -9.99000e+02  -99.000  -99.000  -999
OBS: 5999829  54184.340   -15.00   0.0000e+00   8.7096e+02   1.7820e+02   0  y  0.00  1   !  -9.99000e+02  -99.000  -99.000  -999
OBS: 5999829  54186.340   -13.00   0.0000e+00   1.4139e+03   1.1169e+02   0  y  0.00  1   !  -9.99000e+02  -99.000  -99.000  -999
OBS: 5999829  54188.340   -11.00   0.0000e+00   1.9865e+03   7.7252e+01   0  y  0.00  1   !  -9.99000e+02  -99.000  -99.000  -999
OBS: 5999829  54190.340    -9.00   0.0000e+00   2.5282e+03   6.7560e+01   0  y  0.00  1   !  -9.99000e+02  -99.000  -99.000  -999
OBS: 5999829  54192.340    -7.00   0.0000e+00   3.0160e+03   7.1366e+01   0  y  0.00  1   !  -9.99000e+02  -99.000  -99.000  -999
OBS: 5999829  54194.340    -5.00   0.0000e+00   3.2720e+03   8.3794e+01   0  y  0.00  1   !  -9.99000e+02  -99.000  -99.000  -999
OBS: 5999829  54196.340    -3.00   0.0000e+00   3.2938e+03   8.5097e+01   0  y  0.00  1   !  -9.99000e+02  -99.000  -99.000  -999
OBS: 5999829  54198.340    -1.00   0.0000e+00   3.0095e+03   7.4051e+01   0  y  0.00  1   !  -9.99000e+02  -99.000  -99.000  -999
OBS: 5999829  54200.340     1.00   0.0000e+00   2.6628e+03   8.0214e+01   0  y  0.00  1   !  -9.99000e+02  -99.000  -99.000  -999
OBS: 5999829  54202.340     3.00   0.0000e+00   2.4311e+03   9.2691e+01   0  y  0.00  1   !  -9.99000e+02  -99.000  -99.000  -999
OBS: 5999829  54204.340     5.00   0.0000e+00   2.2009e+03   9.2757e+01   0  y  0.00  1   !  -9.99000e+02  -99.000  -99.000  -999
OBS: 5999829  54206.340     7.00   0.0000e+00   1.9815e+03   8.3284e+01   0  y  0.00  1   !  -9.99000e+02  -99.000  -99.000  -999
OBS: 5999829  54208.340     9.00   0.0000e+00   1.8441e+03   8.6847e+01   0  y  0.00  1   !  -9.99000e+02  -99.000  -99.000  -999
OBS: 5999829  54210.340    11.00   0.0000e+00   1.7658e+03   9.7025e+01   0  y  0.00  1   !  -9.99000e+02  -99.000  -99.000  -999
OBS: 5999829  54212.340    13.00   0.0000e+00   1.7256e+03   9.6578e+01   0  y  0.00  1   !  -9.99000e+02  -99.000  -99.000  -999
OBS: 5999829  54214.340    15.00   0.0000e+00   1.7752e+03   9.2120e+01   0  y  0.00  1   !  -9.99000e+02  -99.000  -99.000  -999
OBS: 5999829  54216.340    17.00   0.0000e+00   1.8979e+03   8.9128e+01   0  y  0.00  1   !  -9.99000e+02  -99.000  -99.000  -999
OBS: 5999829  54218.340    19.00   0.0000e+00   2.0402e+03   8.7950e+01   0  y  0.00  1   !  -9.99000e+02  -99.000  -99.000  -999
OBS: 5999829  54220.340    21.00   0.0000e+00   2.1992e+03   7.7987e+01   0  y  0.00  1   !  -9.99000e+02  -99.000  -99.000  -999
OBS: 5999829  54222.340    23.00   0.0000e+00   2.2967e+03   6.8912e+01   0  y  0.00  1   !  -9.99000e+02  -99.000  -99.000  -999
OBS: 5999829  54224.340    25.00   0.0000e+00   2.4195e+03   7.3652e+01   0  y  0.00  1   !  -9.99000e+02  -99.000  -99.000  -999
OBS: 5999829  54226.340    27.00   0.0000e+00   2.6992e+03   8.1599e+01   0  y  0.00  1   !  -9.99000e+02  -99.000  -99.000  -999
OBS: 5999829  54228.340    29.00   0.0000e+00   2.9655e+03   8.2427e+01   0  y  0.00  1   !  -9.99000e+02  -99.000  -99.000  -999
OBS: 5999829  54230.340    31.00   0.0000e+00   3.1030e+03   8.6289e+01   0  y  0.00  1   !  -9.99000e+02  -99.000  -99.000  -999
OBS: 5999829  54232.340    33.00   0.0000e+00   3.1818e+03   9.7898e+01   0  y  0.00  1   !  -9.99000e+02  -99.000  -99.000  -999
OBS: 5999829  54234.340    35.00   0.0000e+00   3.1483e+03   1.0744e+02   0  y  0.00  1   !  -9.99000e+02  -99.000  -99.000  -999
OBS: 5999829  54236.340    37.00   0.0000e+00   3.0403e+03   1.0404e+02   0  y  0.00  1   !  -9.99000e+02  -99.000  -99.000  -999
OBS: 5999829  54238.340    39.00   0.0000e+00   2.9591e+03   9.8600e+01   0  y  0.00  1   !  -9.99000e+02  -99.000  -99.000  -999
OBS: 5999829  54240.340    41.00   0.0000e+00   2.8604e+03   1.0625e+02   0  y  0.00  1   !  -9.99000e+02  -99.000  -99.000  -999
OBS: 5999829  54242.340    43.00   0.0000e+00   2.6860e+03   1.1199e+02   0  y  0.00  1   !  -9.99000e+02  -99.000  -99.000  -999
OBS: 5999829  54244.340    45.00   0.0000e+00   2.4631e+03   1.0207e+02   0  y  0.00  1   !  -9.99000e+02  -99.000  -99.000  -999
OBS: 5999829  54246.340    47.00   0.0000e+00   2.2391e+03   8.0298e+01   0  y  0.00  1   !  -9.99000e+02  -99.000  -99.000  -999
OBS: 5999829  54248.340    49.00   0.0000e+00   2.0376e+03   6.4380e+01   0  y  0.00  1   !  -9.99000e+02  -99.000  -99.000  -999
OBS: 5999829  54250.340    51.00   0.0000e+00   1.8668e+03   5.4203e+01   0  y  0.00  1   !  -9.99000e+02  -99.000  -99.000  -999
OBS: 5999829  54252.340    53.00   0.0000e+00   1.7047e+03   5.4010e+01   0  y  0.00  1   !  -9.99000e+02  -99.000  -99.000  -999
OBS: 5999829  54254.340    55.00   0.0000e+00   1.5204e+03   9.1517e+02   0  y  0.00  1   !  -9.99000e+02  -99.000  -99.000  -999
OBS: 5999829  54256.340    57.00   0.0000e+00   1.3348e+03   8.0341e+02   0  y  0.00  1   !  -9.99000e+02  -99.000  -99.000  -999
OBS: 5999829  54258.340    59.00   0.0000e+00   1.2161e+03   7.3200e+02   0  y  0.00  1   !  -9.99000e+02  -99.000  -99.000  -999
OBS: 5999829  54260.340    61.00   0.0000e+00   1.1048e+03   6.6498e+02   0  y  0.00  1   !  -9.99000e+02  -99.000  -99.000  -999
OBS: 5999829  54262.340    63.00   0.0000e+00   1.0128e+03   6.0960e+02   0  y  0.00  1   !  -9.99000e+02  -99.000  -99.000  -999
OBS: 5999829  54264.340    65.00   0.0000e+00   9.0498e+02   5.4472e+02   0  y  0.00  1   !  -9.99000e+02  -99.000  -99.000  -999
OBS: 5999829  54266.340    67.00   0.0000e+00   7.5876e+02   4.5671e+02   0  y  0.00  1   !  -9.99000e+02  -99.000  -99.000  -999
OBS: 5999829  54268.340    69.00   0.0000e+00   6.4758e+02   3.8978e+02   0  y  0.00  1   !  -9.99000e+02  -99.000  -99.000  -999
OBS: 5999829  54270.340    71.00   0.0000e+00   5.6453e+02   3.3980e+02   0  y  0.00  1   !  -9.99000e+02  -99.000  -99.000  -999
OBS: 5999829  54272.340    73.00   0.0000e+00   5.0079e+02   3.0143e+02   0  y  0.00  1   !  -9.99000e+02  -99.000  -99.000  -999
OBS: 5999829  54274.340    75.00   0.0000e+00   4.5139e+02   2.7169e+02   0  y  0.00  1   !  -9.99000e+02  -99.000  -99.000  -999
OBS: 5999829  54276.340    77.00   0.0000e+00   4.1200e+02   2.4799e+02   0  y  0.00  1   !  -9.99000e+02  -99.000  -99.000  -999
OBS: 5999829  54278.340    79.00   0.0000e+00   3.8088e+02   2.2926e+02   0  y  0.00  1   !  -9.99000e+02  -99.000  -99.000  -999
OBS: 5999829  54280.340    81.00   0.0000e+00   3.3893e+02   2.0400e+02   0  y  0.00  1   !  -9.99000e+02  -99.000  -99.000  -999
OBS: 5999829  54282.340    83.00   0.0000e+00   2.9993e+02   1.8053e+02   0  y  0.00  1   !  -9.99000e+02  -99.000  -99.000  -999
OBS: 5999829  54284.340    85.00   0.0000e+00   2.6592e+02   1.6006e+02   0  y  0.00  1   !  -9.99000e+02  -99.000  -99.000  -999
OBS: 5999829  54286.340    87.00   0.0000e+00   2.3617e+02   1.4215e+02   0  y  0.00  1   !  -9.99000e+02  -99.000  -99.000  -999
OBS: 5999829  54288.340    89.00   0.0000e+00   2.1032e+02   1.2659e+02   0  y  0.00  1   !  -9.99000e+02  -99.000  -99.000  -999
OBS: 5999829  54290.340    91.00   0.0000e+00   1.8797e+02   1.1314e+02   0  y  0.00  1   !  -9.99000e+02  -99.000  -99.000  -999
OBS: 5999829  54292.340    93.00   0.0000e+00   1.6522e+02   9.9447e+01   0  y  0.00  1   !  -9.99000e+02  -99.000  -99.000  -999
OBS: 5999829  54294.340    95.00   0.0000e+00   1.4515e+02   8.7368e+01   0  y  0.00  1   !  -9.99000e+02  -99.000  -99.000  -999
OBS: 5999829  54296.340    97.00   0.0000e+00   1.2752e+02   7.6754e+01   0  y  0.00  1   !  -9.99000e+02  -99.000  -99.000  -999
OBS: 5999829  54298.340    99.00   0.0000e+00   1.1202e+02   6.7428e+01   0  y  0.00  1   !  -9.99000e+02  -99.000  -99.000  -999
OBS: 5999829  54300.340   101.00   0.0000e+00   9.8410e+01   5.9234e+01   0  y  0.00  1   !  -9.99000e+02  -99.000  -99.000  -999
OBS: 5999829  54302.340   103.00   0.0000e+00   8.6454e+01   5.2037e+01   0  y  0.00  1   !  -9.99000e+02  -99.000  -99.000  -999
OBS: 5999829  54304.340   105.00   0.0000e+00   7.5952e+01   4.5716e+01   0  y  0.00  1   !  -9.99000e+02  -99.000  -99.000  -999
OBS: 5999829  54306.340   107.00   0.0000e+00   6.6718e+01   4.0158e+01   0  y  0.00  1   !  -9.99000e+02  -99.000  -99.000  -999
OBS: 5999829  54308.340   109.00   0.0000e+00   5.8605e+01   3.5275e+01   0  y  0.00  1   !  -9.99000e+02  -99.000  -99.000  -999
OBS: 5999829  54310.340   111.00   0.0000e+00   5.1478e+01   3.0985e+01   0  y  0.00  1   !  -9.99000e+02  -99.000  -99.000  -999
OBS: 5999829  54312.340   113.00   0.0000e+00   4.5217e+01   2.7216e+01   0  y  0.00  1   !  -9.99000e+02  -99.000  -99.000  -999
OBS: 5999829  54314.340   115.00   0.0000e+00   3.9716e+01   2.3906e+01   0  y  0.00  1   !  -9.99000e+02  -99.000  -99.000  -999
OBS: 5999829  54316.340   117.00   0.0000e+00   3.4884e+01   2.0997e+01   0  y  0.00  1   !  -9.99000e+02  -99.000  -99.000  -999
OBS: 5999829  54318.340   119.00   0.0000e+00   3.0645e+01   1.8446e+01   0  y  0.00  1   !  -9.99000e+02  -99.000  -99.000  -999
OBS: 5999829  54320.340   121.00   0.0000e+00   2.6919e+01   1.6203e+01   0  y  0.00  1   !  -9.99000e+02  -99.000  -99.000  -999
OBS: 5999829  54322.340   123.00   0.0000e+00   2.3643e+01   1.4231e+01   0  y  0.00  1   !  -9.99000e+02  -99.000  -99.000  -999
OBS: 5999829  54324.340   125.00   0.0000e+00   2.0765e+01   1.2498e+01   0  y  0.00  1   !  -9.99000e+02  -99.000  -99.000  -999
OBS: 5999829  54326.340   127.00   0.0000e+00   1.8237e+01   1.0977e+01   0  y  0.00  1   !  -9.99000e+02  -99.000  -99.000  -999
OBS: 5999829  54328.340   129.00   0.0000e+00   1.6016e+01   9.6402e+00   0  y  0.00  1   !  -9.99000e+02  -99.000  -99.000  -999
OBS: 5999829  54330.340   131.00   0.0000e+00   1.4066e+01   8.4662e+00   0  y  0.00  1   !  -9.99000e+02  -99.000  -99.000  -999
OBS: 5999829  54332.340   133.00   0.0000e+00   1.2354e+01   7.4358e+00   0  y  0.00  1   !  -9.99000e+02  -99.000  -99.000  -999
OBS: 5999829  54334.340   135.00   0.0000e+00   1.0852e+01   6.5321e+00   0  y  0.00  1   !  -9.99000e+02  -99.000  -99.000  -999
OBS: 5999829  54336.340   137.00   0.0000e+00   9.5306e+00   5.7366e+00   0  y  0.00  1   !  -9.99000e+02  -99.000  -99.000  -999
OBS: 5999829  54338.340   139.00   0.0000e+00   8.3694e+00   5.0376e+00   0  y  0.00  1   !  -9.99000e+02  -99.000  -99.000  -999
OBS: 5999829  54198.672    -0.67   2.5159e+03   2.0491e+03   1.3464e+03   1  H  0.12  1   H  2.04152e+18  -0.088  -0.691  1.00000e+11
OBS: 5999829  54205.660     6.32   1.7274e+03   2.2526e+02   1.6268e+03   1  H  0.86  1   H  2.67161e+17  0.102  -0.316  1.00000e+11
OBS: 5999829  54219.621    20.28   1.6130e+03   6.8078e+02   1.1190e+03   1  H  0.70  1   H  9.27100e+17  0.252  -2.118  1.00000e+11
OBS: 5999829  54219.648    20.31   1.6142e+03   2.7053e+03   1.3969e+03   1  H  0.60  1   H  3.68420e+18  0.252  -2.111  1.00000e+11
OBS: 5999829  54234.559    35.22   2.1297e+03   2.6290e+03   2.2396e+03   1  H  0.05  1   H  3.04776e+18  0.077  -2.876  1.00000e+11
OBS: 5999829  54234.578    35.24   2.1302e+03   1.5181e+03   1.6125e+03   1  H  0.15  1   H  1.75875e+18  0.076  -2.888  1.00000e+11
OBS: 5999829  54245.578    46.24   1.3256e+03   2.5892e+03   4.7087e+02   1  H  6.82  1   H  2.94686e+18  0.057  -2.511  1.00000e+11
OBS: 5999829  54245.590    46.25   1.3246e+03   4.1840e+02   5.1213e+02   1  H  3.02  1   H  4.76307e+17  0.057  -2.506  1.00000e+11
OBS: 5999829  54140.340   -59.00   0.0000e+00   0.0000e+00   0.0000e+00   0  H  0.00  1   !  -9.99000e+02  -99.000  -99.000  -999
OBS: 5999829  54142.340   -57.00   0.0000e+00   0.0000e+00   0.0000e+00   0  H  0.00  1   !  -9.99000e+02  -99.000  -99.000  -999
OBS: 5999829  54144.340   -55.00   0.0000e+00   0.0000e+00   0.0000e+00   0  H  0.00  1   !  -9.99000e+02  -99.000  -99.000  -999
OBS: 5999829  54146.340   -53.00   0.0000e+00   0.0000e+00   0.0000e+00   0  H  0.00  1   !  -9.99000e+02  -99.000  -99.000  -999
OBS: 5999829  54148.340   -51.00   0.0000e+00   0.0000e+00   0.0000e+00   0  H  0.00  1   !  -9.99000e+02  -99.000  -99.000  -999
OBS: 5999829  54150.340   -49.00   0.0000e+00   0.0000e+00   0.0000e+00   0  H  0.00  1   !  -9.99000e+02  -99.000  -99.000  -999
OBS: 5999829  54152.340   -47.00   0.0000e+00   0.0000e+00   0.0000e+00   0  H  0.00  1   !  -9.99000e+02  -99.000  -99.000  -999
OBS: 5999829  54154.340   -45.00   0.0000e+00   0.0000e+00   0.0000e+00   0  H  0.00  1   !  -9.99000e+02  -99.000  -99.000  -999
OBS: 5999829  54156.340   -43.00   0.0000e+00   0.0000e+00   0.0000e+00   0  H  0.00  1   !  -9.99000e+02  -99.000  -99.000  -999
OBS: 5999829  54158.340   -41.00   0.0000e+00   0.0000e+00   0.0000e+00   0  H  0.00  1   !  -9.99000e+02  -99.000  -99.000  -999
OBS: 5999829  54160.340   -39.00   0.0000e+00   0.0000e+00   0.0000e+00   0  H  0.00  1   !  -9.99000e+02  -99.000  -99.000  -999
OBS: 5999829  54162.340   -37.00   0.0000e+00   0.0000e+00   0.0000e+00   0  H  0.00  1   !  -9.99000e+02  -99.000  -99.000  -999
OBS: 5999829  54164.340   -35.00   0.0000e+00   0.0000e+00   0.0000e+00   0  H  0.00  1   !  -9.99000e+02  -99.000  -99.000  -999
OBS: 5999829  54166.340   -33.00   0.0000e+00   0.0000e+00   0.0000e+00   0  H  0.00  1   !  -9.99000e+02  -99.000  -99.000  -999
OBS: 5999829  54168.340   -31.00   0.0000e+00   0.0000e+00   0.0000e+00   0  H  0.00  1   !  -9.99000e+02  -99.000  -99.000  -999
OBS: 5999829  54170.340   -29.00   0.0000e+00   0.0000e+00   0.0000e+00   0  H  0.00  1   !  -9.99000e+02  -99.000  -99.000  -999
OBS: 5999829  54172.340   -27.00   0.0000e+00   0.0000e+00   0.0000e+00   0  H  0.00  1   !  -9.99000e+02  -99.000  -99.000  -999
OBS: 5999829  54174.340   -25.00   0.0000e+00   0.0000e+00   0.0000e+00   0  H  0.00  1   !  -9.99000e+02  -99.000  -99.000  -999
OBS: 5999829  54176.340   -23.00   0.0000e+00   0.0000e+00   0.0000e+00   0  H  0.00  1   !  -9.99000e+02  -99.000  -99.000  -999
OBS: 5999829  54178.340   -21.00   0.0000e+00   6.1678e+02   3.7125e+02   0  H  0.00  1   !  -9.99000e+02  -99.000  -99.000  -999
OBS: 5999829  54180.340   -19.00   0.0000e+00   7.2355e+02   4.3551e+02   0  H  0.00  1   !  -9.99000e+02  -99.000  -99.000  -999
OBS: 5999829  54182.340   -17.00   0.0000e+00   7.2559e+02   4.3674e+02   0  H  0.00  1   !  -9.99000e+02  -99.000  -99.000  -999
OBS: 5999829  54184.340   -15.00   0.0000e+00   9.9133e+02   5.9669e+02   0  H  0.00  1   !  -9.99000e+02  -99.000  -99.000  -999
OBS: 5999829  54186.340   -13.00   0.0000e+00   1.5637e+03   1.3930e+02   0  H  0.00  1   !  -9.99000e+02  -99.000  -99.000  -999
OBS: 5999829  54188.340   -11.00   0.0000e+00   2.1168e+03   1.0399e+02   0  H  0.00  1   !  -9.99000e+02  -99.000  -99.000  -999
OBS: 5999829  54190.340    -9.00   0.0000e+00   2.5629e+03   8.6138e+01   0  H  0.00  1   !  -9.99000e+02  -99.000  -99.000  -999
OBS: 5999829  54192.340    -7.00   0.0000e+00   2.8691e+03   8.0058e+01   0  H  0.00  1   !  -9.99000e+02  -99.000  -99.000  -999
OBS: 5999829  54194.340    -5.00   0.0000e+00   2.9638e+03   8.9272e+01   0  H  0.00  1   !  -9.99000e+02  -99.000  -99.000  -999
OBS: 5999829  54196.340    -3.00   0.0000e+00   2.8641e+03   8.6117e+01   0  H  0.00  1   !  -9.99000e+02  -99.000  -99.000  -999
OBS: 5999829  54198.340    -1.00   0.0000e+00   2.5754e+03   7.1746e+01   0  H  0.00  1   !  -9.99000e+02  -99.000  -99.000  -999
OBS: 5999829  54200.340     1.00   0.0000e+00   2.3087e+03   6.7975e+01   0  H  0.00  1   !  -9.99000e+02  -99.000  -99.000  -999
OBS: 5999829  54202.340     3.00   0.0000e+00   2.1131e+03   7.7293e+01   0  H  0.00  1   !  -9.99000e+02  -99.000  -99.000  -999
OBS: 5999829  54204.340     5.00   0.0000e+00   1.8867e+03   7.7347e+01   0  H  0.00  1   !  -9.99000e+02  -99.000  -99.000  -999
OBS: 5999829  54206.340     7.00   0.0000e+00   1.6547e+03   7.1734e+01   0  H  0.00  1   !  -9.99000e+02  -99.000  -99.000  -999
OBS: 5999829  54208.340     9.00   0.0000e+00   1.4655e+03   6.7742e+01   0  H  0.00  1   !  -9.99000e+02  -99.000  -99.000  -999
OBS: 5999829  54210.340    11.00   0.0000e+00   1.3712e+03   6.3452e+01   0  H  0.00  1   !  -9.99000e+02  -99.000  -99.000  -999
OBS: 5999829  54212.340    13.00   0.0000e+00   1.3513e+03   5.7019e+01   0  H  0.00  1   !  -9.99000e+02  -99.000  -99.000  -999
OBS: 5999829  54214.340    15.00   0.0000e+00   1.3900e+03   5.5388e+01   0  H  0.00  1   !  -9.99000e+02  -99.000  -99.000  -999
OBS: 5999829  54216.340    17.00   0.0000e+00   1.4803e+03   5.9147e+01   0  H  0.00  1   !  -9.99000e+02  -99.000  -99.000  -999
OBS: 5999829  54218.340    19.00   0.0000e+00   1.5670e+03   5.5410e+01   0  H  0.00  1   !  -9.99000e+02  -99.000  -99.000  -999
OBS: 5999829  54220.340    21.00   0.0000e+00   1.6435e+03   5.0233e+01   0  H  0.00  1   !  -9.99000e+02  -99.000  -99.000  -999
OBS: 5999829  54222.340    23.00   0.0000e+00   1.6991e+03   4.7334e+01   0  H  0.00  1   !  -9.99000e+02  -99.000  -99.000  -999
OBS: 5999829  54224.340    25.00   0.0000e+00   1.7537e+03   5.1352e+01   0  H  0.00  1   !  -9.99000e+02  -99.000  -99.000  -999
OBS: 5999829  54226.340    27.00   0.0000e+00   1.8299e+03   5.7203e+01   0  H  0.00  1   !  -9.99000e+02  -99.000  -99.000  -999
OBS: 5999829  54228.340    29.00   0.0000e+00   1.8983e+03   5.7309e+01   0  H  0.00  1   !  -9.99000e+02  -99.000  -99.000  -999
OBS: 5999829  54230.340    31.00   0.0000e+00   1.9861e+03   5.8599e+01   0  H  0.00  1   !  -9.99000e+02  -99.000  -99.000  -999
OBS: 5999829  54232.340    33.00   0.0000e+00   2.0623e+03   7.3375e+01   0  H  0.00  1   !  -9.99000e+02  -99.000  -99.000  -999
OBS: 5999829  54234.340    35.00   0.0000e+00   2.1298e+03   9.1654e+01   0  H  0.00  1   !  -9.99000e+02  -99.000  -99.000  -999
OBS: 5999829  54236.340    37.00   0.0000e+00   2.1531e+03   1.0079e+02   0  H  0.00  1   !  -9.99000e+02  -99.000  -99.000  -999
OBS: 5999829  54238.340    39.00   0.0000e+00   2.0801e+03   1.0814e+02   0  H  0.00  1   !  -9.99000e+02  -99.000  -99.000  -999
OBS: 5999829  54240.340    41.00   0.0000e+00   1.9336e+03   1.2292e+02   0  H  0.00  1   !  -9.99000e+02  -99.000  -99.000  -999
OBS: 5999829  54242.340    43.00   0.0000e+00   1.7215e+03   1.3192e+02   0  H  0.00  1   !  -9.99000e+02  -99.000  -99.000  -999
OBS: 5999829  54244.340    45.00   0.0000e+00   1.4700e+03   1.2131e+02   0  H  0.00  1   !  -9.99000e+02  -99.000  -99.000  -999
OBS: 5999829  54246.340    47.00   0.0000e+00   1.2522e+03   9.7443e+01   0  H  0.00  1   !  -9.99000e+02  -99.000  -99.000  -999
OBS: 5999829  54248.340    49.00   0.0000e+00   1.1106e+03   7.7500e+01   0  H  0.00  1   !  -9.99000e+02  -99.000  -99.000  -999
OBS: 5999829  54250.340    51.00   0.0000e+00   1.0358e+03   6.6575e+01   0  H  0.00  1   !  -9.99000e+02  -99.000  -99.000  -999
OBS: 5999829  54252.340    53.00   0.0000e+00   9.8592e+02   5.7571e+01   0  H  0.00  1   !  -9.99000e+02  -99.000  -99.000  -999
OBS: 5999829  54254.340    55.00   0.0000e+00   9.3773e+02   2.8429e+02   0  H  0.00  1   !  -9.99000e+02  -99.000  -99.000  -999
OBS: 5999829  54256.340    57.00   0.0000e+00   8.8762e+02   5.3427e+02   0  H  0.00  1   !  -9.99000e+02  -99.000  -99.000  -999
OBS: 5999829  54258.340    59.00   0.0000e+00   8.4756e+02   5.1015e+02   0  H  0.00  1   !  -9.99000e+02  -99.000  -99.000  -999
OBS: 5999829  54260.340    61.00   0.0000e+00   8.0843e+02   4.8660e+02   0  H  0.00  1   !  -9.99000e+02  -99.000  -99.000  -999
OBS: 5999829  54262.340    63.00   0.0000e+00   7.6972e+02   4.6330e+02   0  H  0.00  1   !  -9.99000e+02  -99.000  -99.000  -999
OBS: 5999829  54264.340    65.00   0.0000e+00   7.1928e+02   4.3294e+02   0  H  0.00  1   !  -9.99000e+02  -99.000  -99.000  -999
OBS: 5999829  54266.340    67.00   0.0000e+00   6.4986e+02   3.9116e+02   0  H  0.00  1   !  -9.99000e+02  -99.000  -99.000  -999
OBS: 5999829  54268.340    69.00   0.0000e+00   5.9222e+02   3.5647e+02   0  H  0.00  1   !  -9.99000e+02  -99.000  -99.000  -999
OBS: 5999829  54270.340    71.00   0.0000e+00   5.4681e+02   3.2913e+02   0  H  0.00  1   !  -9.99000e+02  -99.000  -99.000  -999
OBS: 5999829  54272.340    73.00   0.0000e+00   5.1175e+02   3.0803e+02   0  H  0.00  1   !  -9.99000e+02  -99.000  -99.000  -999
OBS: 5999829  54274.340    75.00   0.0000e+00   4.8630e+02   2.9271e+02   0  H  0.00  1   !  -9.99000e+02  -99.000  -99.000  -999
OBS: 5999829  54276.340    77.00   0.0000e+00   4.6307e+02   2.7872e+02   0  H  0.00  1   !  -9.99000e+02  -99.000  -99.000  -999
OBS: 5999829  54278.340    79.00   0.0000e+00   4.3961e+02   2.6461e+02   0  H  0.00  1   !  -9.99000e+02  -99.000  -99.000  -999
OBS: 5999829  54280.340    81.00   0.0000e+00   4.2364e+02   2.5499e+02   0  H  0.00  1   !  -9.99000e+02  -99.000  -99.000  -999
OBS: 5999829  54282.340    83.00   0.0000e+00   4.0944e+02   2.4645e+02   0  H  0.00  1   !  -9.99000e+02  -99.000  -99.000  -999
OBS: 5999829  54284.340    85.00   0.0000e+00   3.9597e+02   2.3834e+02   0  H  0.00  1   !  -9.99000e+02  -99.000  -99.000  -999
OBS: 5999829  54286.340    87.00   0.0000e+00   3.8325e+02   2.3068e+02   0  H  0.00  1   !  -9.99000e+02  -99.000  -99.000  -999
OBS: 5999829  54288.340    89.00   0.0000e+00   3.7147e+02   2.2359e+02   0  H  0.00  1   !  -9.99000e+02  -99.000  -99.000  -999
OBS: 5999829  54290.340    91.00   0.0000e+00   3.6081e+02   2.1718e+02   0  H  0.00  1   !  -9.99000e+02  -99.000  -99.000  -999
OBS: 5999829  54292.340    93.00   0.0000e+00   3.4714e+02   2.0895e+02   0  H  0.00  1   !  -9.99000e+02  -99.000  -99.000  -999
OBS: 5999829  54294.340    95.00   0.0000e+00   3.3390e+02   2.0098e+02   0  H  0.00  1   !  -9.99000e+02  -99.000  -99.000  -999
OBS: 5999829  54296.340    97.00   0.0000e+00   3.2117e+02   1.9332e+02   0  H  0.00  1   !  -9.99000e+02  -99.000  -99.000  -999
OBS: 5999829  54298.340    99.00   0.0000e+00   3.0893e+02   1.8595e+02   0  H  0.00  1   !  -9.99000e+02  -99.000  -99.000  -999
OBS: 5999829  54300.340   101.00   0.0000e+00   2.9715e+02   1.7886e+02   0  H  0.00  1   !  -9.99000e+02  -99.000  -99.000  -999
OBS: 5999829  54302.340   103.00   0.0000e+00   2.8582e+02   1.7204e+02   0  H  0.00  1   !  -9.99000e+02  -99.000  -99.000  -999
OBS: 5999829  54304.340   105.00   0.0000e+00   2.7492e+02   1.6548e+02   0  H  0.00  1   !  -9.99000e+02  -99.000  -99.000  -999
OBS: 5999829  54306.340   107.00   0.0000e+00   2.6443e+02   1.5917e+02   0  H  0.00  1   !  -9.99000e+02  -99.000  -99.000  -999
OBS: 5999829  54308.340   109.00   0.0000e+00   2.5435e+02   1.5310e+02   0  H  0.00  1   !  -9.99000e+02  -99.000  -99.000  -999
OBS: 5999829  54310.340   111.00   0.0000e+00   2.4465e+02   1.4726e+02   0  H  0.00  1   !  -9.99000e+02  -99.000  -99.000  -999
OBS: 5999829  54312.340   113.00   0.0000e+00   2.3532e+02   1.4164e+02   0  H  0.00  1   !  -9.99000e+02  -99.000  -99.000  -999
OBS: 5999829  54314.340   115.00   0.0000e+00   2.2635e+02   1.3624e+02   0  H  0.00  1   !  -9.99000e+02  -99.000  -99.000  -999
OBS: 5999829  54316.340   117.00   0.0000e+00   2.1772e+02   1.3105e+02   0  H  0.00  1   !  -9.99000e+02  -99.000  -99.000  -999
OBS: 5999829  54318.340   119.00   0.0000e+00   2.0942e+02   1.2605e+02   0  H  0.00  1   !  -9.99000e+02  -99.000  -99.000  -999
OBS: 5999829  54320.340   121.00   0.0000e+00   2.0143e+02   1.2125e+02   0  H  0.00  1   !  -9.99000e+02  -99.000  -99.000  -999
OBS: 5999829  54322.340   123.00   0.0000e+00   1.9375e+02   1.1662e+02   0  H  0.00  1   !  -9.99000e+02  -99.000  -99.000  -999
OBS: 5999829  54324.340   125.00   0.0000e+00   1.8637e+02   1.1218e+02   0  H  0.00  1   !  -9.99000e+02  -99.000  -99.000  -999
OBS: 5999829  54326.340   127.00   0.0000e+00   1.7926e+02   1.0790e+02   0  H  0.00  1   !  -9.99000e+02  -99.000  -99.000  -999
OBS: 5999829  54328.340   129.00   0.0000e+00   1.7242e+02   1.0378e+02   0  H  0.00  1   !  -9.99000e+02  -99.000  -99.000  -999
OBS: 5999829  54330.340   131.00   0.0000e+00   1.6585e+02   9.9826e+01   0  H  0.00  1   !  -9.99000e+02  -99.000  -99.000  -999
OBS: 5999829  54332.340   133.00   0.0000e+00   1.5953e+02   9.6020e+01   0  H  0.00  1   !  -9.99000e+02  -99.000  -99.000  -999
OBS: 5999829  54334.340   135.00   0.0000e+00   1.5344e+02   9.2359e+01   0  H  0.00  1   !  -9.99000e+02  -99.000  -99.000  -999
OBS: 5999829  54336.340   137.00   0.0000e+00   1.4759e+02   8.8837e+01   0  H  0.00  1   !  -9.99000e+02  -99.000  -99.000  -999
OBS: 5999829  54338.340   139.00   0.0000e+00   1.4196e+02   8.5450e+01   0  H  0.00  1   !  -9.99000e+02  -99.000  -99.000  -999
