VARNAMES: CID MJD Tobs SIM_FLUXCAL FLUXCAL FLUXCAL_ERR DATAFLAG BAND CHI2 IFIT BAND_REST FLUX_REST KCOR AVWARP SIM_FLUX_REST 
OBS: 6000408  53269.602    -9.50   8.1044e+03   8.0580e+03   2.5147e+02   1  J  0.03  1   J  2.84927e+18  -0.047  3.507  1.00000e+11
OBS: 6000408  53269.602    -9.50   8.1044e+03   7.8324e+03   2.8662e+02   1  J  0.58  1   J  2.76949e+18  -0.047  3.507  1.00000e+11
OBS: 6000408  53270.570    -8.53   8.4549e+03   8.3559e+03   2.5146e+02   1  J  0.10  1   J  2.93713e+18  -0.053  2.741  1.00000e+11
OBS: 6000408  53270.570    -8.53   8.4549e+03   8.4653e+03   2.4182e+02   1  J  0.00  1   J  2.97561e+18  -0.053  2.741  1.00000e+11
OBS: 6000408  53271.520    -7.58   8.6777e+03   8.3866e+03   2.3348e+02   1  J  0.87  1   J  2.92971e+18  -0.060  2.096  1.00000e+11
OBS: 6000408  53271.539    -7.56   8.6818e+03   8.6818e+03   2.3857e+02   1  J  0.00  1   J  3.03244e+18  -0.060  2.083  1.00000e+11
OBS: 6000408  53272.512    -6.59   8.8323e+03   9.1931e+03   2.5459e+02   1  J  1.18  1   J  3.18945e+18  -0.067  1.579  1.00000e+11
OBS: 6000408  53272.520    -6.58   8.8337e+03   9.1355e+03   2.5439e+02   1  J  0.82  1   J  3.16924e+18  -0.067  1.574  1.00000e+11
OBS: 6000408  53277.531    -1.57   8.2093e+03   8.6554e+03   2.6841e+02   1  J  1.65  1   J  2.90712e+18  -0.103  0.085  1.00000e+11
OBS: 6000408  53277.539    -1.56   8.2057e+03   8.3137e+03   2.6953e+02   1  J  0.10  1   J  2.79209e+18  -0.103  0.083  1.00000e+11
OBS: 6000408  53281.520     2.42   6.0077e+03   6.0960e+03   2.1473e+02   1  J  0.09  1   J  2.06696e+18  -0.092  -0.466  1.00000e+11
OBS: 6000408  53281.531     2.43   6.0016e+03   6.1969e+03   2.5317e+02   1  J  0.36  1   J  2.10125e+18  -0.092  -0.467  1.00000e+11
OBS: 6000408  53301.520    22.42   2.7763e+03   3.0098e+03   2.7964e+02   1  J  0.38  1   J  9.09755e+17  -0.217  1.530  1.00000e+11
OBS: 6000408  53301.531    22.43   2.7770e+03   2.1490e+03   2.6192e+02   1  J  3.11  1   J  6.49433e+17  -0.217  1.526  1.00000e+11
OBS: 6000408  53306.551    27.45   3.2312e+03   3.0960e+03   1.9505e+02   1  J  0.18  1   J  8.78715e+17  -0.285  0.736  1.00000e+11
OBS: 6000408  53306.559    27.46   3.2323e+03   2.9975e+03   1.9720e+02   1  J  0.52  1   J  8.50754e+17  -0.285  0.737  1.00000e+11
OBS: 6000408  53220.098   -59.00   0.0000e+00   0.0000e+00   0.0000e+00   0  J  0.00  1   !  -9.99000e+02  -99.000  -99.000  -999
OBS: 6000408  53222.098   -57.00   0.0000e+00   0.0000e+00   0.0000e+00   0  J  0.00  1   !  -9.99000e+02  -99.000  -99.000  -999
OBS: 6000408  53224.098   -55.00   0.0000e+00   0.0000e+00   0.0000e+00   0  J  0.00  1   !  -9.99000e+02  -99.000  -99.000  -999
OBS: 6000408  53226.098   -53.00   0.0000e+00   0.0000e+00   0.0000e+00   0  J  0.00  1   !  -9.99000e+02  -99.000  -99.000  -999
OBS: 6000408  53228.098   -51.00   0.0000e+00   0.0000e+00   0.0000e+00   0  J  0.00  1   !  -9.99000e+02  -99.000  -99.000  -999
OBS: 6000408  53230.098   -49.00   0.0000e+00   0.0000e+00   0.0000e+00   0  J  0.00  1   !  -9.99000e+02  -99.000  -99.000  -999
OBS: 6000408  53232.098   -47.00   0.0000e+00   0.0000e+00   0.0000e+00   0  J  0.00  1   !  -9.99000e+02  -99.000  -99.000  -999
OBS: 6000408  53234.098   -45.00   0.0000e+00   0.0000e+00   0.0000e+00   0  J  0.00  1   !  -9.99000e+02  -99.000  -99.000  -999
OBS: 6000408  53236.098   -43.00   0.0000e+00   0.0000e+00   0.0000e+00   0  J  0.00  1   !  -9.99000e+02  -99.000  -99.000  -999
OBS: 6000408  53238.098   -41.00   0.0000e+00   0.0000e+00   0.0000e+00   0  J  0.00  1   !  -9.99000e+02  -99.000  -99.000  -999
OBS: 6000408  53240.098   -39.00   0.0000e+00   0.0000e+00   0.0000e+00   0  J  0.00  1   !  -9.99000e+02  -99.000  -99.000  -999
OBS: 6000408  53242.098   -37.00   0.0000e+00   0.0000e+00   0.0000e+00   0  J  0.00  1   !  -9.99000e+02  -99.000  -99.000  -999
OBS: 6000408  53244.098   -35.00   0.0000e+00   0.0000e+00   0.0000e+00   0  J  0.00  1   !  -9.99000e+02  -99.000  -99.000  -999
OBS: 6000408  53246.098   -33.00   0.0000e+00   0.0000e+00   0.0000e+00   0  J  0.00  1   !  -9.99000e+02  -99.000  -99.000  -999
OBS: 6000408  53248.098   -31.00   0.0000e+00   0.0000e+00   0.0000e+00   0  J  0.00  1   !  -9.99000e+02  -99.000  -99.000  -999
OBS: 6000408  53250.098   -29.00   0.0000e+00   0.0000e+00   0.0000e+00   0  J  0.00  1   !  -9.99000e+02  -99.000  -99.000  -999
OBS: 6000408  53252.098   -27.00   0.0000e+00   0.0000e+00   0.0000e+00   0  J  0.00  1   !  -9.99000e+02  -99.000  -99.000  -999
OBS: 6000408  53254.098   -25.00   0.0000e+00   0.0000e+00   0.0000e+00   0  J  0.00  1   !  -9.99000e+02  -99.000  -99.000  -999
OBS: 6000408  53256.098   -23.00   0.0000e+00   0.0000e+00   0.0000e+00   0  J  0.00  1   !  -9.99000e+02  -99.000  -99.000  -999
OBS: 6000408  53258.098   -21.00   0.0000e+00   0.0000e+00   0.0000e+00   0  J  0.00  1   !  -9.99000e+02  -99.000  -99.000  -999
OBS: 6000408  53260.098   -19.00   0.0000e+00   2.8988e+03   1.7448e+03   0  J  0.00  1   !  -9.99000e+02  -99.000  -99.000  -999
OBS: 6000408  53262.098   -17.00   0.0000e+00   2.9561e+03   1.7793e+03   0  J  0.00  1   !  -9.99000e+02  -99.000  -99.000  -999
OBS: 6000408  53264.098   -15.00   0.0000e+00   3.4698e+03   1.2470e+03   0  J  0.00  1   !  -9.99000e+02  -99.000  -99.000  -999
OBS: 6000408  53266.098   -13.00   0.0000e+00   5.3478e+03   2.3859e+02   0  J  0.00  1   !  -9.99000e+02  -99.000  -99.000  -999
OBS: 6000408  53268.098   -11.00   0.0000e+00   7.1863e+03   1.8998e+02   0  J  0.00  1   !  -9.99000e+02  -99.000  -99.000  -999
OBS: 6000408  53270.098    -9.00   0.0000e+00   8.3038e+03   2.2966e+02   0  J  0.00  1   !  -9.99000e+02  -99.000  -99.000  -999
OBS: 6000408  53272.098    -7.00   0.0000e+00   8.7820e+03   2.1103e+02   0  J  0.00  1   !  -9.99000e+02  -99.000  -99.000  -999
OBS: 6000408  53274.098    -5.00   0.0000e+00   8.9370e+03   1.9525e+02   0  J  0.00  1   !  -9.99000e+02  -99.000  -99.000  -999
OBS: 6000408  53276.098    -3.00   0.0000e+00   8.6655e+03   2.1218e+02   0  J  0.00  1   !  -9.99000e+02  -99.000  -99.000  -999
OBS: 6000408  53278.098    -1.00   0.0000e+00   7.9996e+03   2.2170e+02   0  J  0.00  1   !  -9.99000e+02  -99.000  -99.000  -999
OBS: 6000408  53280.098     1.00   0.0000e+00   6.8885e+03   2.1904e+02   0  J  0.00  1   !  -9.99000e+02  -99.000  -99.000  -999
OBS: 6000408  53282.098     3.00   0.0000e+00   5.6640e+03   2.1282e+02   0  J  0.00  1   !  -9.99000e+02  -99.000  -99.000  -999
OBS: 6000408  53284.098     5.00   0.0000e+00   4.6535e+03   2.0127e+02   0  J  0.00  1   !  -9.99000e+02  -99.000  -99.000  -999
OBS: 6000408  53286.098     7.00   0.0000e+00   3.7506e+03   2.0131e+02   0  J  0.00  1   !  -9.99000e+02  -99.000  -99.000  -999
OBS: 6000408  53288.098     9.00   0.0000e+00   3.0115e+03   2.2725e+02   0  J  0.00  1   !  -9.99000e+02  -99.000  -99.000  -999
OBS: 6000408  53290.098    11.00   0.0000e+00   2.5448e+03   2.4702e+02   0  J  0.00  1   !  -9.99000e+02  -99.000  -99.000  -999
OBS: 6000408  53292.098    13.00   0.0000e+00   2.3546e+03   2.3488e+02   0  J  0.00  1   !  -9.99000e+02  -99.000  -99.000  -999
OBS: 6000408  53294.098    15.00   0.0000e+00   2.3909e+03   2.2000e+02   0  J  0.00  1   !  -9.99000e+02  -99.000  -99.000  -999
OBS: 6000408  53296.098    17.00   0.0000e+00   2.4961e+03   1.8393e+02   0  J  0.00  1   !  -9.99000e+02  -99.000  -99.000  -999
OBS: 6000408  53298.098    19.00   0.0000e+00   2.5962e+03   1.8553e+02   0  J  0.00  1   !  -9.99000e+02  -99.000  -99.000  -999
OBS: 6000408  53300.098    21.00   0.0000e+00   2.6823e+03   2.2540e+02   0  J  0.00  1   !  -9.99000e+02  -99.000  -99.000  -999
OBS: 6000408  53302.098    23.00   0.0000e+00   2.8240e+03   2.4883e+02   0  J  0.00  1   !  -9.99000e+02  -99.000  -99.000  -999
OBS: 6000408  53304.098    25.00   0.0000e+00   2.9868e+03   2.5779e+02   0  J  0.00  1   !  -9.99000e+02  -99.000  -99.000  -999
OBS: 6000408  53306.098    27.00   0.0000e+00   3.1839e+03   2.6456e+02   0  J  0.00  1   !  -9.99000e+02  -99.000  -99.000  -999
OBS: 6000408  53308.098    29.00   0.0000e+00   3.4145e+03   2.8272e+02   0  J  0.00  1   !  -9.99000e+02  -99.000  -99.000  -999
OBS: 6000408  53310.098    31.00   0.0000e+00   3.7013e+03   3.4377e+02   0  J  0.00  1   !  -9.99000e+02  -99.000  -99.000  -999
OBS: 6000408  53312.098    33.00   0.0000e+00   4.0226e+03   4.1733e+02   0  J  0.00  1   !  -9.99000e+02  -99.000  -99.000  -999
OBS: 6000408  53314.098    35.00   0.0000e+00   4.2207e+03   4.6217e+02   0  J  0.00  1   !  -9.99000e+02  -99.000  -99.000  -999
OBS: 6000408  53316.098    37.00   0.0000e+00   4.0852e+03   4.8110e+02   0  J  0.00  1   !  -9.99000e+02  -99.000  -99.000  -999
OBS: 6000408  53318.098    39.00   0.0000e+00   3.6142e+03   4.5155e+02   0  J  0.00  1   !  -9.99000e+02  -99.000  -99.000  -999
OBS: 6000408  53320.098    41.00   0.0000e+00   2.9846e+03   3.6624e+02   0  J  0.00  1   !  -9.99000e+02  -99.000  -99.000  -999
OBS: 6000408  53322.098    43.00   0.0000e+00   2.3735e+03   2.7162e+02   0  J  0.00  1   !  -9.99000e+02  -99.000  -99.000  -999
OBS: 6000408  53324.098    45.00   0.0000e+00   1.9591e+03   2.1462e+02   0  J  0.00  1   !  -9.99000e+02  -99.000  -99.000  -999
OBS: 6000408  53326.098    47.00   0.0000e+00   1.7687e+03   2.9093e+02   0  J  0.00  1   !  -9.99000e+02  -99.000  -99.000  -999
OBS: 6000408  53328.098    49.00   0.0000e+00   1.6707e+03   4.7747e+02   0  J  0.00  1   !  -9.99000e+02  -99.000  -99.000  -999
OBS: 6000408  53330.098    51.00   0.0000e+00   1.5619e+03   6.2940e+02   0  J  0.00  1   !  -9.99000e+02  -99.000  -99.000  -999
OBS: 6000408  53332.098    53.00   0.0000e+00   1.4467e+03   8.4919e+02   0  J  0.00  1   !  -9.99000e+02  -99.000  -99.000  -999
OBS: 6000408  53334.098    55.00   0.0000e+00   1.3500e+03   8.1258e+02   0  J  0.00  1   !  -9.99000e+02  -99.000  -99.000  -999
OBS: 6000408  53336.098    57.00   0.0000e+00   1.2438e+03   7.4868e+02   0  J  0.00  1   !  -9.99000e+02  -99.000  -99.000  -999
OBS: 6000408  53338.098    59.00   0.0000e+00   1.1478e+03   6.9090e+02   0  J  0.00  1   !  -9.99000e+02  -99.000  -99.000  -999
OBS: 6000408  53340.098    61.00   0.0000e+00   1.0646e+03   6.4082e+02   0  J  0.00  1   !  -9.99000e+02  -99.000  -99.000  -999
OBS: 6000408  53342.098    63.00   0.0000e+00   9.7557e+02   5.8721e+02   0  J  0.00  1   !  -9.99000e+02  -99.000  -99.000  -999
OBS: 6000408  53344.098    65.00   0.0000e+00   8.3896e+02   5.0498e+02   0  J  0.00  1   !  -9.99000e+02  -99.000  -99.000  -999
OBS: 6000408  53346.098    67.00   0.0000e+00   7.4033e+02   4.4561e+02   0  J  0.00  1   !  -9.99000e+02  -99.000  -99.000  -999
OBS: 6000408  53348.098    69.00   0.0000e+00   6.7185e+02   4.0439e+02   0  J  0.00  1   !  -9.99000e+02  -99.000  -99.000  -999
OBS: 6000408  53350.098    71.00   0.0000e+00   6.1915e+02   3.7268e+02   0  J  0.00  1   !  -9.99000e+02  -99.000  -99.000  -999
OBS: 6000408  53352.098    73.00   0.0000e+00   5.6908e+02   3.4253e+02   0  J  0.00  1   !  -9.99000e+02  -99.000  -99.000  -999
OBS: 6000408  53354.098    75.00   0.0000e+00   5.1812e+02   3.1186e+02   0  J  0.00  1   !  -9.99000e+02  -99.000  -99.000  -999
OBS: 6000408  53356.098    77.00   0.0000e+00   4.6410e+02   2.7934e+02   0  J  0.00  1   !  -9.99000e+02  -99.000  -99.000  -999
OBS: 6000408  53358.098    79.00   0.0000e+00   4.3776e+02   2.6349e+02   0  J  0.00  1   !  -9.99000e+02  -99.000  -99.000  -999
OBS: 6000408  53360.098    81.00   0.0000e+00   4.1388e+02   2.4912e+02   0  J  0.00  1   !  -9.99000e+02  -99.000  -99.000  -999
OBS: 6000408  53362.098    83.00   0.0000e+00   3.9140e+02   2.3559e+02   0  J  0.00  1   !  -9.99000e+02  -99.000  -99.000  -999
OBS: 6000408  53364.098    85.00   0.0000e+00   3.7010e+02   2.2277e+02   0  J  0.00  1   !  -9.99000e+02  -99.000  -99.000  -999
OBS: 6000408  53366.098    87.00   0.0000e+00   3.4960e+02   2.1043e+02   0  J  0.00  1   !  -9.99000e+02  -99.000  -99.000  -999
OBS: 6000408  53368.098    89.00   0.0000e+00   3.3044e+02   1.9889e+02   0  J  0.00  1   !  -9.99000e+02  -99.000  -99.000  -999
OBS: 6000408  53370.098    91.00   0.0000e+00   3.1450e+02   1.8930e+02   0  J  0.00  1   !  -9.99000e+02  -99.000  -99.000  -999
OBS: 6000408  53372.098    93.00   0.0000e+00   2.9933e+02   1.8017e+02   0  J  0.00  1   !  -9.99000e+02  -99.000  -99.000  -999
OBS: 6000408  53374.098    95.00   0.0000e+00   2.8489e+02   1.7148e+02   0  J  0.00  1   !  -9.99000e+02  -99.000  -99.000  -999
OBS: 6000408  53376.098    97.00   0.0000e+00   2.7115e+02   1.6321e+02   0  J  0.00  1   !  -9.99000e+02  -99.000  -99.000  -999
OBS: 6000408  53378.098    99.00   0.0000e+00   2.5807e+02   1.5534e+02   0  J  0.00  1   !  -9.99000e+02  -99.000  -99.000  -999
OBS: 6000408  53380.098   101.00   0.0000e+00   2.4562e+02   1.4784e+02   0  J  0.00  1   !  -9.99000e+02  -99.000  -99.000  -999
OBS: 6000408  53382.098   103.00   0.0000e+00   2.3377e+02   1.4071e+02   0  J  0.00  1   !  -9.99000e+02  -99.000  -99.000  -999
OBS: 6000408  53384.098   105.00   0.0000e+00   2.2250e+02   1.3392e+02   0  J  0.00  1   !  -9.99000e+02  -99.000  -99.000  -999
OBS: 6000408  53386.098   107.00   0.0000e+00   2.1177e+02   1.2746e+02   0  J  0.00  1   !  -9.99000e+02  -99.000  -99.000  -999
OBS: 6000408  53388.098   109.00   0.0000e+00   2.0155e+02   1.2132e+02   0  J  0.00  1   !  -9.99000e+02  -99.000  -99.000  -999
OBS: 6000408  53390.098   111.00   0.0000e+00   1.9183e+02   1.1546e+02   0  J  0.00  1   !  -9.99000e+02  -99.000  -99.000  -999
OBS: 6000408  53392.098   113.00   0.0000e+00   1.8258e+02   1.0990e+02   0  J  0.00  1   !  -9.99000e+02  -99.000  -99.000  -999
OBS: 6000408  53394.098   115.00   0.0000e+00   1.7377e+02   1.0459e+02   0  J  0.00  1   !  -9.99000e+02  -99.000  -99.000  -999
OBS: 6000408  53396.098   117.00   0.0000e+00   1.6539e+02   9.9549e+01   0  J  0.00  1   !  -9.99000e+02  -99.000  -99.000  -999
OBS: 6000408  53398.098   119.00   0.0000e+00   1.5741e+02   9.4748e+01   0  J  0.00  1   !  -9.99000e+02  -99.000  -99.000  -999
OBS: 6000408  53400.098   121.00   0.0000e+00   1.4982e+02   9.0178e+01   0  J  0.00  1   !  -9.99000e+02  -99.000  -99.000  -999
OBS: 6000408  53402.098   123.00   0.0000e+00   1.4259e+02   8.5828e+01   0  J  0.00  1   !  -9.99000e+02  -99.000  -99.000  -999
OBS: 6000408  53404.098   125.00   0.0000e+00   1.3571e+02   8.1688e+01   0  J  0.00  1   !  -9.99000e+02  -99.000  -99.000  -999
OBS: 6000408  53406.098   127.00   0.0000e+00   1.2917e+02   7.7748e+01   0  J  0.00  1   !  -9.99000e+02  -99.000  -99.000  -999
OBS: 6000408  53408.098   129.00   0.0000e+00   1.2294e+02   7.3998e+01   0  J  0.00  1   !  -9.99000e+02  -99.000  -99.000  -999
OBS: 6000408  53410.098   131.00   0.0000e+00   1.1701e+02   7.0428e+01   0  J  0.00  1   !  -9.99000e+02  -99.000  -99.000  -999
OBS: 6000408  53412.098   133.00   0.0000e+00   1.1136e+02   6.7031e+01   0  J  0.00  1   !  -9.99000e+02  -99.000  -99.000  -999
OBS: 6000408  53414.098   135.00   0.0000e+00   1.0599e+02   6.3798e+01   0  J  0.00  1   !  -9.99000e+02  -99.000  -99.000  -999
OBS: 6000408  53416.098   137.00   0.0000e+00   1.0088e+02   6.0721e+01   0  J  0.00  1   !  -9.99000e+02  -99.000  -99.000  -999
OBS: 6000408  53418.098   139.00   0.0000e+00   9.6014e+01   5.7792e+01   0  J  0.00  1   !  -9.99000e+02  -99.000  -99.000  -999
OBS: 6000408  53269.602    -9.50   5.5759e+03   5.6043e+03   3.8097e+02   1  y  0.00  1   Y  1.91321e+18  -0.085  -0.656  1.00000e+11
OBS: 6000408  53270.570    -8.53   6.2163e+03   6.1541e+03   1.7027e+02   1  y  0.22  1   Y  2.07171e+18  -0.100  -0.704  1.00000e+11
OBS: 6000408  53270.570    -8.53   6.2163e+03   6.0977e+03   1.7186e+02   1  y  0.49  1   Y  2.05270e+18  -0.100  -0.704  1.00000e+11
OBS: 6000408  53271.520    -7.58   6.7736e+03   6.8168e+03   1.6110e+02   1  y  0.00  1   Y  2.25572e+18  -0.119  -0.773  1.00000e+11
OBS: 6000408  53271.539    -7.56   6.7852e+03   6.7404e+03   1.6195e+02   1  y  0.19  1   Y  2.22960e+18  -0.119  -0.774  1.00000e+11
OBS: 6000408  53272.512    -6.59   7.2027e+03   7.4294e+03   1.7499e+02   1  y  0.44  1   Y  2.42815e+18  -0.132  -0.853  1.00000e+11
OBS: 6000408  53272.520    -6.58   7.2065e+03   7.1350e+03   1.7296e+02   1  y  0.29  1   Y  2.33168e+18  -0.132  -0.854  1.00000e+11
OBS: 6000408  53277.531    -1.57   7.0135e+03   7.3482e+03   1.7432e+02   1  y  1.21  1   Y  2.36295e+18  -0.150  -1.354  1.00000e+11
OBS: 6000408  53277.539    -1.56   7.0093e+03   6.6177e+03   1.9905e+02   1  y  2.80  1   Y  2.12830e+18  -0.150  -1.355  1.00000e+11
OBS: 6000408  53281.520     2.42   5.4618e+03   5.6327e+03   1.8396e+02   1  y  0.21  1   Y  1.79647e+18  -0.159  -1.482  1.00000e+11
OBS: 6000408  53281.531     2.43   5.4587e+03   5.4410e+03   1.6068e+02   1  y  0.06  1   Y  1.73500e+18  -0.159  -1.482  1.00000e+11
OBS: 6000408  53301.520    22.42   5.6099e+03   5.3699e+03   2.0964e+02   1  y  1.08  1   Y  1.66233e+18  -0.191  -0.790  1.00000e+11
OBS: 6000408  53301.531    22.43   5.6120e+03   5.9092e+03   1.8204e+02   1  y  0.90  1   Y  1.82961e+18  -0.191  -0.789  1.00000e+11
OBS: 6000408  53306.551    27.45   7.1216e+03   7.1078e+03   2.3304e+02   1  y  0.06  1   Y  2.22672e+18  -0.178  -0.761  1.00000e+11
OBS: 6000408  53306.559    27.46   7.1250e+03   7.0054e+03   2.0033e+02   1  y  0.40  1   Y  2.19463e+18  -0.178  -0.761  1.00000e+11
OBS: 6000408  53220.098   -59.00   0.0000e+00   0.0000e+00   0.0000e+00   0  y  0.00  1   !  -9.99000e+02  -99.000  -99.000  -999
OBS: 6000408  53222.098   -57.00   0.0000e+00   0.0000e+00   0.0000e+00   0  y  0.00  1   !  -9.99000e+02  -99.000  -99.000  -999
OBS: 6000408  53224.098   -55.00   0.0000e+00   0.0000e+00   0.0000e+00   0  y  0.00  1   !  -9.99000e+02  -99.000  -99.000  -999
OBS: 6000408  53226.098   -53.00   0.0000e+00   0.0000e+00   0.0000e+00   0  y  0.00  1   !  -9.99000e+02  -99.000  -99.000  -999
OBS: 6000408  53228.098   -51.00   0.0000e+00   0.0000e+00   0.0000e+00   0  y  0.00  1   !  -9.99000e+02  -99.000  -99.000  -999
OBS: 6000408  53230.098   -49.00   0.0000e+00   0.0000e+00   0.0000e+00   0  y  0.00  1   !  -9.99000e+02  -99.000  -99.000  -999
OBS: 6000408  53232.098   -47.00   0.0000e+00   0.0000e+00   0.0000e+00   0  y  0.00  1   !  -9.99000e+02  -99.000  -99.000  -999
OBS: 6000408  53234.098   -45.00   0.0000e+00   0.0000e+00   0.0000e+00   0  y  0.00  1   !  -9.99000e+02  -99.000  -99.000  -999
OBS: 6000408  53236.098   -43.00   0.0000e+00   0.0000e+00   0.0000e+00   0  y  0.00  1   !  -9.99000e+02  -99.000  -99.000  -999
OBS: 6000408  53238.098   -41.00   0.0000e+00   0.0000e+00   0.0000e+00   0  y  0.00  1   !  -9.99000e+02  -99.000  -99.000  -999
OBS: 6000408  53240.098   -39.00   0.0000e+00   0.0000e+00   0.0000e+00   0  y  0.00  1   !  -9.99000e+02  -99.000  -99.000  -999
OBS: 6000408  53242.098   -37.00   0.0000e+00   0.0000e+00   0.0000e+00   0  y  0.00  1   !  -9.99000e+02  -99.000  -99.000  -999
OBS: 6000408  53244.098   -35.00   0.0000e+00   0.0000e+00   0.0000e+00   0  y  0.00  1   !  -9.99000e+02  -99.000  -99.000  -999
OBS: 6000408  53246.098   -33.00   0.0000e+00   0.0000e+00   0.0000e+00   0  y  0.00  1   !  -9.99000e+02  -99.000  -99.000  -999
OBS: 6000408  53248.098   -31.00   0.0000e+00   0.0000e+00   0.0000e+00   0  y  0.00  1   !  -9.99000e+02  -99.000  -99.000  -999
OBS: 6000408  53250.098   -29.00   0.0000e+00   0.0000e+00   0.0000e+00   0  y  0.00  1   !  -9.99000e+02  -99.000  -99.000  -999
OBS: 6000408  53252.098   -27.00   0.0000e+00   0.0000e+00   0.0000e+00   0  y  0.00  1   !  -9.99000e+02  -99.000  -99.000  -999
OBS: 6000408  53254.098   -25.00   0.0000e+00   0.0000e+00   0.0000e+00   0  y  0.00  1   !  -9.99000e+02  -99.000  -99.000  -999
OBS: 6000408  53256.098   -23.00   0.0000e+00   0.0000e+00   0.0000e+00   0  y  0.00  1   !  -9.99000e+02  -99.000  -99.000  -999
OBS: 6000408  53258.098   -21.00   0.0000e+00   0.0000e+00   0.0000e+00   0  y  0.00  1   !  -9.99000e+02  -99.000  -99.000  -999
OBS: 6000408  53260.098   -19.00   0.0000e+00   1.3098e+03   7.8836e+02   0  y  0.00  1   !  -9.99000e+02  -99.000  -99.000  -999
OBS: 6000408  53262.098   -17.00   0.0000e+00   1.2839e+03   7.7279e+02   0  y  0.00  1   !  -9.99000e+02  -99.000  -99.000  -999
OBS: 6000408  53264.098   -15.00   0.0000e+00   1.6426e+03   6.8039e+02   0  y  0.00  1   !  -9.99000e+02  -99.000  -99.000  -999
OBS: 6000408  53266.098   -13.00   0.0000e+00   3.0225e+03   3.2905e+02   0  y  0.00  1   !  -9.99000e+02  -99.000  -99.000  -999
OBS: 6000408  53268.098   -11.00   0.0000e+00   4.5184e+03   2.1155e+02   0  y  0.00  1   !  -9.99000e+02  -99.000  -99.000  -999
OBS: 6000408  53270.098    -9.00   0.0000e+00   5.9547e+03   1.7912e+02   0  y  0.00  1   !  -9.99000e+02  -99.000  -99.000  -999
OBS: 6000408  53272.098    -7.00   0.0000e+00   7.1090e+03   1.7520e+02   0  y  0.00  1   !  -9.99000e+02  -99.000  -99.000  -999
OBS: 6000408  53274.098    -5.00   0.0000e+00   7.6238e+03   1.9471e+02   0  y  0.00  1   !  -9.99000e+02  -99.000  -99.000  -999
OBS: 6000408  53276.098    -3.00   0.0000e+00   7.5412e+03   1.9679e+02   0  y  0.00  1   !  -9.99000e+02  -99.000  -99.000  -999
OBS: 6000408  53278.098    -1.00   0.0000e+00   6.8328e+03   1.7497e+02   0  y  0.00  1   !  -9.99000e+02  -99.000  -99.000  -999
OBS: 6000408  53280.098     1.00   0.0000e+00   6.0034e+03   1.8669e+02   0  y  0.00  1   !  -9.99000e+02  -99.000  -99.000  -999
OBS: 6000408  53282.098     3.00   0.0000e+00   5.3352e+03   2.0984e+02   0  y  0.00  1   !  -9.99000e+02  -99.000  -99.000  -999
OBS: 6000408  53284.098     5.00   0.0000e+00   4.7167e+03   1.9688e+02   0  y  0.00  1   !  -9.99000e+02  -99.000  -99.000  -999
OBS: 6000408  53286.098     7.00   0.0000e+00   4.2333e+03   1.8579e+02   0  y  0.00  1   !  -9.99000e+02  -99.000  -99.000  -999
OBS: 6000408  53288.098     9.00   0.0000e+00   3.9720e+03   2.0431e+02   0  y  0.00  1   !  -9.99000e+02  -99.000  -99.000  -999
OBS: 6000408  53290.098    11.00   0.0000e+00   3.8563e+03   2.1941e+02   0  y  0.00  1   !  -9.99000e+02  -99.000  -99.000  -999
OBS: 6000408  53292.098    13.00   0.0000e+00   3.8966e+03   2.1500e+02   0  y  0.00  1   !  -9.99000e+02  -99.000  -99.000  -999
OBS: 6000408  53294.098    15.00   0.0000e+00   4.0851e+03   2.0200e+02   0  y  0.00  1   !  -9.99000e+02  -99.000  -99.000  -999
OBS: 6000408  53296.098    17.00   0.0000e+00   4.4199e+03   2.0416e+02   0  y  0.00  1   !  -9.99000e+02  -99.000  -99.000  -999
OBS: 6000408  53298.098    19.00   0.0000e+00   4.8545e+03   1.9464e+02   0  y  0.00  1   !  -9.99000e+02  -99.000  -99.000  -999
OBS: 6000408  53300.098    21.00   0.0000e+00   5.3561e+03   1.7910e+02   0  y  0.00  1   !  -9.99000e+02  -99.000  -99.000  -999
OBS: 6000408  53302.098    23.00   0.0000e+00   5.7839e+03   1.8967e+02   0  y  0.00  1   !  -9.99000e+02  -99.000  -99.000  -999
OBS: 6000408  53304.098    25.00   0.0000e+00   6.3282e+03   2.0455e+02   0  y  0.00  1   !  -9.99000e+02  -99.000  -99.000  -999
OBS: 6000408  53306.098    27.00   0.0000e+00   7.0282e+03   2.0415e+02   0  y  0.00  1   !  -9.99000e+02  -99.000  -99.000  -999
OBS: 6000408  53308.098    29.00   0.0000e+00   7.6648e+03   2.1515e+02   0  y  0.00  1   !  -9.99000e+02  -99.000  -99.000  -999
OBS: 6000408  53310.098    31.00   0.0000e+00   8.0937e+03   2.4975e+02   0  y  0.00  1   !  -9.99000e+02  -99.000  -99.000  -999
OBS: 6000408  53312.098    33.00   0.0000e+00   8.2468e+03   2.7552e+02   0  y  0.00  1   !  -9.99000e+02  -99.000  -99.000  -999
OBS: 6000408  53314.098    35.00   0.0000e+00   8.1527e+03   2.6458e+02   0  y  0.00  1   !  -9.99000e+02  -99.000  -99.000  -999
OBS: 6000408  53316.098    37.00   0.0000e+00   7.9110e+03   2.6116e+02   0  y  0.00  1   !  -9.99000e+02  -99.000  -99.000  -999
OBS: 6000408  53318.098    39.00   0.0000e+00   7.5791e+03   2.8950e+02   0  y  0.00  1   !  -9.99000e+02  -99.000  -99.000  -999
OBS: 6000408  53320.098    41.00   0.0000e+00   7.0326e+03   2.8310e+02   0  y  0.00  1   !  -9.99000e+02  -99.000  -99.000  -999
OBS: 6000408  53322.098    43.00   0.0000e+00   6.3903e+03   2.3793e+02   0  y  0.00  1   !  -9.99000e+02  -99.000  -99.000  -999
OBS: 6000408  53324.098    45.00   0.0000e+00   5.8075e+03   1.8968e+02   0  y  0.00  1   !  -9.99000e+02  -99.000  -99.000  -999
OBS: 6000408  53326.098    47.00   0.0000e+00   5.3581e+03   1.6406e+02   0  y  0.00  1   !  -9.99000e+02  -99.000  -99.000  -999
OBS: 6000408  53328.098    49.00   0.0000e+00   4.9385e+03   1.6029e+02   0  y  0.00  1   !  -9.99000e+02  -99.000  -99.000  -999
OBS: 6000408  53330.098    51.00   0.0000e+00   4.4646e+03   1.7812e+02   0  y  0.00  1   !  -9.99000e+02  -99.000  -99.000  -999
OBS: 6000408  53332.098    53.00   0.0000e+00   3.9247e+03   2.1994e+03   0  y  0.00  1   !  -9.99000e+02  -99.000  -99.000  -999
OBS: 6000408  53334.098    55.00   0.0000e+00   3.3875e+03   2.0390e+03   0  y  0.00  1   !  -9.99000e+02  -99.000  -99.000  -999
OBS: 6000408  53336.098    57.00   0.0000e+00   2.9898e+03   1.7996e+03   0  y  0.00  1   !  -9.99000e+02  -99.000  -99.000  -999
OBS: 6000408  53338.098    59.00   0.0000e+00   2.6763e+03   1.6109e+03   0  y  0.00  1   !  -9.99000e+02  -99.000  -99.000  -999
OBS: 6000408  53340.098    61.00   0.0000e+00   2.4458e+03   1.4722e+03   0  y  0.00  1   !  -9.99000e+02  -99.000  -99.000  -999
OBS: 6000408  53342.098    63.00   0.0000e+00   2.2232e+03   1.3382e+03   0  y  0.00  1   !  -9.99000e+02  -99.000  -99.000  -999
OBS: 6000408  53344.098    65.00   0.0000e+00   1.8824e+03   1.1330e+03   0  y  0.00  1   !  -9.99000e+02  -99.000  -99.000  -999
OBS: 6000408  53346.098    67.00   0.0000e+00   1.6216e+03   9.7609e+02   0  y  0.00  1   !  -9.99000e+02  -99.000  -99.000  -999
OBS: 6000408  53348.098    69.00   0.0000e+00   1.4187e+03   8.5394e+02   0  y  0.00  1   !  -9.99000e+02  -99.000  -99.000  -999
OBS: 6000408  53350.098    71.00   0.0000e+00   1.2578e+03   7.5708e+02   0  y  0.00  1   !  -9.99000e+02  -99.000  -99.000  -999
OBS: 6000408  53352.098    73.00   0.0000e+00   1.1270e+03   6.7836e+02   0  y  0.00  1   !  -9.99000e+02  -99.000  -99.000  -999
OBS: 6000408  53354.098    75.00   0.0000e+00   1.0167e+03   6.1198e+02   0  y  0.00  1   !  -9.99000e+02  -99.000  -99.000  -999
OBS: 6000408  53356.098    77.00   0.0000e+00   9.2534e+02   5.5697e+02   0  y  0.00  1   !  -9.99000e+02  -99.000  -99.000  -999
OBS: 6000408  53358.098    79.00   0.0000e+00   8.2021e+02   4.9370e+02   0  y  0.00  1   !  -9.99000e+02  -99.000  -99.000  -999
OBS: 6000408  53360.098    81.00   0.0000e+00   7.2684e+02   4.3749e+02   0  y  0.00  1   !  -9.99000e+02  -99.000  -99.000  -999
OBS: 6000408  53362.098    83.00   0.0000e+00   6.4503e+02   3.8825e+02   0  y  0.00  1   !  -9.99000e+02  -99.000  -99.000  -999
OBS: 6000408  53364.098    85.00   0.0000e+00   5.7332e+02   3.4509e+02   0  y  0.00  1   !  -9.99000e+02  -99.000  -99.000  -999
OBS: 6000408  53366.098    87.00   0.0000e+00   5.1073e+02   3.0741e+02   0  y  0.00  1   !  -9.99000e+02  -99.000  -99.000  -999
OBS: 6000408  53368.098    89.00   0.0000e+00   4.5482e+02   2.7376e+02   0  y  0.00  1   !  -9.99000e+02  -99.000  -99.000  -999
OBS: 6000408  53370.098    91.00   0.0000e+00   4.0099e+02   2.4136e+02   0  y  0.00  1   !  -9.99000e+02  -99.000  -99.000  -999
OBS: 6000408  53372.098    93.00   0.0000e+00   3.5352e+02   2.1279e+02   0  y  0.00  1   !  -9.99000e+02  -99.000  -99.000  -999
OBS: 6000408  53374.098    95.00   0.0000e+00   3.1167e+02   1.8760e+02   0  y  0.00  1   !  -9.99000e+02  -99.000  -99.000  -999
OBS: 6000408  53376.098    97.00   0.0000e+00   2.7478e+02   1.6539e+02   0  y  0.00  1   !  -9.99000e+02  -99.000  -99.000  -999
OBS: 6000408  53378.098    99.00   0.0000e+00   2.4225e+02   1.4581e+02   0  y  0.00  1   !  -9.99000e+02  -99.000  -99.000  -999
OBS: 6000408  53380.098   101.00   0.0000e+00   2.1357e+02   1.2855e+02   0  y  0.00  1   !  -9.99000e+02  -99.000  -99.000  -999
OBS: 6000408  53382.098   103.00   0.0000e+00   1.8828e+02   1.1333e+02   0  y  0.00  1   !  -9.99000e+02  -99.000  -99.000  -999
OBS: 6000408  53384.098   105.00   0.0000e+00   1.6598e+02   9.9906e+01   0  y  0.00  1   !  -9.99000e+02  -99.000  -99.000  -999
OBS: 6000408  53386.098   107.00   0.0000e+00   1.4632e+02   8.8072e+01   0  y  0.00  1   !  -9.99000e+02  -99.000  -99.000  -999
OBS: 6000408  53388.098   109.00   0.0000e+00   1.2899e+02   7.7639e+01   0  y  0.00  1   !  -9.99000e+02  -99.000  -99.000  -999
OBS: 6000408  53390.098   111.00   0.0000e+00   1.1371e+02   6.8442e+01   0  y  0.00  1   !  -9.99000e+02  -99.000  -99.000  -999
OBS: 6000408  53392.098   113.00   0.0000e+00   1.0025e+02   6.0339e+01   0  y  0.00  1   !  -9.99000e+02  -99.000  -99.000  -999
OBS: 6000408  53394.098   115.00   0.0000e+00   8.8371e+01   5.3191e+01   0  y  0.00  1   !  -9.99000e+02  -99.000  -99.000  -999
OBS: 6000408  53396.098   117.00   0.0000e+00   7.7899e+01   4.6888e+01   0  y  0.00  1   !  -9.99000e+02  -99.000  -99.000  -999
OBS: 6000408  53398.098   119.00   0.0000e+00   6.8667e+01   4.1332e+01   0  y  0.00  1   !  -9.99000e+02  -99.000  -99.000  -999
OBS: 6000408  53400.098   121.00   0.0000e+00   6.0529e+01   3.6433e+01   0  y  0.00  1   !  -9.99000e+02  -99.000  -99.000  -999
OBS: 6000408  53402.098   123.00   0.0000e+00   5.3354e+01   3.2115e+01   0  y  0.00  1   !  -9.99000e+02  -99.000  -99.000  -999
OBS: 6000408  53404.098   125.00   0.0000e+00   4.7034e+01   2.8310e+01   0  y  0.00  1   !  -9.99000e+02  -99.000  -99.000  -999
OBS: 6000408  53406.098   127.00   0.0000e+00   4.1463e+01   2.4957e+01   0  y  0.00  1   !  -9.99000e+02  -99.000  -99.000  -999
OBS: 6000408  53408.098   129.00   0.0000e+00   3.6547e+01   2.1998e+01   0  y  0.00  1   !  -9.99000e+02  -99.000  -99.000  -999
OBS: 6000408  53410.098   131.00   0.0000e+00   3.2214e+01   1.9390e+01   0  y  0.00  1   !  -9.99000e+02  -99.000  -99.000  -999
OBS: 6000408  53412.098   133.00   0.0000e+00   2.8394e+01   1.7091e+01   0  y  0.00  1   !  -9.99000e+02  -99.000  -99.000  -999
OBS: 6000408  53414.098   135.00   0.0000e+00   2.5027e+01   1.5064e+01   0  y  0.00  1   !  -9.99000e+02  -99.000  -99.000  -999
OBS: 6000408  53416.098   137.00   0.0000e+00   2.2059e+01   1.3278e+01   0  y  0.00  1   !  -9.99000e+02  -99.000  -99.000  -999
OBS: 6000408  53418.098   139.00   0.0000e+00   1.9447e+01   1.1705e+01   0  y  0.00  1   !  -9.99000e+02  -99.000  -99.000  -999
OBS: 6000408  53269.602    -9.50   6.0105e+03   5.0245e+03   8.2408e+02   1  H  1.25  1   H  1.66500e+18  -0.117  -3.352  1.00000e+11
OBS: 6000408  53269.602    -9.50   6.0105e+03   6.2896e+03   8.8211e+02   1  H  0.11  1   H  2.08421e+18  -0.117  -3.352  1.00000e+11
OBS: 6000408  53270.570    -8.53   6.5632e+03   6.6550e+03   4.7328e+02   1  H  0.06  1   H  2.21999e+18  -0.110  -2.676  1.00000e+11
OBS: 6000408  53270.570    -8.53   6.5632e+03   7.2806e+03   5.2237e+02   1  H  1.77  1   H  2.42867e+18  -0.110  -2.676  1.00000e+11
OBS: 6000408  53271.520    -7.58   6.9964e+03   7.7274e+03   6.5630e+02   1  H  1.24  1   H  2.58944e+18  -0.105  -2.122  1.00000e+11
OBS: 6000408  53271.539    -7.56   7.0051e+03   7.3338e+03   6.1181e+02   1  H  0.32  1   H  2.45776e+18  -0.105  -2.110  1.00000e+11
OBS: 6000408  53272.512    -6.59   7.3097e+03   8.0178e+03   6.8665e+02   1  H  1.08  1   H  2.69739e+18  -0.101  -1.701  1.00000e+11
OBS: 6000408  53272.520    -6.58   7.3124e+03   6.9784e+03   6.2273e+02   1  H  0.20  1   H  2.34780e+18  -0.101  -1.698  1.00000e+11
OBS: 6000408  53277.531    -1.57   6.8748e+03   6.5546e+03   7.5094e+02   1  H  0.13  1   H  2.29615e+18  -0.057  -0.741  1.00000e+11
OBS: 6000408  53277.539    -1.56   6.8709e+03   7.4286e+03   7.1672e+02   1  H  0.65  1   H  2.60302e+18  -0.057  -0.739  1.00000e+11
OBS: 6000408  53281.520     2.42   5.6496e+03   6.0082e+03   6.1770e+02   1  H  0.36  1   H  2.25236e+18  0.017  0.232  1.00000e+11
OBS: 6000408  53281.531     2.43   5.6473e+03   4.7363e+03   5.3062e+02   1  H  2.39  1   H  1.77576e+18  0.017  0.234  1.00000e+11
OBS: 6000408  53301.520    22.42   5.1428e+03   5.3289e+03   8.0739e+02   1  H  0.07  1   H  2.39092e+18  0.212  -0.399  1.00000e+11
OBS: 6000408  53301.531    22.43   5.1438e+03   5.3440e+03   7.6848e+02   1  H  0.09  1   H  2.39786e+18  0.212  -0.396  1.00000e+11
OBS: 6000408  53306.551    27.45   5.6362e+03   6.0648e+03   7.0942e+02   1  H  0.40  1   H  2.65208e+18  0.184  -0.035  1.00000e+11
OBS: 6000408  53306.559    27.46   5.6370e+03   4.8899e+03   6.5206e+02   1  H  1.13  1   H  2.13806e+18  0.184  -0.037  1.00000e+11
OBS: 6000408  53338.520    59.42   2.3038e+03   3.0333e+03   6.0665e+02  -1  H  0.24  1   !  -9.99000e+02  -99.000  -99.000  -999
OBS: 6000408  53220.098   -59.00   0.0000e+00   0.0000e+00   0.0000e+00   0  H  0.00  1   !  -9.99000e+02  -99.000  -99.000  -999
OBS: 6000408  53222.098   -57.00   0.0000e+00   0.0000e+00   0.0000e+00   0  H  0.00  1   !  -9.99000e+02  -99.000  -99.000  -999
OBS: 6000408  53224.098   -55.00   0.0000e+00   0.0000e+00   0.0000e+00   0  H  0.00  1   !  -9.99000e+02  -99.000  -99.000  -999
OBS: 6000408  53226.098   -53.00   0.0000e+00   0.0000e+00   0.0000e+00   0  H  0.00  1   !  -9.99000e+02  -99.000  -99.000  -999
OBS: 6000408  53228.098   -51.00   0.0000e+00   0.0000e+00   0.0000e+00   0  H  0.00  1   !  -9.99000e+02  -99.000  -99.000  -999
OBS: 6000408  53230.098   -49.00   0.0000e+00   0.0000e+00   0.0000e+00   0  H  0.00  1   !  -9.99000e+02  -99.000  -99.000  -999
OBS: 6000408  53232.098   -47.00   0.0000e+00   0.0000e+00   0.0000e+00   0  H  0.00  1   !  -9.99000e+02  -99.000  -99.000  -999
OBS: 6000408  53234.098   -45.00   0.0000e+00   0.0000e+00   0.0000e+00   0  H  0.00  1   !  -9.99000e+02  -99.000  -99.000  -999
OBS: 6000408  53236.098   -43.00   0.0000e+00   0.0000e+00   0.0000e+00   0  H  0.00  1   !  -9.99000e+02  -99.000  -99.000  -999
OBS: 6000408  53238.098   -41.00   0.0000e+00   0.0000e+00   0.0000e+00   0  H  0.00  1   !  -9.99000e+02  -99.000  -99.000  -999
OBS: 6000408  53240.098   -39.00   0.0000e+00   0.0000e+00   0.0000e+00   0  H  0.00  1   !  -9.99000e+02  -99.000  -99.000  -999
OBS: 6000408  53242.098   -37.00   0.0000e+00   0.0000e+00   0.0000e+00   0  H  0.00  1   !  -9.99000e+02  -99.000  -99.000  -999
OBS: 6000408  53244.098   -35.00   0.0000e+00   0.0000e+00   0.0000e+00   0  H  0.00  1   !  -9.99000e+02  -99.000  -99.000  -999
OBS: 6000408  53246.098   -33.00   0.0000e+00   0.0000e+00   0.0000e+00   0  H  0.00  1   !  -9.99000e+02  -99.000  -99.000  -999
OBS: 6000408  53248.098   -31.00   0.0000e+00   0.0000e+00   0.0000e+00   0  H  0.00  1   !  -9.99000e+02  -99.000  -99.000  -999
OBS: 6000408  53250.098   -29.00   0.0000e+00   0.0000e+00   0.0000e+00   0  H  0.00  1   !  -9.99000e+02  -99.000  -99.000  -999
OBS: 6000408  53252.098   -27.00   0.0000e+00   0.0000e+00   0.0000e+00   0  H  0.00  1   !  -9.99000e+02  -99.000  -99.000  -999
OBS: 6000408  53254.098   -25.00   0.0000e+00   0.0000e+00   0.0000e+00   0  H  0.00  1   !  -9.99000e+02  -99.000  -99.000  -999
OBS: 6000408  53256.098   -23.00   0.0000e+00   0.0000e+00   0.0000e+00   0  H  0.00  1   !  -9.99000e+02  -99.000  -99.000  -999
OBS: 6000408  53258.098   -21.00   0.0000e+00   0.0000e+00   0.0000e+00   0  H  0.00  1   !  -9.99000e+02  -99.000  -99.000  -999
OBS: 6000408  53260.098   -19.00   0.0000e+00   1.6290e+03   9.8051e+02   0  H  0.00  1   !  -9.99000e+02  -99.000  -99.000  -999
OBS: 6000408  53262.098   -17.00   0.0000e+00   1.5925e+03   9.5853e+02   0  H  0.00  1   !  -9.99000e+02  -99.000  -99.000  -999
OBS: 6000408  53264.098   -15.00   0.0000e+00   1.9712e+03   1.1865e+03   0  H  0.00  1   !  -9.99000e+02  -99.000  -99.000  -999
OBS: 6000408  53266.098   -13.00   0.0000e+00   3.4207e+03   3.8200e+02   0  H  0.00  1   !  -9.99000e+02  -99.000  -99.000  -999
OBS: 6000408  53268.098   -11.00   0.0000e+00   4.9493e+03   2.6481e+02   0  H  0.00  1   !  -9.99000e+02  -99.000  -99.000  -999
OBS: 6000408  53270.098    -9.00   0.0000e+00   6.2669e+03   2.2479e+02   0  H  0.00  1   !  -9.99000e+02  -99.000  -99.000  -999
OBS: 6000408  53272.098    -7.00   0.0000e+00   7.1618e+03   2.0710e+02   0  H  0.00  1   !  -9.99000e+02  -99.000  -99.000  -999
OBS: 6000408  53274.098    -5.00   0.0000e+00   7.4831e+03   2.2881e+02   0  H  0.00  1   !  -9.99000e+02  -99.000  -99.000  -999
OBS: 6000408  53276.098    -3.00   0.0000e+00   7.2764e+03   2.1996e+02   0  H  0.00  1   !  -9.99000e+02  -99.000  -99.000  -999
OBS: 6000408  53278.098    -1.00   0.0000e+00   6.6193e+03   1.8602e+02   0  H  0.00  1   !  -9.99000e+02  -99.000  -99.000  -999
OBS: 6000408  53280.098     1.00   0.0000e+00   5.9729e+03   1.8738e+02   0  H  0.00  1   !  -9.99000e+02  -99.000  -99.000  -999
OBS: 6000408  53282.098     3.00   0.0000e+00   5.4884e+03   2.0712e+02   0  H  0.00  1   !  -9.99000e+02  -99.000  -99.000  -999
OBS: 6000408  53284.098     5.00   0.0000e+00   4.9639e+03   2.0464e+02   0  H  0.00  1   !  -9.99000e+02  -99.000  -99.000  -999
OBS: 6000408  53286.098     7.00   0.0000e+00   4.4703e+03   1.9523e+02   0  H  0.00  1   !  -9.99000e+02  -99.000  -99.000  -999
OBS: 6000408  53288.098     9.00   0.0000e+00   4.1128e+03   1.9096e+02   0  H  0.00  1   !  -9.99000e+02  -99.000  -99.000  -999
OBS: 6000408  53290.098    11.00   0.0000e+00   3.9261e+03   1.7294e+02   0  H  0.00  1   !  -9.99000e+02  -99.000  -99.000  -999
OBS: 6000408  53292.098    13.00   0.0000e+00   3.9530e+03   1.6309e+02   0  H  0.00  1   !  -9.99000e+02  -99.000  -99.000  -999
OBS: 6000408  53294.098    15.00   0.0000e+00   4.1919e+03   1.7118e+02   0  H  0.00  1   !  -9.99000e+02  -99.000  -99.000  -999
OBS: 6000408  53296.098    17.00   0.0000e+00   4.4496e+03   1.6689e+02   0  H  0.00  1   !  -9.99000e+02  -99.000  -99.000  -999
OBS: 6000408  53298.098    19.00   0.0000e+00   4.7072e+03   1.5425e+02   0  H  0.00  1   !  -9.99000e+02  -99.000  -99.000  -999
OBS: 6000408  53300.098    21.00   0.0000e+00   4.9686e+03   1.4896e+02   0  H  0.00  1   !  -9.99000e+02  -99.000  -99.000  -999
OBS: 6000408  53302.098    23.00   0.0000e+00   5.1668e+03   1.5995e+02   0  H  0.00  1   !  -9.99000e+02  -99.000  -99.000  -999
OBS: 6000408  53304.098    25.00   0.0000e+00   5.3756e+03   1.7377e+02   0  H  0.00  1   !  -9.99000e+02  -99.000  -99.000  -999
OBS: 6000408  53306.098    27.00   0.0000e+00   5.5686e+03   1.6649e+02   0  H  0.00  1   !  -9.99000e+02  -99.000  -99.000  -999
OBS: 6000408  53308.098    29.00   0.0000e+00   5.7118e+03   1.7394e+02   0  H  0.00  1   !  -9.99000e+02  -99.000  -99.000  -999
OBS: 6000408  53310.098    31.00   0.0000e+00   5.7980e+03   2.1515e+02   0  H  0.00  1   !  -9.99000e+02  -99.000  -99.000  -999
OBS: 6000408  53312.098    33.00   0.0000e+00   5.8350e+03   2.5201e+02   0  H  0.00  1   !  -9.99000e+02  -99.000  -99.000  -999
OBS: 6000408  53314.098    35.00   0.0000e+00   5.7785e+03   2.6988e+02   0  H  0.00  1   !  -9.99000e+02  -99.000  -99.000  -999
OBS: 6000408  53316.098    37.00   0.0000e+00   5.5285e+03   3.0322e+02   0  H  0.00  1   !  -9.99000e+02  -99.000  -99.000  -999
OBS: 6000408  53318.098    39.00   0.0000e+00   5.0444e+03   3.4412e+02   0  H  0.00  1   !  -9.99000e+02  -99.000  -99.000  -999
OBS: 6000408  53320.098    41.00   0.0000e+00   4.4876e+03   3.4862e+02   0  H  0.00  1   !  -9.99000e+02  -99.000  -99.000  -999
OBS: 6000408  53322.098    43.00   0.0000e+00   3.8869e+03   2.9757e+02   0  H  0.00  1   !  -9.99000e+02  -99.000  -99.000  -999
OBS: 6000408  53324.098    45.00   0.0000e+00   3.4240e+03   2.3686e+02   0  H  0.00  1   !  -9.99000e+02  -99.000  -99.000  -999
OBS: 6000408  53326.098    47.00   0.0000e+00   3.1479e+03   2.0628e+02   0  H  0.00  1   !  -9.99000e+02  -99.000  -99.000  -999
OBS: 6000408  53328.098    49.00   0.0000e+00   3.0035e+03   1.8558e+02   0  H  0.00  1   !  -9.99000e+02  -99.000  -99.000  -999
OBS: 6000408  53330.098    51.00   0.0000e+00   2.8737e+03   2.0181e+02   0  H  0.00  1   !  -9.99000e+02  -99.000  -99.000  -999
OBS: 6000408  53332.098    53.00   0.0000e+00   2.7303e+03   3.0399e+02   0  H  0.00  1   !  -9.99000e+02  -99.000  -99.000  -999
OBS: 6000408  53334.098    55.00   0.0000e+00   2.5803e+03   1.5531e+03   0  H  0.00  1   !  -9.99000e+02  -99.000  -99.000  -999
OBS: 6000408  53336.098    57.00   0.0000e+00   2.4449e+03   1.4716e+03   0  H  0.00  1   !  -9.99000e+02  -99.000  -99.000  -999
OBS: 6000408  53338.098    59.00   0.0000e+00   2.3172e+03   1.3947e+03   0  H  0.00  1   !  -9.99000e+02  -99.000  -99.000  -999
OBS: 6000408  53340.098    61.00   0.0000e+00   2.2000e+03   1.3242e+03   0  H  0.00  1   !  -9.99000e+02  -99.000  -99.000  -999
OBS: 6000408  53342.098    63.00   0.0000e+00   2.0559e+03   1.2375e+03   0  H  0.00  1   !  -9.99000e+02  -99.000  -99.000  -999
OBS: 6000408  53344.098    65.00   0.0000e+00   1.8129e+03   1.0912e+03   0  H  0.00  1   !  -9.99000e+02  -99.000  -99.000  -999
OBS: 6000408  53346.098    67.00   0.0000e+00   1.6220e+03   9.7629e+02   0  H  0.00  1   !  -9.99000e+02  -99.000  -99.000  -999
OBS: 6000408  53348.098    69.00   0.0000e+00   1.4770e+03   8.8902e+02   0  H  0.00  1   !  -9.99000e+02  -99.000  -99.000  -999
OBS: 6000408  53350.098    71.00   0.0000e+00   1.3702e+03   8.2472e+02   0  H  0.00  1   !  -9.99000e+02  -99.000  -99.000  -999
OBS: 6000408  53352.098    73.00   0.0000e+00   1.2893e+03   7.7602e+02   0  H  0.00  1   !  -9.99000e+02  -99.000  -99.000  -999
OBS: 6000408  53354.098    75.00   0.0000e+00   1.2139e+03   7.3068e+02   0  H  0.00  1   !  -9.99000e+02  -99.000  -99.000  -999
OBS: 6000408  53356.098    77.00   0.0000e+00   1.1385e+03   6.8527e+02   0  H  0.00  1   !  -9.99000e+02  -99.000  -99.000  -999
OBS: 6000408  53358.098    79.00   0.0000e+00   1.0858e+03   6.5358e+02   0  H  0.00  1   !  -9.99000e+02  -99.000  -99.000  -999
OBS: 6000408  53360.098    81.00   0.0000e+00   1.0364e+03   6.2384e+02   0  H  0.00  1   !  -9.99000e+02  -99.000  -99.000  -999
OBS: 6000408  53362.098    83.00   0.0000e+00   9.8935e+02   5.9550e+02   0  H  0.00  1   !  -9.99000e+02  -99.000  -99.000  -999
OBS: 6000408  53364.098    85.00   0.0000e+00   9.4453e+02   5.6852e+02   0  H  0.00  1   !  -9.99000e+02  -99.000  -99.000  -999
OBS: 6000408  53366.098    87.00   0.0000e+00   9.0205e+02   5.4295e+02   0  H  0.00  1   !  -9.99000e+02  -99.000  -99.000  -999
OBS: 6000408  53368.098    89.00   0.0000e+00   8.6137e+02   5.1847e+02   0  H  0.00  1   !  -9.99000e+02  -99.000  -99.000  -999
OBS: 6000408  53370.098    91.00   0.0000e+00   8.2104e+02   4.9419e+02   0  H  0.00  1   !  -9.99000e+02  -99.000  -99.000  -999
OBS: 6000408  53372.098    93.00   0.0000e+00   7.8260e+02   4.7105e+02   0  H  0.00  1   !  -9.99000e+02  -99.000  -99.000  -999
OBS: 6000408  53374.098    95.00   0.0000e+00   7.4595e+02   4.4900e+02   0  H  0.00  1   !  -9.99000e+02  -99.000  -99.000  -999
OBS: 6000408  53376.098    97.00   0.0000e+00   7.1103e+02   4.2797e+02   0  H  0.00  1   !  -9.99000e+02  -99.000  -99.000  -999
OBS: 6000408  53378.098    99.00   0.0000e+00   6.7773e+02   4.0793e+02   0  H  0.00  1   !  -9.99000e+02  -99.000  -99.000  -999
OBS: 6000408  53380.098   101.00   0.0000e+00   6.4600e+02   3.8883e+02   0  H  0.00  1   !  -9.99000e+02  -99.000  -99.000  -999
OBS: 6000408  53382.098   103.00   0.0000e+00   6.1575e+02   3.7063e+02   0  H  0.00  1   !  -9.99000e+02  -99.000  -99.000  -999
OBS: 6000408  53384.098   105.00   0.0000e+00   5.8692e+02   3.5327e+02   0  H  0.00  1   !  -9.99000e+02  -99.000  -99.000  -999
OBS: 6000408  53386.098   107.00   0.0000e+00   5.5943e+02   3.3673e+02   0  H  0.00  1   !  -9.99000e+02  -99.000  -99.000  -999
OBS: 6000408  53388.098   109.00   0.0000e+00   5.3324e+02   3.2096e+02   0  H  0.00  1   !  -9.99000e+02  -99.000  -99.000  -999
OBS: 6000408  53390.098   111.00   0.0000e+00   5.0827e+02   3.0593e+02   0  H  0.00  1   !  -9.99000e+02  -99.000  -99.000  -999
OBS: 6000408  53392.098   113.00   0.0000e+00   4.8446e+02   2.9160e+02   0  H  0.00  1   !  -9.99000e+02  -99.000  -99.000  -999
OBS: 6000408  53394.098   115.00   0.0000e+00   4.6178e+02   2.7795e+02   0  H  0.00  1   !  -9.99000e+02  -99.000  -99.000  -999
OBS: 6000408  53396.098   117.00   0.0000e+00   4.4015e+02   2.6493e+02   0  H  0.00  1   !  -9.99000e+02  -99.000  -99.000  -999
OBS: 6000408  53398.098   119.00   0.0000e+00   4.1954e+02   2.5253e+02   0  H  0.00  1   !  -9.99000e+02  -99.000  -99.000  -999
OBS: 6000408  53400.098   121.00   0.0000e+00   3.9989e+02   2.4070e+02   0  H  0.00  1   !  -9.99000e+02  -99.000  -99.000  -999
OBS: 6000408  53402.098   123.00   0.0000e+00   3.8116e+02   2.2943e+02   0  H  0.00  1   !  -9.99000e+02  -99.000  -99.000  -999
OBS: 6000408  53404.098   125.00   0.0000e+00   3.6331e+02   2.1868e+02   0  H  0.00  1   !  -9.99000e+02  -99.000  -99.000  -999
OBS: 6000408  53406.098   127.00   0.0000e+00   3.4630e+02   2.0844e+02   0  H  0.00  1   !  -9.99000e+02  -99.000  -99.000  -999
OBS: 6000408  53408.098   129.00   0.0000e+00   3.3008e+02   1.9868e+02   0  H  0.00  1   !  -9.99000e+02  -99.000  -99.000  -999
OBS: 6000408  53410.098   131.00   0.0000e+00   3.1462e+02   1.8937e+02   0  H  0.00  1   !  -9.99000e+02  -99.000  -99.000  -999
OBS: 6000408  53412.098   133.00   0.0000e+00   2.9988e+02   1.8050e+02   0  H  0.00  1   !  -9.99000e+02  -99.000  -99.000  -999
OBS: 6000408  53414.098   135.00   0.0000e+00   2.8584e+02   1.7205e+02   0  H  0.00  1   !  -9.99000e+02  -99.000  -99.000  -999
OBS: 6000408  53416.098   137.00   0.0000e+00   2.7245e+02   1.6399e+02   0  H  0.00  1   !  -9.99000e+02  -99.000  -99.000  -999
OBS: 6000408  53418.098   139.00   0.0000e+00   2.5969e+02   1.5631e+02   0  H  0.00  1   !  -9.99000e+02  -99.000  -99.000  -999
