VARNAMES: CID MJD Tobs SIM_FLUXCAL FLUXCAL FLUXCAL_ERR DATAFLAG BAND CHI2 IFIT BAND_REST FLUX_REST KCOR AVWARP SIM_FLUX_REST 
OBS: 6000376  54565.539    -0.99   2.0075e+03   8.5300e+02   4.8114e+02   1  J  9.56  1   J  8.33116e+17  -0.152  -0.116  1.00000e+11
OBS: 6000376  54565.551    -0.98   2.0062e+03   1.1518e+03   5.6939e+02   1  J  4.37  1   J  1.12508e+18  -0.152  -0.114  1.00000e+11
OBS: 6000376  54588.520    21.99   7.0597e+02   1.8521e+03   5.3698e+02   1  J  3.61  1   J  1.32196e+18  -0.493  -1.218  1.00000e+11
OBS: 6000376  54588.520    21.99   7.0597e+02   4.4697e+02   6.2696e+02   1  J  0.36  1   J  3.19029e+17  -0.493  -1.218  1.00000e+11
OBS: 6000376  54593.520    26.99   9.5694e+02   9.4864e+01   4.8485e+02   1  J  4.35  1   J  6.40519e+16  -0.553  -0.357  1.00000e+11
OBS: 6000376  54596.512    29.98   9.7612e+02   1.1501e+03   9.7972e+02   1  J  0.00  1   J  7.55251e+17  -0.583  -0.559  1.00000e+11
OBS: 6000376  54596.520    29.99   9.7598e+02   1.3890e+03   8.6430e+02   1  J  0.08  1   J  9.12110e+17  -0.583  -0.559  1.00000e+11
OBS: 6000376  54507.531   -59.00   0.0000e+00   0.0000e+00   0.0000e+00   0  J  0.00  1   !  -9.99000e+02  -99.000  -99.000  -999
OBS: 6000376  54509.531   -57.00   0.0000e+00   0.0000e+00   0.0000e+00   0  J  0.00  1   !  -9.99000e+02  -99.000  -99.000  -999
OBS: 6000376  54511.531   -55.00   0.0000e+00   0.0000e+00   0.0000e+00   0  J  0.00  1   !  -9.99000e+02  -99.000  -99.000  -999
OBS: 6000376  54513.531   -53.00   0.0000e+00   0.0000e+00   0.0000e+00   0  J  0.00  1   !  -9.99000e+02  -99.000  -99.000  -999
OBS: 6000376  54515.531   -51.00   0.0000e+00   0.0000e+00   0.0000e+00   0  J  0.00  1   !  -9.99000e+02  -99.000  -99.000  -999
OBS: 6000376  54517.531   -49.00   0.0000e+00   0.0000e+00   0.0000e+00   0  J  0.00  1   !  -9.99000e+02  -99.000  -99.000  -999
OBS: 6000376  54519.531   -47.00   0.0000e+00   0.0000e+00   0.0000e+00   0  J  0.00  1   !  -9.99000e+02  -99.000  -99.000  -999
OBS: 6000376  54521.531   -45.00   0.0000e+00   0.0000e+00   0.0000e+00   0  J  0.00  1   !  -9.99000e+02  -99.000  -99.000  -999
OBS: 6000376  54523.531   -43.00   0.0000e+00   0.0000e+00   0.0000e+00   0  J  0.00  1   !  -9.99000e+02  -99.000  -99.000  -999
OBS: 6000376  54525.531   -41.00   0.0000e+00   0.0000e+00   0.0000e+00   0  J  0.00  1   !  -9.99000e+02  -99.000  -99.000  -999
OBS: 6000376  54527.531   -39.00   0.0000e+00   0.0000e+00   0.0000e+00   0  J  0.00  1   !  -9.99000e+02  -99.000  -99.000  -999
OBS: 6000376  54529.531   -37.00   0.0000e+00   0.0000e+00   0.0000e+00   0  J  0.00  1   !  -9.99000e+02  -99.000  -99.000  -999
OBS: 6000376  54531.531   -35.00   0.0000e+00   0.0000e+00   0.0000e+00   0  J  0.00  1   !  -9.99000e+02  -99.000  -99.000  -999
OBS: 6000376  54533.531   -33.00   0.0000e+00   0.0000e+00   0.0000e+00   0  J  0.00  1   !  -9.99000e+02  -99.000  -99.000  -999
OBS: 6000376  54535.531   -31.00   0.0000e+00   0.0000e+00   0.0000e+00   0  J  0.00  1   !  -9.99000e+02  -99.000  -99.000  -999
OBS: 6000376  54537.531   -29.00   0.0000e+00   0.0000e+00   0.0000e+00   0  J  0.00  1   !  -9.99000e+02  -99.000  -99.000  -999
OBS: 6000376  54539.531   -27.00   0.0000e+00   0.0000e+00   0.0000e+00   0  J  0.00  1   !  -9.99000e+02  -99.000  -99.000  -999
OBS: 6000376  54541.531   -25.00   0.0000e+00   0.0000e+00   0.0000e+00   0  J  0.00  1   !  -9.99000e+02  -99.000  -99.000  -999
OBS: 6000376  54543.531   -23.00   0.0000e+00   0.0000e+00   0.0000e+00   0  J  0.00  1   !  -9.99000e+02  -99.000  -99.000  -999
OBS: 6000376  54545.531   -21.00   0.0000e+00   1.5287e+02   9.2016e+01   0  J  0.00  1   !  -9.99000e+02  -99.000  -99.000  -999
OBS: 6000376  54547.531   -19.00   0.0000e+00   1.9470e+02   1.1719e+02   0  J  0.00  1   !  -9.99000e+02  -99.000  -99.000  -999
OBS: 6000376  54549.531   -17.00   0.0000e+00   1.9522e+02   1.1750e+02   0  J  0.00  1   !  -9.99000e+02  -99.000  -99.000  -999
OBS: 6000376  54551.531   -15.00   0.0000e+00   4.5919e+02   1.5627e+02   0  J  0.00  1   !  -9.99000e+02  -99.000  -99.000  -999
OBS: 6000376  54553.531   -13.00   0.0000e+00   1.0224e+03   8.4941e+01   0  J  0.00  1   !  -9.99000e+02  -99.000  -99.000  -999
OBS: 6000376  54555.531   -11.00   0.0000e+00   1.5923e+03   5.6509e+01   0  J  0.00  1   !  -9.99000e+02  -99.000  -99.000  -999
OBS: 6000376  54557.531    -9.00   0.0000e+00   2.0814e+03   5.3522e+01   0  J  0.00  1   !  -9.99000e+02  -99.000  -99.000  -999
OBS: 6000376  54559.531    -7.00   0.0000e+00   2.4308e+03   4.4068e+01   0  J  0.00  1   !  -9.99000e+02  -99.000  -99.000  -999
OBS: 6000376  54561.531    -5.00   0.0000e+00   2.5959e+03   4.1442e+01   0  J  0.00  1   !  -9.99000e+02  -99.000  -99.000  -999
OBS: 6000376  54563.531    -3.00   0.0000e+00   2.5450e+03   4.6206e+01   0  J  0.00  1   !  -9.99000e+02  -99.000  -99.000  -999
OBS: 6000376  54565.531    -1.00   0.0000e+00   2.3493e+03   4.8013e+01   0  J  0.00  1   !  -9.99000e+02  -99.000  -99.000  -999
OBS: 6000376  54567.531     1.00   0.0000e+00   2.0349e+03   4.4682e+01   0  J  0.00  1   !  -9.99000e+02  -99.000  -99.000  -999
OBS: 6000376  54569.531     3.00   0.0000e+00   1.7122e+03   4.4467e+01   0  J  0.00  1   !  -9.99000e+02  -99.000  -99.000  -999
OBS: 6000376  54571.531     5.00   0.0000e+00   1.4227e+03   4.5160e+01   0  J  0.00  1   !  -9.99000e+02  -99.000  -99.000  -999
OBS: 6000376  54573.531     7.00   0.0000e+00   1.1317e+03   4.2418e+01   0  J  0.00  1   !  -9.99000e+02  -99.000  -99.000  -999
OBS: 6000376  54575.531     9.00   0.0000e+00   8.7830e+02   4.2807e+01   0  J  0.00  1   !  -9.99000e+02  -99.000  -99.000  -999
OBS: 6000376  54577.531    11.00   0.0000e+00   7.0414e+02   4.9964e+01   0  J  0.00  1   !  -9.99000e+02  -99.000  -99.000  -999
OBS: 6000376  54579.531    13.00   0.0000e+00   6.1918e+02   5.7545e+01   0  J  0.00  1   !  -9.99000e+02  -99.000  -99.000  -999
OBS: 6000376  54581.531    15.00   0.0000e+00   6.1795e+02   5.8989e+01   0  J  0.00  1   !  -9.99000e+02  -99.000  -99.000  -999
OBS: 6000376  54583.531    17.00   0.0000e+00   6.3998e+02   5.6325e+01   0  J  0.00  1   !  -9.99000e+02  -99.000  -99.000  -999
OBS: 6000376  54585.531    19.00   0.0000e+00   6.9179e+02   6.0635e+01   0  J  0.00  1   !  -9.99000e+02  -99.000  -99.000  -999
OBS: 6000376  54587.531    21.00   0.0000e+00   7.7007e+02   6.2931e+01   0  J  0.00  1   !  -9.99000e+02  -99.000  -99.000  -999
OBS: 6000376  54589.531    23.00   0.0000e+00   8.9118e+02   6.6799e+01   0  J  0.00  1   !  -9.99000e+02  -99.000  -99.000  -999
OBS: 6000376  54591.531    25.00   0.0000e+00   1.0255e+03   7.4758e+01   0  J  0.00  1   !  -9.99000e+02  -99.000  -99.000  -999
OBS: 6000376  54593.531    27.00   0.0000e+00   1.1194e+03   7.5987e+01   0  J  0.00  1   !  -9.99000e+02  -99.000  -99.000  -999
OBS: 6000376  54595.531    29.00   0.0000e+00   1.1533e+03   8.0422e+01   0  J  0.00  1   !  -9.99000e+02  -99.000  -99.000  -999
OBS: 6000376  54597.531    31.00   0.0000e+00   1.1250e+03   7.9194e+01   0  J  0.00  1   !  -9.99000e+02  -99.000  -99.000  -999
OBS: 6000376  54599.531    33.00   0.0000e+00   1.0831e+03   7.0181e+01   0  J  0.00  1   !  -9.99000e+02  -99.000  -99.000  -999
OBS: 6000376  54601.531    35.00   0.0000e+00   1.0621e+03   6.9377e+01   0  J  0.00  1   !  -9.99000e+02  -99.000  -99.000  -999
OBS: 6000376  54603.531    37.00   0.0000e+00   1.0255e+03   7.3157e+01   0  J  0.00  1   !  -9.99000e+02  -99.000  -99.000  -999
OBS: 6000376  54605.531    39.00   0.0000e+00   9.4060e+02   9.0736e+01   0  J  0.00  1   !  -9.99000e+02  -99.000  -99.000  -999
OBS: 6000376  54607.531    41.00   0.0000e+00   8.1812e+02   1.0614e+02   0  J  0.00  1   !  -9.99000e+02  -99.000  -99.000  -999
OBS: 6000376  54609.531    43.00   0.0000e+00   6.8624e+02   9.5687e+01   0  J  0.00  1   !  -9.99000e+02  -99.000  -99.000  -999
OBS: 6000376  54611.531    45.00   0.0000e+00   5.6986e+02   9.0540e+01   0  J  0.00  1   !  -9.99000e+02  -99.000  -99.000  -999
OBS: 6000376  54613.531    47.00   0.0000e+00   4.9855e+02   1.0860e+02   0  J  0.00  1   !  -9.99000e+02  -99.000  -99.000  -999
OBS: 6000376  54615.531    49.00   0.0000e+00   4.6055e+02   1.1637e+02   0  J  0.00  1   !  -9.99000e+02  -99.000  -99.000  -999
OBS: 6000376  54617.531    51.00   0.0000e+00   4.2201e+02   1.1660e+02   0  J  0.00  1   !  -9.99000e+02  -99.000  -99.000  -999
OBS: 6000376  54619.531    53.00   0.0000e+00   3.7472e+02   1.2245e+02   0  J  0.00  1   !  -9.99000e+02  -99.000  -99.000  -999
OBS: 6000376  54621.531    55.00   0.0000e+00   3.3120e+02   1.9935e+02   0  J  0.00  1   !  -9.99000e+02  -99.000  -99.000  -999
OBS: 6000376  54623.531    57.00   0.0000e+00   2.9790e+02   1.7931e+02   0  J  0.00  1   !  -9.99000e+02  -99.000  -99.000  -999
OBS: 6000376  54625.531    59.00   0.0000e+00   2.6321e+02   1.5843e+02   0  J  0.00  1   !  -9.99000e+02  -99.000  -99.000  -999
OBS: 6000376  54627.531    61.00   0.0000e+00   2.3013e+02   1.3852e+02   0  J  0.00  1   !  -9.99000e+02  -99.000  -99.000  -999
OBS: 6000376  54629.531    63.00   0.0000e+00   2.0125e+02   1.2113e+02   0  J  0.00  1   !  -9.99000e+02  -99.000  -99.000  -999
OBS: 6000376  54631.531    65.00   0.0000e+00   1.6699e+02   1.0051e+02   0  J  0.00  1   !  -9.99000e+02  -99.000  -99.000  -999
OBS: 6000376  54633.531    67.00   0.0000e+00   1.2829e+02   7.7218e+01   0  J  0.00  1   !  -9.99000e+02  -99.000  -99.000  -999
OBS: 6000376  54635.531    69.00   0.0000e+00   1.0496e+02   6.3174e+01   0  J  0.00  1   !  -9.99000e+02  -99.000  -99.000  -999
OBS: 6000376  54637.531    71.00   0.0000e+00   8.8815e+01   5.3458e+01   0  J  0.00  1   !  -9.99000e+02  -99.000  -99.000  -999
OBS: 6000376  54639.531    73.00   0.0000e+00   7.5589e+01   4.5498e+01   0  J  0.00  1   !  -9.99000e+02  -99.000  -99.000  -999
OBS: 6000376  54641.531    75.00   0.0000e+00   6.3739e+01   3.8365e+01   0  J  0.00  1   !  -9.99000e+02  -99.000  -99.000  -999
OBS: 6000376  54643.531    77.00   0.0000e+00   5.2773e+01   3.1764e+01   0  J  0.00  1   !  -9.99000e+02  -99.000  -99.000  -999
OBS: 6000376  54645.531    79.00   0.0000e+00   4.2399e+01   2.5520e+01   0  J  0.00  1   !  -9.99000e+02  -99.000  -99.000  -999
OBS: 6000376  54647.531    81.00   0.0000e+00   3.5650e+01   2.1458e+01   0  J  0.00  1   !  -9.99000e+02  -99.000  -99.000  -999
OBS: 6000376  54649.531    83.00   0.0000e+00   3.0048e+01   1.8086e+01   0  J  0.00  1   !  -9.99000e+02  -99.000  -99.000  -999
OBS: 6000376  54651.531    85.00   0.0000e+00   2.5357e+01   1.5263e+01   0  J  0.00  1   !  -9.99000e+02  -99.000  -99.000  -999
OBS: 6000376  54653.531    87.00   0.0000e+00   2.1400e+01   1.2881e+01   0  J  0.00  1   !  -9.99000e+02  -99.000  -99.000  -999
OBS: 6000376  54655.531    89.00   0.0000e+00   1.8024e+01   1.0849e+01   0  J  0.00  1   !  -9.99000e+02  -99.000  -99.000  -999
OBS: 6000376  54657.531    91.00   0.0000e+00   1.5132e+01   9.1082e+00   0  J  0.00  1   !  -9.99000e+02  -99.000  -99.000  -999
OBS: 6000376  54659.531    93.00   0.0000e+00   1.2937e+01   7.7868e+00   0  J  0.00  1   !  -9.99000e+02  -99.000  -99.000  -999
OBS: 6000376  54661.531    95.00   0.0000e+00   1.1060e+01   6.6570e+00   0  J  0.00  1   !  -9.99000e+02  -99.000  -99.000  -999
OBS: 6000376  54663.531    97.00   0.0000e+00   9.4553e+00   5.6912e+00   0  J  0.00  1   !  -9.99000e+02  -99.000  -99.000  -999
OBS: 6000376  54665.531    99.00   0.0000e+00   8.0835e+00   4.8655e+00   0  J  0.00  1   !  -9.99000e+02  -99.000  -99.000  -999
OBS: 6000376  54667.531   101.00   0.0000e+00   6.9107e+00   4.1596e+00   0  J  0.00  1   !  -9.99000e+02  -99.000  -99.000  -999
OBS: 6000376  54669.531   103.00   0.0000e+00   5.9081e+00   3.5562e+00   0  J  0.00  1   !  -9.99000e+02  -99.000  -99.000  -999
OBS: 6000376  54671.531   105.00   0.0000e+00   5.0510e+00   3.0402e+00   0  J  0.00  1   !  -9.99000e+02  -99.000  -99.000  -999
OBS: 6000376  54673.531   107.00   0.0000e+00   4.3182e+00   2.5991e+00   0  J  0.00  1   !  -9.99000e+02  -99.000  -99.000  -999
OBS: 6000376  54675.531   109.00   0.0000e+00   3.6917e+00   2.2221e+00   0  J  0.00  1   !  -9.99000e+02  -99.000  -99.000  -999
OBS: 6000376  54677.531   111.00   0.0000e+00   3.1561e+00   1.8997e+00   0  J  0.00  1   !  -9.99000e+02  -99.000  -99.000  -999
OBS: 6000376  54679.531   113.00   0.0000e+00   2.6982e+00   1.6241e+00   0  J  0.00  1   !  -9.99000e+02  -99.000  -99.000  -999
OBS: 6000376  54681.531   115.00   0.0000e+00   2.3067e+00   1.3885e+00   0  J  0.00  1   !  -9.99000e+02  -99.000  -99.000  -999
OBS: 6000376  54683.531   117.00   0.0000e+00   1.9721e+00   1.1870e+00   0  J  0.00  1   !  -9.99000e+02  -99.000  -99.000  -999
OBS: 6000376  54685.531   119.00   0.0000e+00   1.6860e+00   1.0148e+00   0  J  0.00  1   !  -9.99000e+02  -99.000  -99.000  -999
OBS: 6000376  54687.531   121.00   0.0000e+00   1.4414e+00   8.6757e-01   0  J  0.00  1   !  -9.99000e+02  -99.000  -99.000  -999
OBS: 6000376  54689.531   123.00   0.0000e+00   1.2322e+00   7.4170e-01   0  J  0.00  1   !  -9.99000e+02  -99.000  -99.000  -999
OBS: 6000376  54691.531   125.00   0.0000e+00   1.0535e+00   6.3410e-01   0  J  0.00  1   !  -9.99000e+02  -99.000  -99.000  -999
OBS: 6000376  54693.531   127.00   0.0000e+00   9.0063e-01   5.4210e-01   0  J  0.00  1   !  -9.99000e+02  -99.000  -99.000  -999
OBS: 6000376  54695.531   129.00   0.0000e+00   7.6997e-01   4.6345e-01   0  J  0.00  1   !  -9.99000e+02  -99.000  -99.000  -999
OBS: 6000376  54697.531   131.00   0.0000e+00   6.5826e-01   3.9621e-01   0  J  0.00  1   !  -9.99000e+02  -99.000  -99.000  -999
OBS: 6000376  54699.531   133.00   0.0000e+00   5.6276e-01   3.3873e-01   0  J  0.00  1   !  -9.99000e+02  -99.000  -99.000  -999
OBS: 6000376  54701.531   135.00   0.0000e+00   4.8111e-01   2.8959e-01   0  J  0.00  1   !  -9.99000e+02  -99.000  -99.000  -999
OBS: 6000376  54703.531   137.00   0.0000e+00   4.1131e-01   2.4757e-01   0  J  0.00  1   !  -9.99000e+02  -99.000  -99.000  -999
OBS: 6000376  54705.531   139.00   0.0000e+00   3.5164e-01   2.1166e-01   0  J  0.00  1   !  -9.99000e+02  -99.000  -99.000  -999
OBS: 6000376  54565.539    -0.99   2.3004e+03   2.3097e+03   2.0620e+02   1  Y  0.00  1   Y  1.92219e+18  -0.326  -1.575  1.00000e+11
OBS: 6000376  54565.551    -0.98   2.2985e+03   2.5444e+03   1.7949e+02   1  Y  1.66  1   Y  2.11754e+18  -0.326  -1.576  1.00000e+11
OBS: 6000376  54588.520    21.99   1.9803e+03   2.2325e+03   1.5422e+02   1  Y  2.28  1   Y  1.75966e+18  -0.385  -0.729  1.00000e+11
OBS: 6000376  54588.520    21.99   1.9803e+03   1.8619e+03   1.6103e+02   1  Y  0.48  1   Y  1.46760e+18  -0.385  -0.729  1.00000e+11
OBS: 6000376  54593.520    26.99   2.3277e+03   2.5522e+03   6.0776e+02   1  Y  0.13  1   Y  2.19496e+18  -0.290  -0.557  1.00000e+11
OBS: 6000376  54593.520    26.99   2.3277e+03   1.7660e+03   5.5002e+02   1  Y  1.03  1   Y  1.51881e+18  -0.290  -0.557  1.00000e+11
OBS: 6000376  54596.512    29.98   2.4382e+03   2.4694e+03   3.2566e+02   1  Y  0.01  1   Y  2.18673e+18  -0.259  -0.470  1.00000e+11
OBS: 6000376  54596.520    29.99   2.4379e+03   2.6046e+03   3.5015e+02   1  Y  0.22  1   Y  2.30703e+18  -0.258  -0.470  1.00000e+11
OBS: 6000376  54507.531   -59.00   0.0000e+00   0.0000e+00   0.0000e+00   0  Y  0.00  1   !  -9.99000e+02  -99.000  -99.000  -999
OBS: 6000376  54509.531   -57.00   0.0000e+00   0.0000e+00   0.0000e+00   0  Y  0.00  1   !  -9.99000e+02  -99.000  -99.000  -999
OBS: 6000376  54511.531   -55.00   0.0000e+00   0.0000e+00   0.0000e+00   0  Y  0.00  1   !  -9.99000e+02  -99.000  -99.000  -999
OBS: 6000376  54513.531   -53.00   0.0000e+00   0.0000e+00   0.0000e+00   0  Y  0.00  1   !  -9.99000e+02  -99.000  -99.000  -999
OBS: 6000376  54515.531   -51.00   0.0000e+00   0.0000e+00   0.0000e+00   0  Y  0.00  1   !  -9.99000e+02  -99.000  -99.000  -999
OBS: 6000376  54517.531   -49.00   0.0000e+00   0.0000e+00   0.0000e+00   0  Y  0.00  1   !  -9.99000e+02  -99.000  -99.000  -999
OBS: 6000376  54519.531   -47.00   0.0000e+00   0.0000e+00   0.0000e+00   0  Y  0.00  1   !  -9.99000e+02  -99.000  -99.000  -999
OBS: 6000376  54521.531   -45.00   0.0000e+00   0.0000e+00   0.0000e+00   0  Y  0.00  1   !  -9.99000e+02  -99.000  -99.000  -999
OBS: 6000376  54523.531   -43.00   0.0000e+00   0.0000e+00   0.0000e+00   0  Y  0.00  1   !  -9.99000e+02  -99.000  -99.000  -999
OBS: 6000376  54525.531   -41.00   0.0000e+00   0.0000e+00   0.0000e+00   0  Y  0.00  1   !  -9.99000e+02  -99.000  -99.000  -999
OBS: 6000376  54527.531   -39.00   0.0000e+00   0.0000e+00   0.0000e+00   0  Y  0.00  1   !  -9.99000e+02  -99.000  -99.000  -999
OBS: 6000376  54529.531   -37.00   0.0000e+00   0.0000e+00   0.0000e+00   0  Y  0.00  1   !  -9.99000e+02  -99.000  -99.000  -999
OBS: 6000376  54531.531   -35.00   0.0000e+00   0.0000e+00   0.0000e+00   0  Y  0.00  1   !  -9.99000e+02  -99.000  -99.000  -999
OBS: 6000376  54533.531   -33.00   0.0000e+00   0.0000e+00   0.0000e+00   0  Y  0.00  1   !  -9.99000e+02  -99.000  -99.000  -999
OBS: 6000376  54535.531   -31.00   0.0000e+00   0.0000e+00   0.0000e+00   0  Y  0.00  1   !  -9.99000e+02  -99.000  -99.000  -999
OBS: 6000376  54537.531   -29.00   0.0000e+00   0.0000e+00   0.0000e+00   0  Y  0.00  1   !  -9.99000e+02  -99.000  -99.000  -999
OBS: 6000376  54539.531   -27.00   0.0000e+00   0.0000e+00   0.0000e+00   0  Y  0.00  1   !  -9.99000e+02  -99.000  -99.000  -999
OBS: 6000376  54541.531   -25.00   0.0000e+00   0.0000e+00   0.0000e+00   0  Y  0.00  1   !  -9.99000e+02  -99.000  -99.000  -999
OBS: 6000376  54543.531   -23.00   0.0000e+00   0.0000e+00   0.0000e+00   0  Y  0.00  1   !  -9.99000e+02  -99.000  -99.000  -999
OBS: 6000376  54545.531   -21.00   0.0000e+00   1.7686e+02   1.0646e+02   0  Y  0.00  1   !  -9.99000e+02  -99.000  -99.000  -999
OBS: 6000376  54547.531   -19.00   0.0000e+00   1.3845e+02   8.3336e+01   0  Y  0.00  1   !  -9.99000e+02  -99.000  -99.000  -999
OBS: 6000376  54549.531   -17.00   0.0000e+00   1.3780e+02   8.2946e+01   0  Y  0.00  1   !  -9.99000e+02  -99.000  -99.000  -999
OBS: 6000376  54551.531   -15.00   0.0000e+00   3.2951e+02   9.9225e+01   0  Y  0.00  1   !  -9.99000e+02  -99.000  -99.000  -999
OBS: 6000376  54553.531   -13.00   0.0000e+00   8.9360e+02   7.4621e+01   0  Y  0.00  1   !  -9.99000e+02  -99.000  -99.000  -999
OBS: 6000376  54555.531   -11.00   0.0000e+00   1.4373e+03   5.4167e+01   0  Y  0.00  1   !  -9.99000e+02  -99.000  -99.000  -999
OBS: 6000376  54557.531    -9.00   0.0000e+00   1.9547e+03   5.2139e+01   0  Y  0.00  1   !  -9.99000e+02  -99.000  -99.000  -999
OBS: 6000376  54559.531    -7.00   0.0000e+00   2.4221e+03   5.0114e+01   0  Y  0.00  1   !  -9.99000e+02  -99.000  -99.000  -999
OBS: 6000376  54561.531    -5.00   0.0000e+00   2.6605e+03   4.8267e+01   0  Y  0.00  1   !  -9.99000e+02  -99.000  -99.000  -999
OBS: 6000376  54563.531    -3.00   0.0000e+00   2.6240e+03   5.2208e+01   0  Y  0.00  1   !  -9.99000e+02  -99.000  -99.000  -999
OBS: 6000376  54565.531    -1.00   0.0000e+00   2.3058e+03   5.4882e+01   0  Y  0.00  1   !  -9.99000e+02  -99.000  -99.000  -999
OBS: 6000376  54567.531     1.00   0.0000e+00   1.9547e+03   5.4188e+01   0  Y  0.00  1   !  -9.99000e+02  -99.000  -99.000  -999
OBS: 6000376  54569.531     3.00   0.0000e+00   1.7250e+03   5.9857e+01   0  Y  0.00  1   !  -9.99000e+02  -99.000  -99.000  -999
OBS: 6000376  54571.531     5.00   0.0000e+00   1.5369e+03   6.2185e+01   0  Y  0.00  1   !  -9.99000e+02  -99.000  -99.000  -999
OBS: 6000376  54573.531     7.00   0.0000e+00   1.3849e+03   6.0062e+01   0  Y  0.00  1   !  -9.99000e+02  -99.000  -99.000  -999
OBS: 6000376  54575.531     9.00   0.0000e+00   1.3116e+03   5.9762e+01   0  Y  0.00  1   !  -9.99000e+02  -99.000  -99.000  -999
OBS: 6000376  54577.531    11.00   0.0000e+00   1.2939e+03   6.3016e+01   0  Y  0.00  1   !  -9.99000e+02  -99.000  -99.000  -999
OBS: 6000376  54579.531    13.00   0.0000e+00   1.3066e+03   6.4117e+01   0  Y  0.00  1   !  -9.99000e+02  -99.000  -99.000  -999
OBS: 6000376  54581.531    15.00   0.0000e+00   1.3922e+03   6.1947e+01   0  Y  0.00  1   !  -9.99000e+02  -99.000  -99.000  -999
OBS: 6000376  54583.531    17.00   0.0000e+00   1.5487e+03   6.0838e+01   0  Y  0.00  1   !  -9.99000e+02  -99.000  -99.000  -999
OBS: 6000376  54585.531    19.00   0.0000e+00   1.7358e+03   6.0940e+01   0  Y  0.00  1   !  -9.99000e+02  -99.000  -99.000  -999
OBS: 6000376  54587.531    21.00   0.0000e+00   1.9235e+03   6.1371e+01   0  Y  0.00  1   !  -9.99000e+02  -99.000  -99.000  -999
OBS: 6000376  54589.531    23.00   0.0000e+00   2.0202e+03   6.3152e+01   0  Y  0.00  1   !  -9.99000e+02  -99.000  -99.000  -999
OBS: 6000376  54591.531    25.00   0.0000e+00   2.1209e+03   6.8111e+01   0  Y  0.00  1   !  -9.99000e+02  -99.000  -99.000  -999
OBS: 6000376  54593.531    27.00   0.0000e+00   2.3291e+03   7.0603e+01   0  Y  0.00  1   !  -9.99000e+02  -99.000  -99.000  -999
OBS: 6000376  54595.531    29.00   0.0000e+00   2.4569e+03   6.6165e+01   0  Y  0.00  1   !  -9.99000e+02  -99.000  -99.000  -999
OBS: 6000376  54597.531    31.00   0.0000e+00   2.4049e+03   6.0986e+01   0  Y  0.00  1   !  -9.99000e+02  -99.000  -99.000  -999
OBS: 6000376  54599.531    33.00   0.0000e+00   2.2852e+03   5.7886e+01   0  Y  0.00  1   !  -9.99000e+02  -99.000  -99.000  -999
OBS: 6000376  54601.531    35.00   0.0000e+00   2.1013e+03   5.4469e+01   0  Y  0.00  1   !  -9.99000e+02  -99.000  -99.000  -999
OBS: 6000376  54603.531    37.00   0.0000e+00   1.8879e+03   5.3706e+01   0  Y  0.00  1   !  -9.99000e+02  -99.000  -99.000  -999
OBS: 6000376  54605.531    39.00   0.0000e+00   1.7136e+03   5.5214e+01   0  Y  0.00  1   !  -9.99000e+02  -99.000  -99.000  -999
OBS: 6000376  54607.531    41.00   0.0000e+00   1.5410e+03   5.5408e+01   0  Y  0.00  1   !  -9.99000e+02  -99.000  -99.000  -999
OBS: 6000376  54609.531    43.00   0.0000e+00   1.3496e+03   5.7673e+01   0  Y  0.00  1   !  -9.99000e+02  -99.000  -99.000  -999
OBS: 6000376  54611.531    45.00   0.0000e+00   1.1711e+03   6.7448e+01   0  Y  0.00  1   !  -9.99000e+02  -99.000  -99.000  -999
OBS: 6000376  54613.531    47.00   0.0000e+00   1.0306e+03   7.7049e+01   0  Y  0.00  1   !  -9.99000e+02  -99.000  -99.000  -999
OBS: 6000376  54615.531    49.00   0.0000e+00   9.1911e+02   7.6643e+01   0  Y  0.00  1   !  -9.99000e+02  -99.000  -99.000  -999
OBS: 6000376  54617.531    51.00   0.0000e+00   8.2215e+02   7.0724e+01   0  Y  0.00  1   !  -9.99000e+02  -99.000  -99.000  -999
OBS: 6000376  54619.531    53.00   0.0000e+00   7.3447e+02   6.7401e+01   0  Y  0.00  1   !  -9.99000e+02  -99.000  -99.000  -999
OBS: 6000376  54621.531    55.00   0.0000e+00   6.5196e+02   3.9242e+02   0  Y  0.00  1   !  -9.99000e+02  -99.000  -99.000  -999
OBS: 6000376  54623.531    57.00   0.0000e+00   5.8283e+02   3.5081e+02   0  Y  0.00  1   !  -9.99000e+02  -99.000  -99.000  -999
OBS: 6000376  54625.531    59.00   0.0000e+00   5.4713e+02   3.2932e+02   0  Y  0.00  1   !  -9.99000e+02  -99.000  -99.000  -999
OBS: 6000376  54627.531    61.00   0.0000e+00   5.1213e+02   3.0826e+02   0  Y  0.00  1   !  -9.99000e+02  -99.000  -99.000  -999
OBS: 6000376  54629.531    63.00   0.0000e+00   4.7914e+02   2.8840e+02   0  Y  0.00  1   !  -9.99000e+02  -99.000  -99.000  -999
OBS: 6000376  54631.531    65.00   0.0000e+00   4.3017e+02   2.5892e+02   0  Y  0.00  1   !  -9.99000e+02  -99.000  -99.000  -999
OBS: 6000376  54633.531    67.00   0.0000e+00   3.5825e+02   2.1564e+02   0  Y  0.00  1   !  -9.99000e+02  -99.000  -99.000  -999
OBS: 6000376  54635.531    69.00   0.0000e+00   3.0426e+02   1.8314e+02   0  Y  0.00  1   !  -9.99000e+02  -99.000  -99.000  -999
OBS: 6000376  54637.531    71.00   0.0000e+00   2.6600e+02   1.6011e+02   0  Y  0.00  1   !  -9.99000e+02  -99.000  -99.000  -999
OBS: 6000376  54639.531    73.00   0.0000e+00   2.3994e+02   1.4442e+02   0  Y  0.00  1   !  -9.99000e+02  -99.000  -99.000  -999
OBS: 6000376  54641.531    75.00   0.0000e+00   2.2268e+02   1.3404e+02   0  Y  0.00  1   !  -9.99000e+02  -99.000  -99.000  -999
OBS: 6000376  54643.531    77.00   0.0000e+00   2.0968e+02   1.2621e+02   0  Y  0.00  1   !  -9.99000e+02  -99.000  -99.000  -999
OBS: 6000376  54645.531    79.00   0.0000e+00   1.9998e+02   1.2037e+02   0  Y  0.00  1   !  -9.99000e+02  -99.000  -99.000  -999
OBS: 6000376  54647.531    81.00   0.0000e+00   1.8335e+02   1.1036e+02   0  Y  0.00  1   !  -9.99000e+02  -99.000  -99.000  -999
OBS: 6000376  54649.531    83.00   0.0000e+00   1.6747e+02   1.0080e+02   0  Y  0.00  1   !  -9.99000e+02  -99.000  -99.000  -999
OBS: 6000376  54651.531    85.00   0.0000e+00   1.5326e+02   9.2247e+01   0  Y  0.00  1   !  -9.99000e+02  -99.000  -99.000  -999
OBS: 6000376  54653.531    87.00   0.0000e+00   1.4049e+02   8.4560e+01   0  Y  0.00  1   !  -9.99000e+02  -99.000  -99.000  -999
OBS: 6000376  54655.531    89.00   0.0000e+00   1.2912e+02   7.7719e+01   0  Y  0.00  1   !  -9.99000e+02  -99.000  -99.000  -999
OBS: 6000376  54657.531    91.00   0.0000e+00   1.1905e+02   7.1660e+01   0  Y  0.00  1   !  -9.99000e+02  -99.000  -99.000  -999
OBS: 6000376  54659.531    93.00   0.0000e+00   1.0792e+02   6.4960e+01   0  Y  0.00  1   !  -9.99000e+02  -99.000  -99.000  -999
OBS: 6000376  54661.531    95.00   0.0000e+00   9.7829e+01   5.8885e+01   0  Y  0.00  1   !  -9.99000e+02  -99.000  -99.000  -999
OBS: 6000376  54663.531    97.00   0.0000e+00   8.8679e+01   5.3377e+01   0  Y  0.00  1   !  -9.99000e+02  -99.000  -99.000  -999
OBS: 6000376  54665.531    99.00   0.0000e+00   8.0383e+01   4.8383e+01   0  Y  0.00  1   !  -9.99000e+02  -99.000  -99.000  -999
OBS: 6000376  54667.531   101.00   0.0000e+00   7.2862e+01   4.3856e+01   0  Y  0.00  1   !  -9.99000e+02  -99.000  -99.000  -999
OBS: 6000376  54669.531   103.00   0.0000e+00   6.6044e+01   3.9752e+01   0  Y  0.00  1   !  -9.99000e+02  -99.000  -99.000  -999
OBS: 6000376  54671.531   105.00   0.0000e+00   5.9867e+01   3.6035e+01   0  Y  0.00  1   !  -9.99000e+02  -99.000  -99.000  -999
OBS: 6000376  54673.531   107.00   0.0000e+00   5.4269e+01   3.2665e+01   0  Y  0.00  1   !  -9.99000e+02  -99.000  -99.000  -999
OBS: 6000376  54675.531   109.00   0.0000e+00   4.9189e+01   2.9608e+01   0  Y  0.00  1   !  -9.99000e+02  -99.000  -99.000  -999
OBS: 6000376  54677.531   111.00   0.0000e+00   4.4584e+01   2.6836e+01   0  Y  0.00  1   !  -9.99000e+02  -99.000  -99.000  -999
OBS: 6000376  54679.531   113.00   0.0000e+00   4.0409e+01   2.4323e+01   0  Y  0.00  1   !  -9.99000e+02  -99.000  -99.000  -999
OBS: 6000376  54681.531   115.00   0.0000e+00   3.6624e+01   2.2045e+01   0  Y  0.00  1   !  -9.99000e+02  -99.000  -99.000  -999
OBS: 6000376  54683.531   117.00   0.0000e+00   3.3194e+01   1.9980e+01   0  Y  0.00  1   !  -9.99000e+02  -99.000  -99.000  -999
OBS: 6000376  54685.531   119.00   0.0000e+00   3.0084e+01   1.8108e+01   0  Y  0.00  1   !  -9.99000e+02  -99.000  -99.000  -999
OBS: 6000376  54687.531   121.00   0.0000e+00   2.7265e+01   1.6411e+01   0  Y  0.00  1   !  -9.99000e+02  -99.000  -99.000  -999
OBS: 6000376  54689.531   123.00   0.0000e+00   2.4710e+01   1.4873e+01   0  Y  0.00  1   !  -9.99000e+02  -99.000  -99.000  -999
OBS: 6000376  54691.531   125.00   0.0000e+00   2.2394e+01   1.3479e+01   0  Y  0.00  1   !  -9.99000e+02  -99.000  -99.000  -999
OBS: 6000376  54693.531   127.00   0.0000e+00   2.0299e+01   1.2218e+01   0  Y  0.00  1   !  -9.99000e+02  -99.000  -99.000  -999
OBS: 6000376  54695.531   129.00   0.0000e+00   1.8400e+01   1.1075e+01   0  Y  0.00  1   !  -9.99000e+02  -99.000  -99.000  -999
OBS: 6000376  54697.531   131.00   0.0000e+00   1.6675e+01   1.0037e+01   0  Y  0.00  1   !  -9.99000e+02  -99.000  -99.000  -999
OBS: 6000376  54699.531   133.00   0.0000e+00   1.5112e+01   9.0959e+00   0  Y  0.00  1   !  -9.99000e+02  -99.000  -99.000  -999
OBS: 6000376  54701.531   135.00   0.0000e+00   1.3694e+01   8.2428e+00   0  Y  0.00  1   !  -9.99000e+02  -99.000  -99.000  -999
OBS: 6000376  54703.531   137.00   0.0000e+00   1.2410e+01   7.4696e+00   0  Y  0.00  1   !  -9.99000e+02  -99.000  -99.000  -999
OBS: 6000376  54705.531   139.00   0.0000e+00   1.1246e+01   6.7689e+00   0  Y  0.00  1   !  -9.99000e+02  -99.000  -99.000  -999
OBS: 6000376  54565.551    -0.98   1.7171e+03   1.4389e+03   9.6114e+02   1  H  0.33  1   H  1.49526e+18  -0.085  -0.316  1.00000e+11
OBS: 6000376  54588.520    21.99   1.1275e+03   2.7192e+03   1.1627e+03   1  H  1.48  1   H  4.10550e+18  0.321  1.655  1.00000e+11
OBS: 6000376  54593.520    26.99   1.1453e+03  -2.0062e+03   1.7925e+03   1  H  3.46  1   H  -2.88921e+18  0.269  -0.672  1.00000e+11
OBS: 6000376  54507.531   -59.00   0.0000e+00   0.0000e+00   0.0000e+00   0  H  0.00  1   !  -9.99000e+02  -99.000  -99.000  -999
OBS: 6000376  54509.531   -57.00   0.0000e+00   0.0000e+00   0.0000e+00   0  H  0.00  1   !  -9.99000e+02  -99.000  -99.000  -999
OBS: 6000376  54511.531   -55.00   0.0000e+00   0.0000e+00   0.0000e+00   0  H  0.00  1   !  -9.99000e+02  -99.000  -99.000  -999
OBS: 6000376  54513.531   -53.00   0.0000e+00   0.0000e+00   0.0000e+00   0  H  0.00  1   !  -9.99000e+02  -99.000  -99.000  -999
OBS: 6000376  54515.531   -51.00   0.0000e+00   0.0000e+00   0.0000e+00   0  H  0.00  1   !  -9.99000e+02  -99.000  -99.000  -999
OBS: 6000376  54517.531   -49.00   0.0000e+00   0.0000e+00   0.0000e+00   0  H  0.00  1   !  -9.99000e+02  -99.000  -99.000  -999
OBS: 6000376  54519.531   -47.00   0.0000e+00   0.0000e+00   0.0000e+00   0  H  0.00  1   !  -9.99000e+02  -99.000  -99.000  -999
OBS: 6000376  54521.531   -45.00   0.0000e+00   0.0000e+00   0.0000e+00   0  H  0.00  1   !  -9.99000e+02  -99.000  -99.000  -999
OBS: 6000376  54523.531   -43.00   0.0000e+00   0.0000e+00   0.0000e+00   0  H  0.00  1   !  -9.99000e+02  -99.000  -99.000  -999
OBS: 6000376  54525.531   -41.00   0.0000e+00   0.0000e+00   0.0000e+00   0  H  0.00  1   !  -9.99000e+02  -99.000  -99.000  -999
OBS: 6000376  54527.531   -39.00   0.0000e+00   0.0000e+00   0.0000e+00   0  H  0.00  1   !  -9.99000e+02  -99.000  -99.000  -999
OBS: 6000376  54529.531   -37.00   0.0000e+00   0.0000e+00   0.0000e+00   0  H  0.00  1   !  -9.99000e+02  -99.000  -99.000  -999
OBS: 6000376  54531.531   -35.00   0.0000e+00   0.0000e+00   0.0000e+00   0  H  0.00  1   !  -9.99000e+02  -99.000  -99.000  -999
OBS: 6000376  54533.531   -33.00   0.0000e+00   0.0000e+00   0.0000e+00   0  H  0.00  1   !  -9.99000e+02  -99.000  -99.000  -999
OBS: 6000376  54535.531   -31.00   0.0000e+00   0.0000e+00   0.0000e+00   0  H  0.00  1   !  -9.99000e+02  -99.000  -99.000  -999
OBS: 6000376  54537.531   -29.00   0.0000e+00   0.0000e+00   0.0000e+00   0  H  0.00  1   !  -9.99000e+02  -99.000  -99.000  -999
OBS: 6000376  54539.531   -27.00   0.0000e+00   0.0000e+00   0.0000e+00   0  H  0.00  1   !  -9.99000e+02  -99.000  -99.000  -999
OBS: 6000376  54541.531   -25.00   0.0000e+00   0.0000e+00   0.0000e+00   0  H  0.00  1   !  -9.99000e+02  -99.000  -99.000  -999
OBS: 6000376  54543.531   -23.00   0.0000e+00   0.0000e+00   0.0000e+00   0  H  0.00  1   !  -9.99000e+02  -99.000  -99.000  -999
OBS: 6000376  54545.531   -21.00   0.0000e+00   4.0349e+02   2.4286e+02   0  H  0.00  1   !  -9.99000e+02  -99.000  -99.000  -999
OBS: 6000376  54547.531   -19.00   0.0000e+00   3.6283e+02   2.1839e+02   0  H  0.00  1   !  -9.99000e+02  -99.000  -99.000  -999
OBS: 6000376  54549.531   -17.00   0.0000e+00   3.6351e+02   2.1880e+02   0  H  0.00  1   !  -9.99000e+02  -99.000  -99.000  -999
OBS: 6000376  54551.531   -15.00   0.0000e+00   5.6058e+02   1.3251e+02   0  H  0.00  1   !  -9.99000e+02  -99.000  -99.000  -999
OBS: 6000376  54553.531   -13.00   0.0000e+00   1.0194e+03   7.9577e+01   0  H  0.00  1   !  -9.99000e+02  -99.000  -99.000  -999
OBS: 6000376  54555.531   -11.00   0.0000e+00   1.4797e+03   5.7191e+01   0  H  0.00  1   !  -9.99000e+02  -99.000  -99.000  -999
OBS: 6000376  54557.531    -9.00   0.0000e+00   1.8880e+03   5.7712e+01   0  H  0.00  1   !  -9.99000e+02  -99.000  -99.000  -999
OBS: 6000376  54559.531    -7.00   0.0000e+00   2.1964e+03   5.1450e+01   0  H  0.00  1   !  -9.99000e+02  -99.000  -99.000  -999
OBS: 6000376  54561.531    -5.00   0.0000e+00   2.3158e+03   4.6032e+01   0  H  0.00  1   !  -9.99000e+02  -99.000  -99.000  -999
OBS: 6000376  54563.531    -3.00   0.0000e+00   2.2439e+03   4.5639e+01   0  H  0.00  1   !  -9.99000e+02  -99.000  -99.000  -999
OBS: 6000376  54565.531    -1.00   0.0000e+00   1.9953e+03   4.6686e+01   0  H  0.00  1   !  -9.99000e+02  -99.000  -99.000  -999
OBS: 6000376  54567.531     1.00   0.0000e+00   1.7609e+03   4.5943e+01   0  H  0.00  1   !  -9.99000e+02  -99.000  -99.000  -999
OBS: 6000376  54569.531     3.00   0.0000e+00   1.5916e+03   4.6653e+01   0  H  0.00  1   !  -9.99000e+02  -99.000  -99.000  -999
OBS: 6000376  54571.531     5.00   0.0000e+00   1.3989e+03   4.2359e+01   0  H  0.00  1   !  -9.99000e+02  -99.000  -99.000  -999
OBS: 6000376  54573.531     7.00   0.0000e+00   1.2081e+03   3.7301e+01   0  H  0.00  1   !  -9.99000e+02  -99.000  -99.000  -999
OBS: 6000376  54575.531     9.00   0.0000e+00   1.0649e+03   3.4535e+01   0  H  0.00  1   !  -9.99000e+02  -99.000  -99.000  -999
OBS: 6000376  54577.531    11.00   0.0000e+00   1.0017e+03   3.5694e+01   0  H  0.00  1   !  -9.99000e+02  -99.000  -99.000  -999
OBS: 6000376  54579.531    13.00   0.0000e+00   9.9547e+02   3.7313e+01   0  H  0.00  1   !  -9.99000e+02  -99.000  -99.000  -999
OBS: 6000376  54581.531    15.00   0.0000e+00   1.0261e+03   3.3796e+01   0  H  0.00  1   !  -9.99000e+02  -99.000  -99.000  -999
OBS: 6000376  54583.531    17.00   0.0000e+00   1.0939e+03   3.2497e+01   0  H  0.00  1   !  -9.99000e+02  -99.000  -99.000  -999
OBS: 6000376  54585.531    19.00   0.0000e+00   1.1783e+03   3.4826e+01   0  H  0.00  1   !  -9.99000e+02  -99.000  -99.000  -999
OBS: 6000376  54587.531    21.00   0.0000e+00   1.2708e+03   3.6479e+01   0  H  0.00  1   !  -9.99000e+02  -99.000  -99.000  -999
OBS: 6000376  54589.531    23.00   0.0000e+00   1.3302e+03   4.0732e+01   0  H  0.00  1   !  -9.99000e+02  -99.000  -99.000  -999
OBS: 6000376  54591.531    25.00   0.0000e+00   1.3438e+03   4.8270e+01   0  H  0.00  1   !  -9.99000e+02  -99.000  -99.000  -999
OBS: 6000376  54593.531    27.00   0.0000e+00   1.3271e+03   5.4689e+01   0  H  0.00  1   !  -9.99000e+02  -99.000  -99.000  -999
OBS: 6000376  54595.531    29.00   0.0000e+00   1.2811e+03   5.5305e+01   0  H  0.00  1   !  -9.99000e+02  -99.000  -99.000  -999
OBS: 6000376  54597.531    31.00   0.0000e+00   1.2519e+03   4.9506e+01   0  H  0.00  1   !  -9.99000e+02  -99.000  -99.000  -999
OBS: 6000376  54599.531    33.00   0.0000e+00   1.2269e+03   4.5418e+01   0  H  0.00  1   !  -9.99000e+02  -99.000  -99.000  -999
OBS: 6000376  54601.531    35.00   0.0000e+00   1.2060e+03   4.5934e+01   0  H  0.00  1   !  -9.99000e+02  -99.000  -99.000  -999
OBS: 6000376  54603.531    37.00   0.0000e+00   1.1773e+03   5.1967e+01   0  H  0.00  1   !  -9.99000e+02  -99.000  -99.000  -999
OBS: 6000376  54605.531    39.00   0.0000e+00   1.1082e+03   6.4253e+01   0  H  0.00  1   !  -9.99000e+02  -99.000  -99.000  -999
OBS: 6000376  54607.531    41.00   0.0000e+00   1.0065e+03   7.0880e+01   0  H  0.00  1   !  -9.99000e+02  -99.000  -99.000  -999
OBS: 6000376  54609.531    43.00   0.0000e+00   8.7822e+02   6.7643e+01   0  H  0.00  1   !  -9.99000e+02  -99.000  -99.000  -999
OBS: 6000376  54611.531    45.00   0.0000e+00   7.4536e+02   6.4805e+01   0  H  0.00  1   !  -9.99000e+02  -99.000  -99.000  -999
OBS: 6000376  54613.531    47.00   0.0000e+00   6.4773e+02   7.1551e+01   0  H  0.00  1   !  -9.99000e+02  -99.000  -99.000  -999
OBS: 6000376  54615.531    49.00   0.0000e+00   5.8467e+02   8.0767e+01   0  H  0.00  1   !  -9.99000e+02  -99.000  -99.000  -999
OBS: 6000376  54617.531    51.00   0.0000e+00   5.3592e+02   8.1581e+01   0  H  0.00  1   !  -9.99000e+02  -99.000  -99.000  -999
OBS: 6000376  54619.531    53.00   0.0000e+00   4.8811e+02   7.3376e+01   0  H  0.00  1   !  -9.99000e+02  -99.000  -99.000  -999
OBS: 6000376  54621.531    55.00   0.0000e+00   4.4173e+02   2.6588e+02   0  H  0.00  1   !  -9.99000e+02  -99.000  -99.000  -999
OBS: 6000376  54623.531    57.00   0.0000e+00   4.0035e+02   2.4098e+02   0  H  0.00  1   !  -9.99000e+02  -99.000  -99.000  -999
OBS: 6000376  54625.531    59.00   0.0000e+00   3.6602e+02   2.2031e+02   0  H  0.00  1   !  -9.99000e+02  -99.000  -99.000  -999
OBS: 6000376  54627.531    61.00   0.0000e+00   3.3238e+02   2.0007e+02   0  H  0.00  1   !  -9.99000e+02  -99.000  -99.000  -999
OBS: 6000376  54629.531    63.00   0.0000e+00   3.0180e+02   1.8166e+02   0  H  0.00  1   !  -9.99000e+02  -99.000  -99.000  -999
OBS: 6000376  54631.531    65.00   0.0000e+00   2.5667e+02   1.5450e+02   0  H  0.00  1   !  -9.99000e+02  -99.000  -99.000  -999
OBS: 6000376  54633.531    67.00   0.0000e+00   1.9810e+02   1.1924e+02   0  H  0.00  1   !  -9.99000e+02  -99.000  -99.000  -999
OBS: 6000376  54635.531    69.00   0.0000e+00   1.6021e+02   9.6431e+01   0  H  0.00  1   !  -9.99000e+02  -99.000  -99.000  -999
OBS: 6000376  54637.531    71.00   0.0000e+00   1.3614e+02   8.1945e+01   0  H  0.00  1   !  -9.99000e+02  -99.000  -99.000  -999
OBS: 6000376  54639.531    73.00   0.0000e+00   1.2018e+02   7.2338e+01   0  H  0.00  1   !  -9.99000e+02  -99.000  -99.000  -999
OBS: 6000376  54641.531    75.00   0.0000e+00   1.0824e+02   6.5151e+01   0  H  0.00  1   !  -9.99000e+02  -99.000  -99.000  -999
OBS: 6000376  54643.531    77.00   0.0000e+00   9.7452e+01   5.8657e+01   0  H  0.00  1   !  -9.99000e+02  -99.000  -99.000  -999
OBS: 6000376  54645.531    79.00   0.0000e+00   8.7299e+01   5.2546e+01   0  H  0.00  1   !  -9.99000e+02  -99.000  -99.000  -999
OBS: 6000376  54647.531    81.00   0.0000e+00   7.9688e+01   4.7965e+01   0  H  0.00  1   !  -9.99000e+02  -99.000  -99.000  -999
OBS: 6000376  54649.531    83.00   0.0000e+00   7.2934e+01   4.3900e+01   0  H  0.00  1   !  -9.99000e+02  -99.000  -99.000  -999
OBS: 6000376  54651.531    85.00   0.0000e+00   6.6861e+01   4.0244e+01   0  H  0.00  1   !  -9.99000e+02  -99.000  -99.000  -999
OBS: 6000376  54653.531    87.00   0.0000e+00   6.2135e+01   3.7400e+01   0  H  0.00  1   !  -9.99000e+02  -99.000  -99.000  -999
OBS: 6000376  54655.531    89.00   0.0000e+00   5.7834e+01   3.4811e+01   0  H  0.00  1   !  -9.99000e+02  -99.000  -99.000  -999
OBS: 6000376  54657.531    91.00   0.0000e+00   5.3933e+01   3.2463e+01   0  H  0.00  1   !  -9.99000e+02  -99.000  -99.000  -999
OBS: 6000376  54659.531    93.00   0.0000e+00   4.9827e+01   2.9991e+01   0  H  0.00  1   !  -9.99000e+02  -99.000  -99.000  -999
OBS: 6000376  54661.531    95.00   0.0000e+00   4.6033e+01   2.7708e+01   0  H  0.00  1   !  -9.99000e+02  -99.000  -99.000  -999
OBS: 6000376  54663.531    97.00   0.0000e+00   4.2528e+01   2.5598e+01   0  H  0.00  1   !  -9.99000e+02  -99.000  -99.000  -999
OBS: 6000376  54665.531    99.00   0.0000e+00   3.9290e+01   2.3649e+01   0  H  0.00  1   !  -9.99000e+02  -99.000  -99.000  -999
OBS: 6000376  54667.531   101.00   0.0000e+00   3.6298e+01   2.1848e+01   0  H  0.00  1   !  -9.99000e+02  -99.000  -99.000  -999
OBS: 6000376  54669.531   103.00   0.0000e+00   3.3534e+01   2.0185e+01   0  H  0.00  1   !  -9.99000e+02  -99.000  -99.000  -999
OBS: 6000376  54671.531   105.00   0.0000e+00   3.0981e+01   1.8648e+01   0  H  0.00  1   !  -9.99000e+02  -99.000  -99.000  -999
OBS: 6000376  54673.531   107.00   0.0000e+00   2.8622e+01   1.7228e+01   0  H  0.00  1   !  -9.99000e+02  -99.000  -99.000  -999
OBS: 6000376  54675.531   109.00   0.0000e+00   2.6443e+01   1.5916e+01   0  H  0.00  1   !  -9.99000e+02  -99.000  -99.000  -999
OBS: 6000376  54677.531   111.00   0.0000e+00   2.4430e+01   1.4704e+01   0  H  0.00  1   !  -9.99000e+02  -99.000  -99.000  -999
OBS: 6000376  54679.531   113.00   0.0000e+00   2.2570e+01   1.3585e+01   0  H  0.00  1   !  -9.99000e+02  -99.000  -99.000  -999
OBS: 6000376  54681.531   115.00   0.0000e+00   2.0851e+01   1.2551e+01   0  H  0.00  1   !  -9.99000e+02  -99.000  -99.000  -999
OBS: 6000376  54683.531   117.00   0.0000e+00   1.9263e+01   1.1595e+01   0  H  0.00  1   !  -9.99000e+02  -99.000  -99.000  -999
OBS: 6000376  54685.531   119.00   0.0000e+00   1.7797e+01   1.0712e+01   0  H  0.00  1   !  -9.99000e+02  -99.000  -99.000  -999
OBS: 6000376  54687.531   121.00   0.0000e+00   1.6442e+01   9.8965e+00   0  H  0.00  1   !  -9.99000e+02  -99.000  -99.000  -999
OBS: 6000376  54689.531   123.00   0.0000e+00   1.5190e+01   9.1429e+00   0  H  0.00  1   !  -9.99000e+02  -99.000  -99.000  -999
OBS: 6000376  54691.531   125.00   0.0000e+00   1.4033e+01   8.4468e+00   0  H  0.00  1   !  -9.99000e+02  -99.000  -99.000  -999
OBS: 6000376  54693.531   127.00   0.0000e+00   1.2965e+01   7.8037e+00   0  H  0.00  1   !  -9.99000e+02  -99.000  -99.000  -999
OBS: 6000376  54695.531   129.00   0.0000e+00   1.1978e+01   7.2095e+00   0  H  0.00  1   !  -9.99000e+02  -99.000  -99.000  -999
OBS: 6000376  54697.531   131.00   0.0000e+00   1.1066e+01   6.6606e+00   0  H  0.00  1   !  -9.99000e+02  -99.000  -99.000  -999
OBS: 6000376  54699.531   133.00   0.0000e+00   1.0223e+01   6.1534e+00   0  H  0.00  1   !  -9.99000e+02  -99.000  -99.000  -999
OBS: 6000376  54701.531   135.00   0.0000e+00   9.4448e+00   5.6849e+00   0  H  0.00  1   !  -9.99000e+02  -99.000  -99.000  -999
OBS: 6000376  54703.531   137.00   0.0000e+00   8.7256e+00   5.2521e+00   0  H  0.00  1   !  -9.99000e+02  -99.000  -99.000  -999
OBS: 6000376  54705.531   139.00   0.0000e+00   8.0613e+00   4.8522e+00   0  H  0.00  1   !  -9.99000e+02  -99.000  -99.000  -999
