VARNAMES: CID MJD Tobs SIM_FLUXCAL FLUXCAL FLUXCAL_ERR DATAFLAG BAND CHI2 IFIT BAND_REST FLUX_REST KCOR AVWARP SIM_FLUX_REST 
OBS: 5999876  53661.672    -5.72   6.3670e+03   6.4444e+03   4.7357e+02   1  J  1.64  1   J  3.56980e+18  -0.091  1.173  1.00000e+11
OBS: 5999876  53661.680    -5.71   6.3675e+03   6.1021e+03   4.5153e+02   1  J  0.37  1   J  3.37998e+18  -0.091  1.170  1.00000e+11
OBS: 5999876  53664.621    -2.77   6.1469e+03   6.8206e+03   3.6206e+02   1  J  9.71  1   J  3.71362e+18  -0.110  0.353  1.00000e+11
OBS: 5999876  53664.621    -2.77   6.1469e+03   6.3467e+03   3.6398e+02   1  J  3.54  1   J  3.45558e+18  -0.110  0.353  1.00000e+11
OBS: 5999876  53668.602     1.21   4.8538e+03   4.7139e+03   5.2152e+02   1  J  0.27  1   J  2.55383e+18  -0.115  -0.292  1.00000e+11
OBS: 5999876  53668.609     1.22   4.8492e+03   4.1049e+03   3.7335e+02   1  J  0.66  1   J  2.22408e+18  -0.115  -0.293  1.00000e+11
OBS: 5999876  53670.641     3.25   3.9839e+03   3.8030e+03   4.3527e+02   1  J  0.13  1   J  2.08041e+18  -0.105  -0.376  1.00000e+11
OBS: 5999876  53670.648     3.26   3.9801e+03   3.0288e+03   5.1058e+02   1  J  1.32  1   J  1.65681e+18  -0.105  -0.375  1.00000e+11
OBS: 5999876  53672.691     5.30   3.2769e+03   3.8155e+03   5.6507e+02   1  J  2.01  1   J  2.05569e+18  -0.121  0.027  1.00000e+11
OBS: 5999876  53704.570    37.18   3.0970e+03   3.3061e+03   3.9063e+02   1  J  0.86  1   J  1.46102e+18  -0.337  3.555  1.00000e+11
OBS: 5999876  53608.387   -59.00   0.0000e+00   0.0000e+00   0.0000e+00   0  J  0.00  1   !  -9.99000e+02  -99.000  -99.000  -999
OBS: 5999876  53610.387   -57.00   0.0000e+00   0.0000e+00   0.0000e+00   0  J  0.00  1   !  -9.99000e+02  -99.000  -99.000  -999
OBS: 5999876  53612.387   -55.00   0.0000e+00   0.0000e+00   0.0000e+00   0  J  0.00  1   !  -9.99000e+02  -99.000  -99.000  -999
OBS: 5999876  53614.387   -53.00   0.0000e+00   0.0000e+00   0.0000e+00   0  J  0.00  1   !  -9.99000e+02  -99.000  -99.000  -999
OBS: 5999876  53616.387   -51.00   0.0000e+00   0.0000e+00   0.0000e+00   0  J  0.00  1   !  -9.99000e+02  -99.000  -99.000  -999
OBS: 5999876  53618.387   -49.00   0.0000e+00   0.0000e+00   0.0000e+00   0  J  0.00  1   !  -9.99000e+02  -99.000  -99.000  -999
OBS: 5999876  53620.387   -47.00   0.0000e+00   0.0000e+00   0.0000e+00   0  J  0.00  1   !  -9.99000e+02  -99.000  -99.000  -999
OBS: 5999876  53622.387   -45.00   0.0000e+00   0.0000e+00   0.0000e+00   0  J  0.00  1   !  -9.99000e+02  -99.000  -99.000  -999
OBS: 5999876  53624.387   -43.00   0.0000e+00   0.0000e+00   0.0000e+00   0  J  0.00  1   !  -9.99000e+02  -99.000  -99.000  -999
OBS: 5999876  53626.387   -41.00   0.0000e+00   0.0000e+00   0.0000e+00   0  J  0.00  1   !  -9.99000e+02  -99.000  -99.000  -999
OBS: 5999876  53628.387   -39.00   0.0000e+00   0.0000e+00   0.0000e+00   0  J  0.00  1   !  -9.99000e+02  -99.000  -99.000  -999
OBS: 5999876  53630.387   -37.00   0.0000e+00   0.0000e+00   0.0000e+00   0  J  0.00  1   !  -9.99000e+02  -99.000  -99.000  -999
OBS: 5999876  53632.387   -35.00   0.0000e+00   0.0000e+00   0.0000e+00   0  J  0.00  1   !  -9.99000e+02  -99.000  -99.000  -999
OBS: 5999876  53634.387   -33.00   0.0000e+00   0.0000e+00   0.0000e+00   0  J  0.00  1   !  -9.99000e+02  -99.000  -99.000  -999
OBS: 5999876  53636.387   -31.00   0.0000e+00   0.0000e+00   0.0000e+00   0  J  0.00  1   !  -9.99000e+02  -99.000  -99.000  -999
OBS: 5999876  53638.387   -29.00   0.0000e+00   0.0000e+00   0.0000e+00   0  J  0.00  1   !  -9.99000e+02  -99.000  -99.000  -999
OBS: 5999876  53640.387   -27.00   0.0000e+00   0.0000e+00   0.0000e+00   0  J  0.00  1   !  -9.99000e+02  -99.000  -99.000  -999
OBS: 5999876  53642.387   -25.00   0.0000e+00   0.0000e+00   0.0000e+00   0  J  0.00  1   !  -9.99000e+02  -99.000  -99.000  -999
OBS: 5999876  53644.387   -23.00   0.0000e+00   0.0000e+00   0.0000e+00   0  J  0.00  1   !  -9.99000e+02  -99.000  -99.000  -999
OBS: 5999876  53646.387   -21.00   0.0000e+00   1.7388e+03   1.0466e+03   0  J  0.00  1   !  -9.99000e+02  -99.000  -99.000  -999
OBS: 5999876  53648.387   -19.00   0.0000e+00   1.8643e+03   1.1222e+03   0  J  0.00  1   !  -9.99000e+02  -99.000  -99.000  -999
OBS: 5999876  53650.387   -17.00   0.0000e+00   1.8745e+03   1.1283e+03   0  J  0.00  1   !  -9.99000e+02  -99.000  -99.000  -999
OBS: 5999876  53652.387   -15.00   0.0000e+00   2.2924e+03   6.5044e+02   0  J  0.00  1   !  -9.99000e+02  -99.000  -99.000  -999
OBS: 5999876  53654.387   -13.00   0.0000e+00   3.5022e+03   1.4512e+02   0  J  0.00  1   !  -9.99000e+02  -99.000  -99.000  -999
OBS: 5999876  53656.387   -11.00   0.0000e+00   4.6897e+03   1.2521e+02   0  J  0.00  1   !  -9.99000e+02  -99.000  -99.000  -999
OBS: 5999876  53658.387    -9.00   0.0000e+00   5.4061e+03   1.4655e+02   0  J  0.00  1   !  -9.99000e+02  -99.000  -99.000  -999
OBS: 5999876  53660.387    -7.00   0.0000e+00   5.7235e+03   1.3532e+02   0  J  0.00  1   !  -9.99000e+02  -99.000  -99.000  -999
OBS: 5999876  53662.387    -5.00   0.0000e+00   5.8306e+03   1.2436e+02   0  J  0.00  1   !  -9.99000e+02  -99.000  -99.000  -999
OBS: 5999876  53664.387    -3.00   0.0000e+00   5.6579e+03   1.3527e+02   0  J  0.00  1   !  -9.99000e+02  -99.000  -99.000  -999
OBS: 5999876  53666.387    -1.00   0.0000e+00   5.2421e+03   1.4057e+02   0  J  0.00  1   !  -9.99000e+02  -99.000  -99.000  -999
OBS: 5999876  53668.387     1.00   0.0000e+00   4.5213e+03   1.3948e+02   0  J  0.00  1   !  -9.99000e+02  -99.000  -99.000  -999
OBS: 5999876  53670.387     3.00   0.0000e+00   3.7308e+03   1.3514e+02   0  J  0.00  1   !  -9.99000e+02  -99.000  -99.000  -999
OBS: 5999876  53672.387     5.00   0.0000e+00   3.0819e+03   1.2925e+02   0  J  0.00  1   !  -9.99000e+02  -99.000  -99.000  -999
OBS: 5999876  53674.387     7.00   0.0000e+00   2.4991e+03   1.2880e+02   0  J  0.00  1   !  -9.99000e+02  -99.000  -99.000  -999
OBS: 5999876  53676.387     9.00   0.0000e+00   2.0158e+03   1.4542e+02   0  J  0.00  1   !  -9.99000e+02  -99.000  -99.000  -999
OBS: 5999876  53678.387    11.00   0.0000e+00   1.6962e+03   1.5959e+02   0  J  0.00  1   !  -9.99000e+02  -99.000  -99.000  -999
OBS: 5999876  53680.387    13.00   0.0000e+00   1.5552e+03   1.5297e+02   0  J  0.00  1   !  -9.99000e+02  -99.000  -99.000  -999
OBS: 5999876  53682.387    15.00   0.0000e+00   1.5796e+03   1.4609e+02   0  J  0.00  1   !  -9.99000e+02  -99.000  -99.000  -999
OBS: 5999876  53684.387    17.00   0.0000e+00   1.6463e+03   1.2321e+02   0  J  0.00  1   !  -9.99000e+02  -99.000  -99.000  -999
OBS: 5999876  53686.387    19.00   0.0000e+00   1.7202e+03   1.2083e+02   0  J  0.00  1   !  -9.99000e+02  -99.000  -99.000  -999
OBS: 5999876  53688.387    21.00   0.0000e+00   1.7891e+03   1.4821e+02   0  J  0.00  1   !  -9.99000e+02  -99.000  -99.000  -999
OBS: 5999876  53690.387    23.00   0.0000e+00   1.9050e+03   1.6562e+02   0  J  0.00  1   !  -9.99000e+02  -99.000  -99.000  -999
OBS: 5999876  53692.387    25.00   0.0000e+00   2.0368e+03   1.7265e+02   0  J  0.00  1   !  -9.99000e+02  -99.000  -99.000  -999
OBS: 5999876  53694.387    27.00   0.0000e+00   2.1816e+03   1.7783e+02   0  J  0.00  1   !  -9.99000e+02  -99.000  -99.000  -999
OBS: 5999876  53696.387    29.00   0.0000e+00   2.3427e+03   1.8840e+02   0  J  0.00  1   !  -9.99000e+02  -99.000  -99.000  -999
OBS: 5999876  53698.387    31.00   0.0000e+00   2.5219e+03   2.2285e+02   0  J  0.00  1   !  -9.99000e+02  -99.000  -99.000  -999
OBS: 5999876  53700.387    33.00   0.0000e+00   2.7231e+03   2.7126e+02   0  J  0.00  1   !  -9.99000e+02  -99.000  -99.000  -999
OBS: 5999876  53702.387    35.00   0.0000e+00   2.8881e+03   3.0435e+02   0  J  0.00  1   !  -9.99000e+02  -99.000  -99.000  -999
OBS: 5999876  53704.387    37.00   0.0000e+00   2.8550e+03   3.2114e+02   0  J  0.00  1   !  -9.99000e+02  -99.000  -99.000  -999
OBS: 5999876  53706.387    39.00   0.0000e+00   2.5866e+03   3.1393e+02   0  J  0.00  1   !  -9.99000e+02  -99.000  -99.000  -999
OBS: 5999876  53708.387    41.00   0.0000e+00   2.1909e+03   2.6575e+02   0  J  0.00  1   !  -9.99000e+02  -99.000  -99.000  -999
OBS: 5999876  53710.387    43.00   0.0000e+00   1.7719e+03   2.0323e+02   0  J  0.00  1   !  -9.99000e+02  -99.000  -99.000  -999
OBS: 5999876  53712.387    45.00   0.0000e+00   1.4591e+03   1.5652e+02   0  J  0.00  1   !  -9.99000e+02  -99.000  -99.000  -999
OBS: 5999876  53714.387    47.00   0.0000e+00   1.3010e+03   1.8459e+02   0  J  0.00  1   !  -9.99000e+02  -99.000  -99.000  -999
OBS: 5999876  53716.387    49.00   0.0000e+00   1.2240e+03   3.0467e+02   0  J  0.00  1   !  -9.99000e+02  -99.000  -99.000  -999
OBS: 5999876  53718.387    51.00   0.0000e+00   1.1485e+03   4.2429e+02   0  J  0.00  1   !  -9.99000e+02  -99.000  -99.000  -999
OBS: 5999876  53720.387    53.00   0.0000e+00   1.0638e+03   5.4334e+02   0  J  0.00  1   !  -9.99000e+02  -99.000  -99.000  -999
OBS: 5999876  53722.387    55.00   0.0000e+00   9.8738e+02   5.9432e+02   0  J  0.00  1   !  -9.99000e+02  -99.000  -99.000  -999
OBS: 5999876  53724.387    57.00   0.0000e+00   9.0703e+02   5.4595e+02   0  J  0.00  1   !  -9.99000e+02  -99.000  -99.000  -999
OBS: 5999876  53726.387    59.00   0.0000e+00   8.2879e+02   4.9886e+02   0  J  0.00  1   !  -9.99000e+02  -99.000  -99.000  -999
OBS: 5999876  53728.387    61.00   0.0000e+00   7.6045e+02   4.5772e+02   0  J  0.00  1   !  -9.99000e+02  -99.000  -99.000  -999
OBS: 5999876  53730.387    63.00   0.0000e+00   7.0832e+02   4.2635e+02   0  J  0.00  1   !  -9.99000e+02  -99.000  -99.000  -999
OBS: 5999876  53732.387    65.00   0.0000e+00   6.0384e+02   3.6346e+02   0  J  0.00  1   !  -9.99000e+02  -99.000  -99.000  -999
OBS: 5999876  53734.387    67.00   0.0000e+00   5.2482e+02   3.1589e+02   0  J  0.00  1   !  -9.99000e+02  -99.000  -99.000  -999
OBS: 5999876  53736.387    69.00   0.0000e+00   4.6616e+02   2.8059e+02   0  J  0.00  1   !  -9.99000e+02  -99.000  -99.000  -999
OBS: 5999876  53738.387    71.00   0.0000e+00   4.2267e+02   2.5441e+02   0  J  0.00  1   !  -9.99000e+02  -99.000  -99.000  -999
OBS: 5999876  53740.387    73.00   0.0000e+00   3.8832e+02   2.3374e+02   0  J  0.00  1   !  -9.99000e+02  -99.000  -99.000  -999
OBS: 5999876  53742.387    75.00   0.0000e+00   3.5171e+02   2.1170e+02   0  J  0.00  1   !  -9.99000e+02  -99.000  -99.000  -999
OBS: 5999876  53744.387    77.00   0.0000e+00   3.1294e+02   1.8836e+02   0  J  0.00  1   !  -9.99000e+02  -99.000  -99.000  -999
OBS: 5999876  53746.387    79.00   0.0000e+00   2.8626e+02   1.7230e+02   0  J  0.00  1   !  -9.99000e+02  -99.000  -99.000  -999
OBS: 5999876  53748.387    81.00   0.0000e+00   2.6975e+02   1.6236e+02   0  J  0.00  1   !  -9.99000e+02  -99.000  -99.000  -999
OBS: 5999876  53750.387    83.00   0.0000e+00   2.5427e+02   1.5305e+02   0  J  0.00  1   !  -9.99000e+02  -99.000  -99.000  -999
OBS: 5999876  53752.387    85.00   0.0000e+00   2.3972e+02   1.4429e+02   0  J  0.00  1   !  -9.99000e+02  -99.000  -99.000  -999
OBS: 5999876  53754.387    87.00   0.0000e+00   2.2576e+02   1.3589e+02   0  J  0.00  1   !  -9.99000e+02  -99.000  -99.000  -999
OBS: 5999876  53756.387    89.00   0.0000e+00   2.1215e+02   1.2769e+02   0  J  0.00  1   !  -9.99000e+02  -99.000  -99.000  -999
OBS: 5999876  53758.387    91.00   0.0000e+00   2.0121e+02   1.2111e+02   0  J  0.00  1   !  -9.99000e+02  -99.000  -99.000  -999
OBS: 5999876  53760.387    93.00   0.0000e+00   1.9137e+02   1.1519e+02   0  J  0.00  1   !  -9.99000e+02  -99.000  -99.000  -999
OBS: 5999876  53762.387    95.00   0.0000e+00   1.8200e+02   1.0955e+02   0  J  0.00  1   !  -9.99000e+02  -99.000  -99.000  -999
OBS: 5999876  53764.387    97.00   0.0000e+00   1.7309e+02   1.0419e+02   0  J  0.00  1   !  -9.99000e+02  -99.000  -99.000  -999
OBS: 5999876  53766.387    99.00   0.0000e+00   1.6462e+02   9.9089e+01   0  J  0.00  1   !  -9.99000e+02  -99.000  -99.000  -999
OBS: 5999876  53768.387   101.00   0.0000e+00   1.5657e+02   9.4240e+01   0  J  0.00  1   !  -9.99000e+02  -99.000  -99.000  -999
OBS: 5999876  53770.387   103.00   0.0000e+00   1.4891e+02   8.9628e+01   0  J  0.00  1   !  -9.99000e+02  -99.000  -99.000  -999
OBS: 5999876  53772.387   105.00   0.0000e+00   1.4162e+02   8.5242e+01   0  J  0.00  1   !  -9.99000e+02  -99.000  -99.000  -999
OBS: 5999876  53774.387   107.00   0.0000e+00   1.3469e+02   8.1071e+01   0  J  0.00  1   !  -9.99000e+02  -99.000  -99.000  -999
OBS: 5999876  53776.387   109.00   0.0000e+00   1.2810e+02   7.7103e+01   0  J  0.00  1   !  -9.99000e+02  -99.000  -99.000  -999
OBS: 5999876  53778.387   111.00   0.0000e+00   1.2183e+02   7.3330e+01   0  J  0.00  1   !  -9.99000e+02  -99.000  -99.000  -999
OBS: 5999876  53780.387   113.00   0.0000e+00   1.1587e+02   6.9742e+01   0  J  0.00  1   !  -9.99000e+02  -99.000  -99.000  -999
OBS: 5999876  53782.387   115.00   0.0000e+00   1.1020e+02   6.6329e+01   0  J  0.00  1   !  -9.99000e+02  -99.000  -99.000  -999
OBS: 5999876  53784.387   117.00   0.0000e+00   1.0480e+02   6.3083e+01   0  J  0.00  1   !  -9.99000e+02  -99.000  -99.000  -999
OBS: 5999876  53786.387   119.00   0.0000e+00   9.9675e+01   5.9996e+01   0  J  0.00  1   !  -9.99000e+02  -99.000  -99.000  -999
OBS: 5999876  53788.387   121.00   0.0000e+00   9.4798e+01   5.7060e+01   0  J  0.00  1   !  -9.99000e+02  -99.000  -99.000  -999
OBS: 5999876  53790.387   123.00   0.0000e+00   9.0159e+01   5.4267e+01   0  J  0.00  1   !  -9.99000e+02  -99.000  -99.000  -999
OBS: 5999876  53792.387   125.00   0.0000e+00   8.5747e+01   5.1612e+01   0  J  0.00  1   !  -9.99000e+02  -99.000  -99.000  -999
OBS: 5999876  53794.387   127.00   0.0000e+00   8.1550e+01   4.9086e+01   0  J  0.00  1   !  -9.99000e+02  -99.000  -99.000  -999
OBS: 5999876  53796.387   129.00   0.0000e+00   7.7560e+01   4.6684e+01   0  J  0.00  1   !  -9.99000e+02  -99.000  -99.000  -999
OBS: 5999876  53798.387   131.00   0.0000e+00   7.3764e+01   4.4399e+01   0  J  0.00  1   !  -9.99000e+02  -99.000  -99.000  -999
OBS: 5999876  53800.387   133.00   0.0000e+00   7.0154e+01   4.2227e+01   0  J  0.00  1   !  -9.99000e+02  -99.000  -99.000  -999
OBS: 5999876  53802.387   135.00   0.0000e+00   6.6721e+01   4.0160e+01   0  J  0.00  1   !  -9.99000e+02  -99.000  -99.000  -999
OBS: 5999876  53804.387   137.00   0.0000e+00   6.3456e+01   3.8195e+01   0  J  0.00  1   !  -9.99000e+02  -99.000  -99.000  -999
OBS: 5999876  53806.387   139.00   0.0000e+00   6.0351e+01   3.6326e+01   0  J  0.00  1   !  -9.99000e+02  -99.000  -99.000  -999
OBS: 5999876  53661.672    -5.72   5.0026e+03   5.5628e+03   3.5628e+02   1  Y  0.73  1   Y  2.77096e+18  -0.207  -0.943  1.00000e+11
OBS: 5999876  53661.680    -5.71   5.0043e+03   5.1604e+03   3.4350e+02   1  Y  0.05  1   Y  2.57010e+18  -0.207  -0.944  1.00000e+11
OBS: 5999876  53664.621    -2.77   5.0496e+03   5.3815e+03   2.5421e+02   1  Y  0.11  1   Y  2.59458e+18  -0.242  -1.249  1.00000e+11
OBS: 5999876  53664.621    -2.77   5.0496e+03   4.8050e+03   2.4060e+02   1  Y  3.00  1   Y  2.31661e+18  -0.242  -1.249  1.00000e+11
OBS: 5999876  53668.602     1.21   3.9835e+03   4.0617e+03   2.2881e+02   1  Y  0.16  1   Y  1.99468e+18  -0.222  -1.510  1.00000e+11
OBS: 5999876  53668.609     1.22   3.9812e+03   4.0641e+03   2.4927e+02   1  Y  0.13  1   Y  1.99556e+18  -0.222  -1.510  1.00000e+11
OBS: 5999876  53670.641     3.25   3.5988e+03   3.8717e+03   3.5278e+02   1  Y  0.07  1   Y  1.81506e+18  -0.273  -1.486  1.00000e+11
OBS: 5999876  53670.648     3.26   3.5969e+03   3.6165e+03   2.9385e+02   1  Y  0.21  1   Y  1.69509e+18  -0.273  -1.487  1.00000e+11
OBS: 5999876  53672.680     5.29   3.2021e+03   3.4249e+03   2.9046e+02   1  Y  0.05  1   Y  1.56178e+18  -0.303  -1.625  1.00000e+11
OBS: 5999876  53672.691     5.30   3.2004e+03   3.3502e+03   3.0061e+02   1  Y  0.00  1   Y  1.52758e+18  -0.303  -1.626  1.00000e+11
OBS: 5999876  53674.719     7.33   2.8761e+03   2.9699e+03   2.5187e+02   1  Y  0.02  1   Y  1.33119e+18  -0.321  -1.829  1.00000e+11
OBS: 5999876  53674.730     7.34   2.8747e+03   2.7616e+03   3.2607e+02   1  Y  0.49  1   Y  1.23771e+18  -0.321  -1.830  1.00000e+11
OBS: 5999876  53676.691     9.30   2.7245e+03   2.5133e+03   2.4625e+02   1  Y  1.37  1   Y  1.09841e+18  -0.349  -1.874  1.00000e+11
OBS: 5999876  53676.699     9.31   2.7241e+03   3.3141e+03   3.0352e+02   1  Y  1.86  1   Y  1.44818e+18  -0.349  -1.873  1.00000e+11
OBS: 5999876  53678.578    11.19   2.6335e+03   2.7188e+03   3.2107e+02   1  Y  0.01  1   Y  1.19719e+18  -0.340  -1.836  1.00000e+11
OBS: 5999876  53678.590    11.20   2.6331e+03   3.0105e+03   3.7433e+02   1  Y  0.40  1   Y  1.32581e+18  -0.340  -1.836  1.00000e+11
OBS: 5999876  53685.648    18.26   3.1495e+03   3.2943e+03   2.2631e+02   1  Y  0.00  1   Y  1.46151e+18  -0.332  -1.152  1.00000e+11
OBS: 5999876  53685.660    18.27   3.1508e+03   3.1886e+03   2.6469e+02   1  Y  0.13  1   Y  1.41473e+18  -0.332  -1.152  1.00000e+11
OBS: 5999876  53692.590    25.20   4.0750e+03   4.1865e+03   3.0114e+02   1  Y  0.05  1   Y  2.07801e+18  -0.210  -0.793  1.00000e+11
OBS: 5999876  53692.602    25.21   4.0772e+03   4.2667e+03   2.7869e+02   1  Y  0.00  1   Y  2.11770e+18  -0.211  -0.793  1.00000e+11
OBS: 5999876  53696.648    29.26   4.9349e+03   4.7820e+03   2.7411e+02   1  Y  1.45  1   Y  2.38052e+18  -0.207  -0.774  1.00000e+11
OBS: 5999876  53696.660    29.27   4.9363e+03   4.7096e+03   2.9603e+02   1  Y  1.84  1   Y  2.34488e+18  -0.207  -0.774  1.00000e+11
OBS: 5999876  53704.570    37.18   4.8278e+03   4.7098e+03   2.8864e+02   1  Y  0.98  1   Y  2.67779e+18  -0.063  -0.656  1.00000e+11
OBS: 5999876  53704.570    37.18   4.8278e+03   4.8069e+03   3.0209e+02   1  Y  0.45  1   Y  2.73300e+18  -0.063  -0.656  1.00000e+11
OBS: 5999876  53710.660    43.27   3.9069e+03   4.4365e+03   3.9082e+02   1  Y  0.75  1   Y  2.53399e+18  -0.058  -0.467  1.00000e+11
OBS: 5999876  53710.672    43.28   3.9049e+03   3.9862e+03   3.0823e+02   1  Y  0.06  1   Y  2.27683e+18  -0.058  -0.467  1.00000e+11
OBS: 5999876  53608.387   -59.00   0.0000e+00   0.0000e+00   0.0000e+00   0  Y  0.00  1   !  -9.99000e+02  -99.000  -99.000  -999
OBS: 5999876  53610.387   -57.00   0.0000e+00   0.0000e+00   0.0000e+00   0  Y  0.00  1   !  -9.99000e+02  -99.000  -99.000  -999
OBS: 5999876  53612.387   -55.00   0.0000e+00   0.0000e+00   0.0000e+00   0  Y  0.00  1   !  -9.99000e+02  -99.000  -99.000  -999
OBS: 5999876  53614.387   -53.00   0.0000e+00   0.0000e+00   0.0000e+00   0  Y  0.00  1   !  -9.99000e+02  -99.000  -99.000  -999
OBS: 5999876  53616.387   -51.00   0.0000e+00   0.0000e+00   0.0000e+00   0  Y  0.00  1   !  -9.99000e+02  -99.000  -99.000  -999
OBS: 5999876  53618.387   -49.00   0.0000e+00   0.0000e+00   0.0000e+00   0  Y  0.00  1   !  -9.99000e+02  -99.000  -99.000  -999
OBS: 5999876  53620.387   -47.00   0.0000e+00   0.0000e+00   0.0000e+00   0  Y  0.00  1   !  -9.99000e+02  -99.000  -99.000  -999
OBS: 5999876  53622.387   -45.00   0.0000e+00   0.0000e+00   0.0000e+00   0  Y  0.00  1   !  -9.99000e+02  -99.000  -99.000  -999
OBS: 5999876  53624.387   -43.00   0.0000e+00   0.0000e+00   0.0000e+00   0  Y  0.00  1   !  -9.99000e+02  -99.000  -99.000  -999
OBS: 5999876  53626.387   -41.00   0.0000e+00   0.0000e+00   0.0000e+00   0  Y  0.00  1   !  -9.99000e+02  -99.000  -99.000  -999
OBS: 5999876  53628.387   -39.00   0.0000e+00   0.0000e+00   0.0000e+00   0  Y  0.00  1   !  -9.99000e+02  -99.000  -99.000  -999
OBS: 5999876  53630.387   -37.00   0.0000e+00   0.0000e+00   0.0000e+00   0  Y  0.00  1   !  -9.99000e+02  -99.000  -99.000  -999
OBS: 5999876  53632.387   -35.00   0.0000e+00   0.0000e+00   0.0000e+00   0  Y  0.00  1   !  -9.99000e+02  -99.000  -99.000  -999
OBS: 5999876  53634.387   -33.00   0.0000e+00   0.0000e+00   0.0000e+00   0  Y  0.00  1   !  -9.99000e+02  -99.000  -99.000  -999
OBS: 5999876  53636.387   -31.00   0.0000e+00   0.0000e+00   0.0000e+00   0  Y  0.00  1   !  -9.99000e+02  -99.000  -99.000  -999
OBS: 5999876  53638.387   -29.00   0.0000e+00   0.0000e+00   0.0000e+00   0  Y  0.00  1   !  -9.99000e+02  -99.000  -99.000  -999
OBS: 5999876  53640.387   -27.00   0.0000e+00   0.0000e+00   0.0000e+00   0  Y  0.00  1   !  -9.99000e+02  -99.000  -99.000  -999
OBS: 5999876  53642.387   -25.00   0.0000e+00   0.0000e+00   0.0000e+00   0  Y  0.00  1   !  -9.99000e+02  -99.000  -99.000  -999
OBS: 5999876  53644.387   -23.00   0.0000e+00   0.0000e+00   0.0000e+00   0  Y  0.00  1   !  -9.99000e+02  -99.000  -99.000  -999
OBS: 5999876  53646.387   -21.00   0.0000e+00   8.1115e+02   4.8824e+02   0  Y  0.00  1   !  -9.99000e+02  -99.000  -99.000  -999
OBS: 5999876  53648.387   -19.00   0.0000e+00   8.5471e+02   5.1446e+02   0  Y  0.00  1   !  -9.99000e+02  -99.000  -99.000  -999
OBS: 5999876  53650.387   -17.00   0.0000e+00   8.4725e+02   5.0997e+02   0  Y  0.00  1   !  -9.99000e+02  -99.000  -99.000  -999
OBS: 5999876  53652.387   -15.00   0.0000e+00   1.1639e+03   4.1412e+02   0  Y  0.00  1   !  -9.99000e+02  -99.000  -99.000  -999
OBS: 5999876  53654.387   -13.00   0.0000e+00   2.1135e+03   2.1226e+02   0  Y  0.00  1   !  -9.99000e+02  -99.000  -99.000  -999
OBS: 5999876  53656.387   -11.00   0.0000e+00   3.1248e+03   1.4438e+02   0  Y  0.00  1   !  -9.99000e+02  -99.000  -99.000  -999
OBS: 5999876  53658.387    -9.00   0.0000e+00   4.0844e+03   1.2769e+02   0  Y  0.00  1   !  -9.99000e+02  -99.000  -99.000  -999
OBS: 5999876  53660.387    -7.00   0.0000e+00   4.9245e+03   1.2469e+02   0  Y  0.00  1   !  -9.99000e+02  -99.000  -99.000  -999
OBS: 5999876  53662.387    -5.00   0.0000e+00   5.3452e+03   1.3874e+02   0  Y  0.00  1   !  -9.99000e+02  -99.000  -99.000  -999
OBS: 5999876  53664.387    -3.00   0.0000e+00   5.3311e+03   1.4079e+02   0  Y  0.00  1   !  -9.99000e+02  -99.000  -99.000  -999
OBS: 5999876  53666.387    -1.00   0.0000e+00   4.8106e+03   1.2764e+02   0  Y  0.00  1   !  -9.99000e+02  -99.000  -99.000  -999
OBS: 5999876  53668.387     1.00   0.0000e+00   4.2215e+03   1.3245e+02   0  Y  0.00  1   !  -9.99000e+02  -99.000  -99.000  -999
OBS: 5999876  53670.387     3.00   0.0000e+00   3.8138e+03   1.4970e+02   0  Y  0.00  1   !  -9.99000e+02  -99.000  -99.000  -999
OBS: 5999876  53672.387     5.00   0.0000e+00   3.4128e+03   1.4408e+02   0  Y  0.00  1   !  -9.99000e+02  -99.000  -99.000  -999
OBS: 5999876  53674.387     7.00   0.0000e+00   3.0617e+03   1.3746e+02   0  Y  0.00  1   !  -9.99000e+02  -99.000  -99.000  -999
OBS: 5999876  53676.387     9.00   0.0000e+00   2.8654e+03   1.4901e+02   0  Y  0.00  1   !  -9.99000e+02  -99.000  -99.000  -999
OBS: 5999876  53678.387    11.00   0.0000e+00   2.7645e+03   1.5961e+02   0  Y  0.00  1   !  -9.99000e+02  -99.000  -99.000  -999
OBS: 5999876  53680.387    13.00   0.0000e+00   2.7624e+03   1.5586e+02   0  Y  0.00  1   !  -9.99000e+02  -99.000  -99.000  -999
OBS: 5999876  53682.387    15.00   0.0000e+00   2.8900e+03   1.4767e+02   0  Y  0.00  1   !  -9.99000e+02  -99.000  -99.000  -999
OBS: 5999876  53684.387    17.00   0.0000e+00   3.1243e+03   1.4965e+02   0  Y  0.00  1   !  -9.99000e+02  -99.000  -99.000  -999
OBS: 5999876  53686.387    19.00   0.0000e+00   3.4022e+03   1.4447e+02   0  Y  0.00  1   !  -9.99000e+02  -99.000  -99.000  -999
OBS: 5999876  53688.387    21.00   0.0000e+00   3.7092e+03   1.3430e+02   0  Y  0.00  1   !  -9.99000e+02  -99.000  -99.000  -999
OBS: 5999876  53690.387    23.00   0.0000e+00   3.9048e+03   1.3737e+02   0  Y  0.00  1   !  -9.99000e+02  -99.000  -99.000  -999
OBS: 5999876  53692.387    25.00   0.0000e+00   4.2128e+03   1.4214e+02   0  Y  0.00  1   !  -9.99000e+02  -99.000  -99.000  -999
OBS: 5999876  53694.387    27.00   0.0000e+00   4.7086e+03   1.4449e+02   0  Y  0.00  1   !  -9.99000e+02  -99.000  -99.000  -999
OBS: 5999876  53696.387    29.00   0.0000e+00   5.1221e+03   1.4848e+02   0  Y  0.00  1   !  -9.99000e+02  -99.000  -99.000  -999
OBS: 5999876  53698.387    31.00   0.0000e+00   5.3284e+03   1.6176e+02   0  Y  0.00  1   !  -9.99000e+02  -99.000  -99.000  -999
OBS: 5999876  53700.387    33.00   0.0000e+00   5.3718e+03   1.7615e+02   0  Y  0.00  1   !  -9.99000e+02  -99.000  -99.000  -999
OBS: 5999876  53702.387    35.00   0.0000e+00   5.2625e+03   1.7118e+02   0  Y  0.00  1   !  -9.99000e+02  -99.000  -99.000  -999
OBS: 5999876  53704.387    37.00   0.0000e+00   5.0538e+03   1.6238e+02   0  Y  0.00  1   !  -9.99000e+02  -99.000  -99.000  -999
OBS: 5999876  53706.387    39.00   0.0000e+00   4.8581e+03   1.7642e+02   0  Y  0.00  1   !  -9.99000e+02  -99.000  -99.000  -999
OBS: 5999876  53708.387    41.00   0.0000e+00   4.5360e+03   1.7935e+02   0  Y  0.00  1   !  -9.99000e+02  -99.000  -99.000  -999
OBS: 5999876  53710.387    43.00   0.0000e+00   4.1292e+03   1.5501e+02   0  Y  0.00  1   !  -9.99000e+02  -99.000  -99.000  -999
OBS: 5999876  53712.387    45.00   0.0000e+00   3.7488e+03   1.2655e+02   0  Y  0.00  1   !  -9.99000e+02  -99.000  -99.000  -999
OBS: 5999876  53714.387    47.00   0.0000e+00   3.4506e+03   1.0978e+02   0  Y  0.00  1   !  -9.99000e+02  -99.000  -99.000  -999
OBS: 5999876  53716.387    49.00   0.0000e+00   3.1759e+03   1.0426e+02   0  Y  0.00  1   !  -9.99000e+02  -99.000  -99.000  -999
OBS: 5999876  53718.387    51.00   0.0000e+00   2.8820e+03   1.1176e+02   0  Y  0.00  1   !  -9.99000e+02  -99.000  -99.000  -999
OBS: 5999876  53720.387    53.00   0.0000e+00   2.5473e+03   8.1337e+02   0  Y  0.00  1   !  -9.99000e+02  -99.000  -99.000  -999
OBS: 5999876  53722.387    55.00   0.0000e+00   2.2020e+03   1.3254e+03   0  Y  0.00  1   !  -9.99000e+02  -99.000  -99.000  -999
OBS: 5999876  53724.387    57.00   0.0000e+00   1.9428e+03   1.1694e+03   0  Y  0.00  1   !  -9.99000e+02  -99.000  -99.000  -999
OBS: 5999876  53726.387    59.00   0.0000e+00   1.7503e+03   1.0535e+03   0  Y  0.00  1   !  -9.99000e+02  -99.000  -99.000  -999
OBS: 5999876  53728.387    61.00   0.0000e+00   1.6047e+03   9.6591e+02   0  Y  0.00  1   !  -9.99000e+02  -99.000  -99.000  -999
OBS: 5999876  53730.387    63.00   0.0000e+00   1.5069e+03   9.0703e+02   0  Y  0.00  1   !  -9.99000e+02  -99.000  -99.000  -999
OBS: 5999876  53732.387    65.00   0.0000e+00   1.2895e+03   7.7615e+02   0  Y  0.00  1   !  -9.99000e+02  -99.000  -99.000  -999
OBS: 5999876  53734.387    67.00   0.0000e+00   1.1090e+03   6.6753e+02   0  Y  0.00  1   !  -9.99000e+02  -99.000  -99.000  -999
OBS: 5999876  53736.387    69.00   0.0000e+00   9.7031e+02   5.8404e+02   0  Y  0.00  1   !  -9.99000e+02  -99.000  -99.000  -999
OBS: 5999876  53738.387    71.00   0.0000e+00   8.6120e+02   5.1836e+02   0  Y  0.00  1   !  -9.99000e+02  -99.000  -99.000  -999
OBS: 5999876  53740.387    73.00   0.0000e+00   7.7460e+02   4.6624e+02   0  Y  0.00  1   !  -9.99000e+02  -99.000  -99.000  -999
OBS: 5999876  53742.387    75.00   0.0000e+00   7.0346e+02   4.2342e+02   0  Y  0.00  1   !  -9.99000e+02  -99.000  -99.000  -999
OBS: 5999876  53744.387    77.00   0.0000e+00   6.4557e+02   3.8858e+02   0  Y  0.00  1   !  -9.99000e+02  -99.000  -99.000  -999
OBS: 5999876  53746.387    79.00   0.0000e+00   5.8259e+02   3.5067e+02   0  Y  0.00  1   !  -9.99000e+02  -99.000  -99.000  -999
OBS: 5999876  53748.387    81.00   0.0000e+00   5.1725e+02   3.1134e+02   0  Y  0.00  1   !  -9.99000e+02  -99.000  -99.000  -999
OBS: 5999876  53750.387    83.00   0.0000e+00   4.6002e+02   2.7689e+02   0  Y  0.00  1   !  -9.99000e+02  -99.000  -99.000  -999
OBS: 5999876  53752.387    85.00   0.0000e+00   4.0982e+02   2.4668e+02   0  Y  0.00  1   !  -9.99000e+02  -99.000  -99.000  -999
OBS: 5999876  53754.387    87.00   0.0000e+00   3.6608e+02   2.2035e+02   0  Y  0.00  1   !  -9.99000e+02  -99.000  -99.000  -999
OBS: 5999876  53756.387    89.00   0.0000e+00   3.2813e+02   1.9751e+02   0  Y  0.00  1   !  -9.99000e+02  -99.000  -99.000  -999
OBS: 5999876  53758.387    91.00   0.0000e+00   2.9047e+02   1.7484e+02   0  Y  0.00  1   !  -9.99000e+02  -99.000  -99.000  -999
OBS: 5999876  53760.387    93.00   0.0000e+00   2.5614e+02   1.5418e+02   0  Y  0.00  1   !  -9.99000e+02  -99.000  -99.000  -999
OBS: 5999876  53762.387    95.00   0.0000e+00   2.2587e+02   1.3595e+02   0  Y  0.00  1   !  -9.99000e+02  -99.000  -99.000  -999
OBS: 5999876  53764.387    97.00   0.0000e+00   1.9917e+02   1.1988e+02   0  Y  0.00  1   !  -9.99000e+02  -99.000  -99.000  -999
OBS: 5999876  53766.387    99.00   0.0000e+00   1.7563e+02   1.0571e+02   0  Y  0.00  1   !  -9.99000e+02  -99.000  -99.000  -999
OBS: 5999876  53768.387   101.00   0.0000e+00   1.5487e+02   9.3219e+01   0  Y  0.00  1   !  -9.99000e+02  -99.000  -99.000  -999
OBS: 5999876  53770.387   103.00   0.0000e+00   1.3655e+02   8.2194e+01   0  Y  0.00  1   !  -9.99000e+02  -99.000  -99.000  -999
OBS: 5999876  53772.387   105.00   0.0000e+00   1.2040e+02   7.2471e+01   0  Y  0.00  1   !  -9.99000e+02  -99.000  -99.000  -999
OBS: 5999876  53774.387   107.00   0.0000e+00   1.0616e+02   6.3897e+01   0  Y  0.00  1   !  -9.99000e+02  -99.000  -99.000  -999
OBS: 5999876  53776.387   109.00   0.0000e+00   9.3596e+01   5.6336e+01   0  Y  0.00  1   !  -9.99000e+02  -99.000  -99.000  -999
OBS: 5999876  53778.387   111.00   0.0000e+00   8.2520e+01   4.9670e+01   0  Y  0.00  1   !  -9.99000e+02  -99.000  -99.000  -999
OBS: 5999876  53780.387   113.00   0.0000e+00   7.2766e+01   4.3798e+01   0  Y  0.00  1   !  -9.99000e+02  -99.000  -99.000  -999
OBS: 5999876  53782.387   115.00   0.0000e+00   6.4154e+01   3.8615e+01   0  Y  0.00  1   !  -9.99000e+02  -99.000  -99.000  -999
OBS: 5999876  53784.387   117.00   0.0000e+00   5.6559e+01   3.4043e+01   0  Y  0.00  1   !  -9.99000e+02  -99.000  -99.000  -999
OBS: 5999876  53786.387   119.00   0.0000e+00   4.9861e+01   3.0012e+01   0  Y  0.00  1   !  -9.99000e+02  -99.000  -99.000  -999
OBS: 5999876  53788.387   121.00   0.0000e+00   4.3956e+01   2.6457e+01   0  Y  0.00  1   !  -9.99000e+02  -99.000  -99.000  -999
OBS: 5999876  53790.387   123.00   0.0000e+00   3.8749e+01   2.3324e+01   0  Y  0.00  1   !  -9.99000e+02  -99.000  -99.000  -999
OBS: 5999876  53792.387   125.00   0.0000e+00   3.4165e+01   2.0565e+01   0  Y  0.00  1   !  -9.99000e+02  -99.000  -99.000  -999
OBS: 5999876  53794.387   127.00   0.0000e+00   3.0121e+01   1.8130e+01   0  Y  0.00  1   !  -9.99000e+02  -99.000  -99.000  -999
OBS: 5999876  53796.387   129.00   0.0000e+00   2.6552e+01   1.5982e+01   0  Y  0.00  1   !  -9.99000e+02  -99.000  -99.000  -999
OBS: 5999876  53798.387   131.00   0.0000e+00   2.3405e+01   1.4088e+01   0  Y  0.00  1   !  -9.99000e+02  -99.000  -99.000  -999
OBS: 5999876  53800.387   133.00   0.0000e+00   2.0631e+01   1.2418e+01   0  Y  0.00  1   !  -9.99000e+02  -99.000  -99.000  -999
OBS: 5999876  53802.387   135.00   0.0000e+00   1.8185e+01   1.0946e+01   0  Y  0.00  1   !  -9.99000e+02  -99.000  -99.000  -999
OBS: 5999876  53804.387   137.00   0.0000e+00   1.6031e+01   9.6494e+00   0  Y  0.00  1   !  -9.99000e+02  -99.000  -99.000  -999
OBS: 5999876  53806.387   139.00   0.0000e+00   1.4134e+01   8.5076e+00   0  Y  0.00  1   !  -9.99000e+02  -99.000  -99.000  -999
OBS: 5999876  53661.672    -5.72   5.4335e+03   4.1927e+03   8.0991e+02   1  H  0.57  1   H  2.25496e+18  -0.123  -1.404  1.00000e+11
OBS: 5999876  53661.680    -5.71   5.4343e+03   5.2803e+03   8.4350e+02   1  H  0.29  1   H  2.84006e+18  -0.123  -1.402  1.00000e+11
OBS: 5999876  53664.621    -2.77   5.2529e+03   5.0727e+03   6.3619e+02   1  H  0.41  1   H  2.78209e+18  -0.102  -0.921  1.00000e+11
OBS: 5999876  53608.387   -59.00   0.0000e+00   0.0000e+00   0.0000e+00   0  H  0.00  1   !  -9.99000e+02  -99.000  -99.000  -999
OBS: 5999876  53610.387   -57.00   0.0000e+00   0.0000e+00   0.0000e+00   0  H  0.00  1   !  -9.99000e+02  -99.000  -99.000  -999
OBS: 5999876  53612.387   -55.00   0.0000e+00   0.0000e+00   0.0000e+00   0  H  0.00  1   !  -9.99000e+02  -99.000  -99.000  -999
OBS: 5999876  53614.387   -53.00   0.0000e+00   0.0000e+00   0.0000e+00   0  H  0.00  1   !  -9.99000e+02  -99.000  -99.000  -999
OBS: 5999876  53616.387   -51.00   0.0000e+00   0.0000e+00   0.0000e+00   0  H  0.00  1   !  -9.99000e+02  -99.000  -99.000  -999
OBS: 5999876  53618.387   -49.00   0.0000e+00   0.0000e+00   0.0000e+00   0  H  0.00  1   !  -9.99000e+02  -99.000  -99.000  -999
OBS: 5999876  53620.387   -47.00   0.0000e+00   0.0000e+00   0.0000e+00   0  H  0.00  1   !  -9.99000e+02  -99.000  -99.000  -999
OBS: 5999876  53622.387   -45.00   0.0000e+00   0.0000e+00   0.0000e+00   0  H  0.00  1   !  -9.99000e+02  -99.000  -99.000  -999
OBS: 5999876  53624.387   -43.00   0.0000e+00   0.0000e+00   0.0000e+00   0  H  0.00  1   !  -9.99000e+02  -99.000  -99.000  -999
OBS: 5999876  53626.387   -41.00   0.0000e+00   0.0000e+00   0.0000e+00   0  H  0.00  1   !  -9.99000e+02  -99.000  -99.000  -999
OBS: 5999876  53628.387   -39.00   0.0000e+00   0.0000e+00   0.0000e+00   0  H  0.00  1   !  -9.99000e+02  -99.000  -99.000  -999
OBS: 5999876  53630.387   -37.00   0.0000e+00   0.0000e+00   0.0000e+00   0  H  0.00  1   !  -9.99000e+02  -99.000  -99.000  -999
OBS: 5999876  53632.387   -35.00   0.0000e+00   0.0000e+00   0.0000e+00   0  H  0.00  1   !  -9.99000e+02  -99.000  -99.000  -999
OBS: 5999876  53634.387   -33.00   0.0000e+00   0.0000e+00   0.0000e+00   0  H  0.00  1   !  -9.99000e+02  -99.000  -99.000  -999
OBS: 5999876  53636.387   -31.00   0.0000e+00   0.0000e+00   0.0000e+00   0  H  0.00  1   !  -9.99000e+02  -99.000  -99.000  -999
OBS: 5999876  53638.387   -29.00   0.0000e+00   0.0000e+00   0.0000e+00   0  H  0.00  1   !  -9.99000e+02  -99.000  -99.000  -999
OBS: 5999876  53640.387   -27.00   0.0000e+00   0.0000e+00   0.0000e+00   0  H  0.00  1   !  -9.99000e+02  -99.000  -99.000  -999
OBS: 5999876  53642.387   -25.00   0.0000e+00   0.0000e+00   0.0000e+00   0  H  0.00  1   !  -9.99000e+02  -99.000  -99.000  -999
OBS: 5999876  53644.387   -23.00   0.0000e+00   0.0000e+00   0.0000e+00   0  H  0.00  1   !  -9.99000e+02  -99.000  -99.000  -999
OBS: 5999876  53646.387   -21.00   0.0000e+00   8.4173e+02   5.0665e+02   0  H  0.00  1   !  -9.99000e+02  -99.000  -99.000  -999
OBS: 5999876  53648.387   -19.00   0.0000e+00   1.0252e+03   6.1706e+02   0  H  0.00  1   !  -9.99000e+02  -99.000  -99.000  -999
OBS: 5999876  53650.387   -17.00   0.0000e+00   1.0186e+03   6.1312e+02   0  H  0.00  1   !  -9.99000e+02  -99.000  -99.000  -999
OBS: 5999876  53652.387   -15.00   0.0000e+00   1.3340e+03   8.0297e+02   0  H  0.00  1   !  -9.99000e+02  -99.000  -99.000  -999
OBS: 5999876  53654.387   -13.00   0.0000e+00   2.2822e+03   2.3878e+02   0  H  0.00  1   !  -9.99000e+02  -99.000  -99.000  -999
OBS: 5999876  53656.387   -11.00   0.0000e+00   3.2629e+03   1.7144e+02   0  H  0.00  1   !  -9.99000e+02  -99.000  -99.000  -999
OBS: 5999876  53658.387    -9.00   0.0000e+00   4.0950e+03   1.4831e+02   0  H  0.00  1   !  -9.99000e+02  -99.000  -99.000  -999
OBS: 5999876  53660.387    -7.00   0.0000e+00   4.6532e+03   1.3885e+02   0  H  0.00  1   !  -9.99000e+02  -99.000  -99.000  -999
OBS: 5999876  53662.387    -5.00   0.0000e+00   4.8443e+03   1.4936e+02   0  H  0.00  1   !  -9.99000e+02  -99.000  -99.000  -999
OBS: 5999876  53664.387    -3.00   0.0000e+00   4.6955e+03   1.4332e+02   0  H  0.00  1   !  -9.99000e+02  -99.000  -99.000  -999
OBS: 5999876  53666.387    -1.00   0.0000e+00   4.2457e+03   1.2326e+02   0  H  0.00  1   !  -9.99000e+02  -99.000  -99.000  -999
OBS: 5999876  53668.387     1.00   0.0000e+00   3.8162e+03   1.2213e+02   0  H  0.00  1   !  -9.99000e+02  -99.000  -99.000  -999
OBS: 5999876  53670.387     3.00   0.0000e+00   3.5007e+03   1.3212e+02   0  H  0.00  1   !  -9.99000e+02  -99.000  -99.000  -999
OBS: 5999876  53672.387     5.00   0.0000e+00   3.1499e+03   1.2960e+02   0  H  0.00  1   !  -9.99000e+02  -99.000  -99.000  -999
OBS: 5999876  53674.387     7.00   0.0000e+00   2.8067e+03   1.2226e+02   0  H  0.00  1   !  -9.99000e+02  -99.000  -99.000  -999
OBS: 5999876  53676.387     9.00   0.0000e+00   2.5484e+03   1.1814e+02   0  H  0.00  1   !  -9.99000e+02  -99.000  -99.000  -999
OBS: 5999876  53678.387    11.00   0.0000e+00   2.4232e+03   1.0787e+02   0  H  0.00  1   !  -9.99000e+02  -99.000  -99.000  -999
OBS: 5999876  53680.387    13.00   0.0000e+00   2.4265e+03   1.0156e+02   0  H  0.00  1   !  -9.99000e+02  -99.000  -99.000  -999
OBS: 5999876  53682.387    15.00   0.0000e+00   2.5576e+03   1.0648e+02   0  H  0.00  1   !  -9.99000e+02  -99.000  -99.000  -999
OBS: 5999876  53684.387    17.00   0.0000e+00   2.7209e+03   1.0506e+02   0  H  0.00  1   !  -9.99000e+02  -99.000  -99.000  -999
OBS: 5999876  53686.387    19.00   0.0000e+00   2.8799e+03   9.7930e+01   0  H  0.00  1   !  -9.99000e+02  -99.000  -99.000  -999
OBS: 5999876  53688.387    21.00   0.0000e+00   3.0428e+03   9.6078e+01   0  H  0.00  1   !  -9.99000e+02  -99.000  -99.000  -999
OBS: 5999876  53690.387    23.00   0.0000e+00   3.1615e+03   1.0207e+02   0  H  0.00  1   !  -9.99000e+02  -99.000  -99.000  -999
OBS: 5999876  53692.387    25.00   0.0000e+00   3.2824e+03   1.0916e+02   0  H  0.00  1   !  -9.99000e+02  -99.000  -99.000  -999
OBS: 5999876  53694.387    27.00   0.0000e+00   3.4136e+03   1.0638e+02   0  H  0.00  1   !  -9.99000e+02  -99.000  -99.000  -999
OBS: 5999876  53696.387    29.00   0.0000e+00   3.5231e+03   1.0798e+02   0  H  0.00  1   !  -9.99000e+02  -99.000  -99.000  -999
OBS: 5999876  53698.387    31.00   0.0000e+00   3.6164e+03   1.2965e+02   0  H  0.00  1   !  -9.99000e+02  -99.000  -99.000  -999
OBS: 5999876  53700.387    33.00   0.0000e+00   3.6689e+03   1.5421e+02   0  H  0.00  1   !  -9.99000e+02  -99.000  -99.000  -999
OBS: 5999876  53702.387    35.00   0.0000e+00   3.6679e+03   1.6608e+02   0  H  0.00  1   !  -9.99000e+02  -99.000  -99.000  -999
OBS: 5999876  53704.387    37.00   0.0000e+00   3.5526e+03   1.8408e+02   0  H  0.00  1   !  -9.99000e+02  -99.000  -99.000  -999
OBS: 5999876  53706.387    39.00   0.0000e+00   3.2703e+03   2.0971e+02   0  H  0.00  1   !  -9.99000e+02  -99.000  -99.000  -999
OBS: 5999876  53708.387    41.00   0.0000e+00   2.9337e+03   2.2040e+02   0  H  0.00  1   !  -9.99000e+02  -99.000  -99.000  -999
OBS: 5999876  53710.387    43.00   0.0000e+00   2.5328e+03   1.9108e+02   0  H  0.00  1   !  -9.99000e+02  -99.000  -99.000  -999
OBS: 5999876  53712.387    45.00   0.0000e+00   2.2046e+03   1.5317e+02   0  H  0.00  1   !  -9.99000e+02  -99.000  -99.000  -999
OBS: 5999876  53714.387    47.00   0.0000e+00   1.9970e+03   1.3327e+02   0  H  0.00  1   !  -9.99000e+02  -99.000  -99.000  -999
OBS: 5999876  53716.387    49.00   0.0000e+00   1.8868e+03   1.2169e+02   0  H  0.00  1   !  -9.99000e+02  -99.000  -99.000  -999
OBS: 5999876  53718.387    51.00   0.0000e+00   1.7989e+03   1.2472e+02   0  H  0.00  1   !  -9.99000e+02  -99.000  -99.000  -999
OBS: 5999876  53720.387    53.00   0.0000e+00   1.7032e+03   1.7040e+02   0  H  0.00  1   !  -9.99000e+02  -99.000  -99.000  -999
OBS: 5999876  53722.387    55.00   0.0000e+00   1.6034e+03   9.6512e+02   0  H  0.00  1   !  -9.99000e+02  -99.000  -99.000  -999
OBS: 5999876  53724.387    57.00   0.0000e+00   1.5134e+03   9.1093e+02   0  H  0.00  1   !  -9.99000e+02  -99.000  -99.000  -999
OBS: 5999876  53726.387    59.00   0.0000e+00   1.4316e+03   8.6170e+02   0  H  0.00  1   !  -9.99000e+02  -99.000  -99.000  -999
OBS: 5999876  53728.387    61.00   0.0000e+00   1.3553e+03   8.1578e+02   0  H  0.00  1   !  -9.99000e+02  -99.000  -99.000  -999
OBS: 5999876  53730.387    63.00   0.0000e+00   1.2903e+03   7.7662e+02   0  H  0.00  1   !  -9.99000e+02  -99.000  -99.000  -999
OBS: 5999876  53732.387    65.00   0.0000e+00   1.1360e+03   6.8376e+02   0  H  0.00  1   !  -9.99000e+02  -99.000  -99.000  -999
OBS: 5999876  53734.387    67.00   0.0000e+00   1.0080e+03   6.0673e+02   0  H  0.00  1   !  -9.99000e+02  -99.000  -99.000  -999
OBS: 5999876  53736.387    69.00   0.0000e+00   9.1036e+02   5.4796e+02   0  H  0.00  1   !  -9.99000e+02  -99.000  -99.000  -999
OBS: 5999876  53738.387    71.00   0.0000e+00   8.3753e+02   5.0412e+02   0  H  0.00  1   !  -9.99000e+02  -99.000  -99.000  -999
OBS: 5999876  53740.387    73.00   0.0000e+00   7.8284e+02   4.7120e+02   0  H  0.00  1   !  -9.99000e+02  -99.000  -99.000  -999
OBS: 5999876  53742.387    75.00   0.0000e+00   7.3582e+02   4.4290e+02   0  H  0.00  1   !  -9.99000e+02  -99.000  -99.000  -999
OBS: 5999876  53744.387    77.00   0.0000e+00   6.8872e+02   4.1455e+02   0  H  0.00  1   !  -9.99000e+02  -99.000  -99.000  -999
OBS: 5999876  53746.387    79.00   0.0000e+00   6.5106e+02   3.9188e+02   0  H  0.00  1   !  -9.99000e+02  -99.000  -99.000  -999
OBS: 5999876  53748.387    81.00   0.0000e+00   6.2116e+02   3.7389e+02   0  H  0.00  1   !  -9.99000e+02  -99.000  -99.000  -999
OBS: 5999876  53750.387    83.00   0.0000e+00   5.9277e+02   3.5679e+02   0  H  0.00  1   !  -9.99000e+02  -99.000  -99.000  -999
OBS: 5999876  53752.387    85.00   0.0000e+00   5.6580e+02   3.4056e+02   0  H  0.00  1   !  -9.99000e+02  -99.000  -99.000  -999
OBS: 5999876  53754.387    87.00   0.0000e+00   5.4035e+02   3.2524e+02   0  H  0.00  1   !  -9.99000e+02  -99.000  -99.000  -999
OBS: 5999876  53756.387    89.00   0.0000e+00   5.1647e+02   3.1087e+02   0  H  0.00  1   !  -9.99000e+02  -99.000  -99.000  -999
OBS: 5999876  53758.387    91.00   0.0000e+00   4.9213e+02   2.9622e+02   0  H  0.00  1   !  -9.99000e+02  -99.000  -99.000  -999
OBS: 5999876  53760.387    93.00   0.0000e+00   4.6851e+02   2.8200e+02   0  H  0.00  1   !  -9.99000e+02  -99.000  -99.000  -999
OBS: 5999876  53762.387    95.00   0.0000e+00   4.4602e+02   2.6846e+02   0  H  0.00  1   !  -9.99000e+02  -99.000  -99.000  -999
OBS: 5999876  53764.387    97.00   0.0000e+00   4.2461e+02   2.5558e+02   0  H  0.00  1   !  -9.99000e+02  -99.000  -99.000  -999
OBS: 5999876  53766.387    99.00   0.0000e+00   4.0423e+02   2.4331e+02   0  H  0.00  1   !  -9.99000e+02  -99.000  -99.000  -999
OBS: 5999876  53768.387   101.00   0.0000e+00   3.8482e+02   2.3163e+02   0  H  0.00  1   !  -9.99000e+02  -99.000  -99.000  -999
OBS: 5999876  53770.387   103.00   0.0000e+00   3.6635e+02   2.2051e+02   0  H  0.00  1   !  -9.99000e+02  -99.000  -99.000  -999
OBS: 5999876  53772.387   105.00   0.0000e+00   3.4876e+02   2.0992e+02   0  H  0.00  1   !  -9.99000e+02  -99.000  -99.000  -999
OBS: 5999876  53774.387   107.00   0.0000e+00   3.3202e+02   1.9985e+02   0  H  0.00  1   !  -9.99000e+02  -99.000  -99.000  -999
OBS: 5999876  53776.387   109.00   0.0000e+00   3.1608e+02   1.9025e+02   0  H  0.00  1   !  -9.99000e+02  -99.000  -99.000  -999
OBS: 5999876  53778.387   111.00   0.0000e+00   3.0091e+02   1.8112e+02   0  H  0.00  1   !  -9.99000e+02  -99.000  -99.000  -999
OBS: 5999876  53780.387   113.00   0.0000e+00   2.8646e+02   1.7242e+02   0  H  0.00  1   !  -9.99000e+02  -99.000  -99.000  -999
OBS: 5999876  53782.387   115.00   0.0000e+00   2.7271e+02   1.6415e+02   0  H  0.00  1   !  -9.99000e+02  -99.000  -99.000  -999
OBS: 5999876  53784.387   117.00   0.0000e+00   2.5962e+02   1.5627e+02   0  H  0.00  1   !  -9.99000e+02  -99.000  -99.000  -999
OBS: 5999876  53786.387   119.00   0.0000e+00   2.4715e+02   1.4876e+02   0  H  0.00  1   !  -9.99000e+02  -99.000  -99.000  -999
OBS: 5999876  53788.387   121.00   0.0000e+00   2.3529e+02   1.4162e+02   0  H  0.00  1   !  -9.99000e+02  -99.000  -99.000  -999
OBS: 5999876  53790.387   123.00   0.0000e+00   2.2399e+02   1.3482e+02   0  H  0.00  1   !  -9.99000e+02  -99.000  -99.000  -999
OBS: 5999876  53792.387   125.00   0.0000e+00   2.1324e+02   1.2835e+02   0  H  0.00  1   !  -9.99000e+02  -99.000  -99.000  -999
OBS: 5999876  53794.387   127.00   0.0000e+00   2.0300e+02   1.2219e+02   0  H  0.00  1   !  -9.99000e+02  -99.000  -99.000  -999
OBS: 5999876  53796.387   129.00   0.0000e+00   1.9325e+02   1.1632e+02   0  H  0.00  1   !  -9.99000e+02  -99.000  -99.000  -999
OBS: 5999876  53798.387   131.00   0.0000e+00   1.8398e+02   1.1074e+02   0  H  0.00  1   !  -9.99000e+02  -99.000  -99.000  -999
OBS: 5999876  53800.387   133.00   0.0000e+00   1.7514e+02   1.0542e+02   0  H  0.00  1   !  -9.99000e+02  -99.000  -99.000  -999
OBS: 5999876  53802.387   135.00   0.0000e+00   1.6673e+02   1.0036e+02   0  H  0.00  1   !  -9.99000e+02  -99.000  -99.000  -999
OBS: 5999876  53804.387   137.00   0.0000e+00   1.5873e+02   9.5541e+01   0  H  0.00  1   !  -9.99000e+02  -99.000  -99.000  -999
OBS: 5999876  53806.387   139.00   0.0000e+00   1.5111e+02   9.0954e+01   0  H  0.00  1   !  -9.99000e+02  -99.000  -99.000  -999
