VARNAMES: CID MJD Tobs SIM_FLUXCAL FLUXCAL FLUXCAL_ERR DATAFLAG BAND CHI2 IFIT BAND_REST FLUX_REST KCOR AVWARP SIM_FLUX_REST 
OBS: 6000443  53433.859     3.08   1.8125e+03   2.0378e+03   5.7731e+02   1  J  0.00  1   J  2.13989e+18  -0.127  -0.278  1.00000e+11
OBS: 6000443  53433.871     3.09   1.8108e+03   2.4010e+03   6.5368e+02   1  J  0.31  1   J  2.52137e+18  -0.127  -0.278  1.00000e+11
OBS: 6000443  53454.859    24.08   1.0489e+03   1.8798e+03   3.6389e+02   1  J  3.38  1   J  1.47867e+18  -0.441  2.234  1.00000e+11
OBS: 6000443  53454.871    24.09   1.0493e+03   1.3809e+03   3.6589e+02   1  J  0.27  1   J  1.08584e+18  -0.441  2.231  1.00000e+11
OBS: 6000443  53455.852    25.07   1.0866e+03   1.3844e+03   4.0060e+02   1  J  0.15  1   J  1.05562e+18  -0.475  1.917  1.00000e+11
OBS: 6000443  53455.859    25.08   1.0869e+03   5.0673e+02   3.9011e+02   1  J  3.14  1   J  3.86287e+17  -0.475  1.914  1.00000e+11
OBS: 6000443  53456.852    26.07   1.1200e+03   1.0503e+03   3.6568e+02   1  J  0.31  1   J  7.83728e+17  -0.498  1.675  1.00000e+11
OBS: 6000443  53456.852    26.07   1.1200e+03   1.5890e+03   3.9588e+02   1  J  0.63  1   J  1.18574e+18  -0.498  1.675  1.00000e+11
OBS: 6000443  53462.762    31.98   1.3434e+03   1.3289e+03   2.3695e+02   1  J  0.47  1   J  9.69511e+17  -0.523  2.088  1.00000e+11
OBS: 6000443  53462.770    31.99   1.3439e+03   1.6928e+03   2.3891e+02   1  J  0.42  1   J  1.23510e+18  -0.522  2.092  1.00000e+11
OBS: 6000443  53371.781   -59.00   0.0000e+00   0.0000e+00   0.0000e+00   0  J  0.00  1   !  -9.99000e+02  -99.000  -99.000  -999
OBS: 6000443  53373.781   -57.00   0.0000e+00   0.0000e+00   0.0000e+00   0  J  0.00  1   !  -9.99000e+02  -99.000  -99.000  -999
OBS: 6000443  53375.781   -55.00   0.0000e+00   0.0000e+00   0.0000e+00   0  J  0.00  1   !  -9.99000e+02  -99.000  -99.000  -999
OBS: 6000443  53377.781   -53.00   0.0000e+00   0.0000e+00   0.0000e+00   0  J  0.00  1   !  -9.99000e+02  -99.000  -99.000  -999
OBS: 6000443  53379.781   -51.00   0.0000e+00   0.0000e+00   0.0000e+00   0  J  0.00  1   !  -9.99000e+02  -99.000  -99.000  -999
OBS: 6000443  53381.781   -49.00   0.0000e+00   0.0000e+00   0.0000e+00   0  J  0.00  1   !  -9.99000e+02  -99.000  -99.000  -999
OBS: 6000443  53383.781   -47.00   0.0000e+00   0.0000e+00   0.0000e+00   0  J  0.00  1   !  -9.99000e+02  -99.000  -99.000  -999
OBS: 6000443  53385.781   -45.00   0.0000e+00   0.0000e+00   0.0000e+00   0  J  0.00  1   !  -9.99000e+02  -99.000  -99.000  -999
OBS: 6000443  53387.781   -43.00   0.0000e+00   0.0000e+00   0.0000e+00   0  J  0.00  1   !  -9.99000e+02  -99.000  -99.000  -999
OBS: 6000443  53389.781   -41.00   0.0000e+00   0.0000e+00   0.0000e+00   0  J  0.00  1   !  -9.99000e+02  -99.000  -99.000  -999
OBS: 6000443  53391.781   -39.00   0.0000e+00   0.0000e+00   0.0000e+00   0  J  0.00  1   !  -9.99000e+02  -99.000  -99.000  -999
OBS: 6000443  53393.781   -37.00   0.0000e+00   0.0000e+00   0.0000e+00   0  J  0.00  1   !  -9.99000e+02  -99.000  -99.000  -999
OBS: 6000443  53395.781   -35.00   0.0000e+00   0.0000e+00   0.0000e+00   0  J  0.00  1   !  -9.99000e+02  -99.000  -99.000  -999
OBS: 6000443  53397.781   -33.00   0.0000e+00   0.0000e+00   0.0000e+00   0  J  0.00  1   !  -9.99000e+02  -99.000  -99.000  -999
OBS: 6000443  53399.781   -31.00   0.0000e+00   0.0000e+00   0.0000e+00   0  J  0.00  1   !  -9.99000e+02  -99.000  -99.000  -999
OBS: 6000443  53401.781   -29.00   0.0000e+00   0.0000e+00   0.0000e+00   0  J  0.00  1   !  -9.99000e+02  -99.000  -99.000  -999
OBS: 6000443  53403.781   -27.00   0.0000e+00   0.0000e+00   0.0000e+00   0  J  0.00  1   !  -9.99000e+02  -99.000  -99.000  -999
OBS: 6000443  53405.781   -25.00   0.0000e+00   0.0000e+00   0.0000e+00   0  J  0.00  1   !  -9.99000e+02  -99.000  -99.000  -999
OBS: 6000443  53407.781   -23.00   0.0000e+00   0.0000e+00   0.0000e+00   0  J  0.00  1   !  -9.99000e+02  -99.000  -99.000  -999
OBS: 6000443  53409.781   -21.00   0.0000e+00   1.2438e+03   7.4865e+02   0  J  0.00  1   !  -9.99000e+02  -99.000  -99.000  -999
OBS: 6000443  53411.781   -19.00   0.0000e+00   1.2701e+03   7.6450e+02   0  J  0.00  1   !  -9.99000e+02  -99.000  -99.000  -999
OBS: 6000443  53413.781   -17.00   0.0000e+00   1.2662e+03   7.6212e+02   0  J  0.00  1   !  -9.99000e+02  -99.000  -99.000  -999
OBS: 6000443  53415.781   -15.00   0.0000e+00   1.6009e+03   1.2630e+02   0  J  0.00  1   !  -9.99000e+02  -99.000  -99.000  -999
OBS: 6000443  53417.781   -13.00   0.0000e+00   2.2083e+03   6.0849e+01   0  J  0.00  1   !  -9.99000e+02  -99.000  -99.000  -999
OBS: 6000443  53419.781   -11.00   0.0000e+00   2.6990e+03   7.5879e+01   0  J  0.00  1   !  -9.99000e+02  -99.000  -99.000  -999
OBS: 6000443  53421.781    -9.00   0.0000e+00   2.9932e+03   8.0209e+01   0  J  0.00  1   !  -9.99000e+02  -99.000  -99.000  -999
OBS: 6000443  53423.781    -7.00   0.0000e+00   3.1143e+03   7.3754e+01   0  J  0.00  1   !  -9.99000e+02  -99.000  -99.000  -999
OBS: 6000443  53425.781    -5.00   0.0000e+00   3.1435e+03   7.0094e+01   0  J  0.00  1   !  -9.99000e+02  -99.000  -99.000  -999
OBS: 6000443  53427.781    -3.00   0.0000e+00   3.0388e+03   7.8040e+01   0  J  0.00  1   !  -9.99000e+02  -99.000  -99.000  -999
OBS: 6000443  53429.781    -1.00   0.0000e+00   2.8284e+03   8.1526e+01   0  J  0.00  1   !  -9.99000e+02  -99.000  -99.000  -999
OBS: 6000443  53431.781     1.00   0.0000e+00   2.4603e+03   8.0675e+01   0  J  0.00  1   !  -9.99000e+02  -99.000  -99.000  -999
OBS: 6000443  53433.781     3.00   0.0000e+00   2.0514e+03   7.8865e+01   0  J  0.00  1   !  -9.99000e+02  -99.000  -99.000  -999
OBS: 6000443  53435.781     5.00   0.0000e+00   1.7256e+03   7.5915e+01   0  J  0.00  1   !  -9.99000e+02  -99.000  -99.000  -999
OBS: 6000443  53437.781     7.00   0.0000e+00   1.4408e+03   7.5507e+01   0  J  0.00  1   !  -9.99000e+02  -99.000  -99.000  -999
OBS: 6000443  53439.781     9.00   0.0000e+00   1.1915e+03   8.2196e+01   0  J  0.00  1   !  -9.99000e+02  -99.000  -99.000  -999
OBS: 6000443  53441.781    11.00   0.0000e+00   1.0086e+03   9.3394e+01   0  J  0.00  1   !  -9.99000e+02  -99.000  -99.000  -999
OBS: 6000443  53443.781    13.00   0.0000e+00   9.0880e+02   9.4587e+01   0  J  0.00  1   !  -9.99000e+02  -99.000  -99.000  -999
OBS: 6000443  53445.781    15.00   0.0000e+00   9.1450e+02   9.2631e+01   0  J  0.00  1   !  -9.99000e+02  -99.000  -99.000  -999
OBS: 6000443  53447.781    17.00   0.0000e+00   9.4369e+02   8.2495e+01   0  J  0.00  1   !  -9.99000e+02  -99.000  -99.000  -999
OBS: 6000443  53449.781    19.00   0.0000e+00   9.9403e+02   7.0364e+01   0  J  0.00  1   !  -9.99000e+02  -99.000  -99.000  -999
OBS: 6000443  53451.781    21.00   0.0000e+00   1.0525e+03   7.8084e+01   0  J  0.00  1   !  -9.99000e+02  -99.000  -99.000  -999
OBS: 6000443  53453.781    23.00   0.0000e+00   1.1341e+03   9.8343e+01   0  J  0.00  1   !  -9.99000e+02  -99.000  -99.000  -999
OBS: 6000443  53455.781    25.00   0.0000e+00   1.2227e+03   1.1014e+02   0  J  0.00  1   !  -9.99000e+02  -99.000  -99.000  -999
OBS: 6000443  53457.781    27.00   0.0000e+00   1.3001e+03   1.1590e+02   0  J  0.00  1   !  -9.99000e+02  -99.000  -99.000  -999
OBS: 6000443  53459.781    29.00   0.0000e+00   1.3851e+03   1.2064e+02   0  J  0.00  1   !  -9.99000e+02  -99.000  -99.000  -999
OBS: 6000443  53461.781    31.00   0.0000e+00   1.4664e+03   1.2596e+02   0  J  0.00  1   !  -9.99000e+02  -99.000  -99.000  -999
OBS: 6000443  53463.781    33.00   0.0000e+00   1.5730e+03   1.4733e+02   0  J  0.00  1   !  -9.99000e+02  -99.000  -99.000  -999
OBS: 6000443  53465.781    35.00   0.0000e+00   1.7134e+03   1.8059e+02   0  J  0.00  1   !  -9.99000e+02  -99.000  -99.000  -999
OBS: 6000443  53467.781    37.00   0.0000e+00   1.8121e+03   2.0285e+02   0  J  0.00  1   !  -9.99000e+02  -99.000  -99.000  -999
OBS: 6000443  53469.781    39.00   0.0000e+00   1.8056e+03   2.1352e+02   0  J  0.00  1   !  -9.99000e+02  -99.000  -99.000  -999
OBS: 6000443  53471.781    41.00   0.0000e+00   1.6876e+03   2.1445e+02   0  J  0.00  1   !  -9.99000e+02  -99.000  -99.000  -999
OBS: 6000443  53473.781    43.00   0.0000e+00   1.5008e+03   1.9573e+02   0  J  0.00  1   !  -9.99000e+02  -99.000  -99.000  -999
OBS: 6000443  53475.781    45.00   0.0000e+00   1.2771e+03   1.6005e+02   0  J  0.00  1   !  -9.99000e+02  -99.000  -99.000  -999
OBS: 6000443  53477.781    47.00   0.0000e+00   1.0675e+03   1.2284e+02   0  J  0.00  1   !  -9.99000e+02  -99.000  -99.000  -999
OBS: 6000443  53479.781    49.00   0.0000e+00   9.3184e+02   1.0771e+02   0  J  0.00  1   !  -9.99000e+02  -99.000  -99.000  -999
OBS: 6000443  53481.781    51.00   0.0000e+00   8.6767e+02   1.5739e+02   0  J  0.00  1   !  -9.99000e+02  -99.000  -99.000  -999
OBS: 6000443  53483.781    53.00   0.0000e+00   8.2947e+02   2.4658e+02   0  J  0.00  1   !  -9.99000e+02  -99.000  -99.000  -999
OBS: 6000443  53485.781    55.00   0.0000e+00   7.8859e+02   4.7466e+02   0  J  0.00  1   !  -9.99000e+02  -99.000  -99.000  -999
OBS: 6000443  53487.781    57.00   0.0000e+00   7.4009e+02   4.4547e+02   0  J  0.00  1   !  -9.99000e+02  -99.000  -99.000  -999
OBS: 6000443  53489.781    59.00   0.0000e+00   6.6427e+02   3.9983e+02   0  J  0.00  1   !  -9.99000e+02  -99.000  -99.000  -999
OBS: 6000443  53491.781    61.00   0.0000e+00   5.9814e+02   3.6003e+02   0  J  0.00  1   !  -9.99000e+02  -99.000  -99.000  -999
OBS: 6000443  53493.781    63.00   0.0000e+00   5.4075e+02   3.2548e+02   0  J  0.00  1   !  -9.99000e+02  -99.000  -99.000  -999
OBS: 6000443  53495.781    65.00   0.0000e+00   4.7940e+02   2.8855e+02   0  J  0.00  1   !  -9.99000e+02  -99.000  -99.000  -999
OBS: 6000443  53497.781    67.00   0.0000e+00   3.9998e+02   2.4075e+02   0  J  0.00  1   !  -9.99000e+02  -99.000  -99.000  -999
OBS: 6000443  53499.781    69.00   0.0000e+00   3.4092e+02   2.0520e+02   0  J  0.00  1   !  -9.99000e+02  -99.000  -99.000  -999
OBS: 6000443  53501.781    71.00   0.0000e+00   3.0425e+02   1.8313e+02   0  J  0.00  1   !  -9.99000e+02  -99.000  -99.000  -999
OBS: 6000443  53503.781    73.00   0.0000e+00   2.7472e+02   1.6536e+02   0  J  0.00  1   !  -9.99000e+02  -99.000  -99.000  -999
OBS: 6000443  53505.781    75.00   0.0000e+00   2.4992e+02   1.5043e+02   0  J  0.00  1   !  -9.99000e+02  -99.000  -99.000  -999
OBS: 6000443  53507.781    77.00   0.0000e+00   2.2470e+02   1.3525e+02   0  J  0.00  1   !  -9.99000e+02  -99.000  -99.000  -999
OBS: 6000443  53509.781    79.00   0.0000e+00   1.9674e+02   1.1842e+02   0  J  0.00  1   !  -9.99000e+02  -99.000  -99.000  -999
OBS: 6000443  53511.781    81.00   0.0000e+00   1.8201e+02   1.0955e+02   0  J  0.00  1   !  -9.99000e+02  -99.000  -99.000  -999
OBS: 6000443  53513.781    83.00   0.0000e+00   1.7292e+02   1.0408e+02   0  J  0.00  1   !  -9.99000e+02  -99.000  -99.000  -999
OBS: 6000443  53515.781    85.00   0.0000e+00   1.6439e+02   9.8950e+01   0  J  0.00  1   !  -9.99000e+02  -99.000  -99.000  -999
OBS: 6000443  53517.781    87.00   0.0000e+00   1.5636e+02   9.4115e+01   0  J  0.00  1   !  -9.99000e+02  -99.000  -99.000  -999
OBS: 6000443  53519.781    89.00   0.0000e+00   1.4848e+02   8.9373e+01   0  J  0.00  1   !  -9.99000e+02  -99.000  -99.000  -999
OBS: 6000443  53521.781    91.00   0.0000e+00   1.4058e+02   8.4615e+01   0  J  0.00  1   !  -9.99000e+02  -99.000  -99.000  -999
OBS: 6000443  53523.781    93.00   0.0000e+00   1.3490e+02   8.1199e+01   0  J  0.00  1   !  -9.99000e+02  -99.000  -99.000  -999
OBS: 6000443  53525.781    95.00   0.0000e+00   1.2991e+02   7.8197e+01   0  J  0.00  1   !  -9.99000e+02  -99.000  -99.000  -999
OBS: 6000443  53527.781    97.00   0.0000e+00   1.2511e+02   7.5307e+01   0  J  0.00  1   !  -9.99000e+02  -99.000  -99.000  -999
OBS: 6000443  53529.781    99.00   0.0000e+00   1.2049e+02   7.2523e+01   0  J  0.00  1   !  -9.99000e+02  -99.000  -99.000  -999
OBS: 6000443  53531.781   101.00   0.0000e+00   1.1603e+02   6.9842e+01   0  J  0.00  1   !  -9.99000e+02  -99.000  -99.000  -999
OBS: 6000443  53533.781   103.00   0.0000e+00   1.1175e+02   6.7261e+01   0  J  0.00  1   !  -9.99000e+02  -99.000  -99.000  -999
OBS: 6000443  53535.781   105.00   0.0000e+00   1.0761e+02   6.4774e+01   0  J  0.00  1   !  -9.99000e+02  -99.000  -99.000  -999
OBS: 6000443  53537.781   107.00   0.0000e+00   1.0364e+02   6.2380e+01   0  J  0.00  1   !  -9.99000e+02  -99.000  -99.000  -999
OBS: 6000443  53539.781   109.00   0.0000e+00   9.9806e+01   6.0074e+01   0  J  0.00  1   !  -9.99000e+02  -99.000  -99.000  -999
OBS: 6000443  53541.781   111.00   0.0000e+00   9.6117e+01   5.7854e+01   0  J  0.00  1   !  -9.99000e+02  -99.000  -99.000  -999
OBS: 6000443  53543.781   113.00   0.0000e+00   9.2564e+01   5.5715e+01   0  J  0.00  1   !  -9.99000e+02  -99.000  -99.000  -999
OBS: 6000443  53545.781   115.00   0.0000e+00   8.9142e+01   5.3656e+01   0  J  0.00  1   !  -9.99000e+02  -99.000  -99.000  -999
OBS: 6000443  53547.781   117.00   0.0000e+00   8.5847e+01   5.1673e+01   0  J  0.00  1   !  -9.99000e+02  -99.000  -99.000  -999
OBS: 6000443  53549.781   119.00   0.0000e+00   8.2674e+01   4.9762e+01   0  J  0.00  1   !  -9.99000e+02  -99.000  -99.000  -999
OBS: 6000443  53551.781   121.00   0.0000e+00   7.9618e+01   4.7923e+01   0  J  0.00  1   !  -9.99000e+02  -99.000  -99.000  -999
OBS: 6000443  53553.781   123.00   0.0000e+00   7.6675e+01   4.6152e+01   0  J  0.00  1   !  -9.99000e+02  -99.000  -99.000  -999
OBS: 6000443  53555.781   125.00   0.0000e+00   7.3841e+01   4.4446e+01   0  J  0.00  1   !  -9.99000e+02  -99.000  -99.000  -999
OBS: 6000443  53557.781   127.00   0.0000e+00   7.1112e+01   4.2803e+01   0  J  0.00  1   !  -9.99000e+02  -99.000  -99.000  -999
OBS: 6000443  53559.781   129.00   0.0000e+00   6.8483e+01   4.1221e+01   0  J  0.00  1   !  -9.99000e+02  -99.000  -99.000  -999
OBS: 6000443  53561.781   131.00   0.0000e+00   6.5952e+01   3.9697e+01   0  J  0.00  1   !  -9.99000e+02  -99.000  -99.000  -999
OBS: 6000443  53563.781   133.00   0.0000e+00   6.3514e+01   3.8230e+01   0  J  0.00  1   !  -9.99000e+02  -99.000  -99.000  -999
OBS: 6000443  53565.781   135.00   0.0000e+00   6.1166e+01   3.6817e+01   0  J  0.00  1   !  -9.99000e+02  -99.000  -99.000  -999
OBS: 6000443  53567.781   137.00   0.0000e+00   5.8905e+01   3.5456e+01   0  J  0.00  1   !  -9.99000e+02  -99.000  -99.000  -999
OBS: 6000443  53569.781   139.00   0.0000e+00   5.6728e+01   3.4145e+01   0  J  0.00  1   !  -9.99000e+02  -99.000  -99.000  -999
OBS: 6000443  53433.859     3.08   1.9323e+03   2.0753e+03   4.4283e+02   1  y  0.08  1   Y  1.75047e+18  -0.365  -1.387  1.00000e+11
OBS: 6000443  53433.871     3.09   1.9316e+03   2.0866e+03   4.2191e+02   1  y  0.07  1   Y  1.75941e+18  -0.365  -1.387  1.00000e+11
OBS: 6000443  53455.852    25.07   1.8973e+03   1.4396e+03   5.6800e+02   1  y  1.62  1   Y  1.30352e+18  -0.288  -0.859  1.00000e+11
OBS: 6000443  53455.859    25.08   1.8984e+03   2.4326e+03   5.7755e+02   1  y  0.21  1   Y  2.20254e+18  -0.288  -0.859  1.00000e+11
OBS: 6000443  53456.852    26.07   2.0041e+03   3.2267e+03   5.9399e+02   1  y  2.45  1   Y  2.89817e+18  -0.297  -0.866  1.00000e+11
OBS: 6000443  53456.852    26.07   2.0041e+03   2.9134e+03   5.9059e+02   1  y  1.10  1   Y  2.61675e+18  -0.297  -0.866  1.00000e+11
OBS: 6000443  53462.762    31.98   2.4610e+03   2.8989e+03   4.8763e+02   1  y  0.03  1   Y  2.71849e+18  -0.250  -0.933  1.00000e+11
OBS: 6000443  53462.770    31.99   2.4614e+03   2.2079e+03   5.0254e+02   1  y  1.39  1   Y  2.07092e+18  -0.250  -0.933  1.00000e+11
OBS: 6000443  53371.781   -59.00   0.0000e+00   0.0000e+00   0.0000e+00   0  y  0.00  1   !  -9.99000e+02  -99.000  -99.000  -999
OBS: 6000443  53373.781   -57.00   0.0000e+00   0.0000e+00   0.0000e+00   0  y  0.00  1   !  -9.99000e+02  -99.000  -99.000  -999
OBS: 6000443  53375.781   -55.00   0.0000e+00   0.0000e+00   0.0000e+00   0  y  0.00  1   !  -9.99000e+02  -99.000  -99.000  -999
OBS: 6000443  53377.781   -53.00   0.0000e+00   0.0000e+00   0.0000e+00   0  y  0.00  1   !  -9.99000e+02  -99.000  -99.000  -999
OBS: 6000443  53379.781   -51.00   0.0000e+00   0.0000e+00   0.0000e+00   0  y  0.00  1   !  -9.99000e+02  -99.000  -99.000  -999
OBS: 6000443  53381.781   -49.00   0.0000e+00   0.0000e+00   0.0000e+00   0  y  0.00  1   !  -9.99000e+02  -99.000  -99.000  -999
OBS: 6000443  53383.781   -47.00   0.0000e+00   0.0000e+00   0.0000e+00   0  y  0.00  1   !  -9.99000e+02  -99.000  -99.000  -999
OBS: 6000443  53385.781   -45.00   0.0000e+00   0.0000e+00   0.0000e+00   0  y  0.00  1   !  -9.99000e+02  -99.000  -99.000  -999
OBS: 6000443  53387.781   -43.00   0.0000e+00   0.0000e+00   0.0000e+00   0  y  0.00  1   !  -9.99000e+02  -99.000  -99.000  -999
OBS: 6000443  53389.781   -41.00   0.0000e+00   0.0000e+00   0.0000e+00   0  y  0.00  1   !  -9.99000e+02  -99.000  -99.000  -999
OBS: 6000443  53391.781   -39.00   0.0000e+00   0.0000e+00   0.0000e+00   0  y  0.00  1   !  -9.99000e+02  -99.000  -99.000  -999
OBS: 6000443  53393.781   -37.00   0.0000e+00   0.0000e+00   0.0000e+00   0  y  0.00  1   !  -9.99000e+02  -99.000  -99.000  -999
OBS: 6000443  53395.781   -35.00   0.0000e+00   0.0000e+00   0.0000e+00   0  y  0.00  1   !  -9.99000e+02  -99.000  -99.000  -999
OBS: 6000443  53397.781   -33.00   0.0000e+00   0.0000e+00   0.0000e+00   0  y  0.00  1   !  -9.99000e+02  -99.000  -99.000  -999
OBS: 6000443  53399.781   -31.00   0.0000e+00   0.0000e+00   0.0000e+00   0  y  0.00  1   !  -9.99000e+02  -99.000  -99.000  -999
OBS: 6000443  53401.781   -29.00   0.0000e+00   0.0000e+00   0.0000e+00   0  y  0.00  1   !  -9.99000e+02  -99.000  -99.000  -999
OBS: 6000443  53403.781   -27.00   0.0000e+00   0.0000e+00   0.0000e+00   0  y  0.00  1   !  -9.99000e+02  -99.000  -99.000  -999
OBS: 6000443  53405.781   -25.00   0.0000e+00   0.0000e+00   0.0000e+00   0  y  0.00  1   !  -9.99000e+02  -99.000  -99.000  -999
OBS: 6000443  53407.781   -23.00   0.0000e+00   0.0000e+00   0.0000e+00   0  y  0.00  1   !  -9.99000e+02  -99.000  -99.000  -999
OBS: 6000443  53409.781   -21.00   0.0000e+00   5.5487e+02   3.3398e+02   0  y  0.00  1   !  -9.99000e+02  -99.000  -99.000  -999
OBS: 6000443  53411.781   -19.00   0.0000e+00   5.5577e+02   3.3452e+02   0  y  0.00  1   !  -9.99000e+02  -99.000  -99.000  -999
OBS: 6000443  53413.781   -17.00   0.0000e+00   5.5336e+02   3.3308e+02   0  y  0.00  1   !  -9.99000e+02  -99.000  -99.000  -999
OBS: 6000443  53415.781   -15.00   0.0000e+00   8.0597e+02   1.5590e+02   0  y  0.00  1   !  -9.99000e+02  -99.000  -99.000  -999
OBS: 6000443  53417.781   -13.00   0.0000e+00   1.2953e+03   9.7809e+01   0  y  0.00  1   !  -9.99000e+02  -99.000  -99.000  -999
OBS: 6000443  53419.781   -11.00   0.0000e+00   1.8040e+03   6.9034e+01   0  y  0.00  1   !  -9.99000e+02  -99.000  -99.000  -999
OBS: 6000443  53421.781    -9.00   0.0000e+00   2.2813e+03   6.0642e+01   0  y  0.00  1   !  -9.99000e+02  -99.000  -99.000  -999
OBS: 6000443  53423.781    -7.00   0.0000e+00   2.7152e+03   6.4249e+01   0  y  0.00  1   !  -9.99000e+02  -99.000  -99.000  -999
OBS: 6000443  53425.781    -5.00   0.0000e+00   2.9490e+03   7.5563e+01   0  y  0.00  1   !  -9.99000e+02  -99.000  -99.000  -999
OBS: 6000443  53427.781    -3.00   0.0000e+00   2.9718e+03   7.6727e+01   0  y  0.00  1   !  -9.99000e+02  -99.000  -99.000  -999
OBS: 6000443  53429.781    -1.00   0.0000e+00   2.7219e+03   6.6990e+01   0  y  0.00  1   !  -9.99000e+02  -99.000  -99.000  -999
OBS: 6000443  53431.781     1.00   0.0000e+00   2.4138e+03   7.0769e+01   0  y  0.00  1   !  -9.99000e+02  -99.000  -99.000  -999
OBS: 6000443  53433.781     3.00   0.0000e+00   2.2092e+03   8.4136e+01   0  y  0.00  1   !  -9.99000e+02  -99.000  -99.000  -999
OBS: 6000443  53435.781     5.00   0.0000e+00   2.0060e+03   8.4514e+01   0  y  0.00  1   !  -9.99000e+02  -99.000  -99.000  -999
OBS: 6000443  53437.781     7.00   0.0000e+00   1.8069e+03   7.5910e+01   0  y  0.00  1   !  -9.99000e+02  -99.000  -99.000  -999
OBS: 6000443  53439.781     9.00   0.0000e+00   1.6797e+03   7.8307e+01   0  y  0.00  1   !  -9.99000e+02  -99.000  -99.000  -999
OBS: 6000443  53441.781    11.00   0.0000e+00   1.6089e+03   8.7240e+01   0  y  0.00  1   !  -9.99000e+02  -99.000  -99.000  -999
OBS: 6000443  53443.781    13.00   0.0000e+00   1.5671e+03   8.7945e+01   0  y  0.00  1   !  -9.99000e+02  -99.000  -99.000  -999
OBS: 6000443  53445.781    15.00   0.0000e+00   1.6106e+03   8.3853e+01   0  y  0.00  1   !  -9.99000e+02  -99.000  -99.000  -999
OBS: 6000443  53447.781    17.00   0.0000e+00   1.7180e+03   8.0957e+01   0  y  0.00  1   !  -9.99000e+02  -99.000  -99.000  -999
OBS: 6000443  53449.781    19.00   0.0000e+00   1.8434e+03   8.1044e+01   0  y  0.00  1   !  -9.99000e+02  -99.000  -99.000  -999
OBS: 6000443  53451.781    21.00   0.0000e+00   1.9812e+03   7.2126e+01   0  y  0.00  1   !  -9.99000e+02  -99.000  -99.000  -999
OBS: 6000443  53453.781    23.00   0.0000e+00   2.0630e+03   6.2032e+01   0  y  0.00  1   !  -9.99000e+02  -99.000  -99.000  -999
OBS: 6000443  53455.781    25.00   0.0000e+00   2.1598e+03   6.5124e+01   0  y  0.00  1   !  -9.99000e+02  -99.000  -99.000  -999
OBS: 6000443  53457.781    27.00   0.0000e+00   2.4074e+03   7.2962e+01   0  y  0.00  1   !  -9.99000e+02  -99.000  -99.000  -999
OBS: 6000443  53459.781    29.00   0.0000e+00   2.6481e+03   7.4750e+01   0  y  0.00  1   !  -9.99000e+02  -99.000  -99.000  -999
OBS: 6000443  53461.781    31.00   0.0000e+00   2.7650e+03   7.5865e+01   0  y  0.00  1   !  -9.99000e+02  -99.000  -99.000  -999
OBS: 6000443  53463.781    33.00   0.0000e+00   2.8361e+03   8.4779e+01   0  y  0.00  1   !  -9.99000e+02  -99.000  -99.000  -999
OBS: 6000443  53465.781    35.00   0.0000e+00   2.8126e+03   9.3655e+01   0  y  0.00  1   !  -9.99000e+02  -99.000  -99.000  -999
OBS: 6000443  53467.781    37.00   0.0000e+00   2.7182e+03   9.3302e+01   0  y  0.00  1   !  -9.99000e+02  -99.000  -99.000  -999
OBS: 6000443  53469.781    39.00   0.0000e+00   2.6421e+03   8.7492e+01   0  y  0.00  1   !  -9.99000e+02  -99.000  -99.000  -999
OBS: 6000443  53471.781    41.00   0.0000e+00   2.5628e+03   9.2205e+01   0  y  0.00  1   !  -9.99000e+02  -99.000  -99.000  -999
OBS: 6000443  53473.781    43.00   0.0000e+00   2.4179e+03   9.9679e+01   0  y  0.00  1   !  -9.99000e+02  -99.000  -99.000  -999
OBS: 6000443  53475.781    45.00   0.0000e+00   2.2226e+03   9.2659e+01   0  y  0.00  1   !  -9.99000e+02  -99.000  -99.000  -999
OBS: 6000443  53477.781    47.00   0.0000e+00   2.0216e+03   7.5238e+01   0  y  0.00  1   !  -9.99000e+02  -99.000  -99.000  -999
OBS: 6000443  53479.781    49.00   0.0000e+00   1.8372e+03   5.9006e+01   0  y  0.00  1   !  -9.99000e+02  -99.000  -99.000  -999
OBS: 6000443  53481.781    51.00   0.0000e+00   1.6786e+03   4.8979e+01   0  y  0.00  1   !  -9.99000e+02  -99.000  -99.000  -999
OBS: 6000443  53483.781    53.00   0.0000e+00   1.5371e+03   4.6461e+01   0  y  0.00  1   !  -9.99000e+02  -99.000  -99.000  -999
OBS: 6000443  53485.781    55.00   0.0000e+00   1.3797e+03   8.3048e+02   0  y  0.00  1   !  -9.99000e+02  -99.000  -99.000  -999
OBS: 6000443  53487.781    57.00   0.0000e+00   1.2109e+03   7.2885e+02   0  y  0.00  1   !  -9.99000e+02  -99.000  -99.000  -999
OBS: 6000443  53489.781    59.00   0.0000e+00   1.1074e+03   6.6653e+02   0  y  0.00  1   !  -9.99000e+02  -99.000  -99.000  -999
OBS: 6000443  53491.781    61.00   0.0000e+00   1.0080e+03   6.0673e+02   0  y  0.00  1   !  -9.99000e+02  -99.000  -99.000  -999
OBS: 6000443  53493.781    63.00   0.0000e+00   9.2258e+02   5.5531e+02   0  y  0.00  1   !  -9.99000e+02  -99.000  -99.000  -999
OBS: 6000443  53495.781    65.00   0.0000e+00   8.3230e+02   5.0097e+02   0  y  0.00  1   !  -9.99000e+02  -99.000  -99.000  -999
OBS: 6000443  53497.781    67.00   0.0000e+00   6.9673e+02   4.1937e+02   0  y  0.00  1   !  -9.99000e+02  -99.000  -99.000  -999
OBS: 6000443  53499.781    69.00   0.0000e+00   5.9200e+02   3.5633e+02   0  y  0.00  1   !  -9.99000e+02  -99.000  -99.000  -999
OBS: 6000443  53501.781    71.00   0.0000e+00   5.1401e+02   3.0939e+02   0  y  0.00  1   !  -9.99000e+02  -99.000  -99.000  -999
OBS: 6000443  53503.781    73.00   0.0000e+00   4.5487e+02   2.7379e+02   0  y  0.00  1   !  -9.99000e+02  -99.000  -99.000  -999
OBS: 6000443  53505.781    75.00   0.0000e+00   4.0929e+02   2.4635e+02   0  y  0.00  1   !  -9.99000e+02  -99.000  -99.000  -999
OBS: 6000443  53507.781    77.00   0.0000e+00   3.7290e+02   2.2445e+02   0  y  0.00  1   !  -9.99000e+02  -99.000  -99.000  -999
OBS: 6000443  53509.781    79.00   0.0000e+00   3.4400e+02   2.0705e+02   0  y  0.00  1   !  -9.99000e+02  -99.000  -99.000  -999
OBS: 6000443  53511.781    81.00   0.0000e+00   3.0796e+02   1.8536e+02   0  y  0.00  1   !  -9.99000e+02  -99.000  -99.000  -999
OBS: 6000443  53513.781    83.00   0.0000e+00   2.7223e+02   1.6386e+02   0  y  0.00  1   !  -9.99000e+02  -99.000  -99.000  -999
OBS: 6000443  53515.781    85.00   0.0000e+00   2.4108e+02   1.4511e+02   0  y  0.00  1   !  -9.99000e+02  -99.000  -99.000  -999
OBS: 6000443  53517.781    87.00   0.0000e+00   2.1384e+02   1.2871e+02   0  y  0.00  1   !  -9.99000e+02  -99.000  -99.000  -999
OBS: 6000443  53519.781    89.00   0.0000e+00   1.9020e+02   1.1449e+02   0  y  0.00  1   !  -9.99000e+02  -99.000  -99.000  -999
OBS: 6000443  53521.781    91.00   0.0000e+00   1.6975e+02   1.0217e+02   0  y  0.00  1   !  -9.99000e+02  -99.000  -99.000  -999
OBS: 6000443  53523.781    93.00   0.0000e+00   1.4949e+02   8.9978e+01   0  y  0.00  1   !  -9.99000e+02  -99.000  -99.000  -999
OBS: 6000443  53525.781    95.00   0.0000e+00   1.3117e+02   7.8954e+01   0  y  0.00  1   !  -9.99000e+02  -99.000  -99.000  -999
OBS: 6000443  53527.781    97.00   0.0000e+00   1.1510e+02   6.9280e+01   0  y  0.00  1   !  -9.99000e+02  -99.000  -99.000  -999
OBS: 6000443  53529.781    99.00   0.0000e+00   1.0099e+02   6.0789e+01   0  y  0.00  1   !  -9.99000e+02  -99.000  -99.000  -999
OBS: 6000443  53531.781   101.00   0.0000e+00   8.8615e+01   5.3338e+01   0  y  0.00  1   !  -9.99000e+02  -99.000  -99.000  -999
OBS: 6000443  53533.781   103.00   0.0000e+00   7.7752e+01   4.6800e+01   0  y  0.00  1   !  -9.99000e+02  -99.000  -99.000  -999
OBS: 6000443  53535.781   105.00   0.0000e+00   6.8226e+01   4.1066e+01   0  y  0.00  1   !  -9.99000e+02  -99.000  -99.000  -999
OBS: 6000443  53537.781   107.00   0.0000e+00   5.9863e+01   3.6032e+01   0  y  0.00  1   !  -9.99000e+02  -99.000  -99.000  -999
OBS: 6000443  53539.781   109.00   0.0000e+00   5.2521e+01   3.1613e+01   0  y  0.00  1   !  -9.99000e+02  -99.000  -99.000  -999
OBS: 6000443  53541.781   111.00   0.0000e+00   4.6078e+01   2.7735e+01   0  y  0.00  1   !  -9.99000e+02  -99.000  -99.000  -999
OBS: 6000443  53543.781   113.00   0.0000e+00   4.0425e+01   2.4332e+01   0  y  0.00  1   !  -9.99000e+02  -99.000  -99.000  -999
OBS: 6000443  53545.781   115.00   0.0000e+00   3.5465e+01   2.1347e+01   0  y  0.00  1   !  -9.99000e+02  -99.000  -99.000  -999
OBS: 6000443  53547.781   117.00   0.0000e+00   3.1112e+01   1.8727e+01   0  y  0.00  1   !  -9.99000e+02  -99.000  -99.000  -999
OBS: 6000443  53549.781   119.00   0.0000e+00   2.7295e+01   1.6429e+01   0  y  0.00  1   !  -9.99000e+02  -99.000  -99.000  -999
OBS: 6000443  53551.781   121.00   0.0000e+00   2.3950e+01   1.4416e+01   0  y  0.00  1   !  -9.99000e+02  -99.000  -99.000  -999
OBS: 6000443  53553.781   123.00   0.0000e+00   2.1011e+01   1.2647e+01   0  y  0.00  1   !  -9.99000e+02  -99.000  -99.000  -999
OBS: 6000443  53555.781   125.00   0.0000e+00   1.8431e+01   1.1094e+01   0  y  0.00  1   !  -9.99000e+02  -99.000  -99.000  -999
OBS: 6000443  53557.781   127.00   0.0000e+00   1.6168e+01   9.7316e+00   0  y  0.00  1   !  -9.99000e+02  -99.000  -99.000  -999
OBS: 6000443  53559.781   129.00   0.0000e+00   1.4182e+01   8.5364e+00   0  y  0.00  1   !  -9.99000e+02  -99.000  -99.000  -999
OBS: 6000443  53561.781   131.00   0.0000e+00   1.2440e+01   7.4877e+00   0  y  0.00  1   !  -9.99000e+02  -99.000  -99.000  -999
OBS: 6000443  53563.781   133.00   0.0000e+00   1.0912e+01   6.5678e+00   0  y  0.00  1   !  -9.99000e+02  -99.000  -99.000  -999
OBS: 6000443  53565.781   135.00   0.0000e+00   9.5722e+00   5.7616e+00   0  y  0.00  1   !  -9.99000e+02  -99.000  -99.000  -999
OBS: 6000443  53567.781   137.00   0.0000e+00   8.3987e+00   5.0553e+00   0  y  0.00  1   !  -9.99000e+02  -99.000  -99.000  -999
OBS: 6000443  53569.781   139.00   0.0000e+00   7.3668e+00   4.4341e+00   0  y  0.00  1   !  -9.99000e+02  -99.000  -99.000  -999
OBS: 6000443  53433.859     3.08   1.7301e+03   1.7663e+03   6.4759e+02   1  H  0.06  1   H  2.03043e+18  -0.029  0.107  1.00000e+11
OBS: 6000443  53433.871     3.09   1.7294e+03   1.2011e+02   6.3365e+02   1  H  8.04  1   H  1.38091e+17  -0.029  0.108  1.00000e+11
OBS: 6000443  53454.859    24.08   1.3785e+03   2.0718e+03   8.1620e+02   1  H  0.43  1   H  3.22331e+18  0.300  -0.768  1.00000e+11
OBS: 6000443  53454.871    24.09   1.3787e+03   2.0210e+03   8.5512e+02   1  H  0.32  1   H  3.14462e+18  0.300  -0.764  1.00000e+11
OBS: 6000443  53455.852    25.07   1.4012e+03   1.2837e+03   7.4519e+02   1  H  0.14  1   H  2.00990e+18  0.307  -0.441  1.00000e+11
OBS: 6000443  53455.859    25.08   1.4015e+03   9.0780e+02   7.0475e+02   1  H  0.86  1   H  1.42135e+18  0.307  -0.438  1.00000e+11
OBS: 6000443  53456.852    26.07   1.4328e+03   1.6087e+03   7.3106e+02   1  H  0.00  1   H  2.51125e+18  0.303  -0.206  1.00000e+11
OBS: 6000443  53456.852    26.07   1.4328e+03   6.6501e+02   6.2438e+02   1  H  2.22  1   H  1.03810e+18  0.303  -0.206  1.00000e+11
OBS: 6000443  53462.762    31.98   1.6179e+03   2.7032e+03   4.5853e+02   1  H  3.78  1   H  3.84073e+18  0.201  -0.916  1.00000e+11
OBS: 6000443  53462.770    31.99   1.6183e+03   2.0641e+03   4.5397e+02   1  H  0.32  1   H  2.93194e+18  0.201  -0.921  1.00000e+11
OBS: 6000443  53371.781   -59.00   0.0000e+00   0.0000e+00   0.0000e+00   0  H  0.00  1   !  -9.99000e+02  -99.000  -99.000  -999
OBS: 6000443  53373.781   -57.00   0.0000e+00   0.0000e+00   0.0000e+00   0  H  0.00  1   !  -9.99000e+02  -99.000  -99.000  -999
OBS: 6000443  53375.781   -55.00   0.0000e+00   0.0000e+00   0.0000e+00   0  H  0.00  1   !  -9.99000e+02  -99.000  -99.000  -999
OBS: 6000443  53377.781   -53.00   0.0000e+00   0.0000e+00   0.0000e+00   0  H  0.00  1   !  -9.99000e+02  -99.000  -99.000  -999
OBS: 6000443  53379.781   -51.00   0.0000e+00   0.0000e+00   0.0000e+00   0  H  0.00  1   !  -9.99000e+02  -99.000  -99.000  -999
OBS: 6000443  53381.781   -49.00   0.0000e+00   0.0000e+00   0.0000e+00   0  H  0.00  1   !  -9.99000e+02  -99.000  -99.000  -999
OBS: 6000443  53383.781   -47.00   0.0000e+00   0.0000e+00   0.0000e+00   0  H  0.00  1   !  -9.99000e+02  -99.000  -99.000  -999
OBS: 6000443  53385.781   -45.00   0.0000e+00   0.0000e+00   0.0000e+00   0  H  0.00  1   !  -9.99000e+02  -99.000  -99.000  -999
OBS: 6000443  53387.781   -43.00   0.0000e+00   0.0000e+00   0.0000e+00   0  H  0.00  1   !  -9.99000e+02  -99.000  -99.000  -999
OBS: 6000443  53389.781   -41.00   0.0000e+00   0.0000e+00   0.0000e+00   0  H  0.00  1   !  -9.99000e+02  -99.000  -99.000  -999
OBS: 6000443  53391.781   -39.00   0.0000e+00   0.0000e+00   0.0000e+00   0  H  0.00  1   !  -9.99000e+02  -99.000  -99.000  -999
OBS: 6000443  53393.781   -37.00   0.0000e+00   0.0000e+00   0.0000e+00   0  H  0.00  1   !  -9.99000e+02  -99.000  -99.000  -999
OBS: 6000443  53395.781   -35.00   0.0000e+00   0.0000e+00   0.0000e+00   0  H  0.00  1   !  -9.99000e+02  -99.000  -99.000  -999
OBS: 6000443  53397.781   -33.00   0.0000e+00   0.0000e+00   0.0000e+00   0  H  0.00  1   !  -9.99000e+02  -99.000  -99.000  -999
OBS: 6000443  53399.781   -31.00   0.0000e+00   0.0000e+00   0.0000e+00   0  H  0.00  1   !  -9.99000e+02  -99.000  -99.000  -999
OBS: 6000443  53401.781   -29.00   0.0000e+00   0.0000e+00   0.0000e+00   0  H  0.00  1   !  -9.99000e+02  -99.000  -99.000  -999
OBS: 6000443  53403.781   -27.00   0.0000e+00   0.0000e+00   0.0000e+00   0  H  0.00  1   !  -9.99000e+02  -99.000  -99.000  -999
OBS: 6000443  53405.781   -25.00   0.0000e+00   0.0000e+00   0.0000e+00   0  H  0.00  1   !  -9.99000e+02  -99.000  -99.000  -999
OBS: 6000443  53407.781   -23.00   0.0000e+00   0.0000e+00   0.0000e+00   0  H  0.00  1   !  -9.99000e+02  -99.000  -99.000  -999
OBS: 6000443  53409.781   -21.00   0.0000e+00   5.8365e+02   3.5131e+02   0  H  0.00  1   !  -9.99000e+02  -99.000  -99.000  -999
OBS: 6000443  53411.781   -19.00   0.0000e+00   6.7109e+02   4.0393e+02   0  H  0.00  1   !  -9.99000e+02  -99.000  -99.000  -999
OBS: 6000443  53413.781   -17.00   0.0000e+00   6.7331e+02   4.0528e+02   0  H  0.00  1   !  -9.99000e+02  -99.000  -99.000  -999
OBS: 6000443  53415.781   -15.00   0.0000e+00   9.2912e+02   5.4559e+02   0  H  0.00  1   !  -9.99000e+02  -99.000  -99.000  -999
OBS: 6000443  53417.781   -13.00   0.0000e+00   1.4536e+03   1.2520e+02   0  H  0.00  1   !  -9.99000e+02  -99.000  -99.000  -999
OBS: 6000443  53419.781   -11.00   0.0000e+00   1.9546e+03   9.5162e+01   0  H  0.00  1   !  -9.99000e+02  -99.000  -99.000  -999
OBS: 6000443  53421.781    -9.00   0.0000e+00   2.3554e+03   7.8880e+01   0  H  0.00  1   !  -9.99000e+02  -99.000  -99.000  -999
OBS: 6000443  53423.781    -7.00   0.0000e+00   2.6324e+03   7.3333e+01   0  H  0.00  1   !  -9.99000e+02  -99.000  -99.000  -999
OBS: 6000443  53425.781    -5.00   0.0000e+00   2.7146e+03   8.1843e+01   0  H  0.00  1   !  -9.99000e+02  -99.000  -99.000  -999
OBS: 6000443  53427.781    -3.00   0.0000e+00   2.6214e+03   7.9240e+01   0  H  0.00  1   !  -9.99000e+02  -99.000  -99.000  -999
OBS: 6000443  53429.781    -1.00   0.0000e+00   2.3547e+03   6.5598e+01   0  H  0.00  1   !  -9.99000e+02  -99.000  -99.000  -999
OBS: 6000443  53431.781     1.00   0.0000e+00   2.1124e+03   6.2181e+01   0  H  0.00  1   !  -9.99000e+02  -99.000  -99.000  -999
OBS: 6000443  53433.781     3.00   0.0000e+00   1.9350e+03   6.9048e+01   0  H  0.00  1   !  -9.99000e+02  -99.000  -99.000  -999
OBS: 6000443  53435.781     5.00   0.0000e+00   1.7252e+03   7.0158e+01   0  H  0.00  1   !  -9.99000e+02  -99.000  -99.000  -999
OBS: 6000443  53437.781     7.00   0.0000e+00   1.5086e+03   6.5343e+01   0  H  0.00  1   !  -9.99000e+02  -99.000  -99.000  -999
OBS: 6000443  53439.781     9.00   0.0000e+00   1.3296e+03   6.0705e+01   0  H  0.00  1   !  -9.99000e+02  -99.000  -99.000  -999
OBS: 6000443  53441.781    11.00   0.0000e+00   1.2388e+03   5.7405e+01   0  H  0.00  1   !  -9.99000e+02  -99.000  -99.000  -999
OBS: 6000443  53443.781    13.00   0.0000e+00   1.2170e+03   5.1443e+01   0  H  0.00  1   !  -9.99000e+02  -99.000  -99.000  -999
OBS: 6000443  53445.781    15.00   0.0000e+00   1.2436e+03   4.9602e+01   0  H  0.00  1   !  -9.99000e+02  -99.000  -99.000  -999
OBS: 6000443  53447.781    17.00   0.0000e+00   1.3219e+03   5.2883e+01   0  H  0.00  1   !  -9.99000e+02  -99.000  -99.000  -999
OBS: 6000443  53449.781    19.00   0.0000e+00   1.4002e+03   5.0454e+01   0  H  0.00  1   !  -9.99000e+02  -99.000  -99.000  -999
OBS: 6000443  53451.781    21.00   0.0000e+00   1.4678e+03   4.5796e+01   0  H  0.00  1   !  -9.99000e+02  -99.000  -99.000  -999
OBS: 6000443  53453.781    23.00   0.0000e+00   1.5158e+03   4.3002e+01   0  H  0.00  1   !  -9.99000e+02  -99.000  -99.000  -999
OBS: 6000443  53455.781    25.00   0.0000e+00   1.5609e+03   4.5485e+01   0  H  0.00  1   !  -9.99000e+02  -99.000  -99.000  -999
OBS: 6000443  53457.781    27.00   0.0000e+00   1.6272e+03   5.0867e+01   0  H  0.00  1   !  -9.99000e+02  -99.000  -99.000  -999
OBS: 6000443  53459.781    29.00   0.0000e+00   1.6856e+03   5.1286e+01   0  H  0.00  1   !  -9.99000e+02  -99.000  -99.000  -999
OBS: 6000443  53461.781    31.00   0.0000e+00   1.7678e+03   5.2003e+01   0  H  0.00  1   !  -9.99000e+02  -99.000  -99.000  -999
OBS: 6000443  53463.781    33.00   0.0000e+00   1.8427e+03   6.2668e+01   0  H  0.00  1   !  -9.99000e+02  -99.000  -99.000  -999
OBS: 6000443  53465.781    35.00   0.0000e+00   1.9114e+03   7.9182e+01   0  H  0.00  1   !  -9.99000e+02  -99.000  -99.000  -999
OBS: 6000443  53467.781    37.00   0.0000e+00   1.9474e+03   9.0081e+01   0  H  0.00  1   !  -9.99000e+02  -99.000  -99.000  -999
OBS: 6000443  53469.781    39.00   0.0000e+00   1.8997e+03   9.5805e+01   0  H  0.00  1   !  -9.99000e+02  -99.000  -99.000  -999
OBS: 6000443  53471.781    41.00   0.0000e+00   1.7785e+03   1.0728e+02   0  H  0.00  1   !  -9.99000e+02  -99.000  -99.000  -999
OBS: 6000443  53473.781    43.00   0.0000e+00   1.5978e+03   1.1869e+02   0  H  0.00  1   !  -9.99000e+02  -99.000  -99.000  -999
OBS: 6000443  53475.781    45.00   0.0000e+00   1.3657e+03   1.1219e+02   0  H  0.00  1   !  -9.99000e+02  -99.000  -99.000  -999
OBS: 6000443  53477.781    47.00   0.0000e+00   1.1589e+03   9.2149e+01   0  H  0.00  1   !  -9.99000e+02  -99.000  -99.000  -999
OBS: 6000443  53479.781    49.00   0.0000e+00   1.0153e+03   7.2217e+01   0  H  0.00  1   !  -9.99000e+02  -99.000  -99.000  -999
OBS: 6000443  53481.781    51.00   0.0000e+00   9.3759e+02   6.1574e+01   0  H  0.00  1   !  -9.99000e+02  -99.000  -99.000  -999
OBS: 6000443  53483.781    53.00   0.0000e+00   8.8940e+02   5.2785e+01   0  H  0.00  1   !  -9.99000e+02  -99.000  -99.000  -999
OBS: 6000443  53485.781    55.00   0.0000e+00   8.4647e+02   1.5487e+02   0  H  0.00  1   !  -9.99000e+02  -99.000  -99.000  -999
OBS: 6000443  53487.781    57.00   0.0000e+00   8.0061e+02   4.8190e+02   0  H  0.00  1   !  -9.99000e+02  -99.000  -99.000  -999
OBS: 6000443  53489.781    59.00   0.0000e+00   7.6466e+02   4.6026e+02   0  H  0.00  1   !  -9.99000e+02  -99.000  -99.000  -999
OBS: 6000443  53491.781    61.00   0.0000e+00   7.2995e+02   4.3936e+02   0  H  0.00  1   !  -9.99000e+02  -99.000  -99.000  -999
OBS: 6000443  53493.781    63.00   0.0000e+00   6.9603e+02   4.1895e+02   0  H  0.00  1   !  -9.99000e+02  -99.000  -99.000  -999
OBS: 6000443  53495.781    65.00   0.0000e+00   6.5512e+02   3.9432e+02   0  H  0.00  1   !  -9.99000e+02  -99.000  -99.000  -999
OBS: 6000443  53497.781    67.00   0.0000e+00   5.9421e+02   3.5766e+02   0  H  0.00  1   !  -9.99000e+02  -99.000  -99.000  -999
OBS: 6000443  53499.781    69.00   0.0000e+00   5.4284e+02   3.2674e+02   0  H  0.00  1   !  -9.99000e+02  -99.000  -99.000  -999
OBS: 6000443  53501.781    71.00   0.0000e+00   5.0137e+02   3.0178e+02   0  H  0.00  1   !  -9.99000e+02  -99.000  -99.000  -999
OBS: 6000443  53503.781    73.00   0.0000e+00   4.6997e+02   2.8288e+02   0  H  0.00  1   !  -9.99000e+02  -99.000  -99.000  -999
OBS: 6000443  53505.781    75.00   0.0000e+00   4.4683e+02   2.6895e+02   0  H  0.00  1   !  -9.99000e+02  -99.000  -99.000  -999
OBS: 6000443  53507.781    77.00   0.0000e+00   4.2641e+02   2.5666e+02   0  H  0.00  1   !  -9.99000e+02  -99.000  -99.000  -999
OBS: 6000443  53509.781    79.00   0.0000e+00   4.0593e+02   2.4433e+02   0  H  0.00  1   !  -9.99000e+02  -99.000  -99.000  -999
OBS: 6000443  53511.781    81.00   0.0000e+00   3.9064e+02   2.3513e+02   0  H  0.00  1   !  -9.99000e+02  -99.000  -99.000  -999
OBS: 6000443  53513.781    83.00   0.0000e+00   3.7781e+02   2.2741e+02   0  H  0.00  1   !  -9.99000e+02  -99.000  -99.000  -999
OBS: 6000443  53515.781    85.00   0.0000e+00   3.6565e+02   2.2009e+02   0  H  0.00  1   !  -9.99000e+02  -99.000  -99.000  -999
OBS: 6000443  53517.781    87.00   0.0000e+00   3.5418e+02   2.1318e+02   0  H  0.00  1   !  -9.99000e+02  -99.000  -99.000  -999
OBS: 6000443  53519.781    89.00   0.0000e+00   3.4360e+02   2.0682e+02   0  H  0.00  1   !  -9.99000e+02  -99.000  -99.000  -999
OBS: 6000443  53521.781    91.00   0.0000e+00   3.3409e+02   2.0109e+02   0  H  0.00  1   !  -9.99000e+02  -99.000  -99.000  -999
OBS: 6000443  53523.781    93.00   0.0000e+00   3.2213e+02   1.9390e+02   0  H  0.00  1   !  -9.99000e+02  -99.000  -99.000  -999
OBS: 6000443  53525.781    95.00   0.0000e+00   3.0993e+02   1.8655e+02   0  H  0.00  1   !  -9.99000e+02  -99.000  -99.000  -999
OBS: 6000443  53527.781    97.00   0.0000e+00   2.9819e+02   1.7948e+02   0  H  0.00  1   !  -9.99000e+02  -99.000  -99.000  -999
OBS: 6000443  53529.781    99.00   0.0000e+00   2.8689e+02   1.7268e+02   0  H  0.00  1   !  -9.99000e+02  -99.000  -99.000  -999
OBS: 6000443  53531.781   101.00   0.0000e+00   2.7602e+02   1.6614e+02   0  H  0.00  1   !  -9.99000e+02  -99.000  -99.000  -999
OBS: 6000443  53533.781   103.00   0.0000e+00   2.6556e+02   1.5985e+02   0  H  0.00  1   !  -9.99000e+02  -99.000  -99.000  -999
OBS: 6000443  53535.781   105.00   0.0000e+00   2.5550e+02   1.5379e+02   0  H  0.00  1   !  -9.99000e+02  -99.000  -99.000  -999
OBS: 6000443  53537.781   107.00   0.0000e+00   2.4583e+02   1.4797e+02   0  H  0.00  1   !  -9.99000e+02  -99.000  -99.000  -999
OBS: 6000443  53539.781   109.00   0.0000e+00   2.3652e+02   1.4236e+02   0  H  0.00  1   !  -9.99000e+02  -99.000  -99.000  -999
OBS: 6000443  53541.781   111.00   0.0000e+00   2.2756e+02   1.3697e+02   0  H  0.00  1   !  -9.99000e+02  -99.000  -99.000  -999
OBS: 6000443  53543.781   113.00   0.0000e+00   2.1894e+02   1.3178e+02   0  H  0.00  1   !  -9.99000e+02  -99.000  -99.000  -999
OBS: 6000443  53545.781   115.00   0.0000e+00   2.1065e+02   1.2679e+02   0  H  0.00  1   !  -9.99000e+02  -99.000  -99.000  -999
OBS: 6000443  53547.781   117.00   0.0000e+00   2.0267e+02   1.2199e+02   0  H  0.00  1   !  -9.99000e+02  -99.000  -99.000  -999
OBS: 6000443  53549.781   119.00   0.0000e+00   1.9500e+02   1.1737e+02   0  H  0.00  1   !  -9.99000e+02  -99.000  -99.000  -999
OBS: 6000443  53551.781   121.00   0.0000e+00   1.8762e+02   1.1293e+02   0  H  0.00  1   !  -9.99000e+02  -99.000  -99.000  -999
OBS: 6000443  53553.781   123.00   0.0000e+00   1.8052e+02   1.0865e+02   0  H  0.00  1   !  -9.99000e+02  -99.000  -99.000  -999
OBS: 6000443  53555.781   125.00   0.0000e+00   1.7368e+02   1.0454e+02   0  H  0.00  1   !  -9.99000e+02  -99.000  -99.000  -999
OBS: 6000443  53557.781   127.00   0.0000e+00   1.6711e+02   1.0059e+02   0  H  0.00  1   !  -9.99000e+02  -99.000  -99.000  -999
OBS: 6000443  53559.781   129.00   0.0000e+00   1.6079e+02   9.6778e+01   0  H  0.00  1   !  -9.99000e+02  -99.000  -99.000  -999
OBS: 6000443  53561.781   131.00   0.0000e+00   1.5470e+02   9.3116e+01   0  H  0.00  1   !  -9.99000e+02  -99.000  -99.000  -999
OBS: 6000443  53563.781   133.00   0.0000e+00   1.4885e+02   8.9593e+01   0  H  0.00  1   !  -9.99000e+02  -99.000  -99.000  -999
OBS: 6000443  53565.781   135.00   0.0000e+00   1.4321e+02   8.6203e+01   0  H  0.00  1   !  -9.99000e+02  -99.000  -99.000  -999
OBS: 6000443  53567.781   137.00   0.0000e+00   1.3780e+02   8.2941e+01   0  H  0.00  1   !  -9.99000e+02  -99.000  -99.000  -999
OBS: 6000443  53569.781   139.00   0.0000e+00   1.3258e+02   7.9803e+01   0  H  0.00  1   !  -9.99000e+02  -99.000  -99.000  -999
