VARNAMES: CID MJD Tobs SIM_FLUXCAL FLUXCAL FLUXCAL_ERR DATAFLAG BAND CHI2 IFIT BAND_REST FLUX_REST KCOR AVWARP SIM_FLUX_REST 
OBS: 5999702  53817.781    -9.93   2.8460e+03   1.8625e+03   5.3024e+02   1  J  3.45  1   J  1.23452e+18  -0.183  -0.340  1.00000e+11
OBS: 5999702  53817.789    -9.92   2.8496e+03   3.2179e+03   5.4090e+02   1  J  0.42  1   J  2.13324e+18  -0.183  -0.340  1.00000e+11
OBS: 5999702  53820.820    -6.89   3.6462e+03   4.2296e+03   7.1119e+02   1  J  0.61  1   J  2.89911e+18  -0.147  -0.235  1.00000e+11
OBS: 5999702  53820.828    -6.88   3.6479e+03   4.2023e+03   5.8714e+02   1  J  0.80  1   J  2.88055e+18  -0.147  -0.234  1.00000e+11
OBS: 5999702  53822.750    -4.96   3.8484e+03   3.8245e+03   5.1542e+02   1  J  0.01  1   J  2.63788e+18  -0.140  -0.180  1.00000e+11
OBS: 5999702  53822.789    -4.92   3.8494e+03   3.6270e+03   5.6451e+02   1  J  0.20  1   J  2.50187e+18  -0.140  -0.179  1.00000e+11
OBS: 5999702  53826.641    -1.07   3.5355e+03   3.1819e+03   5.3142e+02   1  J  0.52  1   J  2.19502e+18  -0.140  -0.005  1.00000e+11
OBS: 5999702  53826.648    -1.06   3.5335e+03   3.8675e+03   6.0808e+02   1  J  0.24  1   J  2.66789e+18  -0.140  -0.003  1.00000e+11
OBS: 5999702  53829.672     1.96   2.8690e+03   2.1947e+03   7.3782e+02   1  J  0.90  1   J  1.58611e+18  -0.089  0.806  1.00000e+11
OBS: 5999702  53829.680     1.97   2.8668e+03   3.2953e+03   5.6091e+02   1  J  0.51  1   J  2.38198e+18  -0.089  0.809  1.00000e+11
OBS: 5999702  53830.641     2.93   2.6494e+03   2.0606e+03   5.5463e+02   1  J  1.21  1   J  1.50773e+18  -0.076  1.096  1.00000e+11
OBS: 5999702  53830.641     2.93   2.6494e+03   2.5301e+03   5.7676e+02   1  J  0.06  1   J  1.85124e+18  -0.076  1.096  1.00000e+11
OBS: 5999702  53833.641     5.93   1.9971e+03   1.9260e+03   3.2191e+02   1  J  0.08  1   J  1.37157e+18  -0.105  1.515  1.00000e+11
OBS: 5999702  53833.648     5.94   1.9949e+03   2.2975e+03   3.2057e+02   1  J  0.75  1   J  1.63585e+18  -0.105  1.515  1.00000e+11
OBS: 5999702  53835.578     7.87   1.5718e+03   1.5410e+03   2.5884e+02   1  J  0.03  1   J  1.05656e+18  -0.146  1.170  1.00000e+11
OBS: 5999702  53835.578     7.87   1.5718e+03   1.4941e+03   2.5671e+02   1  J  0.13  1   J  1.02439e+18  -0.146  1.170  1.00000e+11
OBS: 5999702  53837.730    10.02   1.2059e+03   8.8055e+02   5.9171e+02   1  J  0.32  1   J  5.72602e+17  -0.204  0.346  1.00000e+11
OBS: 5999702  53837.738    10.03   1.2045e+03   1.9034e+03   5.1322e+02   1  J  1.76  1   J  1.23749e+18  -0.204  0.342  1.00000e+11
OBS: 5999702  53839.629    11.92   9.9490e+02   1.4928e+03   4.7431e+02   1  J  1.04  1   J  9.48056e+17  -0.230  -0.336  1.00000e+11
OBS: 5999702  53839.641    11.93   9.9426e+02   7.2542e+02   4.6698e+02   1  J  0.35  1   J  4.60601e+17  -0.230  -0.339  1.00000e+11
OBS: 5999702  53843.660    15.95   9.1857e+02   8.4174e+02   1.4376e+02   1  J  0.26  1   J  4.77606e+17  -0.352  -1.065  1.00000e+11
OBS: 5999702  53843.672    15.96   9.1872e+02   9.9370e+02   1.5019e+02   1  J  0.16  1   J  5.63795e+17  -0.352  -1.064  1.00000e+11
OBS: 5999702  53845.602    17.89   9.5944e+02   1.1446e+03   1.7219e+02   1  J  0.85  1   J  6.42625e+17  -0.363  -0.943  1.00000e+11
OBS: 5999702  53845.621    17.91   9.6000e+02   1.1666e+03   1.6471e+02   1  J  1.15  1   J  6.54906e+17  -0.363  -0.942  1.00000e+11
OBS: 5999702  53848.648    20.94   1.0857e+03   1.7166e+03   6.6764e+02   1  J  0.86  1   J  9.44919e+17  -0.385  -0.878  1.00000e+11
OBS: 5999702  53848.660    20.95   1.0862e+03   7.0226e+02   5.8906e+02   1  J  0.43  1   J  3.86524e+17  -0.385  -0.877  1.00000e+11
OBS: 5999702  53851.609    23.90   1.3197e+03   1.3706e+03   4.6112e+02   1  J  0.01  1   J  7.23005e+17  -0.431  -0.392  1.00000e+11
OBS: 5999702  53855.590    27.88   1.6006e+03   1.0770e+03   3.6746e+02   1  J  1.98  1   J  5.40654e+17  -0.485  -0.433  1.00000e+11
OBS: 5999702  53855.602    27.89   1.6009e+03   1.5998e+03   6.2467e+02   1  J  0.00  1   J  8.02982e+17  -0.485  -0.435  1.00000e+11
OBS: 5999702  53860.680    32.97   1.6500e+03   1.3995e+03   5.8976e+02   1  J  0.20  1   J  6.98340e+17  -0.491  -0.435  1.00000e+11
OBS: 5999702  53860.680    32.97   1.6500e+03   1.9571e+03   7.5846e+02   1  J  0.15  1   J  9.76553e+17  -0.491  -0.435  1.00000e+11
OBS: 5999702  53864.590    36.88   1.6330e+03   1.5377e+03   3.8120e+02   1  J  0.08  1   J  7.41980e+17  -0.528  0.117  1.00000e+11
OBS: 5999702  53864.602    36.89   1.6327e+03   1.4401e+03   3.3869e+02   1  J  0.34  1   J  6.94828e+17  -0.528  0.117  1.00000e+11
OBS: 5999702  53869.590    41.88   1.1851e+03   9.8596e+02   3.3286e+02   1  J  0.35  1   J  4.56039e+17  -0.574  -0.300  1.00000e+11
OBS: 5999702  53869.602    41.89   1.1840e+03   1.4947e+03   3.2729e+02   1  J  0.72  1   J  6.91257e+17  -0.574  -0.302  1.00000e+11
OBS: 5999702  53768.711   -59.00   0.0000e+00   0.0000e+00   0.0000e+00   0  J  0.00  1   !  -9.99000e+02  -99.000  -99.000  -999
OBS: 5999702  53770.711   -57.00   0.0000e+00   0.0000e+00   0.0000e+00   0  J  0.00  1   !  -9.99000e+02  -99.000  -99.000  -999
OBS: 5999702  53772.711   -55.00   0.0000e+00   0.0000e+00   0.0000e+00   0  J  0.00  1   !  -9.99000e+02  -99.000  -99.000  -999
OBS: 5999702  53774.711   -53.00   0.0000e+00   0.0000e+00   0.0000e+00   0  J  0.00  1   !  -9.99000e+02  -99.000  -99.000  -999
OBS: 5999702  53776.711   -51.00   0.0000e+00   0.0000e+00   0.0000e+00   0  J  0.00  1   !  -9.99000e+02  -99.000  -99.000  -999
OBS: 5999702  53778.711   -49.00   0.0000e+00   0.0000e+00   0.0000e+00   0  J  0.00  1   !  -9.99000e+02  -99.000  -99.000  -999
OBS: 5999702  53780.711   -47.00   0.0000e+00   0.0000e+00   0.0000e+00   0  J  0.00  1   !  -9.99000e+02  -99.000  -99.000  -999
OBS: 5999702  53782.711   -45.00   0.0000e+00   0.0000e+00   0.0000e+00   0  J  0.00  1   !  -9.99000e+02  -99.000  -99.000  -999
OBS: 5999702  53784.711   -43.00   0.0000e+00   0.0000e+00   0.0000e+00   0  J  0.00  1   !  -9.99000e+02  -99.000  -99.000  -999
OBS: 5999702  53786.711   -41.00   0.0000e+00   0.0000e+00   0.0000e+00   0  J  0.00  1   !  -9.99000e+02  -99.000  -99.000  -999
OBS: 5999702  53788.711   -39.00   0.0000e+00   0.0000e+00   0.0000e+00   0  J  0.00  1   !  -9.99000e+02  -99.000  -99.000  -999
OBS: 5999702  53790.711   -37.00   0.0000e+00   0.0000e+00   0.0000e+00   0  J  0.00  1   !  -9.99000e+02  -99.000  -99.000  -999
OBS: 5999702  53792.711   -35.00   0.0000e+00   0.0000e+00   0.0000e+00   0  J  0.00  1   !  -9.99000e+02  -99.000  -99.000  -999
OBS: 5999702  53794.711   -33.00   0.0000e+00   0.0000e+00   0.0000e+00   0  J  0.00  1   !  -9.99000e+02  -99.000  -99.000  -999
OBS: 5999702  53796.711   -31.00   0.0000e+00   0.0000e+00   0.0000e+00   0  J  0.00  1   !  -9.99000e+02  -99.000  -99.000  -999
OBS: 5999702  53798.711   -29.00   0.0000e+00   0.0000e+00   0.0000e+00   0  J  0.00  1   !  -9.99000e+02  -99.000  -99.000  -999
OBS: 5999702  53800.711   -27.00   0.0000e+00   0.0000e+00   0.0000e+00   0  J  0.00  1   !  -9.99000e+02  -99.000  -99.000  -999
OBS: 5999702  53802.711   -25.00   0.0000e+00   0.0000e+00   0.0000e+00   0  J  0.00  1   !  -9.99000e+02  -99.000  -99.000  -999
OBS: 5999702  53804.711   -23.00   0.0000e+00   0.0000e+00   0.0000e+00   0  J  0.00  1   !  -9.99000e+02  -99.000  -99.000  -999
OBS: 5999702  53806.711   -21.00   0.0000e+00   3.6078e+02   2.1716e+02   0  J  0.00  1   !  -9.99000e+02  -99.000  -99.000  -999
OBS: 5999702  53808.711   -19.00   0.0000e+00   4.6429e+02   2.7946e+02   0  J  0.00  1   !  -9.99000e+02  -99.000  -99.000  -999
OBS: 5999702  53810.711   -17.00   0.0000e+00   4.6563e+02   2.8027e+02   0  J  0.00  1   !  -9.99000e+02  -99.000  -99.000  -999
OBS: 5999702  53812.711   -15.00   0.0000e+00   7.9610e+02   2.5321e+02   0  J  0.00  1   !  -9.99000e+02  -99.000  -99.000  -999
OBS: 5999702  53814.711   -13.00   0.0000e+00   1.6303e+03   1.1667e+02   0  J  0.00  1   !  -9.99000e+02  -99.000  -99.000  -999
OBS: 5999702  53816.711   -11.00   0.0000e+00   2.4661e+03   8.4356e+01   0  J  0.00  1   !  -9.99000e+02  -99.000  -99.000  -999
OBS: 5999702  53818.711    -9.00   0.0000e+00   3.1669e+03   8.5338e+01   0  J  0.00  1   !  -9.99000e+02  -99.000  -99.000  -999
OBS: 5999702  53820.711    -7.00   0.0000e+00   3.6524e+03   6.4013e+01   0  J  0.00  1   !  -9.99000e+02  -99.000  -99.000  -999
OBS: 5999702  53822.711    -5.00   0.0000e+00   3.8775e+03   5.8940e+01   0  J  0.00  1   !  -9.99000e+02  -99.000  -99.000  -999
OBS: 5999702  53824.711    -3.00   0.0000e+00   3.8150e+03   6.3786e+01   0  J  0.00  1   !  -9.99000e+02  -99.000  -99.000  -999
OBS: 5999702  53826.711    -1.00   0.0000e+00   3.5533e+03   6.6906e+01   0  J  0.00  1   !  -9.99000e+02  -99.000  -99.000  -999
OBS: 5999702  53828.711     1.00   0.0000e+00   3.1198e+03   6.3281e+01   0  J  0.00  1   !  -9.99000e+02  -99.000  -99.000  -999
OBS: 5999702  53830.711     3.00   0.0000e+00   2.6590e+03   6.3834e+01   0  J  0.00  1   !  -9.99000e+02  -99.000  -99.000  -999
OBS: 5999702  53832.711     5.00   0.0000e+00   2.2249e+03   6.0898e+01   0  J  0.00  1   !  -9.99000e+02  -99.000  -99.000  -999
OBS: 5999702  53834.711     7.00   0.0000e+00   1.7751e+03   5.9984e+01   0  J  0.00  1   !  -9.99000e+02  -99.000  -99.000  -999
OBS: 5999702  53836.711     9.00   0.0000e+00   1.3760e+03   6.2338e+01   0  J  0.00  1   !  -9.99000e+02  -99.000  -99.000  -999
OBS: 5999702  53838.711    11.00   0.0000e+00   1.0932e+03   7.0854e+01   0  J  0.00  1   !  -9.99000e+02  -99.000  -99.000  -999
OBS: 5999702  53840.711    13.00   0.0000e+00   9.4616e+02   7.8437e+01   0  J  0.00  1   !  -9.99000e+02  -99.000  -99.000  -999
OBS: 5999702  53842.711    15.00   0.0000e+00   9.2213e+02   7.9825e+01   0  J  0.00  1   !  -9.99000e+02  -99.000  -99.000  -999
OBS: 5999702  53844.711    17.00   0.0000e+00   9.4204e+02   8.2495e+01   0  J  0.00  1   !  -9.99000e+02  -99.000  -99.000  -999
OBS: 5999702  53846.711    19.00   0.0000e+00   1.0060e+03   9.2135e+01   0  J  0.00  1   !  -9.99000e+02  -99.000  -99.000  -999
OBS: 5999702  53848.711    21.00   0.0000e+00   1.0969e+03   8.7863e+01   0  J  0.00  1   !  -9.99000e+02  -99.000  -99.000  -999
OBS: 5999702  53850.711    23.00   0.0000e+00   1.2485e+03   9.4292e+01   0  J  0.00  1   !  -9.99000e+02  -99.000  -99.000  -999
OBS: 5999702  53852.711    25.00   0.0000e+00   1.4235e+03   1.0275e+02   0  J  0.00  1   !  -9.99000e+02  -99.000  -99.000  -999
OBS: 5999702  53854.711    27.00   0.0000e+00   1.5667e+03   9.9632e+01   0  J  0.00  1   !  -9.99000e+02  -99.000  -99.000  -999
OBS: 5999702  53856.711    29.00   0.0000e+00   1.6469e+03   1.0660e+02   0  J  0.00  1   !  -9.99000e+02  -99.000  -99.000  -999
OBS: 5999702  53858.711    31.00   0.0000e+00   1.6625e+03   1.0642e+02   0  J  0.00  1   !  -9.99000e+02  -99.000  -99.000  -999
OBS: 5999702  53860.711    33.00   0.0000e+00   1.6638e+03   9.4556e+01   0  J  0.00  1   !  -9.99000e+02  -99.000  -99.000  -999
OBS: 5999702  53862.711    35.00   0.0000e+00   1.6854e+03   9.4600e+01   0  J  0.00  1   !  -9.99000e+02  -99.000  -99.000  -999
OBS: 5999702  53864.711    37.00   0.0000e+00   1.6431e+03   9.7148e+01   0  J  0.00  1   !  -9.99000e+02  -99.000  -99.000  -999
OBS: 5999702  53866.711    39.00   0.0000e+00   1.4939e+03   1.2262e+02   0  J  0.00  1   !  -9.99000e+02  -99.000  -99.000  -999
OBS: 5999702  53868.711    41.00   0.0000e+00   1.2914e+03   1.3123e+02   0  J  0.00  1   !  -9.99000e+02  -99.000  -99.000  -999
OBS: 5999702  53870.711    43.00   0.0000e+00   1.0782e+03   1.2115e+02   0  J  0.00  1   !  -9.99000e+02  -99.000  -99.000  -999
OBS: 5999702  53872.711    45.00   0.0000e+00   8.9788e+02   1.2253e+02   0  J  0.00  1   !  -9.99000e+02  -99.000  -99.000  -999
OBS: 5999702  53874.711    47.00   0.0000e+00   7.9723e+02   1.3831e+02   0  J  0.00  1   !  -9.99000e+02  -99.000  -99.000  -999
OBS: 5999702  53876.711    49.00   0.0000e+00   7.3906e+02   1.4311e+02   0  J  0.00  1   !  -9.99000e+02  -99.000  -99.000  -999
OBS: 5999702  53878.711    51.00   0.0000e+00   6.7263e+02   1.6136e+02   0  J  0.00  1   !  -9.99000e+02  -99.000  -99.000  -999
OBS: 5999702  53880.711    53.00   0.0000e+00   5.9400e+02   1.8538e+02   0  J  0.00  1   !  -9.99000e+02  -99.000  -99.000  -999
OBS: 5999702  53882.711    55.00   0.0000e+00   5.2658e+02   3.1695e+02   0  J  0.00  1   !  -9.99000e+02  -99.000  -99.000  -999
OBS: 5999702  53884.711    57.00   0.0000e+00   4.7179e+02   2.8398e+02   0  J  0.00  1   !  -9.99000e+02  -99.000  -99.000  -999
OBS: 5999702  53886.711    59.00   0.0000e+00   4.1775e+02   2.5145e+02   0  J  0.00  1   !  -9.99000e+02  -99.000  -99.000  -999
OBS: 5999702  53888.711    61.00   0.0000e+00   3.6731e+02   2.2109e+02   0  J  0.00  1   !  -9.99000e+02  -99.000  -99.000  -999
OBS: 5999702  53890.711    63.00   0.0000e+00   3.2724e+02   1.9697e+02   0  J  0.00  1   !  -9.99000e+02  -99.000  -99.000  -999
OBS: 5999702  53892.711    65.00   0.0000e+00   2.6445e+02   1.5918e+02   0  J  0.00  1   !  -9.99000e+02  -99.000  -99.000  -999
OBS: 5999702  53894.711    67.00   0.0000e+00   2.1075e+02   1.2685e+02   0  J  0.00  1   !  -9.99000e+02  -99.000  -99.000  -999
OBS: 5999702  53896.711    69.00   0.0000e+00   1.7661e+02   1.0631e+02   0  J  0.00  1   !  -9.99000e+02  -99.000  -99.000  -999
OBS: 5999702  53898.711    71.00   0.0000e+00   1.5141e+02   9.1134e+01   0  J  0.00  1   !  -9.99000e+02  -99.000  -99.000  -999
OBS: 5999702  53900.711    73.00   0.0000e+00   1.2991e+02   7.8193e+01   0  J  0.00  1   !  -9.99000e+02  -99.000  -99.000  -999
OBS: 5999702  53902.711    75.00   0.0000e+00   1.1012e+02   6.6285e+01   0  J  0.00  1   !  -9.99000e+02  -99.000  -99.000  -999
OBS: 5999702  53904.711    77.00   0.0000e+00   9.1536e+01   5.5097e+01   0  J  0.00  1   !  -9.99000e+02  -99.000  -99.000  -999
OBS: 5999702  53906.711    79.00   0.0000e+00   7.5818e+01   4.5636e+01   0  J  0.00  1   !  -9.99000e+02  -99.000  -99.000  -999
OBS: 5999702  53908.711    81.00   0.0000e+00   6.6696e+01   4.0145e+01   0  J  0.00  1   !  -9.99000e+02  -99.000  -99.000  -999
OBS: 5999702  53910.711    83.00   0.0000e+00   5.8630e+01   3.5290e+01   0  J  0.00  1   !  -9.99000e+02  -99.000  -99.000  -999
OBS: 5999702  53912.711    85.00   0.0000e+00   5.1477e+01   3.0985e+01   0  J  0.00  1   !  -9.99000e+02  -99.000  -99.000  -999
OBS: 5999702  53914.711    87.00   0.0000e+00   4.5106e+01   2.7150e+01   0  J  0.00  1   !  -9.99000e+02  -99.000  -99.000  -999
OBS: 5999702  53916.711    89.00   0.0000e+00   3.9426e+01   2.3731e+01   0  J  0.00  1   !  -9.99000e+02  -99.000  -99.000  -999
OBS: 5999702  53918.711    91.00   0.0000e+00   3.4597e+01   2.0824e+01   0  J  0.00  1   !  -9.99000e+02  -99.000  -99.000  -999
OBS: 5999702  53920.711    93.00   0.0000e+00   3.0685e+01   1.8470e+01   0  J  0.00  1   !  -9.99000e+02  -99.000  -99.000  -999
OBS: 5999702  53922.711    95.00   0.0000e+00   2.7009e+01   1.6257e+01   0  J  0.00  1   !  -9.99000e+02  -99.000  -99.000  -999
OBS: 5999702  53924.711    97.00   0.0000e+00   2.3649e+01   1.4235e+01   0  J  0.00  1   !  -9.99000e+02  -99.000  -99.000  -999
OBS: 5999702  53926.711    99.00   0.0000e+00   2.0707e+01   1.2464e+01   0  J  0.00  1   !  -9.99000e+02  -99.000  -99.000  -999
OBS: 5999702  53928.711   101.00   0.0000e+00   1.8152e+01   1.0926e+01   0  J  0.00  1   !  -9.99000e+02  -99.000  -99.000  -999
OBS: 5999702  53930.711   103.00   0.0000e+00   1.5913e+01   9.5782e+00   0  J  0.00  1   !  -9.99000e+02  -99.000  -99.000  -999
OBS: 5999702  53932.711   105.00   0.0000e+00   1.3950e+01   8.3966e+00   0  J  0.00  1   !  -9.99000e+02  -99.000  -99.000  -999
OBS: 5999702  53934.711   107.00   0.0000e+00   1.2229e+01   7.3607e+00   0  J  0.00  1   !  -9.99000e+02  -99.000  -99.000  -999
OBS: 5999702  53936.711   109.00   0.0000e+00   1.0720e+01   6.4527e+00   0  J  0.00  1   !  -9.99000e+02  -99.000  -99.000  -999
OBS: 5999702  53938.711   111.00   0.0000e+00   9.3978e+00   5.6567e+00   0  J  0.00  1   !  -9.99000e+02  -99.000  -99.000  -999
OBS: 5999702  53940.711   113.00   0.0000e+00   8.2385e+00   4.9588e+00   0  J  0.00  1   !  -9.99000e+02  -99.000  -99.000  -999
OBS: 5999702  53942.711   115.00   0.0000e+00   7.2221e+00   4.3471e+00   0  J  0.00  1   !  -9.99000e+02  -99.000  -99.000  -999
OBS: 5999702  53944.711   117.00   0.0000e+00   6.3312e+00   3.8108e+00   0  J  0.00  1   !  -9.99000e+02  -99.000  -99.000  -999
OBS: 5999702  53946.711   119.00   0.0000e+00   5.5501e+00   3.3407e+00   0  J  0.00  1   !  -9.99000e+02  -99.000  -99.000  -999
OBS: 5999702  53948.711   121.00   0.0000e+00   4.8655e+00   2.9286e+00   0  J  0.00  1   !  -9.99000e+02  -99.000  -99.000  -999
OBS: 5999702  53950.711   123.00   0.0000e+00   4.2652e+00   2.5673e+00   0  J  0.00  1   !  -9.99000e+02  -99.000  -99.000  -999
OBS: 5999702  53952.711   125.00   0.0000e+00   3.7391e+00   2.2506e+00   0  J  0.00  1   !  -9.99000e+02  -99.000  -99.000  -999
OBS: 5999702  53954.711   127.00   0.0000e+00   3.2778e+00   1.9729e+00   0  J  0.00  1   !  -9.99000e+02  -99.000  -99.000  -999
OBS: 5999702  53956.711   129.00   0.0000e+00   2.8734e+00   1.7296e+00   0  J  0.00  1   !  -9.99000e+02  -99.000  -99.000  -999
OBS: 5999702  53958.711   131.00   0.0000e+00   2.5190e+00   1.5162e+00   0  J  0.00  1   !  -9.99000e+02  -99.000  -99.000  -999
OBS: 5999702  53960.711   133.00   0.0000e+00   2.2082e+00   1.3291e+00   0  J  0.00  1   !  -9.99000e+02  -99.000  -99.000  -999
OBS: 5999702  53962.711   135.00   0.0000e+00   1.9358e+00   1.1652e+00   0  J  0.00  1   !  -9.99000e+02  -99.000  -99.000  -999
OBS: 5999702  53964.711   137.00   0.0000e+00   1.6970e+00   1.0214e+00   0  J  0.00  1   !  -9.99000e+02  -99.000  -99.000  -999
OBS: 5999702  53966.711   139.00   0.0000e+00   1.4876e+00   8.9543e-01   0  J  0.00  1   !  -9.99000e+02  -99.000  -99.000  -999
OBS: 5999702  53817.781    -9.93   2.6016e+03   2.5922e+03   4.1836e+02   1  Y  0.00  1   Y  1.80030e+18  -0.132  -0.359  1.00000e+11
OBS: 5999702  53817.789    -9.92   2.6052e+03   2.4042e+03   4.6647e+02   1  Y  0.20  1   Y  1.66952e+18  -0.133  -0.360  1.00000e+11
OBS: 5999702  53820.820    -6.89   3.6109e+03   3.3592e+03   3.9684e+02   1  Y  0.46  1   Y  2.15499e+18  -0.219  -0.778  1.00000e+11
OBS: 5999702  53820.828    -6.88   3.6132e+03   4.0834e+03   5.0853e+02   1  Y  0.76  1   Y  2.61903e+18  -0.219  -0.779  1.00000e+11
OBS: 5999702  53822.750    -4.96   3.8894e+03   4.2875e+03   3.7614e+02   1  Y  0.93  1   Y  2.64337e+18  -0.262  -1.026  1.00000e+11
OBS: 5999702  53826.641    -1.07   3.3642e+03   3.0295e+03   4.1533e+02   1  Y  0.75  1   Y  1.83719e+18  -0.280  -1.584  1.00000e+11
OBS: 5999702  53826.648    -1.06   3.3615e+03   3.8727e+03   4.3723e+02   1  Y  1.17  1   Y  2.34880e+18  -0.280  -1.585  1.00000e+11
OBS: 5999702  53829.672     1.96   2.6832e+03   2.2427e+03   3.7101e+02   1  Y  1.49  1   Y  1.33868e+18  -0.297  -1.811  1.00000e+11
OBS: 5999702  53829.680     1.97   2.6815e+03   3.0921e+03   3.7501e+02   1  Y  1.01  1   Y  1.84536e+18  -0.297  -1.811  1.00000e+11
OBS: 5999702  53830.641     2.93   2.5605e+03   2.7726e+03   3.1972e+02   1  Y  0.33  1   Y  1.60736e+18  -0.329  -1.798  1.00000e+11
OBS: 5999702  53830.641     2.93   2.5605e+03   2.2197e+03   4.1128e+02   1  Y  0.74  1   Y  1.28686e+18  -0.329  -1.798  1.00000e+11
OBS: 5999702  53837.730    10.02   1.9602e+03   2.0716e+03   3.1690e+02   1  Y  0.08  1   Y  1.12342e+18  -0.401  -1.561  1.00000e+11
OBS: 5999702  53837.738    10.03   1.9599e+03   1.8705e+03   4.7411e+02   1  Y  0.05  1   Y  1.01438e+18  -0.401  -1.560  1.00000e+11
OBS: 5999702  53839.629    11.92   1.9224e+03   1.9231e+03   2.3719e+02   1  Y  0.00  1   Y  1.06742e+18  -0.376  -1.344  1.00000e+11
OBS: 5999702  53839.641    11.93   1.9226e+03   2.5241e+03   3.2826e+02   1  Y  2.95  1   Y  1.40107e+18  -0.376  -1.342  1.00000e+11
OBS: 5999702  53848.648    20.94   2.7030e+03   2.8842e+03   3.1767e+02   1  Y  0.24  1   Y  1.63528e+18  -0.353  -0.722  1.00000e+11
OBS: 5999702  53848.660    20.95   2.7038e+03   2.8426e+03   3.3341e+02   1  Y  0.12  1   Y  1.61194e+18  -0.353  -0.722  1.00000e+11
OBS: 5999702  53851.609    23.90   2.8702e+03   2.7184e+03   3.5283e+02   1  Y  0.22  1   Y  1.68666e+18  -0.255  -0.722  1.00000e+11
OBS: 5999702  53851.621    23.91   2.8710e+03   2.8738e+03   3.5258e+02   1  Y  0.00  1   Y  1.78360e+18  -0.255  -0.722  1.00000e+11
OBS: 5999702  53855.590    27.88   3.5774e+03   3.3177e+03   5.0592e+02   1  Y  0.30  1   Y  2.05507e+18  -0.257  -0.628  1.00000e+11
OBS: 5999702  53855.602    27.89   3.5790e+03   3.8163e+03   5.0819e+02   1  Y  0.17  1   Y  2.36404e+18  -0.257  -0.628  1.00000e+11
OBS: 5999702  53860.680    32.97   3.7229e+03   3.6422e+03   4.0510e+02   1  Y  0.07  1   Y  2.48553e+18  -0.152  -0.374  1.00000e+11
OBS: 5999702  53860.680    32.97   3.7229e+03   3.7501e+03   4.2845e+02   1  Y  0.00  1   Y  2.55913e+18  -0.152  -0.374  1.00000e+11
OBS: 5999702  53864.590    36.88   3.2321e+03   3.0252e+03   4.3065e+02   1  Y  0.28  1   Y  2.26815e+18  -0.049  -0.167  1.00000e+11
OBS: 5999702  53864.602    36.89   3.2306e+03   3.8738e+03   4.2232e+02   1  Y  2.06  1   Y  2.90510e+18  -0.049  -0.166  1.00000e+11
OBS: 5999702  53868.641    40.93   2.6862e+03   3.1364e+03   3.9282e+02   1  Y  1.14  1   Y  2.36291e+18  -0.044  -0.326  1.00000e+11
OBS: 5999702  53868.648    40.94   2.6846e+03   2.1935e+03   4.4815e+02   1  Y  1.26  1   Y  1.65249e+18  -0.044  -0.327  1.00000e+11
OBS: 5999702  53869.590    41.88   2.5338e+03   3.0691e+03   4.2749e+02   1  Y  1.40  1   Y  2.30374e+18  -0.048  -0.436  1.00000e+11
OBS: 5999702  53869.602    41.89   2.5322e+03   2.6047e+03   4.0328e+02   1  Y  0.02  1   Y  1.95508e+18  -0.048  -0.437  1.00000e+11
OBS: 5999702  53768.711   -59.00   0.0000e+00   0.0000e+00   0.0000e+00   0  Y  0.00  1   !  -9.99000e+02  -99.000  -99.000  -999
OBS: 5999702  53770.711   -57.00   0.0000e+00   0.0000e+00   0.0000e+00   0  Y  0.00  1   !  -9.99000e+02  -99.000  -99.000  -999
OBS: 5999702  53772.711   -55.00   0.0000e+00   0.0000e+00   0.0000e+00   0  Y  0.00  1   !  -9.99000e+02  -99.000  -99.000  -999
OBS: 5999702  53774.711   -53.00   0.0000e+00   0.0000e+00   0.0000e+00   0  Y  0.00  1   !  -9.99000e+02  -99.000  -99.000  -999
OBS: 5999702  53776.711   -51.00   0.0000e+00   0.0000e+00   0.0000e+00   0  Y  0.00  1   !  -9.99000e+02  -99.000  -99.000  -999
OBS: 5999702  53778.711   -49.00   0.0000e+00   0.0000e+00   0.0000e+00   0  Y  0.00  1   !  -9.99000e+02  -99.000  -99.000  -999
OBS: 5999702  53780.711   -47.00   0.0000e+00   0.0000e+00   0.0000e+00   0  Y  0.00  1   !  -9.99000e+02  -99.000  -99.000  -999
OBS: 5999702  53782.711   -45.00   0.0000e+00   0.0000e+00   0.0000e+00   0  Y  0.00  1   !  -9.99000e+02  -99.000  -99.000  -999
OBS: 5999702  53784.711   -43.00   0.0000e+00   0.0000e+00   0.0000e+00   0  Y  0.00  1   !  -9.99000e+02  -99.000  -99.000  -999
OBS: 5999702  53786.711   -41.00   0.0000e+00   0.0000e+00   0.0000e+00   0  Y  0.00  1   !  -9.99000e+02  -99.000  -99.000  -999
OBS: 5999702  53788.711   -39.00   0.0000e+00   0.0000e+00   0.0000e+00   0  Y  0.00  1   !  -9.99000e+02  -99.000  -99.000  -999
OBS: 5999702  53790.711   -37.00   0.0000e+00   0.0000e+00   0.0000e+00   0  Y  0.00  1   !  -9.99000e+02  -99.000  -99.000  -999
OBS: 5999702  53792.711   -35.00   0.0000e+00   0.0000e+00   0.0000e+00   0  Y  0.00  1   !  -9.99000e+02  -99.000  -99.000  -999
OBS: 5999702  53794.711   -33.00   0.0000e+00   0.0000e+00   0.0000e+00   0  Y  0.00  1   !  -9.99000e+02  -99.000  -99.000  -999
OBS: 5999702  53796.711   -31.00   0.0000e+00   0.0000e+00   0.0000e+00   0  Y  0.00  1   !  -9.99000e+02  -99.000  -99.000  -999
OBS: 5999702  53798.711   -29.00   0.0000e+00   0.0000e+00   0.0000e+00   0  Y  0.00  1   !  -9.99000e+02  -99.000  -99.000  -999
OBS: 5999702  53800.711   -27.00   0.0000e+00   0.0000e+00   0.0000e+00   0  Y  0.00  1   !  -9.99000e+02  -99.000  -99.000  -999
OBS: 5999702  53802.711   -25.00   0.0000e+00   0.0000e+00   0.0000e+00   0  Y  0.00  1   !  -9.99000e+02  -99.000  -99.000  -999
OBS: 5999702  53804.711   -23.00   0.0000e+00   0.0000e+00   0.0000e+00   0  Y  0.00  1   !  -9.99000e+02  -99.000  -99.000  -999
OBS: 5999702  53806.711   -21.00   0.0000e+00   4.2105e+02   2.5344e+02   0  Y  0.00  1   !  -9.99000e+02  -99.000  -99.000  -999
OBS: 5999702  53808.711   -19.00   0.0000e+00   3.5253e+02   2.1219e+02   0  Y  0.00  1   !  -9.99000e+02  -99.000  -99.000  -999
OBS: 5999702  53810.711   -17.00   0.0000e+00   3.5083e+02   2.1117e+02   0  Y  0.00  1   !  -9.99000e+02  -99.000  -99.000  -999
OBS: 5999702  53812.711   -15.00   0.0000e+00   5.8247e+02   1.6292e+02   0  Y  0.00  1   !  -9.99000e+02  -99.000  -99.000  -999
OBS: 5999702  53814.711   -13.00   0.0000e+00   1.4277e+03   9.7634e+01   0  Y  0.00  1   !  -9.99000e+02  -99.000  -99.000  -999
OBS: 5999702  53816.711   -11.00   0.0000e+00   2.2142e+03   7.9857e+01   0  Y  0.00  1   !  -9.99000e+02  -99.000  -99.000  -999
OBS: 5999702  53818.711    -9.00   0.0000e+00   2.9535e+03   8.3300e+01   0  Y  0.00  1   !  -9.99000e+02  -99.000  -99.000  -999
OBS: 5999702  53820.711    -7.00   0.0000e+00   3.6085e+03   7.7169e+01   0  Y  0.00  1   !  -9.99000e+02  -99.000  -99.000  -999
OBS: 5999702  53822.711    -5.00   0.0000e+00   3.9162e+03   7.6684e+01   0  Y  0.00  1   !  -9.99000e+02  -99.000  -99.000  -999
OBS: 5999702  53824.711    -3.00   0.0000e+00   3.8436e+03   7.9424e+01   0  Y  0.00  1   !  -9.99000e+02  -99.000  -99.000  -999
OBS: 5999702  53826.711    -1.00   0.0000e+00   3.3757e+03   8.0361e+01   0  Y  0.00  1   !  -9.99000e+02  -99.000  -99.000  -999
OBS: 5999702  53828.711     1.00   0.0000e+00   2.8820e+03   8.2306e+01   0  Y  0.00  1   !  -9.99000e+02  -99.000  -99.000  -999
OBS: 5999702  53830.711     3.00   0.0000e+00   2.5739e+03   9.1787e+01   0  Y  0.00  1   !  -9.99000e+02  -99.000  -99.000  -999
OBS: 5999702  53832.711     5.00   0.0000e+00   2.3202e+03   9.3391e+01   0  Y  0.00  1   !  -9.99000e+02  -99.000  -99.000  -999
OBS: 5999702  53834.711     7.00   0.0000e+00   2.1086e+03   9.0625e+01   0  Y  0.00  1   !  -9.99000e+02  -99.000  -99.000  -999
OBS: 5999702  53836.711     9.00   0.0000e+00   1.9970e+03   9.1553e+01   0  Y  0.00  1   !  -9.99000e+02  -99.000  -99.000  -999
OBS: 5999702  53838.711    11.00   0.0000e+00   1.9496e+03   9.5712e+01   0  Y  0.00  1   !  -9.99000e+02  -99.000  -99.000  -999
OBS: 5999702  53840.711    13.00   0.0000e+00   1.9647e+03   9.7746e+01   0  Y  0.00  1   !  -9.99000e+02  -99.000  -99.000  -999
OBS: 5999702  53842.711    15.00   0.0000e+00   2.0879e+03   9.6855e+01   0  Y  0.00  1   !  -9.99000e+02  -99.000  -99.000  -999
OBS: 5999702  53844.711    17.00   0.0000e+00   2.2969e+03   9.7377e+01   0  Y  0.00  1   !  -9.99000e+02  -99.000  -99.000  -999
OBS: 5999702  53846.711    19.00   0.0000e+00   2.5217e+03   1.0083e+02   0  Y  0.00  1   !  -9.99000e+02  -99.000  -99.000  -999
OBS: 5999702  53848.711    21.00   0.0000e+00   2.7270e+03   1.0647e+02   0  Y  0.00  1   !  -9.99000e+02  -99.000  -99.000  -999
OBS: 5999702  53850.711    23.00   0.0000e+00   2.8333e+03   1.1062e+02   0  Y  0.00  1   !  -9.99000e+02  -99.000  -99.000  -999
OBS: 5999702  53852.711    25.00   0.0000e+00   3.0347e+03   1.1702e+02   0  Y  0.00  1   !  -9.99000e+02  -99.000  -99.000  -999
OBS: 5999702  53854.711    27.00   0.0000e+00   3.4322e+03   1.1817e+02   0  Y  0.00  1   !  -9.99000e+02  -99.000  -99.000  -999
OBS: 5999702  53856.711    29.00   0.0000e+00   3.7495e+03   1.1517e+02   0  Y  0.00  1   !  -9.99000e+02  -99.000  -99.000  -999
OBS: 5999702  53858.711    31.00   0.0000e+00   3.8275e+03   1.0917e+02   0  Y  0.00  1   !  -9.99000e+02  -99.000  -99.000  -999
OBS: 5999702  53860.711    33.00   0.0000e+00   3.7475e+03   1.0091e+02   0  Y  0.00  1   !  -9.99000e+02  -99.000  -99.000  -999
OBS: 5999702  53862.711    35.00   0.0000e+00   3.5305e+03   8.9476e+01   0  Y  0.00  1   !  -9.99000e+02  -99.000  -99.000  -999
OBS: 5999702  53864.711    37.00   0.0000e+00   3.2386e+03   8.7126e+01   0  Y  0.00  1   !  -9.99000e+02  -99.000  -99.000  -999
OBS: 5999702  53866.711    39.00   0.0000e+00   2.9898e+03   8.9658e+01   0  Y  0.00  1   !  -9.99000e+02  -99.000  -99.000  -999
OBS: 5999702  53868.711    41.00   0.0000e+00   2.6957e+03   8.5739e+01   0  Y  0.00  1   !  -9.99000e+02  -99.000  -99.000  -999
OBS: 5999702  53870.711    43.00   0.0000e+00   2.3720e+03   8.7539e+01   0  Y  0.00  1   !  -9.99000e+02  -99.000  -99.000  -999
OBS: 5999702  53872.711    45.00   0.0000e+00   2.0868e+03   9.4630e+01   0  Y  0.00  1   !  -9.99000e+02  -99.000  -99.000  -999
OBS: 5999702  53874.711    47.00   0.0000e+00   1.8698e+03   9.9312e+01   0  Y  0.00  1   !  -9.99000e+02  -99.000  -99.000  -999
OBS: 5999702  53876.711    49.00   0.0000e+00   1.6857e+03   9.3358e+01   0  Y  0.00  1   !  -9.99000e+02  -99.000  -99.000  -999
OBS: 5999702  53878.711    51.00   0.0000e+00   1.5159e+03   8.9248e+01   0  Y  0.00  1   !  -9.99000e+02  -99.000  -99.000  -999
OBS: 5999702  53880.711    53.00   0.0000e+00   1.3513e+03   9.1602e+01   0  Y  0.00  1   !  -9.99000e+02  -99.000  -99.000  -999
OBS: 5999702  53882.711    55.00   0.0000e+00   1.1927e+03   7.1789e+02   0  Y  0.00  1   !  -9.99000e+02  -99.000  -99.000  -999
OBS: 5999702  53884.711    57.00   0.0000e+00   1.0710e+03   6.4466e+02   0  Y  0.00  1   !  -9.99000e+02  -99.000  -99.000  -999
OBS: 5999702  53886.711    59.00   0.0000e+00   9.8937e+02   5.9552e+02   0  Y  0.00  1   !  -9.99000e+02  -99.000  -99.000  -999
OBS: 5999702  53888.711    61.00   0.0000e+00   9.1583e+02   5.5125e+02   0  Y  0.00  1   !  -9.99000e+02  -99.000  -99.000  -999
OBS: 5999702  53890.711    63.00   0.0000e+00   8.5382e+02   5.1392e+02   0  Y  0.00  1   !  -9.99000e+02  -99.000  -99.000  -999
OBS: 5999702  53892.711    65.00   0.0000e+00   7.4680e+02   4.4951e+02   0  Y  0.00  1   !  -9.99000e+02  -99.000  -99.000  -999
OBS: 5999702  53894.711    67.00   0.0000e+00   6.3039e+02   3.7944e+02   0  Y  0.00  1   !  -9.99000e+02  -99.000  -99.000  -999
OBS: 5999702  53896.711    69.00   0.0000e+00   5.4291e+02   3.2678e+02   0  Y  0.00  1   !  -9.99000e+02  -99.000  -99.000  -999
OBS: 5999702  53898.711    71.00   0.0000e+00   4.7891e+02   2.8826e+02   0  Y  0.00  1   !  -9.99000e+02  -99.000  -99.000  -999
OBS: 5999702  53900.711    73.00   0.0000e+00   4.3320e+02   2.6075e+02   0  Y  0.00  1   !  -9.99000e+02  -99.000  -99.000  -999
OBS: 5999702  53902.711    75.00   0.0000e+00   4.0034e+02   2.4097e+02   0  Y  0.00  1   !  -9.99000e+02  -99.000  -99.000  -999
OBS: 5999702  53904.711    77.00   0.0000e+00   3.7417e+02   2.2522e+02   0  Y  0.00  1   !  -9.99000e+02  -99.000  -99.000  -999
OBS: 5999702  53906.711    79.00   0.0000e+00   3.4952e+02   2.1038e+02   0  Y  0.00  1   !  -9.99000e+02  -99.000  -99.000  -999
OBS: 5999702  53908.711    81.00   0.0000e+00   3.1597e+02   1.9019e+02   0  Y  0.00  1   !  -9.99000e+02  -99.000  -99.000  -999
OBS: 5999702  53910.711    83.00   0.0000e+00   2.8597e+02   1.7213e+02   0  Y  0.00  1   !  -9.99000e+02  -99.000  -99.000  -999
OBS: 5999702  53912.711    85.00   0.0000e+00   2.5932e+02   1.5609e+02   0  Y  0.00  1   !  -9.99000e+02  -99.000  -99.000  -999
OBS: 5999702  53914.711    87.00   0.0000e+00   2.3564e+02   1.4183e+02   0  Y  0.00  1   !  -9.99000e+02  -99.000  -99.000  -999
OBS: 5999702  53916.711    89.00   0.0000e+00   2.1476e+02   1.2927e+02   0  Y  0.00  1   !  -9.99000e+02  -99.000  -99.000  -999
OBS: 5999702  53918.711    91.00   0.0000e+00   1.9498e+02   1.1736e+02   0  Y  0.00  1   !  -9.99000e+02  -99.000  -99.000  -999
OBS: 5999702  53920.711    93.00   0.0000e+00   1.7508e+02   1.0538e+02   0  Y  0.00  1   !  -9.99000e+02  -99.000  -99.000  -999
OBS: 5999702  53922.711    95.00   0.0000e+00   1.5722e+02   9.4632e+01   0  Y  0.00  1   !  -9.99000e+02  -99.000  -99.000  -999
OBS: 5999702  53924.711    97.00   0.0000e+00   1.4117e+02   8.4974e+01   0  Y  0.00  1   !  -9.99000e+02  -99.000  -99.000  -999
OBS: 5999702  53926.711    99.00   0.0000e+00   1.2676e+02   7.6301e+01   0  Y  0.00  1   !  -9.99000e+02  -99.000  -99.000  -999
OBS: 5999702  53928.711   101.00   0.0000e+00   1.1382e+02   6.8512e+01   0  Y  0.00  1   !  -9.99000e+02  -99.000  -99.000  -999
OBS: 5999702  53930.711   103.00   0.0000e+00   1.0220e+02   6.1517e+01   0  Y  0.00  1   !  -9.99000e+02  -99.000  -99.000  -999
OBS: 5999702  53932.711   105.00   0.0000e+00   9.1766e+01   5.5235e+01   0  Y  0.00  1   !  -9.99000e+02  -99.000  -99.000  -999
OBS: 5999702  53934.711   107.00   0.0000e+00   8.2394e+01   4.9594e+01   0  Y  0.00  1   !  -9.99000e+02  -99.000  -99.000  -999
OBS: 5999702  53936.711   109.00   0.0000e+00   7.3979e+01   4.4529e+01   0  Y  0.00  1   !  -9.99000e+02  -99.000  -99.000  -999
OBS: 5999702  53938.711   111.00   0.0000e+00   6.6422e+01   3.9980e+01   0  Y  0.00  1   !  -9.99000e+02  -99.000  -99.000  -999
OBS: 5999702  53940.711   113.00   0.0000e+00   5.9636e+01   3.5896e+01   0  Y  0.00  1   !  -9.99000e+02  -99.000  -99.000  -999
OBS: 5999702  53942.711   115.00   0.0000e+00   5.3548e+01   3.2231e+01   0  Y  0.00  1   !  -9.99000e+02  -99.000  -99.000  -999
OBS: 5999702  53944.711   117.00   0.0000e+00   4.8083e+01   2.8942e+01   0  Y  0.00  1   !  -9.99000e+02  -99.000  -99.000  -999
OBS: 5999702  53946.711   119.00   0.0000e+00   4.3172e+01   2.5985e+01   0  Y  0.00  1   !  -9.99000e+02  -99.000  -99.000  -999
OBS: 5999702  53948.711   121.00   0.0000e+00   3.8759e+01   2.3330e+01   0  Y  0.00  1   !  -9.99000e+02  -99.000  -99.000  -999
OBS: 5999702  53950.711   123.00   0.0000e+00   3.4798e+01   2.0945e+01   0  Y  0.00  1   !  -9.99000e+02  -99.000  -99.000  -999
OBS: 5999702  53952.711   125.00   0.0000e+00   3.1240e+01   1.8804e+01   0  Y  0.00  1   !  -9.99000e+02  -99.000  -99.000  -999
OBS: 5999702  53954.711   127.00   0.0000e+00   2.8047e+01   1.6882e+01   0  Y  0.00  1   !  -9.99000e+02  -99.000  -99.000  -999
OBS: 5999702  53956.711   129.00   0.0000e+00   2.5179e+01   1.5155e+01   0  Y  0.00  1   !  -9.99000e+02  -99.000  -99.000  -999
OBS: 5999702  53958.711   131.00   0.0000e+00   2.2604e+01   1.3606e+01   0  Y  0.00  1   !  -9.99000e+02  -99.000  -99.000  -999
OBS: 5999702  53960.711   133.00   0.0000e+00   2.0292e+01   1.2214e+01   0  Y  0.00  1   !  -9.99000e+02  -99.000  -99.000  -999
OBS: 5999702  53962.711   135.00   0.0000e+00   1.8217e+01   1.0965e+01   0  Y  0.00  1   !  -9.99000e+02  -99.000  -99.000  -999
OBS: 5999702  53964.711   137.00   0.0000e+00   1.6355e+01   9.8443e+00   0  Y  0.00  1   !  -9.99000e+02  -99.000  -99.000  -999
OBS: 5999702  53966.711   139.00   0.0000e+00   1.4685e+01   8.8393e+00   0  Y  0.00  1   !  -9.99000e+02  -99.000  -99.000  -999
OBS: 5999702  53833.641     5.93   2.1225e+03   1.6387e+03   2.4356e+02   1  y  3.72  1   Y  9.44306e+17  -0.335  -1.822  1.00000e+11
OBS: 5999702  53833.648     5.94   2.1215e+03   2.0064e+03   2.4780e+02   1  y  0.25  1   Y  1.15611e+18  -0.335  -1.822  1.00000e+11
OBS: 5999702  53835.578     7.87   1.9666e+03   1.9479e+03   2.2782e+02   1  y  0.02  1   Y  1.10950e+18  -0.348  -1.785  1.00000e+11
OBS: 5999702  53835.578     7.87   1.9666e+03   1.9187e+03   2.3017e+02   1  y  0.06  1   Y  1.09286e+18  -0.348  -1.785  1.00000e+11
OBS: 5999702  53843.660    15.95   2.0958e+03   1.9662e+03   2.2818e+02   1  y  0.33  1   Y  1.13264e+18  -0.335  -0.779  1.00000e+11
OBS: 5999702  53845.602    17.89   2.3043e+03   2.2234e+03   2.4996e+02   1  y  0.13  1   Y  1.27200e+18  -0.343  -0.738  1.00000e+11
OBS: 5999702  53768.711   -59.00   0.0000e+00   0.0000e+00   0.0000e+00   0  y  0.00  1   !  -9.99000e+02  -99.000  -99.000  -999
OBS: 5999702  53770.711   -57.00   0.0000e+00   0.0000e+00   0.0000e+00   0  y  0.00  1   !  -9.99000e+02  -99.000  -99.000  -999
OBS: 5999702  53772.711   -55.00   0.0000e+00   0.0000e+00   0.0000e+00   0  y  0.00  1   !  -9.99000e+02  -99.000  -99.000  -999
OBS: 5999702  53774.711   -53.00   0.0000e+00   0.0000e+00   0.0000e+00   0  y  0.00  1   !  -9.99000e+02  -99.000  -99.000  -999
OBS: 5999702  53776.711   -51.00   0.0000e+00   0.0000e+00   0.0000e+00   0  y  0.00  1   !  -9.99000e+02  -99.000  -99.000  -999
OBS: 5999702  53778.711   -49.00   0.0000e+00   0.0000e+00   0.0000e+00   0  y  0.00  1   !  -9.99000e+02  -99.000  -99.000  -999
OBS: 5999702  53780.711   -47.00   0.0000e+00   0.0000e+00   0.0000e+00   0  y  0.00  1   !  -9.99000e+02  -99.000  -99.000  -999
OBS: 5999702  53782.711   -45.00   0.0000e+00   0.0000e+00   0.0000e+00   0  y  0.00  1   !  -9.99000e+02  -99.000  -99.000  -999
OBS: 5999702  53784.711   -43.00   0.0000e+00   0.0000e+00   0.0000e+00   0  y  0.00  1   !  -9.99000e+02  -99.000  -99.000  -999
OBS: 5999702  53786.711   -41.00   0.0000e+00   0.0000e+00   0.0000e+00   0  y  0.00  1   !  -9.99000e+02  -99.000  -99.000  -999
OBS: 5999702  53788.711   -39.00   0.0000e+00   0.0000e+00   0.0000e+00   0  y  0.00  1   !  -9.99000e+02  -99.000  -99.000  -999
OBS: 5999702  53790.711   -37.00   0.0000e+00   0.0000e+00   0.0000e+00   0  y  0.00  1   !  -9.99000e+02  -99.000  -99.000  -999
OBS: 5999702  53792.711   -35.00   0.0000e+00   0.0000e+00   0.0000e+00   0  y  0.00  1   !  -9.99000e+02  -99.000  -99.000  -999
OBS: 5999702  53794.711   -33.00   0.0000e+00   0.0000e+00   0.0000e+00   0  y  0.00  1   !  -9.99000e+02  -99.000  -99.000  -999
OBS: 5999702  53796.711   -31.00   0.0000e+00   0.0000e+00   0.0000e+00   0  y  0.00  1   !  -9.99000e+02  -99.000  -99.000  -999
OBS: 5999702  53798.711   -29.00   0.0000e+00   0.0000e+00   0.0000e+00   0  y  0.00  1   !  -9.99000e+02  -99.000  -99.000  -999
OBS: 5999702  53800.711   -27.00   0.0000e+00   0.0000e+00   0.0000e+00   0  y  0.00  1   !  -9.99000e+02  -99.000  -99.000  -999
OBS: 5999702  53802.711   -25.00   0.0000e+00   0.0000e+00   0.0000e+00   0  y  0.00  1   !  -9.99000e+02  -99.000  -99.000  -999
OBS: 5999702  53804.711   -23.00   0.0000e+00   0.0000e+00   0.0000e+00   0  y  0.00  1   !  -9.99000e+02  -99.000  -99.000  -999
OBS: 5999702  53806.711   -21.00   0.0000e+00   4.3077e+02   2.5929e+02   0  y  0.00  1   !  -9.99000e+02  -99.000  -99.000  -999
OBS: 5999702  53808.711   -19.00   0.0000e+00   3.6193e+02   2.1785e+02   0  y  0.00  1   !  -9.99000e+02  -99.000  -99.000  -999
OBS: 5999702  53810.711   -17.00   0.0000e+00   3.6010e+02   2.1675e+02   0  y  0.00  1   !  -9.99000e+02  -99.000  -99.000  -999
OBS: 5999702  53812.711   -15.00   0.0000e+00   5.9592e+02   1.6668e+02   0  y  0.00  1   !  -9.99000e+02  -99.000  -99.000  -999
OBS: 5999702  53814.711   -13.00   0.0000e+00   1.4154e+03   9.6788e+01   0  y  0.00  1   !  -9.99000e+02  -99.000  -99.000  -999
OBS: 5999702  53816.711   -11.00   0.0000e+00   2.1948e+03   7.9156e+01   0  y  0.00  1   !  -9.99000e+02  -99.000  -99.000  -999
OBS: 5999702  53818.711    -9.00   0.0000e+00   2.9366e+03   8.2823e+01   0  y  0.00  1   !  -9.99000e+02  -99.000  -99.000  -999
OBS: 5999702  53820.711    -7.00   0.0000e+00   3.5768e+03   7.6491e+01   0  y  0.00  1   !  -9.99000e+02  -99.000  -99.000  -999
OBS: 5999702  53822.711    -5.00   0.0000e+00   3.8565e+03   7.5515e+01   0  y  0.00  1   !  -9.99000e+02  -99.000  -99.000  -999
OBS: 5999702  53824.711    -3.00   0.0000e+00   3.7709e+03   7.7920e+01   0  y  0.00  1   !  -9.99000e+02  -99.000  -99.000  -999
OBS: 5999702  53826.711    -1.00   0.0000e+00   3.3066e+03   7.8716e+01   0  y  0.00  1   !  -9.99000e+02  -99.000  -99.000  -999
OBS: 5999702  53828.711     1.00   0.0000e+00   2.8133e+03   8.0346e+01   0  y  0.00  1   !  -9.99000e+02  -99.000  -99.000  -999
OBS: 5999702  53830.711     3.00   0.0000e+00   2.4960e+03   8.9009e+01   0  y  0.00  1   !  -9.99000e+02  -99.000  -99.000  -999
OBS: 5999702  53832.711     5.00   0.0000e+00   2.2413e+03   9.0219e+01   0  y  0.00  1   !  -9.99000e+02  -99.000  -99.000  -999
OBS: 5999702  53834.711     7.00   0.0000e+00   2.0415e+03   8.7742e+01   0  y  0.00  1   !  -9.99000e+02  -99.000  -99.000  -999
OBS: 5999702  53836.711     9.00   0.0000e+00   1.9374e+03   8.8824e+01   0  y  0.00  1   !  -9.99000e+02  -99.000  -99.000  -999
OBS: 5999702  53838.711    11.00   0.0000e+00   1.8906e+03   9.2816e+01   0  y  0.00  1   !  -9.99000e+02  -99.000  -99.000  -999
OBS: 5999702  53840.711    13.00   0.0000e+00   1.9071e+03   9.4883e+01   0  y  0.00  1   !  -9.99000e+02  -99.000  -99.000  -999
OBS: 5999702  53842.711    15.00   0.0000e+00   2.0223e+03   9.3812e+01   0  y  0.00  1   !  -9.99000e+02  -99.000  -99.000  -999
OBS: 5999702  53844.711    17.00   0.0000e+00   2.2201e+03   9.4123e+01   0  y  0.00  1   !  -9.99000e+02  -99.000  -99.000  -999
OBS: 5999702  53846.711    19.00   0.0000e+00   2.4396e+03   9.7546e+01   0  y  0.00  1   !  -9.99000e+02  -99.000  -99.000  -999
OBS: 5999702  53848.711    21.00   0.0000e+00   2.6473e+03   1.0335e+02   0  y  0.00  1   !  -9.99000e+02  -99.000  -99.000  -999
OBS: 5999702  53850.711    23.00   0.0000e+00   2.7767e+03   1.0841e+02   0  y  0.00  1   !  -9.99000e+02  -99.000  -99.000  -999
OBS: 5999702  53852.711    25.00   0.0000e+00   2.9963e+03   1.1554e+02   0  y  0.00  1   !  -9.99000e+02  -99.000  -99.000  -999
OBS: 5999702  53854.711    27.00   0.0000e+00   3.3975e+03   1.1697e+02   0  y  0.00  1   !  -9.99000e+02  -99.000  -99.000  -999
OBS: 5999702  53856.711    29.00   0.0000e+00   3.7348e+03   1.1472e+02   0  y  0.00  1   !  -9.99000e+02  -99.000  -99.000  -999
OBS: 5999702  53858.711    31.00   0.0000e+00   3.8613e+03   1.1014e+02   0  y  0.00  1   !  -9.99000e+02  -99.000  -99.000  -999
OBS: 5999702  53860.711    33.00   0.0000e+00   3.8246e+03   1.0299e+02   0  y  0.00  1   !  -9.99000e+02  -99.000  -99.000  -999
OBS: 5999702  53862.711    35.00   0.0000e+00   3.6270e+03   9.1922e+01   0  y  0.00  1   !  -9.99000e+02  -99.000  -99.000  -999
OBS: 5999702  53864.711    37.00   0.0000e+00   3.3488e+03   9.0092e+01   0  y  0.00  1   !  -9.99000e+02  -99.000  -99.000  -999
OBS: 5999702  53866.711    39.00   0.0000e+00   3.0995e+03   9.2946e+01   0  y  0.00  1   !  -9.99000e+02  -99.000  -99.000  -999
OBS: 5999702  53868.711    41.00   0.0000e+00   2.7972e+03   8.8967e+01   0  y  0.00  1   !  -9.99000e+02  -99.000  -99.000  -999
OBS: 5999702  53870.711    43.00   0.0000e+00   2.4611e+03   9.0828e+01   0  y  0.00  1   !  -9.99000e+02  -99.000  -99.000  -999
OBS: 5999702  53872.711    45.00   0.0000e+00   2.1645e+03   9.8156e+01   0  y  0.00  1   !  -9.99000e+02  -99.000  -99.000  -999
OBS: 5999702  53874.711    47.00   0.0000e+00   1.9396e+03   1.0302e+02   0  y  0.00  1   !  -9.99000e+02  -99.000  -99.000  -999
OBS: 5999702  53876.711    49.00   0.0000e+00   1.7496e+03   9.6897e+01   0  y  0.00  1   !  -9.99000e+02  -99.000  -99.000  -999
OBS: 5999702  53878.711    51.00   0.0000e+00   1.5737e+03   9.2652e+01   0  y  0.00  1   !  -9.99000e+02  -99.000  -99.000  -999
OBS: 5999702  53880.711    53.00   0.0000e+00   1.4029e+03   9.5101e+01   0  y  0.00  1   !  -9.99000e+02  -99.000  -99.000  -999
OBS: 5999702  53882.711    55.00   0.0000e+00   1.2382e+03   7.4529e+02   0  y  0.00  1   !  -9.99000e+02  -99.000  -99.000  -999
OBS: 5999702  53884.711    57.00   0.0000e+00   1.1102e+03   6.6822e+02   0  y  0.00  1   !  -9.99000e+02  -99.000  -99.000  -999
OBS: 5999702  53886.711    59.00   0.0000e+00   1.0223e+03   6.1532e+02   0  y  0.00  1   !  -9.99000e+02  -99.000  -99.000  -999
OBS: 5999702  53888.711    61.00   0.0000e+00   9.4325e+02   5.6776e+02   0  y  0.00  1   !  -9.99000e+02  -99.000  -99.000  -999
OBS: 5999702  53890.711    63.00   0.0000e+00   8.7650e+02   5.2758e+02   0  y  0.00  1   !  -9.99000e+02  -99.000  -99.000  -999
OBS: 5999702  53892.711    65.00   0.0000e+00   7.6392e+02   4.5981e+02   0  y  0.00  1   !  -9.99000e+02  -99.000  -99.000  -999
OBS: 5999702  53894.711    67.00   0.0000e+00   6.4395e+02   3.8760e+02   0  y  0.00  1   !  -9.99000e+02  -99.000  -99.000  -999
OBS: 5999702  53896.711    69.00   0.0000e+00   5.5413e+02   3.3354e+02   0  y  0.00  1   !  -9.99000e+02  -99.000  -99.000  -999
OBS: 5999702  53898.711    71.00   0.0000e+00   4.8850e+02   2.9403e+02   0  y  0.00  1   !  -9.99000e+02  -99.000  -99.000  -999
OBS: 5999702  53900.711    73.00   0.0000e+00   4.4148e+02   2.6573e+02   0  y  0.00  1   !  -9.99000e+02  -99.000  -99.000  -999
OBS: 5999702  53902.711    75.00   0.0000e+00   4.0749e+02   2.4527e+02   0  y  0.00  1   !  -9.99000e+02  -99.000  -99.000  -999
OBS: 5999702  53904.711    77.00   0.0000e+00   3.8025e+02   2.2888e+02   0  y  0.00  1   !  -9.99000e+02  -99.000  -99.000  -999
OBS: 5999702  53906.711    79.00   0.0000e+00   3.5468e+02   2.1349e+02   0  y  0.00  1   !  -9.99000e+02  -99.000  -99.000  -999
OBS: 5999702  53908.711    81.00   0.0000e+00   3.2050e+02   1.9291e+02   0  y  0.00  1   !  -9.99000e+02  -99.000  -99.000  -999
OBS: 5999702  53910.711    83.00   0.0000e+00   2.8994e+02   1.7452e+02   0  y  0.00  1   !  -9.99000e+02  -99.000  -99.000  -999
OBS: 5999702  53912.711    85.00   0.0000e+00   2.6278e+02   1.5817e+02   0  y  0.00  1   !  -9.99000e+02  -99.000  -99.000  -999
OBS: 5999702  53914.711    87.00   0.0000e+00   2.3863e+02   1.4364e+02   0  y  0.00  1   !  -9.99000e+02  -99.000  -99.000  -999
OBS: 5999702  53916.711    89.00   0.0000e+00   2.1734e+02   1.3082e+02   0  y  0.00  1   !  -9.99000e+02  -99.000  -99.000  -999
OBS: 5999702  53918.711    91.00   0.0000e+00   1.9723e+02   1.1872e+02   0  y  0.00  1   !  -9.99000e+02  -99.000  -99.000  -999
OBS: 5999702  53920.711    93.00   0.0000e+00   1.7715e+02   1.0663e+02   0  y  0.00  1   !  -9.99000e+02  -99.000  -99.000  -999
OBS: 5999702  53922.711    95.00   0.0000e+00   1.5911e+02   9.5772e+01   0  y  0.00  1   !  -9.99000e+02  -99.000  -99.000  -999
OBS: 5999702  53924.711    97.00   0.0000e+00   1.4291e+02   8.6017e+01   0  y  0.00  1   !  -9.99000e+02  -99.000  -99.000  -999
OBS: 5999702  53926.711    99.00   0.0000e+00   1.2835e+02   7.7256e+01   0  y  0.00  1   !  -9.99000e+02  -99.000  -99.000  -999
OBS: 5999702  53928.711   101.00   0.0000e+00   1.1528e+02   6.9385e+01   0  y  0.00  1   !  -9.99000e+02  -99.000  -99.000  -999
OBS: 5999702  53930.711   103.00   0.0000e+00   1.0353e+02   6.2316e+01   0  y  0.00  1   !  -9.99000e+02  -99.000  -99.000  -999
OBS: 5999702  53932.711   105.00   0.0000e+00   9.2981e+01   5.5966e+01   0  y  0.00  1   !  -9.99000e+02  -99.000  -99.000  -999
OBS: 5999702  53934.711   107.00   0.0000e+00   8.3506e+01   5.0263e+01   0  y  0.00  1   !  -9.99000e+02  -99.000  -99.000  -999
OBS: 5999702  53936.711   109.00   0.0000e+00   7.4995e+01   4.5141e+01   0  y  0.00  1   !  -9.99000e+02  -99.000  -99.000  -999
OBS: 5999702  53938.711   111.00   0.0000e+00   6.7351e+01   4.0539e+01   0  y  0.00  1   !  -9.99000e+02  -99.000  -99.000  -999
OBS: 5999702  53940.711   113.00   0.0000e+00   6.0486e+01   3.6407e+01   0  y  0.00  1   !  -9.99000e+02  -99.000  -99.000  -999
OBS: 5999702  53942.711   115.00   0.0000e+00   5.4324e+01   3.2698e+01   0  y  0.00  1   !  -9.99000e+02  -99.000  -99.000  -999
OBS: 5999702  53944.711   117.00   0.0000e+00   4.8791e+01   2.9368e+01   0  y  0.00  1   !  -9.99000e+02  -99.000  -99.000  -999
OBS: 5999702  53946.711   119.00   0.0000e+00   4.3818e+01   2.6375e+01   0  y  0.00  1   !  -9.99000e+02  -99.000  -99.000  -999
OBS: 5999702  53948.711   121.00   0.0000e+00   3.9350e+01   2.3685e+01   0  y  0.00  1   !  -9.99000e+02  -99.000  -99.000  -999
OBS: 5999702  53950.711   123.00   0.0000e+00   3.5337e+01   2.1270e+01   0  y  0.00  1   !  -9.99000e+02  -99.000  -99.000  -999
OBS: 5999702  53952.711   125.00   0.0000e+00   3.1733e+01   1.9100e+01   0  y  0.00  1   !  -9.99000e+02  -99.000  -99.000  -999
OBS: 5999702  53954.711   127.00   0.0000e+00   2.8496e+01   1.7152e+01   0  y  0.00  1   !  -9.99000e+02  -99.000  -99.000  -999
OBS: 5999702  53956.711   129.00   0.0000e+00   2.5589e+01   1.5402e+01   0  y  0.00  1   !  -9.99000e+02  -99.000  -99.000  -999
OBS: 5999702  53958.711   131.00   0.0000e+00   2.2978e+01   1.3831e+01   0  y  0.00  1   !  -9.99000e+02  -99.000  -99.000  -999
OBS: 5999702  53960.711   133.00   0.0000e+00   2.0634e+01   1.2420e+01   0  y  0.00  1   !  -9.99000e+02  -99.000  -99.000  -999
OBS: 5999702  53962.711   135.00   0.0000e+00   1.8528e+01   1.1152e+01   0  y  0.00  1   !  -9.99000e+02  -99.000  -99.000  -999
OBS: 5999702  53964.711   137.00   0.0000e+00   1.6639e+01   1.0015e+01   0  y  0.00  1   !  -9.99000e+02  -99.000  -99.000  -999
OBS: 5999702  53966.711   139.00   0.0000e+00   1.4944e+01   8.9948e+00   0  y  0.00  1   !  -9.99000e+02  -99.000  -99.000  -999
OBS: 5999702  53817.781    -9.93   2.4900e+03   2.6916e+03   7.9134e+02   1  H  0.06  1   H  1.91691e+18  -0.105  0.063  1.00000e+11
OBS: 5999702  53817.789    -9.92   2.4931e+03   2.4853e+03   8.1417e+02   1  H  0.00  1   H  1.76988e+18  -0.105  0.062  1.00000e+11
OBS: 5999702  53822.750    -4.96   3.3592e+03   3.8520e+03   1.4928e+03   1  H  0.11  1   H  2.68497e+18  -0.129  -0.461  1.00000e+11
OBS: 5999702  53822.789    -4.92   3.3591e+03   3.9663e+03   1.7278e+03   1  H  0.12  1   H  2.76485e+18  -0.128  -0.463  1.00000e+11
OBS: 5999702  53826.641    -1.07   2.9447e+03   1.8376e+03   8.7001e+02   1  H  1.64  1   H  1.34979e+18  -0.072  -0.461  1.00000e+11
OBS: 5999702  53826.648    -1.06   2.9429e+03   2.5884e+03   8.3326e+02   1  H  0.19  1   H  1.90184e+18  -0.071  -0.461  1.00000e+11
OBS: 5999702  53829.672     1.96   2.5124e+03   1.0842e+03   1.0291e+03   1  H  1.94  1   H  8.31872e+17  -0.024  -0.611  1.00000e+11
OBS: 5999702  53829.680     1.97   2.5113e+03   1.5096e+03   1.0720e+03   1  H  0.88  1   H  1.15837e+18  -0.024  -0.612  1.00000e+11
OBS: 5999702  53830.641     2.93   2.4122e+03   3.6090e+03   9.5954e+02   1  H  1.53  1   H  2.78751e+18  -0.017  -0.719  1.00000e+11
OBS: 5999702  53830.641     2.93   2.4122e+03   3.8666e+03   8.8511e+02   1  H  2.66  1   H  2.98648e+18  -0.017  -0.719  1.00000e+11
OBS: 5999702  53833.641     5.93   2.0183e+03   1.0592e+03   6.3185e+02   1  H  2.32  1   H  8.94527e+17  0.080  -0.994  1.00000e+11
OBS: 5999702  53833.648     5.94   2.0170e+03   2.5312e+03   6.2484e+02   1  H  0.65  1   H  2.13844e+18  0.080  -0.994  1.00000e+11
OBS: 5999702  53835.578     7.87   1.7825e+03   1.5923e+03   5.8189e+02   1  H  0.11  1   H  1.45832e+18  0.168  -0.844  1.00000e+11
OBS: 5999702  53835.578     7.87   1.7825e+03   1.3958e+03   5.9297e+02   1  H  0.43  1   H  1.27834e+18  0.168  -0.844  1.00000e+11
OBS: 5999702  53837.730    10.02   1.6191e+03   1.0873e+03   9.4618e+02   1  H  0.32  1   H  1.06439e+18  0.240  -0.271  1.00000e+11
OBS: 5999702  53837.738    10.03   1.6187e+03   2.9999e+03   1.4660e+03   1  H  0.88  1   H  2.93742e+18  0.240  -0.268  1.00000e+11
OBS: 5999702  53839.629    11.92   1.5664e+03   8.1275e+02   7.4385e+02   1  H  1.03  1   H  8.24423e+17  0.279  0.389  1.00000e+11
OBS: 5999702  53839.641    11.93   1.5664e+03   2.5983e+03   7.4895e+02   1  H  1.88  1   H  2.63599e+18  0.279  0.393  1.00000e+11
OBS: 5999702  53843.660    15.95   1.6708e+03   2.0094e+03   5.8353e+02   1  H  0.33  1   H  2.08982e+18  0.306  1.630  1.00000e+11
OBS: 5999702  53843.672    15.96   1.6714e+03   2.4693e+03   5.8013e+02   1  H  1.87  1   H  2.56799e+18  0.306  1.631  1.00000e+11
OBS: 5999702  53845.602    17.89   1.7972e+03   1.9418e+03   6.2792e+02   1  H  0.05  1   H  2.00995e+18  0.301  1.778  1.00000e+11
OBS: 5999702  53845.621    17.91   1.7986e+03   3.1175e+03   6.6802e+02   1  H  3.86  1   H  3.22668e+18  0.301  1.779  1.00000e+11
OBS: 5999702  53848.648    20.94   2.0146e+03   2.6422e+03   1.2928e+03   1  H  0.23  1   H  2.72474e+18  0.297  2.006  1.00000e+11
OBS: 5999702  53848.660    20.95   2.0153e+03   1.3342e+02   1.7323e+03   1  H  1.18  1   H  1.37588e+17  0.297  2.006  1.00000e+11
OBS: 5999702  53851.609    23.90   2.1299e+03   2.4214e+03   1.1786e+03   1  H  0.06  1   H  2.49972e+18  0.298  1.365  1.00000e+11
OBS: 5999702  53851.621    23.91   2.1301e+03   3.1308e+03   1.3003e+03   1  H  0.59  1   H  3.23200e+18  0.298  1.361  1.00000e+11
OBS: 5999702  53860.680    32.97   2.1625e+03   2.2219e+03   3.4611e+03   1  H  0.00  1   H  1.98555e+18  0.141  -0.656  1.00000e+11
OBS: 5999702  53864.590    36.88   2.0611e+03   1.5831e+03   1.0890e+03   1  H  0.20  1   H  1.28296e+18  0.035  -1.492  1.00000e+11
OBS: 5999702  53864.602    36.89   2.0607e+03   1.9757e+03   1.0010e+03   1  H  0.01  1   H  1.60078e+18  0.035  -1.493  1.00000e+11
OBS: 5999702  53869.590    41.88   1.6438e+03   2.1194e+03   6.3444e+02   1  H  0.54  1   H  1.67014e+18  0.005  -1.009  1.00000e+11
OBS: 5999702  53869.602    41.89   1.6427e+03   9.4663e+02   8.2846e+02   1  H  0.71  1   H  7.46020e+17  0.005  -1.006  1.00000e+11
OBS: 5999702  53768.711   -59.00   0.0000e+00   0.0000e+00   0.0000e+00   0  H  0.00  1   !  -9.99000e+02  -99.000  -99.000  -999
OBS: 5999702  53770.711   -57.00   0.0000e+00   0.0000e+00   0.0000e+00   0  H  0.00  1   !  -9.99000e+02  -99.000  -99.000  -999
OBS: 5999702  53772.711   -55.00   0.0000e+00   0.0000e+00   0.0000e+00   0  H  0.00  1   !  -9.99000e+02  -99.000  -99.000  -999
OBS: 5999702  53774.711   -53.00   0.0000e+00   0.0000e+00   0.0000e+00   0  H  0.00  1   !  -9.99000e+02  -99.000  -99.000  -999
OBS: 5999702  53776.711   -51.00   0.0000e+00   0.0000e+00   0.0000e+00   0  H  0.00  1   !  -9.99000e+02  -99.000  -99.000  -999
OBS: 5999702  53778.711   -49.00   0.0000e+00   0.0000e+00   0.0000e+00   0  H  0.00  1   !  -9.99000e+02  -99.000  -99.000  -999
OBS: 5999702  53780.711   -47.00   0.0000e+00   0.0000e+00   0.0000e+00   0  H  0.00  1   !  -9.99000e+02  -99.000  -99.000  -999
OBS: 5999702  53782.711   -45.00   0.0000e+00   0.0000e+00   0.0000e+00   0  H  0.00  1   !  -9.99000e+02  -99.000  -99.000  -999
OBS: 5999702  53784.711   -43.00   0.0000e+00   0.0000e+00   0.0000e+00   0  H  0.00  1   !  -9.99000e+02  -99.000  -99.000  -999
OBS: 5999702  53786.711   -41.00   0.0000e+00   0.0000e+00   0.0000e+00   0  H  0.00  1   !  -9.99000e+02  -99.000  -99.000  -999
OBS: 5999702  53788.711   -39.00   0.0000e+00   0.0000e+00   0.0000e+00   0  H  0.00  1   !  -9.99000e+02  -99.000  -99.000  -999
OBS: 5999702  53790.711   -37.00   0.0000e+00   0.0000e+00   0.0000e+00   0  H  0.00  1   !  -9.99000e+02  -99.000  -99.000  -999
OBS: 5999702  53792.711   -35.00   0.0000e+00   0.0000e+00   0.0000e+00   0  H  0.00  1   !  -9.99000e+02  -99.000  -99.000  -999
OBS: 5999702  53794.711   -33.00   0.0000e+00   0.0000e+00   0.0000e+00   0  H  0.00  1   !  -9.99000e+02  -99.000  -99.000  -999
OBS: 5999702  53796.711   -31.00   0.0000e+00   0.0000e+00   0.0000e+00   0  H  0.00  1   !  -9.99000e+02  -99.000  -99.000  -999
OBS: 5999702  53798.711   -29.00   0.0000e+00   0.0000e+00   0.0000e+00   0  H  0.00  1   !  -9.99000e+02  -99.000  -99.000  -999
OBS: 5999702  53800.711   -27.00   0.0000e+00   0.0000e+00   0.0000e+00   0  H  0.00  1   !  -9.99000e+02  -99.000  -99.000  -999
OBS: 5999702  53802.711   -25.00   0.0000e+00   0.0000e+00   0.0000e+00   0  H  0.00  1   !  -9.99000e+02  -99.000  -99.000  -999
OBS: 5999702  53804.711   -23.00   0.0000e+00   0.0000e+00   0.0000e+00   0  H  0.00  1   !  -9.99000e+02  -99.000  -99.000  -999
OBS: 5999702  53806.711   -21.00   0.0000e+00   5.1164e+02   3.0796e+02   0  H  0.00  1   !  -9.99000e+02  -99.000  -99.000  -999
OBS: 5999702  53808.711   -19.00   0.0000e+00   5.1361e+02   3.0915e+02   0  H  0.00  1   !  -9.99000e+02  -99.000  -99.000  -999
OBS: 5999702  53810.711   -17.00   0.0000e+00   5.1252e+02   3.0849e+02   0  H  0.00  1   !  -9.99000e+02  -99.000  -99.000  -999
OBS: 5999702  53812.711   -15.00   0.0000e+00   7.8376e+02   2.2660e+02   0  H  0.00  1   !  -9.99000e+02  -99.000  -99.000  -999
OBS: 5999702  53814.711   -13.00   0.0000e+00   1.4597e+03   1.1016e+02   0  H  0.00  1   !  -9.99000e+02  -99.000  -99.000  -999
OBS: 5999702  53816.711   -11.00   0.0000e+00   2.1495e+03   7.8169e+01   0  H  0.00  1   !  -9.99000e+02  -99.000  -99.000  -999
OBS: 5999702  53818.711    -9.00   0.0000e+00   2.7580e+03   7.8999e+01   0  H  0.00  1   !  -9.99000e+02  -99.000  -99.000  -999
OBS: 5999702  53820.711    -7.00   0.0000e+00   3.1976e+03   6.8782e+01   0  H  0.00  1   !  -9.99000e+02  -99.000  -99.000  -999
OBS: 5999702  53822.711    -5.00   0.0000e+00   3.3670e+03   5.9857e+01   0  H  0.00  1   !  -9.99000e+02  -99.000  -99.000  -999
OBS: 5999702  53824.711    -3.00   0.0000e+00   3.2728e+03   5.9358e+01   0  H  0.00  1   !  -9.99000e+02  -99.000  -99.000  -999
OBS: 5999702  53826.711    -1.00   0.0000e+00   2.9420e+03   6.0235e+01   0  H  0.00  1   !  -9.99000e+02  -99.000  -99.000  -999
OBS: 5999702  53828.711     1.00   0.0000e+00   2.6346e+03   6.0026e+01   0  H  0.00  1   !  -9.99000e+02  -99.000  -99.000  -999
OBS: 5999702  53830.711     3.00   0.0000e+00   2.4123e+03   6.0623e+01   0  H  0.00  1   !  -9.99000e+02  -99.000  -99.000  -999
OBS: 5999702  53832.711     5.00   0.0000e+00   2.1503e+03   5.5754e+01   0  H  0.00  1   !  -9.99000e+02  -99.000  -99.000  -999
OBS: 5999702  53834.711     7.00   0.0000e+00   1.8880e+03   5.3549e+01   0  H  0.00  1   !  -9.99000e+02  -99.000  -99.000  -999
OBS: 5999702  53836.711     9.00   0.0000e+00   1.6856e+03   4.9075e+01   0  H  0.00  1   !  -9.99000e+02  -99.000  -99.000  -999
OBS: 5999702  53838.711    11.00   0.0000e+00   1.5864e+03   4.9197e+01   0  H  0.00  1   !  -9.99000e+02  -99.000  -99.000  -999
OBS: 5999702  53840.711    13.00   0.0000e+00   1.5675e+03   5.1278e+01   0  H  0.00  1   !  -9.99000e+02  -99.000  -99.000  -999
OBS: 5999702  53842.711    15.00   0.0000e+00   1.6243e+03   4.9202e+01   0  H  0.00  1   !  -9.99000e+02  -99.000  -99.000  -999
OBS: 5999702  53844.711    17.00   0.0000e+00   1.7379e+03   5.1365e+01   0  H  0.00  1   !  -9.99000e+02  -99.000  -99.000  -999
OBS: 5999702  53846.711    19.00   0.0000e+00   1.8788e+03   5.5529e+01   0  H  0.00  1   !  -9.99000e+02  -99.000  -99.000  -999
OBS: 5999702  53848.711    21.00   0.0000e+00   2.0210e+03   5.8014e+01   0  H  0.00  1   !  -9.99000e+02  -99.000  -99.000  -999
OBS: 5999702  53850.711    23.00   0.0000e+00   2.1105e+03   6.0002e+01   0  H  0.00  1   !  -9.99000e+02  -99.000  -99.000  -999
OBS: 5999702  53852.711    25.00   0.0000e+00   2.1624e+03   6.7820e+01   0  H  0.00  1   !  -9.99000e+02  -99.000  -99.000  -999
OBS: 5999702  53854.711    27.00   0.0000e+00   2.1918e+03   7.4797e+01   0  H  0.00  1   !  -9.99000e+02  -99.000  -99.000  -999
OBS: 5999702  53856.711    29.00   0.0000e+00   2.1897e+03   7.3326e+01   0  H  0.00  1   !  -9.99000e+02  -99.000  -99.000  -999
OBS: 5999702  53858.711    31.00   0.0000e+00   2.1890e+03   6.9398e+01   0  H  0.00  1   !  -9.99000e+02  -99.000  -99.000  -999
OBS: 5999702  53860.711    33.00   0.0000e+00   2.1659e+03   6.4001e+01   0  H  0.00  1   !  -9.99000e+02  -99.000  -99.000  -999
OBS: 5999702  53862.711    35.00   0.0000e+00   2.1292e+03   6.2807e+01   0  H  0.00  1   !  -9.99000e+02  -99.000  -99.000  -999
OBS: 5999702  53864.711    37.00   0.0000e+00   2.0608e+03   7.0435e+01   0  H  0.00  1   !  -9.99000e+02  -99.000  -99.000  -999
OBS: 5999702  53866.711    39.00   0.0000e+00   1.9169e+03   8.4906e+01   0  H  0.00  1   !  -9.99000e+02  -99.000  -99.000  -999
OBS: 5999702  53868.711    41.00   0.0000e+00   1.7406e+03   8.7569e+01   0  H  0.00  1   !  -9.99000e+02  -99.000  -99.000  -999
OBS: 5999702  53870.711    43.00   0.0000e+00   1.5187e+03   8.1326e+01   0  H  0.00  1   !  -9.99000e+02  -99.000  -99.000  -999
OBS: 5999702  53872.711    45.00   0.0000e+00   1.3061e+03   7.9741e+01   0  H  0.00  1   !  -9.99000e+02  -99.000  -99.000  -999
OBS: 5999702  53874.711    47.00   0.0000e+00   1.1523e+03   8.7855e+01   0  H  0.00  1   !  -9.99000e+02  -99.000  -99.000  -999
OBS: 5999702  53876.711    49.00   0.0000e+00   1.0480e+03   9.9822e+01   0  H  0.00  1   !  -9.99000e+02  -99.000  -99.000  -999
OBS: 5999702  53878.711    51.00   0.0000e+00   9.6018e+02   1.0310e+02   0  H  0.00  1   !  -9.99000e+02  -99.000  -99.000  -999
OBS: 5999702  53880.711    53.00   0.0000e+00   8.7295e+02   9.6453e+01   0  H  0.00  1   !  -9.99000e+02  -99.000  -99.000  -999
OBS: 5999702  53882.711    55.00   0.0000e+00   7.9072e+02   4.7595e+02   0  H  0.00  1   !  -9.99000e+02  -99.000  -99.000  -999
OBS: 5999702  53884.711    57.00   0.0000e+00   7.2041e+02   4.3362e+02   0  H  0.00  1   !  -9.99000e+02  -99.000  -99.000  -999
OBS: 5999702  53886.711    59.00   0.0000e+00   6.6038e+02   3.9749e+02   0  H  0.00  1   !  -9.99000e+02  -99.000  -99.000  -999
OBS: 5999702  53888.711    61.00   0.0000e+00   6.0464e+02   3.6394e+02   0  H  0.00  1   !  -9.99000e+02  -99.000  -99.000  -999
OBS: 5999702  53890.711    63.00   0.0000e+00   5.5753e+02   3.3558e+02   0  H  0.00  1   !  -9.99000e+02  -99.000  -99.000  -999
OBS: 5999702  53892.711    65.00   0.0000e+00   4.6299e+02   2.7868e+02   0  H  0.00  1   !  -9.99000e+02  -99.000  -99.000  -999
OBS: 5999702  53894.711    67.00   0.0000e+00   3.7125e+02   2.2346e+02   0  H  0.00  1   !  -9.99000e+02  -99.000  -99.000  -999
OBS: 5999702  53896.711    69.00   0.0000e+00   3.0802e+02   1.8540e+02   0  H  0.00  1   !  -9.99000e+02  -99.000  -99.000  -999
OBS: 5999702  53898.711    71.00   0.0000e+00   2.6660e+02   1.6047e+02   0  H  0.00  1   !  -9.99000e+02  -99.000  -99.000  -999
OBS: 5999702  53900.711    73.00   0.0000e+00   2.3811e+02   1.4332e+02   0  H  0.00  1   !  -9.99000e+02  -99.000  -99.000  -999
OBS: 5999702  53902.711    75.00   0.0000e+00   2.1597e+02   1.3000e+02   0  H  0.00  1   !  -9.99000e+02  -99.000  -99.000  -999
OBS: 5999702  53904.711    77.00   0.0000e+00   1.9521e+02   1.1750e+02   0  H  0.00  1   !  -9.99000e+02  -99.000  -99.000  -999
OBS: 5999702  53906.711    79.00   0.0000e+00   1.7667e+02   1.0634e+02   0  H  0.00  1   !  -9.99000e+02  -99.000  -99.000  -999
OBS: 5999702  53908.711    81.00   0.0000e+00   1.6283e+02   9.8010e+01   0  H  0.00  1   !  -9.99000e+02  -99.000  -99.000  -999
OBS: 5999702  53910.711    83.00   0.0000e+00   1.5012e+02   9.0356e+01   0  H  0.00  1   !  -9.99000e+02  -99.000  -99.000  -999
OBS: 5999702  53912.711    85.00   0.0000e+00   1.3844e+02   8.3328e+01   0  H  0.00  1   !  -9.99000e+02  -99.000  -99.000  -999
OBS: 5999702  53914.711    87.00   0.0000e+00   1.2776e+02   7.6900e+01   0  H  0.00  1   !  -9.99000e+02  -99.000  -99.000  -999
OBS: 5999702  53916.711    89.00   0.0000e+00   1.1804e+02   7.1047e+01   0  H  0.00  1   !  -9.99000e+02  -99.000  -99.000  -999
OBS: 5999702  53918.711    91.00   0.0000e+00   1.0887e+02   6.5528e+01   0  H  0.00  1   !  -9.99000e+02  -99.000  -99.000  -999
OBS: 5999702  53920.711    93.00   0.0000e+00   1.0029e+02   6.0365e+01   0  H  0.00  1   !  -9.99000e+02  -99.000  -99.000  -999
OBS: 5999702  53922.711    95.00   0.0000e+00   9.2837e+01   5.5880e+01   0  H  0.00  1   !  -9.99000e+02  -99.000  -99.000  -999
OBS: 5999702  53924.711    97.00   0.0000e+00   8.6009e+01   5.1770e+01   0  H  0.00  1   !  -9.99000e+02  -99.000  -99.000  -999
OBS: 5999702  53926.711    99.00   0.0000e+00   7.9683e+01   4.7962e+01   0  H  0.00  1   !  -9.99000e+02  -99.000  -99.000  -999
OBS: 5999702  53928.711   101.00   0.0000e+00   7.3823e+01   4.4435e+01   0  H  0.00  1   !  -9.99000e+02  -99.000  -99.000  -999
OBS: 5999702  53930.711   103.00   0.0000e+00   6.8393e+01   4.1167e+01   0  H  0.00  1   !  -9.99000e+02  -99.000  -99.000  -999
OBS: 5999702  53932.711   105.00   0.0000e+00   6.3363e+01   3.8139e+01   0  H  0.00  1   !  -9.99000e+02  -99.000  -99.000  -999
OBS: 5999702  53934.711   107.00   0.0000e+00   5.8703e+01   3.5334e+01   0  H  0.00  1   !  -9.99000e+02  -99.000  -99.000  -999
OBS: 5999702  53936.711   109.00   0.0000e+00   5.4385e+01   3.2735e+01   0  H  0.00  1   !  -9.99000e+02  -99.000  -99.000  -999
OBS: 5999702  53938.711   111.00   0.0000e+00   5.0385e+01   3.0328e+01   0  H  0.00  1   !  -9.99000e+02  -99.000  -99.000  -999
OBS: 5999702  53940.711   113.00   0.0000e+00   4.6680e+01   2.8097e+01   0  H  0.00  1   !  -9.99000e+02  -99.000  -99.000  -999
OBS: 5999702  53942.711   115.00   0.0000e+00   4.3246e+01   2.6030e+01   0  H  0.00  1   !  -9.99000e+02  -99.000  -99.000  -999
OBS: 5999702  53944.711   117.00   0.0000e+00   4.0066e+01   2.4116e+01   0  H  0.00  1   !  -9.99000e+02  -99.000  -99.000  -999
OBS: 5999702  53946.711   119.00   0.0000e+00   3.7119e+01   2.2342e+01   0  H  0.00  1   !  -9.99000e+02  -99.000  -99.000  -999
OBS: 5999702  53948.711   121.00   0.0000e+00   3.4389e+01   2.0699e+01   0  H  0.00  1   !  -9.99000e+02  -99.000  -99.000  -999
OBS: 5999702  53950.711   123.00   0.0000e+00   3.1860e+01   1.9177e+01   0  H  0.00  1   !  -9.99000e+02  -99.000  -99.000  -999
OBS: 5999702  53952.711   125.00   0.0000e+00   2.9516e+01   1.7766e+01   0  H  0.00  1   !  -9.99000e+02  -99.000  -99.000  -999
OBS: 5999702  53954.711   127.00   0.0000e+00   2.7346e+01   1.6460e+01   0  H  0.00  1   !  -9.99000e+02  -99.000  -99.000  -999
OBS: 5999702  53956.711   129.00   0.0000e+00   2.5334e+01   1.5249e+01   0  H  0.00  1   !  -9.99000e+02  -99.000  -99.000  -999
OBS: 5999702  53958.711   131.00   0.0000e+00   2.3471e+01   1.4127e+01   0  H  0.00  1   !  -9.99000e+02  -99.000  -99.000  -999
OBS: 5999702  53960.711   133.00   0.0000e+00   2.1745e+01   1.3088e+01   0  H  0.00  1   !  -9.99000e+02  -99.000  -99.000  -999
OBS: 5999702  53962.711   135.00   0.0000e+00   2.0146e+01   1.2126e+01   0  H  0.00  1   !  -9.99000e+02  -99.000  -99.000  -999
OBS: 5999702  53964.711   137.00   0.0000e+00   1.8664e+01   1.1234e+01   0  H  0.00  1   !  -9.99000e+02  -99.000  -99.000  -999
OBS: 5999702  53966.711   139.00   0.0000e+00   1.7291e+01   1.0408e+01   0  H  0.00  1   !  -9.99000e+02  -99.000  -99.000  -999
