VARNAMES: CID MJD Tobs SIM_FLUXCAL FLUXCAL FLUXCAL_ERR DATAFLAG BAND CHI2 IFIT BAND_REST FLUX_REST KCOR AVWARP SIM_FLUX_REST 
OBS: 6000311  54217.648   -10.22   2.1033e+03   2.3188e+03   6.9219e+02   1  J  0.01  1   J  2.35427e+18  -0.164  1.334  1.00000e+11
OBS: 6000311  54217.660   -10.21   2.1053e+03   2.2986e+03   5.6621e+02   1  J  0.01  1   J  2.33394e+18  -0.164  1.332  1.00000e+11
OBS: 6000311  54224.719    -3.15   2.5419e+03   3.0697e+03   7.4014e+02   1  J  0.24  1   J  3.18981e+18  -0.139  0.204  1.00000e+11
OBS: 6000311  54224.730    -3.14   2.5411e+03   2.9467e+03   6.9402e+02   1  J  0.12  1   J  3.06198e+18  -0.139  0.204  1.00000e+11
OBS: 6000311  54228.609     0.74   2.1264e+03   2.5429e+03   6.0277e+02   1  J  0.21  1   J  2.68474e+18  -0.122  0.457  1.00000e+11
OBS: 6000311  54228.621     0.75   2.1248e+03   2.1762e+03   6.5019e+02   1  J  0.02  1   J  2.29793e+18  -0.121  0.458  1.00000e+11
OBS: 6000311  54233.641     5.77   1.3967e+03   2.2932e+03   7.8770e+02   1  J  1.04  1   J  2.41858e+18  -0.123  1.272  1.00000e+11
OBS: 6000311  54233.648     5.78   1.3953e+03   1.5031e+03   6.8271e+02   1  J  0.00  1   J  1.58500e+18  -0.123  1.273  1.00000e+11
OBS: 6000311  54237.719     9.85   9.1070e+02   1.1431e+04   3.1237e+03   1  J  11.21  1   J  1.10404e+19  -0.218  1.271  1.00000e+11
OBS: 6000311  54238.629    10.76   8.3613e+02   1.3081e+03   7.1046e+02   1  J  0.34  1   J  1.24442e+18  -0.235  1.171  1.00000e+11
OBS: 6000311  54238.641    10.77   8.3541e+02   7.7348e+02   6.3956e+02   1  J  0.03  1   J  7.35790e+17  -0.235  1.170  1.00000e+11
OBS: 6000311  54254.719    26.85   1.0784e+03   9.5366e+02   2.6692e+02   1  J  0.51  1   J  6.83584e+17  -0.542  0.772  1.00000e+11
OBS: 6000311  54254.719    26.85   1.0784e+03   1.0300e+03   2.6601e+02   1  J  0.19  1   J  7.38328e+17  -0.542  0.772  1.00000e+11
OBS: 6000311  54258.672    30.80   1.2623e+03   1.6580e+03   4.8799e+02   1  J  0.40  1   J  1.14551e+18  -0.582  0.512  1.00000e+11
OBS: 6000311  54258.680    30.81   1.2627e+03   1.0783e+03   6.3274e+02   1  J  0.18  1   J  7.45029e+17  -0.582  0.514  1.00000e+11
OBS: 6000311  54168.871   -59.00   0.0000e+00   0.0000e+00   0.0000e+00   0  J  0.00  1   !  -9.99000e+02  -99.000  -99.000  -999
OBS: 6000311  54170.871   -57.00   0.0000e+00   0.0000e+00   0.0000e+00   0  J  0.00  1   !  -9.99000e+02  -99.000  -99.000  -999
OBS: 6000311  54172.871   -55.00   0.0000e+00   0.0000e+00   0.0000e+00   0  J  0.00  1   !  -9.99000e+02  -99.000  -99.000  -999
OBS: 6000311  54174.871   -53.00   0.0000e+00   0.0000e+00   0.0000e+00   0  J  0.00  1   !  -9.99000e+02  -99.000  -99.000  -999
OBS: 6000311  54176.871   -51.00   0.0000e+00   0.0000e+00   0.0000e+00   0  J  0.00  1   !  -9.99000e+02  -99.000  -99.000  -999
OBS: 6000311  54178.871   -49.00   0.0000e+00   0.0000e+00   0.0000e+00   0  J  0.00  1   !  -9.99000e+02  -99.000  -99.000  -999
OBS: 6000311  54180.871   -47.00   0.0000e+00   0.0000e+00   0.0000e+00   0  J  0.00  1   !  -9.99000e+02  -99.000  -99.000  -999
OBS: 6000311  54182.871   -45.00   0.0000e+00   0.0000e+00   0.0000e+00   0  J  0.00  1   !  -9.99000e+02  -99.000  -99.000  -999
OBS: 6000311  54184.871   -43.00   0.0000e+00   0.0000e+00   0.0000e+00   0  J  0.00  1   !  -9.99000e+02  -99.000  -99.000  -999
OBS: 6000311  54186.871   -41.00   0.0000e+00   0.0000e+00   0.0000e+00   0  J  0.00  1   !  -9.99000e+02  -99.000  -99.000  -999
OBS: 6000311  54188.871   -39.00   0.0000e+00   0.0000e+00   0.0000e+00   0  J  0.00  1   !  -9.99000e+02  -99.000  -99.000  -999
OBS: 6000311  54190.871   -37.00   0.0000e+00   0.0000e+00   0.0000e+00   0  J  0.00  1   !  -9.99000e+02  -99.000  -99.000  -999
OBS: 6000311  54192.871   -35.00   0.0000e+00   0.0000e+00   0.0000e+00   0  J  0.00  1   !  -9.99000e+02  -99.000  -99.000  -999
OBS: 6000311  54194.871   -33.00   0.0000e+00   0.0000e+00   0.0000e+00   0  J  0.00  1   !  -9.99000e+02  -99.000  -99.000  -999
OBS: 6000311  54196.871   -31.00   0.0000e+00   0.0000e+00   0.0000e+00   0  J  0.00  1   !  -9.99000e+02  -99.000  -99.000  -999
OBS: 6000311  54198.871   -29.00   0.0000e+00   0.0000e+00   0.0000e+00   0  J  0.00  1   !  -9.99000e+02  -99.000  -99.000  -999
OBS: 6000311  54200.871   -27.00   0.0000e+00   0.0000e+00   0.0000e+00   0  J  0.00  1   !  -9.99000e+02  -99.000  -99.000  -999
OBS: 6000311  54202.871   -25.00   0.0000e+00   0.0000e+00   0.0000e+00   0  J  0.00  1   !  -9.99000e+02  -99.000  -99.000  -999
OBS: 6000311  54204.871   -23.00   0.0000e+00   0.0000e+00   0.0000e+00   0  J  0.00  1   !  -9.99000e+02  -99.000  -99.000  -999
OBS: 6000311  54206.871   -21.00   0.0000e+00   5.3826e+02   3.2399e+02   0  J  0.00  1   !  -9.99000e+02  -99.000  -99.000  -999
OBS: 6000311  54208.871   -19.00   0.0000e+00   6.0473e+02   3.6399e+02   0  J  0.00  1   !  -9.99000e+02  -99.000  -99.000  -999
OBS: 6000311  54210.871   -17.00   0.0000e+00   6.0635e+02   3.6497e+02   0  J  0.00  1   !  -9.99000e+02  -99.000  -99.000  -999
OBS: 6000311  54212.871   -15.00   0.0000e+00   9.1502e+02   1.4654e+02   0  J  0.00  1   !  -9.99000e+02  -99.000  -99.000  -999
OBS: 6000311  54214.871   -13.00   0.0000e+00   1.5150e+03   7.0091e+01   0  J  0.00  1   !  -9.99000e+02  -99.000  -99.000  -999
OBS: 6000311  54216.871   -11.00   0.0000e+00   2.0693e+03   6.8225e+01   0  J  0.00  1   !  -9.99000e+02  -99.000  -99.000  -999
OBS: 6000311  54218.871    -9.00   0.0000e+00   2.4636e+03   6.9175e+01   0  J  0.00  1   !  -9.99000e+02  -99.000  -99.000  -999
OBS: 6000311  54220.871    -7.00   0.0000e+00   2.6788e+03   5.2533e+01   0  J  0.00  1   !  -9.99000e+02  -99.000  -99.000  -999
OBS: 6000311  54222.871    -5.00   0.0000e+00   2.7632e+03   4.5433e+01   0  J  0.00  1   !  -9.99000e+02  -99.000  -99.000  -999
OBS: 6000311  54224.871    -3.00   0.0000e+00   2.6976e+03   4.6905e+01   0  J  0.00  1   !  -9.99000e+02  -99.000  -99.000  -999
OBS: 6000311  54226.871    -1.00   0.0000e+00   2.5230e+03   4.7536e+01   0  J  0.00  1   !  -9.99000e+02  -99.000  -99.000  -999
OBS: 6000311  54228.871     1.00   0.0000e+00   2.2236e+03   4.6795e+01   0  J  0.00  1   !  -9.99000e+02  -99.000  -99.000  -999
OBS: 6000311  54230.871     3.00   0.0000e+00   1.8893e+03   4.3993e+01   0  J  0.00  1   !  -9.99000e+02  -99.000  -99.000  -999
OBS: 6000311  54232.871     5.00   0.0000e+00   1.5968e+03   4.3082e+01   0  J  0.00  1   !  -9.99000e+02  -99.000  -99.000  -999
OBS: 6000311  54234.871     7.00   0.0000e+00   1.3124e+03   4.5569e+01   0  J  0.00  1   !  -9.99000e+02  -99.000  -99.000  -999
OBS: 6000311  54236.871     9.00   0.0000e+00   1.0570e+03   5.1655e+01   0  J  0.00  1   !  -9.99000e+02  -99.000  -99.000  -999
OBS: 6000311  54238.871    11.00   0.0000e+00   8.7316e+02   5.8105e+01   0  J  0.00  1   !  -9.99000e+02  -99.000  -99.000  -999
OBS: 6000311  54240.871    13.00   0.0000e+00   7.6947e+02   6.0377e+01   0  J  0.00  1   !  -9.99000e+02  -99.000  -99.000  -999
OBS: 6000311  54242.871    15.00   0.0000e+00   7.6028e+02   6.1422e+01   0  J  0.00  1   !  -9.99000e+02  -99.000  -99.000  -999
OBS: 6000311  54244.871    17.00   0.0000e+00   7.8023e+02   6.4170e+01   0  J  0.00  1   !  -9.99000e+02  -99.000  -99.000  -999
OBS: 6000311  54246.871    19.00   0.0000e+00   8.1828e+02   6.8941e+01   0  J  0.00  1   !  -9.99000e+02  -99.000  -99.000  -999
OBS: 6000311  54248.871    21.00   0.0000e+00   8.6249e+02   6.9672e+01   0  J  0.00  1   !  -9.99000e+02  -99.000  -99.000  -999
OBS: 6000311  54250.871    23.00   0.0000e+00   9.4124e+02   7.4202e+01   0  J  0.00  1   !  -9.99000e+02  -99.000  -99.000  -999
OBS: 6000311  54252.871    25.00   0.0000e+00   1.0491e+03   7.4947e+01   0  J  0.00  1   !  -9.99000e+02  -99.000  -99.000  -999
OBS: 6000311  54254.871    27.00   0.0000e+00   1.1585e+03   6.9806e+01   0  J  0.00  1   !  -9.99000e+02  -99.000  -99.000  -999
OBS: 6000311  54256.871    29.00   0.0000e+00   1.2688e+03   7.6671e+01   0  J  0.00  1   !  -9.99000e+02  -99.000  -99.000  -999
OBS: 6000311  54258.871    31.00   0.0000e+00   1.3548e+03   8.5202e+01   0  J  0.00  1   !  -9.99000e+02  -99.000  -99.000  -999
OBS: 6000311  54260.871    33.00   0.0000e+00   1.4336e+03   8.8186e+01   0  J  0.00  1   !  -9.99000e+02  -99.000  -99.000  -999
OBS: 6000311  54262.871    35.00   0.0000e+00   1.5184e+03   9.2491e+01   0  J  0.00  1   !  -9.99000e+02  -99.000  -99.000  -999
OBS: 6000311  54264.871    37.00   0.0000e+00   1.5412e+03   9.6758e+01   0  J  0.00  1   !  -9.99000e+02  -99.000  -99.000  -999
OBS: 6000311  54266.871    39.00   0.0000e+00   1.4601e+03   1.0859e+02   0  J  0.00  1   !  -9.99000e+02  -99.000  -99.000  -999
OBS: 6000311  54268.871    41.00   0.0000e+00   1.3002e+03   1.0797e+02   0  J  0.00  1   !  -9.99000e+02  -99.000  -99.000  -999
OBS: 6000311  54270.871    43.00   0.0000e+00   1.1085e+03   1.0283e+02   0  J  0.00  1   !  -9.99000e+02  -99.000  -99.000  -999
OBS: 6000311  54272.871    45.00   0.0000e+00   9.3020e+02   1.0058e+02   0  J  0.00  1   !  -9.99000e+02  -99.000  -99.000  -999
OBS: 6000311  54274.871    47.00   0.0000e+00   8.1848e+02   9.8103e+01   0  J  0.00  1   !  -9.99000e+02  -99.000  -99.000  -999
OBS: 6000311  54276.871    49.00   0.0000e+00   7.5829e+02   1.0623e+02   0  J  0.00  1   !  -9.99000e+02  -99.000  -99.000  -999
OBS: 6000311  54278.871    51.00   0.0000e+00   7.0639e+02   1.5226e+02   0  J  0.00  1   !  -9.99000e+02  -99.000  -99.000  -999
OBS: 6000311  54280.871    53.00   0.0000e+00   6.4359e+02   2.0296e+02   0  J  0.00  1   !  -9.99000e+02  -99.000  -99.000  -999
OBS: 6000311  54282.871    55.00   0.0000e+00   5.8224e+02   3.5046e+02   0  J  0.00  1   !  -9.99000e+02  -99.000  -99.000  -999
OBS: 6000311  54284.871    57.00   0.0000e+00   5.3099e+02   3.1961e+02   0  J  0.00  1   !  -9.99000e+02  -99.000  -99.000  -999
OBS: 6000311  54286.871    59.00   0.0000e+00   4.7096e+02   2.8347e+02   0  J  0.00  1   !  -9.99000e+02  -99.000  -99.000  -999
OBS: 6000311  54288.871    61.00   0.0000e+00   4.1859e+02   2.5195e+02   0  J  0.00  1   !  -9.99000e+02  -99.000  -99.000  -999
OBS: 6000311  54290.871    63.00   0.0000e+00   3.7511e+02   2.2578e+02   0  J  0.00  1   !  -9.99000e+02  -99.000  -99.000  -999
OBS: 6000311  54292.871    65.00   0.0000e+00   3.3030e+02   1.9881e+02   0  J  0.00  1   !  -9.99000e+02  -99.000  -99.000  -999
OBS: 6000311  54294.871    67.00   0.0000e+00   2.6938e+02   1.6215e+02   0  J  0.00  1   !  -9.99000e+02  -99.000  -99.000  -999
OBS: 6000311  54296.871    69.00   0.0000e+00   2.2678e+02   1.3650e+02   0  J  0.00  1   !  -9.99000e+02  -99.000  -99.000  -999
OBS: 6000311  54298.871    71.00   0.0000e+00   1.9476e+02   1.1723e+02   0  J  0.00  1   !  -9.99000e+02  -99.000  -99.000  -999
OBS: 6000311  54300.871    73.00   0.0000e+00   1.6870e+02   1.0154e+02   0  J  0.00  1   !  -9.99000e+02  -99.000  -99.000  -999
OBS: 6000311  54302.871    75.00   0.0000e+00   1.4582e+02   8.7770e+01   0  J  0.00  1   !  -9.99000e+02  -99.000  -99.000  -999
OBS: 6000311  54304.871    77.00   0.0000e+00   1.2435e+02   7.4847e+01   0  J  0.00  1   !  -9.99000e+02  -99.000  -99.000  -999
OBS: 6000311  54306.871    79.00   0.0000e+00   1.0345e+02   6.2269e+01   0  J  0.00  1   !  -9.99000e+02  -99.000  -99.000  -999
OBS: 6000311  54308.871    81.00   0.0000e+00   9.0717e+01   5.4604e+01   0  J  0.00  1   !  -9.99000e+02  -99.000  -99.000  -999
OBS: 6000311  54310.871    83.00   0.0000e+00   8.1303e+01   4.8937e+01   0  J  0.00  1   !  -9.99000e+02  -99.000  -99.000  -999
OBS: 6000311  54312.871    85.00   0.0000e+00   7.2812e+01   4.3826e+01   0  J  0.00  1   !  -9.99000e+02  -99.000  -99.000  -999
OBS: 6000311  54314.871    87.00   0.0000e+00   6.5157e+01   3.9219e+01   0  J  0.00  1   !  -9.99000e+02  -99.000  -99.000  -999
OBS: 6000311  54316.871    89.00   0.0000e+00   5.8198e+01   3.5030e+01   0  J  0.00  1   !  -9.99000e+02  -99.000  -99.000  -999
OBS: 6000311  54318.871    91.00   0.0000e+00   5.1829e+01   3.1197e+01   0  J  0.00  1   !  -9.99000e+02  -99.000  -99.000  -999
OBS: 6000311  54320.871    93.00   0.0000e+00   4.6852e+01   2.8201e+01   0  J  0.00  1   !  -9.99000e+02  -99.000  -99.000  -999
OBS: 6000311  54322.871    95.00   0.0000e+00   4.2491e+01   2.5576e+01   0  J  0.00  1   !  -9.99000e+02  -99.000  -99.000  -999
OBS: 6000311  54324.871    97.00   0.0000e+00   3.8788e+01   2.3347e+01   0  J  0.00  1   !  -9.99000e+02  -99.000  -99.000  -999
OBS: 6000311  54326.871    99.00   0.0000e+00   3.5567e+01   2.1408e+01   0  J  0.00  1   !  -9.99000e+02  -99.000  -99.000  -999
OBS: 6000311  54328.871   101.00   0.0000e+00   3.2755e+01   1.9716e+01   0  J  0.00  1   !  -9.99000e+02  -99.000  -99.000  -999
OBS: 6000311  54330.871   103.00   0.0000e+00   3.0166e+01   1.8158e+01   0  J  0.00  1   !  -9.99000e+02  -99.000  -99.000  -999
OBS: 6000311  54332.871   105.00   0.0000e+00   2.7782e+01   1.6722e+01   0  J  0.00  1   !  -9.99000e+02  -99.000  -99.000  -999
OBS: 6000311  54334.871   107.00   0.0000e+00   2.5586e+01   1.5401e+01   0  J  0.00  1   !  -9.99000e+02  -99.000  -99.000  -999
OBS: 6000311  54336.871   109.00   0.0000e+00   2.3564e+01   1.4183e+01   0  J  0.00  1   !  -9.99000e+02  -99.000  -99.000  -999
OBS: 6000311  54338.871   111.00   0.0000e+00   2.1701e+01   1.3062e+01   0  J  0.00  1   !  -9.99000e+02  -99.000  -99.000  -999
OBS: 6000311  54340.871   113.00   0.0000e+00   1.9986e+01   1.2030e+01   0  J  0.00  1   !  -9.99000e+02  -99.000  -99.000  -999
OBS: 6000311  54342.871   115.00   0.0000e+00   1.8406e+01   1.1079e+01   0  J  0.00  1   !  -9.99000e+02  -99.000  -99.000  -999
OBS: 6000311  54344.871   117.00   0.0000e+00   1.6951e+01   1.0203e+01   0  J  0.00  1   !  -9.99000e+02  -99.000  -99.000  -999
OBS: 6000311  54346.871   119.00   0.0000e+00   1.5611e+01   9.3967e+00   0  J  0.00  1   !  -9.99000e+02  -99.000  -99.000  -999
OBS: 6000311  54348.871   121.00   0.0000e+00   1.4378e+01   8.6540e+00   0  J  0.00  1   !  -9.99000e+02  -99.000  -99.000  -999
OBS: 6000311  54350.871   123.00   0.0000e+00   1.3241e+01   7.9700e+00   0  J  0.00  1   !  -9.99000e+02  -99.000  -99.000  -999
OBS: 6000311  54352.871   125.00   0.0000e+00   1.2195e+01   7.3400e+00   0  J  0.00  1   !  -9.99000e+02  -99.000  -99.000  -999
OBS: 6000311  54354.871   127.00   0.0000e+00   1.1231e+01   6.7598e+00   0  J  0.00  1   !  -9.99000e+02  -99.000  -99.000  -999
OBS: 6000311  54356.871   129.00   0.0000e+00   1.0343e+01   6.2255e+00   0  J  0.00  1   !  -9.99000e+02  -99.000  -99.000  -999
OBS: 6000311  54358.871   131.00   0.0000e+00   9.5254e+00   5.7335e+00   0  J  0.00  1   !  -9.99000e+02  -99.000  -99.000  -999
OBS: 6000311  54360.871   133.00   0.0000e+00   8.7725e+00   5.2803e+00   0  J  0.00  1   !  -9.99000e+02  -99.000  -99.000  -999
OBS: 6000311  54362.871   135.00   0.0000e+00   8.0791e+00   4.8629e+00   0  J  0.00  1   !  -9.99000e+02  -99.000  -99.000  -999
OBS: 6000311  54364.871   137.00   0.0000e+00   7.4405e+00   4.4785e+00   0  J  0.00  1   !  -9.99000e+02  -99.000  -99.000  -999
OBS: 6000311  54366.871   139.00   0.0000e+00   6.8524e+00   4.1245e+00   0  J  0.00  1   !  -9.99000e+02  -99.000  -99.000  -999
OBS: 6000311  54217.648   -10.22   1.9029e+03   1.3448e+03   3.3214e+02   1  Y  2.31  1   Y  1.35199e+18  -0.175  -0.488  1.00000e+11
OBS: 6000311  54217.660   -10.21   1.9052e+03   2.0933e+03   3.9684e+02   1  Y  0.32  1   Y  2.10430e+18  -0.175  -0.490  1.00000e+11
OBS: 6000311  54228.609     0.74   2.2502e+03   2.1158e+03   3.1740e+02   1  Y  0.07  1   Y  1.81364e+18  -0.348  -1.693  1.00000e+11
OBS: 6000311  54228.621     0.75   2.2487e+03   2.4359e+03   4.2639e+02   1  Y  0.29  1   Y  2.08790e+18  -0.348  -1.693  1.00000e+11
OBS: 6000311  54233.641     5.77   1.7705e+03   4.0407e+03   6.1400e+02   1  Y  13.93  1   Y  3.14255e+18  -0.453  -1.780  1.00000e+11
OBS: 6000311  54233.648     5.78   1.7696e+03   1.5026e+03   4.7448e+02   1  Y  0.23  1   Y  1.16853e+18  -0.453  -1.780  1.00000e+11
OBS: 6000311  54237.719     9.85   1.5449e+03   2.1273e+03   7.0002e+02   1  Y  0.76  1   Y  1.58953e+18  -0.497  -1.805  1.00000e+11
OBS: 6000311  54237.719     9.85   1.5449e+03   2.9514e+03   1.5185e+03   1  Y  0.90  1   Y  2.20529e+18  -0.497  -1.805  1.00000e+11
OBS: 6000311  54238.629    10.76   1.5246e+03   1.9785e+03   3.6843e+02   1  Y  1.67  1   Y  1.47875e+18  -0.497  -1.738  1.00000e+11
OBS: 6000311  54238.641    10.77   1.5243e+03   1.1464e+03   3.0975e+02   1  Y  1.18  1   Y  8.56976e+17  -0.496  -1.737  1.00000e+11
OBS: 6000311  54258.672    30.80   2.7633e+03   2.2236e+03   2.7338e+02   1  Y  2.87  1   Y  2.04232e+18  -0.273  -0.836  1.00000e+11
OBS: 6000311  54258.680    30.81   2.7637e+03   3.0165e+03   3.7373e+02   1  Y  0.67  1   Y  2.77129e+18  -0.272  -0.835  1.00000e+11
OBS: 6000311  54168.871   -59.00   0.0000e+00   0.0000e+00   0.0000e+00   0  Y  0.00  1   !  -9.99000e+02  -99.000  -99.000  -999
OBS: 6000311  54170.871   -57.00   0.0000e+00   0.0000e+00   0.0000e+00   0  Y  0.00  1   !  -9.99000e+02  -99.000  -99.000  -999
OBS: 6000311  54172.871   -55.00   0.0000e+00   0.0000e+00   0.0000e+00   0  Y  0.00  1   !  -9.99000e+02  -99.000  -99.000  -999
OBS: 6000311  54174.871   -53.00   0.0000e+00   0.0000e+00   0.0000e+00   0  Y  0.00  1   !  -9.99000e+02  -99.000  -99.000  -999
OBS: 6000311  54176.871   -51.00   0.0000e+00   0.0000e+00   0.0000e+00   0  Y  0.00  1   !  -9.99000e+02  -99.000  -99.000  -999
OBS: 6000311  54178.871   -49.00   0.0000e+00   0.0000e+00   0.0000e+00   0  Y  0.00  1   !  -9.99000e+02  -99.000  -99.000  -999
OBS: 6000311  54180.871   -47.00   0.0000e+00   0.0000e+00   0.0000e+00   0  Y  0.00  1   !  -9.99000e+02  -99.000  -99.000  -999
OBS: 6000311  54182.871   -45.00   0.0000e+00   0.0000e+00   0.0000e+00   0  Y  0.00  1   !  -9.99000e+02  -99.000  -99.000  -999
OBS: 6000311  54184.871   -43.00   0.0000e+00   0.0000e+00   0.0000e+00   0  Y  0.00  1   !  -9.99000e+02  -99.000  -99.000  -999
OBS: 6000311  54186.871   -41.00   0.0000e+00   0.0000e+00   0.0000e+00   0  Y  0.00  1   !  -9.99000e+02  -99.000  -99.000  -999
OBS: 6000311  54188.871   -39.00   0.0000e+00   0.0000e+00   0.0000e+00   0  Y  0.00  1   !  -9.99000e+02  -99.000  -99.000  -999
OBS: 6000311  54190.871   -37.00   0.0000e+00   0.0000e+00   0.0000e+00   0  Y  0.00  1   !  -9.99000e+02  -99.000  -99.000  -999
OBS: 6000311  54192.871   -35.00   0.0000e+00   0.0000e+00   0.0000e+00   0  Y  0.00  1   !  -9.99000e+02  -99.000  -99.000  -999
OBS: 6000311  54194.871   -33.00   0.0000e+00   0.0000e+00   0.0000e+00   0  Y  0.00  1   !  -9.99000e+02  -99.000  -99.000  -999
OBS: 6000311  54196.871   -31.00   0.0000e+00   0.0000e+00   0.0000e+00   0  Y  0.00  1   !  -9.99000e+02  -99.000  -99.000  -999
OBS: 6000311  54198.871   -29.00   0.0000e+00   0.0000e+00   0.0000e+00   0  Y  0.00  1   !  -9.99000e+02  -99.000  -99.000  -999
OBS: 6000311  54200.871   -27.00   0.0000e+00   0.0000e+00   0.0000e+00   0  Y  0.00  1   !  -9.99000e+02  -99.000  -99.000  -999
OBS: 6000311  54202.871   -25.00   0.0000e+00   0.0000e+00   0.0000e+00   0  Y  0.00  1   !  -9.99000e+02  -99.000  -99.000  -999
OBS: 6000311  54204.871   -23.00   0.0000e+00   0.0000e+00   0.0000e+00   0  Y  0.00  1   !  -9.99000e+02  -99.000  -99.000  -999
OBS: 6000311  54206.871   -21.00   0.0000e+00   4.3102e+02   2.5944e+02   0  Y  0.00  1   !  -9.99000e+02  -99.000  -99.000  -999
OBS: 6000311  54208.871   -19.00   0.0000e+00   3.7871e+02   2.2795e+02   0  Y  0.00  1   !  -9.99000e+02  -99.000  -99.000  -999
OBS: 6000311  54210.871   -17.00   0.0000e+00   3.7710e+02   2.2698e+02   0  Y  0.00  1   !  -9.99000e+02  -99.000  -99.000  -999
OBS: 6000311  54212.871   -15.00   0.0000e+00   6.5261e+02   1.1972e+02   0  Y  0.00  1   !  -9.99000e+02  -99.000  -99.000  -999
OBS: 6000311  54214.871   -13.00   0.0000e+00   1.1660e+03   8.1762e+01   0  Y  0.00  1   !  -9.99000e+02  -99.000  -99.000  -999
OBS: 6000311  54216.871   -11.00   0.0000e+00   1.6782e+03   7.6440e+01   0  Y  0.00  1   !  -9.99000e+02  -99.000  -99.000  -999
OBS: 6000311  54218.871    -9.00   0.0000e+00   2.1508e+03   7.3874e+01   0  Y  0.00  1   !  -9.99000e+02  -99.000  -99.000  -999
OBS: 6000311  54220.871    -7.00   0.0000e+00   2.5744e+03   6.1059e+01   0  Y  0.00  1   !  -9.99000e+02  -99.000  -99.000  -999
OBS: 6000311  54222.871    -5.00   0.0000e+00   2.7901e+03   5.9184e+01   0  Y  0.00  1   !  -9.99000e+02  -99.000  -99.000  -999
OBS: 6000311  54224.871    -3.00   0.0000e+00   2.7621e+03   7.1293e+01   0  Y  0.00  1   !  -9.99000e+02  -99.000  -99.000  -999
OBS: 6000311  54226.871    -1.00   0.0000e+00   2.4779e+03   7.1128e+01   0  Y  0.00  1   !  -9.99000e+02  -99.000  -99.000  -999
OBS: 6000311  54228.871     1.00   0.0000e+00   2.1661e+03   6.2178e+01   0  Y  0.00  1   !  -9.99000e+02  -99.000  -99.000  -999
OBS: 6000311  54230.871     3.00   0.0000e+00   1.9749e+03   6.3975e+01   0  Y  0.00  1   !  -9.99000e+02  -99.000  -99.000  -999
OBS: 6000311  54232.871     5.00   0.0000e+00   1.8024e+03   6.9591e+01   0  Y  0.00  1   !  -9.99000e+02  -99.000  -99.000  -999
OBS: 6000311  54234.871     7.00   0.0000e+00   1.6323e+03   7.3497e+01   0  Y  0.00  1   !  -9.99000e+02  -99.000  -99.000  -999
OBS: 6000311  54236.871     9.00   0.0000e+00   1.5274e+03   7.5764e+01   0  Y  0.00  1   !  -9.99000e+02  -99.000  -99.000  -999
OBS: 6000311  54238.871    11.00   0.0000e+00   1.4873e+03   7.4206e+01   0  Y  0.00  1   !  -9.99000e+02  -99.000  -99.000  -999
OBS: 6000311  54240.871    13.00   0.0000e+00   1.4819e+03   7.2904e+01   0  Y  0.00  1   !  -9.99000e+02  -99.000  -99.000  -999
OBS: 6000311  54242.871    15.00   0.0000e+00   1.5566e+03   7.2793e+01   0  Y  0.00  1   !  -9.99000e+02  -99.000  -99.000  -999
OBS: 6000311  54244.871    17.00   0.0000e+00   1.6850e+03   7.1937e+01   0  Y  0.00  1   !  -9.99000e+02  -99.000  -99.000  -999
OBS: 6000311  54246.871    19.00   0.0000e+00   1.8059e+03   7.4991e+01   0  Y  0.00  1   !  -9.99000e+02  -99.000  -99.000  -999
OBS: 6000311  54248.871    21.00   0.0000e+00   1.9042e+03   8.2550e+01   0  Y  0.00  1   !  -9.99000e+02  -99.000  -99.000  -999
OBS: 6000311  54250.871    23.00   0.0000e+00   1.9289e+03   8.7766e+01   0  Y  0.00  1   !  -9.99000e+02  -99.000  -99.000  -999
OBS: 6000311  54252.871    25.00   0.0000e+00   2.0097e+03   8.3408e+01   0  Y  0.00  1   !  -9.99000e+02  -99.000  -99.000  -999
OBS: 6000311  54254.871    27.00   0.0000e+00   2.2947e+03   7.8465e+01   0  Y  0.00  1   !  -9.99000e+02  -99.000  -99.000  -999
OBS: 6000311  54256.871    29.00   0.0000e+00   2.5995e+03   7.6752e+01   0  Y  0.00  1   !  -9.99000e+02  -99.000  -99.000  -999
OBS: 6000311  54258.871    31.00   0.0000e+00   2.7127e+03   7.5791e+01   0  Y  0.00  1   !  -9.99000e+02  -99.000  -99.000  -999
OBS: 6000311  54260.871    33.00   0.0000e+00   2.7138e+03   7.3928e+01   0  Y  0.00  1   !  -9.99000e+02  -99.000  -99.000  -999
OBS: 6000311  54262.871    35.00   0.0000e+00   2.6263e+03   7.3053e+01   0  Y  0.00  1   !  -9.99000e+02  -99.000  -99.000  -999
OBS: 6000311  54264.871    37.00   0.0000e+00   2.4858e+03   6.9248e+01   0  Y  0.00  1   !  -9.99000e+02  -99.000  -99.000  -999
OBS: 6000311  54266.871    39.00   0.0000e+00   2.3630e+03   6.5757e+01   0  Y  0.00  1   !  -9.99000e+02  -99.000  -99.000  -999
OBS: 6000311  54268.871    41.00   0.0000e+00   2.2214e+03   6.4679e+01   0  Y  0.00  1   !  -9.99000e+02  -99.000  -99.000  -999
OBS: 6000311  54270.871    43.00   0.0000e+00   2.0259e+03   7.0429e+01   0  Y  0.00  1   !  -9.99000e+02  -99.000  -99.000  -999
OBS: 6000311  54272.871    45.00   0.0000e+00   1.8306e+03   7.2577e+01   0  Y  0.00  1   !  -9.99000e+02  -99.000  -99.000  -999
OBS: 6000311  54274.871    47.00   0.0000e+00   1.6717e+03   6.3317e+01   0  Y  0.00  1   !  -9.99000e+02  -99.000  -99.000  -999
OBS: 6000311  54276.871    49.00   0.0000e+00   1.5322e+03   5.4394e+01   0  Y  0.00  1   !  -9.99000e+02  -99.000  -99.000  -999
OBS: 6000311  54278.871    51.00   0.0000e+00   1.3861e+03   5.5051e+01   0  Y  0.00  1   !  -9.99000e+02  -99.000  -99.000  -999
OBS: 6000311  54280.871    53.00   0.0000e+00   1.2323e+03   5.8639e+01   0  Y  0.00  1   !  -9.99000e+02  -99.000  -99.000  -999
OBS: 6000311  54282.871    55.00   0.0000e+00   1.0732e+03   6.4598e+02   0  Y  0.00  1   !  -9.99000e+02  -99.000  -99.000  -999
OBS: 6000311  54284.871    57.00   0.0000e+00   9.2298e+02   5.5555e+02   0  Y  0.00  1   !  -9.99000e+02  -99.000  -99.000  -999
OBS: 6000311  54286.871    59.00   0.0000e+00   8.3912e+02   5.0508e+02   0  Y  0.00  1   !  -9.99000e+02  -99.000  -99.000  -999
OBS: 6000311  54288.871    61.00   0.0000e+00   7.6664e+02   4.6145e+02   0  Y  0.00  1   !  -9.99000e+02  -99.000  -99.000  -999
OBS: 6000311  54290.871    63.00   0.0000e+00   7.1032e+02   4.2755e+02   0  Y  0.00  1   !  -9.99000e+02  -99.000  -99.000  -999
OBS: 6000311  54292.871    65.00   0.0000e+00   6.5002e+02   3.9126e+02   0  Y  0.00  1   !  -9.99000e+02  -99.000  -99.000  -999
OBS: 6000311  54294.871    67.00   0.0000e+00   5.5108e+02   3.3170e+02   0  Y  0.00  1   !  -9.99000e+02  -99.000  -99.000  -999
OBS: 6000311  54296.871    69.00   0.0000e+00   4.7324e+02   2.8485e+02   0  Y  0.00  1   !  -9.99000e+02  -99.000  -99.000  -999
OBS: 6000311  54298.871    71.00   0.0000e+00   4.1273e+02   2.4843e+02   0  Y  0.00  1   !  -9.99000e+02  -99.000  -99.000  -999
OBS: 6000311  54300.871    73.00   0.0000e+00   3.6635e+02   2.2051e+02   0  Y  0.00  1   !  -9.99000e+02  -99.000  -99.000  -999
OBS: 6000311  54302.871    75.00   0.0000e+00   3.3091e+02   1.9918e+02   0  Y  0.00  1   !  -9.99000e+02  -99.000  -99.000  -999
OBS: 6000311  54304.871    77.00   0.0000e+00   3.0266e+02   1.8218e+02   0  Y  0.00  1   !  -9.99000e+02  -99.000  -99.000  -999
OBS: 6000311  54306.871    79.00   0.0000e+00   2.8022e+02   1.6867e+02   0  Y  0.00  1   !  -9.99000e+02  -99.000  -99.000  -999
OBS: 6000311  54308.871    81.00   0.0000e+00   2.5160e+02   1.5144e+02   0  Y  0.00  1   !  -9.99000e+02  -99.000  -99.000  -999
OBS: 6000311  54310.871    83.00   0.0000e+00   2.2337e+02   1.3445e+02   0  Y  0.00  1   !  -9.99000e+02  -99.000  -99.000  -999
OBS: 6000311  54312.871    85.00   0.0000e+00   1.9866e+02   1.1958e+02   0  Y  0.00  1   !  -9.99000e+02  -99.000  -99.000  -999
OBS: 6000311  54314.871    87.00   0.0000e+00   1.7696e+02   1.0651e+02   0  Y  0.00  1   !  -9.99000e+02  -99.000  -99.000  -999
OBS: 6000311  54316.871    89.00   0.0000e+00   1.5805e+02   9.5134e+01   0  Y  0.00  1   !  -9.99000e+02  -99.000  -99.000  -999
OBS: 6000311  54318.871    91.00   0.0000e+00   1.4162e+02   8.5242e+01   0  Y  0.00  1   !  -9.99000e+02  -99.000  -99.000  -999
OBS: 6000311  54320.871    93.00   0.0000e+00   1.2516e+02   7.5335e+01   0  Y  0.00  1   !  -9.99000e+02  -99.000  -99.000  -999
OBS: 6000311  54322.871    95.00   0.0000e+00   1.1027e+02   6.6373e+01   0  Y  0.00  1   !  -9.99000e+02  -99.000  -99.000  -999
OBS: 6000311  54324.871    97.00   0.0000e+00   9.7151e+01   5.8476e+01   0  Y  0.00  1   !  -9.99000e+02  -99.000  -99.000  -999
OBS: 6000311  54326.871    99.00   0.0000e+00   8.5589e+01   5.1517e+01   0  Y  0.00  1   !  -9.99000e+02  -99.000  -99.000  -999
OBS: 6000311  54328.871   101.00   0.0000e+00   7.5401e+01   4.5385e+01   0  Y  0.00  1   !  -9.99000e+02  -99.000  -99.000  -999
OBS: 6000311  54330.871   103.00   0.0000e+00   6.6432e+01   3.9986e+01   0  Y  0.00  1   !  -9.99000e+02  -99.000  -99.000  -999
OBS: 6000311  54332.871   105.00   0.0000e+00   5.8523e+01   3.5226e+01   0  Y  0.00  1   !  -9.99000e+02  -99.000  -99.000  -999
OBS: 6000311  54334.871   107.00   0.0000e+00   5.1552e+01   3.1030e+01   0  Y  0.00  1   !  -9.99000e+02  -99.000  -99.000  -999
OBS: 6000311  54336.871   109.00   0.0000e+00   4.5411e+01   2.7333e+01   0  Y  0.00  1   !  -9.99000e+02  -99.000  -99.000  -999
OBS: 6000311  54338.871   111.00   0.0000e+00   4.0000e+01   2.4076e+01   0  Y  0.00  1   !  -9.99000e+02  -99.000  -99.000  -999
OBS: 6000311  54340.871   113.00   0.0000e+00   3.5232e+01   2.1207e+01   0  Y  0.00  1   !  -9.99000e+02  -99.000  -99.000  -999
OBS: 6000311  54342.871   115.00   0.0000e+00   3.1035e+01   1.8680e+01   0  Y  0.00  1   !  -9.99000e+02  -99.000  -99.000  -999
OBS: 6000311  54344.871   117.00   0.0000e+00   2.7341e+01   1.6457e+01   0  Y  0.00  1   !  -9.99000e+02  -99.000  -99.000  -999
OBS: 6000311  54346.871   119.00   0.0000e+00   2.4081e+01   1.4495e+01   0  Y  0.00  1   !  -9.99000e+02  -99.000  -99.000  -999
OBS: 6000311  54348.871   121.00   0.0000e+00   2.1209e+01   1.2766e+01   0  Y  0.00  1   !  -9.99000e+02  -99.000  -99.000  -999
OBS: 6000311  54350.871   123.00   0.0000e+00   1.8679e+01   1.1243e+01   0  Y  0.00  1   !  -9.99000e+02  -99.000  -99.000  -999
OBS: 6000311  54352.871   125.00   0.0000e+00   1.6450e+01   9.9015e+00   0  Y  0.00  1   !  -9.99000e+02  -99.000  -99.000  -999
OBS: 6000311  54354.871   127.00   0.0000e+00   1.4487e+01   8.7198e+00   0  Y  0.00  1   !  -9.99000e+02  -99.000  -99.000  -999
OBS: 6000311  54356.871   129.00   0.0000e+00   1.2760e+01   7.6806e+00   0  Y  0.00  1   !  -9.99000e+02  -99.000  -99.000  -999
OBS: 6000311  54358.871   131.00   0.0000e+00   1.1240e+01   6.7656e+00   0  Y  0.00  1   !  -9.99000e+02  -99.000  -99.000  -999
OBS: 6000311  54360.871   133.00   0.0000e+00   9.8980e+00   5.9577e+00   0  Y  0.00  1   !  -9.99000e+02  -99.000  -99.000  -999
OBS: 6000311  54362.871   135.00   0.0000e+00   8.7159e+00   5.2462e+00   0  Y  0.00  1   !  -9.99000e+02  -99.000  -99.000  -999
OBS: 6000311  54364.871   137.00   0.0000e+00   7.6748e+00   4.6196e+00   0  Y  0.00  1   !  -9.99000e+02  -99.000  -99.000  -999
OBS: 6000311  54366.871   139.00   0.0000e+00   6.7579e+00   4.0676e+00   0  Y  0.00  1   !  -9.99000e+02  -99.000  -99.000  -999
OBS: 6000311  54224.719    -3.15   2.8080e+03   2.3778e+03   4.9685e+02   1  y  0.55  1   Y  2.05318e+18  -0.340  -1.329  1.00000e+11
OBS: 6000311  54224.730    -3.14   2.8068e+03   1.9186e+03   4.9100e+02   1  y  2.80  1   Y  1.65669e+18  -0.340  -1.331  1.00000e+11
OBS: 6000311  54254.719    26.85   2.2668e+03   2.4115e+03   2.8167e+02   1  y  0.44  1   Y  2.14603e+18  -0.307  -1.014  1.00000e+11
OBS: 6000311  54254.719    26.85   2.2668e+03   2.4928e+03   4.3012e+02   1  y  0.39  1   Y  2.21833e+18  -0.307  -1.014  1.00000e+11
OBS: 6000311  54274.648    46.78   1.7875e+03   1.9450e+03   2.0233e+02   1  y  0.84  1   Y  2.17244e+18  -0.060  -0.244  1.00000e+11
OBS: 6000311  54274.648    46.78   1.7875e+03   2.0017e+03   2.3384e+02   1  y  1.07  1   Y  2.23580e+18  -0.060  -0.244  1.00000e+11
OBS: 6000311  54275.641    47.77   1.7162e+03   1.8951e+03   2.2877e+02   1  y  0.82  1   Y  2.12021e+18  -0.059  -0.236  1.00000e+11
OBS: 6000311  54275.648    47.78   1.7155e+03   1.4785e+03   2.3715e+02   1  y  0.67  1   Y  1.65421e+18  -0.059  -0.236  1.00000e+11
OBS: 6000311  54168.871   -59.00   0.0000e+00   0.0000e+00   0.0000e+00   0  y  0.00  1   !  -9.99000e+02  -99.000  -99.000  -999
OBS: 6000311  54170.871   -57.00   0.0000e+00   0.0000e+00   0.0000e+00   0  y  0.00  1   !  -9.99000e+02  -99.000  -99.000  -999
OBS: 6000311  54172.871   -55.00   0.0000e+00   0.0000e+00   0.0000e+00   0  y  0.00  1   !  -9.99000e+02  -99.000  -99.000  -999
OBS: 6000311  54174.871   -53.00   0.0000e+00   0.0000e+00   0.0000e+00   0  y  0.00  1   !  -9.99000e+02  -99.000  -99.000  -999
OBS: 6000311  54176.871   -51.00   0.0000e+00   0.0000e+00   0.0000e+00   0  y  0.00  1   !  -9.99000e+02  -99.000  -99.000  -999
OBS: 6000311  54178.871   -49.00   0.0000e+00   0.0000e+00   0.0000e+00   0  y  0.00  1   !  -9.99000e+02  -99.000  -99.000  -999
OBS: 6000311  54180.871   -47.00   0.0000e+00   0.0000e+00   0.0000e+00   0  y  0.00  1   !  -9.99000e+02  -99.000  -99.000  -999
OBS: 6000311  54182.871   -45.00   0.0000e+00   0.0000e+00   0.0000e+00   0  y  0.00  1   !  -9.99000e+02  -99.000  -99.000  -999
OBS: 6000311  54184.871   -43.00   0.0000e+00   0.0000e+00   0.0000e+00   0  y  0.00  1   !  -9.99000e+02  -99.000  -99.000  -999
OBS: 6000311  54186.871   -41.00   0.0000e+00   0.0000e+00   0.0000e+00   0  y  0.00  1   !  -9.99000e+02  -99.000  -99.000  -999
OBS: 6000311  54188.871   -39.00   0.0000e+00   0.0000e+00   0.0000e+00   0  y  0.00  1   !  -9.99000e+02  -99.000  -99.000  -999
OBS: 6000311  54190.871   -37.00   0.0000e+00   0.0000e+00   0.0000e+00   0  y  0.00  1   !  -9.99000e+02  -99.000  -99.000  -999
OBS: 6000311  54192.871   -35.00   0.0000e+00   0.0000e+00   0.0000e+00   0  y  0.00  1   !  -9.99000e+02  -99.000  -99.000  -999
OBS: 6000311  54194.871   -33.00   0.0000e+00   0.0000e+00   0.0000e+00   0  y  0.00  1   !  -9.99000e+02  -99.000  -99.000  -999
OBS: 6000311  54196.871   -31.00   0.0000e+00   0.0000e+00   0.0000e+00   0  y  0.00  1   !  -9.99000e+02  -99.000  -99.000  -999
OBS: 6000311  54198.871   -29.00   0.0000e+00   0.0000e+00   0.0000e+00   0  y  0.00  1   !  -9.99000e+02  -99.000  -99.000  -999
OBS: 6000311  54200.871   -27.00   0.0000e+00   0.0000e+00   0.0000e+00   0  y  0.00  1   !  -9.99000e+02  -99.000  -99.000  -999
OBS: 6000311  54202.871   -25.00   0.0000e+00   0.0000e+00   0.0000e+00   0  y  0.00  1   !  -9.99000e+02  -99.000  -99.000  -999
OBS: 6000311  54204.871   -23.00   0.0000e+00   0.0000e+00   0.0000e+00   0  y  0.00  1   !  -9.99000e+02  -99.000  -99.000  -999
OBS: 6000311  54206.871   -21.00   0.0000e+00   4.3884e+02   2.6414e+02   0  y  0.00  1   !  -9.99000e+02  -99.000  -99.000  -999
OBS: 6000311  54208.871   -19.00   0.0000e+00   3.8165e+02   2.2972e+02   0  y  0.00  1   !  -9.99000e+02  -99.000  -99.000  -999
OBS: 6000311  54210.871   -17.00   0.0000e+00   3.7986e+02   2.2864e+02   0  y  0.00  1   !  -9.99000e+02  -99.000  -99.000  -999
OBS: 6000311  54212.871   -15.00   0.0000e+00   6.4843e+02   1.1895e+02   0  y  0.00  1   !  -9.99000e+02  -99.000  -99.000  -999
OBS: 6000311  54214.871   -13.00   0.0000e+00   1.1511e+03   8.0718e+01   0  y  0.00  1   !  -9.99000e+02  -99.000  -99.000  -999
OBS: 6000311  54216.871   -11.00   0.0000e+00   1.6622e+03   7.5712e+01   0  y  0.00  1   !  -9.99000e+02  -99.000  -99.000  -999
OBS: 6000311  54218.871    -9.00   0.0000e+00   2.1426e+03   7.3595e+01   0  y  0.00  1   !  -9.99000e+02  -99.000  -99.000  -999
OBS: 6000311  54220.871    -7.00   0.0000e+00   2.5668e+03   6.0879e+01   0  y  0.00  1   !  -9.99000e+02  -99.000  -99.000  -999
OBS: 6000311  54222.871    -5.00   0.0000e+00   2.7676e+03   5.8706e+01   0  y  0.00  1   !  -9.99000e+02  -99.000  -99.000  -999
OBS: 6000311  54224.871    -3.00   0.0000e+00   2.7324e+03   7.0528e+01   0  y  0.00  1   !  -9.99000e+02  -99.000  -99.000  -999
OBS: 6000311  54226.871    -1.00   0.0000e+00   2.4364e+03   6.9937e+01   0  y  0.00  1   !  -9.99000e+02  -99.000  -99.000  -999
OBS: 6000311  54228.871     1.00   0.0000e+00   2.1163e+03   6.0751e+01   0  y  0.00  1   !  -9.99000e+02  -99.000  -99.000  -999
OBS: 6000311  54230.871     3.00   0.0000e+00   1.9222e+03   6.2269e+01   0  y  0.00  1   !  -9.99000e+02  -99.000  -99.000  -999
OBS: 6000311  54232.871     5.00   0.0000e+00   1.7479e+03   6.7487e+01   0  y  0.00  1   !  -9.99000e+02  -99.000  -99.000  -999
OBS: 6000311  54234.871     7.00   0.0000e+00   1.5824e+03   7.1249e+01   0  y  0.00  1   !  -9.99000e+02  -99.000  -99.000  -999
OBS: 6000311  54236.871     9.00   0.0000e+00   1.4807e+03   7.3450e+01   0  y  0.00  1   !  -9.99000e+02  -99.000  -99.000  -999
OBS: 6000311  54238.871    11.00   0.0000e+00   1.4346e+03   7.1578e+01   0  y  0.00  1   !  -9.99000e+02  -99.000  -99.000  -999
OBS: 6000311  54240.871    13.00   0.0000e+00   1.4244e+03   7.0070e+01   0  y  0.00  1   !  -9.99000e+02  -99.000  -99.000  -999
OBS: 6000311  54242.871    15.00   0.0000e+00   1.4939e+03   6.9859e+01   0  y  0.00  1   !  -9.99000e+02  -99.000  -99.000  -999
OBS: 6000311  54244.871    17.00   0.0000e+00   1.6141e+03   6.8909e+01   0  y  0.00  1   !  -9.99000e+02  -99.000  -99.000  -999
OBS: 6000311  54246.871    19.00   0.0000e+00   1.7289e+03   7.1795e+01   0  y  0.00  1   !  -9.99000e+02  -99.000  -99.000  -999
OBS: 6000311  54248.871    21.00   0.0000e+00   1.8245e+03   7.9097e+01   0  y  0.00  1   !  -9.99000e+02  -99.000  -99.000  -999
OBS: 6000311  54250.871    23.00   0.0000e+00   1.8593e+03   8.4599e+01   0  y  0.00  1   !  -9.99000e+02  -99.000  -99.000  -999
OBS: 6000311  54252.871    25.00   0.0000e+00   1.9508e+03   8.0963e+01   0  y  0.00  1   !  -9.99000e+02  -99.000  -99.000  -999
OBS: 6000311  54254.871    27.00   0.0000e+00   2.2435e+03   7.6714e+01   0  y  0.00  1   !  -9.99000e+02  -99.000  -99.000  -999
OBS: 6000311  54256.871    29.00   0.0000e+00   2.5625e+03   7.5661e+01   0  y  0.00  1   !  -9.99000e+02  -99.000  -99.000  -999
OBS: 6000311  54258.871    31.00   0.0000e+00   2.7105e+03   7.5730e+01   0  y  0.00  1   !  -9.99000e+02  -99.000  -99.000  -999
OBS: 6000311  54260.871    33.00   0.0000e+00   2.7471e+03   7.4834e+01   0  y  0.00  1   !  -9.99000e+02  -99.000  -99.000  -999
OBS: 6000311  54262.871    35.00   0.0000e+00   2.6778e+03   7.4484e+01   0  y  0.00  1   !  -9.99000e+02  -99.000  -99.000  -999
OBS: 6000311  54264.871    37.00   0.0000e+00   2.5511e+03   7.1068e+01   0  y  0.00  1   !  -9.99000e+02  -99.000  -99.000  -999
OBS: 6000311  54266.871    39.00   0.0000e+00   2.4353e+03   6.7769e+01   0  y  0.00  1   !  -9.99000e+02  -99.000  -99.000  -999
OBS: 6000311  54268.871    41.00   0.0000e+00   2.2938e+03   6.6787e+01   0  y  0.00  1   !  -9.99000e+02  -99.000  -99.000  -999
OBS: 6000311  54270.871    43.00   0.0000e+00   2.0949e+03   7.2826e+01   0  y  0.00  1   !  -9.99000e+02  -99.000  -99.000  -999
OBS: 6000311  54272.871    45.00   0.0000e+00   1.8955e+03   7.5152e+01   0  y  0.00  1   !  -9.99000e+02  -99.000  -99.000  -999
OBS: 6000311  54274.871    47.00   0.0000e+00   1.7340e+03   6.5677e+01   0  y  0.00  1   !  -9.99000e+02  -99.000  -99.000  -999
OBS: 6000311  54276.871    49.00   0.0000e+00   1.5919e+03   5.6513e+01   0  y  0.00  1   !  -9.99000e+02  -99.000  -99.000  -999
OBS: 6000311  54278.871    51.00   0.0000e+00   1.4412e+03   5.7238e+01   0  y  0.00  1   !  -9.99000e+02  -99.000  -99.000  -999
OBS: 6000311  54280.871    53.00   0.0000e+00   1.2814e+03   6.0979e+01   0  y  0.00  1   !  -9.99000e+02  -99.000  -99.000  -999
OBS: 6000311  54282.871    55.00   0.0000e+00   1.1160e+03   6.7176e+02   0  y  0.00  1   !  -9.99000e+02  -99.000  -99.000  -999
OBS: 6000311  54284.871    57.00   0.0000e+00   9.5944e+02   5.7750e+02   0  y  0.00  1   !  -9.99000e+02  -99.000  -99.000  -999
OBS: 6000311  54286.871    59.00   0.0000e+00   8.6999e+02   5.2366e+02   0  y  0.00  1   !  -9.99000e+02  -99.000  -99.000  -999
OBS: 6000311  54288.871    61.00   0.0000e+00   7.9302e+02   4.7733e+02   0  y  0.00  1   !  -9.99000e+02  -99.000  -99.000  -999
OBS: 6000311  54290.871    63.00   0.0000e+00   7.3334e+02   4.4141e+02   0  y  0.00  1   !  -9.99000e+02  -99.000  -99.000  -999
OBS: 6000311  54292.871    65.00   0.0000e+00   6.6978e+02   4.0315e+02   0  y  0.00  1   !  -9.99000e+02  -99.000  -99.000  -999
OBS: 6000311  54294.871    67.00   0.0000e+00   5.6729e+02   3.4146e+02   0  y  0.00  1   !  -9.99000e+02  -99.000  -99.000  -999
OBS: 6000311  54296.871    69.00   0.0000e+00   4.8711e+02   2.9320e+02   0  y  0.00  1   !  -9.99000e+02  -99.000  -99.000  -999
OBS: 6000311  54298.871    71.00   0.0000e+00   4.2486e+02   2.5573e+02   0  y  0.00  1   !  -9.99000e+02  -99.000  -99.000  -999
OBS: 6000311  54300.871    73.00   0.0000e+00   3.7717e+02   2.2702e+02   0  y  0.00  1   !  -9.99000e+02  -99.000  -99.000  -999
OBS: 6000311  54302.871    75.00   0.0000e+00   3.4077e+02   2.0511e+02   0  y  0.00  1   !  -9.99000e+02  -99.000  -99.000  -999
OBS: 6000311  54304.871    77.00   0.0000e+00   3.1179e+02   1.8767e+02   0  y  0.00  1   !  -9.99000e+02  -99.000  -99.000  -999
OBS: 6000311  54306.871    79.00   0.0000e+00   2.8886e+02   1.7387e+02   0  y  0.00  1   !  -9.99000e+02  -99.000  -99.000  -999
OBS: 6000311  54308.871    81.00   0.0000e+00   2.5935e+02   1.5611e+02   0  y  0.00  1   !  -9.99000e+02  -99.000  -99.000  -999
OBS: 6000311  54310.871    83.00   0.0000e+00   2.3018e+02   1.3855e+02   0  y  0.00  1   !  -9.99000e+02  -99.000  -99.000  -999
OBS: 6000311  54312.871    85.00   0.0000e+00   2.0466e+02   1.2319e+02   0  y  0.00  1   !  -9.99000e+02  -99.000  -99.000  -999
OBS: 6000311  54314.871    87.00   0.0000e+00   1.8227e+02   1.0971e+02   0  y  0.00  1   !  -9.99000e+02  -99.000  -99.000  -999
OBS: 6000311  54316.871    89.00   0.0000e+00   1.6278e+02   9.7977e+01   0  y  0.00  1   !  -9.99000e+02  -99.000  -99.000  -999
OBS: 6000311  54318.871    91.00   0.0000e+00   1.4586e+02   8.7795e+01   0  y  0.00  1   !  -9.99000e+02  -99.000  -99.000  -999
OBS: 6000311  54320.871    93.00   0.0000e+00   1.2890e+02   7.7589e+01   0  y  0.00  1   !  -9.99000e+02  -99.000  -99.000  -999
OBS: 6000311  54322.871    95.00   0.0000e+00   1.1357e+02   6.8356e+01   0  y  0.00  1   !  -9.99000e+02  -99.000  -99.000  -999
OBS: 6000311  54324.871    97.00   0.0000e+00   1.0005e+02   6.0221e+01   0  y  0.00  1   !  -9.99000e+02  -99.000  -99.000  -999
OBS: 6000311  54326.871    99.00   0.0000e+00   8.8140e+01   5.3052e+01   0  y  0.00  1   !  -9.99000e+02  -99.000  -99.000  -999
OBS: 6000311  54328.871   101.00   0.0000e+00   7.7646e+01   4.6736e+01   0  y  0.00  1   !  -9.99000e+02  -99.000  -99.000  -999
OBS: 6000311  54330.871   103.00   0.0000e+00   6.8406e+01   4.1174e+01   0  y  0.00  1   !  -9.99000e+02  -99.000  -99.000  -999
OBS: 6000311  54332.871   105.00   0.0000e+00   6.0261e+01   3.6272e+01   0  y  0.00  1   !  -9.99000e+02  -99.000  -99.000  -999
OBS: 6000311  54334.871   107.00   0.0000e+00   5.3082e+01   3.1951e+01   0  y  0.00  1   !  -9.99000e+02  -99.000  -99.000  -999
OBS: 6000311  54336.871   109.00   0.0000e+00   4.6757e+01   2.8144e+01   0  y  0.00  1   !  -9.99000e+02  -99.000  -99.000  -999
OBS: 6000311  54338.871   111.00   0.0000e+00   4.1185e+01   2.4790e+01   0  y  0.00  1   !  -9.99000e+02  -99.000  -99.000  -999
OBS: 6000311  54340.871   113.00   0.0000e+00   3.6276e+01   2.1835e+01   0  y  0.00  1   !  -9.99000e+02  -99.000  -99.000  -999
OBS: 6000311  54342.871   115.00   0.0000e+00   3.1953e+01   1.9233e+01   0  y  0.00  1   !  -9.99000e+02  -99.000  -99.000  -999
OBS: 6000311  54344.871   117.00   0.0000e+00   2.8150e+01   1.6944e+01   0  y  0.00  1   !  -9.99000e+02  -99.000  -99.000  -999
OBS: 6000311  54346.871   119.00   0.0000e+00   2.4793e+01   1.4923e+01   0  y  0.00  1   !  -9.99000e+02  -99.000  -99.000  -999
OBS: 6000311  54348.871   121.00   0.0000e+00   2.1836e+01   1.3143e+01   0  y  0.00  1   !  -9.99000e+02  -99.000  -99.000  -999
OBS: 6000311  54350.871   123.00   0.0000e+00   1.9231e+01   1.1575e+01   0  y  0.00  1   !  -9.99000e+02  -99.000  -99.000  -999
OBS: 6000311  54352.871   125.00   0.0000e+00   1.6936e+01   1.0194e+01   0  y  0.00  1   !  -9.99000e+02  -99.000  -99.000  -999
OBS: 6000311  54354.871   127.00   0.0000e+00   1.4915e+01   8.9777e+00   0  y  0.00  1   !  -9.99000e+02  -99.000  -99.000  -999
OBS: 6000311  54356.871   129.00   0.0000e+00   1.3138e+01   7.9077e+00   0  y  0.00  1   !  -9.99000e+02  -99.000  -99.000  -999
OBS: 6000311  54358.871   131.00   0.0000e+00   1.1572e+01   6.9655e+00   0  y  0.00  1   !  -9.99000e+02  -99.000  -99.000  -999
OBS: 6000311  54360.871   133.00   0.0000e+00   1.0191e+01   6.1338e+00   0  y  0.00  1   !  -9.99000e+02  -99.000  -99.000  -999
OBS: 6000311  54362.871   135.00   0.0000e+00   8.9738e+00   5.4014e+00   0  y  0.00  1   !  -9.99000e+02  -99.000  -99.000  -999
OBS: 6000311  54364.871   137.00   0.0000e+00   7.9020e+00   4.7563e+00   0  y  0.00  1   !  -9.99000e+02  -99.000  -99.000  -999
OBS: 6000311  54366.871   139.00   0.0000e+00   6.9581e+00   4.1882e+00   0  y  0.00  1   !  -9.99000e+02  -99.000  -99.000  -999
OBS: 6000311  54217.648   -10.22   1.6790e+03   2.4681e+03   9.8552e+02   1  H  0.48  1   H  2.46203e+18  -0.183  -1.972  1.00000e+11
OBS: 6000311  54217.660   -10.21   1.6811e+03   8.2851e+02   1.1489e+03   1  H  0.69  1   H  8.26516e+17  -0.183  -1.968  1.00000e+11
OBS: 6000311  54224.719    -3.15   2.2292e+03  -9.1977e+01   1.3758e+03   1  H  3.18  1   H  -9.33865e+16  -0.164  -0.772  1.00000e+11
OBS: 6000311  54224.730    -3.14   2.2284e+03  -9.6193e+02   1.3522e+03   1  H  6.04  1   H  -9.76826e+17  -0.164  -0.771  1.00000e+11
OBS: 6000311  54228.609     0.74   1.8413e+03   5.1840e+02   1.3331e+03   1  H  1.16  1   H  5.76606e+17  -0.065  -0.481  1.00000e+11
OBS: 6000311  54228.621     0.75   1.8406e+03   1.6689e+03   1.2590e+03   1  H  0.05  1   H  1.85654e+18  -0.065  -0.480  1.00000e+11
OBS: 6000311  54233.641     5.77   1.4453e+03   3.3725e+03   2.2907e+03   1  H  0.64  1   H  4.22293e+18  0.064  -0.488  1.00000e+11
OBS: 6000311  54233.648     5.78   1.4443e+03   1.2412e+03   3.1913e+03   1  H  0.01  1   H  1.55483e+18  0.064  -0.490  1.00000e+11
OBS: 6000311  54238.629    10.76   1.0711e+03  -7.7943e+02   1.5430e+03   1  H  1.54  1   H  -1.17568e+18  0.266  -0.856  1.00000e+11
OBS: 6000311  54238.641    10.77   1.0709e+03  -1.6366e+02   1.2437e+03   1  H  1.09  1   H  -2.46880e+17  0.266  -0.855  1.00000e+11
OBS: 6000311  54254.719    26.85   1.4389e+03   9.2467e+02   8.2163e+02   1  H  0.53  1   H  1.46068e+18  0.316  0.881  1.00000e+11
OBS: 6000311  54254.719    26.85   1.4389e+03   1.2871e+03   7.3757e+02   1  H  0.10  1   H  2.03322e+18  0.316  0.881  1.00000e+11
OBS: 6000311  54258.672    30.80   1.5616e+03   2.1411e+03   1.5126e+03   1  H  0.10  1   H  3.16787e+18  0.245  0.226  1.00000e+11
OBS: 6000311  54258.680    30.81   1.5619e+03   2.5017e+03   1.4195e+03   1  H  0.35  1   H  3.70061e+18  0.245  0.224  1.00000e+11
OBS: 6000311  54168.871   -59.00   0.0000e+00   0.0000e+00   0.0000e+00   0  H  0.00  1   !  -9.99000e+02  -99.000  -99.000  -999
OBS: 6000311  54170.871   -57.00   0.0000e+00   0.0000e+00   0.0000e+00   0  H  0.00  1   !  -9.99000e+02  -99.000  -99.000  -999
OBS: 6000311  54172.871   -55.00   0.0000e+00   0.0000e+00   0.0000e+00   0  H  0.00  1   !  -9.99000e+02  -99.000  -99.000  -999
OBS: 6000311  54174.871   -53.00   0.0000e+00   0.0000e+00   0.0000e+00   0  H  0.00  1   !  -9.99000e+02  -99.000  -99.000  -999
OBS: 6000311  54176.871   -51.00   0.0000e+00   0.0000e+00   0.0000e+00   0  H  0.00  1   !  -9.99000e+02  -99.000  -99.000  -999
OBS: 6000311  54178.871   -49.00   0.0000e+00   0.0000e+00   0.0000e+00   0  H  0.00  1   !  -9.99000e+02  -99.000  -99.000  -999
OBS: 6000311  54180.871   -47.00   0.0000e+00   0.0000e+00   0.0000e+00   0  H  0.00  1   !  -9.99000e+02  -99.000  -99.000  -999
OBS: 6000311  54182.871   -45.00   0.0000e+00   0.0000e+00   0.0000e+00   0  H  0.00  1   !  -9.99000e+02  -99.000  -99.000  -999
OBS: 6000311  54184.871   -43.00   0.0000e+00   0.0000e+00   0.0000e+00   0  H  0.00  1   !  -9.99000e+02  -99.000  -99.000  -999
OBS: 6000311  54186.871   -41.00   0.0000e+00   0.0000e+00   0.0000e+00   0  H  0.00  1   !  -9.99000e+02  -99.000  -99.000  -999
OBS: 6000311  54188.871   -39.00   0.0000e+00   0.0000e+00   0.0000e+00   0  H  0.00  1   !  -9.99000e+02  -99.000  -99.000  -999
OBS: 6000311  54190.871   -37.00   0.0000e+00   0.0000e+00   0.0000e+00   0  H  0.00  1   !  -9.99000e+02  -99.000  -99.000  -999
OBS: 6000311  54192.871   -35.00   0.0000e+00   0.0000e+00   0.0000e+00   0  H  0.00  1   !  -9.99000e+02  -99.000  -99.000  -999
OBS: 6000311  54194.871   -33.00   0.0000e+00   0.0000e+00   0.0000e+00   0  H  0.00  1   !  -9.99000e+02  -99.000  -99.000  -999
OBS: 6000311  54196.871   -31.00   0.0000e+00   0.0000e+00   0.0000e+00   0  H  0.00  1   !  -9.99000e+02  -99.000  -99.000  -999
OBS: 6000311  54198.871   -29.00   0.0000e+00   0.0000e+00   0.0000e+00   0  H  0.00  1   !  -9.99000e+02  -99.000  -99.000  -999
OBS: 6000311  54200.871   -27.00   0.0000e+00   0.0000e+00   0.0000e+00   0  H  0.00  1   !  -9.99000e+02  -99.000  -99.000  -999
OBS: 6000311  54202.871   -25.00   0.0000e+00   0.0000e+00   0.0000e+00   0  H  0.00  1   !  -9.99000e+02  -99.000  -99.000  -999
OBS: 6000311  54204.871   -23.00   0.0000e+00   0.0000e+00   0.0000e+00   0  H  0.00  1   !  -9.99000e+02  -99.000  -99.000  -999
OBS: 6000311  54206.871   -21.00   0.0000e+00   3.4435e+02   2.0727e+02   0  H  0.00  1   !  -9.99000e+02  -99.000  -99.000  -999
OBS: 6000311  54208.871   -19.00   0.0000e+00   3.9193e+02   2.3591e+02   0  H  0.00  1   !  -9.99000e+02  -99.000  -99.000  -999
OBS: 6000311  54210.871   -17.00   0.0000e+00   3.9163e+02   2.3572e+02   0  H  0.00  1   !  -9.99000e+02  -99.000  -99.000  -999
OBS: 6000311  54212.871   -15.00   0.0000e+00   6.2766e+02   1.5682e+02   0  H  0.00  1   !  -9.99000e+02  -99.000  -99.000  -999
OBS: 6000311  54214.871   -13.00   0.0000e+00   1.1110e+03   9.8168e+01   0  H  0.00  1   !  -9.99000e+02  -99.000  -99.000  -999
OBS: 6000311  54216.871   -11.00   0.0000e+00   1.6052e+03   7.9241e+01   0  H  0.00  1   !  -9.99000e+02  -99.000  -99.000  -999
OBS: 6000311  54218.871    -9.00   0.0000e+00   2.0301e+03   7.2525e+01   0  H  0.00  1   !  -9.99000e+02  -99.000  -99.000  -999
OBS: 6000311  54220.871    -7.00   0.0000e+00   2.3256e+03   6.1893e+01   0  H  0.00  1   !  -9.99000e+02  -99.000  -99.000  -999
OBS: 6000311  54222.871    -5.00   0.0000e+00   2.4231e+03   5.5196e+01   0  H  0.00  1   !  -9.99000e+02  -99.000  -99.000  -999
OBS: 6000311  54224.871    -3.00   0.0000e+00   2.3506e+03   5.5853e+01   0  H  0.00  1   !  -9.99000e+02  -99.000  -99.000  -999
OBS: 6000311  54226.871    -1.00   0.0000e+00   2.1244e+03   5.5548e+01   0  H  0.00  1   !  -9.99000e+02  -99.000  -99.000  -999
OBS: 6000311  54228.871     1.00   0.0000e+00   1.9332e+03   5.3660e+01   0  H  0.00  1   !  -9.99000e+02  -99.000  -99.000  -999
OBS: 6000311  54230.871     3.00   0.0000e+00   1.7996e+03   5.5479e+01   0  H  0.00  1   !  -9.99000e+02  -99.000  -99.000  -999
OBS: 6000311  54232.871     5.00   0.0000e+00   1.6139e+03   5.4949e+01   0  H  0.00  1   !  -9.99000e+02  -99.000  -99.000  -999
OBS: 6000311  54234.871     7.00   0.0000e+00   1.4026e+03   5.2211e+01   0  H  0.00  1   !  -9.99000e+02  -99.000  -99.000  -999
OBS: 6000311  54236.871     9.00   0.0000e+00   1.2226e+03   4.7987e+01   0  H  0.00  1   !  -9.99000e+02  -99.000  -99.000  -999
OBS: 6000311  54238.871    11.00   0.0000e+00   1.1312e+03   4.2602e+01   0  H  0.00  1   !  -9.99000e+02  -99.000  -99.000  -999
OBS: 6000311  54240.871    13.00   0.0000e+00   1.1025e+03   3.8053e+01   0  H  0.00  1   !  -9.99000e+02  -99.000  -99.000  -999
OBS: 6000311  54242.871    15.00   0.0000e+00   1.1127e+03   3.6672e+01   0  H  0.00  1   !  -9.99000e+02  -99.000  -99.000  -999
OBS: 6000311  54244.871    17.00   0.0000e+00   1.1792e+03   3.9661e+01   0  H  0.00  1   !  -9.99000e+02  -99.000  -99.000  -999
OBS: 6000311  54246.871    19.00   0.0000e+00   1.2635e+03   4.4513e+01   0  H  0.00  1   !  -9.99000e+02  -99.000  -99.000  -999
OBS: 6000311  54248.871    21.00   0.0000e+00   1.3480e+03   4.6066e+01   0  H  0.00  1   !  -9.99000e+02  -99.000  -99.000  -999
OBS: 6000311  54250.871    23.00   0.0000e+00   1.4098e+03   4.5929e+01   0  H  0.00  1   !  -9.99000e+02  -99.000  -99.000  -999
OBS: 6000311  54252.871    25.00   0.0000e+00   1.4618e+03   4.4628e+01   0  H  0.00  1   !  -9.99000e+02  -99.000  -99.000  -999
OBS: 6000311  54254.871    27.00   0.0000e+00   1.5293e+03   4.0909e+01   0  H  0.00  1   !  -9.99000e+02  -99.000  -99.000  -999
OBS: 6000311  54256.871    29.00   0.0000e+00   1.5862e+03   4.0114e+01   0  H  0.00  1   !  -9.99000e+02  -99.000  -99.000  -999
OBS: 6000311  54258.871    31.00   0.0000e+00   1.6626e+03   4.7304e+01   0  H  0.00  1   !  -9.99000e+02  -99.000  -99.000  -999
OBS: 6000311  54260.871    33.00   0.0000e+00   1.7134e+03   5.5581e+01   0  H  0.00  1   !  -9.99000e+02  -99.000  -99.000  -999
OBS: 6000311  54262.871    35.00   0.0000e+00   1.7315e+03   6.0211e+01   0  H  0.00  1   !  -9.99000e+02  -99.000  -99.000  -999
OBS: 6000311  54264.871    37.00   0.0000e+00   1.7019e+03   6.3807e+01   0  H  0.00  1   !  -9.99000e+02  -99.000  -99.000  -999
OBS: 6000311  54266.871    39.00   0.0000e+00   1.6086e+03   6.8442e+01   0  H  0.00  1   !  -9.99000e+02  -99.000  -99.000  -999
OBS: 6000311  54268.871    41.00   0.0000e+00   1.4753e+03   6.9042e+01   0  H  0.00  1   !  -9.99000e+02  -99.000  -99.000  -999
OBS: 6000311  54270.871    43.00   0.0000e+00   1.3091e+03   6.5741e+01   0  H  0.00  1   !  -9.99000e+02  -99.000  -99.000  -999
OBS: 6000311  54272.871    45.00   0.0000e+00   1.1214e+03   6.2596e+01   0  H  0.00  1   !  -9.99000e+02  -99.000  -99.000  -999
OBS: 6000311  54274.871    47.00   0.0000e+00   9.8299e+02   5.6847e+01   0  H  0.00  1   !  -9.99000e+02  -99.000  -99.000  -999
OBS: 6000311  54276.871    49.00   0.0000e+00   8.9153e+02   5.4177e+01   0  H  0.00  1   !  -9.99000e+02  -99.000  -99.000  -999
OBS: 6000311  54278.871    51.00   0.0000e+00   8.2195e+02   5.9235e+01   0  H  0.00  1   !  -9.99000e+02  -99.000  -99.000  -999
OBS: 6000311  54280.871    53.00   0.0000e+00   7.5105e+02   6.7378e+01   0  H  0.00  1   !  -9.99000e+02  -99.000  -99.000  -999
OBS: 6000311  54282.871    55.00   0.0000e+00   6.8193e+02   4.1046e+02   0  H  0.00  1   !  -9.99000e+02  -99.000  -99.000  -999
OBS: 6000311  54284.871    57.00   0.0000e+00   6.1970e+02   3.7300e+02   0  H  0.00  1   !  -9.99000e+02  -99.000  -99.000  -999
OBS: 6000311  54286.871    59.00   0.0000e+00   5.7234e+02   3.4450e+02   0  H  0.00  1   !  -9.99000e+02  -99.000  -99.000  -999
OBS: 6000311  54288.871    61.00   0.0000e+00   5.2954e+02   3.1874e+02   0  H  0.00  1   !  -9.99000e+02  -99.000  -99.000  -999
OBS: 6000311  54290.871    63.00   0.0000e+00   4.9216e+02   2.9624e+02   0  H  0.00  1   !  -9.99000e+02  -99.000  -99.000  -999
OBS: 6000311  54292.871    65.00   0.0000e+00   4.4598e+02   2.6844e+02   0  H  0.00  1   !  -9.99000e+02  -99.000  -99.000  -999
OBS: 6000311  54294.871    67.00   0.0000e+00   3.7114e+02   2.2339e+02   0  H  0.00  1   !  -9.99000e+02  -99.000  -99.000  -999
OBS: 6000311  54296.871    69.00   0.0000e+00   3.1631e+02   1.9039e+02   0  H  0.00  1   !  -9.99000e+02  -99.000  -99.000  -999
OBS: 6000311  54298.871    71.00   0.0000e+00   2.7695e+02   1.6670e+02   0  H  0.00  1   !  -9.99000e+02  -99.000  -99.000  -999
OBS: 6000311  54300.871    73.00   0.0000e+00   2.4919e+02   1.4999e+02   0  H  0.00  1   !  -9.99000e+02  -99.000  -99.000  -999
OBS: 6000311  54302.871    75.00   0.0000e+00   2.2876e+02   1.3769e+02   0  H  0.00  1   !  -9.99000e+02  -99.000  -99.000  -999
OBS: 6000311  54304.871    77.00   0.0000e+00   2.1052e+02   1.2672e+02   0  H  0.00  1   !  -9.99000e+02  -99.000  -99.000  -999
OBS: 6000311  54306.871    79.00   0.0000e+00   1.9321e+02   1.1630e+02   0  H  0.00  1   !  -9.99000e+02  -99.000  -99.000  -999
OBS: 6000311  54308.871    81.00   0.0000e+00   1.7939e+02   1.0797e+02   0  H  0.00  1   !  -9.99000e+02  -99.000  -99.000  -999
OBS: 6000311  54310.871    83.00   0.0000e+00   1.6734e+02   1.0072e+02   0  H  0.00  1   !  -9.99000e+02  -99.000  -99.000  -999
OBS: 6000311  54312.871    85.00   0.0000e+00   1.5620e+02   9.4018e+01   0  H  0.00  1   !  -9.99000e+02  -99.000  -99.000  -999
OBS: 6000311  54314.871    87.00   0.0000e+00   1.4592e+02   8.7833e+01   0  H  0.00  1   !  -9.99000e+02  -99.000  -99.000  -999
OBS: 6000311  54316.871    89.00   0.0000e+00   1.3653e+02   8.2180e+01   0  H  0.00  1   !  -9.99000e+02  -99.000  -99.000  -999
OBS: 6000311  54318.871    91.00   0.0000e+00   1.2803e+02   7.7060e+01   0  H  0.00  1   !  -9.99000e+02  -99.000  -99.000  -999
OBS: 6000311  54320.871    93.00   0.0000e+00   1.1902e+02   7.1642e+01   0  H  0.00  1   !  -9.99000e+02  -99.000  -99.000  -999
OBS: 6000311  54322.871    95.00   0.0000e+00   1.1045e+02   6.6480e+01   0  H  0.00  1   !  -9.99000e+02  -99.000  -99.000  -999
OBS: 6000311  54324.871    97.00   0.0000e+00   1.0249e+02   6.1689e+01   0  H  0.00  1   !  -9.99000e+02  -99.000  -99.000  -999
OBS: 6000311  54326.871    99.00   0.0000e+00   9.5103e+01   5.7243e+01   0  H  0.00  1   !  -9.99000e+02  -99.000  -99.000  -999
OBS: 6000311  54328.871   101.00   0.0000e+00   8.8248e+01   5.3117e+01   0  H  0.00  1   !  -9.99000e+02  -99.000  -99.000  -999
OBS: 6000311  54330.871   103.00   0.0000e+00   8.1886e+01   4.9288e+01   0  H  0.00  1   !  -9.99000e+02  -99.000  -99.000  -999
OBS: 6000311  54332.871   105.00   0.0000e+00   7.5982e+01   4.5734e+01   0  H  0.00  1   !  -9.99000e+02  -99.000  -99.000  -999
OBS: 6000311  54334.871   107.00   0.0000e+00   7.0503e+01   4.2437e+01   0  H  0.00  1   !  -9.99000e+02  -99.000  -99.000  -999
OBS: 6000311  54336.871   109.00   0.0000e+00   6.5418e+01   3.9376e+01   0  H  0.00  1   !  -9.99000e+02  -99.000  -99.000  -999
OBS: 6000311  54338.871   111.00   0.0000e+00   6.0700e+01   3.6536e+01   0  H  0.00  1   !  -9.99000e+02  -99.000  -99.000  -999
OBS: 6000311  54340.871   113.00   0.0000e+00   5.6321e+01   3.3900e+01   0  H  0.00  1   !  -9.99000e+02  -99.000  -99.000  -999
OBS: 6000311  54342.871   115.00   0.0000e+00   5.2257e+01   3.1454e+01   0  H  0.00  1   !  -9.99000e+02  -99.000  -99.000  -999
OBS: 6000311  54344.871   117.00   0.0000e+00   4.8487e+01   2.9185e+01   0  H  0.00  1   !  -9.99000e+02  -99.000  -99.000  -999
OBS: 6000311  54346.871   119.00   0.0000e+00   4.4987e+01   2.7078e+01   0  H  0.00  1   !  -9.99000e+02  -99.000  -99.000  -999
OBS: 6000311  54348.871   121.00   0.0000e+00   4.1740e+01   2.5124e+01   0  H  0.00  1   !  -9.99000e+02  -99.000  -99.000  -999
OBS: 6000311  54350.871   123.00   0.0000e+00   3.8727e+01   2.3310e+01   0  H  0.00  1   !  -9.99000e+02  -99.000  -99.000  -999
OBS: 6000311  54352.871   125.00   0.0000e+00   3.5931e+01   2.1627e+01   0  H  0.00  1   !  -9.99000e+02  -99.000  -99.000  -999
OBS: 6000311  54354.871   127.00   0.0000e+00   3.3337e+01   2.0066e+01   0  H  0.00  1   !  -9.99000e+02  -99.000  -99.000  -999
OBS: 6000311  54356.871   129.00   0.0000e+00   3.0929e+01   1.8617e+01   0  H  0.00  1   !  -9.99000e+02  -99.000  -99.000  -999
OBS: 6000311  54358.871   131.00   0.0000e+00   2.8695e+01   1.7272e+01   0  H  0.00  1   !  -9.99000e+02  -99.000  -99.000  -999
OBS: 6000311  54360.871   133.00   0.0000e+00   2.6623e+01   1.6024e+01   0  H  0.00  1   !  -9.99000e+02  -99.000  -99.000  -999
OBS: 6000311  54362.871   135.00   0.0000e+00   2.4699e+01   1.4867e+01   0  H  0.00  1   !  -9.99000e+02  -99.000  -99.000  -999
OBS: 6000311  54364.871   137.00   0.0000e+00   2.2915e+01   1.3793e+01   0  H  0.00  1   !  -9.99000e+02  -99.000  -99.000  -999
OBS: 6000311  54366.871   139.00   0.0000e+00   2.1259e+01   1.2796e+01   0  H  0.00  1   !  -9.99000e+02  -99.000  -99.000  -999
