VARNAMES: CID MJD Tobs SIM_FLUXCAL FLUXCAL FLUXCAL_ERR DATAFLAG BAND CHI2 IFIT BAND_REST FLUX_REST KCOR AVWARP SIM_FLUX_REST 
OBS: 5999400  53696.809    -9.27   2.4646e+03   2.5204e+03   6.1471e+02   1  J  0.04  1   J  2.76275e+18  -0.113  2.413  1.00000e+11
OBS: 5999400  53696.820    -9.26   2.4658e+03   2.0257e+03   5.2138e+02   1  J  1.41  1   J  2.22042e+18  -0.113  2.407  1.00000e+11
OBS: 5999400  53701.809    -4.27   2.6848e+03   2.1714e+03   5.5341e+02   1  J  1.67  1   J  2.33913e+18  -0.132  0.587  1.00000e+11
OBS: 5999400  53701.809    -4.27   2.6848e+03   3.2512e+03   4.7722e+02   1  J  0.57  1   J  3.50236e+18  -0.132  0.587  1.00000e+11
OBS: 5999400  53705.828    -0.25   2.3284e+03   2.2639e+03   8.3344e+02   1  J  0.09  1   J  2.40248e+18  -0.148  0.069  1.00000e+11
OBS: 5999400  53708.840     2.76   1.8100e+03   1.7932e+03   6.8279e+02   1  J  0.05  1   J  1.95478e+18  -0.119  0.029  1.00000e+11
OBS: 5999400  53708.840     2.76   1.8100e+03   2.5310e+03   6.4720e+02   1  J  0.79  1   J  2.75916e+18  -0.119  0.029  1.00000e+11
OBS: 5999400  53709.828     3.75   1.6551e+03   9.8765e+02   5.2466e+02   1  J  2.28  1   J  1.07518e+18  -0.121  0.118  1.00000e+11
OBS: 5999400  53709.840     3.76   1.6536e+03   1.7613e+03   5.7645e+02   1  J  0.00  1   J  1.91721e+18  -0.121  0.120  1.00000e+11
OBS: 5999400  53714.852     8.77   1.0280e+03   1.3527e+03   4.2340e+02   1  J  0.33  1   J  1.36408e+18  -0.204  1.149  1.00000e+11
OBS: 5999400  53714.852     8.77   1.0280e+03   1.1955e+03   3.8816e+02   1  J  0.05  1   J  1.20554e+18  -0.204  1.149  1.00000e+11
OBS: 5999400  53715.840     9.76   9.4082e+02   1.8032e+03   4.6113e+02   1  J  2.86  1   J  1.78004e+18  -0.227  1.242  1.00000e+11
OBS: 5999400  53715.840     9.76   9.4082e+02   7.4168e+02   4.0564e+02   1  J  0.44  1   J  7.32169e+17  -0.227  1.242  1.00000e+11
OBS: 5999400  53724.852    18.77   8.4398e+02   6.7978e+02   4.6259e+02   1  J  0.24  1   J  6.05922e+17  -0.338  2.819  1.00000e+11
OBS: 5999400  53724.859    18.78   8.4420e+02   5.5267e+02   8.9008e+02   1  J  0.16  1   J  4.92561e+17  -0.338  2.818  1.00000e+11
OBS: 5999400  53732.859    26.78   1.1440e+03   1.0494e+03   4.3523e+02   1  J  0.17  1   J  7.64953e+17  -0.556  0.951  1.00000e+11
OBS: 5999400  53732.859    26.78   1.1440e+03   1.1578e+03   4.4980e+02   1  J  0.02  1   J  8.43962e+17  -0.556  0.951  1.00000e+11
OBS: 5999400  53750.852    44.77   9.6948e+02   1.0750e+03   1.1744e+02   1  J  0.03  1   J  6.33775e+17  -0.786  -0.746  1.00000e+11
OBS: 5999400  53750.859    44.78   9.6863e+02   9.7765e+02   1.1503e+02   1  J  0.18  1   J  5.76185e+17  -0.787  -0.753  1.00000e+11
OBS: 5999400  53756.820    50.74   7.3069e+02   1.0292e+03   2.3434e+02  -1  J  0.62  1   !  -9.99000e+02  -99.000  -99.000  -999
OBS: 5999400  53756.828    50.75   7.3045e+02   6.5726e+02   1.7270e+02  -1  J  0.24  1   !  -9.99000e+02  -99.000  -99.000  -999
OBS: 5999400  53647.082   -59.00   0.0000e+00   0.0000e+00   0.0000e+00   0  J  0.00  1   !  -9.99000e+02  -99.000  -99.000  -999
OBS: 5999400  53649.082   -57.00   0.0000e+00   0.0000e+00   0.0000e+00   0  J  0.00  1   !  -9.99000e+02  -99.000  -99.000  -999
OBS: 5999400  53651.082   -55.00   0.0000e+00   0.0000e+00   0.0000e+00   0  J  0.00  1   !  -9.99000e+02  -99.000  -99.000  -999
OBS: 5999400  53653.082   -53.00   0.0000e+00   0.0000e+00   0.0000e+00   0  J  0.00  1   !  -9.99000e+02  -99.000  -99.000  -999
OBS: 5999400  53655.082   -51.00   0.0000e+00   0.0000e+00   0.0000e+00   0  J  0.00  1   !  -9.99000e+02  -99.000  -99.000  -999
OBS: 5999400  53657.082   -49.00   0.0000e+00   0.0000e+00   0.0000e+00   0  J  0.00  1   !  -9.99000e+02  -99.000  -99.000  -999
OBS: 5999400  53659.082   -47.00   0.0000e+00   0.0000e+00   0.0000e+00   0  J  0.00  1   !  -9.99000e+02  -99.000  -99.000  -999
OBS: 5999400  53661.082   -45.00   0.0000e+00   0.0000e+00   0.0000e+00   0  J  0.00  1   !  -9.99000e+02  -99.000  -99.000  -999
OBS: 5999400  53663.082   -43.00   0.0000e+00   0.0000e+00   0.0000e+00   0  J  0.00  1   !  -9.99000e+02  -99.000  -99.000  -999
OBS: 5999400  53665.082   -41.00   0.0000e+00   0.0000e+00   0.0000e+00   0  J  0.00  1   !  -9.99000e+02  -99.000  -99.000  -999
OBS: 5999400  53667.082   -39.00   0.0000e+00   0.0000e+00   0.0000e+00   0  J  0.00  1   !  -9.99000e+02  -99.000  -99.000  -999
OBS: 5999400  53669.082   -37.00   0.0000e+00   0.0000e+00   0.0000e+00   0  J  0.00  1   !  -9.99000e+02  -99.000  -99.000  -999
OBS: 5999400  53671.082   -35.00   0.0000e+00   0.0000e+00   0.0000e+00   0  J  0.00  1   !  -9.99000e+02  -99.000  -99.000  -999
OBS: 5999400  53673.082   -33.00   0.0000e+00   0.0000e+00   0.0000e+00   0  J  0.00  1   !  -9.99000e+02  -99.000  -99.000  -999
OBS: 5999400  53675.082   -31.00   0.0000e+00   0.0000e+00   0.0000e+00   0  J  0.00  1   !  -9.99000e+02  -99.000  -99.000  -999
OBS: 5999400  53677.082   -29.00   0.0000e+00   0.0000e+00   0.0000e+00   0  J  0.00  1   !  -9.99000e+02  -99.000  -99.000  -999
OBS: 5999400  53679.082   -27.00   0.0000e+00   0.0000e+00   0.0000e+00   0  J  0.00  1   !  -9.99000e+02  -99.000  -99.000  -999
OBS: 5999400  53681.082   -25.00   0.0000e+00   0.0000e+00   0.0000e+00   0  J  0.00  1   !  -9.99000e+02  -99.000  -99.000  -999
OBS: 5999400  53683.082   -23.00   0.0000e+00   0.0000e+00   0.0000e+00   0  J  0.00  1   !  -9.99000e+02  -99.000  -99.000  -999
OBS: 5999400  53685.082   -21.00   0.0000e+00   8.0302e+02   4.8335e+02   0  J  0.00  1   !  -9.99000e+02  -99.000  -99.000  -999
OBS: 5999400  53687.082   -19.00   0.0000e+00   8.2102e+02   4.9418e+02   0  J  0.00  1   !  -9.99000e+02  -99.000  -99.000  -999
OBS: 5999400  53689.082   -17.00   0.0000e+00   8.1825e+02   4.9251e+02   0  J  0.00  1   !  -9.99000e+02  -99.000  -99.000  -999
OBS: 5999400  53691.082   -15.00   0.0000e+00   1.1259e+03   1.3914e+02   0  J  0.00  1   !  -9.99000e+02  -99.000  -99.000  -999
OBS: 5999400  53693.082   -13.00   0.0000e+00   1.7681e+03   6.2122e+01   0  J  0.00  1   !  -9.99000e+02  -99.000  -99.000  -999
OBS: 5999400  53695.082   -11.00   0.0000e+00   2.3323e+03   6.6000e+01   0  J  0.00  1   !  -9.99000e+02  -99.000  -99.000  -999
OBS: 5999400  53697.082    -9.00   0.0000e+00   2.6831e+03   7.2635e+01   0  J  0.00  1   !  -9.99000e+02  -99.000  -99.000  -999
OBS: 5999400  53699.082    -7.00   0.0000e+00   2.8460e+03   6.1768e+01   0  J  0.00  1   !  -9.99000e+02  -99.000  -99.000  -999
OBS: 5999400  53701.082    -5.00   0.0000e+00   2.9002e+03   5.6789e+01   0  J  0.00  1   !  -9.99000e+02  -99.000  -99.000  -999
OBS: 5999400  53703.082    -3.00   0.0000e+00   2.8132e+03   6.1061e+01   0  J  0.00  1   !  -9.99000e+02  -99.000  -99.000  -999
OBS: 5999400  53705.082    -1.00   0.0000e+00   2.6197e+03   6.2183e+01   0  J  0.00  1   !  -9.99000e+02  -99.000  -99.000  -999
OBS: 5999400  53707.082     1.00   0.0000e+00   2.2823e+03   6.1720e+01   0  J  0.00  1   !  -9.99000e+02  -99.000  -99.000  -999
OBS: 5999400  53709.082     3.00   0.0000e+00   1.9082e+03   5.9271e+01   0  J  0.00  1   !  -9.99000e+02  -99.000  -99.000  -999
OBS: 5999400  53711.082     5.00   0.0000e+00   1.6014e+03   5.8048e+01   0  J  0.00  1   !  -9.99000e+02  -99.000  -99.000  -999
OBS: 5999400  53713.082     7.00   0.0000e+00   1.3256e+03   5.8384e+01   0  J  0.00  1   !  -9.99000e+02  -99.000  -99.000  -999
OBS: 5999400  53715.082     9.00   0.0000e+00   1.0854e+03   6.7137e+01   0  J  0.00  1   !  -9.99000e+02  -99.000  -99.000  -999
OBS: 5999400  53717.082    11.00   0.0000e+00   9.1824e+02   7.6120e+01   0  J  0.00  1   !  -9.99000e+02  -99.000  -99.000  -999
OBS: 5999400  53719.082    13.00   0.0000e+00   8.2824e+02   7.4951e+01   0  J  0.00  1   !  -9.99000e+02  -99.000  -99.000  -999
OBS: 5999400  53721.082    15.00   0.0000e+00   8.3646e+02   7.4886e+01   0  J  0.00  1   !  -9.99000e+02  -99.000  -99.000  -999
OBS: 5999400  53723.082    17.00   0.0000e+00   8.6807e+02   6.7955e+01   0  J  0.00  1   !  -9.99000e+02  -99.000  -99.000  -999
OBS: 5999400  53725.082    19.00   0.0000e+00   9.1331e+02   6.6509e+01   0  J  0.00  1   !  -9.99000e+02  -99.000  -99.000  -999
OBS: 5999400  53727.082    21.00   0.0000e+00   9.6409e+02   7.5922e+01   0  J  0.00  1   !  -9.99000e+02  -99.000  -99.000  -999
OBS: 5999400  53729.082    23.00   0.0000e+00   1.0444e+03   8.6428e+01   0  J  0.00  1   !  -9.99000e+02  -99.000  -99.000  -999
OBS: 5999400  53731.082    25.00   0.0000e+00   1.1445e+03   9.1004e+01   0  J  0.00  1   !  -9.99000e+02  -99.000  -99.000  -999
OBS: 5999400  53733.082    27.00   0.0000e+00   1.2417e+03   9.1332e+01   0  J  0.00  1   !  -9.99000e+02  -99.000  -99.000  -999
OBS: 5999400  53735.082    29.00   0.0000e+00   1.3508e+03   9.6165e+01   0  J  0.00  1   !  -9.99000e+02  -99.000  -99.000  -999
OBS: 5999400  53737.082    31.00   0.0000e+00   1.4519e+03   1.0858e+02   0  J  0.00  1   !  -9.99000e+02  -99.000  -99.000  -999
OBS: 5999400  53739.082    33.00   0.0000e+00   1.5560e+03   1.3019e+02   0  J  0.00  1   !  -9.99000e+02  -99.000  -99.000  -999
OBS: 5999400  53741.082    35.00   0.0000e+00   1.6615e+03   1.4793e+02   0  J  0.00  1   !  -9.99000e+02  -99.000  -99.000  -999
OBS: 5999400  53743.082    37.00   0.0000e+00   1.6967e+03   1.5922e+02   0  J  0.00  1   !  -9.99000e+02  -99.000  -99.000  -999
OBS: 5999400  53745.082    39.00   0.0000e+00   1.6168e+03   1.6710e+02   0  J  0.00  1   !  -9.99000e+02  -99.000  -99.000  -999
OBS: 5999400  53747.082    41.00   0.0000e+00   1.4423e+03   1.5585e+02   0  J  0.00  1   !  -9.99000e+02  -99.000  -99.000  -999
OBS: 5999400  53749.082    43.00   0.0000e+00   1.2246e+03   1.3117e+02   0  J  0.00  1   !  -9.99000e+02  -99.000  -99.000  -999
OBS: 5999400  53751.082    45.00   0.0000e+00   1.0245e+03   1.0928e+02   0  J  0.00  1   !  -9.99000e+02  -99.000  -99.000  -999
OBS: 5999400  53753.082    47.00   0.0000e+00   8.9424e+02   9.9023e+01   0  J  0.00  1   !  -9.99000e+02  -99.000  -99.000  -999
OBS: 5999400  53755.082    49.00   0.0000e+00   8.2666e+02   1.3348e+02   0  J  0.00  1   !  -9.99000e+02  -99.000  -99.000  -999
OBS: 5999400  53757.082    51.00   0.0000e+00   7.8038e+02   2.0953e+02   0  J  0.00  1   !  -9.99000e+02  -99.000  -99.000  -999
OBS: 5999400  53759.082    53.00   0.0000e+00   7.2487e+02   2.7291e+02   0  J  0.00  1   !  -9.99000e+02  -99.000  -99.000  -999
OBS: 5999400  53761.082    55.00   0.0000e+00   6.6656e+02   4.0121e+02   0  J  0.00  1   !  -9.99000e+02  -99.000  -99.000  -999
OBS: 5999400  53763.082    57.00   0.0000e+00   6.1533e+02   3.7038e+02   0  J  0.00  1   !  -9.99000e+02  -99.000  -99.000  -999
OBS: 5999400  53765.082    59.00   0.0000e+00   5.4985e+02   3.3096e+02   0  J  0.00  1   !  -9.99000e+02  -99.000  -99.000  -999
OBS: 5999400  53767.082    61.00   0.0000e+00   4.9287e+02   2.9666e+02   0  J  0.00  1   !  -9.99000e+02  -99.000  -99.000  -999
OBS: 5999400  53769.082    63.00   0.0000e+00   4.4592e+02   2.6841e+02   0  J  0.00  1   !  -9.99000e+02  -99.000  -99.000  -999
OBS: 5999400  53771.082    65.00   0.0000e+00   4.0123e+02   2.4150e+02   0  J  0.00  1   !  -9.99000e+02  -99.000  -99.000  -999
OBS: 5999400  53773.082    67.00   0.0000e+00   3.3499e+02   2.0163e+02   0  J  0.00  1   !  -9.99000e+02  -99.000  -99.000  -999
OBS: 5999400  53775.082    69.00   0.0000e+00   2.8683e+02   1.7265e+02   0  J  0.00  1   !  -9.99000e+02  -99.000  -99.000  -999
OBS: 5999400  53777.082    71.00   0.0000e+00   2.4951e+02   1.5018e+02   0  J  0.00  1   !  -9.99000e+02  -99.000  -99.000  -999
OBS: 5999400  53779.082    73.00   0.0000e+00   2.1878e+02   1.3168e+02   0  J  0.00  1   !  -9.99000e+02  -99.000  -99.000  -999
OBS: 5999400  53781.082    75.00   0.0000e+00   1.9194e+02   1.1553e+02   0  J  0.00  1   !  -9.99000e+02  -99.000  -99.000  -999
OBS: 5999400  53783.082    77.00   0.0000e+00   1.6749e+02   1.0081e+02   0  J  0.00  1   !  -9.99000e+02  -99.000  -99.000  -999
OBS: 5999400  53785.082    79.00   0.0000e+00   1.4459e+02   8.7032e+01   0  J  0.00  1   !  -9.99000e+02  -99.000  -99.000  -999
OBS: 5999400  53787.082    81.00   0.0000e+00   1.3023e+02   7.8390e+01   0  J  0.00  1   !  -9.99000e+02  -99.000  -99.000  -999
OBS: 5999400  53789.082    83.00   0.0000e+00   1.2108e+02   7.2881e+01   0  J  0.00  1   !  -9.99000e+02  -99.000  -99.000  -999
OBS: 5999400  53791.082    85.00   0.0000e+00   1.1265e+02   6.7805e+01   0  J  0.00  1   !  -9.99000e+02  -99.000  -99.000  -999
OBS: 5999400  53793.082    87.00   0.0000e+00   1.0486e+02   6.3119e+01   0  J  0.00  1   !  -9.99000e+02  -99.000  -99.000  -999
OBS: 5999400  53795.082    89.00   0.0000e+00   9.7481e+01   5.8675e+01   0  J  0.00  1   !  -9.99000e+02  -99.000  -99.000  -999
OBS: 5999400  53797.082    91.00   0.0000e+00   9.0356e+01   5.4386e+01   0  J  0.00  1   !  -9.99000e+02  -99.000  -99.000  -999
OBS: 5999400  53799.082    93.00   0.0000e+00   8.4735e+01   5.1003e+01   0  J  0.00  1   !  -9.99000e+02  -99.000  -99.000  -999
OBS: 5999400  53801.082    95.00   0.0000e+00   7.9881e+01   4.8081e+01   0  J  0.00  1   !  -9.99000e+02  -99.000  -99.000  -999
OBS: 5999400  53803.082    97.00   0.0000e+00   7.5305e+01   4.5327e+01   0  J  0.00  1   !  -9.99000e+02  -99.000  -99.000  -999
OBS: 5999400  53805.082    99.00   0.0000e+00   7.0992e+01   4.2731e+01   0  J  0.00  1   !  -9.99000e+02  -99.000  -99.000  -999
OBS: 5999400  53807.082   101.00   0.0000e+00   6.6925e+01   4.0283e+01   0  J  0.00  1   !  -9.99000e+02  -99.000  -99.000  -999
OBS: 5999400  53809.082   103.00   0.0000e+00   6.3091e+01   3.7975e+01   0  J  0.00  1   !  -9.99000e+02  -99.000  -99.000  -999
OBS: 5999400  53811.082   105.00   0.0000e+00   5.9477e+01   3.5800e+01   0  J  0.00  1   !  -9.99000e+02  -99.000  -99.000  -999
OBS: 5999400  53813.082   107.00   0.0000e+00   5.6070e+01   3.3749e+01   0  J  0.00  1   !  -9.99000e+02  -99.000  -99.000  -999
OBS: 5999400  53815.082   109.00   0.0000e+00   5.2858e+01   3.1816e+01   0  J  0.00  1   !  -9.99000e+02  -99.000  -99.000  -999
OBS: 5999400  53817.082   111.00   0.0000e+00   4.9830e+01   2.9993e+01   0  J  0.00  1   !  -9.99000e+02  -99.000  -99.000  -999
OBS: 5999400  53819.082   113.00   0.0000e+00   4.6976e+01   2.8275e+01   0  J  0.00  1   !  -9.99000e+02  -99.000  -99.000  -999
OBS: 5999400  53821.082   115.00   0.0000e+00   4.4285e+01   2.6656e+01   0  J  0.00  1   !  -9.99000e+02  -99.000  -99.000  -999
OBS: 5999400  53823.082   117.00   0.0000e+00   4.1748e+01   2.5129e+01   0  J  0.00  1   !  -9.99000e+02  -99.000  -99.000  -999
OBS: 5999400  53825.082   119.00   0.0000e+00   3.9357e+01   2.3689e+01   0  J  0.00  1   !  -9.99000e+02  -99.000  -99.000  -999
OBS: 5999400  53827.082   121.00   0.0000e+00   3.7102e+01   2.2332e+01   0  J  0.00  1   !  -9.99000e+02  -99.000  -99.000  -999
OBS: 5999400  53829.082   123.00   0.0000e+00   3.4977e+01   2.1053e+01   0  J  0.00  1   !  -9.99000e+02  -99.000  -99.000  -999
OBS: 5999400  53831.082   125.00   0.0000e+00   3.2973e+01   1.9847e+01   0  J  0.00  1   !  -9.99000e+02  -99.000  -99.000  -999
OBS: 5999400  53833.082   127.00   0.0000e+00   3.1084e+01   1.8710e+01   0  J  0.00  1   !  -9.99000e+02  -99.000  -99.000  -999
OBS: 5999400  53835.082   129.00   0.0000e+00   2.9304e+01   1.7638e+01   0  J  0.00  1   !  -9.99000e+02  -99.000  -99.000  -999
OBS: 5999400  53837.082   131.00   0.0000e+00   2.7625e+01   1.6628e+01   0  J  0.00  1   !  -9.99000e+02  -99.000  -99.000  -999
OBS: 5999400  53839.082   133.00   0.0000e+00   2.6043e+01   1.5675e+01   0  J  0.00  1   !  -9.99000e+02  -99.000  -99.000  -999
OBS: 5999400  53841.082   135.00   0.0000e+00   2.4551e+01   1.4777e+01   0  J  0.00  1   !  -9.99000e+02  -99.000  -99.000  -999
OBS: 5999400  53843.082   137.00   0.0000e+00   2.3144e+01   1.3931e+01   0  J  0.00  1   !  -9.99000e+02  -99.000  -99.000  -999
OBS: 5999400  53845.082   139.00   0.0000e+00   2.1819e+01   1.3133e+01   0  J  0.00  1   !  -9.99000e+02  -99.000  -99.000  -999
OBS: 5999400  53696.809    -9.27   2.2414e+03   1.7553e+03   3.1887e+02   1  Y  1.42  1   Y  1.77262e+18  -0.202  -0.667  1.00000e+11
OBS: 5999400  53696.820    -9.26   2.2439e+03   2.0367e+03   2.9066e+02   1  Y  0.14  1   Y  2.05631e+18  -0.202  -0.668  1.00000e+11
OBS: 5999400  53701.809    -4.27   3.0519e+03   2.9884e+03   3.1473e+02   1  Y  0.03  1   Y  2.65480e+18  -0.341  -1.141  1.00000e+11
OBS: 5999400  53701.809    -4.27   3.0519e+03   3.2972e+03   2.9276e+02   1  Y  1.45  1   Y  2.92913e+18  -0.341  -1.141  1.00000e+11
OBS: 5999400  53704.828    -1.25   2.7764e+03   2.6710e+03   3.9541e+02   1  Y  0.00  1   Y  2.34104e+18  -0.356  -1.459  1.00000e+11
OBS: 5999400  53708.840     2.76   2.2208e+03   2.2653e+03   2.5576e+02   1  Y  0.24  1   Y  1.90479e+18  -0.401  -1.560  1.00000e+11
OBS: 5999400  53708.840     2.76   2.2208e+03   1.9379e+03   2.8598e+02   1  Y  0.44  1   Y  1.62942e+18  -0.401  -1.560  1.00000e+11
OBS: 5999400  53709.828     3.75   2.1312e+03   2.9242e+03   3.2256e+02   1  Y  6.89  1   Y  2.38959e+18  -0.432  -1.567  1.00000e+11
OBS: 5999400  53709.840     3.76   2.1302e+03   1.8380e+03   2.7047e+02   1  Y  0.55  1   Y  1.50161e+18  -0.432  -1.568  1.00000e+11
OBS: 5999400  53714.852     8.77   1.6852e+03   1.6291e+03   2.5129e+02   1  Y  0.00  1   Y  1.25479e+18  -0.496  -1.927  1.00000e+11
OBS: 5999400  53714.852     8.77   1.6852e+03   1.8049e+03   2.5463e+02   1  Y  0.48  1   Y  1.39022e+18  -0.496  -1.927  1.00000e+11
OBS: 5999400  53715.840     9.76   1.6668e+03   1.7315e+03   2.8248e+02   1  Y  0.19  1   Y  1.30688e+18  -0.518  -1.899  1.00000e+11
OBS: 5999400  53719.859    13.78   1.6441e+03   1.8507e+03   2.5606e+02   1  Y  1.00  1   Y  1.41980e+18  -0.501  -1.592  1.00000e+11
OBS: 5999400  53719.871    13.79   1.6444e+03   1.4125e+03   3.3511e+02   1  Y  0.23  1   Y  1.08359e+18  -0.501  -1.591  1.00000e+11
OBS: 5999400  53724.852    18.77   1.9532e+03   2.3505e+03   3.8484e+02   1  Y  1.44  1   Y  1.77946e+18  -0.515  -1.175  1.00000e+11
OBS: 5999400  53724.859    18.78   1.9539e+03   1.9273e+03   3.7077e+02   1  Y  0.02  1   Y  1.45914e+18  -0.515  -1.174  1.00000e+11
OBS: 5999400  53732.859    26.78   2.4984e+03   2.6603e+03   3.1672e+02   1  Y  0.64  1   Y  2.35733e+18  -0.344  -0.931  1.00000e+11
OBS: 5999400  53732.859    26.78   2.4984e+03   2.4351e+03   3.9401e+02   1  Y  0.01  1   Y  2.15782e+18  -0.344  -0.931  1.00000e+11
OBS: 5999400  53647.082   -59.00   0.0000e+00   0.0000e+00   0.0000e+00   0  Y  0.00  1   !  -9.99000e+02  -99.000  -99.000  -999
OBS: 5999400  53649.082   -57.00   0.0000e+00   0.0000e+00   0.0000e+00   0  Y  0.00  1   !  -9.99000e+02  -99.000  -99.000  -999
OBS: 5999400  53651.082   -55.00   0.0000e+00   0.0000e+00   0.0000e+00   0  Y  0.00  1   !  -9.99000e+02  -99.000  -99.000  -999
OBS: 5999400  53653.082   -53.00   0.0000e+00   0.0000e+00   0.0000e+00   0  Y  0.00  1   !  -9.99000e+02  -99.000  -99.000  -999
OBS: 5999400  53655.082   -51.00   0.0000e+00   0.0000e+00   0.0000e+00   0  Y  0.00  1   !  -9.99000e+02  -99.000  -99.000  -999
OBS: 5999400  53657.082   -49.00   0.0000e+00   0.0000e+00   0.0000e+00   0  Y  0.00  1   !  -9.99000e+02  -99.000  -99.000  -999
OBS: 5999400  53659.082   -47.00   0.0000e+00   0.0000e+00   0.0000e+00   0  Y  0.00  1   !  -9.99000e+02  -99.000  -99.000  -999
OBS: 5999400  53661.082   -45.00   0.0000e+00   0.0000e+00   0.0000e+00   0  Y  0.00  1   !  -9.99000e+02  -99.000  -99.000  -999
OBS: 5999400  53663.082   -43.00   0.0000e+00   0.0000e+00   0.0000e+00   0  Y  0.00  1   !  -9.99000e+02  -99.000  -99.000  -999
OBS: 5999400  53665.082   -41.00   0.0000e+00   0.0000e+00   0.0000e+00   0  Y  0.00  1   !  -9.99000e+02  -99.000  -99.000  -999
OBS: 5999400  53667.082   -39.00   0.0000e+00   0.0000e+00   0.0000e+00   0  Y  0.00  1   !  -9.99000e+02  -99.000  -99.000  -999
OBS: 5999400  53669.082   -37.00   0.0000e+00   0.0000e+00   0.0000e+00   0  Y  0.00  1   !  -9.99000e+02  -99.000  -99.000  -999
OBS: 5999400  53671.082   -35.00   0.0000e+00   0.0000e+00   0.0000e+00   0  Y  0.00  1   !  -9.99000e+02  -99.000  -99.000  -999
OBS: 5999400  53673.082   -33.00   0.0000e+00   0.0000e+00   0.0000e+00   0  Y  0.00  1   !  -9.99000e+02  -99.000  -99.000  -999
OBS: 5999400  53675.082   -31.00   0.0000e+00   0.0000e+00   0.0000e+00   0  Y  0.00  1   !  -9.99000e+02  -99.000  -99.000  -999
OBS: 5999400  53677.082   -29.00   0.0000e+00   0.0000e+00   0.0000e+00   0  Y  0.00  1   !  -9.99000e+02  -99.000  -99.000  -999
OBS: 5999400  53679.082   -27.00   0.0000e+00   0.0000e+00   0.0000e+00   0  Y  0.00  1   !  -9.99000e+02  -99.000  -99.000  -999
OBS: 5999400  53681.082   -25.00   0.0000e+00   0.0000e+00   0.0000e+00   0  Y  0.00  1   !  -9.99000e+02  -99.000  -99.000  -999
OBS: 5999400  53683.082   -23.00   0.0000e+00   0.0000e+00   0.0000e+00   0  Y  0.00  1   !  -9.99000e+02  -99.000  -99.000  -999
OBS: 5999400  53685.082   -21.00   0.0000e+00   4.3665e+02   2.6282e+02   0  Y  0.00  1   !  -9.99000e+02  -99.000  -99.000  -999
OBS: 5999400  53687.082   -19.00   0.0000e+00   4.3097e+02   2.5940e+02   0  Y  0.00  1   !  -9.99000e+02  -99.000  -99.000  -999
OBS: 5999400  53689.082   -17.00   0.0000e+00   4.2929e+02   2.5840e+02   0  Y  0.00  1   !  -9.99000e+02  -99.000  -99.000  -999
OBS: 5999400  53691.082   -15.00   0.0000e+00   6.9855e+02   1.4888e+02   0  Y  0.00  1   !  -9.99000e+02  -99.000  -99.000  -999
OBS: 5999400  53693.082   -13.00   0.0000e+00   1.2104e+03   9.8950e+01   0  Y  0.00  1   !  -9.99000e+02  -99.000  -99.000  -999
OBS: 5999400  53695.082   -11.00   0.0000e+00   1.7311e+03   8.4120e+01   0  Y  0.00  1   !  -9.99000e+02  -99.000  -99.000  -999
OBS: 5999400  53697.082    -9.00   0.0000e+00   2.2135e+03   7.9144e+01   0  Y  0.00  1   !  -9.99000e+02  -99.000  -99.000  -999
OBS: 5999400  53699.082    -7.00   0.0000e+00   2.6527e+03   7.5020e+01   0  Y  0.00  1   !  -9.99000e+02  -99.000  -99.000  -999
OBS: 5999400  53701.082    -5.00   0.0000e+00   2.8913e+03   7.8974e+01   0  Y  0.00  1   !  -9.99000e+02  -99.000  -99.000  -999
OBS: 5999400  53703.082    -3.00   0.0000e+00   2.8937e+03   8.2584e+01   0  Y  0.00  1   !  -9.99000e+02  -99.000  -99.000  -999
OBS: 5999400  53705.082    -1.00   0.0000e+00   2.6301e+03   7.8052e+01   0  Y  0.00  1   !  -9.99000e+02  -99.000  -99.000  -999
OBS: 5999400  53707.082     1.00   0.0000e+00   2.3201e+03   7.8057e+01   0  Y  0.00  1   !  -9.99000e+02  -99.000  -99.000  -999
OBS: 5999400  53709.082     3.00   0.0000e+00   2.1166e+03   8.2774e+01   0  Y  0.00  1   !  -9.99000e+02  -99.000  -99.000  -999
OBS: 5999400  53711.082     5.00   0.0000e+00   1.9232e+03   8.4798e+01   0  Y  0.00  1   !  -9.99000e+02  -99.000  -99.000  -999
OBS: 5999400  53713.082     7.00   0.0000e+00   1.7323e+03   8.5065e+01   0  Y  0.00  1   !  -9.99000e+02  -99.000  -99.000  -999
OBS: 5999400  53715.082     9.00   0.0000e+00   1.6149e+03   9.0112e+01   0  Y  0.00  1   !  -9.99000e+02  -99.000  -99.000  -999
OBS: 5999400  53717.082    11.00   0.0000e+00   1.5717e+03   9.5567e+01   0  Y  0.00  1   !  -9.99000e+02  -99.000  -99.000  -999
OBS: 5999400  53719.082    13.00   0.0000e+00   1.5568e+03   9.4904e+01   0  Y  0.00  1   !  -9.99000e+02  -99.000  -99.000  -999
OBS: 5999400  53721.082    15.00   0.0000e+00   1.6224e+03   9.2453e+01   0  Y  0.00  1   !  -9.99000e+02  -99.000  -99.000  -999
OBS: 5999400  53723.082    17.00   0.0000e+00   1.7502e+03   9.3884e+01   0  Y  0.00  1   !  -9.99000e+02  -99.000  -99.000  -999
OBS: 5999400  53725.082    19.00   0.0000e+00   1.8905e+03   9.4850e+01   0  Y  0.00  1   !  -9.99000e+02  -99.000  -99.000  -999
OBS: 5999400  53727.082    21.00   0.0000e+00   2.0299e+03   9.4444e+01   0  Y  0.00  1   !  -9.99000e+02  -99.000  -99.000  -999
OBS: 5999400  53729.082    23.00   0.0000e+00   2.0884e+03   9.2762e+01   0  Y  0.00  1   !  -9.99000e+02  -99.000  -99.000  -999
OBS: 5999400  53731.082    25.00   0.0000e+00   2.1642e+03   8.9806e+01   0  Y  0.00  1   !  -9.99000e+02  -99.000  -99.000  -999
OBS: 5999400  53733.082    27.00   0.0000e+00   2.4274e+03   8.9532e+01   0  Y  0.00  1   !  -9.99000e+02  -99.000  -99.000  -999
OBS: 5999400  53735.082    29.00   0.0000e+00   2.6943e+03   8.9171e+01   0  Y  0.00  1   !  -9.99000e+02  -99.000  -99.000  -999
OBS: 5999400  53737.082    31.00   0.0000e+00   2.7826e+03   8.8895e+01   0  Y  0.00  1   !  -9.99000e+02  -99.000  -99.000  -999
OBS: 5999400  53739.082    33.00   0.0000e+00   2.7816e+03   8.9330e+01   0  Y  0.00  1   !  -9.99000e+02  -99.000  -99.000  -999
OBS: 5999400  53741.082    35.00   0.0000e+00   2.7001e+03   8.6714e+01   0  Y  0.00  1   !  -9.99000e+02  -99.000  -99.000  -999
OBS: 5999400  53743.082    37.00   0.0000e+00   2.5642e+03   8.0156e+01   0  Y  0.00  1   !  -9.99000e+02  -99.000  -99.000  -999
OBS: 5999400  53745.082    39.00   0.0000e+00   2.4412e+03   7.7715e+01   0  Y  0.00  1   !  -9.99000e+02  -99.000  -99.000  -999
OBS: 5999400  53747.082    41.00   0.0000e+00   2.3096e+03   8.0878e+01   0  Y  0.00  1   !  -9.99000e+02  -99.000  -99.000  -999
OBS: 5999400  53749.082    43.00   0.0000e+00   2.1192e+03   7.8867e+01   0  Y  0.00  1   !  -9.99000e+02  -99.000  -99.000  -999
OBS: 5999400  53751.082    45.00   0.0000e+00   1.9196e+03   7.2770e+01   0  Y  0.00  1   !  -9.99000e+02  -99.000  -99.000  -999
OBS: 5999400  53753.082    47.00   0.0000e+00   1.7503e+03   6.4844e+01   0  Y  0.00  1   !  -9.99000e+02  -99.000  -99.000  -999
OBS: 5999400  53755.082    49.00   0.0000e+00   1.6072e+03   5.9193e+01   0  Y  0.00  1   !  -9.99000e+02  -99.000  -99.000  -999
OBS: 5999400  53757.082    51.00   0.0000e+00   1.4646e+03   5.9383e+01   0  Y  0.00  1   !  -9.99000e+02  -99.000  -99.000  -999
OBS: 5999400  53759.082    53.00   0.0000e+00   1.3098e+03   6.1280e+01   0  Y  0.00  1   !  -9.99000e+02  -99.000  -99.000  -999
OBS: 5999400  53761.082    55.00   0.0000e+00   1.1410e+03   6.8678e+02   0  Y  0.00  1   !  -9.99000e+02  -99.000  -99.000  -999
OBS: 5999400  53763.082    57.00   0.0000e+00   9.7707e+02   5.8811e+02   0  Y  0.00  1   !  -9.99000e+02  -99.000  -99.000  -999
OBS: 5999400  53765.082    59.00   0.0000e+00   8.8336e+02   5.3170e+02   0  Y  0.00  1   !  -9.99000e+02  -99.000  -99.000  -999
OBS: 5999400  53767.082    61.00   0.0000e+00   8.0663e+02   4.8552e+02   0  Y  0.00  1   !  -9.99000e+02  -99.000  -99.000  -999
OBS: 5999400  53769.082    63.00   0.0000e+00   7.4896e+02   4.5081e+02   0  Y  0.00  1   !  -9.99000e+02  -99.000  -99.000  -999
OBS: 5999400  53771.082    65.00   0.0000e+00   6.9439e+02   4.1796e+02   0  Y  0.00  1   !  -9.99000e+02  -99.000  -99.000  -999
OBS: 5999400  53773.082    67.00   0.0000e+00   5.9300e+02   3.5693e+02   0  Y  0.00  1   !  -9.99000e+02  -99.000  -99.000  -999
OBS: 5999400  53775.082    69.00   0.0000e+00   5.1243e+02   3.0844e+02   0  Y  0.00  1   !  -9.99000e+02  -99.000  -99.000  -999
OBS: 5999400  53777.082    71.00   0.0000e+00   4.4991e+02   2.7080e+02   0  Y  0.00  1   !  -9.99000e+02  -99.000  -99.000  -999
OBS: 5999400  53779.082    73.00   0.0000e+00   4.0137e+02   2.4159e+02   0  Y  0.00  1   !  -9.99000e+02  -99.000  -99.000  -999
OBS: 5999400  53781.082    75.00   0.0000e+00   3.6287e+02   2.1842e+02   0  Y  0.00  1   !  -9.99000e+02  -99.000  -99.000  -999
OBS: 5999400  53783.082    77.00   0.0000e+00   3.3202e+02   1.9985e+02   0  Y  0.00  1   !  -9.99000e+02  -99.000  -99.000  -999
OBS: 5999400  53785.082    79.00   0.0000e+00   3.0742e+02   1.8504e+02   0  Y  0.00  1   !  -9.99000e+02  -99.000  -99.000  -999
OBS: 5999400  53787.082    81.00   0.0000e+00   2.7766e+02   1.6712e+02   0  Y  0.00  1   !  -9.99000e+02  -99.000  -99.000  -999
OBS: 5999400  53789.082    83.00   0.0000e+00   2.4679e+02   1.4855e+02   0  Y  0.00  1   !  -9.99000e+02  -99.000  -99.000  -999
OBS: 5999400  53791.082    85.00   0.0000e+00   2.1975e+02   1.3227e+02   0  Y  0.00  1   !  -9.99000e+02  -99.000  -99.000  -999
OBS: 5999400  53793.082    87.00   0.0000e+00   1.9597e+02   1.1795e+02   0  Y  0.00  1   !  -9.99000e+02  -99.000  -99.000  -999
OBS: 5999400  53795.082    89.00   0.0000e+00   1.7520e+02   1.0546e+02   0  Y  0.00  1   !  -9.99000e+02  -99.000  -99.000  -999
OBS: 5999400  53797.082    91.00   0.0000e+00   1.5712e+02   9.4569e+01   0  Y  0.00  1   !  -9.99000e+02  -99.000  -99.000  -999
OBS: 5999400  53799.082    93.00   0.0000e+00   1.3932e+02   8.3857e+01   0  Y  0.00  1   !  -9.99000e+02  -99.000  -99.000  -999
OBS: 5999400  53801.082    95.00   0.0000e+00   1.2289e+02   7.3969e+01   0  Y  0.00  1   !  -9.99000e+02  -99.000  -99.000  -999
OBS: 5999400  53803.082    97.00   0.0000e+00   1.0840e+02   6.5244e+01   0  Y  0.00  1   !  -9.99000e+02  -99.000  -99.000  -999
OBS: 5999400  53805.082    99.00   0.0000e+00   9.5608e+01   5.7547e+01   0  Y  0.00  1   !  -9.99000e+02  -99.000  -99.000  -999
OBS: 5999400  53807.082   101.00   0.0000e+00   8.4332e+01   5.0760e+01   0  Y  0.00  1   !  -9.99000e+02  -99.000  -99.000  -999
OBS: 5999400  53809.082   103.00   0.0000e+00   7.4382e+01   4.4772e+01   0  Y  0.00  1   !  -9.99000e+02  -99.000  -99.000  -999
OBS: 5999400  53811.082   105.00   0.0000e+00   6.5601e+01   3.9486e+01   0  Y  0.00  1   !  -9.99000e+02  -99.000  -99.000  -999
OBS: 5999400  53813.082   107.00   0.0000e+00   5.7854e+01   3.4823e+01   0  Y  0.00  1   !  -9.99000e+02  -99.000  -99.000  -999
OBS: 5999400  53815.082   109.00   0.0000e+00   5.1021e+01   3.0710e+01   0  Y  0.00  1   !  -9.99000e+02  -99.000  -99.000  -999
OBS: 5999400  53817.082   111.00   0.0000e+00   4.4993e+01   2.7082e+01   0  Y  0.00  1   !  -9.99000e+02  -99.000  -99.000  -999
OBS: 5999400  53819.082   113.00   0.0000e+00   3.9681e+01   2.3884e+01   0  Y  0.00  1   !  -9.99000e+02  -99.000  -99.000  -999
OBS: 5999400  53821.082   115.00   0.0000e+00   3.4997e+01   2.1065e+01   0  Y  0.00  1   !  -9.99000e+02  -99.000  -99.000  -999
OBS: 5999400  53823.082   117.00   0.0000e+00   3.0860e+01   1.8575e+01   0  Y  0.00  1   !  -9.99000e+02  -99.000  -99.000  -999
OBS: 5999400  53825.082   119.00   0.0000e+00   2.7211e+01   1.6379e+01   0  Y  0.00  1   !  -9.99000e+02  -99.000  -99.000  -999
OBS: 5999400  53827.082   121.00   0.0000e+00   2.3993e+01   1.4442e+01   0  Y  0.00  1   !  -9.99000e+02  -99.000  -99.000  -999
OBS: 5999400  53829.082   123.00   0.0000e+00   2.1155e+01   1.2733e+01   0  Y  0.00  1   !  -9.99000e+02  -99.000  -99.000  -999
OBS: 5999400  53831.082   125.00   0.0000e+00   1.8653e+01   1.1227e+01   0  Y  0.00  1   !  -9.99000e+02  -99.000  -99.000  -999
OBS: 5999400  53833.082   127.00   0.0000e+00   1.6452e+01   9.9024e+00   0  Y  0.00  1   !  -9.99000e+02  -99.000  -99.000  -999
OBS: 5999400  53835.082   129.00   0.0000e+00   1.4504e+01   8.7304e+00   0  Y  0.00  1   !  -9.99000e+02  -99.000  -99.000  -999
OBS: 5999400  53837.082   131.00   0.0000e+00   1.2787e+01   7.6968e+00   0  Y  0.00  1   !  -9.99000e+02  -99.000  -99.000  -999
OBS: 5999400  53839.082   133.00   0.0000e+00   1.1273e+01   6.7853e+00   0  Y  0.00  1   !  -9.99000e+02  -99.000  -99.000  -999
OBS: 5999400  53841.082   135.00   0.0000e+00   9.9378e+00   5.9816e+00   0  Y  0.00  1   !  -9.99000e+02  -99.000  -99.000  -999
OBS: 5999400  53843.082   137.00   0.0000e+00   8.7604e+00   5.2730e+00   0  Y  0.00  1   !  -9.99000e+02  -99.000  -99.000  -999
OBS: 5999400  53845.082   139.00   0.0000e+00   7.7260e+00   4.6504e+00   0  Y  0.00  1   !  -9.99000e+02  -99.000  -99.000  -999
OBS: 5999400  53750.852    44.77   2.0871e+03   1.9085e+03   1.5963e+02   1  y  0.31  1   Y  2.19132e+18  -0.063  -0.354  1.00000e+11
OBS: 5999400  53756.820    50.74   1.6032e+03   1.6056e+03   1.7434e+02  -1  y  0.12  1   !  -9.99000e+02  -99.000  -99.000  -999
OBS: 5999400  53756.828    50.75   1.6024e+03   1.5847e+03   1.9611e+02  -1  y  0.05  1   !  -9.99000e+02  -99.000  -99.000  -999
OBS: 5999400  53647.082   -59.00   0.0000e+00   0.0000e+00   0.0000e+00   0  y  0.00  1   !  -9.99000e+02  -99.000  -99.000  -999
OBS: 5999400  53649.082   -57.00   0.0000e+00   0.0000e+00   0.0000e+00   0  y  0.00  1   !  -9.99000e+02  -99.000  -99.000  -999
OBS: 5999400  53651.082   -55.00   0.0000e+00   0.0000e+00   0.0000e+00   0  y  0.00  1   !  -9.99000e+02  -99.000  -99.000  -999
OBS: 5999400  53653.082   -53.00   0.0000e+00   0.0000e+00   0.0000e+00   0  y  0.00  1   !  -9.99000e+02  -99.000  -99.000  -999
OBS: 5999400  53655.082   -51.00   0.0000e+00   0.0000e+00   0.0000e+00   0  y  0.00  1   !  -9.99000e+02  -99.000  -99.000  -999
OBS: 5999400  53657.082   -49.00   0.0000e+00   0.0000e+00   0.0000e+00   0  y  0.00  1   !  -9.99000e+02  -99.000  -99.000  -999
OBS: 5999400  53659.082   -47.00   0.0000e+00   0.0000e+00   0.0000e+00   0  y  0.00  1   !  -9.99000e+02  -99.000  -99.000  -999
OBS: 5999400  53661.082   -45.00   0.0000e+00   0.0000e+00   0.0000e+00   0  y  0.00  1   !  -9.99000e+02  -99.000  -99.000  -999
OBS: 5999400  53663.082   -43.00   0.0000e+00   0.0000e+00   0.0000e+00   0  y  0.00  1   !  -9.99000e+02  -99.000  -99.000  -999
OBS: 5999400  53665.082   -41.00   0.0000e+00   0.0000e+00   0.0000e+00   0  y  0.00  1   !  -9.99000e+02  -99.000  -99.000  -999
OBS: 5999400  53667.082   -39.00   0.0000e+00   0.0000e+00   0.0000e+00   0  y  0.00  1   !  -9.99000e+02  -99.000  -99.000  -999
OBS: 5999400  53669.082   -37.00   0.0000e+00   0.0000e+00   0.0000e+00   0  y  0.00  1   !  -9.99000e+02  -99.000  -99.000  -999
OBS: 5999400  53671.082   -35.00   0.0000e+00   0.0000e+00   0.0000e+00   0  y  0.00  1   !  -9.99000e+02  -99.000  -99.000  -999
OBS: 5999400  53673.082   -33.00   0.0000e+00   0.0000e+00   0.0000e+00   0  y  0.00  1   !  -9.99000e+02  -99.000  -99.000  -999
OBS: 5999400  53675.082   -31.00   0.0000e+00   0.0000e+00   0.0000e+00   0  y  0.00  1   !  -9.99000e+02  -99.000  -99.000  -999
OBS: 5999400  53677.082   -29.00   0.0000e+00   0.0000e+00   0.0000e+00   0  y  0.00  1   !  -9.99000e+02  -99.000  -99.000  -999
OBS: 5999400  53679.082   -27.00   0.0000e+00   0.0000e+00   0.0000e+00   0  y  0.00  1   !  -9.99000e+02  -99.000  -99.000  -999
OBS: 5999400  53681.082   -25.00   0.0000e+00   0.0000e+00   0.0000e+00   0  y  0.00  1   !  -9.99000e+02  -99.000  -99.000  -999
OBS: 5999400  53683.082   -23.00   0.0000e+00   0.0000e+00   0.0000e+00   0  y  0.00  1   !  -9.99000e+02  -99.000  -99.000  -999
OBS: 5999400  53685.082   -21.00   0.0000e+00   4.4406e+02   2.6729e+02   0  y  0.00  1   !  -9.99000e+02  -99.000  -99.000  -999
OBS: 5999400  53687.082   -19.00   0.0000e+00   4.2828e+02   2.5778e+02   0  y  0.00  1   !  -9.99000e+02  -99.000  -99.000  -999
OBS: 5999400  53689.082   -17.00   0.0000e+00   4.2639e+02   2.5665e+02   0  y  0.00  1   !  -9.99000e+02  -99.000  -99.000  -999
OBS: 5999400  53691.082   -15.00   0.0000e+00   6.8946e+02   1.4695e+02   0  y  0.00  1   !  -9.99000e+02  -99.000  -99.000  -999
OBS: 5999400  53693.082   -13.00   0.0000e+00   1.1913e+03   9.7390e+01   0  y  0.00  1   !  -9.99000e+02  -99.000  -99.000  -999
OBS: 5999400  53695.082   -11.00   0.0000e+00   1.7125e+03   8.3218e+01   0  y  0.00  1   !  -9.99000e+02  -99.000  -99.000  -999
OBS: 5999400  53697.082    -9.00   0.0000e+00   2.2049e+03   7.8835e+01   0  y  0.00  1   !  -9.99000e+02  -99.000  -99.000  -999
OBS: 5999400  53699.082    -7.00   0.0000e+00   2.6471e+03   7.4861e+01   0  y  0.00  1   !  -9.99000e+02  -99.000  -99.000  -999
OBS: 5999400  53701.082    -5.00   0.0000e+00   2.8715e+03   7.8435e+01   0  y  0.00  1   !  -9.99000e+02  -99.000  -99.000  -999
OBS: 5999400  53703.082    -3.00   0.0000e+00   2.8673e+03   8.1828e+01   0  y  0.00  1   !  -9.99000e+02  -99.000  -99.000  -999
OBS: 5999400  53705.082    -1.00   0.0000e+00   2.5882e+03   7.6808e+01   0  y  0.00  1   !  -9.99000e+02  -99.000  -99.000  -999
OBS: 5999400  53707.082     1.00   0.0000e+00   2.2672e+03   7.6278e+01   0  y  0.00  1   !  -9.99000e+02  -99.000  -99.000  -999
OBS: 5999400  53709.082     3.00   0.0000e+00   2.0614e+03   8.0613e+01   0  y  0.00  1   !  -9.99000e+02  -99.000  -99.000  -999
OBS: 5999400  53711.082     5.00   0.0000e+00   1.8659e+03   8.2272e+01   0  y  0.00  1   !  -9.99000e+02  -99.000  -99.000  -999
OBS: 5999400  53713.082     7.00   0.0000e+00   1.6786e+03   8.2430e+01   0  y  0.00  1   !  -9.99000e+02  -99.000  -99.000  -999
OBS: 5999400  53715.082     9.00   0.0000e+00   1.5637e+03   8.7253e+01   0  y  0.00  1   !  -9.99000e+02  -99.000  -99.000  -999
OBS: 5999400  53717.082    11.00   0.0000e+00   1.5124e+03   9.1964e+01   0  y  0.00  1   !  -9.99000e+02  -99.000  -99.000  -999
OBS: 5999400  53719.082    13.00   0.0000e+00   1.4905e+03   9.0862e+01   0  y  0.00  1   !  -9.99000e+02  -99.000  -99.000  -999
OBS: 5999400  53721.082    15.00   0.0000e+00   1.5509e+03   8.8375e+01   0  y  0.00  1   !  -9.99000e+02  -99.000  -99.000  -999
OBS: 5999400  53723.082    17.00   0.0000e+00   1.6699e+03   8.9574e+01   0  y  0.00  1   !  -9.99000e+02  -99.000  -99.000  -999
OBS: 5999400  53725.082    19.00   0.0000e+00   1.8030e+03   9.0461e+01   0  y  0.00  1   !  -9.99000e+02  -99.000  -99.000  -999
OBS: 5999400  53727.082    21.00   0.0000e+00   1.9382e+03   9.0180e+01   0  y  0.00  1   !  -9.99000e+02  -99.000  -99.000  -999
OBS: 5999400  53729.082    23.00   0.0000e+00   2.0063e+03   8.9116e+01   0  y  0.00  1   !  -9.99000e+02  -99.000  -99.000  -999
OBS: 5999400  53731.082    25.00   0.0000e+00   2.0937e+03   8.6881e+01   0  y  0.00  1   !  -9.99000e+02  -99.000  -99.000  -999
OBS: 5999400  53733.082    27.00   0.0000e+00   2.3673e+03   8.7313e+01   0  y  0.00  1   !  -9.99000e+02  -99.000  -99.000  -999
OBS: 5999400  53735.082    29.00   0.0000e+00   2.6503e+03   8.7716e+01   0  y  0.00  1   !  -9.99000e+02  -99.000  -99.000  -999
OBS: 5999400  53737.082    31.00   0.0000e+00   2.7734e+03   8.8601e+01   0  y  0.00  1   !  -9.99000e+02  -99.000  -99.000  -999
OBS: 5999400  53739.082    33.00   0.0000e+00   2.8085e+03   9.0193e+01   0  y  0.00  1   !  -9.99000e+02  -99.000  -99.000  -999
OBS: 5999400  53741.082    35.00   0.0000e+00   2.7459e+03   8.8184e+01   0  y  0.00  1   !  -9.99000e+02  -99.000  -99.000  -999
OBS: 5999400  53743.082    37.00   0.0000e+00   2.6241e+03   8.2028e+01   0  y  0.00  1   !  -9.99000e+02  -99.000  -99.000  -999
OBS: 5999400  53745.082    39.00   0.0000e+00   2.5088e+03   7.9870e+01   0  y  0.00  1   !  -9.99000e+02  -99.000  -99.000  -999
OBS: 5999400  53747.082    41.00   0.0000e+00   2.3785e+03   8.3290e+01   0  y  0.00  1   !  -9.99000e+02  -99.000  -99.000  -999
OBS: 5999400  53749.082    43.00   0.0000e+00   2.1862e+03   8.1359e+01   0  y  0.00  1   !  -9.99000e+02  -99.000  -99.000  -999
OBS: 5999400  53751.082    45.00   0.0000e+00   1.9838e+03   7.5203e+01   0  y  0.00  1   !  -9.99000e+02  -99.000  -99.000  -999
OBS: 5999400  53753.082    47.00   0.0000e+00   1.8125e+03   6.7149e+01   0  y  0.00  1   !  -9.99000e+02  -99.000  -99.000  -999
OBS: 5999400  53755.082    49.00   0.0000e+00   1.6675e+03   6.1415e+01   0  y  0.00  1   !  -9.99000e+02  -99.000  -99.000  -999
OBS: 5999400  53757.082    51.00   0.0000e+00   1.5212e+03   6.1675e+01   0  y  0.00  1   !  -9.99000e+02  -99.000  -99.000  -999
OBS: 5999400  53759.082    53.00   0.0000e+00   1.3608e+03   6.3664e+01   0  y  0.00  1   !  -9.99000e+02  -99.000  -99.000  -999
OBS: 5999400  53761.082    55.00   0.0000e+00   1.1855e+03   7.1357e+02   0  y  0.00  1   !  -9.99000e+02  -99.000  -99.000  -999
OBS: 5999400  53763.082    57.00   0.0000e+00   1.0150e+03   6.1094e+02   0  y  0.00  1   !  -9.99000e+02  -99.000  -99.000  -999
OBS: 5999400  53765.082    59.00   0.0000e+00   9.1541e+02   5.5099e+02   0  y  0.00  1   !  -9.99000e+02  -99.000  -99.000  -999
OBS: 5999400  53767.082    61.00   0.0000e+00   8.3407e+02   5.0204e+02   0  y  0.00  1   !  -9.99000e+02  -99.000  -99.000  -999
OBS: 5999400  53769.082    63.00   0.0000e+00   7.7307e+02   4.6532e+02   0  y  0.00  1   !  -9.99000e+02  -99.000  -99.000  -999
OBS: 5999400  53771.082    65.00   0.0000e+00   7.1559e+02   4.3072e+02   0  y  0.00  1   !  -9.99000e+02  -99.000  -99.000  -999
OBS: 5999400  53773.082    67.00   0.0000e+00   6.1060e+02   3.6753e+02   0  y  0.00  1   !  -9.99000e+02  -99.000  -99.000  -999
OBS: 5999400  53775.082    69.00   0.0000e+00   5.2775e+02   3.1766e+02   0  y  0.00  1   !  -9.99000e+02  -99.000  -99.000  -999
OBS: 5999400  53777.082    71.00   0.0000e+00   4.6346e+02   2.7896e+02   0  y  0.00  1   !  -9.99000e+02  -99.000  -99.000  -999
OBS: 5999400  53779.082    73.00   0.0000e+00   4.1360e+02   2.4895e+02   0  y  0.00  1   !  -9.99000e+02  -99.000  -99.000  -999
OBS: 5999400  53781.082    75.00   0.0000e+00   3.7411e+02   2.2518e+02   0  y  0.00  1   !  -9.99000e+02  -99.000  -99.000  -999
OBS: 5999400  53783.082    77.00   0.0000e+00   3.4253e+02   2.0617e+02   0  y  0.00  1   !  -9.99000e+02  -99.000  -99.000  -999
OBS: 5999400  53785.082    79.00   0.0000e+00   3.1749e+02   1.9110e+02   0  y  0.00  1   !  -9.99000e+02  -99.000  -99.000  -999
OBS: 5999400  53787.082    81.00   0.0000e+00   2.8682e+02   1.7264e+02   0  y  0.00  1   !  -9.99000e+02  -99.000  -99.000  -999
OBS: 5999400  53789.082    83.00   0.0000e+00   2.5486e+02   1.5340e+02   0  y  0.00  1   !  -9.99000e+02  -99.000  -99.000  -999
OBS: 5999400  53791.082    85.00   0.0000e+00   2.2687e+02   1.3655e+02   0  y  0.00  1   !  -9.99000e+02  -99.000  -99.000  -999
OBS: 5999400  53793.082    87.00   0.0000e+00   2.0229e+02   1.2176e+02   0  y  0.00  1   !  -9.99000e+02  -99.000  -99.000  -999
OBS: 5999400  53795.082    89.00   0.0000e+00   1.8084e+02   1.0885e+02   0  y  0.00  1   !  -9.99000e+02  -99.000  -99.000  -999
OBS: 5999400  53797.082    91.00   0.0000e+00   1.6220e+02   9.7627e+01   0  y  0.00  1   !  -9.99000e+02  -99.000  -99.000  -999
OBS: 5999400  53799.082    93.00   0.0000e+00   1.4382e+02   8.6568e+01   0  y  0.00  1   !  -9.99000e+02  -99.000  -99.000  -999
OBS: 5999400  53801.082    95.00   0.0000e+00   1.2685e+02   7.6353e+01   0  y  0.00  1   !  -9.99000e+02  -99.000  -99.000  -999
OBS: 5999400  53803.082    97.00   0.0000e+00   1.1188e+02   6.7343e+01   0  y  0.00  1   !  -9.99000e+02  -99.000  -99.000  -999
OBS: 5999400  53805.082    99.00   0.0000e+00   9.8675e+01   5.9393e+01   0  y  0.00  1   !  -9.99000e+02  -99.000  -99.000  -999
OBS: 5999400  53807.082   101.00   0.0000e+00   8.7031e+01   5.2385e+01   0  y  0.00  1   !  -9.99000e+02  -99.000  -99.000  -999
OBS: 5999400  53809.082   103.00   0.0000e+00   7.6757e+01   4.6201e+01   0  y  0.00  1   !  -9.99000e+02  -99.000  -99.000  -999
OBS: 5999400  53811.082   105.00   0.0000e+00   6.7691e+01   4.0744e+01   0  y  0.00  1   !  -9.99000e+02  -99.000  -99.000  -999
OBS: 5999400  53813.082   107.00   0.0000e+00   5.9694e+01   3.5930e+01   0  y  0.00  1   !  -9.99000e+02  -99.000  -99.000  -999
OBS: 5999400  53815.082   109.00   0.0000e+00   5.2640e+01   3.1685e+01   0  y  0.00  1   !  -9.99000e+02  -99.000  -99.000  -999
OBS: 5999400  53817.082   111.00   0.0000e+00   4.6418e+01   2.7940e+01   0  y  0.00  1   !  -9.99000e+02  -99.000  -99.000  -999
OBS: 5999400  53819.082   113.00   0.0000e+00   4.0935e+01   2.4639e+01   0  y  0.00  1   !  -9.99000e+02  -99.000  -99.000  -999
OBS: 5999400  53821.082   115.00   0.0000e+00   3.6101e+01   2.1730e+01   0  y  0.00  1   !  -9.99000e+02  -99.000  -99.000  -999
OBS: 5999400  53823.082   117.00   0.0000e+00   3.1832e+01   1.9160e+01   0  y  0.00  1   !  -9.99000e+02  -99.000  -99.000  -999
OBS: 5999400  53825.082   119.00   0.0000e+00   2.8067e+01   1.6894e+01   0  y  0.00  1   !  -9.99000e+02  -99.000  -99.000  -999
OBS: 5999400  53827.082   121.00   0.0000e+00   2.4747e+01   1.4895e+01   0  y  0.00  1   !  -9.99000e+02  -99.000  -99.000  -999
OBS: 5999400  53829.082   123.00   0.0000e+00   2.1819e+01   1.3133e+01   0  y  0.00  1   !  -9.99000e+02  -99.000  -99.000  -999
OBS: 5999400  53831.082   125.00   0.0000e+00   1.9238e+01   1.1579e+01   0  y  0.00  1   !  -9.99000e+02  -99.000  -99.000  -999
OBS: 5999400  53833.082   127.00   0.0000e+00   1.6966e+01   1.0212e+01   0  y  0.00  1   !  -9.99000e+02  -99.000  -99.000  -999
OBS: 5999400  53835.082   129.00   0.0000e+00   1.4958e+01   9.0032e+00   0  y  0.00  1   !  -9.99000e+02  -99.000  -99.000  -999
OBS: 5999400  53837.082   131.00   0.0000e+00   1.3187e+01   7.9371e+00   0  y  0.00  1   !  -9.99000e+02  -99.000  -99.000  -999
OBS: 5999400  53839.082   133.00   0.0000e+00   1.1625e+01   6.9971e+00   0  y  0.00  1   !  -9.99000e+02  -99.000  -99.000  -999
OBS: 5999400  53841.082   135.00   0.0000e+00   1.0248e+01   6.1682e+00   0  y  0.00  1   !  -9.99000e+02  -99.000  -99.000  -999
OBS: 5999400  53843.082   137.00   0.0000e+00   9.0336e+00   5.4374e+00   0  y  0.00  1   !  -9.99000e+02  -99.000  -99.000  -999
OBS: 5999400  53845.082   139.00   0.0000e+00   7.9664e+00   4.7951e+00   0  y  0.00  1   !  -9.99000e+02  -99.000  -99.000  -999
OBS: 5999400  53697.828    -8.25   2.1422e+03   4.2796e+03   1.2126e+03   1  H  2.67  1   H  4.30465e+18  -0.206  -1.990  1.00000e+11
OBS: 5999400  53701.809    -4.27   2.3482e+03   1.4941e+03   8.0474e+02   1  H  1.60  1   H  1.52858e+18  -0.188  -1.031  1.00000e+11
OBS: 5999400  53708.840     2.76   1.7085e+03   1.7327e+03   9.1743e+02   1  H  0.01  1   H  2.03400e+18  -0.039  0.058  1.00000e+11
OBS: 5999400  53708.840     2.76   1.7085e+03   2.0348e+03   1.1731e+03   1  H  0.03  1   H  2.38857e+18  -0.039  0.058  1.00000e+11
OBS: 5999400  53709.828     3.75   1.6301e+03   1.4289e+03   1.0755e+03   1  H  0.09  1   H  1.71379e+18  -0.015  0.157  1.00000e+11
OBS: 5999400  53709.840     3.76   1.6292e+03   9.7446e+02   1.3164e+03   1  H  0.34  1   H  1.16911e+18  -0.015  0.157  1.00000e+11
OBS: 5999400  53714.852     8.77   1.1604e+03   2.2543e+03   6.5531e+02   1  H  2.36  1   H  3.33827e+18  0.214  -0.756  1.00000e+11
OBS: 5999400  53715.840     9.76   1.1045e+03  -1.7871e+02   9.0572e+02   1  H  2.26  1   H  -2.72503e+17  0.245  -0.931  1.00000e+11
OBS: 5999400  53715.840     9.76   1.1045e+03   1.7217e+02   7.7253e+02   1  H  1.71  1   H  2.62527e+17  0.245  -0.931  1.00000e+11
OBS: 5999400  53717.859    11.78   1.0619e+03  -2.1225e+02   7.4727e+02   1  H  3.25  1   H  -3.31190e+17  0.270  -1.211  1.00000e+11
OBS: 5999400  53717.871    11.79   1.0618e+03   1.1899e+03   9.0353e+02   1  H  0.00  1   H  1.85684e+18  0.270  -1.212  1.00000e+11
OBS: 5999400  53719.859    13.78   1.0611e+03   8.3152e+02   8.8622e+02   1  H  0.12  1   H  1.32707e+18  0.295  -1.239  1.00000e+11
OBS: 5999400  53719.871    13.79   1.0611e+03   2.4877e+03   9.1796e+02   1  H  2.16  1   H  3.97073e+18  0.295  -1.239  1.00000e+11
OBS: 5999400  53750.852    44.77   1.0741e+03   6.2557e+02   2.2354e+02   1  H  4.94  1   H  8.08395e+17  0.066  -1.178  1.00000e+11
OBS: 5999400  53750.859    44.78   1.0732e+03   1.1017e+03   2.5721e+02   1  H  0.03  1   H  1.42401e+18  0.066  -1.172  1.00000e+11
OBS: 5999400  53756.820    50.74   7.9732e+02   5.2880e+02   3.6678e+02  -1  H  0.77  1   !  -9.99000e+02  -99.000  -99.000  -999
OBS: 5999400  53756.828    50.75   7.9707e+02   1.0324e+03   3.8768e+02  -1  H  0.21  1   !  -9.99000e+02  -99.000  -99.000  -999
OBS: 5999400  53647.082   -59.00   0.0000e+00   0.0000e+00   0.0000e+00   0  H  0.00  1   !  -9.99000e+02  -99.000  -99.000  -999
OBS: 5999400  53649.082   -57.00   0.0000e+00   0.0000e+00   0.0000e+00   0  H  0.00  1   !  -9.99000e+02  -99.000  -99.000  -999
OBS: 5999400  53651.082   -55.00   0.0000e+00   0.0000e+00   0.0000e+00   0  H  0.00  1   !  -9.99000e+02  -99.000  -99.000  -999
OBS: 5999400  53653.082   -53.00   0.0000e+00   0.0000e+00   0.0000e+00   0  H  0.00  1   !  -9.99000e+02  -99.000  -99.000  -999
OBS: 5999400  53655.082   -51.00   0.0000e+00   0.0000e+00   0.0000e+00   0  H  0.00  1   !  -9.99000e+02  -99.000  -99.000  -999
OBS: 5999400  53657.082   -49.00   0.0000e+00   0.0000e+00   0.0000e+00   0  H  0.00  1   !  -9.99000e+02  -99.000  -99.000  -999
OBS: 5999400  53659.082   -47.00   0.0000e+00   0.0000e+00   0.0000e+00   0  H  0.00  1   !  -9.99000e+02  -99.000  -99.000  -999
OBS: 5999400  53661.082   -45.00   0.0000e+00   0.0000e+00   0.0000e+00   0  H  0.00  1   !  -9.99000e+02  -99.000  -99.000  -999
OBS: 5999400  53663.082   -43.00   0.0000e+00   0.0000e+00   0.0000e+00   0  H  0.00  1   !  -9.99000e+02  -99.000  -99.000  -999
OBS: 5999400  53665.082   -41.00   0.0000e+00   0.0000e+00   0.0000e+00   0  H  0.00  1   !  -9.99000e+02  -99.000  -99.000  -999
OBS: 5999400  53667.082   -39.00   0.0000e+00   0.0000e+00   0.0000e+00   0  H  0.00  1   !  -9.99000e+02  -99.000  -99.000  -999
OBS: 5999400  53669.082   -37.00   0.0000e+00   0.0000e+00   0.0000e+00   0  H  0.00  1   !  -9.99000e+02  -99.000  -99.000  -999
OBS: 5999400  53671.082   -35.00   0.0000e+00   0.0000e+00   0.0000e+00   0  H  0.00  1   !  -9.99000e+02  -99.000  -99.000  -999
OBS: 5999400  53673.082   -33.00   0.0000e+00   0.0000e+00   0.0000e+00   0  H  0.00  1   !  -9.99000e+02  -99.000  -99.000  -999
OBS: 5999400  53675.082   -31.00   0.0000e+00   0.0000e+00   0.0000e+00   0  H  0.00  1   !  -9.99000e+02  -99.000  -99.000  -999
OBS: 5999400  53677.082   -29.00   0.0000e+00   0.0000e+00   0.0000e+00   0  H  0.00  1   !  -9.99000e+02  -99.000  -99.000  -999
OBS: 5999400  53679.082   -27.00   0.0000e+00   0.0000e+00   0.0000e+00   0  H  0.00  1   !  -9.99000e+02  -99.000  -99.000  -999
OBS: 5999400  53681.082   -25.00   0.0000e+00   0.0000e+00   0.0000e+00   0  H  0.00  1   !  -9.99000e+02  -99.000  -99.000  -999
OBS: 5999400  53683.082   -23.00   0.0000e+00   0.0000e+00   0.0000e+00   0  H  0.00  1   !  -9.99000e+02  -99.000  -99.000  -999
OBS: 5999400  53685.082   -21.00   0.0000e+00   4.2571e+02   2.5624e+02   0  H  0.00  1   !  -9.99000e+02  -99.000  -99.000  -999
OBS: 5999400  53687.082   -19.00   0.0000e+00   4.8904e+02   2.9436e+02   0  H  0.00  1   !  -9.99000e+02  -99.000  -99.000  -999
OBS: 5999400  53689.082   -17.00   0.0000e+00   4.9080e+02   2.9542e+02   0  H  0.00  1   !  -9.99000e+02  -99.000  -99.000  -999
OBS: 5999400  53691.082   -15.00   0.0000e+00   7.5505e+02   4.3721e+02   0  H  0.00  1   !  -9.99000e+02  -99.000  -99.000  -999
OBS: 5999400  53693.082   -13.00   0.0000e+00   1.2498e+03   1.1293e+02   0  H  0.00  1   !  -9.99000e+02  -99.000  -99.000  -999
OBS: 5999400  53695.082   -11.00   0.0000e+00   1.7506e+03   9.3163e+01   0  H  0.00  1   !  -9.99000e+02  -99.000  -99.000  -999
OBS: 5999400  53697.082    -9.00   0.0000e+00   2.1654e+03   8.4877e+01   0  H  0.00  1   !  -9.99000e+02  -99.000  -99.000  -999
OBS: 5999400  53699.082    -7.00   0.0000e+00   2.4465e+03   8.0399e+01   0  H  0.00  1   !  -9.99000e+02  -99.000  -99.000  -999
OBS: 5999400  53701.082    -5.00   0.0000e+00   2.5283e+03   8.1195e+01   0  H  0.00  1   !  -9.99000e+02  -99.000  -99.000  -999
OBS: 5999400  53703.082    -3.00   0.0000e+00   2.4367e+03   7.8142e+01   0  H  0.00  1   !  -9.99000e+02  -99.000  -99.000  -999
OBS: 5999400  53705.082    -1.00   0.0000e+00   2.1857e+03   6.9891e+01   0  H  0.00  1   !  -9.99000e+02  -99.000  -99.000  -999
OBS: 5999400  53707.082     1.00   0.0000e+00   1.9695e+03   6.8070e+01   0  H  0.00  1   !  -9.99000e+02  -99.000  -99.000  -999
OBS: 5999400  53709.082     3.00   0.0000e+00   1.8152e+03   7.0093e+01   0  H  0.00  1   !  -9.99000e+02  -99.000  -99.000  -999
OBS: 5999400  53711.082     5.00   0.0000e+00   1.6194e+03   6.7491e+01   0  H  0.00  1   !  -9.99000e+02  -99.000  -99.000  -999
OBS: 5999400  53713.082     7.00   0.0000e+00   1.4066e+03   6.2107e+01   0  H  0.00  1   !  -9.99000e+02  -99.000  -99.000  -999
OBS: 5999400  53715.082     9.00   0.0000e+00   1.2297e+03   5.7854e+01   0  H  0.00  1   !  -9.99000e+02  -99.000  -99.000  -999
OBS: 5999400  53717.082    11.00   0.0000e+00   1.1459e+03   5.4281e+01   0  H  0.00  1   !  -9.99000e+02  -99.000  -99.000  -999
OBS: 5999400  53719.082    13.00   0.0000e+00   1.1331e+03   5.0988e+01   0  H  0.00  1   !  -9.99000e+02  -99.000  -99.000  -999
OBS: 5999400  53721.082    15.00   0.0000e+00   1.1586e+03   5.1210e+01   0  H  0.00  1   !  -9.99000e+02  -99.000  -99.000  -999
OBS: 5999400  53723.082    17.00   0.0000e+00   1.2306e+03   5.1610e+01   0  H  0.00  1   !  -9.99000e+02  -99.000  -99.000  -999
OBS: 5999400  53725.082    19.00   0.0000e+00   1.3065e+03   5.1459e+01   0  H  0.00  1   !  -9.99000e+02  -99.000  -99.000  -999
OBS: 5999400  53727.082    21.00   0.0000e+00   1.3795e+03   5.1703e+01   0  H  0.00  1   !  -9.99000e+02  -99.000  -99.000  -999
OBS: 5999400  53729.082    23.00   0.0000e+00   1.4329e+03   5.3086e+01   0  H  0.00  1   !  -9.99000e+02  -99.000  -99.000  -999
OBS: 5999400  53731.082    25.00   0.0000e+00   1.4762e+03   5.3467e+01   0  H  0.00  1   !  -9.99000e+02  -99.000  -99.000  -999
OBS: 5999400  53733.082    27.00   0.0000e+00   1.5364e+03   5.2800e+01   0  H  0.00  1   !  -9.99000e+02  -99.000  -99.000  -999
OBS: 5999400  53735.082    29.00   0.0000e+00   1.5893e+03   5.1139e+01   0  H  0.00  1   !  -9.99000e+02  -99.000  -99.000  -999
OBS: 5999400  53737.082    31.00   0.0000e+00   1.6686e+03   5.8098e+01   0  H  0.00  1   !  -9.99000e+02  -99.000  -99.000  -999
OBS: 5999400  53739.082    33.00   0.0000e+00   1.7314e+03   6.8157e+01   0  H  0.00  1   !  -9.99000e+02  -99.000  -99.000  -999
OBS: 5999400  53741.082    35.00   0.0000e+00   1.7664e+03   7.5135e+01   0  H  0.00  1   !  -9.99000e+02  -99.000  -99.000  -999
OBS: 5999400  53743.082    37.00   0.0000e+00   1.7497e+03   8.0906e+01   0  H  0.00  1   !  -9.99000e+02  -99.000  -99.000  -999
OBS: 5999400  53745.082    39.00   0.0000e+00   1.6581e+03   8.9881e+01   0  H  0.00  1   !  -9.99000e+02  -99.000  -99.000  -999
OBS: 5999400  53747.082    41.00   0.0000e+00   1.5117e+03   9.6313e+01   0  H  0.00  1   !  -9.99000e+02  -99.000  -99.000  -999
OBS: 5999400  53749.082    43.00   0.0000e+00   1.3296e+03   9.1035e+01   0  H  0.00  1   !  -9.99000e+02  -99.000  -99.000  -999
OBS: 5999400  53751.082    45.00   0.0000e+00   1.1317e+03   7.7595e+01   0  H  0.00  1   !  -9.99000e+02  -99.000  -99.000  -999
OBS: 5999400  53753.082    47.00   0.0000e+00   9.8871e+02   6.7801e+01   0  H  0.00  1   !  -9.99000e+02  -99.000  -99.000  -999
OBS: 5999400  53755.082    49.00   0.0000e+00   9.0237e+02   6.4383e+01   0  H  0.00  1   !  -9.99000e+02  -99.000  -99.000  -999
OBS: 5999400  53757.082    51.00   0.0000e+00   8.4766e+02   6.3846e+01   0  H  0.00  1   !  -9.99000e+02  -99.000  -99.000  -999
OBS: 5999400  53759.082    53.00   0.0000e+00   7.9337e+02   7.0719e+01   0  H  0.00  1   !  -9.99000e+02  -99.000  -99.000  -999
OBS: 5999400  53761.082    55.00   0.0000e+00   7.3648e+02   1.2045e+02   0  H  0.00  1   !  -9.99000e+02  -99.000  -99.000  -999
OBS: 5999400  53763.082    57.00   0.0000e+00   6.8158e+02   4.1025e+02   0  H  0.00  1   !  -9.99000e+02  -99.000  -99.000  -999
OBS: 5999400  53765.082    59.00   0.0000e+00   6.3967e+02   3.8503e+02   0  H  0.00  1   !  -9.99000e+02  -99.000  -99.000  -999
OBS: 5999400  53767.082    61.00   0.0000e+00   6.0103e+02   3.6177e+02   0  H  0.00  1   !  -9.99000e+02  -99.000  -99.000  -999
OBS: 5999400  53769.082    63.00   0.0000e+00   5.6598e+02   3.4067e+02   0  H  0.00  1   !  -9.99000e+02  -99.000  -99.000  -999
OBS: 5999400  53771.082    65.00   0.0000e+00   5.2718e+02   3.1732e+02   0  H  0.00  1   !  -9.99000e+02  -99.000  -99.000  -999
OBS: 5999400  53773.082    67.00   0.0000e+00   4.5647e+02   2.7476e+02   0  H  0.00  1   !  -9.99000e+02  -99.000  -99.000  -999
OBS: 5999400  53775.082    69.00   0.0000e+00   4.0237e+02   2.4219e+02   0  H  0.00  1   !  -9.99000e+02  -99.000  -99.000  -999
OBS: 5999400  53777.082    71.00   0.0000e+00   3.6227e+02   2.1806e+02   0  H  0.00  1   !  -9.99000e+02  -99.000  -99.000  -999
OBS: 5999400  53779.082    73.00   0.0000e+00   3.3305e+02   2.0047e+02   0  H  0.00  1   !  -9.99000e+02  -99.000  -99.000  -999
OBS: 5999400  53781.082    75.00   0.0000e+00   3.1112e+02   1.8727e+02   0  H  0.00  1   !  -9.99000e+02  -99.000  -99.000  -999
OBS: 5999400  53783.082    77.00   0.0000e+00   2.9184e+02   1.7566e+02   0  H  0.00  1   !  -9.99000e+02  -99.000  -99.000  -999
OBS: 5999400  53785.082    79.00   0.0000e+00   2.7320e+02   1.6444e+02   0  H  0.00  1   !  -9.99000e+02  -99.000  -99.000  -999
OBS: 5999400  53787.082    81.00   0.0000e+00   2.5795e+02   1.5526e+02   0  H  0.00  1   !  -9.99000e+02  -99.000  -99.000  -999
OBS: 5999400  53789.082    83.00   0.0000e+00   2.4494e+02   1.4743e+02   0  H  0.00  1   !  -9.99000e+02  -99.000  -99.000  -999
OBS: 5999400  53791.082    85.00   0.0000e+00   2.3275e+02   1.4009e+02   0  H  0.00  1   !  -9.99000e+02  -99.000  -99.000  -999
OBS: 5999400  53793.082    87.00   0.0000e+00   2.2137e+02   1.3324e+02   0  H  0.00  1   !  -9.99000e+02  -99.000  -99.000  -999
OBS: 5999400  53795.082    89.00   0.0000e+00   2.1087e+02   1.2692e+02   0  H  0.00  1   !  -9.99000e+02  -99.000  -99.000  -999
OBS: 5999400  53797.082    91.00   0.0000e+00   2.0132e+02   1.2118e+02   0  H  0.00  1   !  -9.99000e+02  -99.000  -99.000  -999
OBS: 5999400  53799.082    93.00   0.0000e+00   1.9077e+02   1.1483e+02   0  H  0.00  1   !  -9.99000e+02  -99.000  -99.000  -999
OBS: 5999400  53801.082    95.00   0.0000e+00   1.8016e+02   1.0844e+02   0  H  0.00  1   !  -9.99000e+02  -99.000  -99.000  -999
OBS: 5999400  53803.082    97.00   0.0000e+00   1.7014e+02   1.0241e+02   0  H  0.00  1   !  -9.99000e+02  -99.000  -99.000  -999
OBS: 5999400  53805.082    99.00   0.0000e+00   1.6068e+02   9.6713e+01   0  H  0.00  1   !  -9.99000e+02  -99.000  -99.000  -999
OBS: 5999400  53807.082   101.00   0.0000e+00   1.5174e+02   9.1334e+01   0  H  0.00  1   !  -9.99000e+02  -99.000  -99.000  -999
OBS: 5999400  53809.082   103.00   0.0000e+00   1.4330e+02   8.6254e+01   0  H  0.00  1   !  -9.99000e+02  -99.000  -99.000  -999
OBS: 5999400  53811.082   105.00   0.0000e+00   1.3533e+02   8.1456e+01   0  H  0.00  1   !  -9.99000e+02  -99.000  -99.000  -999
OBS: 5999400  53813.082   107.00   0.0000e+00   1.2780e+02   7.6925e+01   0  H  0.00  1   !  -9.99000e+02  -99.000  -99.000  -999
OBS: 5999400  53815.082   109.00   0.0000e+00   1.2069e+02   7.2646e+01   0  H  0.00  1   !  -9.99000e+02  -99.000  -99.000  -999
OBS: 5999400  53817.082   111.00   0.0000e+00   1.1398e+02   6.8604e+01   0  H  0.00  1   !  -9.99000e+02  -99.000  -99.000  -999
OBS: 5999400  53819.082   113.00   0.0000e+00   1.0764e+02   6.4788e+01   0  H  0.00  1   !  -9.99000e+02  -99.000  -99.000  -999
OBS: 5999400  53821.082   115.00   0.0000e+00   1.0165e+02   6.1184e+01   0  H  0.00  1   !  -9.99000e+02  -99.000  -99.000  -999
OBS: 5999400  53823.082   117.00   0.0000e+00   9.5994e+01   5.7780e+01   0  H  0.00  1   !  -9.99000e+02  -99.000  -99.000  -999
OBS: 5999400  53825.082   119.00   0.0000e+00   9.0654e+01   5.4565e+01   0  H  0.00  1   !  -9.99000e+02  -99.000  -99.000  -999
OBS: 5999400  53827.082   121.00   0.0000e+00   8.5610e+01   5.1530e+01   0  H  0.00  1   !  -9.99000e+02  -99.000  -99.000  -999
OBS: 5999400  53829.082   123.00   0.0000e+00   8.0847e+01   4.8663e+01   0  H  0.00  1   !  -9.99000e+02  -99.000  -99.000  -999
OBS: 5999400  53831.082   125.00   0.0000e+00   7.6349e+01   4.5955e+01   0  H  0.00  1   !  -9.99000e+02  -99.000  -99.000  -999
OBS: 5999400  53833.082   127.00   0.0000e+00   7.2101e+01   4.3398e+01   0  H  0.00  1   !  -9.99000e+02  -99.000  -99.000  -999
OBS: 5999400  53835.082   129.00   0.0000e+00   6.8089e+01   4.0984e+01   0  H  0.00  1   !  -9.99000e+02  -99.000  -99.000  -999
OBS: 5999400  53837.082   131.00   0.0000e+00   6.4300e+01   3.8703e+01   0  H  0.00  1   !  -9.99000e+02  -99.000  -99.000  -999
OBS: 5999400  53839.082   133.00   0.0000e+00   6.0722e+01   3.6549e+01   0  H  0.00  1   !  -9.99000e+02  -99.000  -99.000  -999
OBS: 5999400  53841.082   135.00   0.0000e+00   5.7344e+01   3.4516e+01   0  H  0.00  1   !  -9.99000e+02  -99.000  -99.000  -999
OBS: 5999400  53843.082   137.00   0.0000e+00   5.4153e+01   3.2595e+01   0  H  0.00  1   !  -9.99000e+02  -99.000  -99.000  -999
OBS: 5999400  53845.082   139.00   0.0000e+00   5.1140e+01   3.0781e+01   0  H  0.00  1   !  -9.99000e+02  -99.000  -99.000  -999
