VARNAMES: CID MJD Tobs SIM_FLUXCAL FLUXCAL FLUXCAL_ERR DATAFLAG BAND CHI2 IFIT BAND_REST FLUX_REST KCOR AVWARP SIM_FLUX_REST 
OBS: 5999878  53685.551    -2.78   5.4480e+03   5.9939e+03   5.0578e+02   1  J  2.29  1   J  3.99240e+18  -0.102  1.166  1.00000e+11
OBS: 5999878  53685.559    -2.77   5.4464e+03   4.9346e+03   5.7051e+02   1  J  0.20  1   J  3.28653e+18  -0.102  1.163  1.00000e+11
OBS: 5999878  53686.590    -1.74   5.2706e+03   5.4507e+03   5.7678e+02   1  J  0.50  1   J  3.59159e+18  -0.114  0.871  1.00000e+11
OBS: 5999878  53686.602    -1.73   5.2687e+03   4.0497e+03   6.0342e+02   1  J  2.50  1   J  2.66809e+18  -0.114  0.869  1.00000e+11
OBS: 5999878  53688.578     0.25   4.7574e+03   4.7980e+03   5.2227e+02   1  J  0.23  1   J  3.12981e+18  -0.125  0.439  1.00000e+11
OBS: 5999878  53688.578     0.25   4.7574e+03   5.0264e+03   4.7675e+02   1  J  0.96  1   J  3.27881e+18  -0.125  0.439  1.00000e+11
OBS: 5999878  53692.520     4.19   3.4017e+03   2.5635e+03   6.9957e+02   1  J  0.92  1   J  1.69534e+18  -0.110  0.326  1.00000e+11
OBS: 5999878  53692.531     4.20   3.3988e+03   3.7401e+03   5.8781e+02   1  J  0.68  1   J  2.47338e+18  -0.110  0.328  1.00000e+11
OBS: 5999878  53696.570     8.24   2.3584e+03   2.0330e+03   5.5713e+02   1  J  0.14  1   J  1.30707e+18  -0.140  1.889  1.00000e+11
OBS: 5999878  53715.609    27.28   2.1396e+03   2.6197e+03   5.5216e+02   1  J  0.98  1   J  1.31536e+18  -0.409  2.522  1.00000e+11
OBS: 5999878  53721.578    33.25   2.5024e+03   2.3273e+03   1.3048e+02   1  J  0.07  1   J  1.16438e+18  -0.413  2.954  1.00000e+11
OBS: 5999878  53721.590    33.26   2.5036e+03   2.7505e+03   1.7484e+02   1  J  1.70  1   J  1.37606e+18  -0.413  2.958  1.00000e+11
OBS: 5999878  53629.328   -59.00   0.0000e+00   0.0000e+00   0.0000e+00   0  J  0.00  1   !  -9.99000e+02  -99.000  -99.000  -999
OBS: 5999878  53631.328   -57.00   0.0000e+00   0.0000e+00   0.0000e+00   0  J  0.00  1   !  -9.99000e+02  -99.000  -99.000  -999
OBS: 5999878  53633.328   -55.00   0.0000e+00   0.0000e+00   0.0000e+00   0  J  0.00  1   !  -9.99000e+02  -99.000  -99.000  -999
OBS: 5999878  53635.328   -53.00   0.0000e+00   0.0000e+00   0.0000e+00   0  J  0.00  1   !  -9.99000e+02  -99.000  -99.000  -999
OBS: 5999878  53637.328   -51.00   0.0000e+00   0.0000e+00   0.0000e+00   0  J  0.00  1   !  -9.99000e+02  -99.000  -99.000  -999
OBS: 5999878  53639.328   -49.00   0.0000e+00   0.0000e+00   0.0000e+00   0  J  0.00  1   !  -9.99000e+02  -99.000  -99.000  -999
OBS: 5999878  53641.328   -47.00   0.0000e+00   0.0000e+00   0.0000e+00   0  J  0.00  1   !  -9.99000e+02  -99.000  -99.000  -999
OBS: 5999878  53643.328   -45.00   0.0000e+00   0.0000e+00   0.0000e+00   0  J  0.00  1   !  -9.99000e+02  -99.000  -99.000  -999
OBS: 5999878  53645.328   -43.00   0.0000e+00   0.0000e+00   0.0000e+00   0  J  0.00  1   !  -9.99000e+02  -99.000  -99.000  -999
OBS: 5999878  53647.328   -41.00   0.0000e+00   0.0000e+00   0.0000e+00   0  J  0.00  1   !  -9.99000e+02  -99.000  -99.000  -999
OBS: 5999878  53649.328   -39.00   0.0000e+00   0.0000e+00   0.0000e+00   0  J  0.00  1   !  -9.99000e+02  -99.000  -99.000  -999
OBS: 5999878  53651.328   -37.00   0.0000e+00   0.0000e+00   0.0000e+00   0  J  0.00  1   !  -9.99000e+02  -99.000  -99.000  -999
OBS: 5999878  53653.328   -35.00   0.0000e+00   0.0000e+00   0.0000e+00   0  J  0.00  1   !  -9.99000e+02  -99.000  -99.000  -999
OBS: 5999878  53655.328   -33.00   0.0000e+00   0.0000e+00   0.0000e+00   0  J  0.00  1   !  -9.99000e+02  -99.000  -99.000  -999
OBS: 5999878  53657.328   -31.00   0.0000e+00   0.0000e+00   0.0000e+00   0  J  0.00  1   !  -9.99000e+02  -99.000  -99.000  -999
OBS: 5999878  53659.328   -29.00   0.0000e+00   0.0000e+00   0.0000e+00   0  J  0.00  1   !  -9.99000e+02  -99.000  -99.000  -999
OBS: 5999878  53661.328   -27.00   0.0000e+00   0.0000e+00   0.0000e+00   0  J  0.00  1   !  -9.99000e+02  -99.000  -99.000  -999
OBS: 5999878  53663.328   -25.00   0.0000e+00   0.0000e+00   0.0000e+00   0  J  0.00  1   !  -9.99000e+02  -99.000  -99.000  -999
OBS: 5999878  53665.328   -23.00   0.0000e+00   0.0000e+00   0.0000e+00   0  J  0.00  1   !  -9.99000e+02  -99.000  -99.000  -999
OBS: 5999878  53667.328   -21.00   0.0000e+00   2.4242e+03   1.4592e+03   0  J  0.00  1   !  -9.99000e+02  -99.000  -99.000  -999
OBS: 5999878  53669.328   -19.00   0.0000e+00   2.5785e+03   1.5520e+03   0  J  0.00  1   !  -9.99000e+02  -99.000  -99.000  -999
OBS: 5999878  53671.328   -17.00   0.0000e+00   2.5731e+03   1.5488e+03   0  J  0.00  1   !  -9.99000e+02  -99.000  -99.000  -999
OBS: 5999878  53673.328   -15.00   0.0000e+00   3.0836e+03   3.4573e+02   0  J  0.00  1   !  -9.99000e+02  -99.000  -99.000  -999
OBS: 5999878  53675.328   -13.00   0.0000e+00   4.0753e+03   1.0753e+02   0  J  0.00  1   !  -9.99000e+02  -99.000  -99.000  -999
OBS: 5999878  53677.328   -11.00   0.0000e+00   4.7629e+03   1.3543e+02   0  J  0.00  1   !  -9.99000e+02  -99.000  -99.000  -999
OBS: 5999878  53679.328    -9.00   0.0000e+00   5.1888e+03   1.3967e+02   0  J  0.00  1   !  -9.99000e+02  -99.000  -99.000  -999
OBS: 5999878  53681.328    -7.00   0.0000e+00   5.3660e+03   1.2757e+02   0  J  0.00  1   !  -9.99000e+02  -99.000  -99.000  -999
OBS: 5999878  53683.328    -5.00   0.0000e+00   5.4069e+03   1.2176e+02   0  J  0.00  1   !  -9.99000e+02  -99.000  -99.000  -999
OBS: 5999878  53685.328    -3.00   0.0000e+00   5.2350e+03   1.3423e+02   0  J  0.00  1   !  -9.99000e+02  -99.000  -99.000  -999
OBS: 5999878  53687.328    -1.00   0.0000e+00   4.8926e+03   1.4096e+02   0  J  0.00  1   !  -9.99000e+02  -99.000  -99.000  -999
OBS: 5999878  53689.328     1.00   0.0000e+00   4.2815e+03   1.4048e+02   0  J  0.00  1   !  -9.99000e+02  -99.000  -99.000  -999
OBS: 5999878  53691.328     3.00   0.0000e+00   3.5980e+03   1.3545e+02   0  J  0.00  1   !  -9.99000e+02  -99.000  -99.000  -999
OBS: 5999878  53693.328     5.00   0.0000e+00   3.0391e+03   1.3176e+02   0  J  0.00  1   !  -9.99000e+02  -99.000  -99.000  -999
OBS: 5999878  53695.328     7.00   0.0000e+00   2.5398e+03   1.2758e+02   0  J  0.00  1   !  -9.99000e+02  -99.000  -99.000  -999
OBS: 5999878  53697.328     9.00   0.0000e+00   2.0933e+03   1.3436e+02   0  J  0.00  1   !  -9.99000e+02  -99.000  -99.000  -999
OBS: 5999878  53699.328    11.00   0.0000e+00   1.7397e+03   1.5099e+02   0  J  0.00  1   !  -9.99000e+02  -99.000  -99.000  -999
OBS: 5999878  53701.328    13.00   0.0000e+00   1.5384e+03   1.5820e+02   0  J  0.00  1   !  -9.99000e+02  -99.000  -99.000  -999
OBS: 5999878  53703.328    15.00   0.0000e+00   1.5122e+03   1.5484e+02   0  J  0.00  1   !  -9.99000e+02  -99.000  -99.000  -999
OBS: 5999878  53705.328    17.00   0.0000e+00   1.5283e+03   1.4528e+02   0  J  0.00  1   !  -9.99000e+02  -99.000  -99.000  -999
OBS: 5999878  53707.328    19.00   0.0000e+00   1.5959e+03   1.2057e+02   0  J  0.00  1   !  -9.99000e+02  -99.000  -99.000  -999
OBS: 5999878  53709.328    21.00   0.0000e+00   1.6831e+03   1.1755e+02   0  J  0.00  1   !  -9.99000e+02  -99.000  -99.000  -999
OBS: 5999878  53711.328    23.00   0.0000e+00   1.8045e+03   1.4648e+02   0  J  0.00  1   !  -9.99000e+02  -99.000  -99.000  -999
OBS: 5999878  53713.328    25.00   0.0000e+00   1.9243e+03   1.7159e+02   0  J  0.00  1   !  -9.99000e+02  -99.000  -99.000  -999
OBS: 5999878  53715.328    27.00   0.0000e+00   2.0291e+03   1.8256e+02   0  J  0.00  1   !  -9.99000e+02  -99.000  -99.000  -999
OBS: 5999878  53717.328    29.00   0.0000e+00   2.1322e+03   1.8955e+02   0  J  0.00  1   !  -9.99000e+02  -99.000  -99.000  -999
OBS: 5999878  53719.328    31.00   0.0000e+00   2.2234e+03   1.9083e+02   0  J  0.00  1   !  -9.99000e+02  -99.000  -99.000  -999
OBS: 5999878  53721.328    33.00   0.0000e+00   2.3637e+03   2.0560e+02   0  J  0.00  1   !  -9.99000e+02  -99.000  -99.000  -999
OBS: 5999878  53723.328    35.00   0.0000e+00   2.6081e+03   2.5246e+02   0  J  0.00  1   !  -9.99000e+02  -99.000  -99.000  -999
OBS: 5999878  53725.328    37.00   0.0000e+00   2.8348e+03   3.0446e+02   0  J  0.00  1   !  -9.99000e+02  -99.000  -99.000  -999
OBS: 5999878  53727.328    39.00   0.0000e+00   2.9358e+03   3.3166e+02   0  J  0.00  1   !  -9.99000e+02  -99.000  -99.000  -999
OBS: 5999878  53729.328    41.00   0.0000e+00   2.8774e+03   3.4315e+02   0  J  0.00  1   !  -9.99000e+02  -99.000  -99.000  -999
OBS: 5999878  53731.328    43.00   0.0000e+00   2.6792e+03   3.4207e+02   0  J  0.00  1   !  -9.99000e+02  -99.000  -99.000  -999
OBS: 5999878  53733.328    45.00   0.0000e+00   2.3780e+03   3.0972e+02   0  J  0.00  1   !  -9.99000e+02  -99.000  -99.000  -999
OBS: 5999878  53735.328    47.00   0.0000e+00   2.0187e+03   2.5283e+02   0  J  0.00  1   !  -9.99000e+02  -99.000  -99.000  -999
OBS: 5999878  53737.328    49.00   0.0000e+00   1.6944e+03   1.9423e+02   0  J  0.00  1   !  -9.99000e+02  -99.000  -99.000  -999
OBS: 5999878  53739.328    51.00   0.0000e+00   1.4877e+03   1.6840e+02   0  J  0.00  1   !  -9.99000e+02  -99.000  -99.000  -999
OBS: 5999878  53741.328    53.00   0.0000e+00   1.3884e+03   2.3985e+02   0  J  0.00  1   !  -9.99000e+02  -99.000  -99.000  -999
OBS: 5999878  53743.328    55.00   0.0000e+00   1.3367e+03   8.0455e+02   0  J  0.00  1   !  -9.99000e+02  -99.000  -99.000  -999
OBS: 5999878  53745.328    57.00   0.0000e+00   1.2686e+03   7.6360e+02   0  J  0.00  1   !  -9.99000e+02  -99.000  -99.000  -999
OBS: 5999878  53747.328    59.00   0.0000e+00   1.1543e+03   6.9478e+02   0  J  0.00  1   !  -9.99000e+02  -99.000  -99.000  -999
OBS: 5999878  53749.328    61.00   0.0000e+00   1.0439e+03   6.2832e+02   0  J  0.00  1   !  -9.99000e+02  -99.000  -99.000  -999
OBS: 5999878  53751.328    63.00   0.0000e+00   9.4648e+02   5.6970e+02   0  J  0.00  1   !  -9.99000e+02  -99.000  -99.000  -999
OBS: 5999878  53753.328    65.00   0.0000e+00   8.3052e+02   4.9990e+02   0  J  0.00  1   !  -9.99000e+02  -99.000  -99.000  -999
OBS: 5999878  53755.328    67.00   0.0000e+00   7.0901e+02   4.2676e+02   0  J  0.00  1   !  -9.99000e+02  -99.000  -99.000  -999
OBS: 5999878  53757.328    69.00   0.0000e+00   6.2791e+02   3.7795e+02   0  J  0.00  1   !  -9.99000e+02  -99.000  -99.000  -999
OBS: 5999878  53759.328    71.00   0.0000e+00   5.6146e+02   3.3795e+02   0  J  0.00  1   !  -9.99000e+02  -99.000  -99.000  -999
OBS: 5999878  53761.328    73.00   0.0000e+00   5.0853e+02   3.0609e+02   0  J  0.00  1   !  -9.99000e+02  -99.000  -99.000  -999
OBS: 5999878  53763.328    75.00   0.0000e+00   4.6585e+02   2.8040e+02   0  J  0.00  1   !  -9.99000e+02  -99.000  -99.000  -999
OBS: 5999878  53765.328    77.00   0.0000e+00   4.2097e+02   2.5338e+02   0  J  0.00  1   !  -9.99000e+02  -99.000  -99.000  -999
OBS: 5999878  53767.328    79.00   0.0000e+00   3.7320e+02   2.2464e+02   0  J  0.00  1   !  -9.99000e+02  -99.000  -99.000  -999
OBS: 5999878  53769.328    81.00   0.0000e+00   3.5699e+02   2.1488e+02   0  J  0.00  1   !  -9.99000e+02  -99.000  -99.000  -999
OBS: 5999878  53771.328    83.00   0.0000e+00   3.4160e+02   2.0561e+02   0  J  0.00  1   !  -9.99000e+02  -99.000  -99.000  -999
OBS: 5999878  53773.328    85.00   0.0000e+00   3.2703e+02   1.9685e+02   0  J  0.00  1   !  -9.99000e+02  -99.000  -99.000  -999
OBS: 5999878  53775.328    87.00   0.0000e+00   3.1299e+02   1.8839e+02   0  J  0.00  1   !  -9.99000e+02  -99.000  -99.000  -999
OBS: 5999878  53777.328    89.00   0.0000e+00   2.9895e+02   1.7994e+02   0  J  0.00  1   !  -9.99000e+02  -99.000  -99.000  -999
OBS: 5999878  53779.328    91.00   0.0000e+00   2.8567e+02   1.7195e+02   0  J  0.00  1   !  -9.99000e+02  -99.000  -99.000  -999
OBS: 5999878  53781.328    93.00   0.0000e+00   2.7663e+02   1.6651e+02   0  J  0.00  1   !  -9.99000e+02  -99.000  -99.000  -999
OBS: 5999878  53783.328    95.00   0.0000e+00   2.6788e+02   1.6124e+02   0  J  0.00  1   !  -9.99000e+02  -99.000  -99.000  -999
OBS: 5999878  53785.328    97.00   0.0000e+00   2.5940e+02   1.5614e+02   0  J  0.00  1   !  -9.99000e+02  -99.000  -99.000  -999
OBS: 5999878  53787.328    99.00   0.0000e+00   2.5119e+02   1.5120e+02   0  J  0.00  1   !  -9.99000e+02  -99.000  -99.000  -999
OBS: 5999878  53789.328   101.00   0.0000e+00   2.4325e+02   1.4641e+02   0  J  0.00  1   !  -9.99000e+02  -99.000  -99.000  -999
OBS: 5999878  53791.328   103.00   0.0000e+00   2.3555e+02   1.4178e+02   0  J  0.00  1   !  -9.99000e+02  -99.000  -99.000  -999
OBS: 5999878  53793.328   105.00   0.0000e+00   2.2809e+02   1.3729e+02   0  J  0.00  1   !  -9.99000e+02  -99.000  -99.000  -999
OBS: 5999878  53795.328   107.00   0.0000e+00   2.2088e+02   1.3295e+02   0  J  0.00  1   !  -9.99000e+02  -99.000  -99.000  -999
OBS: 5999878  53797.328   109.00   0.0000e+00   2.1389e+02   1.2874e+02   0  J  0.00  1   !  -9.99000e+02  -99.000  -99.000  -999
OBS: 5999878  53799.328   111.00   0.0000e+00   2.0712e+02   1.2467e+02   0  J  0.00  1   !  -9.99000e+02  -99.000  -99.000  -999
OBS: 5999878  53801.328   113.00   0.0000e+00   2.0056e+02   1.2072e+02   0  J  0.00  1   !  -9.99000e+02  -99.000  -99.000  -999
OBS: 5999878  53803.328   115.00   0.0000e+00   1.9422e+02   1.1690e+02   0  J  0.00  1   !  -9.99000e+02  -99.000  -99.000  -999
OBS: 5999878  53805.328   117.00   0.0000e+00   1.8807e+02   1.1320e+02   0  J  0.00  1   !  -9.99000e+02  -99.000  -99.000  -999
OBS: 5999878  53807.328   119.00   0.0000e+00   1.8212e+02   1.0962e+02   0  J  0.00  1   !  -9.99000e+02  -99.000  -99.000  -999
OBS: 5999878  53809.328   121.00   0.0000e+00   1.7636e+02   1.0615e+02   0  J  0.00  1   !  -9.99000e+02  -99.000  -99.000  -999
OBS: 5999878  53811.328   123.00   0.0000e+00   1.7078e+02   1.0279e+02   0  J  0.00  1   !  -9.99000e+02  -99.000  -99.000  -999
OBS: 5999878  53813.328   125.00   0.0000e+00   1.6537e+02   9.9539e+01   0  J  0.00  1   !  -9.99000e+02  -99.000  -99.000  -999
OBS: 5999878  53815.328   127.00   0.0000e+00   1.6014e+02   9.6389e+01   0  J  0.00  1   !  -9.99000e+02  -99.000  -99.000  -999
OBS: 5999878  53817.328   129.00   0.0000e+00   1.5507e+02   9.3339e+01   0  J  0.00  1   !  -9.99000e+02  -99.000  -99.000  -999
OBS: 5999878  53819.328   131.00   0.0000e+00   1.5016e+02   9.0385e+01   0  J  0.00  1   !  -9.99000e+02  -99.000  -99.000  -999
OBS: 5999878  53821.328   133.00   0.0000e+00   1.4541e+02   8.7525e+01   0  J  0.00  1   !  -9.99000e+02  -99.000  -99.000  -999
OBS: 5999878  53823.328   135.00   0.0000e+00   1.4081e+02   8.4755e+01   0  J  0.00  1   !  -9.99000e+02  -99.000  -99.000  -999
OBS: 5999878  53825.328   137.00   0.0000e+00   1.3635e+02   8.2073e+01   0  J  0.00  1   !  -9.99000e+02  -99.000  -99.000  -999
OBS: 5999878  53827.328   139.00   0.0000e+00   1.3204e+02   7.9476e+01   0  J  0.00  1   !  -9.99000e+02  -99.000  -99.000  -999
OBS: 5999878  53685.551    -2.78   4.7764e+03   4.6500e+03   3.5939e+02   1  Y  0.36  1   Y  2.56142e+18  -0.308  -1.183  1.00000e+11
OBS: 5999878  53685.559    -2.77   4.7751e+03   4.9963e+03   2.9729e+02   1  Y  0.14  1   Y  2.75213e+18  -0.308  -1.184  1.00000e+11
OBS: 5999878  53686.590    -1.74   4.6014e+03   4.7126e+03   3.1573e+02   1  Y  0.00  1   Y  2.60887e+18  -0.303  -1.271  1.00000e+11
OBS: 5999878  53686.602    -1.73   4.5990e+03   4.3476e+03   3.2281e+02   1  Y  1.03  1   Y  2.40710e+18  -0.303  -1.271  1.00000e+11
OBS: 5999878  53688.578     0.25   4.1319e+03   4.3316e+03   3.1619e+02   1  Y  0.11  1   Y  2.43465e+18  -0.286  -1.376  1.00000e+11
OBS: 5999878  53688.578     0.25   4.1319e+03   4.3120e+03   2.8845e+02   1  Y  0.09  1   Y  2.42364e+18  -0.286  -1.376  1.00000e+11
OBS: 5999878  53692.520     4.19   3.4784e+03   3.0433e+03   3.0630e+02   1  Y  2.27  1   Y  1.58884e+18  -0.366  -1.332  1.00000e+11
OBS: 5999878  53692.531     4.20   3.4769e+03   3.2289e+03   3.0127e+02   1  Y  0.93  1   Y  1.68543e+18  -0.367  -1.333  1.00000e+11
OBS: 5999878  53696.559     8.23   2.8512e+03   3.3203e+03   2.6879e+02   1  Y  1.90  1   Y  1.65923e+18  -0.414  -1.795  1.00000e+11
OBS: 5999878  53696.570     8.24   2.8501e+03   3.0752e+03   2.6096e+02   1  Y  0.32  1   Y  1.53656e+18  -0.414  -1.796  1.00000e+11
OBS: 5999878  53700.602    12.27   2.5723e+03   2.8661e+03   3.0921e+02   1  Y  0.49  1   Y  1.40440e+18  -0.435  -2.056  1.00000e+11
OBS: 5999878  53705.570    17.24   2.7583e+03   2.7901e+03   2.4314e+02   1  Y  0.01  1   Y  1.35286e+18  -0.447  -1.567  1.00000e+11
OBS: 5999878  53705.578    17.25   2.7591e+03   2.8435e+03   3.4640e+02   1  Y  0.00  1   Y  1.37876e+18  -0.447  -1.566  1.00000e+11
OBS: 5999878  53710.570    22.24   3.1166e+03   3.4830e+03   4.0582e+02   1  Y  0.50  1   Y  1.82688e+18  -0.361  -1.135  1.00000e+11
OBS: 5999878  53710.578    22.25   3.1170e+03   2.9158e+03   2.6850e+02   1  Y  0.85  1   Y  1.52998e+18  -0.361  -1.134  1.00000e+11
OBS: 5999878  53715.609    27.28   3.7537e+03   3.6123e+03   2.5282e+02   1  Y  0.65  1   Y  2.01878e+18  -0.293  -1.037  1.00000e+11
OBS: 5999878  53715.609    27.28   3.7537e+03   3.3579e+03   2.9149e+02   1  Y  2.32  1   Y  1.87662e+18  -0.293  -1.037  1.00000e+11
OBS: 5999878  53718.559    30.23   4.1226e+03   4.2027e+03   2.5459e+02   1  Y  0.00  1   Y  2.42548e+18  -0.258  -1.104  1.00000e+11
OBS: 5999878  53718.570    30.24   4.1234e+03   4.7919e+03   3.0473e+02   1  Y  3.12  1   Y  2.76617e+18  -0.257  -1.105  1.00000e+11
OBS: 5999878  53732.570    44.24   3.9873e+03   3.7771e+03   2.7145e+02   1  Y  0.86  1   Y  2.64088e+18  -0.049  -0.647  1.00000e+11
OBS: 5999878  53732.590    44.26   3.9849e+03   3.9930e+03   2.7128e+02   1  Y  0.06  1   Y  2.79194e+18  -0.049  -0.646  1.00000e+11
OBS: 5999878  53629.328   -59.00   0.0000e+00   0.0000e+00   0.0000e+00   0  Y  0.00  1   !  -9.99000e+02  -99.000  -99.000  -999
OBS: 5999878  53631.328   -57.00   0.0000e+00   0.0000e+00   0.0000e+00   0  Y  0.00  1   !  -9.99000e+02  -99.000  -99.000  -999
OBS: 5999878  53633.328   -55.00   0.0000e+00   0.0000e+00   0.0000e+00   0  Y  0.00  1   !  -9.99000e+02  -99.000  -99.000  -999
OBS: 5999878  53635.328   -53.00   0.0000e+00   0.0000e+00   0.0000e+00   0  Y  0.00  1   !  -9.99000e+02  -99.000  -99.000  -999
OBS: 5999878  53637.328   -51.00   0.0000e+00   0.0000e+00   0.0000e+00   0  Y  0.00  1   !  -9.99000e+02  -99.000  -99.000  -999
OBS: 5999878  53639.328   -49.00   0.0000e+00   0.0000e+00   0.0000e+00   0  Y  0.00  1   !  -9.99000e+02  -99.000  -99.000  -999
OBS: 5999878  53641.328   -47.00   0.0000e+00   0.0000e+00   0.0000e+00   0  Y  0.00  1   !  -9.99000e+02  -99.000  -99.000  -999
OBS: 5999878  53643.328   -45.00   0.0000e+00   0.0000e+00   0.0000e+00   0  Y  0.00  1   !  -9.99000e+02  -99.000  -99.000  -999
OBS: 5999878  53645.328   -43.00   0.0000e+00   0.0000e+00   0.0000e+00   0  Y  0.00  1   !  -9.99000e+02  -99.000  -99.000  -999
OBS: 5999878  53647.328   -41.00   0.0000e+00   0.0000e+00   0.0000e+00   0  Y  0.00  1   !  -9.99000e+02  -99.000  -99.000  -999
OBS: 5999878  53649.328   -39.00   0.0000e+00   0.0000e+00   0.0000e+00   0  Y  0.00  1   !  -9.99000e+02  -99.000  -99.000  -999
OBS: 5999878  53651.328   -37.00   0.0000e+00   0.0000e+00   0.0000e+00   0  Y  0.00  1   !  -9.99000e+02  -99.000  -99.000  -999
OBS: 5999878  53653.328   -35.00   0.0000e+00   0.0000e+00   0.0000e+00   0  Y  0.00  1   !  -9.99000e+02  -99.000  -99.000  -999
OBS: 5999878  53655.328   -33.00   0.0000e+00   0.0000e+00   0.0000e+00   0  Y  0.00  1   !  -9.99000e+02  -99.000  -99.000  -999
OBS: 5999878  53657.328   -31.00   0.0000e+00   0.0000e+00   0.0000e+00   0  Y  0.00  1   !  -9.99000e+02  -99.000  -99.000  -999
OBS: 5999878  53659.328   -29.00   0.0000e+00   0.0000e+00   0.0000e+00   0  Y  0.00  1   !  -9.99000e+02  -99.000  -99.000  -999
OBS: 5999878  53661.328   -27.00   0.0000e+00   0.0000e+00   0.0000e+00   0  Y  0.00  1   !  -9.99000e+02  -99.000  -99.000  -999
OBS: 5999878  53663.328   -25.00   0.0000e+00   0.0000e+00   0.0000e+00   0  Y  0.00  1   !  -9.99000e+02  -99.000  -99.000  -999
OBS: 5999878  53665.328   -23.00   0.0000e+00   0.0000e+00   0.0000e+00   0  Y  0.00  1   !  -9.99000e+02  -99.000  -99.000  -999
OBS: 5999878  53667.328   -21.00   0.0000e+00   1.0404e+03   6.2624e+02   0  Y  0.00  1   !  -9.99000e+02  -99.000  -99.000  -999
OBS: 5999878  53669.328   -19.00   0.0000e+00   1.1130e+03   6.6993e+02   0  Y  0.00  1   !  -9.99000e+02  -99.000  -99.000  -999
OBS: 5999878  53671.328   -17.00   0.0000e+00   1.1085e+03   6.6722e+02   0  Y  0.00  1   !  -9.99000e+02  -99.000  -99.000  -999
OBS: 5999878  53673.328   -15.00   0.0000e+00   1.4754e+03   2.9616e+02   0  Y  0.00  1   !  -9.99000e+02  -99.000  -99.000  -999
OBS: 5999878  53675.328   -13.00   0.0000e+00   2.2707e+03   1.5350e+02   0  Y  0.00  1   !  -9.99000e+02  -99.000  -99.000  -999
OBS: 5999878  53677.328   -11.00   0.0000e+00   3.0743e+03   1.1330e+02   0  Y  0.00  1   !  -9.99000e+02  -99.000  -99.000  -999
OBS: 5999878  53679.328    -9.00   0.0000e+00   3.8060e+03   9.8887e+01   0  Y  0.00  1   !  -9.99000e+02  -99.000  -99.000  -999
OBS: 5999878  53681.328    -7.00   0.0000e+00   4.4835e+03   1.0770e+02   0  Y  0.00  1   !  -9.99000e+02  -99.000  -99.000  -999
OBS: 5999878  53683.328    -5.00   0.0000e+00   4.8609e+03   1.2439e+02   0  Y  0.00  1   !  -9.99000e+02  -99.000  -99.000  -999
OBS: 5999878  53685.328    -3.00   0.0000e+00   4.9073e+03   1.2690e+02   0  Y  0.00  1   !  -9.99000e+02  -99.000  -99.000  -999
OBS: 5999878  53687.328    -1.00   0.0000e+00   4.5204e+03   1.1096e+02   0  Y  0.00  1   !  -9.99000e+02  -99.000  -99.000  -999
OBS: 5999878  53689.328     1.00   0.0000e+00   4.0501e+03   1.1541e+02   0  Y  0.00  1   !  -9.99000e+02  -99.000  -99.000  -999
OBS: 5999878  53691.328     3.00   0.0000e+00   3.7360e+03   1.3624e+02   0  Y  0.00  1   !  -9.99000e+02  -99.000  -99.000  -999
OBS: 5999878  53693.328     5.00   0.0000e+00   3.4061e+03   1.4068e+02   0  Y  0.00  1   !  -9.99000e+02  -99.000  -99.000  -999
OBS: 5999878  53695.328     7.00   0.0000e+00   3.0726e+03   1.2772e+02   0  Y  0.00  1   !  -9.99000e+02  -99.000  -99.000  -999
OBS: 5999878  53697.328     9.00   0.0000e+00   2.8507e+03   1.2711e+02   0  Y  0.00  1   !  -9.99000e+02  -99.000  -99.000  -999
OBS: 5999878  53699.328    11.00   0.0000e+00   2.7050e+03   1.4106e+02   0  Y  0.00  1   !  -9.99000e+02  -99.000  -99.000  -999
OBS: 5999878  53701.328    13.00   0.0000e+00   2.6150e+03   1.4697e+02   0  Y  0.00  1   !  -9.99000e+02  -99.000  -99.000  -999
OBS: 5999878  53703.328    15.00   0.0000e+00   2.6590e+03   1.4437e+02   0  Y  0.00  1   !  -9.99000e+02  -99.000  -99.000  -999
OBS: 5999878  53705.328    17.00   0.0000e+00   2.8005e+03   1.3620e+02   0  Y  0.00  1   !  -9.99000e+02  -99.000  -99.000  -999
OBS: 5999878  53707.328    19.00   0.0000e+00   2.9553e+03   1.3522e+02   0  Y  0.00  1   !  -9.99000e+02  -99.000  -99.000  -999
OBS: 5999878  53709.328    21.00   0.0000e+00   3.1250e+03   1.2700e+02   0  Y  0.00  1   !  -9.99000e+02  -99.000  -99.000  -999
OBS: 5999878  53711.328    23.00   0.0000e+00   3.2190e+03   1.0597e+02   0  Y  0.00  1   !  -9.99000e+02  -99.000  -99.000  -999
OBS: 5999878  53713.328    25.00   0.0000e+00   3.3998e+03   1.0048e+02   0  Y  0.00  1   !  -9.99000e+02  -99.000  -99.000  -999
OBS: 5999878  53715.328    27.00   0.0000e+00   3.7819e+03   1.1607e+02   0  Y  0.00  1   !  -9.99000e+02  -99.000  -99.000  -999
OBS: 5999878  53717.328    29.00   0.0000e+00   4.1101e+03   1.2397e+02   0  Y  0.00  1   !  -9.99000e+02  -99.000  -99.000  -999
OBS: 5999878  53719.328    31.00   0.0000e+00   4.2757e+03   1.1881e+02   0  Y  0.00  1   !  -9.99000e+02  -99.000  -99.000  -999
OBS: 5999878  53721.328    33.00   0.0000e+00   4.4207e+03   1.2301e+02   0  Y  0.00  1   !  -9.99000e+02  -99.000  -99.000  -999
OBS: 5999878  53723.328    35.00   0.0000e+00   4.4662e+03   1.3800e+02   0  Y  0.00  1   !  -9.99000e+02  -99.000  -99.000  -999
OBS: 5999878  53725.328    37.00   0.0000e+00   4.3984e+03   1.4874e+02   0  Y  0.00  1   !  -9.99000e+02  -99.000  -99.000  -999
OBS: 5999878  53727.328    39.00   0.0000e+00   4.3838e+03   1.4983e+02   0  Y  0.00  1   !  -9.99000e+02  -99.000  -99.000  -999
OBS: 5999878  53729.328    41.00   0.0000e+00   4.3435e+03   1.4387e+02   0  Y  0.00  1   !  -9.99000e+02  -99.000  -99.000  -999
OBS: 5999878  53731.328    43.00   0.0000e+00   4.2063e+03   1.5177e+02   0  Y  0.00  1   !  -9.99000e+02  -99.000  -99.000  -999
OBS: 5999878  53733.328    45.00   0.0000e+00   3.9721e+03   1.6320e+02   0  Y  0.00  1   !  -9.99000e+02  -99.000  -99.000  -999
OBS: 5999878  53735.328    47.00   0.0000e+00   3.6722e+03   1.5399e+02   0  Y  0.00  1   !  -9.99000e+02  -99.000  -99.000  -999
OBS: 5999878  53737.328    49.00   0.0000e+00   3.3304e+03   1.2610e+02   0  Y  0.00  1   !  -9.99000e+02  -99.000  -99.000  -999
OBS: 5999878  53739.328    51.00   0.0000e+00   3.0125e+03   9.7910e+01   0  Y  0.00  1   !  -9.99000e+02  -99.000  -99.000  -999
OBS: 5999878  53741.328    53.00   0.0000e+00   2.7471e+03   8.1831e+01   0  Y  0.00  1   !  -9.99000e+02  -99.000  -99.000  -999
OBS: 5999878  53743.328    55.00   0.0000e+00   2.5041e+03   1.5072e+03   0  Y  0.00  1   !  -9.99000e+02  -99.000  -99.000  -999
OBS: 5999878  53745.328    57.00   0.0000e+00   2.2890e+03   1.3778e+03   0  Y  0.00  1   !  -9.99000e+02  -99.000  -99.000  -999
OBS: 5999878  53747.328    59.00   0.0000e+00   2.1408e+03   1.2885e+03   0  Y  0.00  1   !  -9.99000e+02  -99.000  -99.000  -999
OBS: 5999878  53749.328    61.00   0.0000e+00   1.9746e+03   1.1886e+03   0  Y  0.00  1   !  -9.99000e+02  -99.000  -99.000  -999
OBS: 5999878  53751.328    63.00   0.0000e+00   1.8093e+03   1.0891e+03   0  Y  0.00  1   !  -9.99000e+02  -99.000  -99.000  -999
OBS: 5999878  53753.328    65.00   0.0000e+00   1.5784e+03   9.5008e+02   0  Y  0.00  1   !  -9.99000e+02  -99.000  -99.000  -999
OBS: 5999878  53755.328    67.00   0.0000e+00   1.3075e+03   7.8701e+02   0  Y  0.00  1   !  -9.99000e+02  -99.000  -99.000  -999
OBS: 5999878  53757.328    69.00   0.0000e+00   1.0995e+03   6.6181e+02   0  Y  0.00  1   !  -9.99000e+02  -99.000  -99.000  -999
OBS: 5999878  53759.328    71.00   0.0000e+00   9.4424e+02   5.6835e+02   0  Y  0.00  1   !  -9.99000e+02  -99.000  -99.000  -999
OBS: 5999878  53761.328    73.00   0.0000e+00   8.2973e+02   4.9943e+02   0  Y  0.00  1   !  -9.99000e+02  -99.000  -99.000  -999
OBS: 5999878  53763.328    75.00   0.0000e+00   7.4342e+02   4.4747e+02   0  Y  0.00  1   !  -9.99000e+02  -99.000  -99.000  -999
OBS: 5999878  53765.328    77.00   0.0000e+00   6.7380e+02   4.0557e+02   0  Y  0.00  1   !  -9.99000e+02  -99.000  -99.000  -999
OBS: 5999878  53767.328    79.00   0.0000e+00   6.1624e+02   3.7092e+02   0  Y  0.00  1   !  -9.99000e+02  -99.000  -99.000  -999
OBS: 5999878  53769.328    81.00   0.0000e+00   5.4063e+02   3.2541e+02   0  Y  0.00  1   !  -9.99000e+02  -99.000  -99.000  -999
OBS: 5999878  53771.328    83.00   0.0000e+00   4.7478e+02   2.8578e+02   0  Y  0.00  1   !  -9.99000e+02  -99.000  -99.000  -999
OBS: 5999878  53773.328    85.00   0.0000e+00   4.1778e+02   2.5147e+02   0  Y  0.00  1   !  -9.99000e+02  -99.000  -99.000  -999
OBS: 5999878  53775.328    87.00   0.0000e+00   3.6831e+02   2.2169e+02   0  Y  0.00  1   !  -9.99000e+02  -99.000  -99.000  -999
OBS: 5999878  53777.328    89.00   0.0000e+00   3.2560e+02   1.9598e+02   0  Y  0.00  1   !  -9.99000e+02  -99.000  -99.000  -999
OBS: 5999878  53779.328    91.00   0.0000e+00   2.8780e+02   1.7323e+02   0  Y  0.00  1   !  -9.99000e+02  -99.000  -99.000  -999
OBS: 5999878  53781.328    93.00   0.0000e+00   2.5083e+02   1.5098e+02   0  Y  0.00  1   !  -9.99000e+02  -99.000  -99.000  -999
OBS: 5999878  53783.328    95.00   0.0000e+00   2.1861e+02   1.3158e+02   0  Y  0.00  1   !  -9.99000e+02  -99.000  -99.000  -999
OBS: 5999878  53785.328    97.00   0.0000e+00   1.9053e+02   1.1468e+02   0  Y  0.00  1   !  -9.99000e+02  -99.000  -99.000  -999
OBS: 5999878  53787.328    99.00   0.0000e+00   1.6605e+02   9.9947e+01   0  Y  0.00  1   !  -9.99000e+02  -99.000  -99.000  -999
OBS: 5999878  53789.328   101.00   0.0000e+00   1.4472e+02   8.7107e+01   0  Y  0.00  1   !  -9.99000e+02  -99.000  -99.000  -999
OBS: 5999878  53791.328   103.00   0.0000e+00   1.2612e+02   7.5915e+01   0  Y  0.00  1   !  -9.99000e+02  -99.000  -99.000  -999
OBS: 5999878  53793.328   105.00   0.0000e+00   1.0992e+02   6.6161e+01   0  Y  0.00  1   !  -9.99000e+02  -99.000  -99.000  -999
OBS: 5999878  53795.328   107.00   0.0000e+00   9.5795e+01   5.7660e+01   0  Y  0.00  1   !  -9.99000e+02  -99.000  -99.000  -999
OBS: 5999878  53797.328   109.00   0.0000e+00   8.3488e+01   5.0252e+01   0  Y  0.00  1   !  -9.99000e+02  -99.000  -99.000  -999
OBS: 5999878  53799.328   111.00   0.0000e+00   7.2764e+01   4.3797e+01   0  Y  0.00  1   !  -9.99000e+02  -99.000  -99.000  -999
OBS: 5999878  53801.328   113.00   0.0000e+00   6.3418e+01   3.8172e+01   0  Y  0.00  1   !  -9.99000e+02  -99.000  -99.000  -999
OBS: 5999878  53803.328   115.00   0.0000e+00   5.5272e+01   3.3269e+01   0  Y  0.00  1   !  -9.99000e+02  -99.000  -99.000  -999
OBS: 5999878  53805.328   117.00   0.0000e+00   4.8171e+01   2.8994e+01   0  Y  0.00  1   !  -9.99000e+02  -99.000  -99.000  -999
OBS: 5999878  53807.328   119.00   0.0000e+00   4.1979e+01   2.5268e+01   0  Y  0.00  1   !  -9.99000e+02  -99.000  -99.000  -999
OBS: 5999878  53809.328   121.00   0.0000e+00   3.6583e+01   2.2020e+01   0  Y  0.00  1   !  -9.99000e+02  -99.000  -99.000  -999
OBS: 5999878  53811.328   123.00   0.0000e+00   3.1881e+01   1.9189e+01   0  Y  0.00  1   !  -9.99000e+02  -99.000  -99.000  -999
OBS: 5999878  53813.328   125.00   0.0000e+00   2.7783e+01   1.6723e+01   0  Y  0.00  1   !  -9.99000e+02  -99.000  -99.000  -999
OBS: 5999878  53815.328   127.00   0.0000e+00   2.4211e+01   1.4573e+01   0  Y  0.00  1   !  -9.99000e+02  -99.000  -99.000  -999
OBS: 5999878  53817.328   129.00   0.0000e+00   2.1099e+01   1.2699e+01   0  Y  0.00  1   !  -9.99000e+02  -99.000  -99.000  -999
OBS: 5999878  53819.328   131.00   0.0000e+00   1.8386e+01   1.1067e+01   0  Y  0.00  1   !  -9.99000e+02  -99.000  -99.000  -999
OBS: 5999878  53821.328   133.00   0.0000e+00   1.6022e+01   9.6438e+00   0  Y  0.00  1   !  -9.99000e+02  -99.000  -99.000  -999
OBS: 5999878  53823.328   135.00   0.0000e+00   1.3962e+01   8.4037e+00   0  Y  0.00  1   !  -9.99000e+02  -99.000  -99.000  -999
OBS: 5999878  53825.328   137.00   0.0000e+00   1.2166e+01   7.3230e+00   0  Y  0.00  1   !  -9.99000e+02  -99.000  -99.000  -999
OBS: 5999878  53827.328   139.00   0.0000e+00   1.0602e+01   6.3812e+00   0  Y  0.00  1   !  -9.99000e+02  -99.000  -99.000  -999
OBS: 5999878  53685.551    -2.78   4.5584e+03   4.3950e+03   1.1643e+03   1  H  0.00  1   H  2.80903e+18  -0.147  -1.373  1.00000e+11
OBS: 5999878  53685.559    -2.77   4.5568e+03   4.9890e+03   9.3724e+02   1  H  0.49  1   H  3.18924e+18  -0.147  -1.371  1.00000e+11
OBS: 5999878  53686.590    -1.74   4.3560e+03   5.3108e+03   1.1005e+03   1  H  1.12  1   H  3.48109e+18  -0.119  -1.158  1.00000e+11
OBS: 5999878  53686.602    -1.73   4.3535e+03   3.5649e+03   1.0152e+03   1  H  0.31  1   H  2.33754e+18  -0.119  -1.156  1.00000e+11
OBS: 5999878  53688.578     0.25   3.8905e+03   4.0309e+03   8.5336e+02   1  H  0.15  1   H  2.80064e+18  -0.056  -0.764  1.00000e+11
OBS: 5999878  53692.531     4.20   3.2538e+03   3.8769e+03   1.0554e+03   1  H  0.55  1   H  2.87141e+18  0.013  -0.307  1.00000e+11
OBS: 5999878  53696.570     8.24   2.5509e+03   1.0343e+03   9.9959e+02   1  H  1.91  1   H  8.83742e+17  0.168  -1.712  1.00000e+11
OBS: 5999878  53710.570    22.24   2.6503e+03   8.8585e+02   9.2979e+02   1  H  3.06  1   H  8.10855e+17  0.243  -2.159  1.00000e+11
OBS: 5999878  53710.578    22.25   2.6507e+03   1.7268e+03   8.9340e+02   1  H  0.78  1   H  1.58078e+18  0.243  -2.156  1.00000e+11
OBS: 5999878  53715.609    27.28   2.9495e+03   8.7152e+02   1.3449e+03   1  H  2.06  1   H  8.07726e+17  0.257  -0.432  1.00000e+11
OBS: 5999878  53721.578    33.25   3.3938e+03   3.3835e+03   4.4048e+02   1  H  0.12  1   H  2.82449e+18  0.143  -0.938  1.00000e+11
OBS: 5999878  53721.590    33.26   3.3946e+03   3.7688e+03   4.0050e+02   1  H  1.73  1   H  3.14528e+18  0.143  -0.943  1.00000e+11
OBS: 5999878  53629.328   -59.00   0.0000e+00   0.0000e+00   0.0000e+00   0  H  0.00  1   !  -9.99000e+02  -99.000  -99.000  -999
OBS: 5999878  53631.328   -57.00   0.0000e+00   0.0000e+00   0.0000e+00   0  H  0.00  1   !  -9.99000e+02  -99.000  -99.000  -999
OBS: 5999878  53633.328   -55.00   0.0000e+00   0.0000e+00   0.0000e+00   0  H  0.00  1   !  -9.99000e+02  -99.000  -99.000  -999
OBS: 5999878  53635.328   -53.00   0.0000e+00   0.0000e+00   0.0000e+00   0  H  0.00  1   !  -9.99000e+02  -99.000  -99.000  -999
OBS: 5999878  53637.328   -51.00   0.0000e+00   0.0000e+00   0.0000e+00   0  H  0.00  1   !  -9.99000e+02  -99.000  -99.000  -999
OBS: 5999878  53639.328   -49.00   0.0000e+00   0.0000e+00   0.0000e+00   0  H  0.00  1   !  -9.99000e+02  -99.000  -99.000  -999
OBS: 5999878  53641.328   -47.00   0.0000e+00   0.0000e+00   0.0000e+00   0  H  0.00  1   !  -9.99000e+02  -99.000  -99.000  -999
OBS: 5999878  53643.328   -45.00   0.0000e+00   0.0000e+00   0.0000e+00   0  H  0.00  1   !  -9.99000e+02  -99.000  -99.000  -999
OBS: 5999878  53645.328   -43.00   0.0000e+00   0.0000e+00   0.0000e+00   0  H  0.00  1   !  -9.99000e+02  -99.000  -99.000  -999
OBS: 5999878  53647.328   -41.00   0.0000e+00   0.0000e+00   0.0000e+00   0  H  0.00  1   !  -9.99000e+02  -99.000  -99.000  -999
OBS: 5999878  53649.328   -39.00   0.0000e+00   0.0000e+00   0.0000e+00   0  H  0.00  1   !  -9.99000e+02  -99.000  -99.000  -999
OBS: 5999878  53651.328   -37.00   0.0000e+00   0.0000e+00   0.0000e+00   0  H  0.00  1   !  -9.99000e+02  -99.000  -99.000  -999
OBS: 5999878  53653.328   -35.00   0.0000e+00   0.0000e+00   0.0000e+00   0  H  0.00  1   !  -9.99000e+02  -99.000  -99.000  -999
OBS: 5999878  53655.328   -33.00   0.0000e+00   0.0000e+00   0.0000e+00   0  H  0.00  1   !  -9.99000e+02  -99.000  -99.000  -999
OBS: 5999878  53657.328   -31.00   0.0000e+00   0.0000e+00   0.0000e+00   0  H  0.00  1   !  -9.99000e+02  -99.000  -99.000  -999
OBS: 5999878  53659.328   -29.00   0.0000e+00   0.0000e+00   0.0000e+00   0  H  0.00  1   !  -9.99000e+02  -99.000  -99.000  -999
OBS: 5999878  53661.328   -27.00   0.0000e+00   0.0000e+00   0.0000e+00   0  H  0.00  1   !  -9.99000e+02  -99.000  -99.000  -999
OBS: 5999878  53663.328   -25.00   0.0000e+00   0.0000e+00   0.0000e+00   0  H  0.00  1   !  -9.99000e+02  -99.000  -99.000  -999
OBS: 5999878  53665.328   -23.00   0.0000e+00   0.0000e+00   0.0000e+00   0  H  0.00  1   !  -9.99000e+02  -99.000  -99.000  -999
OBS: 5999878  53667.328   -21.00   0.0000e+00   1.0201e+03   6.1400e+02   0  H  0.00  1   !  -9.99000e+02  -99.000  -99.000  -999
OBS: 5999878  53669.328   -19.00   0.0000e+00   1.2137e+03   7.3053e+02   0  H  0.00  1   !  -9.99000e+02  -99.000  -99.000  -999
OBS: 5999878  53671.328   -17.00   0.0000e+00   1.2163e+03   7.3213e+02   0  H  0.00  1   !  -9.99000e+02  -99.000  -99.000  -999
OBS: 5999878  53673.328   -15.00   0.0000e+00   1.5778e+03   9.4969e+02   0  H  0.00  1   !  -9.99000e+02  -99.000  -99.000  -999
OBS: 5999878  53675.328   -13.00   0.0000e+00   2.4042e+03   2.0315e+02   0  H  0.00  1   !  -9.99000e+02  -99.000  -99.000  -999
OBS: 5999878  53677.328   -11.00   0.0000e+00   3.2320e+03   1.5709e+02   0  H  0.00  1   !  -9.99000e+02  -99.000  -99.000  -999
OBS: 5999878  53679.328    -9.00   0.0000e+00   3.8698e+03   1.3126e+02   0  H  0.00  1   !  -9.99000e+02  -99.000  -99.000  -999
OBS: 5999878  53681.328    -7.00   0.0000e+00   4.3234e+03   1.2044e+02   0  H  0.00  1   !  -9.99000e+02  -99.000  -99.000  -999
OBS: 5999878  53683.328    -5.00   0.0000e+00   4.4837e+03   1.3370e+02   0  H  0.00  1   !  -9.99000e+02  -99.000  -99.000  -999
OBS: 5999878  53685.328    -3.00   0.0000e+00   4.3646e+03   1.3506e+02   0  H  0.00  1   !  -9.99000e+02  -99.000  -99.000  -999
OBS: 5999878  53687.328    -1.00   0.0000e+00   3.9611e+03   1.1014e+02   0  H  0.00  1   !  -9.99000e+02  -99.000  -99.000  -999
OBS: 5999878  53689.328     1.00   0.0000e+00   3.5732e+03   1.0044e+02   0  H  0.00  1   !  -9.99000e+02  -99.000  -99.000  -999
OBS: 5999878  53691.328     3.00   0.0000e+00   3.2837e+03   1.1181e+02   0  H  0.00  1   !  -9.99000e+02  -99.000  -99.000  -999
OBS: 5999878  53693.328     5.00   0.0000e+00   2.9478e+03   1.1589e+02   0  H  0.00  1   !  -9.99000e+02  -99.000  -99.000  -999
OBS: 5999878  53695.328     7.00   0.0000e+00   2.6095e+03   1.1024e+02   0  H  0.00  1   !  -9.99000e+02  -99.000  -99.000  -999
OBS: 5999878  53697.328     9.00   0.0000e+00   2.3310e+03   1.0471e+02   0  H  0.00  1   !  -9.99000e+02  -99.000  -99.000  -999
OBS: 5999878  53699.328    11.00   0.0000e+00   2.1673e+03   1.0130e+02   0  H  0.00  1   !  -9.99000e+02  -99.000  -99.000  -999
OBS: 5999878  53701.328    13.00   0.0000e+00   2.0947e+03   9.3227e+01   0  H  0.00  1   !  -9.99000e+02  -99.000  -99.000  -999
OBS: 5999878  53703.328    15.00   0.0000e+00   2.1162e+03   8.6009e+01   0  H  0.00  1   !  -9.99000e+02  -99.000  -99.000  -999
OBS: 5999878  53705.328    17.00   0.0000e+00   2.2244e+03   8.8632e+01   0  H  0.00  1   !  -9.99000e+02  -99.000  -99.000  -999
OBS: 5999878  53707.328    19.00   0.0000e+00   2.3515e+03   9.1384e+01   0  H  0.00  1   !  -9.99000e+02  -99.000  -99.000  -999
OBS: 5999878  53709.328    21.00   0.0000e+00   2.4669e+03   8.3609e+01   0  H  0.00  1   !  -9.99000e+02  -99.000  -99.000  -999
OBS: 5999878  53711.328    23.00   0.0000e+00   2.5472e+03   7.6627e+01   0  H  0.00  1   !  -9.99000e+02  -99.000  -99.000  -999
OBS: 5999878  53713.328    25.00   0.0000e+00   2.6432e+03   7.3634e+01   0  H  0.00  1   !  -9.99000e+02  -99.000  -99.000  -999
OBS: 5999878  53715.328    27.00   0.0000e+00   2.7850e+03   8.3098e+01   0  H  0.00  1   !  -9.99000e+02  -99.000  -99.000  -999
OBS: 5999878  53717.328    29.00   0.0000e+00   2.9226e+03   9.1360e+01   0  H  0.00  1   !  -9.99000e+02  -99.000  -99.000  -999
OBS: 5999878  53719.328    31.00   0.0000e+00   3.0732e+03   9.2085e+01   0  H  0.00  1   !  -9.99000e+02  -99.000  -99.000  -999
OBS: 5999878  53721.328    33.00   0.0000e+00   3.2072e+03   9.4684e+01   0  H  0.00  1   !  -9.99000e+02  -99.000  -99.000  -999
OBS: 5999878  53723.328    35.00   0.0000e+00   3.3555e+03   1.1562e+02   0  H  0.00  1   !  -9.99000e+02  -99.000  -99.000  -999
OBS: 5999878  53725.328    37.00   0.0000e+00   3.4710e+03   1.4500e+02   0  H  0.00  1   !  -9.99000e+02  -99.000  -99.000  -999
OBS: 5999878  53727.328    39.00   0.0000e+00   3.4544e+03   1.5949e+02   0  H  0.00  1   !  -9.99000e+02  -99.000  -99.000  -999
OBS: 5999878  53729.328    41.00   0.0000e+00   3.3263e+03   1.6765e+02   0  H  0.00  1   !  -9.99000e+02  -99.000  -99.000  -999
OBS: 5999878  53731.328    43.00   0.0000e+00   3.0544e+03   1.8248e+02   0  H  0.00  1   !  -9.99000e+02  -99.000  -99.000  -999
OBS: 5999878  53733.328    45.00   0.0000e+00   2.6911e+03   1.9589e+02   0  H  0.00  1   !  -9.99000e+02  -99.000  -99.000  -999
OBS: 5999878  53735.328    47.00   0.0000e+00   2.3211e+03   1.8874e+02   0  H  0.00  1   !  -9.99000e+02  -99.000  -99.000  -999
OBS: 5999878  53737.328    49.00   0.0000e+00   2.0071e+03   1.6239e+02   0  H  0.00  1   !  -9.99000e+02  -99.000  -99.000  -999
OBS: 5999878  53739.328    51.00   0.0000e+00   1.7818e+03   1.2982e+02   0  H  0.00  1   !  -9.99000e+02  -99.000  -99.000  -999
OBS: 5999878  53741.328    53.00   0.0000e+00   1.6391e+03   1.0994e+02   0  H  0.00  1   !  -9.99000e+02  -99.000  -99.000  -999
OBS: 5999878  53743.328    55.00   0.0000e+00   1.5482e+03   6.8193e+02   0  H  0.00  1   !  -9.99000e+02  -99.000  -99.000  -999
OBS: 5999878  53745.328    57.00   0.0000e+00   1.4798e+03   8.9068e+02   0  H  0.00  1   !  -9.99000e+02  -99.000  -99.000  -999
OBS: 5999878  53747.328    59.00   0.0000e+00   1.4236e+03   8.5687e+02   0  H  0.00  1   !  -9.99000e+02  -99.000  -99.000  -999
OBS: 5999878  53749.328    61.00   0.0000e+00   1.3648e+03   8.2148e+02   0  H  0.00  1   !  -9.99000e+02  -99.000  -99.000  -999
OBS: 5999878  53751.328    63.00   0.0000e+00   1.3069e+03   7.8661e+02   0  H  0.00  1   !  -9.99000e+02  -99.000  -99.000  -999
OBS: 5999878  53753.328    65.00   0.0000e+00   1.2262e+03   7.3803e+02   0  H  0.00  1   !  -9.99000e+02  -99.000  -99.000  -999
OBS: 5999878  53755.328    67.00   0.0000e+00   1.1247e+03   6.7697e+02   0  H  0.00  1   !  -9.99000e+02  -99.000  -99.000  -999
OBS: 5999878  53757.328    69.00   0.0000e+00   1.0340e+03   6.2239e+02   0  H  0.00  1   !  -9.99000e+02  -99.000  -99.000  -999
OBS: 5999878  53759.328    71.00   0.0000e+00   9.5419e+02   5.7434e+02   0  H  0.00  1   !  -9.99000e+02  -99.000  -99.000  -999
OBS: 5999878  53761.328    73.00   0.0000e+00   8.8682e+02   5.3379e+02   0  H  0.00  1   !  -9.99000e+02  -99.000  -99.000  -999
OBS: 5999878  53763.328    75.00   0.0000e+00   8.3096e+02   5.0017e+02   0  H  0.00  1   !  -9.99000e+02  -99.000  -99.000  -999
OBS: 5999878  53765.328    77.00   0.0000e+00   7.7807e+02   4.6833e+02   0  H  0.00  1   !  -9.99000e+02  -99.000  -99.000  -999
OBS: 5999878  53767.328    79.00   0.0000e+00   7.2727e+02   4.3775e+02   0  H  0.00  1   !  -9.99000e+02  -99.000  -99.000  -999
OBS: 5999878  53769.328    81.00   0.0000e+00   6.9194e+02   4.1649e+02   0  H  0.00  1   !  -9.99000e+02  -99.000  -99.000  -999
OBS: 5999878  53771.328    83.00   0.0000e+00   6.5864e+02   3.9644e+02   0  H  0.00  1   !  -9.99000e+02  -99.000  -99.000  -999
OBS: 5999878  53773.328    85.00   0.0000e+00   6.2727e+02   3.7756e+02   0  H  0.00  1   !  -9.99000e+02  -99.000  -99.000  -999
OBS: 5999878  53775.328    87.00   0.0000e+00   5.9732e+02   3.5953e+02   0  H  0.00  1   !  -9.99000e+02  -99.000  -99.000  -999
OBS: 5999878  53777.328    89.00   0.0000e+00   5.6753e+02   3.4161e+02   0  H  0.00  1   !  -9.99000e+02  -99.000  -99.000  -999
OBS: 5999878  53779.328    91.00   0.0000e+00   5.3901e+02   3.2443e+02   0  H  0.00  1   !  -9.99000e+02  -99.000  -99.000  -999
OBS: 5999878  53781.328    93.00   0.0000e+00   5.0824e+02   3.0592e+02   0  H  0.00  1   !  -9.99000e+02  -99.000  -99.000  -999
OBS: 5999878  53783.328    95.00   0.0000e+00   4.7924e+02   2.8846e+02   0  H  0.00  1   !  -9.99000e+02  -99.000  -99.000  -999
OBS: 5999878  53785.328    97.00   0.0000e+00   4.5188e+02   2.7199e+02   0  H  0.00  1   !  -9.99000e+02  -99.000  -99.000  -999
OBS: 5999878  53787.328    99.00   0.0000e+00   4.2609e+02   2.5647e+02   0  H  0.00  1   !  -9.99000e+02  -99.000  -99.000  -999
OBS: 5999878  53789.328   101.00   0.0000e+00   4.0178e+02   2.4183e+02   0  H  0.00  1   !  -9.99000e+02  -99.000  -99.000  -999
OBS: 5999878  53791.328   103.00   0.0000e+00   3.7884e+02   2.2803e+02   0  H  0.00  1   !  -9.99000e+02  -99.000  -99.000  -999
OBS: 5999878  53793.328   105.00   0.0000e+00   3.5722e+02   2.1502e+02   0  H  0.00  1   !  -9.99000e+02  -99.000  -99.000  -999
OBS: 5999878  53795.328   107.00   0.0000e+00   3.3683e+02   2.0274e+02   0  H  0.00  1   !  -9.99000e+02  -99.000  -99.000  -999
OBS: 5999878  53797.328   109.00   0.0000e+00   3.1761e+02   1.9117e+02   0  H  0.00  1   !  -9.99000e+02  -99.000  -99.000  -999
OBS: 5999878  53799.328   111.00   0.0000e+00   2.9948e+02   1.8026e+02   0  H  0.00  1   !  -9.99000e+02  -99.000  -99.000  -999
OBS: 5999878  53801.328   113.00   0.0000e+00   2.8239e+02   1.6997e+02   0  H  0.00  1   !  -9.99000e+02  -99.000  -99.000  -999
OBS: 5999878  53803.328   115.00   0.0000e+00   2.6627e+02   1.6027e+02   0  H  0.00  1   !  -9.99000e+02  -99.000  -99.000  -999
OBS: 5999878  53805.328   117.00   0.0000e+00   2.5108e+02   1.5113e+02   0  H  0.00  1   !  -9.99000e+02  -99.000  -99.000  -999
OBS: 5999878  53807.328   119.00   0.0000e+00   2.3675e+02   1.4250e+02   0  H  0.00  1   !  -9.99000e+02  -99.000  -99.000  -999
OBS: 5999878  53809.328   121.00   0.0000e+00   2.2324e+02   1.3437e+02   0  H  0.00  1   !  -9.99000e+02  -99.000  -99.000  -999
OBS: 5999878  53811.328   123.00   0.0000e+00   2.1049e+02   1.2670e+02   0  H  0.00  1   !  -9.99000e+02  -99.000  -99.000  -999
OBS: 5999878  53813.328   125.00   0.0000e+00   1.9848e+02   1.1947e+02   0  H  0.00  1   !  -9.99000e+02  -99.000  -99.000  -999
OBS: 5999878  53815.328   127.00   0.0000e+00   1.8715e+02   1.1265e+02   0  H  0.00  1   !  -9.99000e+02  -99.000  -99.000  -999
OBS: 5999878  53817.328   129.00   0.0000e+00   1.7647e+02   1.0622e+02   0  H  0.00  1   !  -9.99000e+02  -99.000  -99.000  -999
OBS: 5999878  53819.328   131.00   0.0000e+00   1.6640e+02   1.0016e+02   0  H  0.00  1   !  -9.99000e+02  -99.000  -99.000  -999
OBS: 5999878  53821.328   133.00   0.0000e+00   1.5690e+02   9.4442e+01   0  H  0.00  1   !  -9.99000e+02  -99.000  -99.000  -999
OBS: 5999878  53823.328   135.00   0.0000e+00   1.4795e+02   8.9052e+01   0  H  0.00  1   !  -9.99000e+02  -99.000  -99.000  -999
OBS: 5999878  53825.328   137.00   0.0000e+00   1.3950e+02   8.3969e+01   0  H  0.00  1   !  -9.99000e+02  -99.000  -99.000  -999
OBS: 5999878  53827.328   139.00   0.0000e+00   1.3154e+02   7.9177e+01   0  H  0.00  1   !  -9.99000e+02  -99.000  -99.000  -999
