VARNAMES: CID MJD Tobs SIM_FLUXCAL FLUXCAL FLUXCAL_ERR DATAFLAG BAND CHI2 IFIT BAND_REST FLUX_REST KCOR AVWARP SIM_FLUX_REST 
OBS: 6000447  53672.570    -2.38   4.7805e+03   5.4256e+03   7.8938e+02   1  J  0.25  1   J  2.93690e+18  -0.124  0.061  1.00000e+11
OBS: 6000447  53672.578    -2.37   4.7791e+03   4.5533e+03   5.4262e+02   1  J  0.74  1   J  2.46470e+18  -0.124  0.061  1.00000e+11
OBS: 6000447  53674.621    -0.33   4.4001e+03   4.3989e+03   5.6420e+02   1  J  0.16  1   J  2.38069e+18  -0.124  0.292  1.00000e+11
OBS: 6000447  53676.570     1.62   3.8474e+03   4.2911e+03   5.8009e+02   1  J  0.18  1   J  2.39392e+18  -0.092  0.723  1.00000e+11
OBS: 6000447  53676.578     1.63   3.8445e+03   3.3071e+03   5.6927e+02   1  J  1.64  1   J  1.84525e+18  -0.091  0.725  1.00000e+11
OBS: 6000447  53677.629     2.68   3.5378e+03   3.0897e+03   5.4367e+02   1  J  1.32  1   J  1.74558e+18  -0.078  0.959  1.00000e+11
OBS: 6000447  53677.648     2.70   3.5320e+03   3.2138e+03   5.0795e+02   1  J  0.95  1   J  1.81603e+18  -0.078  0.964  1.00000e+11
OBS: 6000447  53615.953   -59.00   0.0000e+00   0.0000e+00   0.0000e+00   0  J  0.00  1   !  -9.99000e+02  -99.000  -99.000  -999
OBS: 6000447  53617.953   -57.00   0.0000e+00   0.0000e+00   0.0000e+00   0  J  0.00  1   !  -9.99000e+02  -99.000  -99.000  -999
OBS: 6000447  53619.953   -55.00   0.0000e+00   0.0000e+00   0.0000e+00   0  J  0.00  1   !  -9.99000e+02  -99.000  -99.000  -999
OBS: 6000447  53621.953   -53.00   0.0000e+00   0.0000e+00   0.0000e+00   0  J  0.00  1   !  -9.99000e+02  -99.000  -99.000  -999
OBS: 6000447  53623.953   -51.00   0.0000e+00   0.0000e+00   0.0000e+00   0  J  0.00  1   !  -9.99000e+02  -99.000  -99.000  -999
OBS: 6000447  53625.953   -49.00   0.0000e+00   0.0000e+00   0.0000e+00   0  J  0.00  1   !  -9.99000e+02  -99.000  -99.000  -999
OBS: 6000447  53627.953   -47.00   0.0000e+00   0.0000e+00   0.0000e+00   0  J  0.00  1   !  -9.99000e+02  -99.000  -99.000  -999
OBS: 6000447  53629.953   -45.00   0.0000e+00   0.0000e+00   0.0000e+00   0  J  0.00  1   !  -9.99000e+02  -99.000  -99.000  -999
OBS: 6000447  53631.953   -43.00   0.0000e+00   0.0000e+00   0.0000e+00   0  J  0.00  1   !  -9.99000e+02  -99.000  -99.000  -999
OBS: 6000447  53633.953   -41.00   0.0000e+00   0.0000e+00   0.0000e+00   0  J  0.00  1   !  -9.99000e+02  -99.000  -99.000  -999
OBS: 6000447  53635.953   -39.00   0.0000e+00   0.0000e+00   0.0000e+00   0  J  0.00  1   !  -9.99000e+02  -99.000  -99.000  -999
OBS: 6000447  53637.953   -37.00   0.0000e+00   0.0000e+00   0.0000e+00   0  J  0.00  1   !  -9.99000e+02  -99.000  -99.000  -999
OBS: 6000447  53639.953   -35.00   0.0000e+00   0.0000e+00   0.0000e+00   0  J  0.00  1   !  -9.99000e+02  -99.000  -99.000  -999
OBS: 6000447  53641.953   -33.00   0.0000e+00   0.0000e+00   0.0000e+00   0  J  0.00  1   !  -9.99000e+02  -99.000  -99.000  -999
OBS: 6000447  53643.953   -31.00   0.0000e+00   0.0000e+00   0.0000e+00   0  J  0.00  1   !  -9.99000e+02  -99.000  -99.000  -999
OBS: 6000447  53645.953   -29.00   0.0000e+00   0.0000e+00   0.0000e+00   0  J  0.00  1   !  -9.99000e+02  -99.000  -99.000  -999
OBS: 6000447  53647.953   -27.00   0.0000e+00   0.0000e+00   0.0000e+00   0  J  0.00  1   !  -9.99000e+02  -99.000  -99.000  -999
OBS: 6000447  53649.953   -25.00   0.0000e+00   0.0000e+00   0.0000e+00   0  J  0.00  1   !  -9.99000e+02  -99.000  -99.000  -999
OBS: 6000447  53651.953   -23.00   0.0000e+00   0.0000e+00   0.0000e+00   0  J  0.00  1   !  -9.99000e+02  -99.000  -99.000  -999
OBS: 6000447  53653.953   -21.00   0.0000e+00   7.3241e+02   4.4085e+02   0  J  0.00  1   !  -9.99000e+02  -99.000  -99.000  -999
OBS: 6000447  53655.953   -19.00   0.0000e+00   8.9712e+02   5.3999e+02   0  J  0.00  1   !  -9.99000e+02  -99.000  -99.000  -999
OBS: 6000447  53657.953   -17.00   0.0000e+00   8.9979e+02   5.4159e+02   0  J  0.00  1   !  -9.99000e+02  -99.000  -99.000  -999
OBS: 6000447  53659.953   -15.00   0.0000e+00   1.3110e+03   3.9506e+02   0  J  0.00  1   !  -9.99000e+02  -99.000  -99.000  -999
OBS: 6000447  53661.953   -13.00   0.0000e+00   2.4236e+03   1.5060e+02   0  J  0.00  1   !  -9.99000e+02  -99.000  -99.000  -999
OBS: 6000447  53663.953   -11.00   0.0000e+00   3.5213e+03   1.2036e+02   0  J  0.00  1   !  -9.99000e+02  -99.000  -99.000  -999
OBS: 6000447  53665.953    -9.00   0.0000e+00   4.3905e+03   1.2467e+02   0  J  0.00  1   !  -9.99000e+02  -99.000  -99.000  -999
OBS: 6000447  53667.953    -7.00   0.0000e+00   4.9423e+03   9.0919e+01   0  J  0.00  1   !  -9.99000e+02  -99.000  -99.000  -999
OBS: 6000447  53669.953    -5.00   0.0000e+00   5.1932e+03   7.7860e+01   0  J  0.00  1   !  -9.99000e+02  -99.000  -99.000  -999
OBS: 6000447  53671.953    -3.00   0.0000e+00   5.1115e+03   8.2211e+01   0  J  0.00  1   !  -9.99000e+02  -99.000  -99.000  -999
OBS: 6000447  53673.953    -1.00   0.0000e+00   4.7923e+03   8.6309e+01   0  J  0.00  1   !  -9.99000e+02  -99.000  -99.000  -999
OBS: 6000447  53675.953     1.00   0.0000e+00   4.2377e+03   8.2653e+01   0  J  0.00  1   !  -9.99000e+02  -99.000  -99.000  -999
OBS: 6000447  53677.953     3.00   0.0000e+00   3.6228e+03   7.8794e+01   0  J  0.00  1   !  -9.99000e+02  -99.000  -99.000  -999
OBS: 6000447  53679.953     5.00   0.0000e+00   3.0378e+03   7.7999e+01   0  J  0.00  1   !  -9.99000e+02  -99.000  -99.000  -999
OBS: 6000447  53681.953     7.00   0.0000e+00   2.4372e+03   7.9846e+01   0  J  0.00  1   !  -9.99000e+02  -99.000  -99.000  -999
OBS: 6000447  53683.953     9.00   0.0000e+00   1.9025e+03   8.6749e+01   0  J  0.00  1   !  -9.99000e+02  -99.000  -99.000  -999
OBS: 6000447  53685.953    11.00   0.0000e+00   1.5233e+03   9.5440e+01   0  J  0.00  1   !  -9.99000e+02  -99.000  -99.000  -999
OBS: 6000447  53687.953    13.00   0.0000e+00   1.3209e+03   1.0064e+02   0  J  0.00  1   !  -9.99000e+02  -99.000  -99.000  -999
OBS: 6000447  53689.953    15.00   0.0000e+00   1.2814e+03   1.0189e+02   0  J  0.00  1   !  -9.99000e+02  -99.000  -99.000  -999
OBS: 6000447  53691.953    17.00   0.0000e+00   1.3056e+03   1.1156e+02   0  J  0.00  1   !  -9.99000e+02  -99.000  -99.000  -999
OBS: 6000447  53693.953    19.00   0.0000e+00   1.3738e+03   1.2350e+02   0  J  0.00  1   !  -9.99000e+02  -99.000  -99.000  -999
OBS: 6000447  53695.953    21.00   0.0000e+00   1.4599e+03   1.1575e+02   0  J  0.00  1   !  -9.99000e+02  -99.000  -99.000  -999
OBS: 6000447  53697.953    23.00   0.0000e+00   1.6222e+03   1.2570e+02   0  J  0.00  1   !  -9.99000e+02  -99.000  -99.000  -999
OBS: 6000447  53699.953    25.00   0.0000e+00   1.8213e+03   1.2604e+02   0  J  0.00  1   !  -9.99000e+02  -99.000  -99.000  -999
OBS: 6000447  53701.953    27.00   0.0000e+00   2.0084e+03   1.1749e+02   0  J  0.00  1   !  -9.99000e+02  -99.000  -99.000  -999
OBS: 6000447  53703.953    29.00   0.0000e+00   2.1489e+03   1.3062e+02   0  J  0.00  1   !  -9.99000e+02  -99.000  -99.000  -999
OBS: 6000447  53705.953    31.00   0.0000e+00   2.2395e+03   1.3474e+02   0  J  0.00  1   !  -9.99000e+02  -99.000  -99.000  -999
OBS: 6000447  53707.953    33.00   0.0000e+00   2.3252e+03   1.2536e+02   0  J  0.00  1   !  -9.99000e+02  -99.000  -99.000  -999
OBS: 6000447  53709.953    35.00   0.0000e+00   2.4179e+03   1.2592e+02   0  J  0.00  1   !  -9.99000e+02  -99.000  -99.000  -999
OBS: 6000447  53711.953    37.00   0.0000e+00   2.3824e+03   1.3233e+02   0  J  0.00  1   !  -9.99000e+02  -99.000  -99.000  -999
OBS: 6000447  53713.953    39.00   0.0000e+00   2.1683e+03   1.5885e+02   0  J  0.00  1   !  -9.99000e+02  -99.000  -99.000  -999
OBS: 6000447  53715.953    41.00   0.0000e+00   1.8744e+03   1.5733e+02   0  J  0.00  1   !  -9.99000e+02  -99.000  -99.000  -999
OBS: 6000447  53717.953    43.00   0.0000e+00   1.5602e+03   1.5638e+02   0  J  0.00  1   !  -9.99000e+02  -99.000  -99.000  -999
OBS: 6000447  53719.953    45.00   0.0000e+00   1.3021e+03   1.5583e+02   0  J  0.00  1   !  -9.99000e+02  -99.000  -99.000  -999
OBS: 6000447  53721.953    47.00   0.0000e+00   1.1661e+03   1.6046e+02   0  J  0.00  1   !  -9.99000e+02  -99.000  -99.000  -999
OBS: 6000447  53723.953    49.00   0.0000e+00   1.0831e+03   1.7478e+02   0  J  0.00  1   !  -9.99000e+02  -99.000  -99.000  -999
OBS: 6000447  53725.953    51.00   0.0000e+00   9.8576e+02   2.3597e+02   0  J  0.00  1   !  -9.99000e+02  -99.000  -99.000  -999
OBS: 6000447  53727.953    53.00   0.0000e+00   8.7595e+02   3.2954e+02   0  J  0.00  1   !  -9.99000e+02  -99.000  -99.000  -999
OBS: 6000447  53729.953    55.00   0.0000e+00   7.8306e+02   4.7133e+02   0  J  0.00  1   !  -9.99000e+02  -99.000  -99.000  -999
OBS: 6000447  53731.953    57.00   0.0000e+00   7.0302e+02   4.2315e+02   0  J  0.00  1   !  -9.99000e+02  -99.000  -99.000  -999
OBS: 6000447  53733.953    59.00   0.0000e+00   6.2651e+02   3.7711e+02   0  J  0.00  1   !  -9.99000e+02  -99.000  -99.000  -999
OBS: 6000447  53735.953    61.00   0.0000e+00   5.5689e+02   3.3520e+02   0  J  0.00  1   !  -9.99000e+02  -99.000  -99.000  -999
OBS: 6000447  53737.953    63.00   0.0000e+00   5.0356e+02   3.0310e+02   0  J  0.00  1   !  -9.99000e+02  -99.000  -99.000  -999
OBS: 6000447  53739.953    65.00   0.0000e+00   4.0885e+02   2.4609e+02   0  J  0.00  1   !  -9.99000e+02  -99.000  -99.000  -999
OBS: 6000447  53741.953    67.00   0.0000e+00   3.3514e+02   2.0173e+02   0  J  0.00  1   !  -9.99000e+02  -99.000  -99.000  -999
OBS: 6000447  53743.953    69.00   0.0000e+00   2.8528e+02   1.7171e+02   0  J  0.00  1   !  -9.99000e+02  -99.000  -99.000  -999
OBS: 6000447  53745.953    71.00   0.0000e+00   2.4698e+02   1.4866e+02   0  J  0.00  1   !  -9.99000e+02  -99.000  -99.000  -999
OBS: 6000447  53747.953    73.00   0.0000e+00   2.1433e+02   1.2901e+02   0  J  0.00  1   !  -9.99000e+02  -99.000  -99.000  -999
OBS: 6000447  53749.953    75.00   0.0000e+00   1.8438e+02   1.1098e+02   0  J  0.00  1   !  -9.99000e+02  -99.000  -99.000  -999
OBS: 6000447  53751.953    77.00   0.0000e+00   1.5560e+02   9.3660e+01   0  J  0.00  1   !  -9.99000e+02  -99.000  -99.000  -999
OBS: 6000447  53753.953    79.00   0.0000e+00   1.3301e+02   8.0059e+01   0  J  0.00  1   !  -9.99000e+02  -99.000  -99.000  -999
OBS: 6000447  53755.953    81.00   0.0000e+00   1.1878e+02   7.1496e+01   0  J  0.00  1   !  -9.99000e+02  -99.000  -99.000  -999
OBS: 6000447  53757.953    83.00   0.0000e+00   1.0600e+02   6.3805e+01   0  J  0.00  1   !  -9.99000e+02  -99.000  -99.000  -999
OBS: 6000447  53759.953    85.00   0.0000e+00   9.4518e+01   5.6892e+01   0  J  0.00  1   !  -9.99000e+02  -99.000  -99.000  -999
OBS: 6000447  53761.953    87.00   0.0000e+00   8.4151e+01   5.0651e+01   0  J  0.00  1   !  -9.99000e+02  -99.000  -99.000  -999
OBS: 6000447  53763.953    89.00   0.0000e+00   7.4750e+01   4.4993e+01   0  J  0.00  1   !  -9.99000e+02  -99.000  -99.000  -999
OBS: 6000447  53765.953    91.00   0.0000e+00   6.6893e+01   4.0264e+01   0  J  0.00  1   !  -9.99000e+02  -99.000  -99.000  -999
OBS: 6000447  53767.953    93.00   0.0000e+00   6.0249e+01   3.6264e+01   0  J  0.00  1   !  -9.99000e+02  -99.000  -99.000  -999
OBS: 6000447  53769.953    95.00   0.0000e+00   5.4267e+01   3.2664e+01   0  J  0.00  1   !  -9.99000e+02  -99.000  -99.000  -999
OBS: 6000447  53771.953    97.00   0.0000e+00   4.8881e+01   2.9422e+01   0  J  0.00  1   !  -9.99000e+02  -99.000  -99.000  -999
OBS: 6000447  53773.953    99.00   0.0000e+00   4.4031e+01   2.6503e+01   0  J  0.00  1   !  -9.99000e+02  -99.000  -99.000  -999
OBS: 6000447  53775.953   101.00   0.0000e+00   3.9665e+01   2.3875e+01   0  J  0.00  1   !  -9.99000e+02  -99.000  -99.000  -999
OBS: 6000447  53777.953   103.00   0.0000e+00   3.5733e+01   2.1508e+01   0  J  0.00  1   !  -9.99000e+02  -99.000  -99.000  -999
OBS: 6000447  53779.953   105.00   0.0000e+00   3.2192e+01   1.9377e+01   0  J  0.00  1   !  -9.99000e+02  -99.000  -99.000  -999
OBS: 6000447  53781.953   107.00   0.0000e+00   2.9004e+01   1.7458e+01   0  J  0.00  1   !  -9.99000e+02  -99.000  -99.000  -999
OBS: 6000447  53783.953   109.00   0.0000e+00   2.6132e+01   1.5729e+01   0  J  0.00  1   !  -9.99000e+02  -99.000  -99.000  -999
OBS: 6000447  53785.953   111.00   0.0000e+00   2.3546e+01   1.4172e+01   0  J  0.00  1   !  -9.99000e+02  -99.000  -99.000  -999
OBS: 6000447  53787.953   113.00   0.0000e+00   2.1216e+01   1.2770e+01   0  J  0.00  1   !  -9.99000e+02  -99.000  -99.000  -999
OBS: 6000447  53789.953   115.00   0.0000e+00   1.9118e+01   1.1508e+01   0  J  0.00  1   !  -9.99000e+02  -99.000  -99.000  -999
OBS: 6000447  53791.953   117.00   0.0000e+00   1.7229e+01   1.0370e+01   0  J  0.00  1   !  -9.99000e+02  -99.000  -99.000  -999
OBS: 6000447  53793.953   119.00   0.0000e+00   1.5526e+01   9.3455e+00   0  J  0.00  1   !  -9.99000e+02  -99.000  -99.000  -999
OBS: 6000447  53795.953   121.00   0.0000e+00   1.3993e+01   8.4225e+00   0  J  0.00  1   !  -9.99000e+02  -99.000  -99.000  -999
OBS: 6000447  53797.953   123.00   0.0000e+00   1.2612e+01   7.5911e+00   0  J  0.00  1   !  -9.99000e+02  -99.000  -99.000  -999
OBS: 6000447  53799.953   125.00   0.0000e+00   1.1367e+01   6.8420e+00   0  J  0.00  1   !  -9.99000e+02  -99.000  -99.000  -999
OBS: 6000447  53801.953   127.00   0.0000e+00   1.0246e+01   6.1672e+00   0  J  0.00  1   !  -9.99000e+02  -99.000  -99.000  -999
OBS: 6000447  53803.953   129.00   0.0000e+00   9.2358e+00   5.5591e+00   0  J  0.00  1   !  -9.99000e+02  -99.000  -99.000  -999
OBS: 6000447  53805.953   131.00   0.0000e+00   8.3255e+00   5.0112e+00   0  J  0.00  1   !  -9.99000e+02  -99.000  -99.000  -999
OBS: 6000447  53807.953   133.00   0.0000e+00   7.5053e+00   4.5175e+00   0  J  0.00  1   !  -9.99000e+02  -99.000  -99.000  -999
OBS: 6000447  53809.953   135.00   0.0000e+00   6.7662e+00   4.0727e+00   0  J  0.00  1   !  -9.99000e+02  -99.000  -99.000  -999
OBS: 6000447  53811.953   137.00   0.0000e+00   6.1002e+00   3.6718e+00   0  J  0.00  1   !  -9.99000e+02  -99.000  -99.000  -999
OBS: 6000447  53813.953   139.00   0.0000e+00   5.4999e+00   3.3105e+00   0  J  0.00  1   !  -9.99000e+02  -99.000  -99.000  -999
OBS: 6000447  53672.570    -2.38   4.9016e+03   4.5947e+03   3.2172e+02   1  Y  0.71  1   Y  2.17398e+18  -0.270  -1.422  1.00000e+11
OBS: 6000447  53672.578    -2.37   4.8993e+03   5.3431e+03   3.3208e+02   1  Y  1.72  1   Y  2.52811e+18  -0.270  -1.423  1.00000e+11
OBS: 6000447  53674.621    -0.33   4.2293e+03   4.5760e+03   2.9152e+02   1  Y  1.34  1   Y  2.20602e+18  -0.250  -1.670  1.00000e+11
OBS: 6000447  53674.621    -0.33   4.2293e+03   3.8996e+03   2.8472e+02   1  Y  1.05  1   Y  1.87993e+18  -0.250  -1.670  1.00000e+11
OBS: 6000447  53676.570     1.62   3.7004e+03   3.9215e+03   2.9799e+02   1  Y  0.55  1   Y  1.86848e+18  -0.263  -1.757  1.00000e+11
OBS: 6000447  53676.578     1.63   3.6982e+03   3.1049e+03   3.1059e+02   1  Y  3.12  1   Y  1.47917e+18  -0.263  -1.757  1.00000e+11
OBS: 6000447  53677.629     2.68   3.5114e+03   3.3077e+03   2.9913e+02   1  Y  0.36  1   Y  1.53649e+18  -0.290  -1.744  1.00000e+11
OBS: 6000447  53697.590    22.64   3.5438e+03   3.6692e+03   3.5532e+02   1  Y  0.13  1   Y  1.72972e+18  -0.274  -0.839  1.00000e+11
OBS: 6000447  53697.590    22.64   3.5438e+03   4.3058e+03   3.6676e+02   1  Y  3.75  1   Y  2.02986e+18  -0.274  -0.839  1.00000e+11
OBS: 6000447  53701.602    26.65   4.3293e+03   5.1469e+03   4.0614e+02   1  Y  3.73  1   Y  2.50504e+18  -0.240  -0.857  1.00000e+11
OBS: 6000447  53701.609    26.66   4.3324e+03   4.5629e+03   3.2986e+02   1  Y  0.47  1   Y  2.22069e+18  -0.240  -0.857  1.00000e+11
OBS: 6000447  53709.641    34.69   5.0338e+03   4.8189e+03   2.9275e+02   1  Y  0.36  1   Y  2.65393e+18  -0.105  -0.444  1.00000e+11
OBS: 6000447  53709.648    34.70   5.0328e+03   5.0224e+03   2.8679e+02   1  Y  0.00  1   Y  2.76666e+18  -0.105  -0.443  1.00000e+11
OBS: 6000447  53615.953   -59.00   0.0000e+00   0.0000e+00   0.0000e+00   0  Y  0.00  1   !  -9.99000e+02  -99.000  -99.000  -999
OBS: 6000447  53617.953   -57.00   0.0000e+00   0.0000e+00   0.0000e+00   0  Y  0.00  1   !  -9.99000e+02  -99.000  -99.000  -999
OBS: 6000447  53619.953   -55.00   0.0000e+00   0.0000e+00   0.0000e+00   0  Y  0.00  1   !  -9.99000e+02  -99.000  -99.000  -999
OBS: 6000447  53621.953   -53.00   0.0000e+00   0.0000e+00   0.0000e+00   0  Y  0.00  1   !  -9.99000e+02  -99.000  -99.000  -999
OBS: 6000447  53623.953   -51.00   0.0000e+00   0.0000e+00   0.0000e+00   0  Y  0.00  1   !  -9.99000e+02  -99.000  -99.000  -999
OBS: 6000447  53625.953   -49.00   0.0000e+00   0.0000e+00   0.0000e+00   0  Y  0.00  1   !  -9.99000e+02  -99.000  -99.000  -999
OBS: 6000447  53627.953   -47.00   0.0000e+00   0.0000e+00   0.0000e+00   0  Y  0.00  1   !  -9.99000e+02  -99.000  -99.000  -999
OBS: 6000447  53629.953   -45.00   0.0000e+00   0.0000e+00   0.0000e+00   0  Y  0.00  1   !  -9.99000e+02  -99.000  -99.000  -999
OBS: 6000447  53631.953   -43.00   0.0000e+00   0.0000e+00   0.0000e+00   0  Y  0.00  1   !  -9.99000e+02  -99.000  -99.000  -999
OBS: 6000447  53633.953   -41.00   0.0000e+00   0.0000e+00   0.0000e+00   0  Y  0.00  1   !  -9.99000e+02  -99.000  -99.000  -999
OBS: 6000447  53635.953   -39.00   0.0000e+00   0.0000e+00   0.0000e+00   0  Y  0.00  1   !  -9.99000e+02  -99.000  -99.000  -999
OBS: 6000447  53637.953   -37.00   0.0000e+00   0.0000e+00   0.0000e+00   0  Y  0.00  1   !  -9.99000e+02  -99.000  -99.000  -999
OBS: 6000447  53639.953   -35.00   0.0000e+00   0.0000e+00   0.0000e+00   0  Y  0.00  1   !  -9.99000e+02  -99.000  -99.000  -999
OBS: 6000447  53641.953   -33.00   0.0000e+00   0.0000e+00   0.0000e+00   0  Y  0.00  1   !  -9.99000e+02  -99.000  -99.000  -999
OBS: 6000447  53643.953   -31.00   0.0000e+00   0.0000e+00   0.0000e+00   0  Y  0.00  1   !  -9.99000e+02  -99.000  -99.000  -999
OBS: 6000447  53645.953   -29.00   0.0000e+00   0.0000e+00   0.0000e+00   0  Y  0.00  1   !  -9.99000e+02  -99.000  -99.000  -999
OBS: 6000447  53647.953   -27.00   0.0000e+00   0.0000e+00   0.0000e+00   0  Y  0.00  1   !  -9.99000e+02  -99.000  -99.000  -999
OBS: 6000447  53649.953   -25.00   0.0000e+00   0.0000e+00   0.0000e+00   0  Y  0.00  1   !  -9.99000e+02  -99.000  -99.000  -999
OBS: 6000447  53651.953   -23.00   0.0000e+00   0.0000e+00   0.0000e+00   0  Y  0.00  1   !  -9.99000e+02  -99.000  -99.000  -999
OBS: 6000447  53653.953   -21.00   0.0000e+00   7.2327e+02   4.3535e+02   0  Y  0.00  1   !  -9.99000e+02  -99.000  -99.000  -999
OBS: 6000447  53655.953   -19.00   0.0000e+00   6.2903e+02   3.7862e+02   0  Y  0.00  1   !  -9.99000e+02  -99.000  -99.000  -999
OBS: 6000447  53657.953   -17.00   0.0000e+00   6.2605e+02   3.7683e+02   0  Y  0.00  1   !  -9.99000e+02  -99.000  -99.000  -999
OBS: 6000447  53659.953   -15.00   0.0000e+00   1.0162e+03   2.9569e+02   0  Y  0.00  1   !  -9.99000e+02  -99.000  -99.000  -999
OBS: 6000447  53661.953   -13.00   0.0000e+00   2.0147e+03   1.3714e+02   0  Y  0.00  1   !  -9.99000e+02  -99.000  -99.000  -999
OBS: 6000447  53663.953   -11.00   0.0000e+00   3.0106e+03   1.1774e+02   0  Y  0.00  1   !  -9.99000e+02  -99.000  -99.000  -999
OBS: 6000447  53665.953    -9.00   0.0000e+00   3.9421e+03   1.2092e+02   0  Y  0.00  1   !  -9.99000e+02  -99.000  -99.000  -999
OBS: 6000447  53667.953    -7.00   0.0000e+00   4.7564e+03   1.0667e+02   0  Y  0.00  1   !  -9.99000e+02  -99.000  -99.000  -999
OBS: 6000447  53669.953    -5.00   0.0000e+00   5.1283e+03   1.0151e+02   0  Y  0.00  1   !  -9.99000e+02  -99.000  -99.000  -999
OBS: 6000447  53671.953    -3.00   0.0000e+00   5.0270e+03   1.1625e+02   0  Y  0.00  1   !  -9.99000e+02  -99.000  -99.000  -999
OBS: 6000447  53673.953    -1.00   0.0000e+00   4.4365e+03   1.1630e+02   0  Y  0.00  1   !  -9.99000e+02  -99.000  -99.000  -999
OBS: 6000447  53675.953     1.00   0.0000e+00   3.8271e+03   1.0644e+02   0  Y  0.00  1   !  -9.99000e+02  -99.000  -99.000  -999
OBS: 6000447  53677.953     3.00   0.0000e+00   3.4523e+03   1.1193e+02   0  Y  0.00  1   !  -9.99000e+02  -99.000  -99.000  -999
OBS: 6000447  53679.953     5.00   0.0000e+00   3.1243e+03   1.2162e+02   0  Y  0.00  1   !  -9.99000e+02  -99.000  -99.000  -999
OBS: 6000447  53681.953     7.00   0.0000e+00   2.8383e+03   1.2502e+02   0  Y  0.00  1   !  -9.99000e+02  -99.000  -99.000  -999
OBS: 6000447  53683.953     9.00   0.0000e+00   2.6780e+03   1.2286e+02   0  Y  0.00  1   !  -9.99000e+02  -99.000  -99.000  -999
OBS: 6000447  53685.953    11.00   0.0000e+00   2.6029e+03   1.1625e+02   0  Y  0.00  1   !  -9.99000e+02  -99.000  -99.000  -999
OBS: 6000447  53687.953    13.00   0.0000e+00   2.6276e+03   1.2023e+02   0  Y  0.00  1   !  -9.99000e+02  -99.000  -99.000  -999
OBS: 6000447  53689.953    15.00   0.0000e+00   2.7877e+03   1.2406e+02   0  Y  0.00  1   !  -9.99000e+02  -99.000  -99.000  -999
OBS: 6000447  53691.953    17.00   0.0000e+00   3.0327e+03   1.2796e+02   0  Y  0.00  1   !  -9.99000e+02  -99.000  -99.000  -999
OBS: 6000447  53693.953    19.00   0.0000e+00   3.2634e+03   1.3787e+02   0  Y  0.00  1   !  -9.99000e+02  -99.000  -99.000  -999
OBS: 6000447  53695.953    21.00   0.0000e+00   3.4536e+03   1.5205e+02   0  Y  0.00  1   !  -9.99000e+02  -99.000  -99.000  -999
OBS: 6000447  53697.953    23.00   0.0000e+00   3.5499e+03   1.6239e+02   0  Y  0.00  1   !  -9.99000e+02  -99.000  -99.000  -999
OBS: 6000447  53699.953    25.00   0.0000e+00   3.8396e+03   1.6008e+02   0  Y  0.00  1   !  -9.99000e+02  -99.000  -99.000  -999
OBS: 6000447  53701.953    27.00   0.0000e+00   4.4220e+03   1.4660e+02   0  Y  0.00  1   !  -9.99000e+02  -99.000  -99.000  -999
OBS: 6000447  53703.953    29.00   0.0000e+00   4.9395e+03   1.3953e+02   0  Y  0.00  1   !  -9.99000e+02  -99.000  -99.000  -999
OBS: 6000447  53705.953    31.00   0.0000e+00   5.1627e+03   1.3709e+02   0  Y  0.00  1   !  -9.99000e+02  -99.000  -99.000  -999
OBS: 6000447  53707.953    33.00   0.0000e+00   5.1587e+03   1.3067e+02   0  Y  0.00  1   !  -9.99000e+02  -99.000  -99.000  -999
OBS: 6000447  53709.953    35.00   0.0000e+00   4.9746e+03   1.2601e+02   0  Y  0.00  1   !  -9.99000e+02  -99.000  -99.000  -999
OBS: 6000447  53711.953    37.00   0.0000e+00   4.6852e+03   1.2270e+02   0  Y  0.00  1   !  -9.99000e+02  -99.000  -99.000  -999
OBS: 6000447  53713.953    39.00   0.0000e+00   4.4290e+03   1.2307e+02   0  Y  0.00  1   !  -9.99000e+02  -99.000  -99.000  -999
OBS: 6000447  53715.953    41.00   0.0000e+00   4.0588e+03   1.2210e+02   0  Y  0.00  1   !  -9.99000e+02  -99.000  -99.000  -999
OBS: 6000447  53717.953    43.00   0.0000e+00   3.6380e+03   1.2872e+02   0  Y  0.00  1   !  -9.99000e+02  -99.000  -99.000  -999
OBS: 6000447  53719.953    45.00   0.0000e+00   3.2703e+03   1.2581e+02   0  Y  0.00  1   !  -9.99000e+02  -99.000  -99.000  -999
OBS: 6000447  53721.953    47.00   0.0000e+00   2.9832e+03   1.0353e+02   0  Y  0.00  1   !  -9.99000e+02  -99.000  -99.000  -999
OBS: 6000447  53723.953    49.00   0.0000e+00   2.7150e+03   9.6379e+01   0  Y  0.00  1   !  -9.99000e+02  -99.000  -99.000  -999
OBS: 6000447  53725.953    51.00   0.0000e+00   2.4423e+03   1.0470e+02   0  Y  0.00  1   !  -9.99000e+02  -99.000  -99.000  -999
OBS: 6000447  53727.953    53.00   0.0000e+00   2.1644e+03   3.9329e+02   0  Y  0.00  1   !  -9.99000e+02  -99.000  -99.000  -999
OBS: 6000447  53729.953    55.00   0.0000e+00   1.8890e+03   1.1370e+03   0  Y  0.00  1   !  -9.99000e+02  -99.000  -99.000  -999
OBS: 6000447  53731.953    57.00   0.0000e+00   1.6799e+03   1.0111e+03   0  Y  0.00  1   !  -9.99000e+02  -99.000  -99.000  -999
OBS: 6000447  53733.953    59.00   0.0000e+00   1.5289e+03   9.2028e+02   0  Y  0.00  1   !  -9.99000e+02  -99.000  -99.000  -999
OBS: 6000447  53735.953    61.00   0.0000e+00   1.4011e+03   8.4336e+02   0  Y  0.00  1   !  -9.99000e+02  -99.000  -99.000  -999
OBS: 6000447  53737.953    63.00   0.0000e+00   1.3025e+03   7.8399e+02   0  Y  0.00  1   !  -9.99000e+02  -99.000  -99.000  -999
OBS: 6000447  53739.953    65.00   0.0000e+00   1.1224e+03   6.7557e+02   0  Y  0.00  1   !  -9.99000e+02  -99.000  -99.000  -999
OBS: 6000447  53741.953    67.00   0.0000e+00   9.5321e+02   5.7375e+02   0  Y  0.00  1   !  -9.99000e+02  -99.000  -99.000  -999
OBS: 6000447  53743.953    69.00   0.0000e+00   8.2411e+02   4.9604e+02   0  Y  0.00  1   !  -9.99000e+02  -99.000  -99.000  -999
OBS: 6000447  53745.953    71.00   0.0000e+00   7.2605e+02   4.3702e+02   0  Y  0.00  1   !  -9.99000e+02  -99.000  -99.000  -999
OBS: 6000447  53747.953    73.00   0.0000e+00   6.5292e+02   3.9300e+02   0  Y  0.00  1   !  -9.99000e+02  -99.000  -99.000  -999
OBS: 6000447  53749.953    75.00   0.0000e+00   5.9760e+02   3.5970e+02   0  Y  0.00  1   !  -9.99000e+02  -99.000  -99.000  -999
OBS: 6000447  53751.953    77.00   0.0000e+00   5.5285e+02   3.3276e+02   0  Y  0.00  1   !  -9.99000e+02  -99.000  -99.000  -999
OBS: 6000447  53753.953    79.00   0.0000e+00   5.0684e+02   3.0507e+02   0  Y  0.00  1   !  -9.99000e+02  -99.000  -99.000  -999
OBS: 6000447  53755.953    81.00   0.0000e+00   4.5342e+02   2.7292e+02   0  Y  0.00  1   !  -9.99000e+02  -99.000  -99.000  -999
OBS: 6000447  53757.953    83.00   0.0000e+00   4.0620e+02   2.4450e+02   0  Y  0.00  1   !  -9.99000e+02  -99.000  -99.000  -999
OBS: 6000447  53759.953    85.00   0.0000e+00   3.6457e+02   2.1944e+02   0  Y  0.00  1   !  -9.99000e+02  -99.000  -99.000  -999
OBS: 6000447  53761.953    87.00   0.0000e+00   3.2797e+02   1.9741e+02   0  Y  0.00  1   !  -9.99000e+02  -99.000  -99.000  -999
OBS: 6000447  53763.953    89.00   0.0000e+00   2.9597e+02   1.7815e+02   0  Y  0.00  1   !  -9.99000e+02  -99.000  -99.000  -999
OBS: 6000447  53765.953    91.00   0.0000e+00   2.6495e+02   1.5948e+02   0  Y  0.00  1   !  -9.99000e+02  -99.000  -99.000  -999
OBS: 6000447  53767.953    93.00   0.0000e+00   2.3543e+02   1.4171e+02   0  Y  0.00  1   !  -9.99000e+02  -99.000  -99.000  -999
OBS: 6000447  53769.953    95.00   0.0000e+00   2.0920e+02   1.2592e+02   0  Y  0.00  1   !  -9.99000e+02  -99.000  -99.000  -999
OBS: 6000447  53771.953    97.00   0.0000e+00   1.8589e+02   1.1189e+02   0  Y  0.00  1   !  -9.99000e+02  -99.000  -99.000  -999
OBS: 6000447  53773.953    99.00   0.0000e+00   1.6517e+02   9.9417e+01   0  Y  0.00  1   !  -9.99000e+02  -99.000  -99.000  -999
OBS: 6000447  53775.953   101.00   0.0000e+00   1.4676e+02   8.8335e+01   0  Y  0.00  1   !  -9.99000e+02  -99.000  -99.000  -999
OBS: 6000447  53777.953   103.00   0.0000e+00   1.3039e+02   7.8486e+01   0  Y  0.00  1   !  -9.99000e+02  -99.000  -99.000  -999
OBS: 6000447  53779.953   105.00   0.0000e+00   1.1586e+02   6.9735e+01   0  Y  0.00  1   !  -9.99000e+02  -99.000  -99.000  -999
OBS: 6000447  53781.953   107.00   0.0000e+00   1.0293e+02   6.1958e+01   0  Y  0.00  1   !  -9.99000e+02  -99.000  -99.000  -999
OBS: 6000447  53783.953   109.00   0.0000e+00   9.1454e+01   5.5047e+01   0  Y  0.00  1   !  -9.99000e+02  -99.000  -99.000  -999
OBS: 6000447  53785.953   111.00   0.0000e+00   8.1258e+01   4.8910e+01   0  Y  0.00  1   !  -9.99000e+02  -99.000  -99.000  -999
OBS: 6000447  53787.953   113.00   0.0000e+00   7.2202e+01   4.3459e+01   0  Y  0.00  1   !  -9.99000e+02  -99.000  -99.000  -999
OBS: 6000447  53789.953   115.00   0.0000e+00   6.4149e+01   3.8612e+01   0  Y  0.00  1   !  -9.99000e+02  -99.000  -99.000  -999
OBS: 6000447  53791.953   117.00   0.0000e+00   5.6991e+01   3.4303e+01   0  Y  0.00  1   !  -9.99000e+02  -99.000  -99.000  -999
OBS: 6000447  53793.953   119.00   0.0000e+00   5.0630e+01   3.0475e+01   0  Y  0.00  1   !  -9.99000e+02  -99.000  -99.000  -999
OBS: 6000447  53795.953   121.00   0.0000e+00   4.4979e+01   2.7074e+01   0  Y  0.00  1   !  -9.99000e+02  -99.000  -99.000  -999
OBS: 6000447  53797.953   123.00   0.0000e+00   3.9958e+01   2.4051e+01   0  Y  0.00  1   !  -9.99000e+02  -99.000  -99.000  -999
OBS: 6000447  53799.953   125.00   0.0000e+00   3.5497e+01   2.1366e+01   0  Y  0.00  1   !  -9.99000e+02  -99.000  -99.000  -999
OBS: 6000447  53801.953   127.00   0.0000e+00   3.1534e+01   1.8980e+01   0  Y  0.00  1   !  -9.99000e+02  -99.000  -99.000  -999
OBS: 6000447  53803.953   129.00   0.0000e+00   2.8014e+01   1.6862e+01   0  Y  0.00  1   !  -9.99000e+02  -99.000  -99.000  -999
OBS: 6000447  53805.953   131.00   0.0000e+00   2.4891e+01   1.4982e+01   0  Y  0.00  1   !  -9.99000e+02  -99.000  -99.000  -999
OBS: 6000447  53807.953   133.00   0.0000e+00   2.2114e+01   1.3311e+01   0  Y  0.00  1   !  -9.99000e+02  -99.000  -99.000  -999
OBS: 6000447  53809.953   135.00   0.0000e+00   1.9644e+01   1.1824e+01   0  Y  0.00  1   !  -9.99000e+02  -99.000  -99.000  -999
OBS: 6000447  53811.953   137.00   0.0000e+00   1.7450e+01   1.0503e+01   0  Y  0.00  1   !  -9.99000e+02  -99.000  -99.000  -999
OBS: 6000447  53813.953   139.00   0.0000e+00   1.5500e+01   9.3297e+00   0  Y  0.00  1   !  -9.99000e+02  -99.000  -99.000  -999
