VARNAMES: CID MJD Tobs SIM_FLUXCAL FLUXCAL FLUXCAL_ERR DATAFLAG BAND CHI2 IFIT BAND_REST FLUX_REST KCOR AVWARP SIM_FLUX_REST 
OBS: 5999546  53661.672    -5.74   9.6523e+03   9.8013e+03   4.8168e+02   1  J  2.20  1   J  3.10749e+18  -0.069  1.532  1.00000e+11
OBS: 5999546  53661.680    -5.73   9.6528e+03   9.5155e+03   4.5943e+02   1  J  4.38  1   J  3.01664e+18  -0.069  1.529  1.00000e+11
OBS: 5999546  53664.621    -2.79   9.2785e+03   9.1434e+03   3.6635e+02   1  J  5.44  1   J  2.84408e+18  -0.090  0.556  1.00000e+11
OBS: 5999546  53664.621    -2.79   9.2785e+03   9.0120e+03   3.6894e+02   1  J  6.82  1   J  2.80321e+18  -0.090  0.556  1.00000e+11
OBS: 5999546  53668.602     1.19   7.3087e+03   6.7641e+03   5.2710e+02   1  J  4.58  1   J  2.08570e+18  -0.099  -0.296  1.00000e+11
OBS: 5999546  53668.609     1.20   7.3018e+03   7.6831e+03   3.8034e+02   1  J  0.54  1   J  2.36922e+18  -0.099  -0.297  1.00000e+11
OBS: 5999546  53670.641     3.23   5.9925e+03   5.5029e+03   4.3916e+02   1  J  4.48  1   J  1.71004e+18  -0.091  -0.449  1.00000e+11
OBS: 5999546  53670.648     3.24   5.9867e+03   5.2309e+03   5.1655e+02   1  J  5.42  1   J  1.62546e+18  -0.091  -0.448  1.00000e+11
OBS: 5999546  53672.691     5.28   4.9211e+03   4.2115e+03   5.6625e+02   1  J  3.77  1   J  1.29320e+18  -0.104  -0.021  1.00000e+11
OBS: 5999546  53704.570    37.16   4.5368e+03   4.7973e+03   3.9371e+02   1  J  0.08  1   J  1.28583e+18  -0.251  4.217  1.00000e+11
OBS: 5999546  53608.406   -59.00   0.0000e+00   0.0000e+00   0.0000e+00   0  J  0.00  1   !  -9.99000e+02  -99.000  -99.000  -999
OBS: 5999546  53610.406   -57.00   0.0000e+00   0.0000e+00   0.0000e+00   0  J  0.00  1   !  -9.99000e+02  -99.000  -99.000  -999
OBS: 5999546  53612.406   -55.00   0.0000e+00   0.0000e+00   0.0000e+00   0  J  0.00  1   !  -9.99000e+02  -99.000  -99.000  -999
OBS: 5999546  53614.406   -53.00   0.0000e+00   0.0000e+00   0.0000e+00   0  J  0.00  1   !  -9.99000e+02  -99.000  -99.000  -999
OBS: 5999546  53616.406   -51.00   0.0000e+00   0.0000e+00   0.0000e+00   0  J  0.00  1   !  -9.99000e+02  -99.000  -99.000  -999
OBS: 5999546  53618.406   -49.00   0.0000e+00   0.0000e+00   0.0000e+00   0  J  0.00  1   !  -9.99000e+02  -99.000  -99.000  -999
OBS: 5999546  53620.406   -47.00   0.0000e+00   0.0000e+00   0.0000e+00   0  J  0.00  1   !  -9.99000e+02  -99.000  -99.000  -999
OBS: 5999546  53622.406   -45.00   0.0000e+00   0.0000e+00   0.0000e+00   0  J  0.00  1   !  -9.99000e+02  -99.000  -99.000  -999
OBS: 5999546  53624.406   -43.00   0.0000e+00   0.0000e+00   0.0000e+00   0  J  0.00  1   !  -9.99000e+02  -99.000  -99.000  -999
OBS: 5999546  53626.406   -41.00   0.0000e+00   0.0000e+00   0.0000e+00   0  J  0.00  1   !  -9.99000e+02  -99.000  -99.000  -999
OBS: 5999546  53628.406   -39.00   0.0000e+00   0.0000e+00   0.0000e+00   0  J  0.00  1   !  -9.99000e+02  -99.000  -99.000  -999
OBS: 5999546  53630.406   -37.00   0.0000e+00   0.0000e+00   0.0000e+00   0  J  0.00  1   !  -9.99000e+02  -99.000  -99.000  -999
OBS: 5999546  53632.406   -35.00   0.0000e+00   0.0000e+00   0.0000e+00   0  J  0.00  1   !  -9.99000e+02  -99.000  -99.000  -999
OBS: 5999546  53634.406   -33.00   0.0000e+00   0.0000e+00   0.0000e+00   0  J  0.00  1   !  -9.99000e+02  -99.000  -99.000  -999
OBS: 5999546  53636.406   -31.00   0.0000e+00   0.0000e+00   0.0000e+00   0  J  0.00  1   !  -9.99000e+02  -99.000  -99.000  -999
OBS: 5999546  53638.406   -29.00   0.0000e+00   0.0000e+00   0.0000e+00   0  J  0.00  1   !  -9.99000e+02  -99.000  -99.000  -999
OBS: 5999546  53640.406   -27.00   0.0000e+00   0.0000e+00   0.0000e+00   0  J  0.00  1   !  -9.99000e+02  -99.000  -99.000  -999
OBS: 5999546  53642.406   -25.00   0.0000e+00   0.0000e+00   0.0000e+00   0  J  0.00  1   !  -9.99000e+02  -99.000  -99.000  -999
OBS: 5999546  53644.406   -23.00   0.0000e+00   0.0000e+00   0.0000e+00   0  J  0.00  1   !  -9.99000e+02  -99.000  -99.000  -999
OBS: 5999546  53646.406   -21.00   0.0000e+00   0.0000e+00   0.0000e+00   0  J  0.00  1   !  -9.99000e+02  -99.000  -99.000  -999
OBS: 5999546  53648.406   -19.00   0.0000e+00   3.9101e+03   2.3535e+03   0  J  0.00  1   !  -9.99000e+02  -99.000  -99.000  -999
OBS: 5999546  53650.406   -17.00   0.0000e+00   3.9851e+03   2.3987e+03   0  J  0.00  1   !  -9.99000e+02  -99.000  -99.000  -999
OBS: 5999546  53652.406   -15.00   0.0000e+00   4.6160e+03   1.5930e+03   0  J  0.00  1   !  -9.99000e+02  -99.000  -99.000  -999
OBS: 5999546  53654.406   -13.00   0.0000e+00   6.8274e+03   2.5731e+02   0  J  0.00  1   !  -9.99000e+02  -99.000  -99.000  -999
OBS: 5999546  53656.406   -11.00   0.0000e+00   8.8112e+03   2.4050e+02   0  J  0.00  1   !  -9.99000e+02  -99.000  -99.000  -999
OBS: 5999546  53658.406    -9.00   0.0000e+00   9.9819e+03   2.8037e+02   0  J  0.00  1   !  -9.99000e+02  -99.000  -99.000  -999
OBS: 5999546  53660.406    -7.00   0.0000e+00   1.0471e+04   2.5402e+02   0  J  0.00  1   !  -9.99000e+02  -99.000  -99.000  -999
OBS: 5999546  53662.406    -5.00   0.0000e+00   1.0615e+04   2.3542e+02   0  J  0.00  1   !  -9.99000e+02  -99.000  -99.000  -999
OBS: 5999546  53664.406    -3.00   0.0000e+00   1.0270e+04   2.6224e+02   0  J  0.00  1   !  -9.99000e+02  -99.000  -99.000  -999
OBS: 5999546  53666.406    -1.00   0.0000e+00   9.4880e+03   2.7301e+02   0  J  0.00  1   !  -9.99000e+02  -99.000  -99.000  -999
OBS: 5999546  53668.406     1.00   0.0000e+00   8.1811e+03   2.7561e+02   0  J  0.00  1   !  -9.99000e+02  -99.000  -99.000  -999
OBS: 5999546  53670.406     3.00   0.0000e+00   6.7417e+03   2.6581e+02   0  J  0.00  1   !  -9.99000e+02  -99.000  -99.000  -999
OBS: 5999546  53672.406     5.00   0.0000e+00   5.5641e+03   2.5139e+02   0  J  0.00  1   !  -9.99000e+02  -99.000  -99.000  -999
OBS: 5999546  53674.406     7.00   0.0000e+00   4.5143e+03   2.4668e+02   0  J  0.00  1   !  -9.99000e+02  -99.000  -99.000  -999
OBS: 5999546  53676.406     9.00   0.0000e+00   3.6405e+03   2.7368e+02   0  J  0.00  1   !  -9.99000e+02  -99.000  -99.000  -999
OBS: 5999546  53678.406    11.00   0.0000e+00   3.0648e+03   3.0179e+02   0  J  0.00  1   !  -9.99000e+02  -99.000  -99.000  -999
OBS: 5999546  53680.406    13.00   0.0000e+00   2.8196e+03   2.9148e+02   0  J  0.00  1   !  -9.99000e+02  -99.000  -99.000  -999
OBS: 5999546  53682.406    15.00   0.0000e+00   2.8435e+03   2.7592e+02   0  J  0.00  1   !  -9.99000e+02  -99.000  -99.000  -999
OBS: 5999546  53684.406    17.00   0.0000e+00   2.9588e+03   2.3010e+02   0  J  0.00  1   !  -9.99000e+02  -99.000  -99.000  -999
OBS: 5999546  53686.406    19.00   0.0000e+00   3.0872e+03   2.1625e+02   0  J  0.00  1   !  -9.99000e+02  -99.000  -99.000  -999
OBS: 5999546  53688.406    21.00   0.0000e+00   3.1968e+03   2.6228e+02   0  J  0.00  1   !  -9.99000e+02  -99.000  -99.000  -999
OBS: 5999546  53690.406    23.00   0.0000e+00   3.3542e+03   3.0214e+02   0  J  0.00  1   !  -9.99000e+02  -99.000  -99.000  -999
OBS: 5999546  53692.406    25.00   0.0000e+00   3.5237e+03   3.1740e+02   0  J  0.00  1   !  -9.99000e+02  -99.000  -99.000  -999
OBS: 5999546  53694.406    27.00   0.0000e+00   3.7234e+03   3.2664e+02   0  J  0.00  1   !  -9.99000e+02  -99.000  -99.000  -999
OBS: 5999546  53696.406    29.00   0.0000e+00   3.9487e+03   3.3709e+02   0  J  0.00  1   !  -9.99000e+02  -99.000  -99.000  -999
OBS: 5999546  53698.406    31.00   0.0000e+00   4.2508e+03   3.9160e+02   0  J  0.00  1   !  -9.99000e+02  -99.000  -99.000  -999
OBS: 5999546  53700.406    33.00   0.0000e+00   4.6551e+03   4.8640e+02   0  J  0.00  1   !  -9.99000e+02  -99.000  -99.000  -999
OBS: 5999546  53702.406    35.00   0.0000e+00   5.0053e+03   5.6001e+02   0  J  0.00  1   !  -9.99000e+02  -99.000  -99.000  -999
OBS: 5999546  53704.406    37.00   0.0000e+00   5.0211e+03   5.9368e+02   0  J  0.00  1   !  -9.99000e+02  -99.000  -99.000  -999
OBS: 5999546  53706.406    39.00   0.0000e+00   4.6113e+03   5.8646e+02   0  J  0.00  1   !  -9.99000e+02  -99.000  -99.000  -999
OBS: 5999546  53708.406    41.00   0.0000e+00   3.9484e+03   5.1396e+02   0  J  0.00  1   !  -9.99000e+02  -99.000  -99.000  -999
OBS: 5999546  53710.406    43.00   0.0000e+00   3.2010e+03   3.9576e+02   0  J  0.00  1   !  -9.99000e+02  -99.000  -99.000  -999
OBS: 5999546  53712.406    45.00   0.0000e+00   2.5690e+03   2.9011e+02   0  J  0.00  1   !  -9.99000e+02  -99.000  -99.000  -999
OBS: 5999546  53714.406    47.00   0.0000e+00   2.2136e+03   2.7398e+02   0  J  0.00  1   !  -9.99000e+02  -99.000  -99.000  -999
OBS: 5999546  53716.406    49.00   0.0000e+00   2.0654e+03   4.4867e+02   0  J  0.00  1   !  -9.99000e+02  -99.000  -99.000  -999
OBS: 5999546  53718.406    51.00   0.0000e+00   1.9596e+03   6.7245e+02   0  J  0.00  1   !  -9.99000e+02  -99.000  -99.000  -999
OBS: 5999546  53720.406    53.00   0.0000e+00   1.8364e+03   1.0619e+03   0  J  0.00  1   !  -9.99000e+02  -99.000  -99.000  -999
OBS: 5999546  53722.406    55.00   0.0000e+00   1.7153e+03   1.0325e+03   0  J  0.00  1   !  -9.99000e+02  -99.000  -99.000  -999
OBS: 5999546  53724.406    57.00   0.0000e+00   1.5765e+03   9.4891e+02   0  J  0.00  1   !  -9.99000e+02  -99.000  -99.000  -999
OBS: 5999546  53726.406    59.00   0.0000e+00   1.4559e+03   8.7632e+02   0  J  0.00  1   !  -9.99000e+02  -99.000  -99.000  -999
OBS: 5999546  53728.406    61.00   0.0000e+00   1.3475e+03   8.1108e+02   0  J  0.00  1   !  -9.99000e+02  -99.000  -99.000  -999
OBS: 5999546  53730.406    63.00   0.0000e+00   1.2250e+03   7.3734e+02   0  J  0.00  1   !  -9.99000e+02  -99.000  -99.000  -999
OBS: 5999546  53732.406    65.00   0.0000e+00   1.0434e+03   6.2803e+02   0  J  0.00  1   !  -9.99000e+02  -99.000  -99.000  -999
OBS: 5999546  53734.406    67.00   0.0000e+00   9.0869e+02   5.4695e+02   0  J  0.00  1   !  -9.99000e+02  -99.000  -99.000  -999
OBS: 5999546  53736.406    69.00   0.0000e+00   8.2183e+02   4.9467e+02   0  J  0.00  1   !  -9.99000e+02  -99.000  -99.000  -999
OBS: 5999546  53738.406    71.00   0.0000e+00   7.5519e+02   4.5456e+02   0  J  0.00  1   !  -9.99000e+02  -99.000  -99.000  -999
OBS: 5999546  53740.406    73.00   0.0000e+00   6.9709e+02   4.1959e+02   0  J  0.00  1   !  -9.99000e+02  -99.000  -99.000  -999
OBS: 5999546  53742.406    75.00   0.0000e+00   6.3766e+02   3.8381e+02   0  J  0.00  1   !  -9.99000e+02  -99.000  -99.000  -999
OBS: 5999546  53744.406    77.00   0.0000e+00   5.7374e+02   3.4534e+02   0  J  0.00  1   !  -9.99000e+02  -99.000  -99.000  -999
OBS: 5999546  53746.406    79.00   0.0000e+00   5.4322e+02   3.2697e+02   0  J  0.00  1   !  -9.99000e+02  -99.000  -99.000  -999
OBS: 5999546  53748.406    81.00   0.0000e+00   5.1623e+02   3.1072e+02   0  J  0.00  1   !  -9.99000e+02  -99.000  -99.000  -999
OBS: 5999546  53750.406    83.00   0.0000e+00   4.9071e+02   2.9536e+02   0  J  0.00  1   !  -9.99000e+02  -99.000  -99.000  -999
OBS: 5999546  53752.406    85.00   0.0000e+00   4.6640e+02   2.8073e+02   0  J  0.00  1   !  -9.99000e+02  -99.000  -99.000  -999
OBS: 5999546  53754.406    87.00   0.0000e+00   4.4283e+02   2.6654e+02   0  J  0.00  1   !  -9.99000e+02  -99.000  -99.000  -999
OBS: 5999546  53756.406    89.00   0.0000e+00   4.2060e+02   2.5317e+02   0  J  0.00  1   !  -9.99000e+02  -99.000  -99.000  -999
OBS: 5999546  53758.406    91.00   0.0000e+00   4.0243e+02   2.4223e+02   0  J  0.00  1   !  -9.99000e+02  -99.000  -99.000  -999
OBS: 5999546  53760.406    93.00   0.0000e+00   3.8505e+02   2.3176e+02   0  J  0.00  1   !  -9.99000e+02  -99.000  -99.000  -999
OBS: 5999546  53762.406    95.00   0.0000e+00   3.6841e+02   2.2175e+02   0  J  0.00  1   !  -9.99000e+02  -99.000  -99.000  -999
OBS: 5999546  53764.406    97.00   0.0000e+00   3.5250e+02   2.1217e+02   0  J  0.00  1   !  -9.99000e+02  -99.000  -99.000  -999
OBS: 5999546  53766.406    99.00   0.0000e+00   3.3727e+02   2.0300e+02   0  J  0.00  1   !  -9.99000e+02  -99.000  -99.000  -999
OBS: 5999546  53768.406   101.00   0.0000e+00   3.2270e+02   1.9423e+02   0  J  0.00  1   !  -9.99000e+02  -99.000  -99.000  -999
OBS: 5999546  53770.406   103.00   0.0000e+00   3.0875e+02   1.8584e+02   0  J  0.00  1   !  -9.99000e+02  -99.000  -99.000  -999
OBS: 5999546  53772.406   105.00   0.0000e+00   2.9542e+02   1.7781e+02   0  J  0.00  1   !  -9.99000e+02  -99.000  -99.000  -999
OBS: 5999546  53774.406   107.00   0.0000e+00   2.8265e+02   1.7013e+02   0  J  0.00  1   !  -9.99000e+02  -99.000  -99.000  -999
OBS: 5999546  53776.406   109.00   0.0000e+00   2.7044e+02   1.6278e+02   0  J  0.00  1   !  -9.99000e+02  -99.000  -99.000  -999
OBS: 5999546  53778.406   111.00   0.0000e+00   2.5876e+02   1.5575e+02   0  J  0.00  1   !  -9.99000e+02  -99.000  -99.000  -999
OBS: 5999546  53780.406   113.00   0.0000e+00   2.4758e+02   1.4902e+02   0  J  0.00  1   !  -9.99000e+02  -99.000  -99.000  -999
OBS: 5999546  53782.406   115.00   0.0000e+00   2.3688e+02   1.4258e+02   0  J  0.00  1   !  -9.99000e+02  -99.000  -99.000  -999
OBS: 5999546  53784.406   117.00   0.0000e+00   2.2665e+02   1.3642e+02   0  J  0.00  1   !  -9.99000e+02  -99.000  -99.000  -999
OBS: 5999546  53786.406   119.00   0.0000e+00   2.1686e+02   1.3053e+02   0  J  0.00  1   !  -9.99000e+02  -99.000  -99.000  -999
OBS: 5999546  53788.406   121.00   0.0000e+00   2.0749e+02   1.2489e+02   0  J  0.00  1   !  -9.99000e+02  -99.000  -99.000  -999
OBS: 5999546  53790.406   123.00   0.0000e+00   1.9852e+02   1.1949e+02   0  J  0.00  1   !  -9.99000e+02  -99.000  -99.000  -999
OBS: 5999546  53792.406   125.00   0.0000e+00   1.8995e+02   1.1433e+02   0  J  0.00  1   !  -9.99000e+02  -99.000  -99.000  -999
OBS: 5999546  53794.406   127.00   0.0000e+00   1.8174e+02   1.0939e+02   0  J  0.00  1   !  -9.99000e+02  -99.000  -99.000  -999
OBS: 5999546  53796.406   129.00   0.0000e+00   1.7389e+02   1.0467e+02   0  J  0.00  1   !  -9.99000e+02  -99.000  -99.000  -999
OBS: 5999546  53798.406   131.00   0.0000e+00   1.6638e+02   1.0014e+02   0  J  0.00  1   !  -9.99000e+02  -99.000  -99.000  -999
OBS: 5999546  53800.406   133.00   0.0000e+00   1.5919e+02   9.5818e+01   0  J  0.00  1   !  -9.99000e+02  -99.000  -99.000  -999
OBS: 5999546  53802.406   135.00   0.0000e+00   1.5231e+02   9.1678e+01   0  J  0.00  1   !  -9.99000e+02  -99.000  -99.000  -999
OBS: 5999546  53804.406   137.00   0.0000e+00   1.4573e+02   8.7717e+01   0  J  0.00  1   !  -9.99000e+02  -99.000  -99.000  -999
OBS: 5999546  53806.406   139.00   0.0000e+00   1.3944e+02   8.3928e+01   0  J  0.00  1   !  -9.99000e+02  -99.000  -99.000  -999
OBS: 5999546  53661.672    -5.74   9.4018e+03   1.0298e+04   3.8853e+02   1  Y  7.69  1   Y  2.99756e+18  -0.162  -0.917  1.00000e+11
OBS: 5999546  53661.680    -5.73   9.4048e+03   9.0649e+03   3.6973e+02   1  Y  0.00  1   Y  2.63833e+18  -0.162  -0.918  1.00000e+11
OBS: 5999546  53664.621    -2.79   9.4775e+03   9.1667e+03   2.7293e+02   1  Y  0.00  1   Y  2.60323e+18  -0.189  -1.213  1.00000e+11
OBS: 5999546  53664.621    -2.79   9.4775e+03   9.9329e+03   2.6482e+02   1  Y  4.95  1   Y  2.82081e+18  -0.189  -1.213  1.00000e+11
OBS: 5999546  53668.602     1.19   7.5719e+03   7.6480e+03   2.4566e+02   1  Y  1.05  1   Y  2.21229e+18  -0.169  -1.452  1.00000e+11
OBS: 5999546  53668.609     1.20   7.5677e+03   7.2701e+03   2.6574e+02   1  Y  0.01  1   Y  2.10269e+18  -0.169  -1.451  1.00000e+11
OBS: 5999546  53670.641     3.23   6.8172e+03   6.4495e+03   3.7175e+02   1  Y  0.09  1   Y  1.79262e+18  -0.212  -1.415  1.00000e+11
OBS: 5999546  53670.648     3.24   6.8134e+03   6.5738e+03   3.1213e+02   1  Y  0.00  1   Y  1.82687e+18  -0.212  -1.415  1.00000e+11
OBS: 5999546  53672.680     5.27   6.0474e+03   6.0390e+03   3.0661e+02   1  Y  0.26  1   Y  1.63988e+18  -0.237  -1.555  1.00000e+11
OBS: 5999546  53672.691     5.28   6.0440e+03   5.9875e+03   3.1752e+02   1  Y  0.14  1   Y  1.62576e+18  -0.237  -1.556  1.00000e+11
OBS: 5999546  53674.719     7.31   5.4339e+03   5.1666e+03   2.6393e+02   1  Y  0.05  1   Y  1.37721e+18  -0.257  -1.786  1.00000e+11
OBS: 5999546  53674.730     7.32   5.4319e+03   5.5323e+03   3.4580e+02   1  Y  0.50  1   Y  1.47453e+18  -0.257  -1.787  1.00000e+11
OBS: 5999546  53676.691     9.28   5.1233e+03   4.6294e+03   2.5785e+02   1  Y  0.74  1   Y  1.20451e+18  -0.284  -1.872  1.00000e+11
OBS: 5999546  53676.699     9.29   5.1221e+03   5.2653e+03   3.1626e+02   1  Y  0.66  1   Y  1.36976e+18  -0.284  -1.873  1.00000e+11
OBS: 5999546  53678.578    11.17   4.9352e+03   5.3536e+03   3.3962e+02   1  Y  1.95  1   Y  1.40196e+18  -0.277  -1.887  1.00000e+11
OBS: 5999546  53678.590    11.18   4.9343e+03   4.3450e+03   3.8527e+02   1  Y  0.76  1   Y  1.13796e+18  -0.277  -1.887  1.00000e+11
OBS: 5999546  53685.648    18.24   5.8428e+03   6.0349e+03   2.3957e+02   1  Y  1.46  1   Y  1.58796e+18  -0.271  -1.191  1.00000e+11
OBS: 5999546  53685.660    18.25   5.8452e+03   5.3822e+03   2.7722e+02   1  Y  0.44  1   Y  1.41631e+18  -0.271  -1.191  1.00000e+11
OBS: 5999546  53692.590    25.18   7.7536e+03   8.5087e+03   3.2754e+02   1  Y  6.98  1   Y  2.44551e+18  -0.176  -0.794  1.00000e+11
OBS: 5999546  53692.602    25.19   7.7575e+03   7.4709e+03   2.9693e+02   1  Y  0.00  1   Y  2.14714e+18  -0.176  -0.794  1.00000e+11
OBS: 5999546  53696.648    29.24   9.2881e+03   9.2675e+03   2.9843e+02   1  Y  0.80  1   Y  2.67043e+18  -0.173  -0.826  1.00000e+11
OBS: 5999546  53696.660    29.25   9.2908e+03   9.7616e+03   3.2552e+02   1  Y  4.25  1   Y  2.81309e+18  -0.173  -0.826  1.00000e+11
OBS: 5999546  53704.570    37.16   9.5543e+03   9.4745e+03   3.1585e+02   1  Y  0.55  1   Y  3.00517e+18  -0.069  -0.823  1.00000e+11
OBS: 5999546  53704.570    37.16   9.5543e+03   9.3823e+03   3.2936e+02   1  Y  0.27  1   Y  2.97593e+18  -0.069  -0.823  1.00000e+11
OBS: 5999546  53710.660    43.25   7.9045e+03   7.8644e+03   4.1791e+02   1  Y  0.34  1   Y  2.51023e+18  -0.062  -0.533  1.00000e+11
OBS: 5999546  53710.672    43.26   7.9007e+03   7.1307e+03   3.2825e+02   1  Y  0.91  1   Y  2.27603e+18  -0.062  -0.533  1.00000e+11
OBS: 5999546  53608.406   -59.00   0.0000e+00   0.0000e+00   0.0000e+00   0  Y  0.00  1   !  -9.99000e+02  -99.000  -99.000  -999
OBS: 5999546  53610.406   -57.00   0.0000e+00   0.0000e+00   0.0000e+00   0  Y  0.00  1   !  -9.99000e+02  -99.000  -99.000  -999
OBS: 5999546  53612.406   -55.00   0.0000e+00   0.0000e+00   0.0000e+00   0  Y  0.00  1   !  -9.99000e+02  -99.000  -99.000  -999
OBS: 5999546  53614.406   -53.00   0.0000e+00   0.0000e+00   0.0000e+00   0  Y  0.00  1   !  -9.99000e+02  -99.000  -99.000  -999
OBS: 5999546  53616.406   -51.00   0.0000e+00   0.0000e+00   0.0000e+00   0  Y  0.00  1   !  -9.99000e+02  -99.000  -99.000  -999
OBS: 5999546  53618.406   -49.00   0.0000e+00   0.0000e+00   0.0000e+00   0  Y  0.00  1   !  -9.99000e+02  -99.000  -99.000  -999
OBS: 5999546  53620.406   -47.00   0.0000e+00   0.0000e+00   0.0000e+00   0  Y  0.00  1   !  -9.99000e+02  -99.000  -99.000  -999
OBS: 5999546  53622.406   -45.00   0.0000e+00   0.0000e+00   0.0000e+00   0  Y  0.00  1   !  -9.99000e+02  -99.000  -99.000  -999
OBS: 5999546  53624.406   -43.00   0.0000e+00   0.0000e+00   0.0000e+00   0  Y  0.00  1   !  -9.99000e+02  -99.000  -99.000  -999
OBS: 5999546  53626.406   -41.00   0.0000e+00   0.0000e+00   0.0000e+00   0  Y  0.00  1   !  -9.99000e+02  -99.000  -99.000  -999
OBS: 5999546  53628.406   -39.00   0.0000e+00   0.0000e+00   0.0000e+00   0  Y  0.00  1   !  -9.99000e+02  -99.000  -99.000  -999
OBS: 5999546  53630.406   -37.00   0.0000e+00   0.0000e+00   0.0000e+00   0  Y  0.00  1   !  -9.99000e+02  -99.000  -99.000  -999
OBS: 5999546  53632.406   -35.00   0.0000e+00   0.0000e+00   0.0000e+00   0  Y  0.00  1   !  -9.99000e+02  -99.000  -99.000  -999
OBS: 5999546  53634.406   -33.00   0.0000e+00   0.0000e+00   0.0000e+00   0  Y  0.00  1   !  -9.99000e+02  -99.000  -99.000  -999
OBS: 5999546  53636.406   -31.00   0.0000e+00   0.0000e+00   0.0000e+00   0  Y  0.00  1   !  -9.99000e+02  -99.000  -99.000  -999
OBS: 5999546  53638.406   -29.00   0.0000e+00   0.0000e+00   0.0000e+00   0  Y  0.00  1   !  -9.99000e+02  -99.000  -99.000  -999
OBS: 5999546  53640.406   -27.00   0.0000e+00   0.0000e+00   0.0000e+00   0  Y  0.00  1   !  -9.99000e+02  -99.000  -99.000  -999
OBS: 5999546  53642.406   -25.00   0.0000e+00   0.0000e+00   0.0000e+00   0  Y  0.00  1   !  -9.99000e+02  -99.000  -99.000  -999
OBS: 5999546  53644.406   -23.00   0.0000e+00   0.0000e+00   0.0000e+00   0  Y  0.00  1   !  -9.99000e+02  -99.000  -99.000  -999
OBS: 5999546  53646.406   -21.00   0.0000e+00   0.0000e+00   0.0000e+00   0  Y  0.00  1   !  -9.99000e+02  -99.000  -99.000  -999
OBS: 5999546  53648.406   -19.00   0.0000e+00   1.7270e+03   1.0395e+03   0  Y  0.00  1   !  -9.99000e+02  -99.000  -99.000  -999
OBS: 5999546  53650.406   -17.00   0.0000e+00   1.6928e+03   1.0189e+03   0  Y  0.00  1   !  -9.99000e+02  -99.000  -99.000  -999
OBS: 5999546  53652.406   -15.00   0.0000e+00   2.1326e+03   8.5502e+02   0  Y  0.00  1   !  -9.99000e+02  -99.000  -99.000  -999
OBS: 5999546  53654.406   -13.00   0.0000e+00   3.7708e+03   3.8028e+02   0  Y  0.00  1   !  -9.99000e+02  -99.000  -99.000  -999
OBS: 5999546  53656.406   -11.00   0.0000e+00   5.5151e+03   2.4094e+02   0  Y  0.00  1   !  -9.99000e+02  -99.000  -99.000  -999
OBS: 5999546  53658.406    -9.00   0.0000e+00   7.1603e+03   2.0056e+02   0  Y  0.00  1   !  -9.99000e+02  -99.000  -99.000  -999
OBS: 5999546  53660.406    -7.00   0.0000e+00   8.5542e+03   2.0241e+02   0  Y  0.00  1   !  -9.99000e+02  -99.000  -99.000  -999
OBS: 5999546  53662.406    -5.00   0.0000e+00   9.2355e+03   2.3551e+02   0  Y  0.00  1   !  -9.99000e+02  -99.000  -99.000  -999
OBS: 5999546  53664.406    -3.00   0.0000e+00   9.2124e+03   2.3921e+02   0  Y  0.00  1   !  -9.99000e+02  -99.000  -99.000  -999
OBS: 5999546  53666.406    -1.00   0.0000e+00   8.3613e+03   2.0537e+02   0  Y  0.00  1   !  -9.99000e+02  -99.000  -99.000  -999
OBS: 5999546  53668.406     1.00   0.0000e+00   7.3856e+03   2.2330e+02   0  Y  0.00  1   !  -9.99000e+02  -99.000  -99.000  -999
OBS: 5999546  53670.406     3.00   0.0000e+00   6.6617e+03   2.5809e+02   0  Y  0.00  1   !  -9.99000e+02  -99.000  -99.000  -999
OBS: 5999546  53672.406     5.00   0.0000e+00   5.9383e+03   2.4685e+02   0  Y  0.00  1   !  -9.99000e+02  -99.000  -99.000  -999
OBS: 5999546  53674.406     7.00   0.0000e+00   5.3247e+03   2.2463e+02   0  Y  0.00  1   !  -9.99000e+02  -99.000  -99.000  -999
OBS: 5999546  53676.406     9.00   0.0000e+00   4.9696e+03   2.4433e+02   0  Y  0.00  1   !  -9.99000e+02  -99.000  -99.000  -999
OBS: 5999546  53678.406    11.00   0.0000e+00   4.7674e+03   2.6472e+02   0  Y  0.00  1   !  -9.99000e+02  -99.000  -99.000  -999
OBS: 5999546  53680.406    13.00   0.0000e+00   4.7613e+03   2.6326e+02   0  Y  0.00  1   !  -9.99000e+02  -99.000  -99.000  -999
OBS: 5999546  53682.406    15.00   0.0000e+00   4.9634e+03   2.4603e+02   0  Y  0.00  1   !  -9.99000e+02  -99.000  -99.000  -999
OBS: 5999546  53684.406    17.00   0.0000e+00   5.3403e+03   2.4323e+02   0  Y  0.00  1   !  -9.99000e+02  -99.000  -99.000  -999
OBS: 5999546  53686.406    19.00   0.0000e+00   5.8126e+03   2.3376e+02   0  Y  0.00  1   !  -9.99000e+02  -99.000  -99.000  -999
OBS: 5999546  53688.406    21.00   0.0000e+00   6.3473e+03   2.0139e+02   0  Y  0.00  1   !  -9.99000e+02  -99.000  -99.000  -999
OBS: 5999546  53690.406    23.00   0.0000e+00   6.7795e+03   2.0077e+02   0  Y  0.00  1   !  -9.99000e+02  -99.000  -99.000  -999
OBS: 5999546  53692.406    25.00   0.0000e+00   7.3781e+03   2.3057e+02   0  Y  0.00  1   !  -9.99000e+02  -99.000  -99.000  -999
OBS: 5999546  53694.406    27.00   0.0000e+00   8.1767e+03   2.3599e+02   0  Y  0.00  1   !  -9.99000e+02  -99.000  -99.000  -999
OBS: 5999546  53696.406    29.00   0.0000e+00   8.8551e+03   2.4049e+02   0  Y  0.00  1   !  -9.99000e+02  -99.000  -99.000  -999
OBS: 5999546  53698.406    31.00   0.0000e+00   9.3217e+03   2.7333e+02   0  Y  0.00  1   !  -9.99000e+02  -99.000  -99.000  -999
OBS: 5999546  53700.406    33.00   0.0000e+00   9.5129e+03   3.1634e+02   0  Y  0.00  1   !  -9.99000e+02  -99.000  -99.000  -999
OBS: 5999546  53702.406    35.00   0.0000e+00   9.4156e+03   3.2186e+02   0  Y  0.00  1   !  -9.99000e+02  -99.000  -99.000  -999
OBS: 5999546  53704.406    37.00   0.0000e+00   9.1683e+03   3.0228e+02   0  Y  0.00  1   !  -9.99000e+02  -99.000  -99.000  -999
OBS: 5999546  53706.406    39.00   0.0000e+00   8.8810e+03   3.2272e+02   0  Y  0.00  1   !  -9.99000e+02  -99.000  -99.000  -999
OBS: 5999546  53708.406    41.00   0.0000e+00   8.3554e+03   3.4615e+02   0  Y  0.00  1   !  -9.99000e+02  -99.000  -99.000  -999
OBS: 5999546  53710.406    43.00   0.0000e+00   7.6553e+03   3.1438e+02   0  Y  0.00  1   !  -9.99000e+02  -99.000  -99.000  -999
OBS: 5999546  53712.406    45.00   0.0000e+00   6.9449e+03   2.4820e+02   0  Y  0.00  1   !  -9.99000e+02  -99.000  -99.000  -999
OBS: 5999546  53714.406    47.00   0.0000e+00   6.3507e+03   1.9745e+02   0  Y  0.00  1   !  -9.99000e+02  -99.000  -99.000  -999
OBS: 5999546  53716.406    49.00   0.0000e+00   5.8514e+03   1.6808e+02   0  Y  0.00  1   !  -9.99000e+02  -99.000  -99.000  -999
OBS: 5999546  53718.406    51.00   0.0000e+00   5.3751e+03   1.7283e+02   0  Y  0.00  1   !  -9.99000e+02  -99.000  -99.000  -999
OBS: 5999546  53720.406    53.00   0.0000e+00   4.8179e+03   2.6406e+03   0  Y  0.00  1   !  -9.99000e+02  -99.000  -99.000  -999
OBS: 5999546  53722.406    55.00   0.0000e+00   4.2180e+03   2.5388e+03   0  Y  0.00  1   !  -9.99000e+02  -99.000  -99.000  -999
OBS: 5999546  53724.406    57.00   0.0000e+00   3.7587e+03   2.2624e+03   0  Y  0.00  1   !  -9.99000e+02  -99.000  -99.000  -999
OBS: 5999546  53726.406    59.00   0.0000e+00   3.3660e+03   2.0261e+03   0  Y  0.00  1   !  -9.99000e+02  -99.000  -99.000  -999
OBS: 5999546  53728.406    61.00   0.0000e+00   3.0559e+03   1.8394e+03   0  Y  0.00  1   !  -9.99000e+02  -99.000  -99.000  -999
OBS: 5999546  53730.406    63.00   0.0000e+00   2.7534e+03   1.6573e+03   0  Y  0.00  1   !  -9.99000e+02  -99.000  -99.000  -999
OBS: 5999546  53732.406    65.00   0.0000e+00   2.3010e+03   1.3850e+03   0  Y  0.00  1   !  -9.99000e+02  -99.000  -99.000  -999
OBS: 5999546  53734.406    67.00   0.0000e+00   1.9586e+03   1.1789e+03   0  Y  0.00  1   !  -9.99000e+02  -99.000  -99.000  -999
OBS: 5999546  53736.406    69.00   0.0000e+00   1.7002e+03   1.0234e+03   0  Y  0.00  1   !  -9.99000e+02  -99.000  -99.000  -999
OBS: 5999546  53738.406    71.00   0.0000e+00   1.4986e+03   9.0201e+02   0  Y  0.00  1   !  -9.99000e+02  -99.000  -99.000  -999
OBS: 5999546  53740.406    73.00   0.0000e+00   1.3397e+03   8.0638e+02   0  Y  0.00  1   !  -9.99000e+02  -99.000  -99.000  -999
OBS: 5999546  53742.406    75.00   0.0000e+00   1.2086e+03   7.2746e+02   0  Y  0.00  1   !  -9.99000e+02  -99.000  -99.000  -999
OBS: 5999546  53744.406    77.00   0.0000e+00   1.1014e+03   6.6293e+02   0  Y  0.00  1   !  -9.99000e+02  -99.000  -99.000  -999
OBS: 5999546  53746.406    79.00   0.0000e+00   9.7432e+02   5.8645e+02   0  Y  0.00  1   !  -9.99000e+02  -99.000  -99.000  -999
OBS: 5999546  53748.406    81.00   0.0000e+00   8.6103e+02   5.1826e+02   0  Y  0.00  1   !  -9.99000e+02  -99.000  -99.000  -999
OBS: 5999546  53750.406    83.00   0.0000e+00   7.6230e+02   4.5884e+02   0  Y  0.00  1   !  -9.99000e+02  -99.000  -99.000  -999
OBS: 5999546  53752.406    85.00   0.0000e+00   6.7621e+02   4.0702e+02   0  Y  0.00  1   !  -9.99000e+02  -99.000  -99.000  -999
OBS: 5999546  53754.406    87.00   0.0000e+00   6.0154e+02   3.6208e+02   0  Y  0.00  1   !  -9.99000e+02  -99.000  -99.000  -999
OBS: 5999546  53756.406    89.00   0.0000e+00   5.3511e+02   3.2209e+02   0  Y  0.00  1   !  -9.99000e+02  -99.000  -99.000  -999
OBS: 5999546  53758.406    91.00   0.0000e+00   4.6970e+02   2.8272e+02   0  Y  0.00  1   !  -9.99000e+02  -99.000  -99.000  -999
OBS: 5999546  53760.406    93.00   0.0000e+00   4.1228e+02   2.4816e+02   0  Y  0.00  1   !  -9.99000e+02  -99.000  -99.000  -999
OBS: 5999546  53762.406    95.00   0.0000e+00   3.6187e+02   2.1781e+02   0  Y  0.00  1   !  -9.99000e+02  -99.000  -99.000  -999
OBS: 5999546  53764.406    97.00   0.0000e+00   3.1762e+02   1.9118e+02   0  Y  0.00  1   !  -9.99000e+02  -99.000  -99.000  -999
OBS: 5999546  53766.406    99.00   0.0000e+00   2.7879e+02   1.6781e+02   0  Y  0.00  1   !  -9.99000e+02  -99.000  -99.000  -999
OBS: 5999546  53768.406   101.00   0.0000e+00   2.4470e+02   1.4729e+02   0  Y  0.00  1   !  -9.99000e+02  -99.000  -99.000  -999
OBS: 5999546  53770.406   103.00   0.0000e+00   2.1477e+02   1.2927e+02   0  Y  0.00  1   !  -9.99000e+02  -99.000  -99.000  -999
OBS: 5999546  53772.406   105.00   0.0000e+00   1.8849e+02   1.1346e+02   0  Y  0.00  1   !  -9.99000e+02  -99.000  -99.000  -999
OBS: 5999546  53774.406   107.00   0.0000e+00   1.6543e+02   9.9574e+01   0  Y  0.00  1   !  -9.99000e+02  -99.000  -99.000  -999
OBS: 5999546  53776.406   109.00   0.0000e+00   1.4519e+02   8.7389e+01   0  Y  0.00  1   !  -9.99000e+02  -99.000  -99.000  -999
OBS: 5999546  53778.406   111.00   0.0000e+00   1.2742e+02   7.6694e+01   0  Y  0.00  1   !  -9.99000e+02  -99.000  -99.000  -999
OBS: 5999546  53780.406   113.00   0.0000e+00   1.1184e+02   6.7315e+01   0  Y  0.00  1   !  -9.99000e+02  -99.000  -99.000  -999
OBS: 5999546  53782.406   115.00   0.0000e+00   9.8153e+01   5.9079e+01   0  Y  0.00  1   !  -9.99000e+02  -99.000  -99.000  -999
OBS: 5999546  53784.406   117.00   0.0000e+00   8.6137e+01   5.1847e+01   0  Y  0.00  1   !  -9.99000e+02  -99.000  -99.000  -999
OBS: 5999546  53786.406   119.00   0.0000e+00   7.5590e+01   4.5499e+01   0  Y  0.00  1   !  -9.99000e+02  -99.000  -99.000  -999
OBS: 5999546  53788.406   121.00   0.0000e+00   6.6334e+01   3.9927e+01   0  Y  0.00  1   !  -9.99000e+02  -99.000  -99.000  -999
OBS: 5999546  53790.406   123.00   0.0000e+00   5.8211e+01   3.5038e+01   0  Y  0.00  1   !  -9.99000e+02  -99.000  -99.000  -999
OBS: 5999546  53792.406   125.00   0.0000e+00   5.1082e+01   3.0747e+01   0  Y  0.00  1   !  -9.99000e+02  -99.000  -99.000  -999
OBS: 5999546  53794.406   127.00   0.0000e+00   4.4835e+01   2.6987e+01   0  Y  0.00  1   !  -9.99000e+02  -99.000  -99.000  -999
OBS: 5999546  53796.406   129.00   0.0000e+00   3.9345e+01   2.3682e+01   0  Y  0.00  1   !  -9.99000e+02  -99.000  -99.000  -999
OBS: 5999546  53798.406   131.00   0.0000e+00   3.4524e+01   2.0781e+01   0  Y  0.00  1   !  -9.99000e+02  -99.000  -99.000  -999
OBS: 5999546  53800.406   133.00   0.0000e+00   3.0294e+01   1.8234e+01   0  Y  0.00  1   !  -9.99000e+02  -99.000  -99.000  -999
OBS: 5999546  53802.406   135.00   0.0000e+00   2.6582e+01   1.6000e+01   0  Y  0.00  1   !  -9.99000e+02  -99.000  -99.000  -999
OBS: 5999546  53804.406   137.00   0.0000e+00   2.3324e+01   1.4039e+01   0  Y  0.00  1   !  -9.99000e+02  -99.000  -99.000  -999
OBS: 5999546  53806.406   139.00   0.0000e+00   2.0467e+01   1.2320e+01   0  Y  0.00  1   !  -9.99000e+02  -99.000  -99.000  -999
OBS: 5999546  53661.672    -5.74   8.3163e+03   9.5372e+03   8.1783e+02   1  H  1.26  1   H  2.93216e+18  -0.102  -1.672  1.00000e+11
OBS: 5999546  53661.680    -5.73   8.3178e+03   7.7230e+03   8.4727e+02   1  H  0.93  1   H  2.37448e+18  -0.102  -1.670  1.00000e+11
OBS: 5999546  53664.621    -2.79   8.1081e+03   8.2456e+03   6.3989e+02   1  H  0.03  1   H  2.57998e+18  -0.083  -1.045  1.00000e+11
OBS: 5999546  53608.406   -59.00   0.0000e+00   0.0000e+00   0.0000e+00   0  H  0.00  1   !  -9.99000e+02  -99.000  -99.000  -999
OBS: 5999546  53610.406   -57.00   0.0000e+00   0.0000e+00   0.0000e+00   0  H  0.00  1   !  -9.99000e+02  -99.000  -99.000  -999
OBS: 5999546  53612.406   -55.00   0.0000e+00   0.0000e+00   0.0000e+00   0  H  0.00  1   !  -9.99000e+02  -99.000  -99.000  -999
OBS: 5999546  53614.406   -53.00   0.0000e+00   0.0000e+00   0.0000e+00   0  H  0.00  1   !  -9.99000e+02  -99.000  -99.000  -999
OBS: 5999546  53616.406   -51.00   0.0000e+00   0.0000e+00   0.0000e+00   0  H  0.00  1   !  -9.99000e+02  -99.000  -99.000  -999
OBS: 5999546  53618.406   -49.00   0.0000e+00   0.0000e+00   0.0000e+00   0  H  0.00  1   !  -9.99000e+02  -99.000  -99.000  -999
OBS: 5999546  53620.406   -47.00   0.0000e+00   0.0000e+00   0.0000e+00   0  H  0.00  1   !  -9.99000e+02  -99.000  -99.000  -999
OBS: 5999546  53622.406   -45.00   0.0000e+00   0.0000e+00   0.0000e+00   0  H  0.00  1   !  -9.99000e+02  -99.000  -99.000  -999
OBS: 5999546  53624.406   -43.00   0.0000e+00   0.0000e+00   0.0000e+00   0  H  0.00  1   !  -9.99000e+02  -99.000  -99.000  -999
OBS: 5999546  53626.406   -41.00   0.0000e+00   0.0000e+00   0.0000e+00   0  H  0.00  1   !  -9.99000e+02  -99.000  -99.000  -999
OBS: 5999546  53628.406   -39.00   0.0000e+00   0.0000e+00   0.0000e+00   0  H  0.00  1   !  -9.99000e+02  -99.000  -99.000  -999
OBS: 5999546  53630.406   -37.00   0.0000e+00   0.0000e+00   0.0000e+00   0  H  0.00  1   !  -9.99000e+02  -99.000  -99.000  -999
OBS: 5999546  53632.406   -35.00   0.0000e+00   0.0000e+00   0.0000e+00   0  H  0.00  1   !  -9.99000e+02  -99.000  -99.000  -999
OBS: 5999546  53634.406   -33.00   0.0000e+00   0.0000e+00   0.0000e+00   0  H  0.00  1   !  -9.99000e+02  -99.000  -99.000  -999
OBS: 5999546  53636.406   -31.00   0.0000e+00   0.0000e+00   0.0000e+00   0  H  0.00  1   !  -9.99000e+02  -99.000  -99.000  -999
OBS: 5999546  53638.406   -29.00   0.0000e+00   0.0000e+00   0.0000e+00   0  H  0.00  1   !  -9.99000e+02  -99.000  -99.000  -999
OBS: 5999546  53640.406   -27.00   0.0000e+00   0.0000e+00   0.0000e+00   0  H  0.00  1   !  -9.99000e+02  -99.000  -99.000  -999
OBS: 5999546  53642.406   -25.00   0.0000e+00   0.0000e+00   0.0000e+00   0  H  0.00  1   !  -9.99000e+02  -99.000  -99.000  -999
OBS: 5999546  53644.406   -23.00   0.0000e+00   0.0000e+00   0.0000e+00   0  H  0.00  1   !  -9.99000e+02  -99.000  -99.000  -999
OBS: 5999546  53646.406   -21.00   0.0000e+00   0.0000e+00   0.0000e+00   0  H  0.00  1   !  -9.99000e+02  -99.000  -99.000  -999
OBS: 5999546  53648.406   -19.00   0.0000e+00   2.0515e+03   1.2348e+03   0  H  0.00  1   !  -9.99000e+02  -99.000  -99.000  -999
OBS: 5999546  53650.406   -17.00   0.0000e+00   2.0069e+03   1.2080e+03   0  H  0.00  1   !  -9.99000e+02  -99.000  -99.000  -999
OBS: 5999546  53652.406   -15.00   0.0000e+00   2.4458e+03   1.4722e+03   0  H  0.00  1   !  -9.99000e+02  -99.000  -99.000  -999
OBS: 5999546  53654.406   -13.00   0.0000e+00   4.0947e+03   4.4342e+02   0  H  0.00  1   !  -9.99000e+02  -99.000  -99.000  -999
OBS: 5999546  53656.406   -11.00   0.0000e+00   5.8099e+03   3.0819e+02   0  H  0.00  1   !  -9.99000e+02  -99.000  -99.000  -999
OBS: 5999546  53658.406    -9.00   0.0000e+00   7.2705e+03   2.5273e+02   0  H  0.00  1   !  -9.99000e+02  -99.000  -99.000  -999
OBS: 5999546  53660.406    -7.00   0.0000e+00   8.2718e+03   2.3242e+02   0  H  0.00  1   !  -9.99000e+02  -99.000  -99.000  -999
OBS: 5999546  53662.406    -5.00   0.0000e+00   8.6497e+03   2.5862e+02   0  H  0.00  1   !  -9.99000e+02  -99.000  -99.000  -999
OBS: 5999546  53664.406    -3.00   0.0000e+00   8.4287e+03   2.5455e+02   0  H  0.00  1   !  -9.99000e+02  -99.000  -99.000  -999
OBS: 5999546  53666.406    -1.00   0.0000e+00   7.6814e+03   2.1399e+02   0  H  0.00  1   !  -9.99000e+02  -99.000  -99.000  -999
OBS: 5999546  53668.406     1.00   0.0000e+00   6.9329e+03   2.1009e+02   0  H  0.00  1   !  -9.99000e+02  -99.000  -99.000  -999
OBS: 5999546  53670.406     3.00   0.0000e+00   6.3680e+03   2.3463e+02   0  H  0.00  1   !  -9.99000e+02  -99.000  -99.000  -999
OBS: 5999546  53672.406     5.00   0.0000e+00   5.7588e+03   2.3738e+02   0  H  0.00  1   !  -9.99000e+02  -99.000  -99.000  -999
OBS: 5999546  53674.406     7.00   0.0000e+00   5.1904e+03   2.2791e+02   0  H  0.00  1   !  -9.99000e+02  -99.000  -99.000  -999
OBS: 5999546  53676.406     9.00   0.0000e+00   4.7692e+03   2.2142e+02   0  H  0.00  1   !  -9.99000e+02  -99.000  -99.000  -999
OBS: 5999546  53678.406    11.00   0.0000e+00   4.5249e+03   2.0326e+02   0  H  0.00  1   !  -9.99000e+02  -99.000  -99.000  -999
OBS: 5999546  53680.406    13.00   0.0000e+00   4.5177e+03   1.8595e+02   0  H  0.00  1   !  -9.99000e+02  -99.000  -99.000  -999
OBS: 5999546  53682.406    15.00   0.0000e+00   4.7675e+03   1.9120e+02   0  H  0.00  1   !  -9.99000e+02  -99.000  -99.000  -999
OBS: 5999546  53684.406    17.00   0.0000e+00   5.0595e+03   1.9316e+02   0  H  0.00  1   !  -9.99000e+02  -99.000  -99.000  -999
OBS: 5999546  53686.406    19.00   0.0000e+00   5.3450e+03   1.7656e+02   0  H  0.00  1   !  -9.99000e+02  -99.000  -99.000  -999
OBS: 5999546  53688.406    21.00   0.0000e+00   5.6240e+03   1.6072e+02   0  H  0.00  1   !  -9.99000e+02  -99.000  -99.000  -999
OBS: 5999546  53690.406    23.00   0.0000e+00   5.8563e+03   1.6845e+02   0  H  0.00  1   !  -9.99000e+02  -99.000  -99.000  -999
OBS: 5999546  53692.406    25.00   0.0000e+00   6.1129e+03   1.9097e+02   0  H  0.00  1   !  -9.99000e+02  -99.000  -99.000  -999
OBS: 5999546  53694.406    27.00   0.0000e+00   6.3573e+03   1.9380e+02   0  H  0.00  1   !  -9.99000e+02  -99.000  -99.000  -999
OBS: 5999546  53696.406    29.00   0.0000e+00   6.5458e+03   1.8886e+02   0  H  0.00  1   !  -9.99000e+02  -99.000  -99.000  -999
OBS: 5999546  53698.406    31.00   0.0000e+00   6.6753e+03   2.2134e+02   0  H  0.00  1   !  -9.99000e+02  -99.000  -99.000  -999
OBS: 5999546  53700.406    33.00   0.0000e+00   6.7799e+03   2.8076e+02   0  H  0.00  1   !  -9.99000e+02  -99.000  -99.000  -999
OBS: 5999546  53702.406    35.00   0.0000e+00   6.8150e+03   3.1502e+02   0  H  0.00  1   !  -9.99000e+02  -99.000  -99.000  -999
OBS: 5999546  53704.406    37.00   0.0000e+00   6.6293e+03   3.3915e+02   0  H  0.00  1   !  -9.99000e+02  -99.000  -99.000  -999
OBS: 5999546  53706.406    39.00   0.0000e+00   6.1421e+03   3.8345e+02   0  H  0.00  1   !  -9.99000e+02  -99.000  -99.000  -999
OBS: 5999546  53708.406    41.00   0.0000e+00   5.5337e+03   4.2239e+02   0  H  0.00  1   !  -9.99000e+02  -99.000  -99.000  -999
OBS: 5999546  53710.406    43.00   0.0000e+00   4.8104e+03   3.9601e+02   0  H  0.00  1   !  -9.99000e+02  -99.000  -99.000  -999
OBS: 5999546  53712.406    45.00   0.0000e+00   4.1723e+03   3.2221e+02   0  H  0.00  1   !  -9.99000e+02  -99.000  -99.000  -999
OBS: 5999546  53714.406    47.00   0.0000e+00   3.7379e+03   2.5703e+02   0  H  0.00  1   !  -9.99000e+02  -99.000  -99.000  -999
OBS: 5999546  53716.406    49.00   0.0000e+00   3.5158e+03   2.2370e+02   0  H  0.00  1   !  -9.99000e+02  -99.000  -99.000  -999
OBS: 5999546  53718.406    51.00   0.0000e+00   3.3745e+03   1.9368e+02   0  H  0.00  1   !  -9.99000e+02  -99.000  -99.000  -999
OBS: 5999546  53720.406    53.00   0.0000e+00   3.2328e+03   2.4185e+02   0  H  0.00  1   !  -9.99000e+02  -99.000  -99.000  -999
OBS: 5999546  53722.406    55.00   0.0000e+00   3.0766e+03   1.8518e+03   0  H  0.00  1   !  -9.99000e+02  -99.000  -99.000  -999
OBS: 5999546  53724.406    57.00   0.0000e+00   2.9334e+03   1.7657e+03   0  H  0.00  1   !  -9.99000e+02  -99.000  -99.000  -999
OBS: 5999546  53726.406    59.00   0.0000e+00   2.7944e+03   1.6820e+03   0  H  0.00  1   !  -9.99000e+02  -99.000  -99.000  -999
OBS: 5999546  53728.406    61.00   0.0000e+00   2.6584e+03   1.6001e+03   0  H  0.00  1   !  -9.99000e+02  -99.000  -99.000  -999
OBS: 5999546  53730.406    63.00   0.0000e+00   2.4948e+03   1.5016e+03   0  H  0.00  1   !  -9.99000e+02  -99.000  -99.000  -999
OBS: 5999546  53732.406    65.00   0.0000e+00   2.2321e+03   1.3435e+03   0  H  0.00  1   !  -9.99000e+02  -99.000  -99.000  -999
OBS: 5999546  53734.406    67.00   0.0000e+00   2.0154e+03   1.2131e+03   0  H  0.00  1   !  -9.99000e+02  -99.000  -99.000  -999
OBS: 5999546  53736.406    69.00   0.0000e+00   1.8459e+03   1.1110e+03   0  H  0.00  1   !  -9.99000e+02  -99.000  -99.000  -999
OBS: 5999546  53738.406    71.00   0.0000e+00   1.7161e+03   1.0329e+03   0  H  0.00  1   !  -9.99000e+02  -99.000  -99.000  -999
OBS: 5999546  53740.406    73.00   0.0000e+00   1.6219e+03   9.7623e+02   0  H  0.00  1   !  -9.99000e+02  -99.000  -99.000  -999
OBS: 5999546  53742.406    75.00   0.0000e+00   1.5350e+03   9.2391e+02   0  H  0.00  1   !  -9.99000e+02  -99.000  -99.000  -999
OBS: 5999546  53744.406    77.00   0.0000e+00   1.4469e+03   8.7093e+02   0  H  0.00  1   !  -9.99000e+02  -99.000  -99.000  -999
OBS: 5999546  53746.406    79.00   0.0000e+00   1.3868e+03   8.3473e+02   0  H  0.00  1   !  -9.99000e+02  -99.000  -99.000  -999
OBS: 5999546  53748.406    81.00   0.0000e+00   1.3309e+03   8.0107e+02   0  H  0.00  1   !  -9.99000e+02  -99.000  -99.000  -999
OBS: 5999546  53750.406    83.00   0.0000e+00   1.2773e+03   7.6883e+02   0  H  0.00  1   !  -9.99000e+02  -99.000  -99.000  -999
OBS: 5999546  53752.406    85.00   0.0000e+00   1.2261e+03   7.3801e+02   0  H  0.00  1   !  -9.99000e+02  -99.000  -99.000  -999
OBS: 5999546  53754.406    87.00   0.0000e+00   1.1774e+03   7.0867e+02   0  H  0.00  1   !  -9.99000e+02  -99.000  -99.000  -999
OBS: 5999546  53756.406    89.00   0.0000e+00   1.1305e+03   6.8044e+02   0  H  0.00  1   !  -9.99000e+02  -99.000  -99.000  -999
OBS: 5999546  53758.406    91.00   0.0000e+00   1.0833e+03   6.5207e+02   0  H  0.00  1   !  -9.99000e+02  -99.000  -99.000  -999
OBS: 5999546  53760.406    93.00   0.0000e+00   1.0382e+03   6.2488e+02   0  H  0.00  1   !  -9.99000e+02  -99.000  -99.000  -999
OBS: 5999546  53762.406    95.00   0.0000e+00   9.9487e+02   5.9882e+02   0  H  0.00  1   !  -9.99000e+02  -99.000  -99.000  -999
OBS: 5999546  53764.406    97.00   0.0000e+00   9.5338e+02   5.7385e+02   0  H  0.00  1   !  -9.99000e+02  -99.000  -99.000  -999
OBS: 5999546  53766.406    99.00   0.0000e+00   9.1362e+02   5.4992e+02   0  H  0.00  1   !  -9.99000e+02  -99.000  -99.000  -999
OBS: 5999546  53768.406   101.00   0.0000e+00   8.7552e+02   5.2699e+02   0  H  0.00  1   !  -9.99000e+02  -99.000  -99.000  -999
OBS: 5999546  53770.406   103.00   0.0000e+00   8.3901e+02   5.0501e+02   0  H  0.00  1   !  -9.99000e+02  -99.000  -99.000  -999
OBS: 5999546  53772.406   105.00   0.0000e+00   8.0402e+02   4.8395e+02   0  H  0.00  1   !  -9.99000e+02  -99.000  -99.000  -999
OBS: 5999546  53774.406   107.00   0.0000e+00   7.7049e+02   4.6376e+02   0  H  0.00  1   !  -9.99000e+02  -99.000  -99.000  -999
OBS: 5999546  53776.406   109.00   0.0000e+00   7.3835e+02   4.4442e+02   0  H  0.00  1   !  -9.99000e+02  -99.000  -99.000  -999
OBS: 5999546  53778.406   111.00   0.0000e+00   7.0756e+02   4.2589e+02   0  H  0.00  1   !  -9.99000e+02  -99.000  -99.000  -999
OBS: 5999546  53780.406   113.00   0.0000e+00   6.7805e+02   4.0813e+02   0  H  0.00  1   !  -9.99000e+02  -99.000  -99.000  -999
OBS: 5999546  53782.406   115.00   0.0000e+00   6.4977e+02   3.9110e+02   0  H  0.00  1   !  -9.99000e+02  -99.000  -99.000  -999
OBS: 5999546  53784.406   117.00   0.0000e+00   6.2267e+02   3.7479e+02   0  H  0.00  1   !  -9.99000e+02  -99.000  -99.000  -999
OBS: 5999546  53786.406   119.00   0.0000e+00   5.9670e+02   3.5916e+02   0  H  0.00  1   !  -9.99000e+02  -99.000  -99.000  -999
OBS: 5999546  53788.406   121.00   0.0000e+00   5.7181e+02   3.4418e+02   0  H  0.00  1   !  -9.99000e+02  -99.000  -99.000  -999
OBS: 5999546  53790.406   123.00   0.0000e+00   5.4796e+02   3.2982e+02   0  H  0.00  1   !  -9.99000e+02  -99.000  -99.000  -999
OBS: 5999546  53792.406   125.00   0.0000e+00   5.2510e+02   3.1606e+02   0  H  0.00  1   !  -9.99000e+02  -99.000  -99.000  -999
OBS: 5999546  53794.406   127.00   0.0000e+00   5.0320e+02   3.0288e+02   0  H  0.00  1   !  -9.99000e+02  -99.000  -99.000  -999
OBS: 5999546  53796.406   129.00   0.0000e+00   4.8221e+02   2.9025e+02   0  H  0.00  1   !  -9.99000e+02  -99.000  -99.000  -999
OBS: 5999546  53798.406   131.00   0.0000e+00   4.6209e+02   2.7814e+02   0  H  0.00  1   !  -9.99000e+02  -99.000  -99.000  -999
OBS: 5999546  53800.406   133.00   0.0000e+00   4.4282e+02   2.6654e+02   0  H  0.00  1   !  -9.99000e+02  -99.000  -99.000  -999
OBS: 5999546  53802.406   135.00   0.0000e+00   4.2434e+02   2.5542e+02   0  H  0.00  1   !  -9.99000e+02  -99.000  -99.000  -999
OBS: 5999546  53804.406   137.00   0.0000e+00   4.0664e+02   2.4476e+02   0  H  0.00  1   !  -9.99000e+02  -99.000  -99.000  -999
OBS: 5999546  53806.406   139.00   0.0000e+00   3.8968e+02   2.3455e+02   0  H  0.00  1   !  -9.99000e+02  -99.000  -99.000  -999
