VARNAMES: CID MJD Tobs SIM_FLUXCAL FLUXCAL FLUXCAL_ERR DATAFLAG BAND CHI2 IFIT BAND_REST FLUX_REST KCOR AVWARP SIM_FLUX_REST 
OBS: 5999609  53688.520    -9.78   2.5491e+03   2.5496e+03   9.4128e+02   1  J  0.00  1   J  2.25133e+18  -0.163  0.984  1.00000e+11
OBS: 5999609  53688.531    -9.77   2.5516e+03   2.3372e+03   8.0616e+02   1  J  0.04  1   J  2.06403e+18  -0.163  0.982  1.00000e+11
OBS: 5999609  53691.531    -6.77   2.9720e+03   3.6747e+03   9.1185e+02   1  J  0.68  1   J  3.30117e+18  -0.145  0.380  1.00000e+11
OBS: 5999609  53691.531    -6.77   2.9720e+03   3.4673e+03   1.0175e+03   1  J  0.29  1   J  3.11490e+18  -0.145  0.380  1.00000e+11
OBS: 5999609  53693.531    -4.77   3.0555e+03   3.8173e+03   1.2659e+03   1  J  0.41  1   J  3.43959e+18  -0.142  0.221  1.00000e+11
OBS: 5999609  53693.539    -4.76   3.0555e+03   1.9615e+03   9.1992e+02   1  J  1.28  1   J  1.76748e+18  -0.142  0.220  1.00000e+11
OBS: 5999609  53696.480    -1.82   2.8819e+03   2.6971e+03   8.4512e+02   1  J  0.03  1   J  2.43628e+18  -0.139  0.180  1.00000e+11
OBS: 5999609  53696.488    -1.81   2.8809e+03   1.6543e+03   8.4348e+02   1  J  1.94  1   J  1.49428e+18  -0.139  0.180  1.00000e+11
OBS: 5999609  53701.531     3.23   2.0586e+03   2.5566e+03   9.5198e+02   1  J  0.31  1   J  2.42798e+18  -0.084  0.902  1.00000e+11
OBS: 5999609  53701.539     3.24   2.0568e+03   1.8793e+03   1.0121e+03   1  J  0.02  1   J  1.78468e+18  -0.084  0.904  1.00000e+11
OBS: 5999609  53705.488     7.19   1.4181e+03   2.7242e+03   8.1525e+02   1  J  2.64  1   J  2.44927e+18  -0.144  1.460  1.00000e+11
OBS: 5999609  53705.488     7.19   1.4181e+03   1.5649e+03   6.4283e+02   1  J  0.07  1   J  1.40694e+18  -0.144  1.460  1.00000e+11
OBS: 5999609  53710.520    12.22   8.6561e+02   8.5813e+02   1.2169e+03   1  J  0.00  1   J  7.03583e+17  -0.244  0.787  1.00000e+11
OBS: 5999609  53710.520    12.22   8.6561e+02   4.1278e+00   1.1567e+03   1  J  0.54  1   J  3.38439e+15  -0.244  0.787  1.00000e+11
OBS: 5999609  53714.539    16.24   8.3008e+02   1.2413e+03   8.8568e+02   1  J  0.23  1   J  9.09879e+17  -0.366  0.538  1.00000e+11
OBS: 5999609  53714.551    16.25   8.3022e+02  -6.9643e+02   8.5201e+02   1  J  3.13  1   J  -5.10464e+17  -0.366  0.539  1.00000e+11
OBS: 5999609  53718.531    20.23   9.0917e+02   1.1053e+03   7.7876e+02   1  J  0.07  1   J  7.93826e+17  -0.388  0.901  1.00000e+11
OBS: 5999609  53718.539    20.24   9.0939e+02   1.3867e+03   7.6552e+02   1  J  0.41  1   J  9.95819e+17  -0.388  0.901  1.00000e+11
OBS: 5999609  53639.305   -59.00   0.0000e+00   0.0000e+00   0.0000e+00   0  J  0.00  1   !  -9.99000e+02  -99.000  -99.000  -999
OBS: 5999609  53641.305   -57.00   0.0000e+00   0.0000e+00   0.0000e+00   0  J  0.00  1   !  -9.99000e+02  -99.000  -99.000  -999
OBS: 5999609  53643.305   -55.00   0.0000e+00   0.0000e+00   0.0000e+00   0  J  0.00  1   !  -9.99000e+02  -99.000  -99.000  -999
OBS: 5999609  53645.305   -53.00   0.0000e+00   0.0000e+00   0.0000e+00   0  J  0.00  1   !  -9.99000e+02  -99.000  -99.000  -999
OBS: 5999609  53647.305   -51.00   0.0000e+00   0.0000e+00   0.0000e+00   0  J  0.00  1   !  -9.99000e+02  -99.000  -99.000  -999
OBS: 5999609  53649.305   -49.00   0.0000e+00   0.0000e+00   0.0000e+00   0  J  0.00  1   !  -9.99000e+02  -99.000  -99.000  -999
OBS: 5999609  53651.305   -47.00   0.0000e+00   0.0000e+00   0.0000e+00   0  J  0.00  1   !  -9.99000e+02  -99.000  -99.000  -999
OBS: 5999609  53653.305   -45.00   0.0000e+00   0.0000e+00   0.0000e+00   0  J  0.00  1   !  -9.99000e+02  -99.000  -99.000  -999
OBS: 5999609  53655.305   -43.00   0.0000e+00   0.0000e+00   0.0000e+00   0  J  0.00  1   !  -9.99000e+02  -99.000  -99.000  -999
OBS: 5999609  53657.305   -41.00   0.0000e+00   0.0000e+00   0.0000e+00   0  J  0.00  1   !  -9.99000e+02  -99.000  -99.000  -999
OBS: 5999609  53659.305   -39.00   0.0000e+00   0.0000e+00   0.0000e+00   0  J  0.00  1   !  -9.99000e+02  -99.000  -99.000  -999
OBS: 5999609  53661.305   -37.00   0.0000e+00   0.0000e+00   0.0000e+00   0  J  0.00  1   !  -9.99000e+02  -99.000  -99.000  -999
OBS: 5999609  53663.305   -35.00   0.0000e+00   0.0000e+00   0.0000e+00   0  J  0.00  1   !  -9.99000e+02  -99.000  -99.000  -999
OBS: 5999609  53665.305   -33.00   0.0000e+00   0.0000e+00   0.0000e+00   0  J  0.00  1   !  -9.99000e+02  -99.000  -99.000  -999
OBS: 5999609  53667.305   -31.00   0.0000e+00   0.0000e+00   0.0000e+00   0  J  0.00  1   !  -9.99000e+02  -99.000  -99.000  -999
OBS: 5999609  53669.305   -29.00   0.0000e+00   0.0000e+00   0.0000e+00   0  J  0.00  1   !  -9.99000e+02  -99.000  -99.000  -999
OBS: 5999609  53671.305   -27.00   0.0000e+00   0.0000e+00   0.0000e+00   0  J  0.00  1   !  -9.99000e+02  -99.000  -99.000  -999
OBS: 5999609  53673.305   -25.00   0.0000e+00   0.0000e+00   0.0000e+00   0  J  0.00  1   !  -9.99000e+02  -99.000  -99.000  -999
OBS: 5999609  53675.305   -23.00   0.0000e+00   0.0000e+00   0.0000e+00   0  J  0.00  1   !  -9.99000e+02  -99.000  -99.000  -999
OBS: 5999609  53677.305   -21.00   0.0000e+00   5.5532e+02   3.3425e+02   0  J  0.00  1   !  -9.99000e+02  -99.000  -99.000  -999
OBS: 5999609  53679.305   -19.00   0.0000e+00   6.2364e+02   3.7538e+02   0  J  0.00  1   !  -9.99000e+02  -99.000  -99.000  -999
OBS: 5999609  53681.305   -17.00   0.0000e+00   6.2535e+02   3.7641e+02   0  J  0.00  1   !  -9.99000e+02  -99.000  -99.000  -999
OBS: 5999609  53683.305   -15.00   0.0000e+00   9.4621e+02   1.6223e+02   0  J  0.00  1   !  -9.99000e+02  -99.000  -99.000  -999
OBS: 5999609  53685.305   -13.00   0.0000e+00   1.5939e+03   7.8762e+01   0  J  0.00  1   !  -9.99000e+02  -99.000  -99.000  -999
OBS: 5999609  53687.305   -11.00   0.0000e+00   2.2022e+03   7.4496e+01   0  J  0.00  1   !  -9.99000e+02  -99.000  -99.000  -999
OBS: 5999609  53689.305    -9.00   0.0000e+00   2.6479e+03   7.4666e+01   0  J  0.00  1   !  -9.99000e+02  -99.000  -99.000  -999
OBS: 5999609  53691.305    -7.00   0.0000e+00   2.8993e+03   5.5205e+01   0  J  0.00  1   !  -9.99000e+02  -99.000  -99.000  -999
OBS: 5999609  53693.305    -5.00   0.0000e+00   3.0019e+03   4.7193e+01   0  J  0.00  1   !  -9.99000e+02  -99.000  -99.000  -999
OBS: 5999609  53695.305    -3.00   0.0000e+00   2.9361e+03   4.9863e+01   0  J  0.00  1   !  -9.99000e+02  -99.000  -99.000  -999
OBS: 5999609  53697.305    -1.00   0.0000e+00   2.7482e+03   5.0368e+01   0  J  0.00  1   !  -9.99000e+02  -99.000  -99.000  -999
OBS: 5999609  53699.305     1.00   0.0000e+00   2.4236e+03   4.9189e+01   0  J  0.00  1   !  -9.99000e+02  -99.000  -99.000  -999
OBS: 5999609  53701.305     3.00   0.0000e+00   2.0643e+03   4.6576e+01   0  J  0.00  1   !  -9.99000e+02  -99.000  -99.000  -999
OBS: 5999609  53703.305     5.00   0.0000e+00   1.7418e+03   4.5925e+01   0  J  0.00  1   !  -9.99000e+02  -99.000  -99.000  -999
OBS: 5999609  53705.305     7.00   0.0000e+00   1.4251e+03   4.7660e+01   0  J  0.00  1   !  -9.99000e+02  -99.000  -99.000  -999
OBS: 5999609  53707.305     9.00   0.0000e+00   1.1409e+03   5.4063e+01   0  J  0.00  1   !  -9.99000e+02  -99.000  -99.000  -999
OBS: 5999609  53709.305    11.00   0.0000e+00   9.3543e+02   6.0593e+01   0  J  0.00  1   !  -9.99000e+02  -99.000  -99.000  -999
OBS: 5999609  53711.305    13.00   0.0000e+00   8.2041e+02   6.3159e+01   0  J  0.00  1   !  -9.99000e+02  -99.000  -99.000  -999
OBS: 5999609  53713.305    15.00   0.0000e+00   8.0742e+02   6.4610e+01   0  J  0.00  1   !  -9.99000e+02  -99.000  -99.000  -999
OBS: 5999609  53715.305    17.00   0.0000e+00   8.2662e+02   6.8650e+01   0  J  0.00  1   !  -9.99000e+02  -99.000  -99.000  -999
OBS: 5999609  53717.305    19.00   0.0000e+00   8.6727e+02   7.4243e+01   0  J  0.00  1   !  -9.99000e+02  -99.000  -99.000  -999
OBS: 5999609  53719.305    21.00   0.0000e+00   9.1552e+02   7.3721e+01   0  J  0.00  1   !  -9.99000e+02  -99.000  -99.000  -999
OBS: 5999609  53721.305    23.00   0.0000e+00   1.0025e+03   7.8727e+01   0  J  0.00  1   !  -9.99000e+02  -99.000  -99.000  -999
OBS: 5999609  53723.305    25.00   0.0000e+00   1.1205e+03   7.9552e+01   0  J  0.00  1   !  -9.99000e+02  -99.000  -99.000  -999
OBS: 5999609  53725.305    27.00   0.0000e+00   1.2395e+03   7.3780e+01   0  J  0.00  1   !  -9.99000e+02  -99.000  -99.000  -999
OBS: 5999609  53727.305    29.00   0.0000e+00   1.3536e+03   8.0871e+01   0  J  0.00  1   !  -9.99000e+02  -99.000  -99.000  -999
OBS: 5999609  53729.305    31.00   0.0000e+00   1.4387e+03   8.8658e+01   0  J  0.00  1   !  -9.99000e+02  -99.000  -99.000  -999
OBS: 5999609  53731.305    33.00   0.0000e+00   1.5148e+03   8.8706e+01   0  J  0.00  1   !  -9.99000e+02  -99.000  -99.000  -999
OBS: 5999609  53733.305    35.00   0.0000e+00   1.5994e+03   9.2063e+01   0  J  0.00  1   !  -9.99000e+02  -99.000  -99.000  -999
OBS: 5999609  53735.305    37.00   0.0000e+00   1.6146e+03   9.6217e+01   0  J  0.00  1   !  -9.99000e+02  -99.000  -99.000  -999
OBS: 5999609  53737.305    39.00   0.0000e+00   1.5186e+03   1.0915e+02   0  J  0.00  1   !  -9.99000e+02  -99.000  -99.000  -999
OBS: 5999609  53739.305    41.00   0.0000e+00   1.3444e+03   1.0939e+02   0  J  0.00  1   !  -9.99000e+02  -99.000  -99.000  -999
OBS: 5999609  53741.305    43.00   0.0000e+00   1.1425e+03   1.0651e+02   0  J  0.00  1   !  -9.99000e+02  -99.000  -99.000  -999
OBS: 5999609  53743.305    45.00   0.0000e+00   9.5582e+02   1.0477e+02   0  J  0.00  1   !  -9.99000e+02  -99.000  -99.000  -999
OBS: 5999609  53745.305    47.00   0.0000e+00   8.4352e+02   1.0376e+02   0  J  0.00  1   !  -9.99000e+02  -99.000  -99.000  -999
OBS: 5999609  53747.305    49.00   0.0000e+00   7.8292e+02   1.1094e+02   0  J  0.00  1   !  -9.99000e+02  -99.000  -99.000  -999
OBS: 5999609  53749.305    51.00   0.0000e+00   7.2614e+02   1.5692e+02   0  J  0.00  1   !  -9.99000e+02  -99.000  -99.000  -999
OBS: 5999609  53751.305    53.00   0.0000e+00   6.5830e+02   2.0570e+02   0  J  0.00  1   !  -9.99000e+02  -99.000  -99.000  -999
OBS: 5999609  53753.305    55.00   0.0000e+00   5.9351e+02   3.5724e+02   0  J  0.00  1   !  -9.99000e+02  -99.000  -99.000  -999
OBS: 5999609  53755.305    57.00   0.0000e+00   5.3925e+02   3.2458e+02   0  J  0.00  1   !  -9.99000e+02  -99.000  -99.000  -999
OBS: 5999609  53757.305    59.00   0.0000e+00   4.7843e+02   2.8797e+02   0  J  0.00  1   !  -9.99000e+02  -99.000  -99.000  -999
OBS: 5999609  53759.305    61.00   0.0000e+00   4.2508e+02   2.5586e+02   0  J  0.00  1   !  -9.99000e+02  -99.000  -99.000  -999
OBS: 5999609  53761.305    63.00   0.0000e+00   3.8092e+02   2.2928e+02   0  J  0.00  1   !  -9.99000e+02  -99.000  -99.000  -999
OBS: 5999609  53763.305    65.00   0.0000e+00   3.3107e+02   1.9927e+02   0  J  0.00  1   !  -9.99000e+02  -99.000  -99.000  -999
OBS: 5999609  53765.305    67.00   0.0000e+00   2.6977e+02   1.6238e+02   0  J  0.00  1   !  -9.99000e+02  -99.000  -99.000  -999
OBS: 5999609  53767.305    69.00   0.0000e+00   2.2715e+02   1.3672e+02   0  J  0.00  1   !  -9.99000e+02  -99.000  -99.000  -999
OBS: 5999609  53769.305    71.00   0.0000e+00   1.9521e+02   1.1750e+02   0  J  0.00  1   !  -9.99000e+02  -99.000  -99.000  -999
OBS: 5999609  53771.305    73.00   0.0000e+00   1.6906e+02   1.0176e+02   0  J  0.00  1   !  -9.99000e+02  -99.000  -99.000  -999
OBS: 5999609  53773.305    75.00   0.0000e+00   1.4601e+02   8.7887e+01   0  J  0.00  1   !  -9.99000e+02  -99.000  -99.000  -999
OBS: 5999609  53775.305    77.00   0.0000e+00   1.2415e+02   7.4725e+01   0  J  0.00  1   !  -9.99000e+02  -99.000  -99.000  -999
OBS: 5999609  53777.305    79.00   0.0000e+00   1.0288e+02   6.1927e+01   0  J  0.00  1   !  -9.99000e+02  -99.000  -99.000  -999
OBS: 5999609  53779.305    81.00   0.0000e+00   9.0950e+01   5.4744e+01   0  J  0.00  1   !  -9.99000e+02  -99.000  -99.000  -999
OBS: 5999609  53781.305    83.00   0.0000e+00   8.1355e+01   4.8969e+01   0  J  0.00  1   !  -9.99000e+02  -99.000  -99.000  -999
OBS: 5999609  53783.305    85.00   0.0000e+00   7.2713e+01   4.3767e+01   0  J  0.00  1   !  -9.99000e+02  -99.000  -99.000  -999
OBS: 5999609  53785.305    87.00   0.0000e+00   6.4927e+01   3.9081e+01   0  J  0.00  1   !  -9.99000e+02  -99.000  -99.000  -999
OBS: 5999609  53787.305    89.00   0.0000e+00   5.7866e+01   3.4830e+01   0  J  0.00  1   !  -9.99000e+02  -99.000  -99.000  -999
OBS: 5999609  53789.305    91.00   0.0000e+00   5.1424e+01   3.0953e+01   0  J  0.00  1   !  -9.99000e+02  -99.000  -99.000  -999
OBS: 5999609  53791.305    93.00   0.0000e+00   4.6493e+01   2.7985e+01   0  J  0.00  1   !  -9.99000e+02  -99.000  -99.000  -999
OBS: 5999609  53793.305    95.00   0.0000e+00   4.2071e+01   2.5323e+01   0  J  0.00  1   !  -9.99000e+02  -99.000  -99.000  -999
OBS: 5999609  53795.305    97.00   0.0000e+00   3.8064e+01   2.2911e+01   0  J  0.00  1   !  -9.99000e+02  -99.000  -99.000  -999
OBS: 5999609  53797.305    99.00   0.0000e+00   3.4447e+01   2.0734e+01   0  J  0.00  1   !  -9.99000e+02  -99.000  -99.000  -999
OBS: 5999609  53799.305   101.00   0.0000e+00   3.1181e+01   1.8768e+01   0  J  0.00  1   !  -9.99000e+02  -99.000  -99.000  -999
OBS: 5999609  53801.305   103.00   0.0000e+00   2.8231e+01   1.6992e+01   0  J  0.00  1   !  -9.99000e+02  -99.000  -99.000  -999
OBS: 5999609  53803.305   105.00   0.0000e+00   2.5550e+01   1.5379e+01   0  J  0.00  1   !  -9.99000e+02  -99.000  -99.000  -999
OBS: 5999609  53805.305   107.00   0.0000e+00   2.3011e+01   1.3850e+01   0  J  0.00  1   !  -9.99000e+02  -99.000  -99.000  -999
OBS: 5999609  53807.305   109.00   0.0000e+00   2.0990e+01   1.2634e+01   0  J  0.00  1   !  -9.99000e+02  -99.000  -99.000  -999
OBS: 5999609  53809.305   111.00   0.0000e+00   1.9209e+01   1.1562e+01   0  J  0.00  1   !  -9.99000e+02  -99.000  -99.000  -999
OBS: 5999609  53811.305   113.00   0.0000e+00   1.7578e+01   1.0580e+01   0  J  0.00  1   !  -9.99000e+02  -99.000  -99.000  -999
OBS: 5999609  53813.305   115.00   0.0000e+00   1.6086e+01   9.6824e+00   0  J  0.00  1   !  -9.99000e+02  -99.000  -99.000  -999
OBS: 5999609  53815.305   117.00   0.0000e+00   1.4721e+01   8.8605e+00   0  J  0.00  1   !  -9.99000e+02  -99.000  -99.000  -999
OBS: 5999609  53817.305   119.00   0.0000e+00   1.3471e+01   8.1083e+00   0  J  0.00  1   !  -9.99000e+02  -99.000  -99.000  -999
OBS: 5999609  53819.305   121.00   0.0000e+00   1.2328e+01   7.4201e+00   0  J  0.00  1   !  -9.99000e+02  -99.000  -99.000  -999
OBS: 5999609  53821.305   123.00   0.0000e+00   1.1281e+01   6.7902e+00   0  J  0.00  1   !  -9.99000e+02  -99.000  -99.000  -999
OBS: 5999609  53823.305   125.00   0.0000e+00   1.0323e+01   6.2138e+00   0  J  0.00  1   !  -9.99000e+02  -99.000  -99.000  -999
OBS: 5999609  53825.305   127.00   0.0000e+00   9.4472e+00   5.6864e+00   0  J  0.00  1   !  -9.99000e+02  -99.000  -99.000  -999
OBS: 5999609  53827.305   129.00   0.0000e+00   8.6452e+00   5.2037e+00   0  J  0.00  1   !  -9.99000e+02  -99.000  -99.000  -999
OBS: 5999609  53829.305   131.00   0.0000e+00   7.9114e+00   4.7620e+00   0  J  0.00  1   !  -9.99000e+02  -99.000  -99.000  -999
OBS: 5999609  53831.305   133.00   0.0000e+00   7.2398e+00   4.3577e+00   0  J  0.00  1   !  -9.99000e+02  -99.000  -99.000  -999
OBS: 5999609  53833.305   135.00   0.0000e+00   6.6253e+00   3.9878e+00   0  J  0.00  1   !  -9.99000e+02  -99.000  -99.000  -999
OBS: 5999609  53835.305   137.00   0.0000e+00   6.0629e+00   3.6493e+00   0  J  0.00  1   !  -9.99000e+02  -99.000  -99.000  -999
OBS: 5999609  53837.305   139.00   0.0000e+00   5.5482e+00   3.3395e+00   0  J  0.00  1   !  -9.99000e+02  -99.000  -99.000  -999
OBS: 5999609  53688.520    -9.78   2.3177e+03   2.0454e+03   4.5776e+02   1  Y  0.01  1   Y  1.79700e+18  -0.169  -0.522  1.00000e+11
OBS: 5999609  53688.531    -9.77   2.3206e+03   2.8497e+03   4.5016e+02   1  Y  2.74  1   Y  2.50335e+18  -0.169  -0.523  1.00000e+11
OBS: 5999609  53691.531    -6.77   3.0828e+03   2.6859e+03   3.7202e+02   1  Y  0.07  1   Y  2.16866e+18  -0.261  -0.890  1.00000e+11
OBS: 5999609  53691.531    -6.77   3.0828e+03   2.4582e+03   4.5335e+02   1  Y  0.51  1   Y  1.98481e+18  -0.261  -0.890  1.00000e+11
OBS: 5999609  53693.531    -4.77   3.3013e+03   2.7793e+03   4.5311e+02   1  Y  0.20  1   Y  2.14249e+18  -0.311  -1.127  1.00000e+11
OBS: 5999609  53693.539    -4.76   3.3017e+03   2.7209e+03   5.2623e+02   1  Y  0.25  1   Y  2.09705e+18  -0.311  -1.128  1.00000e+11
OBS: 5999609  53696.480    -1.82   3.0684e+03   2.2193e+03   4.8149e+02   1  Y  1.31  1   Y  1.66472e+18  -0.341  -1.493  1.00000e+11
OBS: 5999609  53696.488    -1.81   3.0663e+03   3.2515e+03   3.5884e+02   1  Y  1.69  1   Y  2.43925e+18  -0.340  -1.494  1.00000e+11
OBS: 5999609  53701.531     3.23   2.2822e+03   2.5316e+03   5.7934e+02   1  Y  0.64  1   Y  1.80854e+18  -0.394  -1.686  1.00000e+11
OBS: 5999609  53701.539     3.24   2.2812e+03   1.8387e+03   4.1913e+02   1  Y  0.28  1   Y  1.31325e+18  -0.394  -1.686  1.00000e+11
OBS: 5999609  53705.488     7.19   1.8839e+03   1.4176e+03   3.9297e+02   1  Y  0.52  1   Y  9.66931e+17  -0.444  -1.855  1.00000e+11
OBS: 5999609  53705.488     7.19   1.8839e+03   1.0400e+03   4.2738e+02   1  Y  2.35  1   Y  7.09379e+17  -0.444  -1.855  1.00000e+11
OBS: 5999609  53710.520    12.22   1.7208e+03   1.6843e+03   4.1416e+02   1  Y  0.09  1   Y  1.14060e+18  -0.452  -1.545  1.00000e+11
OBS: 5999609  53710.520    12.22   1.7208e+03   1.6171e+03   4.0418e+02   1  Y  0.02  1   Y  1.09509e+18  -0.452  -1.545  1.00000e+11
OBS: 5999609  53714.539    16.24   1.9170e+03   2.1854e+03   3.9073e+02   1  Y  1.30  1   Y  1.48084e+18  -0.451  -0.952  1.00000e+11
OBS: 5999609  53714.551    16.25   1.9178e+03   1.7663e+03   3.3853e+02   1  Y  0.01  1   Y  1.19675e+18  -0.451  -0.952  1.00000e+11
OBS: 5999609  53718.531    20.23   2.2009e+03   1.8278e+03   3.2618e+02   1  Y  0.23  1   Y  1.24126e+18  -0.449  -0.905  1.00000e+11
OBS: 5999609  53718.539    20.24   2.2015e+03   2.1234e+03   3.5446e+02   1  Y  0.13  1   Y  1.44209e+18  -0.449  -0.905  1.00000e+11
OBS: 5999609  53639.305   -59.00   0.0000e+00   0.0000e+00   0.0000e+00   0  Y  0.00  1   !  -9.99000e+02  -99.000  -99.000  -999
OBS: 5999609  53641.305   -57.00   0.0000e+00   0.0000e+00   0.0000e+00   0  Y  0.00  1   !  -9.99000e+02  -99.000  -99.000  -999
OBS: 5999609  53643.305   -55.00   0.0000e+00   0.0000e+00   0.0000e+00   0  Y  0.00  1   !  -9.99000e+02  -99.000  -99.000  -999
OBS: 5999609  53645.305   -53.00   0.0000e+00   0.0000e+00   0.0000e+00   0  Y  0.00  1   !  -9.99000e+02  -99.000  -99.000  -999
OBS: 5999609  53647.305   -51.00   0.0000e+00   0.0000e+00   0.0000e+00   0  Y  0.00  1   !  -9.99000e+02  -99.000  -99.000  -999
OBS: 5999609  53649.305   -49.00   0.0000e+00   0.0000e+00   0.0000e+00   0  Y  0.00  1   !  -9.99000e+02  -99.000  -99.000  -999
OBS: 5999609  53651.305   -47.00   0.0000e+00   0.0000e+00   0.0000e+00   0  Y  0.00  1   !  -9.99000e+02  -99.000  -99.000  -999
OBS: 5999609  53653.305   -45.00   0.0000e+00   0.0000e+00   0.0000e+00   0  Y  0.00  1   !  -9.99000e+02  -99.000  -99.000  -999
OBS: 5999609  53655.305   -43.00   0.0000e+00   0.0000e+00   0.0000e+00   0  Y  0.00  1   !  -9.99000e+02  -99.000  -99.000  -999
OBS: 5999609  53657.305   -41.00   0.0000e+00   0.0000e+00   0.0000e+00   0  Y  0.00  1   !  -9.99000e+02  -99.000  -99.000  -999
OBS: 5999609  53659.305   -39.00   0.0000e+00   0.0000e+00   0.0000e+00   0  Y  0.00  1   !  -9.99000e+02  -99.000  -99.000  -999
OBS: 5999609  53661.305   -37.00   0.0000e+00   0.0000e+00   0.0000e+00   0  Y  0.00  1   !  -9.99000e+02  -99.000  -99.000  -999
OBS: 5999609  53663.305   -35.00   0.0000e+00   0.0000e+00   0.0000e+00   0  Y  0.00  1   !  -9.99000e+02  -99.000  -99.000  -999
OBS: 5999609  53665.305   -33.00   0.0000e+00   0.0000e+00   0.0000e+00   0  Y  0.00  1   !  -9.99000e+02  -99.000  -99.000  -999
OBS: 5999609  53667.305   -31.00   0.0000e+00   0.0000e+00   0.0000e+00   0  Y  0.00  1   !  -9.99000e+02  -99.000  -99.000  -999
OBS: 5999609  53669.305   -29.00   0.0000e+00   0.0000e+00   0.0000e+00   0  Y  0.00  1   !  -9.99000e+02  -99.000  -99.000  -999
OBS: 5999609  53671.305   -27.00   0.0000e+00   0.0000e+00   0.0000e+00   0  Y  0.00  1   !  -9.99000e+02  -99.000  -99.000  -999
OBS: 5999609  53673.305   -25.00   0.0000e+00   0.0000e+00   0.0000e+00   0  Y  0.00  1   !  -9.99000e+02  -99.000  -99.000  -999
OBS: 5999609  53675.305   -23.00   0.0000e+00   0.0000e+00   0.0000e+00   0  Y  0.00  1   !  -9.99000e+02  -99.000  -99.000  -999
OBS: 5999609  53677.305   -21.00   0.0000e+00   4.7061e+02   2.8327e+02   0  Y  0.00  1   !  -9.99000e+02  -99.000  -99.000  -999
OBS: 5999609  53679.305   -19.00   0.0000e+00   3.9307e+02   2.3659e+02   0  Y  0.00  1   !  -9.99000e+02  -99.000  -99.000  -999
OBS: 5999609  53681.305   -17.00   0.0000e+00   3.9134e+02   2.3555e+02   0  Y  0.00  1   !  -9.99000e+02  -99.000  -99.000  -999
OBS: 5999609  53683.305   -15.00   0.0000e+00   6.7907e+02   1.2470e+02   0  Y  0.00  1   !  -9.99000e+02  -99.000  -99.000  -999
OBS: 5999609  53685.305   -13.00   0.0000e+00   1.2283e+03   8.2978e+01   0  Y  0.00  1   !  -9.99000e+02  -99.000  -99.000  -999
OBS: 5999609  53687.305   -11.00   0.0000e+00   1.7797e+03   7.7381e+01   0  Y  0.00  1   !  -9.99000e+02  -99.000  -99.000  -999
OBS: 5999609  53689.305    -9.00   0.0000e+00   2.2905e+03   7.5816e+01   0  Y  0.00  1   !  -9.99000e+02  -99.000  -99.000  -999
OBS: 5999609  53691.305    -7.00   0.0000e+00   2.7470e+03   6.2767e+01   0  Y  0.00  1   !  -9.99000e+02  -99.000  -99.000  -999
OBS: 5999609  53693.305    -5.00   0.0000e+00   2.9743e+03   6.0668e+01   0  Y  0.00  1   !  -9.99000e+02  -99.000  -99.000  -999
OBS: 5999609  53695.305    -3.00   0.0000e+00   2.9403e+03   7.3494e+01   0  Y  0.00  1   !  -9.99000e+02  -99.000  -99.000  -999
OBS: 5999609  53697.305    -1.00   0.0000e+00   2.6256e+03   7.3145e+01   0  Y  0.00  1   !  -9.99000e+02  -99.000  -99.000  -999
OBS: 5999609  53699.305     1.00   0.0000e+00   2.2866e+03   6.3700e+01   0  Y  0.00  1   !  -9.99000e+02  -99.000  -99.000  -999
OBS: 5999609  53701.305     3.00   0.0000e+00   2.0821e+03   6.5798e+01   0  Y  0.00  1   !  -9.99000e+02  -99.000  -99.000  -999
OBS: 5999609  53703.305     5.00   0.0000e+00   1.8985e+03   7.1833e+01   0  Y  0.00  1   !  -9.99000e+02  -99.000  -99.000  -999
OBS: 5999609  53705.305     7.00   0.0000e+00   1.7200e+03   7.5628e+01   0  Y  0.00  1   !  -9.99000e+02  -99.000  -99.000  -999
OBS: 5999609  53707.305     9.00   0.0000e+00   1.6125e+03   7.6951e+01   0  Y  0.00  1   !  -9.99000e+02  -99.000  -99.000  -999
OBS: 5999609  53709.305    11.00   0.0000e+00   1.5698e+03   7.3486e+01   0  Y  0.00  1   !  -9.99000e+02  -99.000  -99.000  -999
OBS: 5999609  53711.305    13.00   0.0000e+00   1.5670e+03   7.3652e+01   0  Y  0.00  1   !  -9.99000e+02  -99.000  -99.000  -999
OBS: 5999609  53713.305    15.00   0.0000e+00   1.6503e+03   7.3366e+01   0  Y  0.00  1   !  -9.99000e+02  -99.000  -99.000  -999
OBS: 5999609  53715.305    17.00   0.0000e+00   1.7892e+03   7.3710e+01   0  Y  0.00  1   !  -9.99000e+02  -99.000  -99.000  -999
OBS: 5999609  53717.305    19.00   0.0000e+00   1.9169e+03   7.6821e+01   0  Y  0.00  1   !  -9.99000e+02  -99.000  -99.000  -999
OBS: 5999609  53719.305    21.00   0.0000e+00   2.0203e+03   8.5620e+01   0  Y  0.00  1   !  -9.99000e+02  -99.000  -99.000  -999
OBS: 5999609  53721.305    23.00   0.0000e+00   2.0476e+03   9.2173e+01   0  Y  0.00  1   !  -9.99000e+02  -99.000  -99.000  -999
OBS: 5999609  53723.305    25.00   0.0000e+00   2.1458e+03   8.8576e+01   0  Y  0.00  1   !  -9.99000e+02  -99.000  -99.000  -999
OBS: 5999609  53725.305    27.00   0.0000e+00   2.4594e+03   8.1227e+01   0  Y  0.00  1   !  -9.99000e+02  -99.000  -99.000  -999
OBS: 5999609  53727.305    29.00   0.0000e+00   2.7836e+03   7.8210e+01   0  Y  0.00  1   !  -9.99000e+02  -99.000  -99.000  -999
OBS: 5999609  53729.305    31.00   0.0000e+00   2.9088e+03   7.7142e+01   0  Y  0.00  1   !  -9.99000e+02  -99.000  -99.000  -999
OBS: 5999609  53731.305    33.00   0.0000e+00   2.9088e+03   7.6124e+01   0  Y  0.00  1   !  -9.99000e+02  -99.000  -99.000  -999
OBS: 5999609  53733.305    35.00   0.0000e+00   2.8103e+03   7.4099e+01   0  Y  0.00  1   !  -9.99000e+02  -99.000  -99.000  -999
OBS: 5999609  53735.305    37.00   0.0000e+00   2.6552e+03   7.1723e+01   0  Y  0.00  1   !  -9.99000e+02  -99.000  -99.000  -999
OBS: 5999609  53737.305    39.00   0.0000e+00   2.5214e+03   6.8963e+01   0  Y  0.00  1   !  -9.99000e+02  -99.000  -99.000  -999
OBS: 5999609  53739.305    41.00   0.0000e+00   2.3590e+03   6.8790e+01   0  Y  0.00  1   !  -9.99000e+02  -99.000  -99.000  -999
OBS: 5999609  53741.305    43.00   0.0000e+00   2.1463e+03   7.4399e+01   0  Y  0.00  1   !  -9.99000e+02  -99.000  -99.000  -999
OBS: 5999609  53743.305    45.00   0.0000e+00   1.9367e+03   7.7169e+01   0  Y  0.00  1   !  -9.99000e+02  -99.000  -99.000  -999
OBS: 5999609  53745.305    47.00   0.0000e+00   1.7695e+03   6.4159e+01   0  Y  0.00  1   !  -9.99000e+02  -99.000  -99.000  -999
OBS: 5999609  53747.305    49.00   0.0000e+00   1.6200e+03   5.5157e+01   0  Y  0.00  1   !  -9.99000e+02  -99.000  -99.000  -999
OBS: 5999609  53749.305    51.00   0.0000e+00   1.4627e+03   5.7474e+01   0  Y  0.00  1   !  -9.99000e+02  -99.000  -99.000  -999
OBS: 5999609  53751.305    53.00   0.0000e+00   1.2982e+03   6.2700e+01   0  Y  0.00  1   !  -9.99000e+02  -99.000  -99.000  -999
OBS: 5999609  53753.305    55.00   0.0000e+00   1.1295e+03   6.7988e+02   0  Y  0.00  1   !  -9.99000e+02  -99.000  -99.000  -999
OBS: 5999609  53755.305    57.00   0.0000e+00   9.7768e+02   5.8848e+02   0  Y  0.00  1   !  -9.99000e+02  -99.000  -99.000  -999
OBS: 5999609  53757.305    59.00   0.0000e+00   8.8929e+02   5.3527e+02   0  Y  0.00  1   !  -9.99000e+02  -99.000  -99.000  -999
OBS: 5999609  53759.305    61.00   0.0000e+00   8.1337e+02   4.8958e+02   0  Y  0.00  1   !  -9.99000e+02  -99.000  -99.000  -999
OBS: 5999609  53761.305    63.00   0.0000e+00   7.5447e+02   4.5412e+02   0  Y  0.00  1   !  -9.99000e+02  -99.000  -99.000  -999
OBS: 5999609  53763.305    65.00   0.0000e+00   6.8422e+02   4.1184e+02   0  Y  0.00  1   !  -9.99000e+02  -99.000  -99.000  -999
OBS: 5999609  53765.305    67.00   0.0000e+00   5.7997e+02   3.4909e+02   0  Y  0.00  1   !  -9.99000e+02  -99.000  -99.000  -999
OBS: 5999609  53767.305    69.00   0.0000e+00   4.9827e+02   2.9992e+02   0  Y  0.00  1   !  -9.99000e+02  -99.000  -99.000  -999
OBS: 5999609  53769.305    71.00   0.0000e+00   4.3531e+02   2.6202e+02   0  Y  0.00  1   !  -9.99000e+02  -99.000  -99.000  -999
OBS: 5999609  53771.305    73.00   0.0000e+00   3.8721e+02   2.3306e+02   0  Y  0.00  1   !  -9.99000e+02  -99.000  -99.000  -999
OBS: 5999609  53773.305    75.00   0.0000e+00   3.5057e+02   2.1101e+02   0  Y  0.00  1   !  -9.99000e+02  -99.000  -99.000  -999
OBS: 5999609  53775.305    77.00   0.0000e+00   3.2138e+02   1.9344e+02   0  Y  0.00  1   !  -9.99000e+02  -99.000  -99.000  -999
OBS: 5999609  53777.305    79.00   0.0000e+00   2.9834e+02   1.7958e+02   0  Y  0.00  1   !  -9.99000e+02  -99.000  -99.000  -999
OBS: 5999609  53779.305    81.00   0.0000e+00   2.6680e+02   1.6059e+02   0  Y  0.00  1   !  -9.99000e+02  -99.000  -99.000  -999
OBS: 5999609  53781.305    83.00   0.0000e+00   2.3718e+02   1.4276e+02   0  Y  0.00  1   !  -9.99000e+02  -99.000  -99.000  -999
OBS: 5999609  53783.305    85.00   0.0000e+00   2.1124e+02   1.2715e+02   0  Y  0.00  1   !  -9.99000e+02  -99.000  -99.000  -999
OBS: 5999609  53785.305    87.00   0.0000e+00   1.8845e+02   1.1343e+02   0  Y  0.00  1   !  -9.99000e+02  -99.000  -99.000  -999
OBS: 5999609  53787.305    89.00   0.0000e+00   1.6856e+02   1.0146e+02   0  Y  0.00  1   !  -9.99000e+02  -99.000  -99.000  -999
OBS: 5999609  53789.305    91.00   0.0000e+00   1.5129e+02   9.1063e+01   0  Y  0.00  1   !  -9.99000e+02  -99.000  -99.000  -999
OBS: 5999609  53791.305    93.00   0.0000e+00   1.3356e+02   8.0392e+01   0  Y  0.00  1   !  -9.99000e+02  -99.000  -99.000  -999
OBS: 5999609  53793.305    95.00   0.0000e+00   1.1783e+02   7.0925e+01   0  Y  0.00  1   !  -9.99000e+02  -99.000  -99.000  -999
OBS: 5999609  53795.305    97.00   0.0000e+00   1.0395e+02   6.2570e+01   0  Y  0.00  1   !  -9.99000e+02  -99.000  -99.000  -999
OBS: 5999609  53797.305    99.00   0.0000e+00   9.1705e+01   5.5198e+01   0  Y  0.00  1   !  -9.99000e+02  -99.000  -99.000  -999
OBS: 5999609  53799.305   101.00   0.0000e+00   8.0899e+01   4.8694e+01   0  Y  0.00  1   !  -9.99000e+02  -99.000  -99.000  -999
OBS: 5999609  53801.305   103.00   0.0000e+00   7.1364e+01   4.2955e+01   0  Y  0.00  1   !  -9.99000e+02  -99.000  -99.000  -999
OBS: 5999609  53803.305   105.00   0.0000e+00   6.2958e+01   3.7895e+01   0  Y  0.00  1   !  -9.99000e+02  -99.000  -99.000  -999
OBS: 5999609  53805.305   107.00   0.0000e+00   5.5540e+01   3.3430e+01   0  Y  0.00  1   !  -9.99000e+02  -99.000  -99.000  -999
OBS: 5999609  53807.305   109.00   0.0000e+00   4.8991e+01   2.9488e+01   0  Y  0.00  1   !  -9.99000e+02  -99.000  -99.000  -999
OBS: 5999609  53809.305   111.00   0.0000e+00   4.3212e+01   2.6010e+01   0  Y  0.00  1   !  -9.99000e+02  -99.000  -99.000  -999
OBS: 5999609  53811.305   113.00   0.0000e+00   3.8115e+01   2.2942e+01   0  Y  0.00  1   !  -9.99000e+02  -99.000  -99.000  -999
OBS: 5999609  53813.305   115.00   0.0000e+00   3.3618e+01   2.0235e+01   0  Y  0.00  1   !  -9.99000e+02  -99.000  -99.000  -999
OBS: 5999609  53815.305   117.00   0.0000e+00   2.9650e+01   1.7847e+01   0  Y  0.00  1   !  -9.99000e+02  -99.000  -99.000  -999
OBS: 5999609  53817.305   119.00   0.0000e+00   2.6153e+01   1.5742e+01   0  Y  0.00  1   !  -9.99000e+02  -99.000  -99.000  -999
OBS: 5999609  53819.305   121.00   0.0000e+00   2.3072e+01   1.3887e+01   0  Y  0.00  1   !  -9.99000e+02  -99.000  -99.000  -999
OBS: 5999609  53821.305   123.00   0.0000e+00   2.0348e+01   1.2248e+01   0  Y  0.00  1   !  -9.99000e+02  -99.000  -99.000  -999
OBS: 5999609  53823.305   125.00   0.0000e+00   1.7946e+01   1.0802e+01   0  Y  0.00  1   !  -9.99000e+02  -99.000  -99.000  -999
OBS: 5999609  53825.305   127.00   0.0000e+00   1.5826e+01   9.5260e+00   0  Y  0.00  1   !  -9.99000e+02  -99.000  -99.000  -999
OBS: 5999609  53827.305   129.00   0.0000e+00   1.3957e+01   8.4007e+00   0  Y  0.00  1   !  -9.99000e+02  -99.000  -99.000  -999
OBS: 5999609  53829.305   131.00   0.0000e+00   1.2308e+01   7.4082e+00   0  Y  0.00  1   !  -9.99000e+02  -99.000  -99.000  -999
OBS: 5999609  53831.305   133.00   0.0000e+00   1.0853e+01   6.5328e+00   0  Y  0.00  1   !  -9.99000e+02  -99.000  -99.000  -999
OBS: 5999609  53833.305   135.00   0.0000e+00   9.5742e+00   5.7628e+00   0  Y  0.00  1   !  -9.99000e+02  -99.000  -99.000  -999
OBS: 5999609  53835.305   137.00   0.0000e+00   8.4441e+00   5.0826e+00   0  Y  0.00  1   !  -9.99000e+02  -99.000  -99.000  -999
OBS: 5999609  53837.305   139.00   0.0000e+00   7.4459e+00   4.4817e+00   0  Y  0.00  1   !  -9.99000e+02  -99.000  -99.000  -999
OBS: 5999609  53688.520    -9.78   2.1155e+03   2.9536e+03   1.1501e+03   1  H  0.62  1   H  2.60138e+18  -0.166  -1.604  1.00000e+11
OBS: 5999609  53688.531    -9.77   2.1182e+03   2.8592e+03   1.3387e+03   1  H  0.36  1   H  2.51835e+18  -0.166  -1.600  1.00000e+11
OBS: 5999609  53691.531    -6.77   2.6519e+03   5.3782e+03   1.3940e+03   1  H  4.05  1   H  4.72356e+18  -0.169  -0.930  1.00000e+11
OBS: 5999609  53691.531    -6.77   2.6519e+03   2.9948e+03   1.5881e+03   1  H  0.07  1   H  2.63023e+18  -0.169  -0.930  1.00000e+11
OBS: 5999609  53693.531    -4.77   2.7409e+03  -1.0843e+03   2.1435e+03   1  H  3.05  1   H  -9.56100e+17  -0.165  -0.802  1.00000e+11
OBS: 5999609  53693.539    -4.76   2.7408e+03   7.4437e+02   2.0218e+03   1  H  0.90  1   H  6.56382e+17  -0.165  -0.802  1.00000e+11
OBS: 5999609  53696.480    -1.82   2.5290e+03   2.6660e+03   1.0551e+03   1  H  0.04  1   H  2.43812e+18  -0.125  -0.673  1.00000e+11
OBS: 5999609  53696.488    -1.81   2.5275e+03   2.4407e+03   1.0947e+03   1  H  0.00  1   H  2.23285e+18  -0.125  -0.673  1.00000e+11
OBS: 5999609  53701.531     3.23   2.0230e+03   8.3281e+02   1.4216e+03   1  H  0.63  1   H  8.32470e+17  -0.029  -0.347  1.00000e+11
OBS: 5999609  53701.539     3.24   2.0220e+03   1.1338e+03   1.6613e+03   1  H  0.25  1   H  1.13361e+18  -0.029  -0.348  1.00000e+11
OBS: 5999609  53705.488     7.19   1.5743e+03   2.0529e+03   1.0499e+03   1  H  0.25  1   H  2.39046e+18  0.137  -0.763  1.00000e+11
OBS: 5999609  53705.488     7.19   1.5743e+03   8.3004e+02   1.2423e+03   1  H  0.31  1   H  9.66533e+17  0.137  -0.763  1.00000e+11
OBS: 5999609  53710.520    12.22   1.2730e+03   2.7581e+03   1.3654e+03   1  H  1.25  1   H  3.66918e+18  0.281  -0.600  1.00000e+11
OBS: 5999609  53710.520    12.22   1.2730e+03   9.0395e+01   1.4642e+03   1  H  0.61  1   H  1.20256e+17  0.281  -0.600  1.00000e+11
OBS: 5999609  53714.539    16.24   1.3246e+03   2.3280e+03   1.6801e+03   1  H  0.39  1   H  3.17249e+18  0.308  0.052  1.00000e+11
OBS: 5999609  53714.551    16.25   1.3250e+03   4.7090e+03   1.7012e+03   1  H  4.05  1   H  6.41707e+18  0.308  0.052  1.00000e+11
OBS: 5999609  53639.305   -59.00   0.0000e+00   0.0000e+00   0.0000e+00   0  H  0.00  1   !  -9.99000e+02  -99.000  -99.000  -999
OBS: 5999609  53641.305   -57.00   0.0000e+00   0.0000e+00   0.0000e+00   0  H  0.00  1   !  -9.99000e+02  -99.000  -99.000  -999
OBS: 5999609  53643.305   -55.00   0.0000e+00   0.0000e+00   0.0000e+00   0  H  0.00  1   !  -9.99000e+02  -99.000  -99.000  -999
OBS: 5999609  53645.305   -53.00   0.0000e+00   0.0000e+00   0.0000e+00   0  H  0.00  1   !  -9.99000e+02  -99.000  -99.000  -999
OBS: 5999609  53647.305   -51.00   0.0000e+00   0.0000e+00   0.0000e+00   0  H  0.00  1   !  -9.99000e+02  -99.000  -99.000  -999
OBS: 5999609  53649.305   -49.00   0.0000e+00   0.0000e+00   0.0000e+00   0  H  0.00  1   !  -9.99000e+02  -99.000  -99.000  -999
OBS: 5999609  53651.305   -47.00   0.0000e+00   0.0000e+00   0.0000e+00   0  H  0.00  1   !  -9.99000e+02  -99.000  -99.000  -999
OBS: 5999609  53653.305   -45.00   0.0000e+00   0.0000e+00   0.0000e+00   0  H  0.00  1   !  -9.99000e+02  -99.000  -99.000  -999
OBS: 5999609  53655.305   -43.00   0.0000e+00   0.0000e+00   0.0000e+00   0  H  0.00  1   !  -9.99000e+02  -99.000  -99.000  -999
OBS: 5999609  53657.305   -41.00   0.0000e+00   0.0000e+00   0.0000e+00   0  H  0.00  1   !  -9.99000e+02  -99.000  -99.000  -999
OBS: 5999609  53659.305   -39.00   0.0000e+00   0.0000e+00   0.0000e+00   0  H  0.00  1   !  -9.99000e+02  -99.000  -99.000  -999
OBS: 5999609  53661.305   -37.00   0.0000e+00   0.0000e+00   0.0000e+00   0  H  0.00  1   !  -9.99000e+02  -99.000  -99.000  -999
OBS: 5999609  53663.305   -35.00   0.0000e+00   0.0000e+00   0.0000e+00   0  H  0.00  1   !  -9.99000e+02  -99.000  -99.000  -999
OBS: 5999609  53665.305   -33.00   0.0000e+00   0.0000e+00   0.0000e+00   0  H  0.00  1   !  -9.99000e+02  -99.000  -99.000  -999
OBS: 5999609  53667.305   -31.00   0.0000e+00   0.0000e+00   0.0000e+00   0  H  0.00  1   !  -9.99000e+02  -99.000  -99.000  -999
OBS: 5999609  53669.305   -29.00   0.0000e+00   0.0000e+00   0.0000e+00   0  H  0.00  1   !  -9.99000e+02  -99.000  -99.000  -999
OBS: 5999609  53671.305   -27.00   0.0000e+00   0.0000e+00   0.0000e+00   0  H  0.00  1   !  -9.99000e+02  -99.000  -99.000  -999
OBS: 5999609  53673.305   -25.00   0.0000e+00   0.0000e+00   0.0000e+00   0  H  0.00  1   !  -9.99000e+02  -99.000  -99.000  -999
OBS: 5999609  53675.305   -23.00   0.0000e+00   0.0000e+00   0.0000e+00   0  H  0.00  1   !  -9.99000e+02  -99.000  -99.000  -999
OBS: 5999609  53677.305   -21.00   0.0000e+00   3.7726e+02   2.2708e+02   0  H  0.00  1   !  -9.99000e+02  -99.000  -99.000  -999
OBS: 5999609  53679.305   -19.00   0.0000e+00   4.1917e+02   2.5230e+02   0  H  0.00  1   !  -9.99000e+02  -99.000  -99.000  -999
OBS: 5999609  53681.305   -17.00   0.0000e+00   4.1873e+02   2.5204e+02   0  H  0.00  1   !  -9.99000e+02  -99.000  -99.000  -999
OBS: 5999609  53683.305   -15.00   0.0000e+00   6.6983e+02   1.6906e+02   0  H  0.00  1   !  -9.99000e+02  -99.000  -99.000  -999
OBS: 5999609  53685.305   -13.00   0.0000e+00   1.1989e+03   1.0505e+02   0  H  0.00  1   !  -9.99000e+02  -99.000  -99.000  -999
OBS: 5999609  53687.305   -11.00   0.0000e+00   1.7445e+03   8.1269e+01   0  H  0.00  1   !  -9.99000e+02  -99.000  -99.000  -999
OBS: 5999609  53689.305    -9.00   0.0000e+00   2.2168e+03   7.5277e+01   0  H  0.00  1   !  -9.99000e+02  -99.000  -99.000  -999
OBS: 5999609  53691.305    -7.00   0.0000e+00   2.5461e+03   6.2403e+01   0  H  0.00  1   !  -9.99000e+02  -99.000  -99.000  -999
OBS: 5999609  53693.305    -5.00   0.0000e+00   2.6591e+03   5.4240e+01   0  H  0.00  1   !  -9.99000e+02  -99.000  -99.000  -999
OBS: 5999609  53695.305    -3.00   0.0000e+00   2.5826e+03   5.4212e+01   0  H  0.00  1   !  -9.99000e+02  -99.000  -99.000  -999
OBS: 5999609  53697.305    -1.00   0.0000e+00   2.3364e+03   5.4155e+01   0  H  0.00  1   !  -9.99000e+02  -99.000  -99.000  -999
OBS: 5999609  53699.305     1.00   0.0000e+00   2.1253e+03   5.3141e+01   0  H  0.00  1   !  -9.99000e+02  -99.000  -99.000  -999
OBS: 5999609  53701.305     3.00   0.0000e+00   1.9789e+03   5.5044e+01   0  H  0.00  1   !  -9.99000e+02  -99.000  -99.000  -999
OBS: 5999609  53703.305     5.00   0.0000e+00   1.7767e+03   5.5060e+01   0  H  0.00  1   !  -9.99000e+02  -99.000  -99.000  -999
OBS: 5999609  53705.305     7.00   0.0000e+00   1.5485e+03   5.2934e+01   0  H  0.00  1   !  -9.99000e+02  -99.000  -99.000  -999
OBS: 5999609  53707.305     9.00   0.0000e+00   1.3550e+03   4.8977e+01   0  H  0.00  1   !  -9.99000e+02  -99.000  -99.000  -999
OBS: 5999609  53709.305    11.00   0.0000e+00   1.2556e+03   4.3166e+01   0  H  0.00  1   !  -9.99000e+02  -99.000  -99.000  -999
OBS: 5999609  53711.305    13.00   0.0000e+00   1.2246e+03   3.7778e+01   0  H  0.00  1   !  -9.99000e+02  -99.000  -99.000  -999
OBS: 5999609  53713.305    15.00   0.0000e+00   1.2399e+03   3.7015e+01   0  H  0.00  1   !  -9.99000e+02  -99.000  -99.000  -999
OBS: 5999609  53715.305    17.00   0.0000e+00   1.3163e+03   4.1293e+01   0  H  0.00  1   !  -9.99000e+02  -99.000  -99.000  -999
OBS: 5999609  53717.305    19.00   0.0000e+00   1.4138e+03   4.6714e+01   0  H  0.00  1   !  -9.99000e+02  -99.000  -99.000  -999
OBS: 5999609  53719.305    21.00   0.0000e+00   1.5115e+03   4.9512e+01   0  H  0.00  1   !  -9.99000e+02  -99.000  -99.000  -999
OBS: 5999609  53721.305    23.00   0.0000e+00   1.5825e+03   4.9088e+01   0  H  0.00  1   !  -9.99000e+02  -99.000  -99.000  -999
OBS: 5999609  53723.305    25.00   0.0000e+00   1.6428e+03   4.6551e+01   0  H  0.00  1   !  -9.99000e+02  -99.000  -99.000  -999
OBS: 5999609  53725.305    27.00   0.0000e+00   1.7186e+03   4.2023e+01   0  H  0.00  1   !  -9.99000e+02  -99.000  -99.000  -999
OBS: 5999609  53727.305    29.00   0.0000e+00   1.7830e+03   4.2325e+01   0  H  0.00  1   !  -9.99000e+02  -99.000  -99.000  -999
OBS: 5999609  53729.305    31.00   0.0000e+00   1.8606e+03   5.0499e+01   0  H  0.00  1   !  -9.99000e+02  -99.000  -99.000  -999
OBS: 5999609  53731.305    33.00   0.0000e+00   1.9065e+03   5.8102e+01   0  H  0.00  1   !  -9.99000e+02  -99.000  -99.000  -999
OBS: 5999609  53733.305    35.00   0.0000e+00   1.9171e+03   6.3045e+01   0  H  0.00  1   !  -9.99000e+02  -99.000  -99.000  -999
OBS: 5999609  53735.305    37.00   0.0000e+00   1.8762e+03   6.6613e+01   0  H  0.00  1   !  -9.99000e+02  -99.000  -99.000  -999
OBS: 5999609  53737.305    39.00   0.0000e+00   1.7666e+03   7.1233e+01   0  H  0.00  1   !  -9.99000e+02  -99.000  -99.000  -999
OBS: 5999609  53739.305    41.00   0.0000e+00   1.6193e+03   7.0301e+01   0  H  0.00  1   !  -9.99000e+02  -99.000  -99.000  -999
OBS: 5999609  53741.305    43.00   0.0000e+00   1.4338e+03   6.7251e+01   0  H  0.00  1   !  -9.99000e+02  -99.000  -99.000  -999
OBS: 5999609  53743.305    45.00   0.0000e+00   1.2311e+03   6.4644e+01   0  H  0.00  1   !  -9.99000e+02  -99.000  -99.000  -999
OBS: 5999609  53745.305    47.00   0.0000e+00   1.0819e+03   5.8668e+01   0  H  0.00  1   !  -9.99000e+02  -99.000  -99.000  -999
OBS: 5999609  53747.305    49.00   0.0000e+00   9.8324e+02   5.5799e+01   0  H  0.00  1   !  -9.99000e+02  -99.000  -99.000  -999
OBS: 5999609  53749.305    51.00   0.0000e+00   9.0381e+02   6.2660e+01   0  H  0.00  1   !  -9.99000e+02  -99.000  -99.000  -999
OBS: 5999609  53751.305    53.00   0.0000e+00   8.2397e+02   7.2699e+01   0  H  0.00  1   !  -9.99000e+02  -99.000  -99.000  -999
OBS: 5999609  53753.305    55.00   0.0000e+00   7.4653e+02   4.4934e+02   0  H  0.00  1   !  -9.99000e+02  -99.000  -99.000  -999
OBS: 5999609  53755.305    57.00   0.0000e+00   6.7826e+02   4.0825e+02   0  H  0.00  1   !  -9.99000e+02  -99.000  -99.000  -999
OBS: 5999609  53757.305    59.00   0.0000e+00   6.2521e+02   3.7632e+02   0  H  0.00  1   !  -9.99000e+02  -99.000  -99.000  -999
OBS: 5999609  53759.305    61.00   0.0000e+00   5.7731e+02   3.4749e+02   0  H  0.00  1   !  -9.99000e+02  -99.000  -99.000  -999
OBS: 5999609  53761.305    63.00   0.0000e+00   5.3584e+02   3.2253e+02   0  H  0.00  1   !  -9.99000e+02  -99.000  -99.000  -999
OBS: 5999609  53763.305    65.00   0.0000e+00   4.7861e+02   2.8808e+02   0  H  0.00  1   !  -9.99000e+02  -99.000  -99.000  -999
OBS: 5999609  53765.305    67.00   0.0000e+00   3.9638e+02   2.3858e+02   0  H  0.00  1   !  -9.99000e+02  -99.000  -99.000  -999
OBS: 5999609  53767.305    69.00   0.0000e+00   3.3657e+02   2.0258e+02   0  H  0.00  1   !  -9.99000e+02  -99.000  -99.000  -999
OBS: 5999609  53769.305    71.00   0.0000e+00   2.9409e+02   1.7702e+02   0  H  0.00  1   !  -9.99000e+02  -99.000  -99.000  -999
OBS: 5999609  53771.305    73.00   0.0000e+00   2.6419e+02   1.5902e+02   0  H  0.00  1   !  -9.99000e+02  -99.000  -99.000  -999
OBS: 5999609  53773.305    75.00   0.0000e+00   2.4198e+02   1.4565e+02   0  H  0.00  1   !  -9.99000e+02  -99.000  -99.000  -999
OBS: 5999609  53775.305    77.00   0.0000e+00   2.2200e+02   1.3363e+02   0  H  0.00  1   !  -9.99000e+02  -99.000  -99.000  -999
OBS: 5999609  53777.305    79.00   0.0000e+00   2.0300e+02   1.2219e+02   0  H  0.00  1   !  -9.99000e+02  -99.000  -99.000  -999
OBS: 5999609  53779.305    81.00   0.0000e+00   1.8844e+02   1.1343e+02   0  H  0.00  1   !  -9.99000e+02  -99.000  -99.000  -999
OBS: 5999609  53781.305    83.00   0.0000e+00   1.7548e+02   1.0562e+02   0  H  0.00  1   !  -9.99000e+02  -99.000  -99.000  -999
OBS: 5999609  53783.305    85.00   0.0000e+00   1.6350e+02   9.8411e+01   0  H  0.00  1   !  -9.99000e+02  -99.000  -99.000  -999
OBS: 5999609  53785.305    87.00   0.0000e+00   1.5246e+02   9.1767e+01   0  H  0.00  1   !  -9.99000e+02  -99.000  -99.000  -999
OBS: 5999609  53787.305    89.00   0.0000e+00   1.4237e+02   8.5692e+01   0  H  0.00  1   !  -9.99000e+02  -99.000  -99.000  -999
OBS: 5999609  53789.305    91.00   0.0000e+00   1.3322e+02   8.0186e+01   0  H  0.00  1   !  -9.99000e+02  -99.000  -99.000  -999
OBS: 5999609  53791.305    93.00   0.0000e+00   1.2348e+02   7.4327e+01   0  H  0.00  1   !  -9.99000e+02  -99.000  -99.000  -999
OBS: 5999609  53793.305    95.00   0.0000e+00   1.1442e+02   6.8869e+01   0  H  0.00  1   !  -9.99000e+02  -99.000  -99.000  -999
OBS: 5999609  53795.305    97.00   0.0000e+00   1.0602e+02   6.3812e+01   0  H  0.00  1   !  -9.99000e+02  -99.000  -99.000  -999
OBS: 5999609  53797.305    99.00   0.0000e+00   9.8229e+01   5.9125e+01   0  H  0.00  1   !  -9.99000e+02  -99.000  -99.000  -999
OBS: 5999609  53799.305   101.00   0.0000e+00   9.1012e+01   5.4781e+01   0  H  0.00  1   !  -9.99000e+02  -99.000  -99.000  -999
OBS: 5999609  53801.305   103.00   0.0000e+00   8.4324e+01   5.0756e+01   0  H  0.00  1   !  -9.99000e+02  -99.000  -99.000  -999
OBS: 5999609  53803.305   105.00   0.0000e+00   7.8126e+01   4.7025e+01   0  H  0.00  1   !  -9.99000e+02  -99.000  -99.000  -999
OBS: 5999609  53805.305   107.00   0.0000e+00   7.2383e+01   4.3568e+01   0  H  0.00  1   !  -9.99000e+02  -99.000  -99.000  -999
OBS: 5999609  53807.305   109.00   0.0000e+00   6.7060e+01   4.0364e+01   0  H  0.00  1   !  -9.99000e+02  -99.000  -99.000  -999
OBS: 5999609  53809.305   111.00   0.0000e+00   6.2129e+01   3.7396e+01   0  H  0.00  1   !  -9.99000e+02  -99.000  -99.000  -999
OBS: 5999609  53811.305   113.00   0.0000e+00   5.7558e+01   3.4645e+01   0  H  0.00  1   !  -9.99000e+02  -99.000  -99.000  -999
OBS: 5999609  53813.305   115.00   0.0000e+00   5.3324e+01   3.2096e+01   0  H  0.00  1   !  -9.99000e+02  -99.000  -99.000  -999
OBS: 5999609  53815.305   117.00   0.0000e+00   4.9399e+01   2.9734e+01   0  H  0.00  1   !  -9.99000e+02  -99.000  -99.000  -999
OBS: 5999609  53817.305   119.00   0.0000e+00   4.5763e+01   2.7545e+01   0  H  0.00  1   !  -9.99000e+02  -99.000  -99.000  -999
OBS: 5999609  53819.305   121.00   0.0000e+00   4.2394e+01   2.5518e+01   0  H  0.00  1   !  -9.99000e+02  -99.000  -99.000  -999
OBS: 5999609  53821.305   123.00   0.0000e+00   3.9272e+01   2.3639e+01   0  H  0.00  1   !  -9.99000e+02  -99.000  -99.000  -999
OBS: 5999609  53823.305   125.00   0.0000e+00   3.6380e+01   2.1898e+01   0  H  0.00  1   !  -9.99000e+02  -99.000  -99.000  -999
OBS: 5999609  53825.305   127.00   0.0000e+00   3.3700e+01   2.0284e+01   0  H  0.00  1   !  -9.99000e+02  -99.000  -99.000  -999
OBS: 5999609  53827.305   129.00   0.0000e+00   3.1217e+01   1.8790e+01   0  H  0.00  1   !  -9.99000e+02  -99.000  -99.000  -999
OBS: 5999609  53829.305   131.00   0.0000e+00   2.8916e+01   1.7405e+01   0  H  0.00  1   !  -9.99000e+02  -99.000  -99.000  -999
OBS: 5999609  53831.305   133.00   0.0000e+00   2.6785e+01   1.6122e+01   0  H  0.00  1   !  -9.99000e+02  -99.000  -99.000  -999
OBS: 5999609  53833.305   135.00   0.0000e+00   2.4810e+01   1.4933e+01   0  H  0.00  1   !  -9.99000e+02  -99.000  -99.000  -999
OBS: 5999609  53835.305   137.00   0.0000e+00   2.2981e+01   1.3832e+01   0  H  0.00  1   !  -9.99000e+02  -99.000  -99.000  -999
OBS: 5999609  53837.305   139.00   0.0000e+00   2.1285e+01   1.2812e+01   0  H  0.00  1   !  -9.99000e+02  -99.000  -99.000  -999
