VARNAMES: CID MJD Tobs SIM_FLUXCAL FLUXCAL FLUXCAL_ERR DATAFLAG BAND CHI2 IFIT BAND_REST FLUX_REST KCOR AVWARP SIM_FLUX_REST 
OBS: 5999819  53688.520    -9.77   2.7114e+03   2.4025e+03   9.4054e+02   1  J  0.00  1   J  2.06412e+18  -0.156  0.695  1.00000e+11
OBS: 5999819  53688.531    -9.76   2.7143e+03   2.9803e+03   8.0894e+02   1  J  0.39  1   J  2.56080e+18  -0.156  0.694  1.00000e+11
OBS: 5999819  53691.531    -6.76   3.2311e+03   2.7476e+03   9.0736e+02   1  J  0.04  1   J  2.40406e+18  -0.136  0.248  1.00000e+11
OBS: 5999819  53691.531    -6.76   3.2311e+03   2.3566e+03   1.0115e+03   1  J  0.33  1   J  2.06199e+18  -0.136  0.248  1.00000e+11
OBS: 5999819  53693.531    -4.76   3.3447e+03   2.5025e+03   1.2571e+03   1  J  0.18  1   J  2.19479e+18  -0.134  0.138  1.00000e+11
OBS: 5999819  53693.539    -4.75   3.3448e+03   4.6096e+03   9.3297e+02   1  J  2.81  1   J  4.04290e+18  -0.134  0.137  1.00000e+11
OBS: 5999819  53696.480    -1.81   3.1676e+03   4.6239e+03   8.5380e+02   1  J  4.15  1   J  4.05928e+18  -0.133  0.150  1.00000e+11
OBS: 5999819  53696.488    -1.80   3.1665e+03   3.8571e+03   8.5347e+02   1  J  1.30  1   J  3.38595e+18  -0.133  0.151  1.00000e+11
OBS: 5999819  53701.531     3.24   2.2717e+03   1.6673e+03   9.4743e+02   1  J  0.18  1   J  1.53829e+18  -0.079  1.002  1.00000e+11
OBS: 5999819  53701.539     3.25   2.2698e+03   1.2546e+03   1.0087e+03   1  J  0.64  1   J  1.15747e+18  -0.079  1.004  1.00000e+11
OBS: 5999819  53705.488     7.20   1.5417e+03   3.3882e+03   8.1814e+02   1  J  5.87  1   J  2.97913e+18  -0.131  1.473  1.00000e+11
OBS: 5999819  53705.488     7.20   1.5417e+03   2.0304e+03   6.4445e+02   1  J  0.94  1   J  1.78525e+18  -0.131  1.473  1.00000e+11
OBS: 5999819  53710.520    12.23   9.1332e+02   2.0321e+02   1.2126e+03   1  J  0.27  1   J  1.65059e+17  -0.217  0.529  1.00000e+11
OBS: 5999819  53710.520    12.23   9.1332e+02   2.4530e+03   1.1722e+03   1  J  1.91  1   J  1.99248e+18  -0.217  0.529  1.00000e+11
OBS: 5999819  53714.539    16.25   8.6581e+02   1.3699e+03   8.8630e+02   1  J  0.43  1   J  1.00391e+18  -0.329  0.133  1.00000e+11
OBS: 5999819  53714.551    16.26   8.6595e+02   7.8841e+02   8.5570e+02   1  J  0.00  1   J  5.77777e+17  -0.329  0.134  1.00000e+11
OBS: 5999819  53718.531    20.24   9.4912e+02   1.0968e+03   7.7872e+02   1  J  0.09  1   J  7.91186e+17  -0.346  0.469  1.00000e+11
OBS: 5999819  53718.539    20.25   9.4943e+02   5.4058e+02   7.6200e+02   1  J  0.18  1   J  3.89912e+17  -0.346  0.469  1.00000e+11
OBS: 5999819  53639.289   -59.00   0.0000e+00   0.0000e+00   0.0000e+00   0  J  0.00  1   !  -9.99000e+02  -99.000  -99.000  -999
OBS: 5999819  53641.289   -57.00   0.0000e+00   0.0000e+00   0.0000e+00   0  J  0.00  1   !  -9.99000e+02  -99.000  -99.000  -999
OBS: 5999819  53643.289   -55.00   0.0000e+00   0.0000e+00   0.0000e+00   0  J  0.00  1   !  -9.99000e+02  -99.000  -99.000  -999
OBS: 5999819  53645.289   -53.00   0.0000e+00   0.0000e+00   0.0000e+00   0  J  0.00  1   !  -9.99000e+02  -99.000  -99.000  -999
OBS: 5999819  53647.289   -51.00   0.0000e+00   0.0000e+00   0.0000e+00   0  J  0.00  1   !  -9.99000e+02  -99.000  -99.000  -999
OBS: 5999819  53649.289   -49.00   0.0000e+00   0.0000e+00   0.0000e+00   0  J  0.00  1   !  -9.99000e+02  -99.000  -99.000  -999
OBS: 5999819  53651.289   -47.00   0.0000e+00   0.0000e+00   0.0000e+00   0  J  0.00  1   !  -9.99000e+02  -99.000  -99.000  -999
OBS: 5999819  53653.289   -45.00   0.0000e+00   0.0000e+00   0.0000e+00   0  J  0.00  1   !  -9.99000e+02  -99.000  -99.000  -999
OBS: 5999819  53655.289   -43.00   0.0000e+00   0.0000e+00   0.0000e+00   0  J  0.00  1   !  -9.99000e+02  -99.000  -99.000  -999
OBS: 5999819  53657.289   -41.00   0.0000e+00   0.0000e+00   0.0000e+00   0  J  0.00  1   !  -9.99000e+02  -99.000  -99.000  -999
OBS: 5999819  53659.289   -39.00   0.0000e+00   0.0000e+00   0.0000e+00   0  J  0.00  1   !  -9.99000e+02  -99.000  -99.000  -999
OBS: 5999819  53661.289   -37.00   0.0000e+00   0.0000e+00   0.0000e+00   0  J  0.00  1   !  -9.99000e+02  -99.000  -99.000  -999
OBS: 5999819  53663.289   -35.00   0.0000e+00   0.0000e+00   0.0000e+00   0  J  0.00  1   !  -9.99000e+02  -99.000  -99.000  -999
OBS: 5999819  53665.289   -33.00   0.0000e+00   0.0000e+00   0.0000e+00   0  J  0.00  1   !  -9.99000e+02  -99.000  -99.000  -999
OBS: 5999819  53667.289   -31.00   0.0000e+00   0.0000e+00   0.0000e+00   0  J  0.00  1   !  -9.99000e+02  -99.000  -99.000  -999
OBS: 5999819  53669.289   -29.00   0.0000e+00   0.0000e+00   0.0000e+00   0  J  0.00  1   !  -9.99000e+02  -99.000  -99.000  -999
OBS: 5999819  53671.289   -27.00   0.0000e+00   0.0000e+00   0.0000e+00   0  J  0.00  1   !  -9.99000e+02  -99.000  -99.000  -999
OBS: 5999819  53673.289   -25.00   0.0000e+00   0.0000e+00   0.0000e+00   0  J  0.00  1   !  -9.99000e+02  -99.000  -99.000  -999
OBS: 5999819  53675.289   -23.00   0.0000e+00   0.0000e+00   0.0000e+00   0  J  0.00  1   !  -9.99000e+02  -99.000  -99.000  -999
OBS: 5999819  53677.289   -21.00   0.0000e+00   5.0646e+02   3.0484e+02   0  J  0.00  1   !  -9.99000e+02  -99.000  -99.000  -999
OBS: 5999819  53679.289   -19.00   0.0000e+00   5.8085e+02   3.4962e+02   0  J  0.00  1   !  -9.99000e+02  -99.000  -99.000  -999
OBS: 5999819  53681.289   -17.00   0.0000e+00   5.8254e+02   3.5064e+02   0  J  0.00  1   !  -9.99000e+02  -99.000  -99.000  -999
OBS: 5999819  53683.289   -15.00   0.0000e+00   8.6198e+02   2.0934e+02   0  J  0.00  1   !  -9.99000e+02  -99.000  -99.000  -999
OBS: 5999819  53685.289   -13.00   0.0000e+00   1.5157e+03   8.4147e+01   0  J  0.00  1   !  -9.99000e+02  -99.000  -99.000  -999
OBS: 5999819  53687.289   -11.00   0.0000e+00   2.1464e+03   7.3240e+01   0  J  0.00  1   !  -9.99000e+02  -99.000  -99.000  -999
OBS: 5999819  53689.289    -9.00   0.0000e+00   2.6282e+03   7.3766e+01   0  J  0.00  1   !  -9.99000e+02  -99.000  -99.000  -999
OBS: 5999819  53691.289    -7.00   0.0000e+00   2.9165e+03   5.4596e+01   0  J  0.00  1   !  -9.99000e+02  -99.000  -99.000  -999
OBS: 5999819  53693.289    -5.00   0.0000e+00   3.0414e+03   4.6176e+01   0  J  0.00  1   !  -9.99000e+02  -99.000  -99.000  -999
OBS: 5999819  53695.289    -3.00   0.0000e+00   2.9859e+03   4.9572e+01   0  J  0.00  1   !  -9.99000e+02  -99.000  -99.000  -999
OBS: 5999819  53697.289    -1.00   0.0000e+00   2.7984e+03   5.0505e+01   0  J  0.00  1   !  -9.99000e+02  -99.000  -99.000  -999
OBS: 5999819  53699.289     1.00   0.0000e+00   2.4709e+03   4.8266e+01   0  J  0.00  1   !  -9.99000e+02  -99.000  -99.000  -999
OBS: 5999819  53701.289     3.00   0.0000e+00   2.1091e+03   4.7372e+01   0  J  0.00  1   !  -9.99000e+02  -99.000  -99.000  -999
OBS: 5999819  53703.289     5.00   0.0000e+00   1.7740e+03   4.5539e+01   0  J  0.00  1   !  -9.99000e+02  -99.000  -99.000  -999
OBS: 5999819  53705.289     7.00   0.0000e+00   1.4362e+03   4.7189e+01   0  J  0.00  1   !  -9.99000e+02  -99.000  -99.000  -999
OBS: 5999819  53707.289     9.00   0.0000e+00   1.1344e+03   5.2557e+01   0  J  0.00  1   !  -9.99000e+02  -99.000  -99.000  -999
OBS: 5999819  53709.289    11.00   0.0000e+00   9.1800e+02   5.8141e+01   0  J  0.00  1   !  -9.99000e+02  -99.000  -99.000  -999
OBS: 5999819  53711.289    13.00   0.0000e+00   7.9970e+02   6.1014e+01   0  J  0.00  1   !  -9.99000e+02  -99.000  -99.000  -999
OBS: 5999819  53713.289    15.00   0.0000e+00   7.8098e+02   6.1976e+01   0  J  0.00  1   !  -9.99000e+02  -99.000  -99.000  -999
OBS: 5999819  53715.289    17.00   0.0000e+00   7.9710e+02   6.7100e+01   0  J  0.00  1   !  -9.99000e+02  -99.000  -99.000  -999
OBS: 5999819  53717.289    19.00   0.0000e+00   8.3713e+02   7.3380e+01   0  J  0.00  1   !  -9.99000e+02  -99.000  -99.000  -999
OBS: 5999819  53719.289    21.00   0.0000e+00   8.8557e+02   7.1240e+01   0  J  0.00  1   !  -9.99000e+02  -99.000  -99.000  -999
OBS: 5999819  53721.289    23.00   0.0000e+00   9.7605e+02   7.5903e+01   0  J  0.00  1   !  -9.99000e+02  -99.000  -99.000  -999
OBS: 5999819  53723.289    25.00   0.0000e+00   1.0932e+03   7.6298e+01   0  J  0.00  1   !  -9.99000e+02  -99.000  -99.000  -999
OBS: 5999819  53725.289    27.00   0.0000e+00   1.2083e+03   7.0836e+01   0  J  0.00  1   !  -9.99000e+02  -99.000  -99.000  -999
OBS: 5999819  53727.289    29.00   0.0000e+00   1.3075e+03   7.8576e+01   0  J  0.00  1   !  -9.99000e+02  -99.000  -99.000  -999
OBS: 5999819  53729.289    31.00   0.0000e+00   1.3771e+03   8.3933e+01   0  J  0.00  1   !  -9.99000e+02  -99.000  -99.000  -999
OBS: 5999819  53731.289    33.00   0.0000e+00   1.4393e+03   8.0662e+01   0  J  0.00  1   !  -9.99000e+02  -99.000  -99.000  -999
OBS: 5999819  53733.289    35.00   0.0000e+00   1.5121e+03   8.2234e+01   0  J  0.00  1   !  -9.99000e+02  -99.000  -99.000  -999
OBS: 5999819  53735.289    37.00   0.0000e+00   1.5074e+03   8.5070e+01   0  J  0.00  1   !  -9.99000e+02  -99.000  -99.000  -999
OBS: 5999819  53737.289    39.00   0.0000e+00   1.3931e+03   9.9384e+01   0  J  0.00  1   !  -9.99000e+02  -99.000  -99.000  -999
OBS: 5999819  53739.289    41.00   0.0000e+00   1.2175e+03   9.9262e+01   0  J  0.00  1   !  -9.99000e+02  -99.000  -99.000  -999
OBS: 5999819  53741.289    43.00   0.0000e+00   1.0231e+03   9.8343e+01   0  J  0.00  1   !  -9.99000e+02  -99.000  -99.000  -999
OBS: 5999819  53743.289    45.00   0.0000e+00   8.5484e+02   9.7173e+01   0  J  0.00  1   !  -9.99000e+02  -99.000  -99.000  -999
OBS: 5999819  53745.289    47.00   0.0000e+00   7.5914e+02   9.8062e+01   0  J  0.00  1   !  -9.99000e+02  -99.000  -99.000  -999
OBS: 5999819  53747.289    49.00   0.0000e+00   7.0592e+02   1.0503e+02   0  J  0.00  1   !  -9.99000e+02  -99.000  -99.000  -999
OBS: 5999819  53749.289    51.00   0.0000e+00   6.4893e+02   1.4768e+02   0  J  0.00  1   !  -9.99000e+02  -99.000  -99.000  -999
OBS: 5999819  53751.289    53.00   0.0000e+00   5.8157e+02   1.8498e+02   0  J  0.00  1   !  -9.99000e+02  -99.000  -99.000  -999
OBS: 5999819  53753.289    55.00   0.0000e+00   5.2211e+02   3.1427e+02   0  J  0.00  1   !  -9.99000e+02  -99.000  -99.000  -999
OBS: 5999819  53755.289    57.00   0.0000e+00   4.7101e+02   2.8351e+02   0  J  0.00  1   !  -9.99000e+02  -99.000  -99.000  -999
OBS: 5999819  53757.289    59.00   0.0000e+00   4.1920e+02   2.5232e+02   0  J  0.00  1   !  -9.99000e+02  -99.000  -99.000  -999
OBS: 5999819  53759.289    61.00   0.0000e+00   3.7289e+02   2.2445e+02   0  J  0.00  1   !  -9.99000e+02  -99.000  -99.000  -999
OBS: 5999819  53761.289    63.00   0.0000e+00   3.3545e+02   2.0191e+02   0  J  0.00  1   !  -9.99000e+02  -99.000  -99.000  -999
OBS: 5999819  53763.289    65.00   0.0000e+00   2.8157e+02   1.6948e+02   0  J  0.00  1   !  -9.99000e+02  -99.000  -99.000  -999
OBS: 5999819  53765.289    67.00   0.0000e+00   2.3004e+02   1.3846e+02   0  J  0.00  1   !  -9.99000e+02  -99.000  -99.000  -999
OBS: 5999819  53767.289    69.00   0.0000e+00   1.9503e+02   1.1739e+02   0  J  0.00  1   !  -9.99000e+02  -99.000  -99.000  -999
OBS: 5999819  53769.289    71.00   0.0000e+00   1.6837e+02   1.0134e+02   0  J  0.00  1   !  -9.99000e+02  -99.000  -99.000  -999
OBS: 5999819  53771.289    73.00   0.0000e+00   1.4610e+02   8.7941e+01   0  J  0.00  1   !  -9.99000e+02  -99.000  -99.000  -999
OBS: 5999819  53773.289    75.00   0.0000e+00   1.2595e+02   7.5809e+01   0  J  0.00  1   !  -9.99000e+02  -99.000  -99.000  -999
OBS: 5999819  53775.289    77.00   0.0000e+00   1.0674e+02   6.4250e+01   0  J  0.00  1   !  -9.99000e+02  -99.000  -99.000  -999
OBS: 5999819  53777.289    79.00   0.0000e+00   8.9573e+01   5.3915e+01   0  J  0.00  1   !  -9.99000e+02  -99.000  -99.000  -999
OBS: 5999819  53779.289    81.00   0.0000e+00   8.0132e+01   4.8233e+01   0  J  0.00  1   !  -9.99000e+02  -99.000  -99.000  -999
OBS: 5999819  53781.289    83.00   0.0000e+00   7.1649e+01   4.3126e+01   0  J  0.00  1   !  -9.99000e+02  -99.000  -99.000  -999
OBS: 5999819  53783.289    85.00   0.0000e+00   6.4005e+01   3.8525e+01   0  J  0.00  1   !  -9.99000e+02  -99.000  -99.000  -999
OBS: 5999819  53785.289    87.00   0.0000e+00   5.7102e+01   3.4370e+01   0  J  0.00  1   !  -9.99000e+02  -99.000  -99.000  -999
OBS: 5999819  53787.289    89.00   0.0000e+00   5.0834e+01   3.0598e+01   0  J  0.00  1   !  -9.99000e+02  -99.000  -99.000  -999
OBS: 5999819  53789.289    91.00   0.0000e+00   4.5377e+01   2.7313e+01   0  J  0.00  1   !  -9.99000e+02  -99.000  -99.000  -999
OBS: 5999819  53791.289    93.00   0.0000e+00   4.0992e+01   2.4673e+01   0  J  0.00  1   !  -9.99000e+02  -99.000  -99.000  -999
OBS: 5999819  53793.289    95.00   0.0000e+00   3.7034e+01   2.2291e+01   0  J  0.00  1   !  -9.99000e+02  -99.000  -99.000  -999
OBS: 5999819  53795.289    97.00   0.0000e+00   3.3461e+01   2.0140e+01   0  J  0.00  1   !  -9.99000e+02  -99.000  -99.000  -999
OBS: 5999819  53797.289    99.00   0.0000e+00   3.0235e+01   1.8199e+01   0  J  0.00  1   !  -9.99000e+02  -99.000  -99.000  -999
OBS: 5999819  53799.289   101.00   0.0000e+00   2.7323e+01   1.6446e+01   0  J  0.00  1   !  -9.99000e+02  -99.000  -99.000  -999
OBS: 5999819  53801.289   103.00   0.0000e+00   2.4694e+01   1.4864e+01   0  J  0.00  1   !  -9.99000e+02  -99.000  -99.000  -999
OBS: 5999819  53803.289   105.00   0.0000e+00   2.2321e+01   1.3435e+01   0  J  0.00  1   !  -9.99000e+02  -99.000  -99.000  -999
OBS: 5999819  53805.289   107.00   0.0000e+00   2.0177e+01   1.2145e+01   0  J  0.00  1   !  -9.99000e+02  -99.000  -99.000  -999
OBS: 5999819  53807.289   109.00   0.0000e+00   1.8241e+01   1.0979e+01   0  J  0.00  1   !  -9.99000e+02  -99.000  -99.000  -999
OBS: 5999819  53809.289   111.00   0.0000e+00   1.6490e+01   9.9254e+00   0  J  0.00  1   !  -9.99000e+02  -99.000  -99.000  -999
OBS: 5999819  53811.289   113.00   0.0000e+00   1.4907e+01   8.9730e+00   0  J  0.00  1   !  -9.99000e+02  -99.000  -99.000  -999
OBS: 5999819  53813.289   115.00   0.0000e+00   1.3479e+01   8.1132e+00   0  J  0.00  1   !  -9.99000e+02  -99.000  -99.000  -999
OBS: 5999819  53815.289   117.00   0.0000e+00   1.2189e+01   7.3369e+00   0  J  0.00  1   !  -9.99000e+02  -99.000  -99.000  -999
OBS: 5999819  53817.289   119.00   0.0000e+00   1.1024e+01   6.6355e+00   0  J  0.00  1   !  -9.99000e+02  -99.000  -99.000  -999
OBS: 5999819  53819.289   121.00   0.0000e+00   9.9711e+00   6.0017e+00   0  J  0.00  1   !  -9.99000e+02  -99.000  -99.000  -999
OBS: 5999819  53821.289   123.00   0.0000e+00   8.9628e+00   5.3948e+00   0  J  0.00  1   !  -9.99000e+02  -99.000  -99.000  -999
OBS: 5999819  53823.289   125.00   0.0000e+00   7.9402e+00   4.7793e+00   0  J  0.00  1   !  -9.99000e+02  -99.000  -99.000  -999
OBS: 5999819  53825.289   127.00   0.0000e+00   7.0519e+00   4.2446e+00   0  J  0.00  1   !  -9.99000e+02  -99.000  -99.000  -999
OBS: 5999819  53827.289   129.00   0.0000e+00   6.4105e+00   3.8585e+00   0  J  0.00  1   !  -9.99000e+02  -99.000  -99.000  -999
OBS: 5999819  53829.289   131.00   0.0000e+00   5.8273e+00   3.5075e+00   0  J  0.00  1   !  -9.99000e+02  -99.000  -99.000  -999
OBS: 5999819  53831.289   133.00   0.0000e+00   5.2973e+00   3.1885e+00   0  J  0.00  1   !  -9.99000e+02  -99.000  -99.000  -999
OBS: 5999819  53833.289   135.00   0.0000e+00   4.8154e+00   2.8984e+00   0  J  0.00  1   !  -9.99000e+02  -99.000  -99.000  -999
OBS: 5999819  53835.289   137.00   0.0000e+00   4.3774e+00   2.6348e+00   0  J  0.00  1   !  -9.99000e+02  -99.000  -99.000  -999
OBS: 5999819  53837.289   139.00   0.0000e+00   3.9792e+00   2.3951e+00   0  J  0.00  1   !  -9.99000e+02  -99.000  -99.000  -999
OBS: 5999819  53688.520    -9.77   2.0603e+03   2.4571e+03   4.6211e+02   1  Y  0.63  1   Y  2.13252e+18  -0.145  -0.492  1.00000e+11
OBS: 5999819  53688.531    -9.76   2.0629e+03   1.2471e+03   4.3370e+02   1  Y  3.66  1   Y  1.08226e+18  -0.145  -0.494  1.00000e+11
OBS: 5999819  53691.531    -6.76   2.7541e+03   2.4271e+03   3.6984e+02   1  Y  0.93  1   Y  1.94288e+18  -0.233  -0.878  1.00000e+11
OBS: 5999819  53691.531    -6.76   2.7541e+03   3.0410e+03   4.5934e+02   1  Y  0.30  1   Y  2.43436e+18  -0.233  -0.878  1.00000e+11
OBS: 5999819  53693.531    -4.76   2.9412e+03   2.9562e+03   4.5491e+02   1  Y  0.00  1   Y  2.27032e+18  -0.278  -1.119  1.00000e+11
OBS: 5999819  53693.539    -4.75   2.9415e+03   3.0317e+03   5.2990e+02   1  Y  0.01  1   Y  2.32782e+18  -0.278  -1.120  1.00000e+11
OBS: 5999819  53696.480    -1.81   2.7137e+03   2.8661e+03   4.8859e+02   1  Y  0.06  1   Y  2.15356e+18  -0.302  -1.499  1.00000e+11
OBS: 5999819  53696.488    -1.80   2.7118e+03   2.6538e+03   3.5409e+02   1  Y  0.06  1   Y  1.99429e+18  -0.301  -1.500  1.00000e+11
OBS: 5999819  53701.531     3.24   1.9913e+03   2.6231e+03   5.8053e+02   1  Y  1.08  1   Y  1.88797e+18  -0.348  -1.708  1.00000e+11
OBS: 5999819  53701.539     3.25   1.9903e+03   1.3756e+03   4.1455e+02   1  Y  2.33  1   Y  9.89895e+17  -0.348  -1.708  1.00000e+11
OBS: 5999819  53705.488     7.20   1.6417e+03   1.6225e+03   3.9489e+02   1  Y  0.01  1   Y  1.12028e+18  -0.393  -1.847  1.00000e+11
OBS: 5999819  53705.488     7.20   1.6417e+03   1.3111e+03   4.3019e+02   1  Y  0.65  1   Y  9.05299e+17  -0.393  -1.847  1.00000e+11
OBS: 5999819  53710.520    12.23   1.5055e+03   1.2163e+03   4.0955e+02   1  Y  0.55  1   Y  8.39189e+17  -0.394  -1.462  1.00000e+11
OBS: 5999819  53710.520    12.23   1.5055e+03   1.1385e+03   3.9957e+02   1  Y  0.91  1   Y  7.85474e+17  -0.394  -1.462  1.00000e+11
OBS: 5999819  53714.539    16.25   1.6911e+03   1.8051e+03   3.8728e+02   1  Y  0.06  1   Y  1.24696e+18  -0.393  -0.865  1.00000e+11
OBS: 5999819  53714.551    16.26   1.6918e+03   2.0469e+03   3.4076e+02   1  Y  0.92  1   Y  1.41391e+18  -0.393  -0.865  1.00000e+11
OBS: 5999819  53718.531    20.24   1.9454e+03   2.0453e+03   3.2784e+02   1  Y  0.05  1   Y  1.42104e+18  -0.387  -0.836  1.00000e+11
OBS: 5999819  53718.539    20.25   1.9458e+03   1.5108e+03   3.4938e+02   1  Y  1.64  1   Y  1.04981e+18  -0.386  -0.836  1.00000e+11
OBS: 5999819  53639.289   -59.00   0.0000e+00   0.0000e+00   0.0000e+00   0  Y  0.00  1   !  -9.99000e+02  -99.000  -99.000  -999
OBS: 5999819  53641.289   -57.00   0.0000e+00   0.0000e+00   0.0000e+00   0  Y  0.00  1   !  -9.99000e+02  -99.000  -99.000  -999
OBS: 5999819  53643.289   -55.00   0.0000e+00   0.0000e+00   0.0000e+00   0  Y  0.00  1   !  -9.99000e+02  -99.000  -99.000  -999
OBS: 5999819  53645.289   -53.00   0.0000e+00   0.0000e+00   0.0000e+00   0  Y  0.00  1   !  -9.99000e+02  -99.000  -99.000  -999
OBS: 5999819  53647.289   -51.00   0.0000e+00   0.0000e+00   0.0000e+00   0  Y  0.00  1   !  -9.99000e+02  -99.000  -99.000  -999
OBS: 5999819  53649.289   -49.00   0.0000e+00   0.0000e+00   0.0000e+00   0  Y  0.00  1   !  -9.99000e+02  -99.000  -99.000  -999
OBS: 5999819  53651.289   -47.00   0.0000e+00   0.0000e+00   0.0000e+00   0  Y  0.00  1   !  -9.99000e+02  -99.000  -99.000  -999
OBS: 5999819  53653.289   -45.00   0.0000e+00   0.0000e+00   0.0000e+00   0  Y  0.00  1   !  -9.99000e+02  -99.000  -99.000  -999
OBS: 5999819  53655.289   -43.00   0.0000e+00   0.0000e+00   0.0000e+00   0  Y  0.00  1   !  -9.99000e+02  -99.000  -99.000  -999
OBS: 5999819  53657.289   -41.00   0.0000e+00   0.0000e+00   0.0000e+00   0  Y  0.00  1   !  -9.99000e+02  -99.000  -99.000  -999
OBS: 5999819  53659.289   -39.00   0.0000e+00   0.0000e+00   0.0000e+00   0  Y  0.00  1   !  -9.99000e+02  -99.000  -99.000  -999
OBS: 5999819  53661.289   -37.00   0.0000e+00   0.0000e+00   0.0000e+00   0  Y  0.00  1   !  -9.99000e+02  -99.000  -99.000  -999
OBS: 5999819  53663.289   -35.00   0.0000e+00   0.0000e+00   0.0000e+00   0  Y  0.00  1   !  -9.99000e+02  -99.000  -99.000  -999
OBS: 5999819  53665.289   -33.00   0.0000e+00   0.0000e+00   0.0000e+00   0  Y  0.00  1   !  -9.99000e+02  -99.000  -99.000  -999
OBS: 5999819  53667.289   -31.00   0.0000e+00   0.0000e+00   0.0000e+00   0  Y  0.00  1   !  -9.99000e+02  -99.000  -99.000  -999
OBS: 5999819  53669.289   -29.00   0.0000e+00   0.0000e+00   0.0000e+00   0  Y  0.00  1   !  -9.99000e+02  -99.000  -99.000  -999
OBS: 5999819  53671.289   -27.00   0.0000e+00   0.0000e+00   0.0000e+00   0  Y  0.00  1   !  -9.99000e+02  -99.000  -99.000  -999
OBS: 5999819  53673.289   -25.00   0.0000e+00   0.0000e+00   0.0000e+00   0  Y  0.00  1   !  -9.99000e+02  -99.000  -99.000  -999
OBS: 5999819  53675.289   -23.00   0.0000e+00   0.0000e+00   0.0000e+00   0  Y  0.00  1   !  -9.99000e+02  -99.000  -99.000  -999
OBS: 5999819  53677.289   -21.00   0.0000e+00   4.6387e+02   2.7921e+02   0  Y  0.00  1   !  -9.99000e+02  -99.000  -99.000  -999
OBS: 5999819  53679.289   -19.00   0.0000e+00   3.8208e+02   2.2998e+02   0  Y  0.00  1   !  -9.99000e+02  -99.000  -99.000  -999
OBS: 5999819  53681.289   -17.00   0.0000e+00   3.8031e+02   2.2891e+02   0  Y  0.00  1   !  -9.99000e+02  -99.000  -99.000  -999
OBS: 5999819  53683.289   -15.00   0.0000e+00   6.3412e+02   1.5333e+02   0  Y  0.00  1   !  -9.99000e+02  -99.000  -99.000  -999
OBS: 5999819  53685.289   -13.00   0.0000e+00   1.1966e+03   8.0362e+01   0  Y  0.00  1   !  -9.99000e+02  -99.000  -99.000  -999
OBS: 5999819  53687.289   -11.00   0.0000e+00   1.7599e+03   7.1686e+01   0  Y  0.00  1   !  -9.99000e+02  -99.000  -99.000  -999
OBS: 5999819  53689.289    -9.00   0.0000e+00   2.2858e+03   7.2864e+01   0  Y  0.00  1   !  -9.99000e+02  -99.000  -99.000  -999
OBS: 5999819  53691.289    -7.00   0.0000e+00   2.7496e+03   6.1274e+01   0  Y  0.00  1   !  -9.99000e+02  -99.000  -99.000  -999
OBS: 5999819  53693.289    -5.00   0.0000e+00   2.9701e+03   5.9576e+01   0  Y  0.00  1   !  -9.99000e+02  -99.000  -99.000  -999
OBS: 5999819  53695.289    -3.00   0.0000e+00   2.9229e+03   7.0181e+01   0  Y  0.00  1   !  -9.99000e+02  -99.000  -99.000  -999
OBS: 5999819  53697.289    -1.00   0.0000e+00   2.5923e+03   7.0025e+01   0  Y  0.00  1   !  -9.99000e+02  -99.000  -99.000  -999
OBS: 5999819  53699.289     1.00   0.0000e+00   2.2461e+03   6.2458e+01   0  Y  0.00  1   !  -9.99000e+02  -99.000  -99.000  -999
OBS: 5999819  53701.289     3.00   0.0000e+00   2.0361e+03   6.4456e+01   0  Y  0.00  1   !  -9.99000e+02  -99.000  -99.000  -999
OBS: 5999819  53703.289     5.00   0.0000e+00   1.8499e+03   7.0221e+01   0  Y  0.00  1   !  -9.99000e+02  -99.000  -99.000  -999
OBS: 5999819  53705.289     7.00   0.0000e+00   1.6781e+03   7.3733e+01   0  Y  0.00  1   !  -9.99000e+02  -99.000  -99.000  -999
OBS: 5999819  53707.289     9.00   0.0000e+00   1.5782e+03   7.3604e+01   0  Y  0.00  1   !  -9.99000e+02  -99.000  -99.000  -999
OBS: 5999819  53709.289    11.00   0.0000e+00   1.5342e+03   6.8606e+01   0  Y  0.00  1   !  -9.99000e+02  -99.000  -99.000  -999
OBS: 5999819  53711.289    13.00   0.0000e+00   1.5392e+03   6.9588e+01   0  Y  0.00  1   !  -9.99000e+02  -99.000  -99.000  -999
OBS: 5999819  53713.289    15.00   0.0000e+00   1.6279e+03   7.1446e+01   0  Y  0.00  1   !  -9.99000e+02  -99.000  -99.000  -999
OBS: 5999819  53715.289    17.00   0.0000e+00   1.7673e+03   7.2137e+01   0  Y  0.00  1   !  -9.99000e+02  -99.000  -99.000  -999
OBS: 5999819  53717.289    19.00   0.0000e+00   1.8959e+03   7.7178e+01   0  Y  0.00  1   !  -9.99000e+02  -99.000  -99.000  -999
OBS: 5999819  53719.289    21.00   0.0000e+00   1.9989e+03   8.5826e+01   0  Y  0.00  1   !  -9.99000e+02  -99.000  -99.000  -999
OBS: 5999819  53721.289    23.00   0.0000e+00   2.0374e+03   9.1714e+01   0  Y  0.00  1   !  -9.99000e+02  -99.000  -99.000  -999
OBS: 5999819  53723.289    25.00   0.0000e+00   2.1730e+03   8.9292e+01   0  Y  0.00  1   !  -9.99000e+02  -99.000  -99.000  -999
OBS: 5999819  53725.289    27.00   0.0000e+00   2.5003e+03   8.0632e+01   0  Y  0.00  1   !  -9.99000e+02  -99.000  -99.000  -999
OBS: 5999819  53727.289    29.00   0.0000e+00   2.8139e+03   7.7739e+01   0  Y  0.00  1   !  -9.99000e+02  -99.000  -99.000  -999
OBS: 5999819  53729.289    31.00   0.0000e+00   2.9447e+03   7.6682e+01   0  Y  0.00  1   !  -9.99000e+02  -99.000  -99.000  -999
OBS: 5999819  53731.289    33.00   0.0000e+00   2.9493e+03   7.4709e+01   0  Y  0.00  1   !  -9.99000e+02  -99.000  -99.000  -999
OBS: 5999819  53733.289    35.00   0.0000e+00   2.8474e+03   7.2126e+01   0  Y  0.00  1   !  -9.99000e+02  -99.000  -99.000  -999
OBS: 5999819  53735.289    37.00   0.0000e+00   2.6883e+03   7.0353e+01   0  Y  0.00  1   !  -9.99000e+02  -99.000  -99.000  -999
OBS: 5999819  53737.289    39.00   0.0000e+00   2.5530e+03   6.9134e+01   0  Y  0.00  1   !  -9.99000e+02  -99.000  -99.000  -999
OBS: 5999819  53739.289    41.00   0.0000e+00   2.3670e+03   6.9404e+01   0  Y  0.00  1   !  -9.99000e+02  -99.000  -99.000  -999
OBS: 5999819  53741.289    43.00   0.0000e+00   2.1388e+03   7.5452e+01   0  Y  0.00  1   !  -9.99000e+02  -99.000  -99.000  -999
OBS: 5999819  53743.289    45.00   0.0000e+00   1.9282e+03   7.4637e+01   0  Y  0.00  1   !  -9.99000e+02  -99.000  -99.000  -999
OBS: 5999819  53745.289    47.00   0.0000e+00   1.7618e+03   6.0500e+01   0  Y  0.00  1   !  -9.99000e+02  -99.000  -99.000  -999
OBS: 5999819  53747.289    49.00   0.0000e+00   1.6087e+03   5.3489e+01   0  Y  0.00  1   !  -9.99000e+02  -99.000  -99.000  -999
OBS: 5999819  53749.289    51.00   0.0000e+00   1.4496e+03   5.8774e+01   0  Y  0.00  1   !  -9.99000e+02  -99.000  -99.000  -999
OBS: 5999819  53751.289    53.00   0.0000e+00   1.2830e+03   6.5386e+01   0  Y  0.00  1   !  -9.99000e+02  -99.000  -99.000  -999
OBS: 5999819  53753.289    55.00   0.0000e+00   1.1164e+03   6.7195e+02   0  Y  0.00  1   !  -9.99000e+02  -99.000  -99.000  -999
OBS: 5999819  53755.289    57.00   0.0000e+00   9.8105e+02   5.9051e+02   0  Y  0.00  1   !  -9.99000e+02  -99.000  -99.000  -999
OBS: 5999819  53757.289    59.00   0.0000e+00   8.9261e+02   5.3727e+02   0  Y  0.00  1   !  -9.99000e+02  -99.000  -99.000  -999
OBS: 5999819  53759.289    61.00   0.0000e+00   8.1732e+02   4.9195e+02   0  Y  0.00  1   !  -9.99000e+02  -99.000  -99.000  -999
OBS: 5999819  53761.289    63.00   0.0000e+00   7.5882e+02   4.5674e+02   0  Y  0.00  1   !  -9.99000e+02  -99.000  -99.000  -999
OBS: 5999819  53763.289    65.00   0.0000e+00   6.7020e+02   4.0340e+02   0  Y  0.00  1   !  -9.99000e+02  -99.000  -99.000  -999
OBS: 5999819  53765.289    67.00   0.0000e+00   5.6732e+02   3.4148e+02   0  Y  0.00  1   !  -9.99000e+02  -99.000  -99.000  -999
OBS: 5999819  53767.289    69.00   0.0000e+00   4.8908e+02   2.9438e+02   0  Y  0.00  1   !  -9.99000e+02  -99.000  -99.000  -999
OBS: 5999819  53769.289    71.00   0.0000e+00   4.2903e+02   2.5824e+02   0  Y  0.00  1   !  -9.99000e+02  -99.000  -99.000  -999
OBS: 5999819  53771.289    73.00   0.0000e+00   3.8356e+02   2.3087e+02   0  Y  0.00  1   !  -9.99000e+02  -99.000  -99.000  -999
OBS: 5999819  53773.289    75.00   0.0000e+00   3.4919e+02   2.1018e+02   0  Y  0.00  1   !  -9.99000e+02  -99.000  -99.000  -999
OBS: 5999819  53775.289    77.00   0.0000e+00   3.2160e+02   1.9358e+02   0  Y  0.00  1   !  -9.99000e+02  -99.000  -99.000  -999
OBS: 5999819  53777.289    79.00   0.0000e+00   2.9733e+02   1.7897e+02   0  Y  0.00  1   !  -9.99000e+02  -99.000  -99.000  -999
OBS: 5999819  53779.289    81.00   0.0000e+00   2.6494e+02   1.5947e+02   0  Y  0.00  1   !  -9.99000e+02  -99.000  -99.000  -999
OBS: 5999819  53781.289    83.00   0.0000e+00   2.3634e+02   1.4225e+02   0  Y  0.00  1   !  -9.99000e+02  -99.000  -99.000  -999
OBS: 5999819  53783.289    85.00   0.0000e+00   2.1125e+02   1.2715e+02   0  Y  0.00  1   !  -9.99000e+02  -99.000  -99.000  -999
OBS: 5999819  53785.289    87.00   0.0000e+00   1.8918e+02   1.1387e+02   0  Y  0.00  1   !  -9.99000e+02  -99.000  -99.000  -999
OBS: 5999819  53787.289    89.00   0.0000e+00   1.6991e+02   1.0227e+02   0  Y  0.00  1   !  -9.99000e+02  -99.000  -99.000  -999
OBS: 5999819  53789.289    91.00   0.0000e+00   1.5228e+02   9.1656e+01   0  Y  0.00  1   !  -9.99000e+02  -99.000  -99.000  -999
OBS: 5999819  53791.289    93.00   0.0000e+00   1.3478e+02   8.1128e+01   0  Y  0.00  1   !  -9.99000e+02  -99.000  -99.000  -999
OBS: 5999819  53793.289    95.00   0.0000e+00   1.1930e+02   7.1807e+01   0  Y  0.00  1   !  -9.99000e+02  -99.000  -99.000  -999
OBS: 5999819  53795.289    97.00   0.0000e+00   1.0559e+02   6.3555e+01   0  Y  0.00  1   !  -9.99000e+02  -99.000  -99.000  -999
OBS: 5999819  53797.289    99.00   0.0000e+00   9.3452e+01   5.6250e+01   0  Y  0.00  1   !  -9.99000e+02  -99.000  -99.000  -999
OBS: 5999819  53799.289   101.00   0.0000e+00   8.2709e+01   4.9784e+01   0  Y  0.00  1   !  -9.99000e+02  -99.000  -99.000  -999
OBS: 5999819  53801.289   103.00   0.0000e+00   7.3200e+01   4.4060e+01   0  Y  0.00  1   !  -9.99000e+02  -99.000  -99.000  -999
OBS: 5999819  53803.289   105.00   0.0000e+00   6.4783e+01   3.8994e+01   0  Y  0.00  1   !  -9.99000e+02  -99.000  -99.000  -999
OBS: 5999819  53805.289   107.00   0.0000e+00   5.7333e+01   3.4510e+01   0  Y  0.00  1   !  -9.99000e+02  -99.000  -99.000  -999
OBS: 5999819  53807.289   109.00   0.0000e+00   5.0745e+01   3.0544e+01   0  Y  0.00  1   !  -9.99000e+02  -99.000  -99.000  -999
OBS: 5999819  53809.289   111.00   0.0000e+00   4.4911e+01   2.7032e+01   0  Y  0.00  1   !  -9.99000e+02  -99.000  -99.000  -999
OBS: 5999819  53811.289   113.00   0.0000e+00   3.9743e+01   2.3922e+01   0  Y  0.00  1   !  -9.99000e+02  -99.000  -99.000  -999
OBS: 5999819  53813.289   115.00   0.0000e+00   3.5170e+01   2.1169e+01   0  Y  0.00  1   !  -9.99000e+02  -99.000  -99.000  -999
OBS: 5999819  53815.289   117.00   0.0000e+00   3.1122e+01   1.8733e+01   0  Y  0.00  1   !  -9.99000e+02  -99.000  -99.000  -999
OBS: 5999819  53817.289   119.00   0.0000e+00   2.7540e+01   1.6577e+01   0  Y  0.00  1   !  -9.99000e+02  -99.000  -99.000  -999
OBS: 5999819  53819.289   121.00   0.0000e+00   2.4369e+01   1.4668e+01   0  Y  0.00  1   !  -9.99000e+02  -99.000  -99.000  -999
OBS: 5999819  53821.289   123.00   0.0000e+00   2.1563e+01   1.2979e+01   0  Y  0.00  1   !  -9.99000e+02  -99.000  -99.000  -999
OBS: 5999819  53823.289   125.00   0.0000e+00   1.9084e+01   1.1487e+01   0  Y  0.00  1   !  -9.99000e+02  -99.000  -99.000  -999
OBS: 5999819  53825.289   127.00   0.0000e+00   1.6889e+01   1.0166e+01   0  Y  0.00  1   !  -9.99000e+02  -99.000  -99.000  -999
OBS: 5999819  53827.289   129.00   0.0000e+00   1.4944e+01   8.9951e+00   0  Y  0.00  1   !  -9.99000e+02  -99.000  -99.000  -999
OBS: 5999819  53829.289   131.00   0.0000e+00   1.3223e+01   7.9589e+00   0  Y  0.00  1   !  -9.99000e+02  -99.000  -99.000  -999
OBS: 5999819  53831.289   133.00   0.0000e+00   1.1699e+01   7.0419e+00   0  Y  0.00  1   !  -9.99000e+02  -99.000  -99.000  -999
OBS: 5999819  53833.289   135.00   0.0000e+00   1.0351e+01   6.2305e+00   0  Y  0.00  1   !  -9.99000e+02  -99.000  -99.000  -999
OBS: 5999819  53835.289   137.00   0.0000e+00   9.1582e+00   5.5124e+00   0  Y  0.00  1   !  -9.99000e+02  -99.000  -99.000  -999
OBS: 5999819  53837.289   139.00   0.0000e+00   8.1025e+00   4.8770e+00   0  Y  0.00  1   !  -9.99000e+02  -99.000  -99.000  -999
OBS: 5999819  53688.520    -9.77   2.2314e+03   2.2681e+03   1.1486e+03   1  H  0.04  1   H  1.97939e+18  -0.139  -1.337  1.00000e+11
OBS: 5999819  53688.531    -9.76   2.2342e+03   3.0660e+03   1.3392e+03   1  H  0.59  1   H  2.67574e+18  -0.139  -1.335  1.00000e+11
OBS: 5999819  53691.531    -6.76   2.8193e+03   3.1089e+03   1.3882e+03   1  H  0.15  1   H  2.70370e+18  -0.143  -0.830  1.00000e+11
OBS: 5999819  53691.531    -6.76   2.8193e+03   2.2454e+03   1.5859e+03   1  H  0.04  1   H  1.95273e+18  -0.143  -0.830  1.00000e+11
OBS: 5999819  53693.531    -4.76   2.9248e+03   3.5230e+03   2.1576e+03   1  H  0.16  1   H  3.07123e+18  -0.140  -0.750  1.00000e+11
OBS: 5999819  53693.539    -4.75   2.9248e+03   1.6407e+03   2.0252e+03   1  H  0.26  1   H  1.43037e+18  -0.140  -0.750  1.00000e+11
OBS: 5999819  53696.480    -1.81   2.7088e+03   2.1712e+03   1.0541e+03   1  H  0.08  1   H  1.95589e+18  -0.105  -0.651  1.00000e+11
OBS: 5999819  53696.488    -1.80   2.7072e+03   3.4049e+03   1.0967e+03   1  H  0.73  1   H  3.06830e+18  -0.104  -0.651  1.00000e+11
OBS: 5999819  53701.531     3.24   2.1627e+03   2.5446e+03   1.4262e+03   1  H  0.16  1   H  2.49627e+18  -0.012  -0.444  1.00000e+11
OBS: 5999819  53701.539     3.25   2.1616e+03   4.1862e+03   1.6707e+03   1  H  1.76  1   H  4.10761e+18  -0.012  -0.444  1.00000e+11
OBS: 5999819  53705.488     7.20   1.7016e+03   1.3437e+03   1.0485e+03   1  H  0.04  1   H  1.51550e+18  0.139  -0.841  1.00000e+11
OBS: 5999819  53705.488     7.20   1.7016e+03   3.2950e+03   1.2479e+03   1  H  1.95  1   H  3.71623e+18  0.139  -0.841  1.00000e+11
OBS: 5999819  53710.520    12.23   1.3974e+03   1.2166e+03   1.3615e+03   1  H  0.00  1   H  1.55023e+18  0.272  -0.426  1.00000e+11
OBS: 5999819  53710.520    12.23   1.3974e+03   9.0531e+02   1.4664e+03   1  H  0.06  1   H  1.15360e+18  0.272  -0.426  1.00000e+11
OBS: 5999819  53714.539    16.25   1.4736e+03  -1.2927e+03   1.6728e+03   1  H  2.48  1   H  -1.67566e+18  0.291  0.368  1.00000e+11
OBS: 5999819  53714.551    16.26   1.4741e+03  -1.0654e+03   1.6864e+03   1  H  2.04  1   H  -1.38101e+18  0.290  0.368  1.00000e+11
OBS: 5999819  53639.289   -59.00   0.0000e+00   0.0000e+00   0.0000e+00   0  H  0.00  1   !  -9.99000e+02  -99.000  -99.000  -999
OBS: 5999819  53641.289   -57.00   0.0000e+00   0.0000e+00   0.0000e+00   0  H  0.00  1   !  -9.99000e+02  -99.000  -99.000  -999
OBS: 5999819  53643.289   -55.00   0.0000e+00   0.0000e+00   0.0000e+00   0  H  0.00  1   !  -9.99000e+02  -99.000  -99.000  -999
OBS: 5999819  53645.289   -53.00   0.0000e+00   0.0000e+00   0.0000e+00   0  H  0.00  1   !  -9.99000e+02  -99.000  -99.000  -999
OBS: 5999819  53647.289   -51.00   0.0000e+00   0.0000e+00   0.0000e+00   0  H  0.00  1   !  -9.99000e+02  -99.000  -99.000  -999
OBS: 5999819  53649.289   -49.00   0.0000e+00   0.0000e+00   0.0000e+00   0  H  0.00  1   !  -9.99000e+02  -99.000  -99.000  -999
OBS: 5999819  53651.289   -47.00   0.0000e+00   0.0000e+00   0.0000e+00   0  H  0.00  1   !  -9.99000e+02  -99.000  -99.000  -999
OBS: 5999819  53653.289   -45.00   0.0000e+00   0.0000e+00   0.0000e+00   0  H  0.00  1   !  -9.99000e+02  -99.000  -99.000  -999
OBS: 5999819  53655.289   -43.00   0.0000e+00   0.0000e+00   0.0000e+00   0  H  0.00  1   !  -9.99000e+02  -99.000  -99.000  -999
OBS: 5999819  53657.289   -41.00   0.0000e+00   0.0000e+00   0.0000e+00   0  H  0.00  1   !  -9.99000e+02  -99.000  -99.000  -999
OBS: 5999819  53659.289   -39.00   0.0000e+00   0.0000e+00   0.0000e+00   0  H  0.00  1   !  -9.99000e+02  -99.000  -99.000  -999
OBS: 5999819  53661.289   -37.00   0.0000e+00   0.0000e+00   0.0000e+00   0  H  0.00  1   !  -9.99000e+02  -99.000  -99.000  -999
OBS: 5999819  53663.289   -35.00   0.0000e+00   0.0000e+00   0.0000e+00   0  H  0.00  1   !  -9.99000e+02  -99.000  -99.000  -999
OBS: 5999819  53665.289   -33.00   0.0000e+00   0.0000e+00   0.0000e+00   0  H  0.00  1   !  -9.99000e+02  -99.000  -99.000  -999
OBS: 5999819  53667.289   -31.00   0.0000e+00   0.0000e+00   0.0000e+00   0  H  0.00  1   !  -9.99000e+02  -99.000  -99.000  -999
OBS: 5999819  53669.289   -29.00   0.0000e+00   0.0000e+00   0.0000e+00   0  H  0.00  1   !  -9.99000e+02  -99.000  -99.000  -999
OBS: 5999819  53671.289   -27.00   0.0000e+00   0.0000e+00   0.0000e+00   0  H  0.00  1   !  -9.99000e+02  -99.000  -99.000  -999
OBS: 5999819  53673.289   -25.00   0.0000e+00   0.0000e+00   0.0000e+00   0  H  0.00  1   !  -9.99000e+02  -99.000  -99.000  -999
OBS: 5999819  53675.289   -23.00   0.0000e+00   0.0000e+00   0.0000e+00   0  H  0.00  1   !  -9.99000e+02  -99.000  -99.000  -999
OBS: 5999819  53677.289   -21.00   0.0000e+00   3.7119e+02   2.2343e+02   0  H  0.00  1   !  -9.99000e+02  -99.000  -99.000  -999
OBS: 5999819  53679.289   -19.00   0.0000e+00   4.1057e+02   2.4713e+02   0  H  0.00  1   !  -9.99000e+02  -99.000  -99.000  -999
OBS: 5999819  53681.289   -17.00   0.0000e+00   4.0993e+02   2.4674e+02   0  H  0.00  1   !  -9.99000e+02  -99.000  -99.000  -999
OBS: 5999819  53683.289   -15.00   0.0000e+00   6.3013e+02   1.8750e+02   0  H  0.00  1   !  -9.99000e+02  -99.000  -99.000  -999
OBS: 5999819  53685.289   -13.00   0.0000e+00   1.1661e+03   1.0373e+02   0  H  0.00  1   !  -9.99000e+02  -99.000  -99.000  -999
OBS: 5999819  53687.289   -11.00   0.0000e+00   1.7209e+03   7.6469e+01   0  H  0.00  1   !  -9.99000e+02  -99.000  -99.000  -999
OBS: 5999819  53689.289    -9.00   0.0000e+00   2.2054e+03   7.0419e+01   0  H  0.00  1   !  -9.99000e+02  -99.000  -99.000  -999
OBS: 5999819  53691.289    -7.00   0.0000e+00   2.5437e+03   5.7662e+01   0  H  0.00  1   !  -9.99000e+02  -99.000  -99.000  -999
OBS: 5999819  53693.289    -5.00   0.0000e+00   2.6665e+03   4.7213e+01   0  H  0.00  1   !  -9.99000e+02  -99.000  -99.000  -999
OBS: 5999819  53695.289    -3.00   0.0000e+00   2.5954e+03   4.7404e+01   0  H  0.00  1   !  -9.99000e+02  -99.000  -99.000  -999
OBS: 5999819  53697.289    -1.00   0.0000e+00   2.3551e+03   4.7898e+01   0  H  0.00  1   !  -9.99000e+02  -99.000  -99.000  -999
OBS: 5999819  53699.289     1.00   0.0000e+00   2.1401e+03   4.6799e+01   0  H  0.00  1   !  -9.99000e+02  -99.000  -99.000  -999
OBS: 5999819  53701.289     3.00   0.0000e+00   1.9895e+03   4.8243e+01   0  H  0.00  1   !  -9.99000e+02  -99.000  -99.000  -999
OBS: 5999819  53703.289     5.00   0.0000e+00   1.7900e+03   4.9904e+01   0  H  0.00  1   !  -9.99000e+02  -99.000  -99.000  -999
OBS: 5999819  53705.289     7.00   0.0000e+00   1.5723e+03   4.9215e+01   0  H  0.00  1   !  -9.99000e+02  -99.000  -99.000  -999
OBS: 5999819  53707.289     9.00   0.0000e+00   1.3922e+03   4.5210e+01   0  H  0.00  1   !  -9.99000e+02  -99.000  -99.000  -999
OBS: 5999819  53709.289    11.00   0.0000e+00   1.2972e+03   3.8552e+01   0  H  0.00  1   !  -9.99000e+02  -99.000  -99.000  -999
OBS: 5999819  53711.289    13.00   0.0000e+00   1.2676e+03   3.4214e+01   0  H  0.00  1   !  -9.99000e+02  -99.000  -99.000  -999
OBS: 5999819  53713.289    15.00   0.0000e+00   1.2963e+03   3.5006e+01   0  H  0.00  1   !  -9.99000e+02  -99.000  -99.000  -999
OBS: 5999819  53715.289    17.00   0.0000e+00   1.3786e+03   3.9558e+01   0  H  0.00  1   !  -9.99000e+02  -99.000  -99.000  -999
OBS: 5999819  53717.289    19.00   0.0000e+00   1.4860e+03   4.6137e+01   0  H  0.00  1   !  -9.99000e+02  -99.000  -99.000  -999
OBS: 5999819  53719.289    21.00   0.0000e+00   1.5933e+03   4.8628e+01   0  H  0.00  1   !  -9.99000e+02  -99.000  -99.000  -999
OBS: 5999819  53721.289    23.00   0.0000e+00   1.6681e+03   4.7454e+01   0  H  0.00  1   !  -9.99000e+02  -99.000  -99.000  -999
OBS: 5999819  53723.289    25.00   0.0000e+00   1.7357e+03   4.5221e+01   0  H  0.00  1   !  -9.99000e+02  -99.000  -99.000  -999
OBS: 5999819  53725.289    27.00   0.0000e+00   1.8127e+03   4.0222e+01   0  H  0.00  1   !  -9.99000e+02  -99.000  -99.000  -999
OBS: 5999819  53727.289    29.00   0.0000e+00   1.8749e+03   4.1559e+01   0  H  0.00  1   !  -9.99000e+02  -99.000  -99.000  -999
OBS: 5999819  53729.289    31.00   0.0000e+00   1.9366e+03   4.9774e+01   0  H  0.00  1   !  -9.99000e+02  -99.000  -99.000  -999
OBS: 5999819  53731.289    33.00   0.0000e+00   1.9649e+03   5.6455e+01   0  H  0.00  1   !  -9.99000e+02  -99.000  -99.000  -999
OBS: 5999819  53733.289    35.00   0.0000e+00   1.9571e+03   5.9174e+01   0  H  0.00  1   !  -9.99000e+02  -99.000  -99.000  -999
OBS: 5999819  53735.289    37.00   0.0000e+00   1.9006e+03   6.1809e+01   0  H  0.00  1   !  -9.99000e+02  -99.000  -99.000  -999
OBS: 5999819  53737.289    39.00   0.0000e+00   1.7759e+03   6.6046e+01   0  H  0.00  1   !  -9.99000e+02  -99.000  -99.000  -999
OBS: 5999819  53739.289    41.00   0.0000e+00   1.6229e+03   6.5285e+01   0  H  0.00  1   !  -9.99000e+02  -99.000  -99.000  -999
OBS: 5999819  53741.289    43.00   0.0000e+00   1.4285e+03   6.2630e+01   0  H  0.00  1   !  -9.99000e+02  -99.000  -99.000  -999
OBS: 5999819  53743.289    45.00   0.0000e+00   1.2353e+03   6.0423e+01   0  H  0.00  1   !  -9.99000e+02  -99.000  -99.000  -999
OBS: 5999819  53745.289    47.00   0.0000e+00   1.0941e+03   5.4044e+01   0  H  0.00  1   !  -9.99000e+02  -99.000  -99.000  -999
OBS: 5999819  53747.289    49.00   0.0000e+00   9.9857e+02   5.4108e+01   0  H  0.00  1   !  -9.99000e+02  -99.000  -99.000  -999
OBS: 5999819  53749.289    51.00   0.0000e+00   9.1625e+02   6.2945e+01   0  H  0.00  1   !  -9.99000e+02  -99.000  -99.000  -999
OBS: 5999819  53751.289    53.00   0.0000e+00   8.3289e+02   7.3541e+01   0  H  0.00  1   !  -9.99000e+02  -99.000  -99.000  -999
OBS: 5999819  53753.289    55.00   0.0000e+00   7.5415e+02   4.5393e+02   0  H  0.00  1   !  -9.99000e+02  -99.000  -99.000  -999
OBS: 5999819  53755.289    57.00   0.0000e+00   6.8739e+02   4.1375e+02   0  H  0.00  1   !  -9.99000e+02  -99.000  -99.000  -999
OBS: 5999819  53757.289    59.00   0.0000e+00   6.3255e+02   3.8074e+02   0  H  0.00  1   !  -9.99000e+02  -99.000  -99.000  -999
OBS: 5999819  53759.289    61.00   0.0000e+00   5.8286e+02   3.5083e+02   0  H  0.00  1   !  -9.99000e+02  -99.000  -99.000  -999
OBS: 5999819  53761.289    63.00   0.0000e+00   5.4107e+02   3.2568e+02   0  H  0.00  1   !  -9.99000e+02  -99.000  -99.000  -999
OBS: 5999819  53763.289    65.00   0.0000e+00   4.6554e+02   2.8022e+02   0  H  0.00  1   !  -9.99000e+02  -99.000  -99.000  -999
OBS: 5999819  53765.289    67.00   0.0000e+00   3.8363e+02   2.3091e+02   0  H  0.00  1   !  -9.99000e+02  -99.000  -99.000  -999
OBS: 5999819  53767.289    69.00   0.0000e+00   3.2525e+02   1.9577e+02   0  H  0.00  1   !  -9.99000e+02  -99.000  -99.000  -999
OBS: 5999819  53769.289    71.00   0.0000e+00   2.8465e+02   1.7134e+02   0  H  0.00  1   !  -9.99000e+02  -99.000  -99.000  -999
OBS: 5999819  53771.289    73.00   0.0000e+00   2.5589e+02   1.5402e+02   0  H  0.00  1   !  -9.99000e+02  -99.000  -99.000  -999
OBS: 5999819  53773.289    75.00   0.0000e+00   2.3356e+02   1.4058e+02   0  H  0.00  1   !  -9.99000e+02  -99.000  -99.000  -999
OBS: 5999819  53775.289    77.00   0.0000e+00   2.1280e+02   1.2809e+02   0  H  0.00  1   !  -9.99000e+02  -99.000  -99.000  -999
OBS: 5999819  53777.289    79.00   0.0000e+00   1.9379e+02   1.1665e+02   0  H  0.00  1   !  -9.99000e+02  -99.000  -99.000  -999
OBS: 5999819  53779.289    81.00   0.0000e+00   1.7971e+02   1.0817e+02   0  H  0.00  1   !  -9.99000e+02  -99.000  -99.000  -999
OBS: 5999819  53781.289    83.00   0.0000e+00   1.6671e+02   1.0035e+02   0  H  0.00  1   !  -9.99000e+02  -99.000  -99.000  -999
OBS: 5999819  53783.289    85.00   0.0000e+00   1.5473e+02   9.3131e+01   0  H  0.00  1   !  -9.99000e+02  -99.000  -99.000  -999
OBS: 5999819  53785.289    87.00   0.0000e+00   1.4370e+02   8.6496e+01   0  H  0.00  1   !  -9.99000e+02  -99.000  -99.000  -999
OBS: 5999819  53787.289    89.00   0.0000e+00   1.3363e+02   8.0431e+01   0  H  0.00  1   !  -9.99000e+02  -99.000  -99.000  -999
OBS: 5999819  53789.289    91.00   0.0000e+00   1.2413e+02   7.4716e+01   0  H  0.00  1   !  -9.99000e+02  -99.000  -99.000  -999
OBS: 5999819  53791.289    93.00   0.0000e+00   1.1470e+02   6.9040e+01   0  H  0.00  1   !  -9.99000e+02  -99.000  -99.000  -999
OBS: 5999819  53793.289    95.00   0.0000e+00   1.0599e+02   6.3794e+01   0  H  0.00  1   !  -9.99000e+02  -99.000  -99.000  -999
OBS: 5999819  53795.289    97.00   0.0000e+00   9.7931e+01   5.8946e+01   0  H  0.00  1   !  -9.99000e+02  -99.000  -99.000  -999
OBS: 5999819  53797.289    99.00   0.0000e+00   9.0487e+01   5.4465e+01   0  H  0.00  1   !  -9.99000e+02  -99.000  -99.000  -999
OBS: 5999819  53799.289   101.00   0.0000e+00   8.3607e+01   5.0324e+01   0  H  0.00  1   !  -9.99000e+02  -99.000  -99.000  -999
OBS: 5999819  53801.289   103.00   0.0000e+00   7.7248e+01   4.6496e+01   0  H  0.00  1   !  -9.99000e+02  -99.000  -99.000  -999
OBS: 5999819  53803.289   105.00   0.0000e+00   7.1372e+01   4.2959e+01   0  H  0.00  1   !  -9.99000e+02  -99.000  -99.000  -999
OBS: 5999819  53805.289   107.00   0.0000e+00   6.5941e+01   3.9691e+01   0  H  0.00  1   !  -9.99000e+02  -99.000  -99.000  -999
OBS: 5999819  53807.289   109.00   0.0000e+00   6.0923e+01   3.6670e+01   0  H  0.00  1   !  -9.99000e+02  -99.000  -99.000  -999
OBS: 5999819  53809.289   111.00   0.0000e+00   5.6285e+01   3.3879e+01   0  H  0.00  1   !  -9.99000e+02  -99.000  -99.000  -999
OBS: 5999819  53811.289   113.00   0.0000e+00   5.1999e+01   3.1299e+01   0  H  0.00  1   !  -9.99000e+02  -99.000  -99.000  -999
OBS: 5999819  53813.289   115.00   0.0000e+00   4.8039e+01   2.8915e+01   0  H  0.00  1   !  -9.99000e+02  -99.000  -99.000  -999
OBS: 5999819  53815.289   117.00   0.0000e+00   4.4380e+01   2.6713e+01   0  H  0.00  1   !  -9.99000e+02  -99.000  -99.000  -999
OBS: 5999819  53817.289   119.00   0.0000e+00   4.0998e+01   2.4677e+01   0  H  0.00  1   !  -9.99000e+02  -99.000  -99.000  -999
OBS: 5999819  53819.289   121.00   0.0000e+00   3.7872e+01   2.2796e+01   0  H  0.00  1   !  -9.99000e+02  -99.000  -99.000  -999
OBS: 5999819  53821.289   123.00   0.0000e+00   3.4984e+01   2.1057e+01   0  H  0.00  1   !  -9.99000e+02  -99.000  -99.000  -999
OBS: 5999819  53823.289   125.00   0.0000e+00   3.2315e+01   1.9451e+01   0  H  0.00  1   !  -9.99000e+02  -99.000  -99.000  -999
OBS: 5999819  53825.289   127.00   0.0000e+00   2.9850e+01   1.7967e+01   0  H  0.00  1   !  -9.99000e+02  -99.000  -99.000  -999
OBS: 5999819  53827.289   129.00   0.0000e+00   2.7573e+01   1.6596e+01   0  H  0.00  1   !  -9.99000e+02  -99.000  -99.000  -999
OBS: 5999819  53829.289   131.00   0.0000e+00   2.5469e+01   1.5330e+01   0  H  0.00  1   !  -9.99000e+02  -99.000  -99.000  -999
OBS: 5999819  53831.289   133.00   0.0000e+00   2.3525e+01   1.4160e+01   0  H  0.00  1   !  -9.99000e+02  -99.000  -99.000  -999
OBS: 5999819  53833.289   135.00   0.0000e+00   2.1729e+01   1.3079e+01   0  H  0.00  1   !  -9.99000e+02  -99.000  -99.000  -999
OBS: 5999819  53835.289   137.00   0.0000e+00   2.0069e+01   1.2080e+01   0  H  0.00  1   !  -9.99000e+02  -99.000  -99.000  -999
OBS: 5999819  53837.289   139.00   0.0000e+00   1.8536e+01   1.1157e+01   0  H  0.00  1   !  -9.99000e+02  -99.000  -99.000  -999
