VARNAMES: CID MJD Tobs SIM_FLUXCAL FLUXCAL FLUXCAL_ERR DATAFLAG BAND CHI2 IFIT BAND_REST FLUX_REST KCOR AVWARP SIM_FLUX_REST 
OBS: 5999659  53300.570    -4.13   1.8394e+03   2.2792e+03   2.6937e+02   1  J  0.01  1   J  2.61670e+18  -0.153  0.099  1.00000e+11
OBS: 5999659  53300.578    -4.12   1.8391e+03   1.6812e+03   3.8333e+02   1  J  2.63  1   J  1.93021e+18  -0.153  0.099  1.00000e+11
OBS: 5999659  53301.621    -3.08   1.8031e+03   1.6840e+03   2.6992e+02   1  J  4.48  1   J  1.94141e+18  -0.148  0.085  1.00000e+11
OBS: 5999659  53301.629    -3.07   1.8026e+03   2.3078e+03   2.6837e+02   1  J  0.03  1   J  2.66059e+18  -0.148  0.085  1.00000e+11
OBS: 5999659  53306.609     1.91   1.3828e+03   9.5198e+02   4.6171e+02   1  J  2.85  1   J  1.14792e+18  -0.099  0.757  1.00000e+11
OBS: 5999659  53306.609     1.91   1.3828e+03   1.4998e+03   4.6095e+02   1  J  0.26  1   J  1.80849e+18  -0.099  0.757  1.00000e+11
OBS: 5999659  53311.531     6.83   9.0497e+02   1.1560e+03   2.6581e+02   1  J  0.01  1   J  1.33011e+18  -0.150  1.475  1.00000e+11
OBS: 5999659  53311.531     6.83   9.0497e+02   7.0216e+02   2.4717e+02   1  J  3.00  1   J  8.07883e+17  -0.150  1.475  1.00000e+11
OBS: 5999659  53327.570    22.87   6.4963e+02   5.4747e+02   1.6974e+02   1  J  2.18  1   J  4.39533e+17  -0.541  0.438  1.00000e+11
OBS: 5999659  53327.578    22.88   6.5001e+02   6.6093e+02   1.6569e+02   1  J  0.76  1   J  5.30519e+17  -0.541  0.439  1.00000e+11
OBS: 5999659  53338.559    33.86   1.0179e+03   1.0449e+03   2.1898e+02   1  J  1.01  1   J  7.53785e+17  -0.657  0.774  1.00000e+11
OBS: 5999659  53338.559    33.86   1.0179e+03   1.0098e+03   2.3802e+02   1  J  1.15  1   J  7.28483e+17  -0.657  0.774  1.00000e+11
OBS: 5999659  53342.531    37.83   1.0493e+03   1.0970e+03   2.4979e+02   1  J  0.70  1   J  7.64621e+17  -0.695  1.228  1.00000e+11
OBS: 5999659  53342.539    37.84   1.0492e+03   1.1971e+03   2.5940e+02   1  J  0.19  1   J  8.34262e+17  -0.695  1.227  1.00000e+11
OBS: 5999659  53245.695   -59.00   0.0000e+00   0.0000e+00   0.0000e+00   0  J  0.00  1   !  -9.99000e+02  -99.000  -99.000  -999
OBS: 5999659  53247.695   -57.00   0.0000e+00   0.0000e+00   0.0000e+00   0  J  0.00  1   !  -9.99000e+02  -99.000  -99.000  -999
OBS: 5999659  53249.695   -55.00   0.0000e+00   0.0000e+00   0.0000e+00   0  J  0.00  1   !  -9.99000e+02  -99.000  -99.000  -999
OBS: 5999659  53251.695   -53.00   0.0000e+00   0.0000e+00   0.0000e+00   0  J  0.00  1   !  -9.99000e+02  -99.000  -99.000  -999
OBS: 5999659  53253.695   -51.00   0.0000e+00   0.0000e+00   0.0000e+00   0  J  0.00  1   !  -9.99000e+02  -99.000  -99.000  -999
OBS: 5999659  53255.695   -49.00   0.0000e+00   0.0000e+00   0.0000e+00   0  J  0.00  1   !  -9.99000e+02  -99.000  -99.000  -999
OBS: 5999659  53257.695   -47.00   0.0000e+00   0.0000e+00   0.0000e+00   0  J  0.00  1   !  -9.99000e+02  -99.000  -99.000  -999
OBS: 5999659  53259.695   -45.00   0.0000e+00   0.0000e+00   0.0000e+00   0  J  0.00  1   !  -9.99000e+02  -99.000  -99.000  -999
OBS: 5999659  53261.695   -43.00   0.0000e+00   0.0000e+00   0.0000e+00   0  J  0.00  1   !  -9.99000e+02  -99.000  -99.000  -999
OBS: 5999659  53263.695   -41.00   0.0000e+00   0.0000e+00   0.0000e+00   0  J  0.00  1   !  -9.99000e+02  -99.000  -99.000  -999
OBS: 5999659  53265.695   -39.00   0.0000e+00   0.0000e+00   0.0000e+00   0  J  0.00  1   !  -9.99000e+02  -99.000  -99.000  -999
OBS: 5999659  53267.695   -37.00   0.0000e+00   0.0000e+00   0.0000e+00   0  J  0.00  1   !  -9.99000e+02  -99.000  -99.000  -999
OBS: 5999659  53269.695   -35.00   0.0000e+00   0.0000e+00   0.0000e+00   0  J  0.00  1   !  -9.99000e+02  -99.000  -99.000  -999
OBS: 5999659  53271.695   -33.00   0.0000e+00   0.0000e+00   0.0000e+00   0  J  0.00  1   !  -9.99000e+02  -99.000  -99.000  -999
OBS: 5999659  53273.695   -31.00   0.0000e+00   0.0000e+00   0.0000e+00   0  J  0.00  1   !  -9.99000e+02  -99.000  -99.000  -999
OBS: 5999659  53275.695   -29.00   0.0000e+00   0.0000e+00   0.0000e+00   0  J  0.00  1   !  -9.99000e+02  -99.000  -99.000  -999
OBS: 5999659  53277.695   -27.00   0.0000e+00   0.0000e+00   0.0000e+00   0  J  0.00  1   !  -9.99000e+02  -99.000  -99.000  -999
OBS: 5999659  53279.695   -25.00   0.0000e+00   0.0000e+00   0.0000e+00   0  J  0.00  1   !  -9.99000e+02  -99.000  -99.000  -999
OBS: 5999659  53281.695   -23.00   0.0000e+00   0.0000e+00   0.0000e+00   0  J  0.00  1   !  -9.99000e+02  -99.000  -99.000  -999
OBS: 5999659  53283.695   -21.00   0.0000e+00   3.8228e+02   2.3010e+02   0  J  0.00  1   !  -9.99000e+02  -99.000  -99.000  -999
OBS: 5999659  53285.695   -19.00   0.0000e+00   4.4236e+02   2.6626e+02   0  J  0.00  1   !  -9.99000e+02  -99.000  -99.000  -999
OBS: 5999659  53287.695   -17.00   0.0000e+00   4.4339e+02   2.6688e+02   0  J  0.00  1   !  -9.99000e+02  -99.000  -99.000  -999
OBS: 5999659  53289.695   -15.00   0.0000e+00   7.2288e+02   1.2634e+02   0  J  0.00  1   !  -9.99000e+02  -99.000  -99.000  -999
OBS: 5999659  53291.695   -13.00   0.0000e+00   1.2300e+03   5.8699e+01   0  J  0.00  1   !  -9.99000e+02  -99.000  -99.000  -999
OBS: 5999659  53293.695   -11.00   0.0000e+00   1.6929e+03   5.7519e+01   0  J  0.00  1   !  -9.99000e+02  -99.000  -99.000  -999
OBS: 5999659  53295.695    -9.00   0.0000e+00   2.0393e+03   5.5541e+01   0  J  0.00  1   !  -9.99000e+02  -99.000  -99.000  -999
OBS: 5999659  53297.695    -7.00   0.0000e+00   2.2372e+03   4.0918e+01   0  J  0.00  1   !  -9.99000e+02  -99.000  -99.000  -999
OBS: 5999659  53299.695    -5.00   0.0000e+00   2.3150e+03   3.4708e+01   0  J  0.00  1   !  -9.99000e+02  -99.000  -99.000  -999
OBS: 5999659  53301.695    -3.00   0.0000e+00   2.2558e+03   3.7531e+01   0  J  0.00  1   !  -9.99000e+02  -99.000  -99.000  -999
OBS: 5999659  53303.695    -1.00   0.0000e+00   2.1072e+03   3.8056e+01   0  J  0.00  1   !  -9.99000e+02  -99.000  -99.000  -999
OBS: 5999659  53305.695     1.00   0.0000e+00   1.8588e+03   3.6286e+01   0  J  0.00  1   !  -9.99000e+02  -99.000  -99.000  -999
OBS: 5999659  53307.695     3.00   0.0000e+00   1.5870e+03   3.4640e+01   0  J  0.00  1   !  -9.99000e+02  -99.000  -99.000  -999
OBS: 5999659  53309.695     5.00   0.0000e+00   1.3483e+03   3.4349e+01   0  J  0.00  1   !  -9.99000e+02  -99.000  -99.000  -999
OBS: 5999659  53311.695     7.00   0.0000e+00   1.1147e+03   3.5649e+01   0  J  0.00  1   !  -9.99000e+02  -99.000  -99.000  -999
OBS: 5999659  53313.695     9.00   0.0000e+00   9.0163e+02   3.9993e+01   0  J  0.00  1   !  -9.99000e+02  -99.000  -99.000  -999
OBS: 5999659  53315.695    11.00   0.0000e+00   7.4635e+02   4.5611e+01   0  J  0.00  1   !  -9.99000e+02  -99.000  -99.000  -999
OBS: 5999659  53317.695    13.00   0.0000e+00   6.5710e+02   4.9304e+01   0  J  0.00  1   !  -9.99000e+02  -99.000  -99.000  -999
OBS: 5999659  53319.695    15.00   0.0000e+00   6.4909e+02   5.1323e+01   0  J  0.00  1   !  -9.99000e+02  -99.000  -99.000  -999
OBS: 5999659  53321.695    17.00   0.0000e+00   6.6639e+02   5.5584e+01   0  J  0.00  1   !  -9.99000e+02  -99.000  -99.000  -999
OBS: 5999659  53323.695    19.00   0.0000e+00   7.0207e+02   6.1868e+01   0  J  0.00  1   !  -9.99000e+02  -99.000  -99.000  -999
OBS: 5999659  53325.695    21.00   0.0000e+00   7.4602e+02   6.1248e+01   0  J  0.00  1   !  -9.99000e+02  -99.000  -99.000  -999
OBS: 5999659  53327.695    23.00   0.0000e+00   8.2053e+02   6.3583e+01   0  J  0.00  1   !  -9.99000e+02  -99.000  -99.000  -999
OBS: 5999659  53329.695    25.00   0.0000e+00   9.2455e+02   6.6978e+01   0  J  0.00  1   !  -9.99000e+02  -99.000  -99.000  -999
OBS: 5999659  53331.695    27.00   0.0000e+00   1.0270e+03   6.1450e+01   0  J  0.00  1   !  -9.99000e+02  -99.000  -99.000  -999
OBS: 5999659  53333.695    29.00   0.0000e+00   1.1247e+03   6.6545e+01   0  J  0.00  1   !  -9.99000e+02  -99.000  -99.000  -999
OBS: 5999659  53335.695    31.00   0.0000e+00   1.1950e+03   7.3304e+01   0  J  0.00  1   !  -9.99000e+02  -99.000  -99.000  -999
OBS: 5999659  53337.695    33.00   0.0000e+00   1.2511e+03   7.1087e+01   0  J  0.00  1   !  -9.99000e+02  -99.000  -99.000  -999
OBS: 5999659  53339.695    35.00   0.0000e+00   1.3097e+03   7.0005e+01   0  J  0.00  1   !  -9.99000e+02  -99.000  -99.000  -999
OBS: 5999659  53341.695    37.00   0.0000e+00   1.3271e+03   7.1733e+01   0  J  0.00  1   !  -9.99000e+02  -99.000  -99.000  -999
OBS: 5999659  53343.695    39.00   0.0000e+00   1.2633e+03   8.2617e+01   0  J  0.00  1   !  -9.99000e+02  -99.000  -99.000  -999
OBS: 5999659  53345.695    41.00   0.0000e+00   1.1284e+03   8.8879e+01   0  J  0.00  1   !  -9.99000e+02  -99.000  -99.000  -999
OBS: 5999659  53347.695    43.00   0.0000e+00   9.6836e+02   8.7127e+01   0  J  0.00  1   !  -9.99000e+02  -99.000  -99.000  -999
OBS: 5999659  53349.695    45.00   0.0000e+00   8.1856e+02   8.8270e+01   0  J  0.00  1   !  -9.99000e+02  -99.000  -99.000  -999
OBS: 5999659  53351.695    47.00   0.0000e+00   7.1555e+02   8.9387e+01   0  J  0.00  1   !  -9.99000e+02  -99.000  -99.000  -999
OBS: 5999659  53353.695    49.00   0.0000e+00   6.5914e+02   9.1925e+01   0  J  0.00  1   !  -9.99000e+02  -99.000  -99.000  -999
OBS: 5999659  53355.695    51.00   0.0000e+00   6.1459e+02   1.1509e+02   0  J  0.00  1   !  -9.99000e+02  -99.000  -99.000  -999
OBS: 5999659  53357.695    53.00   0.0000e+00   5.6007e+02   1.5788e+02   0  J  0.00  1   !  -9.99000e+02  -99.000  -99.000  -999
OBS: 5999659  53359.695    55.00   0.0000e+00   5.0486e+02   2.8894e+02   0  J  0.00  1   !  -9.99000e+02  -99.000  -99.000  -999
OBS: 5999659  53361.695    57.00   0.0000e+00   4.5987e+02   2.7680e+02   0  J  0.00  1   !  -9.99000e+02  -99.000  -99.000  -999
OBS: 5999659  53363.695    59.00   0.0000e+00   4.0852e+02   2.4589e+02   0  J  0.00  1   !  -9.99000e+02  -99.000  -99.000  -999
OBS: 5999659  53365.695    61.00   0.0000e+00   3.6185e+02   2.1780e+02   0  J  0.00  1   !  -9.99000e+02  -99.000  -99.000  -999
OBS: 5999659  53367.695    63.00   0.0000e+00   3.2144e+02   1.9348e+02   0  J  0.00  1   !  -9.99000e+02  -99.000  -99.000  -999
OBS: 5999659  53369.695    65.00   0.0000e+00   2.8855e+02   1.7368e+02   0  J  0.00  1   !  -9.99000e+02  -99.000  -99.000  -999
OBS: 5999659  53371.695    67.00   0.0000e+00   2.3129e+02   1.3922e+02   0  J  0.00  1   !  -9.99000e+02  -99.000  -99.000  -999
OBS: 5999659  53373.695    69.00   0.0000e+00   1.9220e+02   1.1569e+02   0  J  0.00  1   !  -9.99000e+02  -99.000  -99.000  -999
OBS: 5999659  53375.695    71.00   0.0000e+00   1.6367e+02   9.8517e+01   0  J  0.00  1   !  -9.99000e+02  -99.000  -99.000  -999
OBS: 5999659  53377.695    73.00   0.0000e+00   1.4093e+02   8.4824e+01   0  J  0.00  1   !  -9.99000e+02  -99.000  -99.000  -999
OBS: 5999659  53379.695    75.00   0.0000e+00   1.2137e+02   7.3055e+01   0  J  0.00  1   !  -9.99000e+02  -99.000  -99.000  -999
OBS: 5999659  53381.695    77.00   0.0000e+00   1.0330e+02   6.2178e+01   0  J  0.00  1   !  -9.99000e+02  -99.000  -99.000  -999
OBS: 5999659  53383.695    79.00   0.0000e+00   8.5875e+01   5.1689e+01   0  J  0.00  1   !  -9.99000e+02  -99.000  -99.000  -999
OBS: 5999659  53385.695    81.00   0.0000e+00   7.3066e+01   4.3979e+01   0  J  0.00  1   !  -9.99000e+02  -99.000  -99.000  -999
OBS: 5999659  53387.695    83.00   0.0000e+00   6.5145e+01   3.9212e+01   0  J  0.00  1   !  -9.99000e+02  -99.000  -99.000  -999
OBS: 5999659  53389.695    85.00   0.0000e+00   5.8043e+01   3.4937e+01   0  J  0.00  1   !  -9.99000e+02  -99.000  -99.000  -999
OBS: 5999659  53391.695    87.00   0.0000e+00   5.1671e+01   3.1101e+01   0  J  0.00  1   !  -9.99000e+02  -99.000  -99.000  -999
OBS: 5999659  53393.695    89.00   0.0000e+00   4.5923e+01   2.7642e+01   0  J  0.00  1   !  -9.99000e+02  -99.000  -99.000  -999
OBS: 5999659  53395.695    91.00   0.0000e+00   4.0716e+01   2.4508e+01   0  J  0.00  1   !  -9.99000e+02  -99.000  -99.000  -999
OBS: 5999659  53397.695    93.00   0.0000e+00   3.6387e+01   2.1902e+01   0  J  0.00  1   !  -9.99000e+02  -99.000  -99.000  -999
OBS: 5999659  53399.695    95.00   0.0000e+00   3.2812e+01   1.9750e+01   0  J  0.00  1   !  -9.99000e+02  -99.000  -99.000  -999
OBS: 5999659  53401.695    97.00   0.0000e+00   2.9591e+01   1.7811e+01   0  J  0.00  1   !  -9.99000e+02  -99.000  -99.000  -999
OBS: 5999659  53403.695    99.00   0.0000e+00   2.6690e+01   1.6065e+01   0  J  0.00  1   !  -9.99000e+02  -99.000  -99.000  -999
OBS: 5999659  53405.695   101.00   0.0000e+00   2.4076e+01   1.4491e+01   0  J  0.00  1   !  -9.99000e+02  -99.000  -99.000  -999
OBS: 5999659  53407.695   103.00   0.0000e+00   2.1720e+01   1.3073e+01   0  J  0.00  1   !  -9.99000e+02  -99.000  -99.000  -999
OBS: 5999659  53409.695   105.00   0.0000e+00   1.9597e+01   1.1795e+01   0  J  0.00  1   !  -9.99000e+02  -99.000  -99.000  -999
OBS: 5999659  53411.695   107.00   0.0000e+00   1.7683e+01   1.0644e+01   0  J  0.00  1   !  -9.99000e+02  -99.000  -99.000  -999
OBS: 5999659  53413.695   109.00   0.0000e+00   1.5958e+01   9.6053e+00   0  J  0.00  1   !  -9.99000e+02  -99.000  -99.000  -999
OBS: 5999659  53415.695   111.00   0.0000e+00   1.4403e+01   8.6691e+00   0  J  0.00  1   !  -9.99000e+02  -99.000  -99.000  -999
OBS: 5999659  53417.695   113.00   0.0000e+00   1.3000e+01   7.8251e+00   0  J  0.00  1   !  -9.99000e+02  -99.000  -99.000  -999
OBS: 5999659  53419.695   115.00   0.0000e+00   1.1736e+01   7.0642e+00   0  J  0.00  1   !  -9.99000e+02  -99.000  -99.000  -999
OBS: 5999659  53421.695   117.00   0.0000e+00   1.0596e+01   6.3779e+00   0  J  0.00  1   !  -9.99000e+02  -99.000  -99.000  -999
OBS: 5999659  53423.695   119.00   0.0000e+00   9.5658e+00   5.7578e+00   0  J  0.00  1   !  -9.99000e+02  -99.000  -99.000  -999
OBS: 5999659  53425.695   121.00   0.0000e+00   8.6365e+00   5.1984e+00   0  J  0.00  1   !  -9.99000e+02  -99.000  -99.000  -999
OBS: 5999659  53427.695   123.00   0.0000e+00   7.7988e+00   4.6942e+00   0  J  0.00  1   !  -9.99000e+02  -99.000  -99.000  -999
OBS: 5999659  53429.695   125.00   0.0000e+00   7.0435e+00   4.2396e+00   0  J  0.00  1   !  -9.99000e+02  -99.000  -99.000  -999
OBS: 5999659  53431.695   127.00   0.0000e+00   6.3619e+00   3.8293e+00   0  J  0.00  1   !  -9.99000e+02  -99.000  -99.000  -999
OBS: 5999659  53433.695   129.00   0.0000e+00   5.7469e+00   3.4591e+00   0  J  0.00  1   !  -9.99000e+02  -99.000  -99.000  -999
OBS: 5999659  53435.695   131.00   0.0000e+00   5.1920e+00   3.1251e+00   0  J  0.00  1   !  -9.99000e+02  -99.000  -99.000  -999
OBS: 5999659  53437.695   133.00   0.0000e+00   4.5724e+00   2.7522e+00   0  J  0.00  1   !  -9.99000e+02  -99.000  -99.000  -999
OBS: 5999659  53439.695   135.00   0.0000e+00   3.9862e+00   2.3993e+00   0  J  0.00  1   !  -9.99000e+02  -99.000  -99.000  -999
OBS: 5999659  53441.695   137.00   0.0000e+00   3.5286e+00   2.1239e+00   0  J  0.00  1   !  -9.99000e+02  -99.000  -99.000  -999
OBS: 5999659  53443.695   139.00   0.0000e+00   3.2055e+00   1.9294e+00   0  J  0.00  1   !  -9.99000e+02  -99.000  -99.000  -999
OBS: 5999659  53301.621    -3.08   2.5666e+03   2.6738e+03   2.1521e+02   1  y  2.47  1   Y  2.50903e+18  -0.372  -1.345  1.00000e+11
OBS: 5999659  53301.629    -3.07   2.5655e+03   2.7289e+03   2.1751e+02   1  y  3.26  1   Y  2.56064e+18  -0.372  -1.346  1.00000e+11
OBS: 5999659  53306.609     1.91   1.8773e+03   1.6690e+03   1.7990e+02   1  y  0.03  1   Y  1.55831e+18  -0.377  -1.745  1.00000e+11
OBS: 5999659  53306.609     1.91   1.8773e+03   2.0137e+03   1.8285e+02   1  y  2.73  1   Y  1.88014e+18  -0.377  -1.745  1.00000e+11
OBS: 5999659  53311.531     6.83   1.5039e+03   1.2470e+03   1.7844e+02   1  y  0.38  1   Y  1.06930e+18  -0.470  -1.829  1.00000e+11
OBS: 5999659  53311.531     6.83   1.5039e+03   1.5588e+03   1.7672e+02   1  y  1.11  1   Y  1.33673e+18  -0.470  -1.829  1.00000e+11
OBS: 5999659  53327.570    22.87   1.7909e+03   1.5760e+03   1.9110e+02   1  y  0.05  1   Y  1.44632e+18  -0.396  -0.871  1.00000e+11
OBS: 5999659  53327.578    22.88   1.7910e+03   1.7393e+03   1.7063e+02   1  y  0.39  1   Y  1.59677e+18  -0.395  -0.871  1.00000e+11
OBS: 5999659  53338.559    33.86   2.5476e+03   2.5582e+03   2.6535e+02   1  y  0.85  1   Y  2.78284e+18  -0.211  -0.589  1.00000e+11
OBS: 5999659  53338.559    33.86   2.5476e+03   2.7381e+03   2.6589e+02   1  y  2.50  1   Y  2.97857e+18  -0.211  -0.589  1.00000e+11
OBS: 5999659  53245.695   -59.00   0.0000e+00   0.0000e+00   0.0000e+00   0  y  0.00  1   !  -9.99000e+02  -99.000  -99.000  -999
OBS: 5999659  53247.695   -57.00   0.0000e+00   0.0000e+00   0.0000e+00   0  y  0.00  1   !  -9.99000e+02  -99.000  -99.000  -999
OBS: 5999659  53249.695   -55.00   0.0000e+00   0.0000e+00   0.0000e+00   0  y  0.00  1   !  -9.99000e+02  -99.000  -99.000  -999
OBS: 5999659  53251.695   -53.00   0.0000e+00   0.0000e+00   0.0000e+00   0  y  0.00  1   !  -9.99000e+02  -99.000  -99.000  -999
OBS: 5999659  53253.695   -51.00   0.0000e+00   0.0000e+00   0.0000e+00   0  y  0.00  1   !  -9.99000e+02  -99.000  -99.000  -999
OBS: 5999659  53255.695   -49.00   0.0000e+00   0.0000e+00   0.0000e+00   0  y  0.00  1   !  -9.99000e+02  -99.000  -99.000  -999
OBS: 5999659  53257.695   -47.00   0.0000e+00   0.0000e+00   0.0000e+00   0  y  0.00  1   !  -9.99000e+02  -99.000  -99.000  -999
OBS: 5999659  53259.695   -45.00   0.0000e+00   0.0000e+00   0.0000e+00   0  y  0.00  1   !  -9.99000e+02  -99.000  -99.000  -999
OBS: 5999659  53261.695   -43.00   0.0000e+00   0.0000e+00   0.0000e+00   0  y  0.00  1   !  -9.99000e+02  -99.000  -99.000  -999
OBS: 5999659  53263.695   -41.00   0.0000e+00   0.0000e+00   0.0000e+00   0  y  0.00  1   !  -9.99000e+02  -99.000  -99.000  -999
OBS: 5999659  53265.695   -39.00   0.0000e+00   0.0000e+00   0.0000e+00   0  y  0.00  1   !  -9.99000e+02  -99.000  -99.000  -999
OBS: 5999659  53267.695   -37.00   0.0000e+00   0.0000e+00   0.0000e+00   0  y  0.00  1   !  -9.99000e+02  -99.000  -99.000  -999
OBS: 5999659  53269.695   -35.00   0.0000e+00   0.0000e+00   0.0000e+00   0  y  0.00  1   !  -9.99000e+02  -99.000  -99.000  -999
OBS: 5999659  53271.695   -33.00   0.0000e+00   0.0000e+00   0.0000e+00   0  y  0.00  1   !  -9.99000e+02  -99.000  -99.000  -999
OBS: 5999659  53273.695   -31.00   0.0000e+00   0.0000e+00   0.0000e+00   0  y  0.00  1   !  -9.99000e+02  -99.000  -99.000  -999
OBS: 5999659  53275.695   -29.00   0.0000e+00   0.0000e+00   0.0000e+00   0  y  0.00  1   !  -9.99000e+02  -99.000  -99.000  -999
OBS: 5999659  53277.695   -27.00   0.0000e+00   0.0000e+00   0.0000e+00   0  y  0.00  1   !  -9.99000e+02  -99.000  -99.000  -999
OBS: 5999659  53279.695   -25.00   0.0000e+00   0.0000e+00   0.0000e+00   0  y  0.00  1   !  -9.99000e+02  -99.000  -99.000  -999
OBS: 5999659  53281.695   -23.00   0.0000e+00   0.0000e+00   0.0000e+00   0  y  0.00  1   !  -9.99000e+02  -99.000  -99.000  -999
OBS: 5999659  53283.695   -21.00   0.0000e+00   3.6252e+02   2.1820e+02   0  y  0.00  1   !  -9.99000e+02  -99.000  -99.000  -999
OBS: 5999659  53285.695   -19.00   0.0000e+00   2.7816e+02   1.6743e+02   0  y  0.00  1   !  -9.99000e+02  -99.000  -99.000  -999
OBS: 5999659  53287.695   -17.00   0.0000e+00   2.7684e+02   1.6663e+02   0  y  0.00  1   !  -9.99000e+02  -99.000  -99.000  -999
OBS: 5999659  53289.695   -15.00   0.0000e+00   5.3524e+02   9.1057e+01   0  y  0.00  1   !  -9.99000e+02  -99.000  -99.000  -999
OBS: 5999659  53291.695   -13.00   0.0000e+00   9.7308e+02   5.7029e+01   0  y  0.00  1   !  -9.99000e+02  -99.000  -99.000  -999
OBS: 5999659  53293.695   -11.00   0.0000e+00   1.4060e+03   5.5659e+01   0  y  0.00  1   !  -9.99000e+02  -99.000  -99.000  -999
OBS: 5999659  53295.695    -9.00   0.0000e+00   1.8120e+03   5.5406e+01   0  y  0.00  1   !  -9.99000e+02  -99.000  -99.000  -999
OBS: 5999659  53297.695    -7.00   0.0000e+00   2.1746e+03   4.7680e+01   0  y  0.00  1   !  -9.99000e+02  -99.000  -99.000  -999
OBS: 5999659  53299.695    -5.00   0.0000e+00   2.3484e+03   4.7258e+01   0  y  0.00  1   !  -9.99000e+02  -99.000  -99.000  -999
OBS: 5999659  53301.695    -3.00   0.0000e+00   2.3178e+03   5.4223e+01   0  y  0.00  1   !  -9.99000e+02  -99.000  -99.000  -999
OBS: 5999659  53303.695    -1.00   0.0000e+00   2.0657e+03   5.5478e+01   0  y  0.00  1   !  -9.99000e+02  -99.000  -99.000  -999
OBS: 5999659  53305.695     1.00   0.0000e+00   1.7917e+03   4.9799e+01   0  y  0.00  1   !  -9.99000e+02  -99.000  -99.000  -999
OBS: 5999659  53307.695     3.00   0.0000e+00   1.6288e+03   5.1581e+01   0  y  0.00  1   !  -9.99000e+02  -99.000  -99.000  -999
OBS: 5999659  53309.695     5.00   0.0000e+00   1.4875e+03   5.6162e+01   0  y  0.00  1   !  -9.99000e+02  -99.000  -99.000  -999
OBS: 5999659  53311.695     7.00   0.0000e+00   1.3519e+03   5.9017e+01   0  y  0.00  1   !  -9.99000e+02  -99.000  -99.000  -999
OBS: 5999659  53313.695     9.00   0.0000e+00   1.2673e+03   5.8141e+01   0  y  0.00  1   !  -9.99000e+02  -99.000  -99.000  -999
OBS: 5999659  53315.695    11.00   0.0000e+00   1.2337e+03   5.5351e+01   0  y  0.00  1   !  -9.99000e+02  -99.000  -99.000  -999
OBS: 5999659  53317.695    13.00   0.0000e+00   1.2259e+03   5.5209e+01   0  y  0.00  1   !  -9.99000e+02  -99.000  -99.000  -999
OBS: 5999659  53319.695    15.00   0.0000e+00   1.2935e+03   5.7399e+01   0  y  0.00  1   !  -9.99000e+02  -99.000  -99.000  -999
OBS: 5999659  53321.695    17.00   0.0000e+00   1.4044e+03   5.8718e+01   0  y  0.00  1   !  -9.99000e+02  -99.000  -99.000  -999
OBS: 5999659  53323.695    19.00   0.0000e+00   1.5122e+03   6.1818e+01   0  y  0.00  1   !  -9.99000e+02  -99.000  -99.000  -999
OBS: 5999659  53325.695    21.00   0.0000e+00   1.5997e+03   6.8399e+01   0  y  0.00  1   !  -9.99000e+02  -99.000  -99.000  -999
OBS: 5999659  53327.695    23.00   0.0000e+00   1.6242e+03   7.3117e+01   0  y  0.00  1   !  -9.99000e+02  -99.000  -99.000  -999
OBS: 5999659  53329.695    25.00   0.0000e+00   1.6806e+03   7.1919e+01   0  y  0.00  1   !  -9.99000e+02  -99.000  -99.000  -999
OBS: 5999659  53331.695    27.00   0.0000e+00   1.9301e+03   6.7203e+01   0  y  0.00  1   !  -9.99000e+02  -99.000  -99.000  -999
OBS: 5999659  53333.695    29.00   0.0000e+00   2.2010e+03   6.2324e+01   0  y  0.00  1   !  -9.99000e+02  -99.000  -99.000  -999
OBS: 5999659  53335.695    31.00   0.0000e+00   2.3190e+03   6.1335e+01   0  y  0.00  1   !  -9.99000e+02  -99.000  -99.000  -999
OBS: 5999659  53337.695    33.00   0.0000e+00   2.3324e+03   5.9081e+01   0  y  0.00  1   !  -9.99000e+02  -99.000  -99.000  -999
OBS: 5999659  53339.695    35.00   0.0000e+00   2.2508e+03   5.7014e+01   0  y  0.00  1   !  -9.99000e+02  -99.000  -99.000  -999
OBS: 5999659  53341.695    37.00   0.0000e+00   2.1159e+03   5.5095e+01   0  y  0.00  1   !  -9.99000e+02  -99.000  -99.000  -999
OBS: 5999659  53343.695    39.00   0.0000e+00   1.9826e+03   5.3670e+01   0  y  0.00  1   !  -9.99000e+02  -99.000  -99.000  -999
OBS: 5999659  53345.695    41.00   0.0000e+00   1.8470e+03   5.2891e+01   0  y  0.00  1   !  -9.99000e+02  -99.000  -99.000  -999
OBS: 5999659  53347.695    43.00   0.0000e+00   1.6713e+03   5.4107e+01   0  y  0.00  1   !  -9.99000e+02  -99.000  -99.000  -999
OBS: 5999659  53349.695    45.00   0.0000e+00   1.5006e+03   5.7412e+01   0  y  0.00  1   !  -9.99000e+02  -99.000  -99.000  -999
OBS: 5999659  53351.695    47.00   0.0000e+00   1.3604e+03   4.9787e+01   0  y  0.00  1   !  -9.99000e+02  -99.000  -99.000  -999
OBS: 5999659  53353.695    49.00   0.0000e+00   1.2429e+03   4.1048e+01   0  y  0.00  1   !  -9.99000e+02  -99.000  -99.000  -999
OBS: 5999659  53355.695    51.00   0.0000e+00   1.1242e+03   4.1729e+01   0  y  0.00  1   !  -9.99000e+02  -99.000  -99.000  -999
OBS: 5999659  53357.695    53.00   0.0000e+00   1.0039e+03   4.6154e+01   0  y  0.00  1   !  -9.99000e+02  -99.000  -99.000  -999
OBS: 5999659  53359.695    55.00   0.0000e+00   8.8048e+02   4.8652e+02   0  y  0.00  1   !  -9.99000e+02  -99.000  -99.000  -999
OBS: 5999659  53361.695    57.00   0.0000e+00   7.6218e+02   4.5876e+02   0  y  0.00  1   !  -9.99000e+02  -99.000  -99.000  -999
OBS: 5999659  53363.695    59.00   0.0000e+00   6.9056e+02   4.1566e+02   0  y  0.00  1   !  -9.99000e+02  -99.000  -99.000  -999
OBS: 5999659  53365.695    61.00   0.0000e+00   6.3250e+02   3.8071e+02   0  y  0.00  1   !  -9.99000e+02  -99.000  -99.000  -999
OBS: 5999659  53367.695    63.00   0.0000e+00   5.8443e+02   3.5178e+02   0  y  0.00  1   !  -9.99000e+02  -99.000  -99.000  -999
OBS: 5999659  53369.695    65.00   0.0000e+00   5.4505e+02   3.2807e+02   0  y  0.00  1   !  -9.99000e+02  -99.000  -99.000  -999
OBS: 5999659  53371.695    67.00   0.0000e+00   4.6345e+02   2.7896e+02   0  y  0.00  1   !  -9.99000e+02  -99.000  -99.000  -999
OBS: 5999659  53373.695    69.00   0.0000e+00   3.9743e+02   2.3922e+02   0  y  0.00  1   !  -9.99000e+02  -99.000  -99.000  -999
OBS: 5999659  53375.695    71.00   0.0000e+00   3.4664e+02   2.0864e+02   0  y  0.00  1   !  -9.99000e+02  -99.000  -99.000  -999
OBS: 5999659  53377.695    73.00   0.0000e+00   3.0794e+02   1.8536e+02   0  y  0.00  1   !  -9.99000e+02  -99.000  -99.000  -999
OBS: 5999659  53379.695    75.00   0.0000e+00   2.7895e+02   1.6790e+02   0  y  0.00  1   !  -9.99000e+02  -99.000  -99.000  -999
OBS: 5999659  53381.695    77.00   0.0000e+00   2.5655e+02   1.5442e+02   0  y  0.00  1   !  -9.99000e+02  -99.000  -99.000  -999
OBS: 5999659  53383.695    79.00   0.0000e+00   2.3878e+02   1.4373e+02   0  y  0.00  1   !  -9.99000e+02  -99.000  -99.000  -999
OBS: 5999659  53385.695    81.00   0.0000e+00   2.1875e+02   1.3167e+02   0  y  0.00  1   !  -9.99000e+02  -99.000  -99.000  -999
OBS: 5999659  53387.695    83.00   0.0000e+00   1.9552e+02   1.1768e+02   0  y  0.00  1   !  -9.99000e+02  -99.000  -99.000  -999
OBS: 5999659  53389.695    85.00   0.0000e+00   1.7501e+02   1.0534e+02   0  y  0.00  1   !  -9.99000e+02  -99.000  -99.000  -999
OBS: 5999659  53391.695    87.00   0.0000e+00   1.5695e+02   9.4468e+01   0  y  0.00  1   !  -9.99000e+02  -99.000  -99.000  -999
OBS: 5999659  53393.695    89.00   0.0000e+00   1.4108e+02   8.4920e+01   0  y  0.00  1   !  -9.99000e+02  -99.000  -99.000  -999
OBS: 5999659  53395.695    91.00   0.0000e+00   1.2720e+02   7.6565e+01   0  y  0.00  1   !  -9.99000e+02  -99.000  -99.000  -999
OBS: 5999659  53397.695    93.00   0.0000e+00   1.1386e+02   6.8533e+01   0  y  0.00  1   !  -9.99000e+02  -99.000  -99.000  -999
OBS: 5999659  53399.695    95.00   0.0000e+00   1.0099e+02   6.0788e+01   0  y  0.00  1   !  -9.99000e+02  -99.000  -99.000  -999
OBS: 5999659  53401.695    97.00   0.0000e+00   8.9574e+01   5.3916e+01   0  y  0.00  1   !  -9.99000e+02  -99.000  -99.000  -999
OBS: 5999659  53403.695    99.00   0.0000e+00   7.9445e+01   4.7819e+01   0  y  0.00  1   !  -9.99000e+02  -99.000  -99.000  -999
OBS: 5999659  53405.695   101.00   0.0000e+00   7.0460e+01   4.2411e+01   0  y  0.00  1   !  -9.99000e+02  -99.000  -99.000  -999
OBS: 5999659  53407.695   103.00   0.0000e+00   6.2490e+01   3.7614e+01   0  y  0.00  1   !  -9.99000e+02  -99.000  -99.000  -999
OBS: 5999659  53409.695   105.00   0.0000e+00   5.5420e+01   3.3358e+01   0  y  0.00  1   !  -9.99000e+02  -99.000  -99.000  -999
OBS: 5999659  53411.695   107.00   0.0000e+00   4.9149e+01   2.9583e+01   0  y  0.00  1   !  -9.99000e+02  -99.000  -99.000  -999
OBS: 5999659  53413.695   109.00   0.0000e+00   4.3591e+01   2.6238e+01   0  y  0.00  1   !  -9.99000e+02  -99.000  -99.000  -999
OBS: 5999659  53415.695   111.00   0.0000e+00   3.8662e+01   2.3271e+01   0  y  0.00  1   !  -9.99000e+02  -99.000  -99.000  -999
OBS: 5999659  53417.695   113.00   0.0000e+00   3.4285e+01   2.0636e+01   0  y  0.00  1   !  -9.99000e+02  -99.000  -99.000  -999
OBS: 5999659  53419.695   115.00   0.0000e+00   3.0403e+01   1.8300e+01   0  y  0.00  1   !  -9.99000e+02  -99.000  -99.000  -999
OBS: 5999659  53421.695   117.00   0.0000e+00   2.6959e+01   1.6227e+01   0  y  0.00  1   !  -9.99000e+02  -99.000  -99.000  -999
OBS: 5999659  53423.695   119.00   0.0000e+00   2.3906e+01   1.4389e+01   0  y  0.00  1   !  -9.99000e+02  -99.000  -99.000  -999
OBS: 5999659  53425.695   121.00   0.0000e+00   2.1197e+01   1.2759e+01   0  y  0.00  1   !  -9.99000e+02  -99.000  -99.000  -999
OBS: 5999659  53427.695   123.00   0.0000e+00   1.8795e+01   1.1313e+01   0  y  0.00  1   !  -9.99000e+02  -99.000  -99.000  -999
OBS: 5999659  53429.695   125.00   0.0000e+00   1.6668e+01   1.0032e+01   0  y  0.00  1   !  -9.99000e+02  -99.000  -99.000  -999
OBS: 5999659  53431.695   127.00   0.0000e+00   1.4783e+01   8.8978e+00   0  y  0.00  1   !  -9.99000e+02  -99.000  -99.000  -999
OBS: 5999659  53433.695   129.00   0.0000e+00   1.3107e+01   7.8893e+00   0  y  0.00  1   !  -9.99000e+02  -99.000  -99.000  -999
OBS: 5999659  53435.695   131.00   0.0000e+00   1.1621e+01   6.9948e+00   0  y  0.00  1   !  -9.99000e+02  -99.000  -99.000  -999
OBS: 5999659  53437.695   133.00   0.0000e+00   1.0303e+01   6.2016e+00   0  y  0.00  1   !  -9.99000e+02  -99.000  -99.000  -999
OBS: 5999659  53439.695   135.00   0.0000e+00   9.1347e+00   5.4983e+00   0  y  0.00  1   !  -9.99000e+02  -99.000  -99.000  -999
OBS: 5999659  53441.695   137.00   0.0000e+00   8.0985e+00   4.8746e+00   0  y  0.00  1   !  -9.99000e+02  -99.000  -99.000  -999
OBS: 5999659  53443.695   139.00   0.0000e+00   7.1796e+00   4.3215e+00   0  y  0.00  1   !  -9.99000e+02  -99.000  -99.000  -999
OBS: 5999659  53301.621    -3.08   1.6223e+03   2.2754e+03   2.3408e+03   1  H  0.01  1   H  2.54039e+18  -0.183  -0.688  1.00000e+11
OBS: 5999659  53301.629    -3.07   1.6217e+03  -4.4644e+03   2.2717e+03   1  H  8.19  1   H  -4.98503e+18  -0.183  -0.687  1.00000e+11
OBS: 5999659  53306.609     1.91   1.2830e+03   1.6966e+03   1.8196e+03   1  H  0.00  1   H  2.09361e+18  -0.074  -0.479  1.00000e+11
OBS: 5999659  53306.609     1.91   1.2830e+03  -3.5796e+01   1.8580e+03   1  H  0.79  1   H  -4.41725e+16  -0.074  -0.479  1.00000e+11
OBS: 5999659  53311.531     6.83   9.6322e+02   5.1886e+02   1.5778e+03   1  H  0.19  1   H  7.53328e+17  0.102  -0.815  1.00000e+11
OBS: 5999659  53311.531     6.83   9.6322e+02   8.0916e+02   1.6104e+03   1  H  0.06  1   H  1.17482e+18  0.102  -0.815  1.00000e+11
OBS: 5999659  53327.570    22.87   9.3107e+02   2.1237e+03   1.8899e+03   1  H  0.25  1   H  3.89530e+18  0.356  1.389  1.00000e+11
OBS: 5999659  53327.578    22.88   9.3123e+02   2.2435e+03   1.9215e+03   1  H  0.31  1   H  4.11515e+18  0.356  1.389  1.00000e+11
OBS: 5999659  53338.559    33.86   1.1081e+03  -3.2170e+03   2.0176e+03   1  H  5.22  1   H  -5.06434e+18  0.190  -0.660  1.00000e+11
OBS: 5999659  53338.559    33.86   1.1081e+03   1.5566e+02   1.8938e+03   1  H  0.43  1   H  2.45056e+17  0.190  -0.660  1.00000e+11
OBS: 5999659  53342.531    37.83   1.0807e+03   7.5557e+02   1.7449e+03   1  H  0.12  1   H  1.05754e+18  0.062  -1.920  1.00000e+11
OBS: 5999659  53342.539    37.84   1.0805e+03   1.7614e+03   1.8320e+03   1  H  0.05  1   H  2.46469e+18  0.062  -1.922  1.00000e+11
OBS: 5999659  53358.551    53.85   4.5596e+02   4.8489e+02   1.0209e+03  -1  H  0.01  1   !  -9.99000e+02  -99.000  -99.000  -999
OBS: 5999659  53358.551    53.85   4.5596e+02   1.2466e+02   9.8541e+02  -1  H  0.21  1   !  -9.99000e+02  -99.000  -99.000  -999
OBS: 5999659  53245.695   -59.00   0.0000e+00   0.0000e+00   0.0000e+00   0  H  0.00  1   !  -9.99000e+02  -99.000  -99.000  -999
OBS: 5999659  53247.695   -57.00   0.0000e+00   0.0000e+00   0.0000e+00   0  H  0.00  1   !  -9.99000e+02  -99.000  -99.000  -999
OBS: 5999659  53249.695   -55.00   0.0000e+00   0.0000e+00   0.0000e+00   0  H  0.00  1   !  -9.99000e+02  -99.000  -99.000  -999
OBS: 5999659  53251.695   -53.00   0.0000e+00   0.0000e+00   0.0000e+00   0  H  0.00  1   !  -9.99000e+02  -99.000  -99.000  -999
OBS: 5999659  53253.695   -51.00   0.0000e+00   0.0000e+00   0.0000e+00   0  H  0.00  1   !  -9.99000e+02  -99.000  -99.000  -999
OBS: 5999659  53255.695   -49.00   0.0000e+00   0.0000e+00   0.0000e+00   0  H  0.00  1   !  -9.99000e+02  -99.000  -99.000  -999
OBS: 5999659  53257.695   -47.00   0.0000e+00   0.0000e+00   0.0000e+00   0  H  0.00  1   !  -9.99000e+02  -99.000  -99.000  -999
OBS: 5999659  53259.695   -45.00   0.0000e+00   0.0000e+00   0.0000e+00   0  H  0.00  1   !  -9.99000e+02  -99.000  -99.000  -999
OBS: 5999659  53261.695   -43.00   0.0000e+00   0.0000e+00   0.0000e+00   0  H  0.00  1   !  -9.99000e+02  -99.000  -99.000  -999
OBS: 5999659  53263.695   -41.00   0.0000e+00   0.0000e+00   0.0000e+00   0  H  0.00  1   !  -9.99000e+02  -99.000  -99.000  -999
OBS: 5999659  53265.695   -39.00   0.0000e+00   0.0000e+00   0.0000e+00   0  H  0.00  1   !  -9.99000e+02  -99.000  -99.000  -999
OBS: 5999659  53267.695   -37.00   0.0000e+00   0.0000e+00   0.0000e+00   0  H  0.00  1   !  -9.99000e+02  -99.000  -99.000  -999
OBS: 5999659  53269.695   -35.00   0.0000e+00   0.0000e+00   0.0000e+00   0  H  0.00  1   !  -9.99000e+02  -99.000  -99.000  -999
OBS: 5999659  53271.695   -33.00   0.0000e+00   0.0000e+00   0.0000e+00   0  H  0.00  1   !  -9.99000e+02  -99.000  -99.000  -999
OBS: 5999659  53273.695   -31.00   0.0000e+00   0.0000e+00   0.0000e+00   0  H  0.00  1   !  -9.99000e+02  -99.000  -99.000  -999
OBS: 5999659  53275.695   -29.00   0.0000e+00   0.0000e+00   0.0000e+00   0  H  0.00  1   !  -9.99000e+02  -99.000  -99.000  -999
OBS: 5999659  53277.695   -27.00   0.0000e+00   0.0000e+00   0.0000e+00   0  H  0.00  1   !  -9.99000e+02  -99.000  -99.000  -999
OBS: 5999659  53279.695   -25.00   0.0000e+00   0.0000e+00   0.0000e+00   0  H  0.00  1   !  -9.99000e+02  -99.000  -99.000  -999
OBS: 5999659  53281.695   -23.00   0.0000e+00   0.0000e+00   0.0000e+00   0  H  0.00  1   !  -9.99000e+02  -99.000  -99.000  -999
OBS: 5999659  53283.695   -21.00   0.0000e+00   3.0770e+02   1.8521e+02   0  H  0.00  1   !  -9.99000e+02  -99.000  -99.000  -999
OBS: 5999659  53285.695   -19.00   0.0000e+00   3.2038e+02   1.9284e+02   0  H  0.00  1   !  -9.99000e+02  -99.000  -99.000  -999
OBS: 5999659  53287.695   -17.00   0.0000e+00   3.2028e+02   1.9278e+02   0  H  0.00  1   !  -9.99000e+02  -99.000  -99.000  -999
OBS: 5999659  53289.695   -15.00   0.0000e+00   5.4117e+02   1.2610e+02   0  H  0.00  1   !  -9.99000e+02  -99.000  -99.000  -999
OBS: 5999659  53291.695   -13.00   0.0000e+00   9.6067e+02   7.3120e+01   0  H  0.00  1   !  -9.99000e+02  -99.000  -99.000  -999
OBS: 5999659  53293.695   -11.00   0.0000e+00   1.3828e+03   5.7533e+01   0  H  0.00  1   !  -9.99000e+02  -99.000  -99.000  -999
OBS: 5999659  53295.695    -9.00   0.0000e+00   1.7515e+03   5.4363e+01   0  H  0.00  1   !  -9.99000e+02  -99.000  -99.000  -999
OBS: 5999659  53297.695    -7.00   0.0000e+00   2.0130e+03   4.3270e+01   0  H  0.00  1   !  -9.99000e+02  -99.000  -99.000  -999
OBS: 5999659  53299.695    -5.00   0.0000e+00   2.0994e+03   3.6047e+01   0  H  0.00  1   !  -9.99000e+02  -99.000  -99.000  -999
OBS: 5999659  53301.695    -3.00   0.0000e+00   2.0335e+03   3.6646e+01   0  H  0.00  1   !  -9.99000e+02  -99.000  -99.000  -999
OBS: 5999659  53303.695    -1.00   0.0000e+00   1.8328e+03   3.5727e+01   0  H  0.00  1   !  -9.99000e+02  -99.000  -99.000  -999
OBS: 5999659  53305.695     1.00   0.0000e+00   1.6665e+03   3.5220e+01   0  H  0.00  1   !  -9.99000e+02  -99.000  -99.000  -999
OBS: 5999659  53307.695     3.00   0.0000e+00   1.5526e+03   3.6389e+01   0  H  0.00  1   !  -9.99000e+02  -99.000  -99.000  -999
OBS: 5999659  53309.695     5.00   0.0000e+00   1.3869e+03   3.7520e+01   0  H  0.00  1   !  -9.99000e+02  -99.000  -99.000  -999
OBS: 5999659  53311.695     7.00   0.0000e+00   1.1948e+03   3.6072e+01   0  H  0.00  1   !  -9.99000e+02  -99.000  -99.000  -999
OBS: 5999659  53313.695     9.00   0.0000e+00   1.0298e+03   3.2609e+01   0  H  0.00  1   !  -9.99000e+02  -99.000  -99.000  -999
OBS: 5999659  53315.695    11.00   0.0000e+00   9.4448e+02   2.7476e+01   0  H  0.00  1   !  -9.99000e+02  -99.000  -99.000  -999
OBS: 5999659  53317.695    13.00   0.0000e+00   9.1755e+02   2.4617e+01   0  H  0.00  1   !  -9.99000e+02  -99.000  -99.000  -999
OBS: 5999659  53319.695    15.00   0.0000e+00   9.1858e+02   2.4039e+01   0  H  0.00  1   !  -9.99000e+02  -99.000  -99.000  -999
OBS: 5999659  53321.695    17.00   0.0000e+00   9.7256e+02   2.7340e+01   0  H  0.00  1   !  -9.99000e+02  -99.000  -99.000  -999
OBS: 5999659  53323.695    19.00   0.0000e+00   1.0471e+03   3.1458e+01   0  H  0.00  1   !  -9.99000e+02  -99.000  -99.000  -999
OBS: 5999659  53325.695    21.00   0.0000e+00   1.1204e+03   3.3667e+01   0  H  0.00  1   !  -9.99000e+02  -99.000  -99.000  -999
OBS: 5999659  53327.695    23.00   0.0000e+00   1.1735e+03   3.3363e+01   0  H  0.00  1   !  -9.99000e+02  -99.000  -99.000  -999
OBS: 5999659  53329.695    25.00   0.0000e+00   1.2126e+03   3.1487e+01   0  H  0.00  1   !  -9.99000e+02  -99.000  -99.000  -999
OBS: 5999659  53331.695    27.00   0.0000e+00   1.2601e+03   2.8835e+01   0  H  0.00  1   !  -9.99000e+02  -99.000  -99.000  -999
OBS: 5999659  53333.695    29.00   0.0000e+00   1.2944e+03   2.7434e+01   0  H  0.00  1   !  -9.99000e+02  -99.000  -99.000  -999
OBS: 5999659  53335.695    31.00   0.0000e+00   1.3477e+03   3.3020e+01   0  H  0.00  1   !  -9.99000e+02  -99.000  -99.000  -999
OBS: 5999659  53337.695    33.00   0.0000e+00   1.3844e+03   3.8489e+01   0  H  0.00  1   !  -9.99000e+02  -99.000  -99.000  -999
OBS: 5999659  53339.695    35.00   0.0000e+00   1.3970e+03   4.0452e+01   0  H  0.00  1   !  -9.99000e+02  -99.000  -99.000  -999
OBS: 5999659  53341.695    37.00   0.0000e+00   1.3767e+03   4.2138e+01   0  H  0.00  1   !  -9.99000e+02  -99.000  -99.000  -999
OBS: 5999659  53343.695    39.00   0.0000e+00   1.3095e+03   4.5650e+01   0  H  0.00  1   !  -9.99000e+02  -99.000  -99.000  -999
OBS: 5999659  53345.695    41.00   0.0000e+00   1.2060e+03   4.6654e+01   0  H  0.00  1   !  -9.99000e+02  -99.000  -99.000  -999
OBS: 5999659  53347.695    43.00   0.0000e+00   1.0769e+03   4.4148e+01   0  H  0.00  1   !  -9.99000e+02  -99.000  -99.000  -999
OBS: 5999659  53349.695    45.00   0.0000e+00   9.2214e+02   4.2824e+01   0  H  0.00  1   !  -9.99000e+02  -99.000  -99.000  -999
OBS: 5999659  53351.695    47.00   0.0000e+00   8.0070e+02   3.9034e+01   0  H  0.00  1   !  -9.99000e+02  -99.000  -99.000  -999
OBS: 5999659  53353.695    49.00   0.0000e+00   7.1885e+02   3.6312e+01   0  H  0.00  1   !  -9.99000e+02  -99.000  -99.000  -999
OBS: 5999659  53355.695    51.00   0.0000e+00   6.5909e+02   4.0803e+01   0  H  0.00  1   !  -9.99000e+02  -99.000  -99.000  -999
OBS: 5999659  53357.695    53.00   0.0000e+00   5.9904e+02   4.7425e+01   0  H  0.00  1   !  -9.99000e+02  -99.000  -99.000  -999
OBS: 5999659  53359.695    55.00   0.0000e+00   5.3971e+02   2.9953e+02   0  H  0.00  1   !  -9.99000e+02  -99.000  -99.000  -999
OBS: 5999659  53361.695    57.00   0.0000e+00   4.8712e+02   2.9320e+02   0  H  0.00  1   !  -9.99000e+02  -99.000  -99.000  -999
OBS: 5999659  53363.695    59.00   0.0000e+00   4.4705e+02   2.6909e+02   0  H  0.00  1   !  -9.99000e+02  -99.000  -99.000  -999
OBS: 5999659  53365.695    61.00   0.0000e+00   4.1186e+02   2.4790e+02   0  H  0.00  1   !  -9.99000e+02  -99.000  -99.000  -999
OBS: 5999659  53367.695    63.00   0.0000e+00   3.8059e+02   2.2908e+02   0  H  0.00  1   !  -9.99000e+02  -99.000  -99.000  -999
OBS: 5999659  53369.695    65.00   0.0000e+00   3.5237e+02   2.1209e+02   0  H  0.00  1   !  -9.99000e+02  -99.000  -99.000  -999
OBS: 5999659  53371.695    67.00   0.0000e+00   2.8788e+02   1.7328e+02   0  H  0.00  1   !  -9.99000e+02  -99.000  -99.000  -999
OBS: 5999659  53373.695    69.00   0.0000e+00   2.4112e+02   1.4513e+02   0  H  0.00  1   !  -9.99000e+02  -99.000  -99.000  -999
OBS: 5999659  53375.695    71.00   0.0000e+00   2.0837e+02   1.2542e+02   0  H  0.00  1   !  -9.99000e+02  -99.000  -99.000  -999
OBS: 5999659  53377.695    73.00   0.0000e+00   1.8562e+02   1.1173e+02   0  H  0.00  1   !  -9.99000e+02  -99.000  -99.000  -999
OBS: 5999659  53379.695    75.00   0.0000e+00   1.6912e+02   1.0180e+02   0  H  0.00  1   !  -9.99000e+02  -99.000  -99.000  -999
OBS: 5999659  53381.695    77.00   0.0000e+00   1.5549e+02   9.3589e+01   0  H  0.00  1   !  -9.99000e+02  -99.000  -99.000  -999
OBS: 5999659  53383.695    79.00   0.0000e+00   1.4267e+02   8.5873e+01   0  H  0.00  1   !  -9.99000e+02  -99.000  -99.000  -999
OBS: 5999659  53385.695    81.00   0.0000e+00   1.3163e+02   7.9227e+01   0  H  0.00  1   !  -9.99000e+02  -99.000  -99.000  -999
OBS: 5999659  53387.695    83.00   0.0000e+00   1.2236e+02   7.3649e+01   0  H  0.00  1   !  -9.99000e+02  -99.000  -99.000  -999
OBS: 5999659  53389.695    85.00   0.0000e+00   1.1383e+02   6.8513e+01   0  H  0.00  1   !  -9.99000e+02  -99.000  -99.000  -999
OBS: 5999659  53391.695    87.00   0.0000e+00   1.0599e+02   6.3794e+01   0  H  0.00  1   !  -9.99000e+02  -99.000  -99.000  -999
OBS: 5999659  53393.695    89.00   0.0000e+00   9.8832e+01   5.9488e+01   0  H  0.00  1   !  -9.99000e+02  -99.000  -99.000  -999
OBS: 5999659  53395.695    91.00   0.0000e+00   9.2366e+01   5.5596e+01   0  H  0.00  1   !  -9.99000e+02  -99.000  -99.000  -999
OBS: 5999659  53397.695    93.00   0.0000e+00   8.5872e+01   5.1687e+01   0  H  0.00  1   !  -9.99000e+02  -99.000  -99.000  -999
OBS: 5999659  53399.695    95.00   0.0000e+00   7.9339e+01   4.7755e+01   0  H  0.00  1   !  -9.99000e+02  -99.000  -99.000  -999
OBS: 5999659  53401.695    97.00   0.0000e+00   7.3301e+01   4.4120e+01   0  H  0.00  1   !  -9.99000e+02  -99.000  -99.000  -999
OBS: 5999659  53403.695    99.00   0.0000e+00   6.7720e+01   4.0762e+01   0  H  0.00  1   !  -9.99000e+02  -99.000  -99.000  -999
OBS: 5999659  53405.695   101.00   0.0000e+00   6.2563e+01   3.7657e+01   0  H  0.00  1   !  -9.99000e+02  -99.000  -99.000  -999
OBS: 5999659  53407.695   103.00   0.0000e+00   5.7797e+01   3.4789e+01   0  H  0.00  1   !  -9.99000e+02  -99.000  -99.000  -999
OBS: 5999659  53409.695   105.00   0.0000e+00   5.3393e+01   3.2138e+01   0  H  0.00  1   !  -9.99000e+02  -99.000  -99.000  -999
OBS: 5999659  53411.695   107.00   0.0000e+00   4.9323e+01   2.9688e+01   0  H  0.00  1   !  -9.99000e+02  -99.000  -99.000  -999
OBS: 5999659  53413.695   109.00   0.0000e+00   4.5562e+01   2.7425e+01   0  H  0.00  1   !  -9.99000e+02  -99.000  -99.000  -999
OBS: 5999659  53415.695   111.00   0.0000e+00   4.2087e+01   2.5333e+01   0  H  0.00  1   !  -9.99000e+02  -99.000  -99.000  -999
OBS: 5999659  53417.695   113.00   0.0000e+00   3.8876e+01   2.3400e+01   0  H  0.00  1   !  -9.99000e+02  -99.000  -99.000  -999
OBS: 5999659  53419.695   115.00   0.0000e+00   3.5910e+01   2.1614e+01   0  H  0.00  1   !  -9.99000e+02  -99.000  -99.000  -999
OBS: 5999659  53421.695   117.00   0.0000e+00   3.3166e+01   1.9963e+01   0  H  0.00  1   !  -9.99000e+02  -99.000  -99.000  -999
OBS: 5999659  53423.695   119.00   0.0000e+00   3.0631e+01   1.8437e+01   0  H  0.00  1   !  -9.99000e+02  -99.000  -99.000  -999
OBS: 5999659  53425.695   121.00   0.0000e+00   2.8290e+01   1.7028e+01   0  H  0.00  1   !  -9.99000e+02  -99.000  -99.000  -999
OBS: 5999659  53427.695   123.00   0.0000e+00   2.6128e+01   1.5727e+01   0  H  0.00  1   !  -9.99000e+02  -99.000  -99.000  -999
OBS: 5999659  53429.695   125.00   0.0000e+00   2.4130e+01   1.4524e+01   0  H  0.00  1   !  -9.99000e+02  -99.000  -99.000  -999
OBS: 5999659  53431.695   127.00   0.0000e+00   2.2285e+01   1.3413e+01   0  H  0.00  1   !  -9.99000e+02  -99.000  -99.000  -999
OBS: 5999659  53433.695   129.00   0.0000e+00   2.0580e+01   1.2387e+01   0  H  0.00  1   !  -9.99000e+02  -99.000  -99.000  -999
OBS: 5999659  53435.695   131.00   0.0000e+00   1.9005e+01   1.1439e+01   0  H  0.00  1   !  -9.99000e+02  -99.000  -99.000  -999
OBS: 5999659  53437.695   133.00   0.0000e+00   1.7550e+01   1.0563e+01   0  H  0.00  1   !  -9.99000e+02  -99.000  -99.000  -999
OBS: 5999659  53439.695   135.00   0.0000e+00   1.6206e+01   9.7544e+00   0  H  0.00  1   !  -9.99000e+02  -99.000  -99.000  -999
OBS: 5999659  53441.695   137.00   0.0000e+00   1.4964e+01   9.0072e+00   0  H  0.00  1   !  -9.99000e+02  -99.000  -99.000  -999
OBS: 5999659  53443.695   139.00   0.0000e+00   1.3818e+01   8.3170e+00   0  H  0.00  1   !  -9.99000e+02  -99.000  -99.000  -999
