VARNAMES: CID MJD Tobs SIM_FLUXCAL FLUXCAL FLUXCAL_ERR DATAFLAG BAND CHI2 IFIT BAND_REST FLUX_REST KCOR AVWARP SIM_FLUX_REST 
OBS: 6000219  54196.648    -2.69   4.3534e+03   3.6965e+03   6.9404e+02   1  J  0.53  1   J  2.83171e+18  -0.113  0.616  1.00000e+11
OBS: 6000219  54196.660    -2.68   4.3520e+03   3.9554e+03   7.0704e+02   1  J  0.12  1   J  3.02980e+18  -0.113  0.613  1.00000e+11
OBS: 6000219  54198.672    -0.67   3.9999e+03   5.1599e+03   5.9800e+02   1  J  4.53  1   J  3.87822e+18  -0.133  0.111  1.00000e+11
OBS: 6000219  54198.672    -0.67   3.9999e+03   3.0116e+03   6.6694e+02   1  J  1.59  1   J  2.26356e+18  -0.133  0.111  1.00000e+11
OBS: 6000219  54205.660     6.32   2.1511e+03   2.0617e+03   6.5401e+02   1  J  0.00  1   J  1.53958e+18  -0.140  0.419  1.00000e+11
OBS: 6000219  54205.672     6.33   2.1490e+03   1.5794e+03   6.4187e+02   1  J  0.58  1   J  1.17935e+18  -0.141  0.422  1.00000e+11
OBS: 6000219  54208.641     9.30   1.5880e+03   2.0796e+03   5.6192e+02   1  J  0.90  1   J  1.52269e+18  -0.162  1.308  1.00000e+11
OBS: 6000219  54208.660     9.32   1.5850e+03   1.3829e+03   5.0969e+02   1  J  0.08  1   J  1.01235e+18  -0.162  1.312  1.00000e+11
OBS: 6000219  54230.551    31.21   1.9461e+03   2.5213e+03   6.1884e+02   1  J  0.99  1   J  1.50086e+18  -0.387  1.933  1.00000e+11
OBS: 6000219  54230.559    31.22   1.9468e+03   1.2836e+03   5.9095e+02   1  J  0.96  1   J  7.64229e+17  -0.386  1.938  1.00000e+11
OBS: 6000219  54238.578    39.24   2.2705e+03   2.5240e+03   8.3461e+02   1  J  0.14  1   J  1.51433e+18  -0.378  4.268  1.00000e+11
OBS: 6000219  54140.336   -59.00   0.0000e+00   0.0000e+00   0.0000e+00   0  J  0.00  1   !  -9.99000e+02  -99.000  -99.000  -999
OBS: 6000219  54142.336   -57.00   0.0000e+00   0.0000e+00   0.0000e+00   0  J  0.00  1   !  -9.99000e+02  -99.000  -99.000  -999
OBS: 6000219  54144.336   -55.00   0.0000e+00   0.0000e+00   0.0000e+00   0  J  0.00  1   !  -9.99000e+02  -99.000  -99.000  -999
OBS: 6000219  54146.336   -53.00   0.0000e+00   0.0000e+00   0.0000e+00   0  J  0.00  1   !  -9.99000e+02  -99.000  -99.000  -999
OBS: 6000219  54148.336   -51.00   0.0000e+00   0.0000e+00   0.0000e+00   0  J  0.00  1   !  -9.99000e+02  -99.000  -99.000  -999
OBS: 6000219  54150.336   -49.00   0.0000e+00   0.0000e+00   0.0000e+00   0  J  0.00  1   !  -9.99000e+02  -99.000  -99.000  -999
OBS: 6000219  54152.336   -47.00   0.0000e+00   0.0000e+00   0.0000e+00   0  J  0.00  1   !  -9.99000e+02  -99.000  -99.000  -999
OBS: 6000219  54154.336   -45.00   0.0000e+00   0.0000e+00   0.0000e+00   0  J  0.00  1   !  -9.99000e+02  -99.000  -99.000  -999
OBS: 6000219  54156.336   -43.00   0.0000e+00   0.0000e+00   0.0000e+00   0  J  0.00  1   !  -9.99000e+02  -99.000  -99.000  -999
OBS: 6000219  54158.336   -41.00   0.0000e+00   0.0000e+00   0.0000e+00   0  J  0.00  1   !  -9.99000e+02  -99.000  -99.000  -999
OBS: 6000219  54160.336   -39.00   0.0000e+00   0.0000e+00   0.0000e+00   0  J  0.00  1   !  -9.99000e+02  -99.000  -99.000  -999
OBS: 6000219  54162.336   -37.00   0.0000e+00   0.0000e+00   0.0000e+00   0  J  0.00  1   !  -9.99000e+02  -99.000  -99.000  -999
OBS: 6000219  54164.336   -35.00   0.0000e+00   0.0000e+00   0.0000e+00   0  J  0.00  1   !  -9.99000e+02  -99.000  -99.000  -999
OBS: 6000219  54166.336   -33.00   0.0000e+00   0.0000e+00   0.0000e+00   0  J  0.00  1   !  -9.99000e+02  -99.000  -99.000  -999
OBS: 6000219  54168.336   -31.00   0.0000e+00   0.0000e+00   0.0000e+00   0  J  0.00  1   !  -9.99000e+02  -99.000  -99.000  -999
OBS: 6000219  54170.336   -29.00   0.0000e+00   0.0000e+00   0.0000e+00   0  J  0.00  1   !  -9.99000e+02  -99.000  -99.000  -999
OBS: 6000219  54172.336   -27.00   0.0000e+00   0.0000e+00   0.0000e+00   0  J  0.00  1   !  -9.99000e+02  -99.000  -99.000  -999
OBS: 6000219  54174.336   -25.00   0.0000e+00   0.0000e+00   0.0000e+00   0  J  0.00  1   !  -9.99000e+02  -99.000  -99.000  -999
OBS: 6000219  54176.336   -23.00   0.0000e+00   0.0000e+00   0.0000e+00   0  J  0.00  1   !  -9.99000e+02  -99.000  -99.000  -999
OBS: 6000219  54178.336   -21.00   0.0000e+00   1.5935e+03   9.5913e+02   0  J  0.00  1   !  -9.99000e+02  -99.000  -99.000  -999
OBS: 6000219  54180.336   -19.00   0.0000e+00   1.7188e+03   1.0346e+03   0  J  0.00  1   !  -9.99000e+02  -99.000  -99.000  -999
OBS: 6000219  54182.336   -17.00   0.0000e+00   1.7164e+03   1.0331e+03   0  J  0.00  1   !  -9.99000e+02  -99.000  -99.000  -999
OBS: 6000219  54184.336   -15.00   0.0000e+00   2.0842e+03   4.2125e+02   0  J  0.00  1   !  -9.99000e+02  -99.000  -99.000  -999
OBS: 6000219  54186.336   -13.00   0.0000e+00   2.9620e+03   9.3824e+01   0  J  0.00  1   !  -9.99000e+02  -99.000  -99.000  -999
OBS: 6000219  54188.336   -11.00   0.0000e+00   3.7071e+03   1.0277e+02   0  J  0.00  1   !  -9.99000e+02  -99.000  -99.000  -999
OBS: 6000219  54190.336    -9.00   0.0000e+00   4.1498e+03   1.1208e+02   0  J  0.00  1   !  -9.99000e+02  -99.000  -99.000  -999
OBS: 6000219  54192.336    -7.00   0.0000e+00   4.3370e+03   1.0341e+02   0  J  0.00  1   !  -9.99000e+02  -99.000  -99.000  -999
OBS: 6000219  54194.336    -5.00   0.0000e+00   4.3885e+03   9.7605e+01   0  J  0.00  1   !  -9.99000e+02  -99.000  -99.000  -999
OBS: 6000219  54196.336    -3.00   0.0000e+00   4.2481e+03   1.0880e+02   0  J  0.00  1   !  -9.99000e+02  -99.000  -99.000  -999
OBS: 6000219  54198.336    -1.00   0.0000e+00   3.9431e+03   1.1356e+02   0  J  0.00  1   !  -9.99000e+02  -99.000  -99.000  -999
OBS: 6000219  54200.336     1.00   0.0000e+00   3.4131e+03   1.1204e+02   0  J  0.00  1   !  -9.99000e+02  -99.000  -99.000  -999
OBS: 6000219  54202.336     3.00   0.0000e+00   2.8274e+03   1.0900e+02   0  J  0.00  1   !  -9.99000e+02  -99.000  -99.000  -999
OBS: 6000219  54204.336     5.00   0.0000e+00   2.3572e+03   1.0441e+02   0  J  0.00  1   !  -9.99000e+02  -99.000  -99.000  -999
OBS: 6000219  54206.336     7.00   0.0000e+00   1.9384e+03   1.0272e+02   0  J  0.00  1   !  -9.99000e+02  -99.000  -99.000  -999
OBS: 6000219  54208.336     9.00   0.0000e+00   1.5798e+03   1.1367e+02   0  J  0.00  1   !  -9.99000e+02  -99.000  -99.000  -999
OBS: 6000219  54210.336    11.00   0.0000e+00   1.3253e+03   1.2668e+02   0  J  0.00  1   !  -9.99000e+02  -99.000  -99.000  -999
OBS: 6000219  54212.336    13.00   0.0000e+00   1.2016e+03   1.2461e+02   0  J  0.00  1   !  -9.99000e+02  -99.000  -99.000  -999
OBS: 6000219  54214.336    15.00   0.0000e+00   1.2096e+03   1.2086e+02   0  J  0.00  1   !  -9.99000e+02  -99.000  -99.000  -999
OBS: 6000219  54216.336    17.00   0.0000e+00   1.2509e+03   1.0367e+02   0  J  0.00  1   !  -9.99000e+02  -99.000  -99.000  -999
OBS: 6000219  54218.336    19.00   0.0000e+00   1.3141e+03   9.1034e+01   0  J  0.00  1   !  -9.99000e+02  -99.000  -99.000  -999
OBS: 6000219  54220.336    21.00   0.0000e+00   1.3771e+03   1.0722e+02   0  J  0.00  1   !  -9.99000e+02  -99.000  -99.000  -999
OBS: 6000219  54222.336    23.00   0.0000e+00   1.4692e+03   1.2972e+02   0  J  0.00  1   !  -9.99000e+02  -99.000  -99.000  -999
OBS: 6000219  54224.336    25.00   0.0000e+00   1.5650e+03   1.4097e+02   0  J  0.00  1   !  -9.99000e+02  -99.000  -99.000  -999
OBS: 6000219  54226.336    27.00   0.0000e+00   1.6599e+03   1.4745e+02   0  J  0.00  1   !  -9.99000e+02  -99.000  -99.000  -999
OBS: 6000219  54228.336    29.00   0.0000e+00   1.7615e+03   1.5166e+02   0  J  0.00  1   !  -9.99000e+02  -99.000  -99.000  -999
OBS: 6000219  54230.336    31.00   0.0000e+00   1.8708e+03   1.6435e+02   0  J  0.00  1   !  -9.99000e+02  -99.000  -99.000  -999
OBS: 6000219  54232.336    33.00   0.0000e+00   2.0202e+03   1.9917e+02   0  J  0.00  1   !  -9.99000e+02  -99.000  -99.000  -999
OBS: 6000219  54234.336    35.00   0.0000e+00   2.2087e+03   2.4114e+02   0  J  0.00  1   !  -9.99000e+02  -99.000  -99.000  -999
OBS: 6000219  54236.336    37.00   0.0000e+00   2.3007e+03   2.6358e+02   0  J  0.00  1   !  -9.99000e+02  -99.000  -99.000  -999
OBS: 6000219  54238.336    39.00   0.0000e+00   2.2170e+03   2.7198e+02   0  J  0.00  1   !  -9.99000e+02  -99.000  -99.000  -999
OBS: 6000219  54240.336    41.00   0.0000e+00   1.9980e+03   2.5902e+02   0  J  0.00  1   !  -9.99000e+02  -99.000  -99.000  -999
OBS: 6000219  54242.336    43.00   0.0000e+00   1.7059e+03   2.1948e+02   0  J  0.00  1   !  -9.99000e+02  -99.000  -99.000  -999
OBS: 6000219  54244.336    45.00   0.0000e+00   1.4013e+03   1.6780e+02   0  J  0.00  1   !  -9.99000e+02  -99.000  -99.000  -999
OBS: 6000219  54246.336    47.00   0.0000e+00   1.1689e+03   1.2976e+02   0  J  0.00  1   !  -9.99000e+02  -99.000  -99.000  -999
OBS: 6000219  54248.336    49.00   0.0000e+00   1.0508e+03   1.5236e+02   0  J  0.00  1   !  -9.99000e+02  -99.000  -99.000  -999
OBS: 6000219  54250.336    51.00   0.0000e+00   9.9506e+02   2.5056e+02   0  J  0.00  1   !  -9.99000e+02  -99.000  -99.000  -999
OBS: 6000219  54252.336    53.00   0.0000e+00   9.4582e+02   3.6049e+02   0  J  0.00  1   !  -9.99000e+02  -99.000  -99.000  -999
OBS: 6000219  54254.336    55.00   0.0000e+00   8.8869e+02   5.3491e+02   0  J  0.00  1   !  -9.99000e+02  -99.000  -99.000  -999
OBS: 6000219  54256.336    57.00   0.0000e+00   8.1775e+02   4.9222e+02   0  J  0.00  1   !  -9.99000e+02  -99.000  -99.000  -999
OBS: 6000219  54258.336    59.00   0.0000e+00   7.4227e+02   4.4678e+02   0  J  0.00  1   !  -9.99000e+02  -99.000  -99.000  -999
OBS: 6000219  54260.336    61.00   0.0000e+00   6.7698e+02   4.0748e+02   0  J  0.00  1   !  -9.99000e+02  -99.000  -99.000  -999
OBS: 6000219  54262.336    63.00   0.0000e+00   6.1986e+02   3.7310e+02   0  J  0.00  1   !  -9.99000e+02  -99.000  -99.000  -999
OBS: 6000219  54264.336    65.00   0.0000e+00   5.3167e+02   3.2002e+02   0  J  0.00  1   !  -9.99000e+02  -99.000  -99.000  -999
OBS: 6000219  54266.336    67.00   0.0000e+00   4.5116e+02   2.7156e+02   0  J  0.00  1   !  -9.99000e+02  -99.000  -99.000  -999
OBS: 6000219  54268.336    69.00   0.0000e+00   3.9730e+02   2.3914e+02   0  J  0.00  1   !  -9.99000e+02  -99.000  -99.000  -999
OBS: 6000219  54270.336    71.00   0.0000e+00   3.5833e+02   2.1568e+02   0  J  0.00  1   !  -9.99000e+02  -99.000  -99.000  -999
OBS: 6000219  54272.336    73.00   0.0000e+00   3.2701e+02   1.9683e+02   0  J  0.00  1   !  -9.99000e+02  -99.000  -99.000  -999
OBS: 6000219  54274.336    75.00   0.0000e+00   2.9854e+02   1.7969e+02   0  J  0.00  1   !  -9.99000e+02  -99.000  -99.000  -999
OBS: 6000219  54276.336    77.00   0.0000e+00   2.6772e+02   1.6114e+02   0  J  0.00  1   !  -9.99000e+02  -99.000  -99.000  -999
OBS: 6000219  54278.336    79.00   0.0000e+00   2.4139e+02   1.4530e+02   0  J  0.00  1   !  -9.99000e+02  -99.000  -99.000  -999
OBS: 6000219  54280.336    81.00   0.0000e+00   2.2942e+02   1.3809e+02   0  J  0.00  1   !  -9.99000e+02  -99.000  -99.000  -999
OBS: 6000219  54282.336    83.00   0.0000e+00   2.1811e+02   1.3128e+02   0  J  0.00  1   !  -9.99000e+02  -99.000  -99.000  -999
OBS: 6000219  54284.336    85.00   0.0000e+00   2.0743e+02   1.2486e+02   0  J  0.00  1   !  -9.99000e+02  -99.000  -99.000  -999
OBS: 6000219  54286.336    87.00   0.0000e+00   1.9713e+02   1.1865e+02   0  J  0.00  1   !  -9.99000e+02  -99.000  -99.000  -999
OBS: 6000219  54288.336    89.00   0.0000e+00   1.8695e+02   1.1252e+02   0  J  0.00  1   !  -9.99000e+02  -99.000  -99.000  -999
OBS: 6000219  54290.336    91.00   0.0000e+00   1.7817e+02   1.0724e+02   0  J  0.00  1   !  -9.99000e+02  -99.000  -99.000  -999
OBS: 6000219  54292.336    93.00   0.0000e+00   1.7118e+02   1.0304e+02   0  J  0.00  1   !  -9.99000e+02  -99.000  -99.000  -999
OBS: 6000219  54294.336    95.00   0.0000e+00   1.6447e+02   9.8999e+01   0  J  0.00  1   !  -9.99000e+02  -99.000  -99.000  -999
OBS: 6000219  54296.336    97.00   0.0000e+00   1.5803e+02   9.5119e+01   0  J  0.00  1   !  -9.99000e+02  -99.000  -99.000  -999
OBS: 6000219  54298.336    99.00   0.0000e+00   1.5183e+02   9.1390e+01   0  J  0.00  1   !  -9.99000e+02  -99.000  -99.000  -999
OBS: 6000219  54300.336   101.00   0.0000e+00   1.4588e+02   8.7808e+01   0  J  0.00  1   !  -9.99000e+02  -99.000  -99.000  -999
OBS: 6000219  54302.336   103.00   0.0000e+00   1.4016e+02   8.4367e+01   0  J  0.00  1   !  -9.99000e+02  -99.000  -99.000  -999
OBS: 6000219  54304.336   105.00   0.0000e+00   1.3467e+02   8.1060e+01   0  J  0.00  1   !  -9.99000e+02  -99.000  -99.000  -999
OBS: 6000219  54306.336   107.00   0.0000e+00   1.2939e+02   7.7883e+01   0  J  0.00  1   !  -9.99000e+02  -99.000  -99.000  -999
OBS: 6000219  54308.336   109.00   0.0000e+00   1.2432e+02   7.4830e+01   0  J  0.00  1   !  -9.99000e+02  -99.000  -99.000  -999
OBS: 6000219  54310.336   111.00   0.0000e+00   1.1945e+02   7.1897e+01   0  J  0.00  1   !  -9.99000e+02  -99.000  -99.000  -999
OBS: 6000219  54312.336   113.00   0.0000e+00   1.1477e+02   6.9079e+01   0  J  0.00  1   !  -9.99000e+02  -99.000  -99.000  -999
OBS: 6000219  54314.336   115.00   0.0000e+00   1.1027e+02   6.6371e+01   0  J  0.00  1   !  -9.99000e+02  -99.000  -99.000  -999
OBS: 6000219  54316.336   117.00   0.0000e+00   1.0595e+02   6.3770e+01   0  J  0.00  1   !  -9.99000e+02  -99.000  -99.000  -999
OBS: 6000219  54318.336   119.00   0.0000e+00   1.0179e+02   6.1270e+01   0  J  0.00  1   !  -9.99000e+02  -99.000  -99.000  -999
OBS: 6000219  54320.336   121.00   0.0000e+00   9.7803e+01   5.8869e+01   0  J  0.00  1   !  -9.99000e+02  -99.000  -99.000  -999
OBS: 6000219  54322.336   123.00   0.0000e+00   9.3970e+01   5.6561e+01   0  J  0.00  1   !  -9.99000e+02  -99.000  -99.000  -999
OBS: 6000219  54324.336   125.00   0.0000e+00   9.0287e+01   5.4345e+01   0  J  0.00  1   !  -9.99000e+02  -99.000  -99.000  -999
OBS: 6000219  54326.336   127.00   0.0000e+00   8.6748e+01   5.2214e+01   0  J  0.00  1   !  -9.99000e+02  -99.000  -99.000  -999
OBS: 6000219  54328.336   129.00   0.0000e+00   8.3348e+01   5.0168e+01   0  J  0.00  1   !  -9.99000e+02  -99.000  -99.000  -999
OBS: 6000219  54330.336   131.00   0.0000e+00   8.0081e+01   4.8202e+01   0  J  0.00  1   !  -9.99000e+02  -99.000  -99.000  -999
OBS: 6000219  54332.336   133.00   0.0000e+00   7.6942e+01   4.6312e+01   0  J  0.00  1   !  -9.99000e+02  -99.000  -99.000  -999
OBS: 6000219  54334.336   135.00   0.0000e+00   7.3926e+01   4.4497e+01   0  J  0.00  1   !  -9.99000e+02  -99.000  -99.000  -999
OBS: 6000219  54336.336   137.00   0.0000e+00   7.1029e+01   4.2753e+01   0  J  0.00  1   !  -9.99000e+02  -99.000  -99.000  -999
OBS: 6000219  54338.336   139.00   0.0000e+00   6.8245e+01   4.1077e+01   0  J  0.00  1   !  -9.99000e+02  -99.000  -99.000  -999
OBS: 6000219  54198.672    -0.67   3.6481e+03   3.7839e+03   3.6772e+02   1  Y  0.24  1   Y  2.53756e+18  -0.257  -1.390  1.00000e+11
OBS: 6000219  54198.672    -0.67   3.6481e+03   3.8955e+03   3.9862e+02   1  Y  0.53  1   Y  2.61238e+18  -0.257  -1.390  1.00000e+11
OBS: 6000219  54205.660     6.32   2.5258e+03   2.6222e+03   3.7213e+02   1  Y  0.11  1   Y  1.60549e+18  -0.356  -1.648  1.00000e+11
OBS: 6000219  54208.641     9.30   2.2612e+03   2.5858e+03   3.2754e+02   1  Y  1.06  1   Y  1.52686e+18  -0.395  -1.883  1.00000e+11
OBS: 6000219  54219.621    20.28   2.6946e+03   2.5237e+03   3.5689e+02   1  Y  0.13  1   Y  1.53282e+18  -0.365  -1.089  1.00000e+11
OBS: 6000219  54230.551    31.21   3.8938e+03   3.0149e+03   4.3631e+02   1  Y  3.33  1   Y  2.13119e+18  -0.200  -0.891  1.00000e+11
OBS: 6000219  54230.559    31.22   3.8944e+03   3.9068e+03   4.6335e+02   1  Y  0.02  1   Y  2.76216e+18  -0.200  -0.891  1.00000e+11
OBS: 6000219  54234.559    35.22   3.9004e+03   4.4509e+03   4.4484e+02   1  Y  1.74  1   Y  3.40941e+18  -0.113  -0.965  1.00000e+11
OBS: 6000219  54234.578    35.24   3.8992e+03   3.2848e+03   7.3597e+02   1  Y  0.54  1   Y  2.51724e+18  -0.112  -0.965  1.00000e+11
OBS: 6000219  54238.578    39.24   3.6902e+03   2.7886e+03   5.8786e+02   1  Y  1.96  1   Y  2.24283e+18  -0.060  -0.812  1.00000e+11
OBS: 6000219  54258.531    59.19   1.4763e+03   1.5199e+03   3.6376e+02  -1  Y  0.01  1   !  -9.99000e+02  -99.000  -99.000  -999
OBS: 6000219  54140.336   -59.00   0.0000e+00   0.0000e+00   0.0000e+00   0  Y  0.00  1   !  -9.99000e+02  -99.000  -99.000  -999
OBS: 6000219  54142.336   -57.00   0.0000e+00   0.0000e+00   0.0000e+00   0  Y  0.00  1   !  -9.99000e+02  -99.000  -99.000  -999
OBS: 6000219  54144.336   -55.00   0.0000e+00   0.0000e+00   0.0000e+00   0  Y  0.00  1   !  -9.99000e+02  -99.000  -99.000  -999
OBS: 6000219  54146.336   -53.00   0.0000e+00   0.0000e+00   0.0000e+00   0  Y  0.00  1   !  -9.99000e+02  -99.000  -99.000  -999
OBS: 6000219  54148.336   -51.00   0.0000e+00   0.0000e+00   0.0000e+00   0  Y  0.00  1   !  -9.99000e+02  -99.000  -99.000  -999
OBS: 6000219  54150.336   -49.00   0.0000e+00   0.0000e+00   0.0000e+00   0  Y  0.00  1   !  -9.99000e+02  -99.000  -99.000  -999
OBS: 6000219  54152.336   -47.00   0.0000e+00   0.0000e+00   0.0000e+00   0  Y  0.00  1   !  -9.99000e+02  -99.000  -99.000  -999
OBS: 6000219  54154.336   -45.00   0.0000e+00   0.0000e+00   0.0000e+00   0  Y  0.00  1   !  -9.99000e+02  -99.000  -99.000  -999
OBS: 6000219  54156.336   -43.00   0.0000e+00   0.0000e+00   0.0000e+00   0  Y  0.00  1   !  -9.99000e+02  -99.000  -99.000  -999
OBS: 6000219  54158.336   -41.00   0.0000e+00   0.0000e+00   0.0000e+00   0  Y  0.00  1   !  -9.99000e+02  -99.000  -99.000  -999
OBS: 6000219  54160.336   -39.00   0.0000e+00   0.0000e+00   0.0000e+00   0  Y  0.00  1   !  -9.99000e+02  -99.000  -99.000  -999
OBS: 6000219  54162.336   -37.00   0.0000e+00   0.0000e+00   0.0000e+00   0  Y  0.00  1   !  -9.99000e+02  -99.000  -99.000  -999
OBS: 6000219  54164.336   -35.00   0.0000e+00   0.0000e+00   0.0000e+00   0  Y  0.00  1   !  -9.99000e+02  -99.000  -99.000  -999
OBS: 6000219  54166.336   -33.00   0.0000e+00   0.0000e+00   0.0000e+00   0  Y  0.00  1   !  -9.99000e+02  -99.000  -99.000  -999
OBS: 6000219  54168.336   -31.00   0.0000e+00   0.0000e+00   0.0000e+00   0  Y  0.00  1   !  -9.99000e+02  -99.000  -99.000  -999
OBS: 6000219  54170.336   -29.00   0.0000e+00   0.0000e+00   0.0000e+00   0  Y  0.00  1   !  -9.99000e+02  -99.000  -99.000  -999
OBS: 6000219  54172.336   -27.00   0.0000e+00   0.0000e+00   0.0000e+00   0  Y  0.00  1   !  -9.99000e+02  -99.000  -99.000  -999
OBS: 6000219  54174.336   -25.00   0.0000e+00   0.0000e+00   0.0000e+00   0  Y  0.00  1   !  -9.99000e+02  -99.000  -99.000  -999
OBS: 6000219  54176.336   -23.00   0.0000e+00   0.0000e+00   0.0000e+00   0  Y  0.00  1   !  -9.99000e+02  -99.000  -99.000  -999
OBS: 6000219  54178.336   -21.00   0.0000e+00   6.9736e+02   4.1975e+02   0  Y  0.00  1   !  -9.99000e+02  -99.000  -99.000  -999
OBS: 6000219  54180.336   -19.00   0.0000e+00   7.4681e+02   4.4951e+02   0  Y  0.00  1   !  -9.99000e+02  -99.000  -99.000  -999
OBS: 6000219  54182.336   -17.00   0.0000e+00   7.4368e+02   4.4763e+02   0  Y  0.00  1   !  -9.99000e+02  -99.000  -99.000  -999
OBS: 6000219  54184.336   -15.00   0.0000e+00   1.0149e+03   2.9460e+02   0  Y  0.00  1   !  -9.99000e+02  -99.000  -99.000  -999
OBS: 6000219  54186.336   -13.00   0.0000e+00   1.6995e+03   1.4688e+02   0  Y  0.00  1   !  -9.99000e+02  -99.000  -99.000  -999
OBS: 6000219  54188.336   -11.00   0.0000e+00   2.4157e+03   9.9147e+01   0  Y  0.00  1   !  -9.99000e+02  -99.000  -99.000  -999
OBS: 6000219  54190.336    -9.00   0.0000e+00   3.0873e+03   8.4650e+01   0  Y  0.00  1   !  -9.99000e+02  -99.000  -99.000  -999
OBS: 6000219  54192.336    -7.00   0.0000e+00   3.6909e+03   8.7336e+01   0  Y  0.00  1   !  -9.99000e+02  -99.000  -99.000  -999
OBS: 6000219  54194.336    -5.00   0.0000e+00   4.0108e+03   1.0254e+02   0  Y  0.00  1   !  -9.99000e+02  -99.000  -99.000  -999
OBS: 6000219  54196.336    -3.00   0.0000e+00   4.0290e+03   1.0431e+02   0  Y  0.00  1   !  -9.99000e+02  -99.000  -99.000  -999
OBS: 6000219  54198.336    -1.00   0.0000e+00   3.6734e+03   9.0320e+01   0  Y  0.00  1   !  -9.99000e+02  -99.000  -99.000  -999
OBS: 6000219  54200.336     1.00   0.0000e+00   3.2529e+03   9.8135e+01   0  Y  0.00  1   !  -9.99000e+02  -99.000  -99.000  -999
OBS: 6000219  54202.336     3.00   0.0000e+00   2.9682e+03   1.1358e+02   0  Y  0.00  1   !  -9.99000e+02  -99.000  -99.000  -999
OBS: 6000219  54204.336     5.00   0.0000e+00   2.6798e+03   1.1306e+02   0  Y  0.00  1   !  -9.99000e+02  -99.000  -99.000  -999
OBS: 6000219  54206.336     7.00   0.0000e+00   2.4076e+03   1.0135e+02   0  Y  0.00  1   !  -9.99000e+02  -99.000  -99.000  -999
OBS: 6000219  54208.336     9.00   0.0000e+00   2.2425e+03   1.0672e+02   0  Y  0.00  1   !  -9.99000e+02  -99.000  -99.000  -999
OBS: 6000219  54210.336    11.00   0.0000e+00   2.1482e+03   1.1847e+02   0  Y  0.00  1   !  -9.99000e+02  -99.000  -99.000  -999
OBS: 6000219  54212.336    13.00   0.0000e+00   2.1159e+03   1.1792e+02   0  Y  0.00  1   !  -9.99000e+02  -99.000  -99.000  -999
OBS: 6000219  54214.336    15.00   0.0000e+00   2.1880e+03   1.1234e+02   0  Y  0.00  1   !  -9.99000e+02  -99.000  -99.000  -999
OBS: 6000219  54216.336    17.00   0.0000e+00   2.3435e+03   1.0933e+02   0  Y  0.00  1   !  -9.99000e+02  -99.000  -99.000  -999
OBS: 6000219  54218.336    19.00   0.0000e+00   2.5221e+03   1.0741e+02   0  Y  0.00  1   !  -9.99000e+02  -99.000  -99.000  -999
OBS: 6000219  54220.336    21.00   0.0000e+00   2.7253e+03   9.2295e+01   0  Y  0.00  1   !  -9.99000e+02  -99.000  -99.000  -999
OBS: 6000219  54222.336    23.00   0.0000e+00   2.8509e+03   8.4948e+01   0  Y  0.00  1   !  -9.99000e+02  -99.000  -99.000  -999
OBS: 6000219  54224.336    25.00   0.0000e+00   3.0416e+03   9.4030e+01   0  Y  0.00  1   !  -9.99000e+02  -99.000  -99.000  -999
OBS: 6000219  54226.336    27.00   0.0000e+00   3.3780e+03   1.0130e+02   0  Y  0.00  1   !  -9.99000e+02  -99.000  -99.000  -999
OBS: 6000219  54228.336    29.00   0.0000e+00   3.6682e+03   1.0100e+02   0  Y  0.00  1   !  -9.99000e+02  -99.000  -99.000  -999
OBS: 6000219  54230.336    31.00   0.0000e+00   3.8232e+03   1.0738e+02   0  Y  0.00  1   !  -9.99000e+02  -99.000  -99.000  -999
OBS: 6000219  54232.336    33.00   0.0000e+00   3.8961e+03   1.2285e+02   0  Y  0.00  1   !  -9.99000e+02  -99.000  -99.000  -999
OBS: 6000219  54234.336    35.00   0.0000e+00   3.8513e+03   1.3358e+02   0  Y  0.00  1   !  -9.99000e+02  -99.000  -99.000  -999
OBS: 6000219  54236.336    37.00   0.0000e+00   3.7190e+03   1.2601e+02   0  Y  0.00  1   !  -9.99000e+02  -99.000  -99.000  -999
OBS: 6000219  54238.336    39.00   0.0000e+00   3.6405e+03   1.2260e+02   0  Y  0.00  1   !  -9.99000e+02  -99.000  -99.000  -999
OBS: 6000219  54240.336    41.00   0.0000e+00   3.4908e+03   1.3560e+02   0  Y  0.00  1   !  -9.99000e+02  -99.000  -99.000  -999
OBS: 6000219  54242.336    43.00   0.0000e+00   3.2494e+03   1.3676e+02   0  Y  0.00  1   !  -9.99000e+02  -99.000  -99.000  -999
OBS: 6000219  54244.336    45.00   0.0000e+00   2.9649e+03   1.1699e+02   0  Y  0.00  1   !  -9.99000e+02  -99.000  -99.000  -999
OBS: 6000219  54246.336    47.00   0.0000e+00   2.6976e+03   9.0987e+01   0  Y  0.00  1   !  -9.99000e+02  -99.000  -99.000  -999
OBS: 6000219  54248.336    49.00   0.0000e+00   2.4627e+03   7.4351e+01   0  Y  0.00  1   !  -9.99000e+02  -99.000  -99.000  -999
OBS: 6000219  54250.336    51.00   0.0000e+00   2.2647e+03   6.5601e+01   0  Y  0.00  1   !  -9.99000e+02  -99.000  -99.000  -999
OBS: 6000219  54252.336    53.00   0.0000e+00   2.0592e+03   1.4198e+02   0  Y  0.00  1   !  -9.99000e+02  -99.000  -99.000  -999
OBS: 6000219  54254.336    55.00   0.0000e+00   1.8217e+03   1.0965e+03   0  Y  0.00  1   !  -9.99000e+02  -99.000  -99.000  -999
OBS: 6000219  54256.336    57.00   0.0000e+00   1.6186e+03   9.7427e+02   0  Y  0.00  1   !  -9.99000e+02  -99.000  -99.000  -999
OBS: 6000219  54258.336    59.00   0.0000e+00   1.4661e+03   8.8244e+02   0  Y  0.00  1   !  -9.99000e+02  -99.000  -99.000  -999
OBS: 6000219  54260.336    61.00   0.0000e+00   1.3317e+03   8.0157e+02   0  Y  0.00  1   !  -9.99000e+02  -99.000  -99.000  -999
OBS: 6000219  54262.336    63.00   0.0000e+00   1.2248e+03   7.3723e+02   0  Y  0.00  1   !  -9.99000e+02  -99.000  -99.000  -999
OBS: 6000219  54264.336    65.00   0.0000e+00   1.0540e+03   6.3443e+02   0  Y  0.00  1   !  -9.99000e+02  -99.000  -99.000  -999
OBS: 6000219  54266.336    67.00   0.0000e+00   8.8587e+02   5.3321e+02   0  Y  0.00  1   !  -9.99000e+02  -99.000  -99.000  -999
OBS: 6000219  54268.336    69.00   0.0000e+00   7.6126e+02   4.5821e+02   0  Y  0.00  1   !  -9.99000e+02  -99.000  -99.000  -999
OBS: 6000219  54270.336    71.00   0.0000e+00   6.6691e+02   4.0142e+02   0  Y  0.00  1   !  -9.99000e+02  -99.000  -99.000  -999
OBS: 6000219  54272.336    73.00   0.0000e+00   5.9414e+02   3.5762e+02   0  Y  0.00  1   !  -9.99000e+02  -99.000  -99.000  -999
OBS: 6000219  54274.336    75.00   0.0000e+00   5.3624e+02   3.2277e+02   0  Y  0.00  1   !  -9.99000e+02  -99.000  -99.000  -999
OBS: 6000219  54276.336    77.00   0.0000e+00   4.8911e+02   2.9440e+02   0  Y  0.00  1   !  -9.99000e+02  -99.000  -99.000  -999
OBS: 6000219  54278.336    79.00   0.0000e+00   4.4417e+02   2.6735e+02   0  Y  0.00  1   !  -9.99000e+02  -99.000  -99.000  -999
OBS: 6000219  54280.336    81.00   0.0000e+00   3.9176e+02   2.3581e+02   0  Y  0.00  1   !  -9.99000e+02  -99.000  -99.000  -999
OBS: 6000219  54282.336    83.00   0.0000e+00   3.4598e+02   2.0825e+02   0  Y  0.00  1   !  -9.99000e+02  -99.000  -99.000  -999
OBS: 6000219  54284.336    85.00   0.0000e+00   3.0612e+02   1.8426e+02   0  Y  0.00  1   !  -9.99000e+02  -99.000  -99.000  -999
OBS: 6000219  54286.336    87.00   0.0000e+00   2.7146e+02   1.6339e+02   0  Y  0.00  1   !  -9.99000e+02  -99.000  -99.000  -999
OBS: 6000219  54288.336    89.00   0.0000e+00   2.4142e+02   1.4531e+02   0  Y  0.00  1   !  -9.99000e+02  -99.000  -99.000  -999
OBS: 6000219  54290.336    91.00   0.0000e+00   2.1355e+02   1.2854e+02   0  Y  0.00  1   !  -9.99000e+02  -99.000  -99.000  -999
OBS: 6000219  54292.336    93.00   0.0000e+00   1.8708e+02   1.1261e+02   0  Y  0.00  1   !  -9.99000e+02  -99.000  -99.000  -999
OBS: 6000219  54294.336    95.00   0.0000e+00   1.6390e+02   9.8651e+01   0  Y  0.00  1   !  -9.99000e+02  -99.000  -99.000  -999
OBS: 6000219  54296.336    97.00   0.0000e+00   1.4358e+02   8.6422e+01   0  Y  0.00  1   !  -9.99000e+02  -99.000  -99.000  -999
OBS: 6000219  54298.336    99.00   0.0000e+00   1.2578e+02   7.5707e+01   0  Y  0.00  1   !  -9.99000e+02  -99.000  -99.000  -999
OBS: 6000219  54300.336   101.00   0.0000e+00   1.1019e+02   6.6323e+01   0  Y  0.00  1   !  -9.99000e+02  -99.000  -99.000  -999
OBS: 6000219  54302.336   103.00   0.0000e+00   9.6529e+01   5.8102e+01   0  Y  0.00  1   !  -9.99000e+02  -99.000  -99.000  -999
OBS: 6000219  54304.336   105.00   0.0000e+00   8.4556e+01   5.0895e+01   0  Y  0.00  1   !  -9.99000e+02  -99.000  -99.000  -999
OBS: 6000219  54306.336   107.00   0.0000e+00   7.4066e+01   4.4581e+01   0  Y  0.00  1   !  -9.99000e+02  -99.000  -99.000  -999
OBS: 6000219  54308.336   109.00   0.0000e+00   6.4876e+01   3.9050e+01   0  Y  0.00  1   !  -9.99000e+02  -99.000  -99.000  -999
OBS: 6000219  54310.336   111.00   0.0000e+00   5.6825e+01   3.4204e+01   0  Y  0.00  1   !  -9.99000e+02  -99.000  -99.000  -999
OBS: 6000219  54312.336   113.00   0.0000e+00   4.9772e+01   2.9959e+01   0  Y  0.00  1   !  -9.99000e+02  -99.000  -99.000  -999
OBS: 6000219  54314.336   115.00   0.0000e+00   4.3597e+01   2.6242e+01   0  Y  0.00  1   !  -9.99000e+02  -99.000  -99.000  -999
OBS: 6000219  54316.336   117.00   0.0000e+00   3.8193e+01   2.2989e+01   0  Y  0.00  1   !  -9.99000e+02  -99.000  -99.000  -999
OBS: 6000219  54318.336   119.00   0.0000e+00   3.3451e+01   2.0135e+01   0  Y  0.00  1   !  -9.99000e+02  -99.000  -99.000  -999
OBS: 6000219  54320.336   121.00   0.0000e+00   2.9297e+01   1.7634e+01   0  Y  0.00  1   !  -9.99000e+02  -99.000  -99.000  -999
OBS: 6000219  54322.336   123.00   0.0000e+00   2.5658e+01   1.5444e+01   0  Y  0.00  1   !  -9.99000e+02  -99.000  -99.000  -999
OBS: 6000219  54324.336   125.00   0.0000e+00   2.2471e+01   1.3526e+01   0  Y  0.00  1   !  -9.99000e+02  -99.000  -99.000  -999
OBS: 6000219  54326.336   127.00   0.0000e+00   1.9680e+01   1.1845e+01   0  Y  0.00  1   !  -9.99000e+02  -99.000  -99.000  -999
OBS: 6000219  54328.336   129.00   0.0000e+00   1.7235e+01   1.0374e+01   0  Y  0.00  1   !  -9.99000e+02  -99.000  -99.000  -999
OBS: 6000219  54330.336   131.00   0.0000e+00   1.5098e+01   9.0877e+00   0  Y  0.00  1   !  -9.99000e+02  -99.000  -99.000  -999
OBS: 6000219  54332.336   133.00   0.0000e+00   1.3223e+01   7.9590e+00   0  Y  0.00  1   !  -9.99000e+02  -99.000  -99.000  -999
OBS: 6000219  54334.336   135.00   0.0000e+00   1.1579e+01   6.9697e+00   0  Y  0.00  1   !  -9.99000e+02  -99.000  -99.000  -999
OBS: 6000219  54336.336   137.00   0.0000e+00   1.0140e+01   6.1033e+00   0  Y  0.00  1   !  -9.99000e+02  -99.000  -99.000  -999
OBS: 6000219  54338.336   139.00   0.0000e+00   8.8793e+00   5.3445e+00   0  Y  0.00  1   !  -9.99000e+02  -99.000  -99.000  -999
OBS: 6000219  54222.641    23.30   2.8657e+03   1.7442e+03   1.1046e+03   1  y  0.94  1   Y  1.18063e+18  -0.247  -0.847  1.00000e+11
OBS: 6000219  54222.660    23.32   2.8673e+03   5.5775e+03   3.5348e+03   1  y  0.61  1   Y  3.77713e+18  -0.247  -0.846  1.00000e+11
OBS: 6000219  54254.512    55.17   1.9081e+03   2.1014e+03   2.8368e+02  -1  y  0.04  1   !  -9.99000e+02  -99.000  -99.000  -999
OBS: 6000219  54254.520    55.18   1.9068e+03   1.9743e+03   3.0104e+02  -1  y  0.01  1   !  -9.99000e+02  -99.000  -99.000  -999
OBS: 6000219  54140.336   -59.00   0.0000e+00   0.0000e+00   0.0000e+00   0  y  0.00  1   !  -9.99000e+02  -99.000  -99.000  -999
OBS: 6000219  54142.336   -57.00   0.0000e+00   0.0000e+00   0.0000e+00   0  y  0.00  1   !  -9.99000e+02  -99.000  -99.000  -999
OBS: 6000219  54144.336   -55.00   0.0000e+00   0.0000e+00   0.0000e+00   0  y  0.00  1   !  -9.99000e+02  -99.000  -99.000  -999
OBS: 6000219  54146.336   -53.00   0.0000e+00   0.0000e+00   0.0000e+00   0  y  0.00  1   !  -9.99000e+02  -99.000  -99.000  -999
OBS: 6000219  54148.336   -51.00   0.0000e+00   0.0000e+00   0.0000e+00   0  y  0.00  1   !  -9.99000e+02  -99.000  -99.000  -999
OBS: 6000219  54150.336   -49.00   0.0000e+00   0.0000e+00   0.0000e+00   0  y  0.00  1   !  -9.99000e+02  -99.000  -99.000  -999
OBS: 6000219  54152.336   -47.00   0.0000e+00   0.0000e+00   0.0000e+00   0  y  0.00  1   !  -9.99000e+02  -99.000  -99.000  -999
OBS: 6000219  54154.336   -45.00   0.0000e+00   0.0000e+00   0.0000e+00   0  y  0.00  1   !  -9.99000e+02  -99.000  -99.000  -999
OBS: 6000219  54156.336   -43.00   0.0000e+00   0.0000e+00   0.0000e+00   0  y  0.00  1   !  -9.99000e+02  -99.000  -99.000  -999
OBS: 6000219  54158.336   -41.00   0.0000e+00   0.0000e+00   0.0000e+00   0  y  0.00  1   !  -9.99000e+02  -99.000  -99.000  -999
OBS: 6000219  54160.336   -39.00   0.0000e+00   0.0000e+00   0.0000e+00   0  y  0.00  1   !  -9.99000e+02  -99.000  -99.000  -999
OBS: 6000219  54162.336   -37.00   0.0000e+00   0.0000e+00   0.0000e+00   0  y  0.00  1   !  -9.99000e+02  -99.000  -99.000  -999
OBS: 6000219  54164.336   -35.00   0.0000e+00   0.0000e+00   0.0000e+00   0  y  0.00  1   !  -9.99000e+02  -99.000  -99.000  -999
OBS: 6000219  54166.336   -33.00   0.0000e+00   0.0000e+00   0.0000e+00   0  y  0.00  1   !  -9.99000e+02  -99.000  -99.000  -999
OBS: 6000219  54168.336   -31.00   0.0000e+00   0.0000e+00   0.0000e+00   0  y  0.00  1   !  -9.99000e+02  -99.000  -99.000  -999
OBS: 6000219  54170.336   -29.00   0.0000e+00   0.0000e+00   0.0000e+00   0  y  0.00  1   !  -9.99000e+02  -99.000  -99.000  -999
OBS: 6000219  54172.336   -27.00   0.0000e+00   0.0000e+00   0.0000e+00   0  y  0.00  1   !  -9.99000e+02  -99.000  -99.000  -999
OBS: 6000219  54174.336   -25.00   0.0000e+00   0.0000e+00   0.0000e+00   0  y  0.00  1   !  -9.99000e+02  -99.000  -99.000  -999
OBS: 6000219  54176.336   -23.00   0.0000e+00   0.0000e+00   0.0000e+00   0  y  0.00  1   !  -9.99000e+02  -99.000  -99.000  -999
OBS: 6000219  54178.336   -21.00   0.0000e+00   7.1399e+02   4.2976e+02   0  y  0.00  1   !  -9.99000e+02  -99.000  -99.000  -999
OBS: 6000219  54180.336   -19.00   0.0000e+00   7.4320e+02   4.4734e+02   0  y  0.00  1   !  -9.99000e+02  -99.000  -99.000  -999
OBS: 6000219  54182.336   -17.00   0.0000e+00   7.3985e+02   4.4533e+02   0  y  0.00  1   !  -9.99000e+02  -99.000  -99.000  -999
OBS: 6000219  54184.336   -15.00   0.0000e+00   1.0047e+03   2.9164e+02   0  y  0.00  1   !  -9.99000e+02  -99.000  -99.000  -999
OBS: 6000219  54186.336   -13.00   0.0000e+00   1.6757e+03   1.4483e+02   0  y  0.00  1   !  -9.99000e+02  -99.000  -99.000  -999
OBS: 6000219  54188.336   -11.00   0.0000e+00   2.3883e+03   9.8021e+01   0  y  0.00  1   !  -9.99000e+02  -99.000  -99.000  -999
OBS: 6000219  54190.336    -9.00   0.0000e+00   3.0651e+03   8.4042e+01   0  y  0.00  1   !  -9.99000e+02  -99.000  -99.000  -999
OBS: 6000219  54192.336    -7.00   0.0000e+00   3.6535e+03   8.6450e+01   0  y  0.00  1   !  -9.99000e+02  -99.000  -99.000  -999
OBS: 6000219  54194.336    -5.00   0.0000e+00   3.9452e+03   1.0086e+02   0  y  0.00  1   !  -9.99000e+02  -99.000  -99.000  -999
OBS: 6000219  54196.336    -3.00   0.0000e+00   3.9492e+03   1.0224e+02   0  y  0.00  1   !  -9.99000e+02  -99.000  -99.000  -999
OBS: 6000219  54198.336    -1.00   0.0000e+00   3.5995e+03   8.8504e+01   0  y  0.00  1   !  -9.99000e+02  -99.000  -99.000  -999
OBS: 6000219  54200.336     1.00   0.0000e+00   3.1801e+03   9.5940e+01   0  y  0.00  1   !  -9.99000e+02  -99.000  -99.000  -999
OBS: 6000219  54202.336     3.00   0.0000e+00   2.8823e+03   1.1029e+02   0  y  0.00  1   !  -9.99000e+02  -99.000  -99.000  -999
OBS: 6000219  54204.336     5.00   0.0000e+00   2.5909e+03   1.0931e+02   0  y  0.00  1   !  -9.99000e+02  -99.000  -99.000  -999
OBS: 6000219  54206.336     7.00   0.0000e+00   2.3306e+03   9.8104e+01   0  y  0.00  1   !  -9.99000e+02  -99.000  -99.000  -999
OBS: 6000219  54208.336     9.00   0.0000e+00   2.1721e+03   1.0337e+02   0  y  0.00  1   !  -9.99000e+02  -99.000  -99.000  -999
OBS: 6000219  54210.336    11.00   0.0000e+00   2.0778e+03   1.1458e+02   0  y  0.00  1   !  -9.99000e+02  -99.000  -99.000  -999
OBS: 6000219  54212.336    13.00   0.0000e+00   2.0474e+03   1.1410e+02   0  y  0.00  1   !  -9.99000e+02  -99.000  -99.000  -999
OBS: 6000219  54214.336    15.00   0.0000e+00   2.1120e+03   1.0844e+02   0  y  0.00  1   !  -9.99000e+02  -99.000  -99.000  -999
OBS: 6000219  54216.336    17.00   0.0000e+00   2.2588e+03   1.0537e+02   0  y  0.00  1   !  -9.99000e+02  -99.000  -99.000  -999
OBS: 6000219  54218.336    19.00   0.0000e+00   2.4355e+03   1.0372e+02   0  y  0.00  1   !  -9.99000e+02  -99.000  -99.000  -999
OBS: 6000219  54220.336    21.00   0.0000e+00   2.6444e+03   8.9554e+01   0  y  0.00  1   !  -9.99000e+02  -99.000  -99.000  -999
OBS: 6000219  54222.336    23.00   0.0000e+00   2.7965e+03   8.3325e+01   0  y  0.00  1   !  -9.99000e+02  -99.000  -99.000  -999
OBS: 6000219  54224.336    25.00   0.0000e+00   3.0059e+03   9.2924e+01   0  y  0.00  1   !  -9.99000e+02  -99.000  -99.000  -999
OBS: 6000219  54226.336    27.00   0.0000e+00   3.3435e+03   1.0026e+02   0  y  0.00  1   !  -9.99000e+02  -99.000  -99.000  -999
OBS: 6000219  54228.336    29.00   0.0000e+00   3.6508e+03   1.0052e+02   0  y  0.00  1   !  -9.99000e+02  -99.000  -99.000  -999
OBS: 6000219  54230.336    31.00   0.0000e+00   3.8516e+03   1.0818e+02   0  y  0.00  1   !  -9.99000e+02  -99.000  -99.000  -999
OBS: 6000219  54232.336    33.00   0.0000e+00   3.9677e+03   1.2510e+02   0  y  0.00  1   !  -9.99000e+02  -99.000  -99.000  -999
OBS: 6000219  54234.336    35.00   0.0000e+00   3.9459e+03   1.3686e+02   0  y  0.00  1   !  -9.99000e+02  -99.000  -99.000  -999
OBS: 6000219  54236.336    37.00   0.0000e+00   3.8345e+03   1.2992e+02   0  y  0.00  1   !  -9.99000e+02  -99.000  -99.000  -999
OBS: 6000219  54238.336    39.00   0.0000e+00   3.7645e+03   1.2678e+02   0  y  0.00  1   !  -9.99000e+02  -99.000  -99.000  -999
OBS: 6000219  54240.336    41.00   0.0000e+00   3.6181e+03   1.4054e+02   0  y  0.00  1   !  -9.99000e+02  -99.000  -99.000  -999
OBS: 6000219  54242.336    43.00   0.0000e+00   3.3724e+03   1.4193e+02   0  y  0.00  1   !  -9.99000e+02  -99.000  -99.000  -999
OBS: 6000219  54244.336    45.00   0.0000e+00   3.0788e+03   1.2149e+02   0  y  0.00  1   !  -9.99000e+02  -99.000  -99.000  -999
OBS: 6000219  54246.336    47.00   0.0000e+00   2.8021e+03   9.4512e+01   0  y  0.00  1   !  -9.99000e+02  -99.000  -99.000  -999
OBS: 6000219  54248.336    49.00   0.0000e+00   2.5596e+03   7.7277e+01   0  y  0.00  1   !  -9.99000e+02  -99.000  -99.000  -999
OBS: 6000219  54250.336    51.00   0.0000e+00   2.3548e+03   6.8211e+01   0  y  0.00  1   !  -9.99000e+02  -99.000  -99.000  -999
OBS: 6000219  54252.336    53.00   0.0000e+00   2.1415e+03   1.4767e+02   0  y  0.00  1   !  -9.99000e+02  -99.000  -99.000  -999
OBS: 6000219  54254.336    55.00   0.0000e+00   1.8943e+03   1.1402e+03   0  y  0.00  1   !  -9.99000e+02  -99.000  -99.000  -999
OBS: 6000219  54256.336    57.00   0.0000e+00   1.6795e+03   1.0109e+03   0  y  0.00  1   !  -9.99000e+02  -99.000  -99.000  -999
OBS: 6000219  54258.336    59.00   0.0000e+00   1.5153e+03   9.1210e+02   0  y  0.00  1   !  -9.99000e+02  -99.000  -99.000  -999
OBS: 6000219  54260.336    61.00   0.0000e+00   1.3711e+03   8.2531e+02   0  y  0.00  1   !  -9.99000e+02  -99.000  -99.000  -999
OBS: 6000219  54262.336    63.00   0.0000e+00   1.2566e+03   7.5638e+02   0  y  0.00  1   !  -9.99000e+02  -99.000  -99.000  -999
OBS: 6000219  54264.336    65.00   0.0000e+00   1.0778e+03   6.4873e+02   0  y  0.00  1   !  -9.99000e+02  -99.000  -99.000  -999
OBS: 6000219  54266.336    67.00   0.0000e+00   9.0472e+02   5.4456e+02   0  y  0.00  1   !  -9.99000e+02  -99.000  -99.000  -999
OBS: 6000219  54268.336    69.00   0.0000e+00   7.7662e+02   4.6745e+02   0  y  0.00  1   !  -9.99000e+02  -99.000  -99.000  -999
OBS: 6000219  54270.336    71.00   0.0000e+00   6.7959e+02   4.0905e+02   0  y  0.00  1   !  -9.99000e+02  -99.000  -99.000  -999
OBS: 6000219  54272.336    73.00   0.0000e+00   6.0456e+02   3.6389e+02   0  y  0.00  1   !  -9.99000e+02  -99.000  -99.000  -999
OBS: 6000219  54274.336    75.00   0.0000e+00   5.4468e+02   3.2785e+02   0  y  0.00  1   !  -9.99000e+02  -99.000  -99.000  -999
OBS: 6000219  54276.336    77.00   0.0000e+00   4.9571e+02   2.9837e+02   0  y  0.00  1   !  -9.99000e+02  -99.000  -99.000  -999
OBS: 6000219  54278.336    79.00   0.0000e+00   4.4930e+02   2.7044e+02   0  y  0.00  1   !  -9.99000e+02  -99.000  -99.000  -999
OBS: 6000219  54280.336    81.00   0.0000e+00   3.9600e+02   2.3836e+02   0  y  0.00  1   !  -9.99000e+02  -99.000  -99.000  -999
OBS: 6000219  54282.336    83.00   0.0000e+00   3.4945e+02   2.1034e+02   0  y  0.00  1   !  -9.99000e+02  -99.000  -99.000  -999
OBS: 6000219  54284.336    85.00   0.0000e+00   3.0892e+02   1.8594e+02   0  y  0.00  1   !  -9.99000e+02  -99.000  -99.000  -999
OBS: 6000219  54286.336    87.00   0.0000e+00   2.7367e+02   1.6472e+02   0  y  0.00  1   !  -9.99000e+02  -99.000  -99.000  -999
OBS: 6000219  54288.336    89.00   0.0000e+00   2.4311e+02   1.4633e+02   0  y  0.00  1   !  -9.99000e+02  -99.000  -99.000  -999
OBS: 6000219  54290.336    91.00   0.0000e+00   2.1490e+02   1.2935e+02   0  y  0.00  1   !  -9.99000e+02  -99.000  -99.000  -999
OBS: 6000219  54292.336    93.00   0.0000e+00   1.8828e+02   1.1332e+02   0  y  0.00  1   !  -9.99000e+02  -99.000  -99.000  -999
OBS: 6000219  54294.336    95.00   0.0000e+00   1.6494e+02   9.9281e+01   0  y  0.00  1   !  -9.99000e+02  -99.000  -99.000  -999
OBS: 6000219  54296.336    97.00   0.0000e+00   1.4450e+02   8.6976e+01   0  y  0.00  1   !  -9.99000e+02  -99.000  -99.000  -999
OBS: 6000219  54298.336    99.00   0.0000e+00   1.2659e+02   7.6195e+01   0  y  0.00  1   !  -9.99000e+02  -99.000  -99.000  -999
OBS: 6000219  54300.336   101.00   0.0000e+00   1.1090e+02   6.6752e+01   0  y  0.00  1   !  -9.99000e+02  -99.000  -99.000  -999
OBS: 6000219  54302.336   103.00   0.0000e+00   9.7156e+01   5.8479e+01   0  y  0.00  1   !  -9.99000e+02  -99.000  -99.000  -999
OBS: 6000219  54304.336   105.00   0.0000e+00   8.5108e+01   5.1227e+01   0  y  0.00  1   !  -9.99000e+02  -99.000  -99.000  -999
OBS: 6000219  54306.336   107.00   0.0000e+00   7.4553e+01   4.4874e+01   0  y  0.00  1   !  -9.99000e+02  -99.000  -99.000  -999
OBS: 6000219  54308.336   109.00   0.0000e+00   6.5306e+01   3.9308e+01   0  y  0.00  1   !  -9.99000e+02  -99.000  -99.000  -999
OBS: 6000219  54310.336   111.00   0.0000e+00   5.7204e+01   3.4432e+01   0  y  0.00  1   !  -9.99000e+02  -99.000  -99.000  -999
OBS: 6000219  54312.336   113.00   0.0000e+00   5.0107e+01   3.0160e+01   0  y  0.00  1   !  -9.99000e+02  -99.000  -99.000  -999
OBS: 6000219  54314.336   115.00   0.0000e+00   4.3893e+01   2.6419e+01   0  y  0.00  1   !  -9.99000e+02  -99.000  -99.000  -999
OBS: 6000219  54316.336   117.00   0.0000e+00   3.8452e+01   2.3145e+01   0  y  0.00  1   !  -9.99000e+02  -99.000  -99.000  -999
OBS: 6000219  54318.336   119.00   0.0000e+00   3.3680e+01   2.0273e+01   0  y  0.00  1   !  -9.99000e+02  -99.000  -99.000  -999
OBS: 6000219  54320.336   121.00   0.0000e+00   2.9500e+01   1.7756e+01   0  y  0.00  1   !  -9.99000e+02  -99.000  -99.000  -999
OBS: 6000219  54322.336   123.00   0.0000e+00   2.5838e+01   1.5552e+01   0  y  0.00  1   !  -9.99000e+02  -99.000  -99.000  -999
OBS: 6000219  54324.336   125.00   0.0000e+00   2.2630e+01   1.3621e+01   0  y  0.00  1   !  -9.99000e+02  -99.000  -99.000  -999
OBS: 6000219  54326.336   127.00   0.0000e+00   1.9820e+01   1.1930e+01   0  y  0.00  1   !  -9.99000e+02  -99.000  -99.000  -999
OBS: 6000219  54328.336   129.00   0.0000e+00   1.7360e+01   1.0449e+01   0  y  0.00  1   !  -9.99000e+02  -99.000  -99.000  -999
OBS: 6000219  54330.336   131.00   0.0000e+00   1.5207e+01   9.1535e+00   0  y  0.00  1   !  -9.99000e+02  -99.000  -99.000  -999
OBS: 6000219  54332.336   133.00   0.0000e+00   1.3319e+01   8.0171e+00   0  y  0.00  1   !  -9.99000e+02  -99.000  -99.000  -999
OBS: 6000219  54334.336   135.00   0.0000e+00   1.1665e+01   7.0213e+00   0  y  0.00  1   !  -9.99000e+02  -99.000  -99.000  -999
OBS: 6000219  54336.336   137.00   0.0000e+00   1.0216e+01   6.1490e+00   0  y  0.00  1   !  -9.99000e+02  -99.000  -99.000  -999
OBS: 6000219  54338.336   139.00   0.0000e+00   8.9465e+00   5.3850e+00   0  y  0.00  1   !  -9.99000e+02  -99.000  -99.000  -999
OBS: 6000219  54198.672    -0.67   3.3079e+03   2.5256e+03   1.3476e+03   1  H  0.19  1   H  2.02867e+18  -0.061  -0.679  1.00000e+11
OBS: 6000219  54205.660     6.32   2.3017e+03   3.2740e+03   1.6360e+03   1  H  0.45  1   H  3.08409e+18  0.112  -0.297  1.00000e+11
OBS: 6000219  54219.621    20.28   2.2435e+03  -1.9691e+02   1.1176e+03   1  H  4.26  1   H  -2.06682e+17  0.229  -2.002  1.00000e+11
OBS: 6000219  54219.648    20.31   2.2450e+03   2.5616e+03   1.3965e+03   1  H  0.10  1   H  2.68906e+18  0.229  -1.991  1.00000e+11
OBS: 6000219  54234.559    35.22   2.9221e+03   6.0250e+03   2.2536e+03   1  H  2.10  1   H  5.34180e+18  0.046  -3.155  1.00000e+11
OBS: 6000219  54234.578    35.24   2.9223e+03   3.6767e+03   1.6190e+03   1  H  0.32  1   H  3.25793e+18  0.045  -3.166  1.00000e+11
OBS: 6000219  54245.578    46.24   1.7479e+03   1.9625e+03   4.7033e+02   1  H  0.42  1   H  1.73173e+18  0.041  -2.164  1.00000e+11
OBS: 6000219  54245.590    46.25   1.7466e+03   1.4605e+03   5.1312e+02   1  H  0.12  1   H  1.28906e+18  0.041  -2.160  1.00000e+11
OBS: 6000219  54140.336   -59.00   0.0000e+00   0.0000e+00   0.0000e+00   0  H  0.00  1   !  -9.99000e+02  -99.000  -99.000  -999
OBS: 6000219  54142.336   -57.00   0.0000e+00   0.0000e+00   0.0000e+00   0  H  0.00  1   !  -9.99000e+02  -99.000  -99.000  -999
OBS: 6000219  54144.336   -55.00   0.0000e+00   0.0000e+00   0.0000e+00   0  H  0.00  1   !  -9.99000e+02  -99.000  -99.000  -999
OBS: 6000219  54146.336   -53.00   0.0000e+00   0.0000e+00   0.0000e+00   0  H  0.00  1   !  -9.99000e+02  -99.000  -99.000  -999
OBS: 6000219  54148.336   -51.00   0.0000e+00   0.0000e+00   0.0000e+00   0  H  0.00  1   !  -9.99000e+02  -99.000  -99.000  -999
OBS: 6000219  54150.336   -49.00   0.0000e+00   0.0000e+00   0.0000e+00   0  H  0.00  1   !  -9.99000e+02  -99.000  -99.000  -999
OBS: 6000219  54152.336   -47.00   0.0000e+00   0.0000e+00   0.0000e+00   0  H  0.00  1   !  -9.99000e+02  -99.000  -99.000  -999
OBS: 6000219  54154.336   -45.00   0.0000e+00   0.0000e+00   0.0000e+00   0  H  0.00  1   !  -9.99000e+02  -99.000  -99.000  -999
OBS: 6000219  54156.336   -43.00   0.0000e+00   0.0000e+00   0.0000e+00   0  H  0.00  1   !  -9.99000e+02  -99.000  -99.000  -999
OBS: 6000219  54158.336   -41.00   0.0000e+00   0.0000e+00   0.0000e+00   0  H  0.00  1   !  -9.99000e+02  -99.000  -99.000  -999
OBS: 6000219  54160.336   -39.00   0.0000e+00   0.0000e+00   0.0000e+00   0  H  0.00  1   !  -9.99000e+02  -99.000  -99.000  -999
OBS: 6000219  54162.336   -37.00   0.0000e+00   0.0000e+00   0.0000e+00   0  H  0.00  1   !  -9.99000e+02  -99.000  -99.000  -999
OBS: 6000219  54164.336   -35.00   0.0000e+00   0.0000e+00   0.0000e+00   0  H  0.00  1   !  -9.99000e+02  -99.000  -99.000  -999
OBS: 6000219  54166.336   -33.00   0.0000e+00   0.0000e+00   0.0000e+00   0  H  0.00  1   !  -9.99000e+02  -99.000  -99.000  -999
OBS: 6000219  54168.336   -31.00   0.0000e+00   0.0000e+00   0.0000e+00   0  H  0.00  1   !  -9.99000e+02  -99.000  -99.000  -999
OBS: 6000219  54170.336   -29.00   0.0000e+00   0.0000e+00   0.0000e+00   0  H  0.00  1   !  -9.99000e+02  -99.000  -99.000  -999
OBS: 6000219  54172.336   -27.00   0.0000e+00   0.0000e+00   0.0000e+00   0  H  0.00  1   !  -9.99000e+02  -99.000  -99.000  -999
OBS: 6000219  54174.336   -25.00   0.0000e+00   0.0000e+00   0.0000e+00   0  H  0.00  1   !  -9.99000e+02  -99.000  -99.000  -999
OBS: 6000219  54176.336   -23.00   0.0000e+00   0.0000e+00   0.0000e+00   0  H  0.00  1   !  -9.99000e+02  -99.000  -99.000  -999
OBS: 6000219  54178.336   -21.00   0.0000e+00   7.2563e+02   4.3677e+02   0  H  0.00  1   !  -9.99000e+02  -99.000  -99.000  -999
OBS: 6000219  54180.336   -19.00   0.0000e+00   8.7481e+02   5.2656e+02   0  H  0.00  1   !  -9.99000e+02  -99.000  -99.000  -999
OBS: 6000219  54182.336   -17.00   0.0000e+00   8.7613e+02   5.2735e+02   0  H  0.00  1   !  -9.99000e+02  -99.000  -99.000  -999
OBS: 6000219  54184.336   -15.00   0.0000e+00   1.1427e+03   6.8779e+02   0  H  0.00  1   !  -9.99000e+02  -99.000  -99.000  -999
OBS: 6000219  54186.336   -13.00   0.0000e+00   1.8400e+03   1.7675e+02   0  H  0.00  1   !  -9.99000e+02  -99.000  -99.000  -999
OBS: 6000219  54188.336   -11.00   0.0000e+00   2.5352e+03   1.2812e+02   0  H  0.00  1   !  -9.99000e+02  -99.000  -99.000  -999
OBS: 6000219  54190.336    -9.00   0.0000e+00   3.1060e+03   1.0504e+02   0  H  0.00  1   !  -9.99000e+02  -99.000  -99.000  -999
OBS: 6000219  54192.336    -7.00   0.0000e+00   3.4957e+03   9.8520e+01   0  H  0.00  1   !  -9.99000e+02  -99.000  -99.000  -999
OBS: 6000219  54194.336    -5.00   0.0000e+00   3.6293e+03   1.0899e+02   0  H  0.00  1   !  -9.99000e+02  -99.000  -99.000  -999
OBS: 6000219  54196.336    -3.00   0.0000e+00   3.5217e+03   1.0608e+02   0  H  0.00  1   !  -9.99000e+02  -99.000  -99.000  -999
OBS: 6000219  54198.336    -1.00   0.0000e+00   3.1837e+03   8.8691e+01   0  H  0.00  1   !  -9.99000e+02  -99.000  -99.000  -999
OBS: 6000219  54200.336     1.00   0.0000e+00   2.8580e+03   8.4198e+01   0  H  0.00  1   !  -9.99000e+02  -99.000  -99.000  -999
OBS: 6000219  54202.336     3.00   0.0000e+00   2.6153e+03   9.5947e+01   0  H  0.00  1   !  -9.99000e+02  -99.000  -99.000  -999
OBS: 6000219  54204.336     5.00   0.0000e+00   2.3471e+03   9.6436e+01   0  H  0.00  1   !  -9.99000e+02  -99.000  -99.000  -999
OBS: 6000219  54206.336     7.00   0.0000e+00   2.0827e+03   9.0556e+01   0  H  0.00  1   !  -9.99000e+02  -99.000  -99.000  -999
OBS: 6000219  54208.336     9.00   0.0000e+00   1.8746e+03   8.6809e+01   0  H  0.00  1   !  -9.99000e+02  -99.000  -99.000  -999
OBS: 6000219  54210.336    11.00   0.0000e+00   1.7652e+03   8.1331e+01   0  H  0.00  1   !  -9.99000e+02  -99.000  -99.000  -999
OBS: 6000219  54212.336    13.00   0.0000e+00   1.7457e+03   7.3245e+01   0  H  0.00  1   !  -9.99000e+02  -99.000  -99.000  -999
OBS: 6000219  54214.336    15.00   0.0000e+00   1.8174e+03   7.2669e+01   0  H  0.00  1   !  -9.99000e+02  -99.000  -99.000  -999
OBS: 6000219  54216.336    17.00   0.0000e+00   1.9335e+03   7.6783e+01   0  H  0.00  1   !  -9.99000e+02  -99.000  -99.000  -999
OBS: 6000219  54218.336    19.00   0.0000e+00   2.0446e+03   7.1236e+01   0  H  0.00  1   !  -9.99000e+02  -99.000  -99.000  -999
OBS: 6000219  54220.336    21.00   0.0000e+00   2.1487e+03   6.4448e+01   0  H  0.00  1   !  -9.99000e+02  -99.000  -99.000  -999
OBS: 6000219  54222.336    23.00   0.0000e+00   2.2278e+03   6.2062e+01   0  H  0.00  1   !  -9.99000e+02  -99.000  -99.000  -999
OBS: 6000219  54224.336    25.00   0.0000e+00   2.3153e+03   6.8842e+01   0  H  0.00  1   !  -9.99000e+02  -99.000  -99.000  -999
OBS: 6000219  54226.336    27.00   0.0000e+00   2.4208e+03   7.5674e+01   0  H  0.00  1   !  -9.99000e+02  -99.000  -99.000  -999
OBS: 6000219  54228.336    29.00   0.0000e+00   2.5143e+03   7.3516e+01   0  H  0.00  1   !  -9.99000e+02  -99.000  -99.000  -999
OBS: 6000219  54230.336    31.00   0.0000e+00   2.6083e+03   7.8888e+01   0  H  0.00  1   !  -9.99000e+02  -99.000  -99.000  -999
OBS: 6000219  54232.336    33.00   0.0000e+00   2.6841e+03   9.9538e+01   0  H  0.00  1   !  -9.99000e+02  -99.000  -99.000  -999
OBS: 6000219  54234.336    35.00   0.0000e+00   2.7513e+03   1.2170e+02   0  H  0.00  1   !  -9.99000e+02  -99.000  -99.000  -999
OBS: 6000219  54236.336    37.00   0.0000e+00   2.7492e+03   1.3056e+02   0  H  0.00  1   !  -9.99000e+02  -99.000  -99.000  -999
OBS: 6000219  54238.336    39.00   0.0000e+00   2.6088e+03   1.4198e+02   0  H  0.00  1   !  -9.99000e+02  -99.000  -99.000  -999
OBS: 6000219  54240.336    41.00   0.0000e+00   2.3998e+03   1.6235e+02   0  H  0.00  1   !  -9.99000e+02  -99.000  -99.000  -999
OBS: 6000219  54242.336    43.00   0.0000e+00   2.1083e+03   1.6797e+02   0  H  0.00  1   !  -9.99000e+02  -99.000  -99.000  -999
OBS: 6000219  54244.336    45.00   0.0000e+00   1.8070e+03   1.4767e+02   0  H  0.00  1   !  -9.99000e+02  -99.000  -99.000  -999
OBS: 6000219  54246.336    47.00   0.0000e+00   1.5649e+03   1.1697e+02   0  H  0.00  1   !  -9.99000e+02  -99.000  -99.000  -999
OBS: 6000219  54248.336    49.00   0.0000e+00   1.4190e+03   9.5789e+01   0  H  0.00  1   !  -9.99000e+02  -99.000  -99.000  -999
OBS: 6000219  54250.336    51.00   0.0000e+00   1.3406e+03   8.2694e+01   0  H  0.00  1   !  -9.99000e+02  -99.000  -99.000  -999
OBS: 6000219  54252.336    53.00   0.0000e+00   1.2821e+03   7.4608e+01   0  H  0.00  1   !  -9.99000e+02  -99.000  -99.000  -999
OBS: 6000219  54254.336    55.00   0.0000e+00   1.2203e+03   7.0496e+02   0  H  0.00  1   !  -9.99000e+02  -99.000  -99.000  -999
OBS: 6000219  54256.336    57.00   0.0000e+00   1.1604e+03   6.9845e+02   0  H  0.00  1   !  -9.99000e+02  -99.000  -99.000  -999
OBS: 6000219  54258.336    59.00   0.0000e+00   1.1067e+03   6.6615e+02   0  H  0.00  1   !  -9.99000e+02  -99.000  -99.000  -999
OBS: 6000219  54260.336    61.00   0.0000e+00   1.0541e+03   6.3446e+02   0  H  0.00  1   !  -9.99000e+02  -99.000  -99.000  -999
OBS: 6000219  54262.336    63.00   0.0000e+00   1.0036e+03   6.0409e+02   0  H  0.00  1   !  -9.99000e+02  -99.000  -99.000  -999
OBS: 6000219  54264.336    65.00   0.0000e+00   9.1761e+02   5.5232e+02   0  H  0.00  1   !  -9.99000e+02  -99.000  -99.000  -999
OBS: 6000219  54266.336    67.00   0.0000e+00   8.2837e+02   4.9860e+02   0  H  0.00  1   !  -9.99000e+02  -99.000  -99.000  -999
OBS: 6000219  54268.336    69.00   0.0000e+00   7.5617e+02   4.5515e+02   0  H  0.00  1   !  -9.99000e+02  -99.000  -99.000  -999
OBS: 6000219  54270.336    71.00   0.0000e+00   6.9896e+02   4.2071e+02   0  H  0.00  1   !  -9.99000e+02  -99.000  -99.000  -999
OBS: 6000219  54272.336    73.00   0.0000e+00   6.5570e+02   3.9467e+02   0  H  0.00  1   !  -9.99000e+02  -99.000  -99.000  -999
OBS: 6000219  54274.336    75.00   0.0000e+00   6.2258e+02   3.7474e+02   0  H  0.00  1   !  -9.99000e+02  -99.000  -99.000  -999
OBS: 6000219  54276.336    77.00   0.0000e+00   5.8908e+02   3.5458e+02   0  H  0.00  1   !  -9.99000e+02  -99.000  -99.000  -999
OBS: 6000219  54278.336    79.00   0.0000e+00   5.5940e+02   3.3671e+02   0  H  0.00  1   !  -9.99000e+02  -99.000  -99.000  -999
OBS: 6000219  54280.336    81.00   0.0000e+00   5.3933e+02   3.2463e+02   0  H  0.00  1   !  -9.99000e+02  -99.000  -99.000  -999
OBS: 6000219  54282.336    83.00   0.0000e+00   5.2017e+02   3.1309e+02   0  H  0.00  1   !  -9.99000e+02  -99.000  -99.000  -999
OBS: 6000219  54284.336    85.00   0.0000e+00   5.0187e+02   3.0208e+02   0  H  0.00  1   !  -9.99000e+02  -99.000  -99.000  -999
OBS: 6000219  54286.336    87.00   0.0000e+00   4.8452e+02   2.9164e+02   0  H  0.00  1   !  -9.99000e+02  -99.000  -99.000  -999
OBS: 6000219  54288.336    89.00   0.0000e+00   4.6827e+02   2.8185e+02   0  H  0.00  1   !  -9.99000e+02  -99.000  -99.000  -999
OBS: 6000219  54290.336    91.00   0.0000e+00   4.5166e+02   2.7186e+02   0  H  0.00  1   !  -9.99000e+02  -99.000  -99.000  -999
OBS: 6000219  54292.336    93.00   0.0000e+00   4.3419e+02   2.6134e+02   0  H  0.00  1   !  -9.99000e+02  -99.000  -99.000  -999
OBS: 6000219  54294.336    95.00   0.0000e+00   4.1739e+02   2.5123e+02   0  H  0.00  1   !  -9.99000e+02  -99.000  -99.000  -999
OBS: 6000219  54296.336    97.00   0.0000e+00   4.0125e+02   2.4151e+02   0  H  0.00  1   !  -9.99000e+02  -99.000  -99.000  -999
OBS: 6000219  54298.336    99.00   0.0000e+00   3.8572e+02   2.3217e+02   0  H  0.00  1   !  -9.99000e+02  -99.000  -99.000  -999
OBS: 6000219  54300.336   101.00   0.0000e+00   3.7080e+02   2.2319e+02   0  H  0.00  1   !  -9.99000e+02  -99.000  -99.000  -999
OBS: 6000219  54302.336   103.00   0.0000e+00   3.5646e+02   2.1456e+02   0  H  0.00  1   !  -9.99000e+02  -99.000  -99.000  -999
OBS: 6000219  54304.336   105.00   0.0000e+00   3.4267e+02   2.0626e+02   0  H  0.00  1   !  -9.99000e+02  -99.000  -99.000  -999
OBS: 6000219  54306.336   107.00   0.0000e+00   3.2942e+02   1.9828e+02   0  H  0.00  1   !  -9.99000e+02  -99.000  -99.000  -999
OBS: 6000219  54308.336   109.00   0.0000e+00   3.1667e+02   1.9061e+02   0  H  0.00  1   !  -9.99000e+02  -99.000  -99.000  -999
OBS: 6000219  54310.336   111.00   0.0000e+00   3.0442e+02   1.8324e+02   0  H  0.00  1   !  -9.99000e+02  -99.000  -99.000  -999
OBS: 6000219  54312.336   113.00   0.0000e+00   2.9265e+02   1.7615e+02   0  H  0.00  1   !  -9.99000e+02  -99.000  -99.000  -999
OBS: 6000219  54314.336   115.00   0.0000e+00   2.8133e+02   1.6934e+02   0  H  0.00  1   !  -9.99000e+02  -99.000  -99.000  -999
OBS: 6000219  54316.336   117.00   0.0000e+00   2.7045e+02   1.6278e+02   0  H  0.00  1   !  -9.99000e+02  -99.000  -99.000  -999
OBS: 6000219  54318.336   119.00   0.0000e+00   2.5999e+02   1.5649e+02   0  H  0.00  1   !  -9.99000e+02  -99.000  -99.000  -999
OBS: 6000219  54320.336   121.00   0.0000e+00   2.4993e+02   1.5043e+02   0  H  0.00  1   !  -9.99000e+02  -99.000  -99.000  -999
OBS: 6000219  54322.336   123.00   0.0000e+00   2.4026e+02   1.4462e+02   0  H  0.00  1   !  -9.99000e+02  -99.000  -99.000  -999
OBS: 6000219  54324.336   125.00   0.0000e+00   2.3097e+02   1.3902e+02   0  H  0.00  1   !  -9.99000e+02  -99.000  -99.000  -999
OBS: 6000219  54326.336   127.00   0.0000e+00   2.2203e+02   1.3364e+02   0  H  0.00  1   !  -9.99000e+02  -99.000  -99.000  -999
OBS: 6000219  54328.336   129.00   0.0000e+00   2.1344e+02   1.2847e+02   0  H  0.00  1   !  -9.99000e+02  -99.000  -99.000  -999
OBS: 6000219  54330.336   131.00   0.0000e+00   2.0519e+02   1.2350e+02   0  H  0.00  1   !  -9.99000e+02  -99.000  -99.000  -999
OBS: 6000219  54332.336   133.00   0.0000e+00   1.9725e+02   1.1873e+02   0  H  0.00  1   !  -9.99000e+02  -99.000  -99.000  -999
OBS: 6000219  54334.336   135.00   0.0000e+00   1.8962e+02   1.1413e+02   0  H  0.00  1   !  -9.99000e+02  -99.000  -99.000  -999
OBS: 6000219  54336.336   137.00   0.0000e+00   1.8229e+02   1.0972e+02   0  H  0.00  1   !  -9.99000e+02  -99.000  -99.000  -999
OBS: 6000219  54338.336   139.00   0.0000e+00   1.7523e+02   1.0548e+02   0  H  0.00  1   !  -9.99000e+02  -99.000  -99.000  -999
