VARNAMES: CID MJD Tobs SIM_FLUXCAL FLUXCAL FLUXCAL_ERR DATAFLAG BAND CHI2 IFIT BAND_REST FLUX_REST KCOR AVWARP SIM_FLUX_REST 
OBS: 6000193  54528.809    -6.23   5.8621e+03   5.8070e+03   4.6215e+02   1  J  0.61  1   J  3.85039e+18  -0.073  2.235  1.00000e+11
OBS: 6000193  54528.820    -6.22   5.8623e+03   5.8800e+03   6.1188e+02   1  J  0.51  1   J  3.89855e+18  -0.073  2.232  1.00000e+11
OBS: 6000193  54536.820     1.78   4.3197e+03   4.2796e+03   4.2057e+02   1  J  0.38  1   J  2.74763e+18  -0.108  0.122  1.00000e+11
OBS: 6000193  54536.828     1.79   4.3159e+03   4.8341e+03   4.8553e+02   1  J  2.71  1   J  3.10382e+18  -0.108  0.121  1.00000e+11
OBS: 6000193  54539.820     4.78   3.3106e+03   3.3304e+03   5.2400e+02   1  J  0.23  1   J  2.12900e+18  -0.112  0.395  1.00000e+11
OBS: 6000193  54544.801     9.76   2.0515e+03   1.5300e+03   4.6045e+02   1  J  0.60  1   J  9.53094e+17  -0.140  2.214  1.00000e+11
OBS: 6000193  54544.809     9.77   2.0496e+03   2.0277e+03   4.2079e+02   1  J  0.08  1   J  1.26315e+18  -0.140  2.216  1.00000e+11
OBS: 6000193  54476.035   -59.00   0.0000e+00   0.0000e+00   0.0000e+00   0  J  0.00  1   !  -9.99000e+02  -99.000  -99.000  -999
OBS: 6000193  54478.035   -57.00   0.0000e+00   0.0000e+00   0.0000e+00   0  J  0.00  1   !  -9.99000e+02  -99.000  -99.000  -999
OBS: 6000193  54480.035   -55.00   0.0000e+00   0.0000e+00   0.0000e+00   0  J  0.00  1   !  -9.99000e+02  -99.000  -99.000  -999
OBS: 6000193  54482.035   -53.00   0.0000e+00   0.0000e+00   0.0000e+00   0  J  0.00  1   !  -9.99000e+02  -99.000  -99.000  -999
OBS: 6000193  54484.035   -51.00   0.0000e+00   0.0000e+00   0.0000e+00   0  J  0.00  1   !  -9.99000e+02  -99.000  -99.000  -999
OBS: 6000193  54486.035   -49.00   0.0000e+00   0.0000e+00   0.0000e+00   0  J  0.00  1   !  -9.99000e+02  -99.000  -99.000  -999
OBS: 6000193  54488.035   -47.00   0.0000e+00   0.0000e+00   0.0000e+00   0  J  0.00  1   !  -9.99000e+02  -99.000  -99.000  -999
OBS: 6000193  54490.035   -45.00   0.0000e+00   0.0000e+00   0.0000e+00   0  J  0.00  1   !  -9.99000e+02  -99.000  -99.000  -999
OBS: 6000193  54492.035   -43.00   0.0000e+00   0.0000e+00   0.0000e+00   0  J  0.00  1   !  -9.99000e+02  -99.000  -99.000  -999
OBS: 6000193  54494.035   -41.00   0.0000e+00   0.0000e+00   0.0000e+00   0  J  0.00  1   !  -9.99000e+02  -99.000  -99.000  -999
OBS: 6000193  54496.035   -39.00   0.0000e+00   0.0000e+00   0.0000e+00   0  J  0.00  1   !  -9.99000e+02  -99.000  -99.000  -999
OBS: 6000193  54498.035   -37.00   0.0000e+00   0.0000e+00   0.0000e+00   0  J  0.00  1   !  -9.99000e+02  -99.000  -99.000  -999
OBS: 6000193  54500.035   -35.00   0.0000e+00   0.0000e+00   0.0000e+00   0  J  0.00  1   !  -9.99000e+02  -99.000  -99.000  -999
OBS: 6000193  54502.035   -33.00   0.0000e+00   0.0000e+00   0.0000e+00   0  J  0.00  1   !  -9.99000e+02  -99.000  -99.000  -999
OBS: 6000193  54504.035   -31.00   0.0000e+00   0.0000e+00   0.0000e+00   0  J  0.00  1   !  -9.99000e+02  -99.000  -99.000  -999
OBS: 6000193  54506.035   -29.00   0.0000e+00   0.0000e+00   0.0000e+00   0  J  0.00  1   !  -9.99000e+02  -99.000  -99.000  -999
OBS: 6000193  54508.035   -27.00   0.0000e+00   0.0000e+00   0.0000e+00   0  J  0.00  1   !  -9.99000e+02  -99.000  -99.000  -999
OBS: 6000193  54510.035   -25.00   0.0000e+00   0.0000e+00   0.0000e+00   0  J  0.00  1   !  -9.99000e+02  -99.000  -99.000  -999
OBS: 6000193  54512.035   -23.00   0.0000e+00   0.0000e+00   0.0000e+00   0  J  0.00  1   !  -9.99000e+02  -99.000  -99.000  -999
OBS: 6000193  54514.035   -21.00   0.0000e+00   2.3384e+03   1.4075e+03   0  J  0.00  1   !  -9.99000e+02  -99.000  -99.000  -999
OBS: 6000193  54516.035   -19.00   0.0000e+00   2.5019e+03   1.5059e+03   0  J  0.00  1   !  -9.99000e+02  -99.000  -99.000  -999
OBS: 6000193  54518.035   -17.00   0.0000e+00   2.4984e+03   1.5038e+03   0  J  0.00  1   !  -9.99000e+02  -99.000  -99.000  -999
OBS: 6000193  54520.035   -15.00   0.0000e+00   2.9545e+03   5.5106e+02   0  J  0.00  1   !  -9.99000e+02  -99.000  -99.000  -999
OBS: 6000193  54522.035   -13.00   0.0000e+00   3.9872e+03   1.0890e+02   0  J  0.00  1   !  -9.99000e+02  -99.000  -99.000  -999
OBS: 6000193  54524.035   -11.00   0.0000e+00   4.7460e+03   1.3401e+02   0  J  0.00  1   !  -9.99000e+02  -99.000  -99.000  -999
OBS: 6000193  54526.035    -9.00   0.0000e+00   5.1986e+03   1.4044e+02   0  J  0.00  1   !  -9.99000e+02  -99.000  -99.000  -999
OBS: 6000193  54528.035    -7.00   0.0000e+00   5.3921e+03   1.2860e+02   0  J  0.00  1   !  -9.99000e+02  -99.000  -99.000  -999
OBS: 6000193  54530.035    -5.00   0.0000e+00   5.4400e+03   1.2098e+02   0  J  0.00  1   !  -9.99000e+02  -99.000  -99.000  -999
OBS: 6000193  54532.035    -3.00   0.0000e+00   5.2681e+03   1.3491e+02   0  J  0.00  1   !  -9.99000e+02  -99.000  -99.000  -999
OBS: 6000193  54534.035    -1.00   0.0000e+00   4.9144e+03   1.4153e+02   0  J  0.00  1   !  -9.99000e+02  -99.000  -99.000  -999
OBS: 6000193  54536.035     1.00   0.0000e+00   4.2870e+03   1.4073e+02   0  J  0.00  1   !  -9.99000e+02  -99.000  -99.000  -999
OBS: 6000193  54538.035     3.00   0.0000e+00   3.5886e+03   1.3785e+02   0  J  0.00  1   !  -9.99000e+02  -99.000  -99.000  -999
OBS: 6000193  54540.035     5.00   0.0000e+00   3.0149e+03   1.3096e+02   0  J  0.00  1   !  -9.99000e+02  -99.000  -99.000  -999
OBS: 6000193  54542.035     7.00   0.0000e+00   2.5018e+03   1.2700e+02   0  J  0.00  1   !  -9.99000e+02  -99.000  -99.000  -999
OBS: 6000193  54544.035     9.00   0.0000e+00   2.0478e+03   1.3527e+02   0  J  0.00  1   !  -9.99000e+02  -99.000  -99.000  -999
OBS: 6000193  54546.035    11.00   0.0000e+00   1.6979e+03   1.5137e+02   0  J  0.00  1   !  -9.99000e+02  -99.000  -99.000  -999
OBS: 6000193  54548.035    13.00   0.0000e+00   1.5108e+03   1.5647e+02   0  J  0.00  1   !  -9.99000e+02  -99.000  -99.000  -999
OBS: 6000193  54550.035    15.00   0.0000e+00   1.4889e+03   1.5201e+02   0  J  0.00  1   !  -9.99000e+02  -99.000  -99.000  -999
OBS: 6000193  54552.035    17.00   0.0000e+00   1.5119e+03   1.3967e+02   0  J  0.00  1   !  -9.99000e+02  -99.000  -99.000  -999
OBS: 6000193  54554.035    19.00   0.0000e+00   1.5811e+03   1.1470e+02   0  J  0.00  1   !  -9.99000e+02  -99.000  -99.000  -999
OBS: 6000193  54556.035    21.00   0.0000e+00   1.6614e+03   1.1821e+02   0  J  0.00  1   !  -9.99000e+02  -99.000  -99.000  -999
OBS: 6000193  54558.035    23.00   0.0000e+00   1.7725e+03   1.4876e+02   0  J  0.00  1   !  -9.99000e+02  -99.000  -99.000  -999
OBS: 6000193  54560.035    25.00   0.0000e+00   1.8774e+03   1.6851e+02   0  J  0.00  1   !  -9.99000e+02  -99.000  -99.000  -999
OBS: 6000193  54562.035    27.00   0.0000e+00   1.9756e+03   1.7713e+02   0  J  0.00  1   !  -9.99000e+02  -99.000  -99.000  -999
OBS: 6000193  54564.035    29.00   0.0000e+00   2.0717e+03   1.8248e+02   0  J  0.00  1   !  -9.99000e+02  -99.000  -99.000  -999
OBS: 6000193  54566.035    31.00   0.0000e+00   2.1664e+03   1.8609e+02   0  J  0.00  1   !  -9.99000e+02  -99.000  -99.000  -999
OBS: 6000193  54568.035    33.00   0.0000e+00   2.3213e+03   2.0736e+02   0  J  0.00  1   !  -9.99000e+02  -99.000  -99.000  -999
OBS: 6000193  54570.035    35.00   0.0000e+00   2.5684e+03   2.5873e+02   0  J  0.00  1   !  -9.99000e+02  -99.000  -99.000  -999
OBS: 6000193  54572.035    37.00   0.0000e+00   2.7801e+03   3.0501e+02   0  J  0.00  1   !  -9.99000e+02  -99.000  -99.000  -999
OBS: 6000193  54574.035    39.00   0.0000e+00   2.8330e+03   3.2488e+02   0  J  0.00  1   !  -9.99000e+02  -99.000  -99.000  -999
OBS: 6000193  54576.035    41.00   0.0000e+00   2.7165e+03   3.3335e+02   0  J  0.00  1   !  -9.99000e+02  -99.000  -99.000  -999
OBS: 6000193  54578.035    43.00   0.0000e+00   2.4665e+03   3.1991e+02   0  J  0.00  1   !  -9.99000e+02  -99.000  -99.000  -999
OBS: 6000193  54580.035    45.00   0.0000e+00   2.1279e+03   2.7390e+02   0  J  0.00  1   !  -9.99000e+02  -99.000  -99.000  -999
OBS: 6000193  54582.035    47.00   0.0000e+00   1.7657e+03   2.1384e+02   0  J  0.00  1   !  -9.99000e+02  -99.000  -99.000  -999
OBS: 6000193  54584.035    49.00   0.0000e+00   1.4859e+03   1.6567e+02   0  J  0.00  1   !  -9.99000e+02  -99.000  -99.000  -999
OBS: 6000193  54586.035    51.00   0.0000e+00   1.3326e+03   1.7444e+02   0  J  0.00  1   !  -9.99000e+02  -99.000  -99.000  -999
OBS: 6000193  54588.035    53.00   0.0000e+00   1.2631e+03   3.1736e+02   0  J  0.00  1   !  -9.99000e+02  -99.000  -99.000  -999
OBS: 6000193  54590.035    55.00   0.0000e+00   1.2150e+03   7.3130e+02   0  J  0.00  1   !  -9.99000e+02  -99.000  -99.000  -999
OBS: 6000193  54592.035    57.00   0.0000e+00   1.1345e+03   6.8285e+02   0  J  0.00  1   !  -9.99000e+02  -99.000  -99.000  -999
OBS: 6000193  54594.035    59.00   0.0000e+00   1.0297e+03   6.1980e+02   0  J  0.00  1   !  -9.99000e+02  -99.000  -99.000  -999
OBS: 6000193  54596.035    61.00   0.0000e+00   9.3579e+02   5.6326e+02   0  J  0.00  1   !  -9.99000e+02  -99.000  -99.000  -999
OBS: 6000193  54598.035    63.00   0.0000e+00   8.5431e+02   5.1422e+02   0  J  0.00  1   !  -9.99000e+02  -99.000  -99.000  -999
OBS: 6000193  54600.035    65.00   0.0000e+00   7.4076e+02   4.4587e+02   0  J  0.00  1   !  -9.99000e+02  -99.000  -99.000  -999
OBS: 6000193  54602.035    67.00   0.0000e+00   6.3329e+02   3.8118e+02   0  J  0.00  1   !  -9.99000e+02  -99.000  -99.000  -999
OBS: 6000193  54604.035    69.00   0.0000e+00   5.6436e+02   3.3969e+02   0  J  0.00  1   !  -9.99000e+02  -99.000  -99.000  -999
OBS: 6000193  54606.035    71.00   0.0000e+00   5.0634e+02   3.0477e+02   0  J  0.00  1   !  -9.99000e+02  -99.000  -99.000  -999
OBS: 6000193  54608.035    73.00   0.0000e+00   4.6264e+02   2.7847e+02   0  J  0.00  1   !  -9.99000e+02  -99.000  -99.000  -999
OBS: 6000193  54610.035    75.00   0.0000e+00   4.2569e+02   2.5623e+02   0  J  0.00  1   !  -9.99000e+02  -99.000  -99.000  -999
OBS: 6000193  54612.035    77.00   0.0000e+00   3.8473e+02   2.3158e+02   0  J  0.00  1   !  -9.99000e+02  -99.000  -99.000  -999
OBS: 6000193  54614.035    79.00   0.0000e+00   3.5016e+02   2.1076e+02   0  J  0.00  1   !  -9.99000e+02  -99.000  -99.000  -999
OBS: 6000193  54616.035    81.00   0.0000e+00   3.3539e+02   2.0188e+02   0  J  0.00  1   !  -9.99000e+02  -99.000  -99.000  -999
OBS: 6000193  54618.035    83.00   0.0000e+00   3.2135e+02   1.9342e+02   0  J  0.00  1   !  -9.99000e+02  -99.000  -99.000  -999
OBS: 6000193  54620.035    85.00   0.0000e+00   3.0800e+02   1.8539e+02   0  J  0.00  1   !  -9.99000e+02  -99.000  -99.000  -999
OBS: 6000193  54622.035    87.00   0.0000e+00   2.9498e+02   1.7755e+02   0  J  0.00  1   !  -9.99000e+02  -99.000  -99.000  -999
OBS: 6000193  54624.035    89.00   0.0000e+00   2.8191e+02   1.6968e+02   0  J  0.00  1   !  -9.99000e+02  -99.000  -99.000  -999
OBS: 6000193  54626.035    91.00   0.0000e+00   2.7085e+02   1.6303e+02   0  J  0.00  1   !  -9.99000e+02  -99.000  -99.000  -999
OBS: 6000193  54628.035    93.00   0.0000e+00   2.6224e+02   1.5784e+02   0  J  0.00  1   !  -9.99000e+02  -99.000  -99.000  -999
OBS: 6000193  54630.035    95.00   0.0000e+00   2.5390e+02   1.5283e+02   0  J  0.00  1   !  -9.99000e+02  -99.000  -99.000  -999
OBS: 6000193  54632.035    97.00   0.0000e+00   2.4583e+02   1.4797e+02   0  J  0.00  1   !  -9.99000e+02  -99.000  -99.000  -999
OBS: 6000193  54634.035    99.00   0.0000e+00   2.3802e+02   1.4327e+02   0  J  0.00  1   !  -9.99000e+02  -99.000  -99.000  -999
OBS: 6000193  54636.035   101.00   0.0000e+00   2.3045e+02   1.3871e+02   0  J  0.00  1   !  -9.99000e+02  -99.000  -99.000  -999
OBS: 6000193  54638.035   103.00   0.0000e+00   2.2313e+02   1.3430e+02   0  J  0.00  1   !  -9.99000e+02  -99.000  -99.000  -999
OBS: 6000193  54640.035   105.00   0.0000e+00   2.1603e+02   1.3003e+02   0  J  0.00  1   !  -9.99000e+02  -99.000  -99.000  -999
OBS: 6000193  54642.035   107.00   0.0000e+00   2.0917e+02   1.2590e+02   0  J  0.00  1   !  -9.99000e+02  -99.000  -99.000  -999
OBS: 6000193  54644.035   109.00   0.0000e+00   2.0252e+02   1.2190e+02   0  J  0.00  1   !  -9.99000e+02  -99.000  -99.000  -999
OBS: 6000193  54646.035   111.00   0.0000e+00   1.9608e+02   1.1802e+02   0  J  0.00  1   !  -9.99000e+02  -99.000  -99.000  -999
OBS: 6000193  54648.035   113.00   0.0000e+00   1.8985e+02   1.1427e+02   0  J  0.00  1   !  -9.99000e+02  -99.000  -99.000  -999
OBS: 6000193  54650.035   115.00   0.0000e+00   1.8381e+02   1.1064e+02   0  J  0.00  1   !  -9.99000e+02  -99.000  -99.000  -999
OBS: 6000193  54652.035   117.00   0.0000e+00   1.7797e+02   1.0712e+02   0  J  0.00  1   !  -9.99000e+02  -99.000  -99.000  -999
OBS: 6000193  54654.035   119.00   0.0000e+00   1.7231e+02   1.0372e+02   0  J  0.00  1   !  -9.99000e+02  -99.000  -99.000  -999
OBS: 6000193  54656.035   121.00   0.0000e+00   1.6684e+02   1.0042e+02   0  J  0.00  1   !  -9.99000e+02  -99.000  -99.000  -999
OBS: 6000193  54658.035   123.00   0.0000e+00   1.6153e+02   9.7228e+01   0  J  0.00  1   !  -9.99000e+02  -99.000  -99.000  -999
OBS: 6000193  54660.035   125.00   0.0000e+00   1.5640e+02   9.4138e+01   0  J  0.00  1   !  -9.99000e+02  -99.000  -99.000  -999
OBS: 6000193  54662.035   127.00   0.0000e+00   1.5143e+02   9.1145e+01   0  J  0.00  1   !  -9.99000e+02  -99.000  -99.000  -999
OBS: 6000193  54664.035   129.00   0.0000e+00   1.4661e+02   8.8248e+01   0  J  0.00  1   !  -9.99000e+02  -99.000  -99.000  -999
OBS: 6000193  54666.035   131.00   0.0000e+00   1.4195e+02   8.5443e+01   0  J  0.00  1   !  -9.99000e+02  -99.000  -99.000  -999
OBS: 6000193  54668.035   133.00   0.0000e+00   1.3744e+02   8.2727e+01   0  J  0.00  1   !  -9.99000e+02  -99.000  -99.000  -999
OBS: 6000193  54670.035   135.00   0.0000e+00   1.3307e+02   8.0097e+01   0  J  0.00  1   !  -9.99000e+02  -99.000  -99.000  -999
OBS: 6000193  54672.035   137.00   0.0000e+00   1.2884e+02   7.7551e+01   0  J  0.00  1   !  -9.99000e+02  -99.000  -99.000  -999
OBS: 6000193  54674.035   139.00   0.0000e+00   1.2475e+02   7.5086e+01   0  J  0.00  1   !  -9.99000e+02  -99.000  -99.000  -999
OBS: 6000193  54528.809    -6.23   4.3157e+03   4.5579e+03   2.8823e+02   1  Y  0.03  1   Y  2.62786e+18  -0.224  -0.864  1.00000e+11
OBS: 6000193  54528.820    -6.22   4.3172e+03   4.4353e+03   2.1330e+02   1  Y  0.56  1   Y  2.55671e+18  -0.225  -0.865  1.00000e+11
OBS: 6000193  54536.820     1.78   3.5572e+03   3.9302e+03   2.5121e+02   1  Y  0.20  1   Y  2.18747e+18  -0.263  -1.373  1.00000e+11
OBS: 6000193  54536.828     1.79   3.5555e+03   3.6929e+03   2.0492e+02   1  Y  0.21  1   Y  2.05513e+18  -0.263  -1.373  1.00000e+11
OBS: 6000193  54539.820     4.78   3.1143e+03   3.2320e+03   1.9575e+02   1  Y  0.17  1   Y  1.68654e+18  -0.333  -1.405  1.00000e+11
OBS: 6000193  54539.820     4.78   3.1143e+03   3.1769e+03   2.0679e+02   1  Y  0.39  1   Y  1.65776e+18  -0.333  -1.405  1.00000e+11
OBS: 6000193  54544.801     9.76   2.5259e+03   2.8292e+03   2.0838e+02   1  Y  0.27  1   Y  1.38955e+18  -0.399  -1.924  1.00000e+11
OBS: 6000193  54544.809     9.77   2.5252e+03   2.8776e+03   2.1083e+02   1  Y  0.51  1   Y  1.41330e+18  -0.399  -1.924  1.00000e+11
OBS: 6000193  54559.750    24.71   3.1529e+03   3.3290e+03   2.1717e+02   1  Y  0.03  1   Y  1.89156e+18  -0.240  -0.986  1.00000e+11
OBS: 6000193  54559.762    24.72   3.1546e+03   3.1309e+03   2.7168e+02   1  Y  0.69  1   Y  1.77892e+18  -0.240  -0.986  1.00000e+11
OBS: 6000193  54581.691    46.65   3.4381e+03   3.3946e+03   2.0457e+02   1  Y  1.22  1   Y  2.28964e+18  -0.054  -0.520  1.00000e+11
OBS: 6000193  54581.699    46.66   3.4365e+03   3.6914e+03   2.3307e+02   1  Y  0.00  1   Y  2.48984e+18  -0.054  -0.520  1.00000e+11
OBS: 6000193  54588.680    53.64   2.4826e+03   2.4467e+03   2.0886e+02  -1  Y  0.03  1   !  -9.99000e+02  -99.000  -99.000  -999
OBS: 6000193  54588.691    53.65   2.4815e+03   2.5178e+03   1.8374e+02  -1  Y  0.01  1   !  -9.99000e+02  -99.000  -99.000  -999
OBS: 6000193  54593.691    58.65   1.9933e+03   1.9440e+03   2.2877e+02  -1  Y  0.02  1   !  -9.99000e+02  -99.000  -99.000  -999
OBS: 6000193  54476.035   -59.00   0.0000e+00   0.0000e+00   0.0000e+00   0  Y  0.00  1   !  -9.99000e+02  -99.000  -99.000  -999
OBS: 6000193  54478.035   -57.00   0.0000e+00   0.0000e+00   0.0000e+00   0  Y  0.00  1   !  -9.99000e+02  -99.000  -99.000  -999
OBS: 6000193  54480.035   -55.00   0.0000e+00   0.0000e+00   0.0000e+00   0  Y  0.00  1   !  -9.99000e+02  -99.000  -99.000  -999
OBS: 6000193  54482.035   -53.00   0.0000e+00   0.0000e+00   0.0000e+00   0  Y  0.00  1   !  -9.99000e+02  -99.000  -99.000  -999
OBS: 6000193  54484.035   -51.00   0.0000e+00   0.0000e+00   0.0000e+00   0  Y  0.00  1   !  -9.99000e+02  -99.000  -99.000  -999
OBS: 6000193  54486.035   -49.00   0.0000e+00   0.0000e+00   0.0000e+00   0  Y  0.00  1   !  -9.99000e+02  -99.000  -99.000  -999
OBS: 6000193  54488.035   -47.00   0.0000e+00   0.0000e+00   0.0000e+00   0  Y  0.00  1   !  -9.99000e+02  -99.000  -99.000  -999
OBS: 6000193  54490.035   -45.00   0.0000e+00   0.0000e+00   0.0000e+00   0  Y  0.00  1   !  -9.99000e+02  -99.000  -99.000  -999
OBS: 6000193  54492.035   -43.00   0.0000e+00   0.0000e+00   0.0000e+00   0  Y  0.00  1   !  -9.99000e+02  -99.000  -99.000  -999
OBS: 6000193  54494.035   -41.00   0.0000e+00   0.0000e+00   0.0000e+00   0  Y  0.00  1   !  -9.99000e+02  -99.000  -99.000  -999
OBS: 6000193  54496.035   -39.00   0.0000e+00   0.0000e+00   0.0000e+00   0  Y  0.00  1   !  -9.99000e+02  -99.000  -99.000  -999
OBS: 6000193  54498.035   -37.00   0.0000e+00   0.0000e+00   0.0000e+00   0  Y  0.00  1   !  -9.99000e+02  -99.000  -99.000  -999
OBS: 6000193  54500.035   -35.00   0.0000e+00   0.0000e+00   0.0000e+00   0  Y  0.00  1   !  -9.99000e+02  -99.000  -99.000  -999
OBS: 6000193  54502.035   -33.00   0.0000e+00   0.0000e+00   0.0000e+00   0  Y  0.00  1   !  -9.99000e+02  -99.000  -99.000  -999
OBS: 6000193  54504.035   -31.00   0.0000e+00   0.0000e+00   0.0000e+00   0  Y  0.00  1   !  -9.99000e+02  -99.000  -99.000  -999
OBS: 6000193  54506.035   -29.00   0.0000e+00   0.0000e+00   0.0000e+00   0  Y  0.00  1   !  -9.99000e+02  -99.000  -99.000  -999
OBS: 6000193  54508.035   -27.00   0.0000e+00   0.0000e+00   0.0000e+00   0  Y  0.00  1   !  -9.99000e+02  -99.000  -99.000  -999
OBS: 6000193  54510.035   -25.00   0.0000e+00   0.0000e+00   0.0000e+00   0  Y  0.00  1   !  -9.99000e+02  -99.000  -99.000  -999
OBS: 6000193  54512.035   -23.00   0.0000e+00   0.0000e+00   0.0000e+00   0  Y  0.00  1   !  -9.99000e+02  -99.000  -99.000  -999
OBS: 6000193  54514.035   -21.00   0.0000e+00   1.0055e+03   6.0523e+02   0  Y  0.00  1   !  -9.99000e+02  -99.000  -99.000  -999
OBS: 6000193  54516.035   -19.00   0.0000e+00   1.0696e+03   6.4382e+02   0  Y  0.00  1   !  -9.99000e+02  -99.000  -99.000  -999
OBS: 6000193  54518.035   -17.00   0.0000e+00   1.0651e+03   6.4112e+02   0  Y  0.00  1   !  -9.99000e+02  -99.000  -99.000  -999
OBS: 6000193  54520.035   -15.00   0.0000e+00   1.3859e+03   3.6347e+02   0  Y  0.00  1   !  -9.99000e+02  -99.000  -99.000  -999
OBS: 6000193  54522.035   -13.00   0.0000e+00   2.1853e+03   1.5931e+02   0  Y  0.00  1   !  -9.99000e+02  -99.000  -99.000  -999
OBS: 6000193  54524.035   -11.00   0.0000e+00   3.0016e+03   1.1363e+02   0  Y  0.00  1   !  -9.99000e+02  -99.000  -99.000  -999
OBS: 6000193  54526.035    -9.00   0.0000e+00   3.7523e+03   9.8217e+01   0  Y  0.00  1   !  -9.99000e+02  -99.000  -99.000  -999
OBS: 6000193  54528.035    -7.00   0.0000e+00   4.4326e+03   1.0489e+02   0  Y  0.00  1   !  -9.99000e+02  -99.000  -99.000  -999
OBS: 6000193  54530.035    -5.00   0.0000e+00   4.7956e+03   1.2259e+02   0  Y  0.00  1   !  -9.99000e+02  -99.000  -99.000  -999
OBS: 6000193  54532.035    -3.00   0.0000e+00   4.8282e+03   1.2501e+02   0  Y  0.00  1   !  -9.99000e+02  -99.000  -99.000  -999
OBS: 6000193  54534.035    -1.00   0.0000e+00   4.4283e+03   1.0876e+02   0  Y  0.00  1   !  -9.99000e+02  -99.000  -99.000  -999
OBS: 6000193  54536.035     1.00   0.0000e+00   3.9527e+03   1.1280e+02   0  Y  0.00  1   !  -9.99000e+02  -99.000  -99.000  -999
OBS: 6000193  54538.035     3.00   0.0000e+00   3.6308e+03   1.3582e+02   0  Y  0.00  1   !  -9.99000e+02  -99.000  -99.000  -999
OBS: 6000193  54540.035     5.00   0.0000e+00   3.2923e+03   1.3693e+02   0  Y  0.00  1   !  -9.99000e+02  -99.000  -99.000  -999
OBS: 6000193  54542.035     7.00   0.0000e+00   2.9648e+03   1.2324e+02   0  Y  0.00  1   !  -9.99000e+02  -99.000  -99.000  -999
OBS: 6000193  54544.035     9.00   0.0000e+00   2.7513e+03   1.2387e+02   0  Y  0.00  1   !  -9.99000e+02  -99.000  -99.000  -999
OBS: 6000193  54546.035    11.00   0.0000e+00   2.6061e+03   1.3877e+02   0  Y  0.00  1   !  -9.99000e+02  -99.000  -99.000  -999
OBS: 6000193  54548.035    13.00   0.0000e+00   2.5314e+03   1.4227e+02   0  Y  0.00  1   !  -9.99000e+02  -99.000  -99.000  -999
OBS: 6000193  54550.035    15.00   0.0000e+00   2.5844e+03   1.3930e+02   0  Y  0.00  1   !  -9.99000e+02  -99.000  -99.000  -999
OBS: 6000193  54552.035    17.00   0.0000e+00   2.7274e+03   1.3092e+02   0  Y  0.00  1   !  -9.99000e+02  -99.000  -99.000  -999
OBS: 6000193  54554.035    19.00   0.0000e+00   2.8909e+03   1.3035e+02   0  Y  0.00  1   !  -9.99000e+02  -99.000  -99.000  -999
OBS: 6000193  54556.035    21.00   0.0000e+00   3.0756e+03   1.1941e+02   0  Y  0.00  1   !  -9.99000e+02  -99.000  -99.000  -999
OBS: 6000193  54558.035    23.00   0.0000e+00   3.2004e+03   1.0031e+02   0  Y  0.00  1   !  -9.99000e+02  -99.000  -99.000  -999
OBS: 6000193  54560.035    25.00   0.0000e+00   3.4223e+03   1.0115e+02   0  Y  0.00  1   !  -9.99000e+02  -99.000  -99.000  -999
OBS: 6000193  54562.035    27.00   0.0000e+00   3.8064e+03   1.1574e+02   0  Y  0.00  1   !  -9.99000e+02  -99.000  -99.000  -999
OBS: 6000193  54564.035    29.00   0.0000e+00   4.1268e+03   1.2183e+02   0  Y  0.00  1   !  -9.99000e+02  -99.000  -99.000  -999
OBS: 6000193  54566.035    31.00   0.0000e+00   4.3226e+03   1.1938e+02   0  Y  0.00  1   !  -9.99000e+02  -99.000  -99.000  -999
OBS: 6000193  54568.035    33.00   0.0000e+00   4.4839e+03   1.2622e+02   0  Y  0.00  1   !  -9.99000e+02  -99.000  -99.000  -999
OBS: 6000193  54570.035    35.00   0.0000e+00   4.5277e+03   1.4376e+02   0  Y  0.00  1   !  -9.99000e+02  -99.000  -99.000  -999
OBS: 6000193  54572.035    37.00   0.0000e+00   4.4564e+03   1.5438e+02   0  Y  0.00  1   !  -9.99000e+02  -99.000  -99.000  -999
OBS: 6000193  54574.035    39.00   0.0000e+00   4.4524e+03   1.5061e+02   0  Y  0.00  1   !  -9.99000e+02  -99.000  -99.000  -999
OBS: 6000193  54576.035    41.00   0.0000e+00   4.3858e+03   1.4734e+02   0  Y  0.00  1   !  -9.99000e+02  -99.000  -99.000  -999
OBS: 6000193  54578.035    43.00   0.0000e+00   4.2085e+03   1.6085e+02   0  Y  0.00  1   !  -9.99000e+02  -99.000  -99.000  -999
OBS: 6000193  54580.035    45.00   0.0000e+00   3.9386e+03   1.6545e+02   0  Y  0.00  1   !  -9.99000e+02  -99.000  -99.000  -999
OBS: 6000193  54582.035    47.00   0.0000e+00   3.6164e+03   1.4584e+02   0  Y  0.00  1   !  -9.99000e+02  -99.000  -99.000  -999
OBS: 6000193  54584.035    49.00   0.0000e+00   3.2735e+03   1.1558e+02   0  Y  0.00  1   !  -9.99000e+02  -99.000  -99.000  -999
OBS: 6000193  54586.035    51.00   0.0000e+00   2.9788e+03   9.2225e+01   0  Y  0.00  1   !  -9.99000e+02  -99.000  -99.000  -999
OBS: 6000193  54588.035    53.00   0.0000e+00   2.7310e+03   2.2453e+02   0  Y  0.00  1   !  -9.99000e+02  -99.000  -99.000  -999
OBS: 6000193  54590.035    55.00   0.0000e+00   2.4867e+03   1.4968e+03   0  Y  0.00  1   !  -9.99000e+02  -99.000  -99.000  -999
OBS: 6000193  54592.035    57.00   0.0000e+00   2.2753e+03   1.3695e+03   0  Y  0.00  1   !  -9.99000e+02  -99.000  -99.000  -999
OBS: 6000193  54594.035    59.00   0.0000e+00   2.1004e+03   1.2642e+03   0  Y  0.00  1   !  -9.99000e+02  -99.000  -99.000  -999
OBS: 6000193  54596.035    61.00   0.0000e+00   1.9184e+03   1.1547e+03   0  Y  0.00  1   !  -9.99000e+02  -99.000  -99.000  -999
OBS: 6000193  54598.035    63.00   0.0000e+00   1.7481e+03   1.0522e+03   0  Y  0.00  1   !  -9.99000e+02  -99.000  -99.000  -999
OBS: 6000193  54600.035    65.00   0.0000e+00   1.4841e+03   8.9328e+02   0  Y  0.00  1   !  -9.99000e+02  -99.000  -99.000  -999
OBS: 6000193  54602.035    67.00   0.0000e+00   1.2294e+03   7.3999e+02   0  Y  0.00  1   !  -9.99000e+02  -99.000  -99.000  -999
OBS: 6000193  54604.035    69.00   0.0000e+00   1.0383e+03   6.2497e+02   0  Y  0.00  1   !  -9.99000e+02  -99.000  -99.000  -999
OBS: 6000193  54606.035    71.00   0.0000e+00   8.9645e+02   5.3958e+02   0  Y  0.00  1   !  -9.99000e+02  -99.000  -99.000  -999
OBS: 6000193  54608.035    73.00   0.0000e+00   7.9185e+02   4.7663e+02   0  Y  0.00  1   !  -9.99000e+02  -99.000  -99.000  -999
OBS: 6000193  54610.035    75.00   0.0000e+00   7.1198e+02   4.2855e+02   0  Y  0.00  1   !  -9.99000e+02  -99.000  -99.000  -999
OBS: 6000193  54612.035    77.00   0.0000e+00   6.4700e+02   3.8944e+02   0  Y  0.00  1   !  -9.99000e+02  -99.000  -99.000  -999
OBS: 6000193  54614.035    79.00   0.0000e+00   5.8495e+02   3.5209e+02   0  Y  0.00  1   !  -9.99000e+02  -99.000  -99.000  -999
OBS: 6000193  54616.035    81.00   0.0000e+00   5.1401e+02   3.0939e+02   0  Y  0.00  1   !  -9.99000e+02  -99.000  -99.000  -999
OBS: 6000193  54618.035    83.00   0.0000e+00   4.5227e+02   2.7223e+02   0  Y  0.00  1   !  -9.99000e+02  -99.000  -99.000  -999
OBS: 6000193  54620.035    85.00   0.0000e+00   3.9868e+02   2.3997e+02   0  Y  0.00  1   !  -9.99000e+02  -99.000  -99.000  -999
OBS: 6000193  54622.035    87.00   0.0000e+00   3.5223e+02   2.1201e+02   0  Y  0.00  1   !  -9.99000e+02  -99.000  -99.000  -999
OBS: 6000193  54624.035    89.00   0.0000e+00   3.1210e+02   1.8785e+02   0  Y  0.00  1   !  -9.99000e+02  -99.000  -99.000  -999
OBS: 6000193  54626.035    91.00   0.0000e+00   2.7494e+02   1.6549e+02   0  Y  0.00  1   !  -9.99000e+02  -99.000  -99.000  -999
OBS: 6000193  54628.035    93.00   0.0000e+00   2.3998e+02   1.4444e+02   0  Y  0.00  1   !  -9.99000e+02  -99.000  -99.000  -999
OBS: 6000193  54630.035    95.00   0.0000e+00   2.0946e+02   1.2607e+02   0  Y  0.00  1   !  -9.99000e+02  -99.000  -99.000  -999
OBS: 6000193  54632.035    97.00   0.0000e+00   1.8282e+02   1.1004e+02   0  Y  0.00  1   !  -9.99000e+02  -99.000  -99.000  -999
OBS: 6000193  54634.035    99.00   0.0000e+00   1.5957e+02   9.6044e+01   0  Y  0.00  1   !  -9.99000e+02  -99.000  -99.000  -999
OBS: 6000193  54636.035   101.00   0.0000e+00   1.3928e+02   8.3832e+01   0  Y  0.00  1   !  -9.99000e+02  -99.000  -99.000  -999
OBS: 6000193  54638.035   103.00   0.0000e+00   1.2157e+02   7.3173e+01   0  Y  0.00  1   !  -9.99000e+02  -99.000  -99.000  -999
OBS: 6000193  54640.035   105.00   0.0000e+00   1.0611e+02   6.3868e+01   0  Y  0.00  1   !  -9.99000e+02  -99.000  -99.000  -999
OBS: 6000193  54642.035   107.00   0.0000e+00   9.2612e+01   5.5744e+01   0  Y  0.00  1   !  -9.99000e+02  -99.000  -99.000  -999
OBS: 6000193  54644.035   109.00   0.0000e+00   8.0831e+01   4.8653e+01   0  Y  0.00  1   !  -9.99000e+02  -99.000  -99.000  -999
OBS: 6000193  54646.035   111.00   0.0000e+00   7.0547e+01   4.2463e+01   0  Y  0.00  1   !  -9.99000e+02  -99.000  -99.000  -999
OBS: 6000193  54648.035   113.00   0.0000e+00   6.1572e+01   3.7061e+01   0  Y  0.00  1   !  -9.99000e+02  -99.000  -99.000  -999
OBS: 6000193  54650.035   115.00   0.0000e+00   5.3737e+01   3.2345e+01   0  Y  0.00  1   !  -9.99000e+02  -99.000  -99.000  -999
OBS: 6000193  54652.035   117.00   0.0000e+00   4.6899e+01   2.8229e+01   0  Y  0.00  1   !  -9.99000e+02  -99.000  -99.000  -999
OBS: 6000193  54654.035   119.00   0.0000e+00   4.0931e+01   2.4637e+01   0  Y  0.00  1   !  -9.99000e+02  -99.000  -99.000  -999
OBS: 6000193  54656.035   121.00   0.0000e+00   3.5722e+01   2.1501e+01   0  Y  0.00  1   !  -9.99000e+02  -99.000  -99.000  -999
OBS: 6000193  54658.035   123.00   0.0000e+00   3.1175e+01   1.8765e+01   0  Y  0.00  1   !  -9.99000e+02  -99.000  -99.000  -999
OBS: 6000193  54660.035   125.00   0.0000e+00   2.7207e+01   1.6376e+01   0  Y  0.00  1   !  -9.99000e+02  -99.000  -99.000  -999
OBS: 6000193  54662.035   127.00   0.0000e+00   2.3744e+01   1.4292e+01   0  Y  0.00  1   !  -9.99000e+02  -99.000  -99.000  -999
OBS: 6000193  54664.035   129.00   0.0000e+00   2.0724e+01   1.2474e+01   0  Y  0.00  1   !  -9.99000e+02  -99.000  -99.000  -999
OBS: 6000193  54666.035   131.00   0.0000e+00   1.8089e+01   1.0888e+01   0  Y  0.00  1   !  -9.99000e+02  -99.000  -99.000  -999
OBS: 6000193  54668.035   133.00   0.0000e+00   1.5787e+01   9.5026e+00   0  Y  0.00  1   !  -9.99000e+02  -99.000  -99.000  -999
OBS: 6000193  54670.035   135.00   0.0000e+00   1.3777e+01   8.2928e+00   0  Y  0.00  1   !  -9.99000e+02  -99.000  -99.000  -999
OBS: 6000193  54672.035   137.00   0.0000e+00   1.2023e+01   7.2369e+00   0  Y  0.00  1   !  -9.99000e+02  -99.000  -99.000  -999
OBS: 6000193  54674.035   139.00   0.0000e+00   1.0492e+01   6.3154e+00   0  Y  0.00  1   !  -9.99000e+02  -99.000  -99.000  -999
OBS: 6000193  54548.781    13.74   2.3021e+03   2.6283e+03   6.9766e+02   1  y  0.06  1   Y  1.35424e+18  -0.347  -1.894  1.00000e+11
OBS: 6000193  54555.801    20.76   2.7750e+03   3.7447e+03   8.4100e+02   1  y  0.85  1   Y  1.97190e+18  -0.323  -1.217  1.00000e+11
OBS: 6000193  54476.035   -59.00   0.0000e+00   0.0000e+00   0.0000e+00   0  y  0.00  1   !  -9.99000e+02  -99.000  -99.000  -999
OBS: 6000193  54478.035   -57.00   0.0000e+00   0.0000e+00   0.0000e+00   0  y  0.00  1   !  -9.99000e+02  -99.000  -99.000  -999
OBS: 6000193  54480.035   -55.00   0.0000e+00   0.0000e+00   0.0000e+00   0  y  0.00  1   !  -9.99000e+02  -99.000  -99.000  -999
OBS: 6000193  54482.035   -53.00   0.0000e+00   0.0000e+00   0.0000e+00   0  y  0.00  1   !  -9.99000e+02  -99.000  -99.000  -999
OBS: 6000193  54484.035   -51.00   0.0000e+00   0.0000e+00   0.0000e+00   0  y  0.00  1   !  -9.99000e+02  -99.000  -99.000  -999
OBS: 6000193  54486.035   -49.00   0.0000e+00   0.0000e+00   0.0000e+00   0  y  0.00  1   !  -9.99000e+02  -99.000  -99.000  -999
OBS: 6000193  54488.035   -47.00   0.0000e+00   0.0000e+00   0.0000e+00   0  y  0.00  1   !  -9.99000e+02  -99.000  -99.000  -999
OBS: 6000193  54490.035   -45.00   0.0000e+00   0.0000e+00   0.0000e+00   0  y  0.00  1   !  -9.99000e+02  -99.000  -99.000  -999
OBS: 6000193  54492.035   -43.00   0.0000e+00   0.0000e+00   0.0000e+00   0  y  0.00  1   !  -9.99000e+02  -99.000  -99.000  -999
OBS: 6000193  54494.035   -41.00   0.0000e+00   0.0000e+00   0.0000e+00   0  y  0.00  1   !  -9.99000e+02  -99.000  -99.000  -999
OBS: 6000193  54496.035   -39.00   0.0000e+00   0.0000e+00   0.0000e+00   0  y  0.00  1   !  -9.99000e+02  -99.000  -99.000  -999
OBS: 6000193  54498.035   -37.00   0.0000e+00   0.0000e+00   0.0000e+00   0  y  0.00  1   !  -9.99000e+02  -99.000  -99.000  -999
OBS: 6000193  54500.035   -35.00   0.0000e+00   0.0000e+00   0.0000e+00   0  y  0.00  1   !  -9.99000e+02  -99.000  -99.000  -999
OBS: 6000193  54502.035   -33.00   0.0000e+00   0.0000e+00   0.0000e+00   0  y  0.00  1   !  -9.99000e+02  -99.000  -99.000  -999
OBS: 6000193  54504.035   -31.00   0.0000e+00   0.0000e+00   0.0000e+00   0  y  0.00  1   !  -9.99000e+02  -99.000  -99.000  -999
OBS: 6000193  54506.035   -29.00   0.0000e+00   0.0000e+00   0.0000e+00   0  y  0.00  1   !  -9.99000e+02  -99.000  -99.000  -999
OBS: 6000193  54508.035   -27.00   0.0000e+00   0.0000e+00   0.0000e+00   0  y  0.00  1   !  -9.99000e+02  -99.000  -99.000  -999
OBS: 6000193  54510.035   -25.00   0.0000e+00   0.0000e+00   0.0000e+00   0  y  0.00  1   !  -9.99000e+02  -99.000  -99.000  -999
OBS: 6000193  54512.035   -23.00   0.0000e+00   0.0000e+00   0.0000e+00   0  y  0.00  1   !  -9.99000e+02  -99.000  -99.000  -999
OBS: 6000193  54514.035   -21.00   0.0000e+00   1.0297e+03   6.1979e+02   0  y  0.00  1   !  -9.99000e+02  -99.000  -99.000  -999
OBS: 6000193  54516.035   -19.00   0.0000e+00   1.0642e+03   6.4054e+02   0  y  0.00  1   !  -9.99000e+02  -99.000  -99.000  -999
OBS: 6000193  54518.035   -17.00   0.0000e+00   1.0594e+03   6.3767e+02   0  y  0.00  1   !  -9.99000e+02  -99.000  -99.000  -999
OBS: 6000193  54520.035   -15.00   0.0000e+00   1.3722e+03   3.5990e+02   0  y  0.00  1   !  -9.99000e+02  -99.000  -99.000  -999
OBS: 6000193  54522.035   -13.00   0.0000e+00   2.1557e+03   1.5715e+02   0  y  0.00  1   !  -9.99000e+02  -99.000  -99.000  -999
OBS: 6000193  54524.035   -11.00   0.0000e+00   2.9688e+03   1.1239e+02   0  y  0.00  1   !  -9.99000e+02  -99.000  -99.000  -999
OBS: 6000193  54526.035    -9.00   0.0000e+00   3.7265e+03   9.7542e+01   0  y  0.00  1   !  -9.99000e+02  -99.000  -99.000  -999
OBS: 6000193  54528.035    -7.00   0.0000e+00   4.3883e+03   1.0384e+02   0  y  0.00  1   !  -9.99000e+02  -99.000  -99.000  -999
OBS: 6000193  54530.035    -5.00   0.0000e+00   4.7176e+03   1.2060e+02   0  y  0.00  1   !  -9.99000e+02  -99.000  -99.000  -999
OBS: 6000193  54532.035    -3.00   0.0000e+00   4.7331e+03   1.2254e+02   0  y  0.00  1   !  -9.99000e+02  -99.000  -99.000  -999
OBS: 6000193  54534.035    -1.00   0.0000e+00   4.3406e+03   1.0661e+02   0  y  0.00  1   !  -9.99000e+02  -99.000  -99.000  -999
OBS: 6000193  54536.035     1.00   0.0000e+00   3.8662e+03   1.1033e+02   0  y  0.00  1   !  -9.99000e+02  -99.000  -99.000  -999
OBS: 6000193  54538.035     3.00   0.0000e+00   3.5273e+03   1.3195e+02   0  y  0.00  1   !  -9.99000e+02  -99.000  -99.000  -999
OBS: 6000193  54540.035     5.00   0.0000e+00   3.1849e+03   1.3246e+02   0  y  0.00  1   !  -9.99000e+02  -99.000  -99.000  -999
OBS: 6000193  54542.035     7.00   0.0000e+00   2.8713e+03   1.1936e+02   0  y  0.00  1   !  -9.99000e+02  -99.000  -99.000  -999
OBS: 6000193  54544.035     9.00   0.0000e+00   2.6653e+03   1.1999e+02   0  y  0.00  1   !  -9.99000e+02  -99.000  -99.000  -999
OBS: 6000193  54546.035    11.00   0.0000e+00   2.5202e+03   1.3420e+02   0  y  0.00  1   !  -9.99000e+02  -99.000  -99.000  -999
OBS: 6000193  54548.035    13.00   0.0000e+00   2.4481e+03   1.3758e+02   0  y  0.00  1   !  -9.99000e+02  -99.000  -99.000  -999
OBS: 6000193  54550.035    15.00   0.0000e+00   2.4931e+03   1.3439e+02   0  y  0.00  1   !  -9.99000e+02  -99.000  -99.000  -999
OBS: 6000193  54552.035    17.00   0.0000e+00   2.6274e+03   1.2612e+02   0  y  0.00  1   !  -9.99000e+02  -99.000  -99.000  -999
OBS: 6000193  54554.035    19.00   0.0000e+00   2.7904e+03   1.2581e+02   0  y  0.00  1   !  -9.99000e+02  -99.000  -99.000  -999
OBS: 6000193  54556.035    21.00   0.0000e+00   2.9829e+03   1.1581e+02   0  y  0.00  1   !  -9.99000e+02  -99.000  -99.000  -999
OBS: 6000193  54558.035    23.00   0.0000e+00   3.1383e+03   9.8361e+01   0  y  0.00  1   !  -9.99000e+02  -99.000  -99.000  -999
OBS: 6000193  54560.035    25.00   0.0000e+00   3.3812e+03   9.9932e+01   0  y  0.00  1   !  -9.99000e+02  -99.000  -99.000  -999
OBS: 6000193  54562.035    27.00   0.0000e+00   3.7661e+03   1.1451e+02   0  y  0.00  1   !  -9.99000e+02  -99.000  -99.000  -999
OBS: 6000193  54564.035    29.00   0.0000e+00   4.1053e+03   1.2119e+02   0  y  0.00  1   !  -9.99000e+02  -99.000  -99.000  -999
OBS: 6000193  54566.035    31.00   0.0000e+00   4.3522e+03   1.2020e+02   0  y  0.00  1   !  -9.99000e+02  -99.000  -99.000  -999
OBS: 6000193  54568.035    33.00   0.0000e+00   4.5633e+03   1.2846e+02   0  y  0.00  1   !  -9.99000e+02  -99.000  -99.000  -999
OBS: 6000193  54570.035    35.00   0.0000e+00   4.6356e+03   1.4719e+02   0  y  0.00  1   !  -9.99000e+02  -99.000  -99.000  -999
OBS: 6000193  54572.035    37.00   0.0000e+00   4.5907e+03   1.5904e+02   0  y  0.00  1   !  -9.99000e+02  -99.000  -99.000  -999
OBS: 6000193  54574.035    39.00   0.0000e+00   4.5997e+03   1.5560e+02   0  y  0.00  1   !  -9.99000e+02  -99.000  -99.000  -999
OBS: 6000193  54576.035    41.00   0.0000e+00   4.5423e+03   1.5260e+02   0  y  0.00  1   !  -9.99000e+02  -99.000  -99.000  -999
OBS: 6000193  54578.035    43.00   0.0000e+00   4.3663e+03   1.6689e+02   0  y  0.00  1   !  -9.99000e+02  -99.000  -99.000  -999
OBS: 6000193  54580.035    45.00   0.0000e+00   4.0905e+03   1.7182e+02   0  y  0.00  1   !  -9.99000e+02  -99.000  -99.000  -999
OBS: 6000193  54582.035    47.00   0.0000e+00   3.7573e+03   1.5152e+02   0  y  0.00  1   !  -9.99000e+02  -99.000  -99.000  -999
OBS: 6000193  54584.035    49.00   0.0000e+00   3.4025e+03   1.2013e+02   0  y  0.00  1   !  -9.99000e+02  -99.000  -99.000  -999
OBS: 6000193  54586.035    51.00   0.0000e+00   3.0970e+03   9.5885e+01   0  y  0.00  1   !  -9.99000e+02  -99.000  -99.000  -999
OBS: 6000193  54588.035    53.00   0.0000e+00   2.8408e+03   2.3355e+02   0  y  0.00  1   !  -9.99000e+02  -99.000  -99.000  -999
OBS: 6000193  54590.035    55.00   0.0000e+00   2.5882e+03   1.5579e+03   0  y  0.00  1   !  -9.99000e+02  -99.000  -99.000  -999
OBS: 6000193  54592.035    57.00   0.0000e+00   2.3646e+03   1.4233e+03   0  y  0.00  1   !  -9.99000e+02  -99.000  -99.000  -999
OBS: 6000193  54594.035    59.00   0.0000e+00   2.1751e+03   1.3092e+03   0  y  0.00  1   !  -9.99000e+02  -99.000  -99.000  -999
OBS: 6000193  54596.035    61.00   0.0000e+00   1.9788e+03   1.1911e+03   0  y  0.00  1   !  -9.99000e+02  -99.000  -99.000  -999
OBS: 6000193  54598.035    63.00   0.0000e+00   1.7958e+03   1.0809e+03   0  y  0.00  1   !  -9.99000e+02  -99.000  -99.000  -999
OBS: 6000193  54600.035    65.00   0.0000e+00   1.5185e+03   9.1403e+02   0  y  0.00  1   !  -9.99000e+02  -99.000  -99.000  -999
OBS: 6000193  54602.035    67.00   0.0000e+00   1.2559e+03   7.5592e+02   0  y  0.00  1   !  -9.99000e+02  -99.000  -99.000  -999
OBS: 6000193  54604.035    69.00   0.0000e+00   1.0593e+03   6.3759e+02   0  y  0.00  1   !  -9.99000e+02  -99.000  -99.000  -999
OBS: 6000193  54606.035    71.00   0.0000e+00   9.1348e+02   5.4983e+02   0  y  0.00  1   !  -9.99000e+02  -99.000  -99.000  -999
OBS: 6000193  54608.035    73.00   0.0000e+00   8.0588e+02   4.8507e+02   0  y  0.00  1   !  -9.99000e+02  -99.000  -99.000  -999
OBS: 6000193  54610.035    75.00   0.0000e+00   7.2348e+02   4.3547e+02   0  y  0.00  1   !  -9.99000e+02  -99.000  -99.000  -999
OBS: 6000193  54612.035    77.00   0.0000e+00   6.5615e+02   3.9494e+02   0  y  0.00  1   !  -9.99000e+02  -99.000  -99.000  -999
OBS: 6000193  54614.035    79.00   0.0000e+00   5.9224e+02   3.5647e+02   0  y  0.00  1   !  -9.99000e+02  -99.000  -99.000  -999
OBS: 6000193  54616.035    81.00   0.0000e+00   5.2018e+02   3.1310e+02   0  y  0.00  1   !  -9.99000e+02  -99.000  -99.000  -999
OBS: 6000193  54618.035    83.00   0.0000e+00   4.5747e+02   2.7535e+02   0  y  0.00  1   !  -9.99000e+02  -99.000  -99.000  -999
OBS: 6000193  54620.035    85.00   0.0000e+00   4.0301e+02   2.4258e+02   0  y  0.00  1   !  -9.99000e+02  -99.000  -99.000  -999
OBS: 6000193  54622.035    87.00   0.0000e+00   3.5579e+02   2.1415e+02   0  y  0.00  1   !  -9.99000e+02  -99.000  -99.000  -999
OBS: 6000193  54624.035    89.00   0.0000e+00   3.1498e+02   1.8959e+02   0  y  0.00  1   !  -9.99000e+02  -99.000  -99.000  -999
OBS: 6000193  54626.035    91.00   0.0000e+00   2.7736e+02   1.6695e+02   0  y  0.00  1   !  -9.99000e+02  -99.000  -99.000  -999
OBS: 6000193  54628.035    93.00   0.0000e+00   2.4217e+02   1.4576e+02   0  y  0.00  1   !  -9.99000e+02  -99.000  -99.000  -999
OBS: 6000193  54630.035    95.00   0.0000e+00   2.1144e+02   1.2727e+02   0  y  0.00  1   !  -9.99000e+02  -99.000  -99.000  -999
OBS: 6000193  54632.035    97.00   0.0000e+00   1.8460e+02   1.1111e+02   0  y  0.00  1   !  -9.99000e+02  -99.000  -99.000  -999
OBS: 6000193  54634.035    99.00   0.0000e+00   1.6118e+02   9.7014e+01   0  y  0.00  1   !  -9.99000e+02  -99.000  -99.000  -999
OBS: 6000193  54636.035   101.00   0.0000e+00   1.4073e+02   8.4705e+01   0  y  0.00  1   !  -9.99000e+02  -99.000  -99.000  -999
OBS: 6000193  54638.035   103.00   0.0000e+00   1.2287e+02   7.3957e+01   0  y  0.00  1   !  -9.99000e+02  -99.000  -99.000  -999
OBS: 6000193  54640.035   105.00   0.0000e+00   1.0728e+02   6.4573e+01   0  y  0.00  1   !  -9.99000e+02  -99.000  -99.000  -999
OBS: 6000193  54642.035   107.00   0.0000e+00   9.3663e+01   5.6377e+01   0  y  0.00  1   !  -9.99000e+02  -99.000  -99.000  -999
OBS: 6000193  54644.035   109.00   0.0000e+00   8.1774e+01   4.9221e+01   0  y  0.00  1   !  -9.99000e+02  -99.000  -99.000  -999
OBS: 6000193  54646.035   111.00   0.0000e+00   7.1394e+01   4.2973e+01   0  y  0.00  1   !  -9.99000e+02  -99.000  -99.000  -999
OBS: 6000193  54648.035   113.00   0.0000e+00   6.2330e+01   3.7517e+01   0  y  0.00  1   !  -9.99000e+02  -99.000  -99.000  -999
OBS: 6000193  54650.035   115.00   0.0000e+00   5.4417e+01   3.2754e+01   0  y  0.00  1   !  -9.99000e+02  -99.000  -99.000  -999
OBS: 6000193  54652.035   117.00   0.0000e+00   4.7508e+01   2.8595e+01   0  y  0.00  1   !  -9.99000e+02  -99.000  -99.000  -999
OBS: 6000193  54654.035   119.00   0.0000e+00   4.1476e+01   2.4965e+01   0  y  0.00  1   !  -9.99000e+02  -99.000  -99.000  -999
OBS: 6000193  54656.035   121.00   0.0000e+00   3.6209e+01   2.1794e+01   0  y  0.00  1   !  -9.99000e+02  -99.000  -99.000  -999
OBS: 6000193  54658.035   123.00   0.0000e+00   3.1611e+01   1.9027e+01   0  y  0.00  1   !  -9.99000e+02  -99.000  -99.000  -999
OBS: 6000193  54660.035   125.00   0.0000e+00   2.7596e+01   1.6610e+01   0  y  0.00  1   !  -9.99000e+02  -99.000  -99.000  -999
OBS: 6000193  54662.035   127.00   0.0000e+00   2.4092e+01   1.4501e+01   0  y  0.00  1   !  -9.99000e+02  -99.000  -99.000  -999
OBS: 6000193  54664.035   129.00   0.0000e+00   2.1034e+01   1.2661e+01   0  y  0.00  1   !  -9.99000e+02  -99.000  -99.000  -999
OBS: 6000193  54666.035   131.00   0.0000e+00   1.8365e+01   1.1054e+01   0  y  0.00  1   !  -9.99000e+02  -99.000  -99.000  -999
OBS: 6000193  54668.035   133.00   0.0000e+00   1.6034e+01   9.6508e+00   0  y  0.00  1   !  -9.99000e+02  -99.000  -99.000  -999
OBS: 6000193  54670.035   135.00   0.0000e+00   1.3997e+01   8.4249e+00   0  y  0.00  1   !  -9.99000e+02  -99.000  -99.000  -999
OBS: 6000193  54672.035   137.00   0.0000e+00   1.2219e+01   7.3547e+00   0  y  0.00  1   !  -9.99000e+02  -99.000  -99.000  -999
OBS: 6000193  54674.035   139.00   0.0000e+00   1.0667e+01   6.4203e+00   0  y  0.00  1   !  -9.99000e+02  -99.000  -99.000  -999
OBS: 6000193  54528.820    -6.22   4.7712e+03   5.6488e+03   8.5093e+02   1  H  2.12  1   H  3.46411e+18  -0.158  -2.210  1.00000e+11
OBS: 6000193  54536.828     1.79   3.7401e+03   3.8213e+03   9.1367e+02   1  H  0.17  1   H  2.66777e+18  -0.017  -0.374  1.00000e+11
OBS: 6000193  54542.852     7.81   2.7239e+03  -8.6507e+02   1.8122e+03   1  H  3.46  1   H  -7.06619e+17  0.154  -1.421  1.00000e+11
OBS: 6000193  54542.859     7.82   2.7225e+03   4.8898e+03   1.5494e+03   1  H  2.35  1   H  3.99533e+18  0.154  -1.425  1.00000e+11
OBS: 6000193  54548.781    13.74   2.3305e+03   3.0336e+02   1.3338e+03   1  H  1.90  1   H  2.67557e+17  0.237  -2.707  1.00000e+11
OBS: 6000193  54555.801    20.76   2.7721e+03   3.7053e+03   1.8972e+03   1  H  0.37  1   H  3.22029e+18  0.221  -2.426  1.00000e+11
OBS: 6000193  54555.820    20.78   2.7733e+03   2.2274e+03   1.5631e+03   1  H  0.04  1   H  1.93597e+18  0.221  -2.421  1.00000e+11
OBS: 6000193  54476.035   -59.00   0.0000e+00   0.0000e+00   0.0000e+00   0  H  0.00  1   !  -9.99000e+02  -99.000  -99.000  -999
OBS: 6000193  54478.035   -57.00   0.0000e+00   0.0000e+00   0.0000e+00   0  H  0.00  1   !  -9.99000e+02  -99.000  -99.000  -999
OBS: 6000193  54480.035   -55.00   0.0000e+00   0.0000e+00   0.0000e+00   0  H  0.00  1   !  -9.99000e+02  -99.000  -99.000  -999
OBS: 6000193  54482.035   -53.00   0.0000e+00   0.0000e+00   0.0000e+00   0  H  0.00  1   !  -9.99000e+02  -99.000  -99.000  -999
OBS: 6000193  54484.035   -51.00   0.0000e+00   0.0000e+00   0.0000e+00   0  H  0.00  1   !  -9.99000e+02  -99.000  -99.000  -999
OBS: 6000193  54486.035   -49.00   0.0000e+00   0.0000e+00   0.0000e+00   0  H  0.00  1   !  -9.99000e+02  -99.000  -99.000  -999
OBS: 6000193  54488.035   -47.00   0.0000e+00   0.0000e+00   0.0000e+00   0  H  0.00  1   !  -9.99000e+02  -99.000  -99.000  -999
OBS: 6000193  54490.035   -45.00   0.0000e+00   0.0000e+00   0.0000e+00   0  H  0.00  1   !  -9.99000e+02  -99.000  -99.000  -999
OBS: 6000193  54492.035   -43.00   0.0000e+00   0.0000e+00   0.0000e+00   0  H  0.00  1   !  -9.99000e+02  -99.000  -99.000  -999
OBS: 6000193  54494.035   -41.00   0.0000e+00   0.0000e+00   0.0000e+00   0  H  0.00  1   !  -9.99000e+02  -99.000  -99.000  -999
OBS: 6000193  54496.035   -39.00   0.0000e+00   0.0000e+00   0.0000e+00   0  H  0.00  1   !  -9.99000e+02  -99.000  -99.000  -999
OBS: 6000193  54498.035   -37.00   0.0000e+00   0.0000e+00   0.0000e+00   0  H  0.00  1   !  -9.99000e+02  -99.000  -99.000  -999
OBS: 6000193  54500.035   -35.00   0.0000e+00   0.0000e+00   0.0000e+00   0  H  0.00  1   !  -9.99000e+02  -99.000  -99.000  -999
OBS: 6000193  54502.035   -33.00   0.0000e+00   0.0000e+00   0.0000e+00   0  H  0.00  1   !  -9.99000e+02  -99.000  -99.000  -999
OBS: 6000193  54504.035   -31.00   0.0000e+00   0.0000e+00   0.0000e+00   0  H  0.00  1   !  -9.99000e+02  -99.000  -99.000  -999
OBS: 6000193  54506.035   -29.00   0.0000e+00   0.0000e+00   0.0000e+00   0  H  0.00  1   !  -9.99000e+02  -99.000  -99.000  -999
OBS: 6000193  54508.035   -27.00   0.0000e+00   0.0000e+00   0.0000e+00   0  H  0.00  1   !  -9.99000e+02  -99.000  -99.000  -999
OBS: 6000193  54510.035   -25.00   0.0000e+00   0.0000e+00   0.0000e+00   0  H  0.00  1   !  -9.99000e+02  -99.000  -99.000  -999
OBS: 6000193  54512.035   -23.00   0.0000e+00   0.0000e+00   0.0000e+00   0  H  0.00  1   !  -9.99000e+02  -99.000  -99.000  -999
OBS: 6000193  54514.035   -21.00   0.0000e+00   9.8414e+02   5.9237e+02   0  H  0.00  1   !  -9.99000e+02  -99.000  -99.000  -999
OBS: 6000193  54516.035   -19.00   0.0000e+00   1.1804e+03   7.1049e+02   0  H  0.00  1   !  -9.99000e+02  -99.000  -99.000  -999
OBS: 6000193  54518.035   -17.00   0.0000e+00   1.1821e+03   7.1154e+02   0  H  0.00  1   !  -9.99000e+02  -99.000  -99.000  -999
OBS: 6000193  54520.035   -15.00   0.0000e+00   1.5014e+03   9.0372e+02   0  H  0.00  1   !  -9.99000e+02  -99.000  -99.000  -999
OBS: 6000193  54522.035   -13.00   0.0000e+00   2.3288e+03   2.0809e+02   0  H  0.00  1   !  -9.99000e+02  -99.000  -99.000  -999
OBS: 6000193  54524.035   -11.00   0.0000e+00   3.1659e+03   1.5637e+02   0  H  0.00  1   !  -9.99000e+02  -99.000  -99.000  -999
OBS: 6000193  54526.035    -9.00   0.0000e+00   3.8264e+03   1.3111e+02   0  H  0.00  1   !  -9.99000e+02  -99.000  -99.000  -999
OBS: 6000193  54528.035    -7.00   0.0000e+00   4.2911e+03   1.1954e+02   0  H  0.00  1   !  -9.99000e+02  -99.000  -99.000  -999
OBS: 6000193  54530.035    -5.00   0.0000e+00   4.4621e+03   1.3293e+02   0  H  0.00  1   !  -9.99000e+02  -99.000  -99.000  -999
OBS: 6000193  54532.035    -3.00   0.0000e+00   4.3527e+03   1.3354e+02   0  H  0.00  1   !  -9.99000e+02  -99.000  -99.000  -999
OBS: 6000193  54534.035    -1.00   0.0000e+00   3.9586e+03   1.1009e+02   0  H  0.00  1   !  -9.99000e+02  -99.000  -99.000  -999
OBS: 6000193  54536.035     1.00   0.0000e+00   3.5712e+03   1.0218e+02   0  H  0.00  1   !  -9.99000e+02  -99.000  -99.000  -999
OBS: 6000193  54538.035     3.00   0.0000e+00   3.2794e+03   1.1442e+02   0  H  0.00  1   !  -9.99000e+02  -99.000  -99.000  -999
OBS: 6000193  54540.035     5.00   0.0000e+00   2.9511e+03   1.1802e+02   0  H  0.00  1   !  -9.99000e+02  -99.000  -99.000  -999
OBS: 6000193  54542.035     7.00   0.0000e+00   2.6292e+03   1.1207e+02   0  H  0.00  1   !  -9.99000e+02  -99.000  -99.000  -999
OBS: 6000193  54544.035     9.00   0.0000e+00   2.3687e+03   1.0664e+02   0  H  0.00  1   !  -9.99000e+02  -99.000  -99.000  -999
OBS: 6000193  54546.035    11.00   0.0000e+00   2.2116e+03   1.0337e+02   0  H  0.00  1   !  -9.99000e+02  -99.000  -99.000  -999
OBS: 6000193  54548.035    13.00   0.0000e+00   2.1466e+03   9.3745e+01   0  H  0.00  1   !  -9.99000e+02  -99.000  -99.000  -999
OBS: 6000193  54550.035    15.00   0.0000e+00   2.1937e+03   8.8978e+01   0  H  0.00  1   !  -9.99000e+02  -99.000  -99.000  -999
OBS: 6000193  54552.035    17.00   0.0000e+00   2.3123e+03   9.4011e+01   0  H  0.00  1   !  -9.99000e+02  -99.000  -99.000  -999
OBS: 6000193  54554.035    19.00   0.0000e+00   2.4455e+03   9.2619e+01   0  H  0.00  1   !  -9.99000e+02  -99.000  -99.000  -999
OBS: 6000193  54556.035    21.00   0.0000e+00   2.5663e+03   8.4773e+01   0  H  0.00  1   !  -9.99000e+02  -99.000  -99.000  -999
OBS: 6000193  54558.035    23.00   0.0000e+00   2.6551e+03   7.7452e+01   0  H  0.00  1   !  -9.99000e+02  -99.000  -99.000  -999
OBS: 6000193  54560.035    25.00   0.0000e+00   2.7697e+03   7.8603e+01   0  H  0.00  1   !  -9.99000e+02  -99.000  -99.000  -999
OBS: 6000193  54562.035    27.00   0.0000e+00   2.9193e+03   8.8788e+01   0  H  0.00  1   !  -9.99000e+02  -99.000  -99.000  -999
OBS: 6000193  54564.035    29.00   0.0000e+00   3.0600e+03   9.5226e+01   0  H  0.00  1   !  -9.99000e+02  -99.000  -99.000  -999
OBS: 6000193  54566.035    31.00   0.0000e+00   3.1972e+03   9.3724e+01   0  H  0.00  1   !  -9.99000e+02  -99.000  -99.000  -999
OBS: 6000193  54568.035    33.00   0.0000e+00   3.3207e+03   1.0107e+02   0  H  0.00  1   !  -9.99000e+02  -99.000  -99.000  -999
OBS: 6000193  54570.035    35.00   0.0000e+00   3.4557e+03   1.2958e+02   0  H  0.00  1   !  -9.99000e+02  -99.000  -99.000  -999
OBS: 6000193  54572.035    37.00   0.0000e+00   3.5455e+03   1.5601e+02   0  H  0.00  1   !  -9.99000e+02  -99.000  -99.000  -999
OBS: 6000193  54574.035    39.00   0.0000e+00   3.4733e+03   1.6458e+02   0  H  0.00  1   !  -9.99000e+02  -99.000  -99.000  -999
OBS: 6000193  54576.035    41.00   0.0000e+00   3.2976e+03   1.7669e+02   0  H  0.00  1   !  -9.99000e+02  -99.000  -99.000  -999
OBS: 6000193  54578.035    43.00   0.0000e+00   2.9839e+03   1.9481e+02   0  H  0.00  1   !  -9.99000e+02  -99.000  -99.000  -999
OBS: 6000193  54580.035    45.00   0.0000e+00   2.6105e+03   2.0331e+02   0  H  0.00  1   !  -9.99000e+02  -99.000  -99.000  -999
OBS: 6000193  54582.035    47.00   0.0000e+00   2.2495e+03   1.8493e+02   0  H  0.00  1   !  -9.99000e+02  -99.000  -99.000  -999
OBS: 6000193  54584.035    49.00   0.0000e+00   1.9660e+03   1.5213e+02   0  H  0.00  1   !  -9.99000e+02  -99.000  -99.000  -999
OBS: 6000193  54586.035    51.00   0.0000e+00   1.7759e+03   1.2328e+02   0  H  0.00  1   !  -9.99000e+02  -99.000  -99.000  -999
OBS: 6000193  54588.035    53.00   0.0000e+00   1.6615e+03   1.0664e+02   0  H  0.00  1   !  -9.99000e+02  -99.000  -99.000  -999
OBS: 6000193  54590.035    55.00   0.0000e+00   1.5836e+03   9.2765e+02   0  H  0.00  1   !  -9.99000e+02  -99.000  -99.000  -999
OBS: 6000193  54592.035    57.00   0.0000e+00   1.5176e+03   9.1346e+02   0  H  0.00  1   !  -9.99000e+02  -99.000  -99.000  -999
OBS: 6000193  54594.035    59.00   0.0000e+00   1.4568e+03   8.7683e+02   0  H  0.00  1   !  -9.99000e+02  -99.000  -99.000  -999
OBS: 6000193  54596.035    61.00   0.0000e+00   1.3950e+03   8.3964e+02   0  H  0.00  1   !  -9.99000e+02  -99.000  -99.000  -999
OBS: 6000193  54598.035    63.00   0.0000e+00   1.3332e+03   8.0249e+02   0  H  0.00  1   !  -9.99000e+02  -99.000  -99.000  -999
OBS: 6000193  54600.035    65.00   0.0000e+00   1.2364e+03   7.4421e+02   0  H  0.00  1   !  -9.99000e+02  -99.000  -99.000  -999
OBS: 6000193  54602.035    67.00   0.0000e+00   1.1320e+03   6.8137e+02   0  H  0.00  1   !  -9.99000e+02  -99.000  -99.000  -999
OBS: 6000193  54604.035    69.00   0.0000e+00   1.0397e+03   6.2583e+02   0  H  0.00  1   !  -9.99000e+02  -99.000  -99.000  -999
OBS: 6000193  54606.035    71.00   0.0000e+00   9.6068e+02   5.7825e+02   0  H  0.00  1   !  -9.99000e+02  -99.000  -99.000  -999
OBS: 6000193  54608.035    73.00   0.0000e+00   8.9529e+02   5.3889e+02   0  H  0.00  1   !  -9.99000e+02  -99.000  -99.000  -999
OBS: 6000193  54610.035    75.00   0.0000e+00   8.4172e+02   5.0664e+02   0  H  0.00  1   !  -9.99000e+02  -99.000  -99.000  -999
OBS: 6000193  54612.035    77.00   0.0000e+00   7.8860e+02   4.7467e+02   0  H  0.00  1   !  -9.99000e+02  -99.000  -99.000  -999
OBS: 6000193  54614.035    79.00   0.0000e+00   7.4187e+02   4.4654e+02   0  H  0.00  1   !  -9.99000e+02  -99.000  -99.000  -999
OBS: 6000193  54616.035    81.00   0.0000e+00   7.0810e+02   4.2622e+02   0  H  0.00  1   !  -9.99000e+02  -99.000  -99.000  -999
OBS: 6000193  54618.035    83.00   0.0000e+00   6.7609e+02   4.0694e+02   0  H  0.00  1   !  -9.99000e+02  -99.000  -99.000  -999
OBS: 6000193  54620.035    85.00   0.0000e+00   6.4576e+02   3.8869e+02   0  H  0.00  1   !  -9.99000e+02  -99.000  -99.000  -999
OBS: 6000193  54622.035    87.00   0.0000e+00   6.1719e+02   3.7149e+02   0  H  0.00  1   !  -9.99000e+02  -99.000  -99.000  -999
OBS: 6000193  54624.035    89.00   0.0000e+00   5.9051e+02   3.5543e+02   0  H  0.00  1   !  -9.99000e+02  -99.000  -99.000  -999
OBS: 6000193  54626.035    91.00   0.0000e+00   5.6382e+02   3.3937e+02   0  H  0.00  1   !  -9.99000e+02  -99.000  -99.000  -999
OBS: 6000193  54628.035    93.00   0.0000e+00   5.3589e+02   3.2256e+02   0  H  0.00  1   !  -9.99000e+02  -99.000  -99.000  -999
OBS: 6000193  54630.035    95.00   0.0000e+00   5.0826e+02   3.0592e+02   0  H  0.00  1   !  -9.99000e+02  -99.000  -99.000  -999
OBS: 6000193  54632.035    97.00   0.0000e+00   4.8181e+02   2.9000e+02   0  H  0.00  1   !  -9.99000e+02  -99.000  -99.000  -999
OBS: 6000193  54634.035    99.00   0.0000e+00   4.5679e+02   2.7494e+02   0  H  0.00  1   !  -9.99000e+02  -99.000  -99.000  -999
OBS: 6000193  54636.035   101.00   0.0000e+00   4.3311e+02   2.6069e+02   0  H  0.00  1   !  -9.99000e+02  -99.000  -99.000  -999
OBS: 6000193  54638.035   103.00   0.0000e+00   4.1066e+02   2.4718e+02   0  H  0.00  1   !  -9.99000e+02  -99.000  -99.000  -999
OBS: 6000193  54640.035   105.00   0.0000e+00   3.8938e+02   2.3437e+02   0  H  0.00  1   !  -9.99000e+02  -99.000  -99.000  -999
OBS: 6000193  54642.035   107.00   0.0000e+00   3.6919e+02   2.2222e+02   0  H  0.00  1   !  -9.99000e+02  -99.000  -99.000  -999
OBS: 6000193  54644.035   109.00   0.0000e+00   3.5006e+02   2.1070e+02   0  H  0.00  1   !  -9.99000e+02  -99.000  -99.000  -999
OBS: 6000193  54646.035   111.00   0.0000e+00   3.3191e+02   1.9978e+02   0  H  0.00  1   !  -9.99000e+02  -99.000  -99.000  -999
OBS: 6000193  54648.035   113.00   0.0000e+00   3.1471e+02   1.8943e+02   0  H  0.00  1   !  -9.99000e+02  -99.000  -99.000  -999
OBS: 6000193  54650.035   115.00   0.0000e+00   2.9840e+02   1.7961e+02   0  H  0.00  1   !  -9.99000e+02  -99.000  -99.000  -999
OBS: 6000193  54652.035   117.00   0.0000e+00   2.8293e+02   1.7030e+02   0  H  0.00  1   !  -9.99000e+02  -99.000  -99.000  -999
OBS: 6000193  54654.035   119.00   0.0000e+00   2.6826e+02   1.6147e+02   0  H  0.00  1   !  -9.99000e+02  -99.000  -99.000  -999
OBS: 6000193  54656.035   121.00   0.0000e+00   2.5436e+02   1.5310e+02   0  H  0.00  1   !  -9.99000e+02  -99.000  -99.000  -999
OBS: 6000193  54658.035   123.00   0.0000e+00   2.4118e+02   1.4517e+02   0  H  0.00  1   !  -9.99000e+02  -99.000  -99.000  -999
OBS: 6000193  54660.035   125.00   0.0000e+00   2.2868e+02   1.3764e+02   0  H  0.00  1   !  -9.99000e+02  -99.000  -99.000  -999
OBS: 6000193  54662.035   127.00   0.0000e+00   2.1682e+02   1.3051e+02   0  H  0.00  1   !  -9.99000e+02  -99.000  -99.000  -999
OBS: 6000193  54664.035   129.00   0.0000e+00   2.0558e+02   1.2374e+02   0  H  0.00  1   !  -9.99000e+02  -99.000  -99.000  -999
OBS: 6000193  54666.035   131.00   0.0000e+00   1.9493e+02   1.1733e+02   0  H  0.00  1   !  -9.99000e+02  -99.000  -99.000  -999
OBS: 6000193  54668.035   133.00   0.0000e+00   1.8482e+02   1.1125e+02   0  H  0.00  1   !  -9.99000e+02  -99.000  -99.000  -999
OBS: 6000193  54670.035   135.00   0.0000e+00   1.7524e+02   1.0548e+02   0  H  0.00  1   !  -9.99000e+02  -99.000  -99.000  -999
OBS: 6000193  54672.035   137.00   0.0000e+00   1.6616e+02   1.0001e+02   0  H  0.00  1   !  -9.99000e+02  -99.000  -99.000  -999
OBS: 6000193  54674.035   139.00   0.0000e+00   1.5755e+02   9.4830e+01   0  H  0.00  1   !  -9.99000e+02  -99.000  -99.000  -999
