VARNAMES: CID MJD Tobs SIM_FLUXCAL FLUXCAL FLUXCAL_ERR DATAFLAG BAND CHI2 IFIT BAND_REST FLUX_REST KCOR AVWARP SIM_FLUX_REST 
OBS: 6000328  53685.551    -2.78   4.6389e+03   4.4314e+03   5.0168e+02   1  J  0.19  1   J  2.80232e+18  -0.122  0.265  1.00000e+11
OBS: 6000328  53685.559    -2.77   4.6376e+03   4.4817e+03   5.6915e+02   1  J  0.09  1   J  2.83408e+18  -0.122  0.265  1.00000e+11
OBS: 6000328  53686.590    -1.74   4.4917e+03   4.2008e+03   5.7302e+02   1  J  0.27  1   J  2.64544e+18  -0.126  0.220  1.00000e+11
OBS: 6000328  53686.602    -1.73   4.4900e+03   4.6263e+03   6.0526e+02   1  J  0.04  1   J  2.91320e+18  -0.126  0.219  1.00000e+11
OBS: 6000328  53688.578     0.25   4.0592e+03   4.7849e+03   5.2224e+02   1  J  1.83  1   J  3.02179e+18  -0.123  0.283  1.00000e+11
OBS: 6000328  53688.578     0.25   4.0592e+03   3.8793e+03   4.7388e+02   1  J  0.15  1   J  2.44992e+18  -0.123  0.283  1.00000e+11
OBS: 6000328  53692.520     4.19   2.9087e+03   2.5506e+03   6.9952e+02   1  J  0.27  1   J  1.65631e+18  -0.093  0.699  1.00000e+11
OBS: 6000328  53692.531     4.20   2.9061e+03   2.3211e+03   5.8338e+02   1  J  1.01  1   J  1.50725e+18  -0.093  0.700  1.00000e+11
OBS: 6000328  53696.570     8.24   1.8966e+03   2.2588e+03   5.5781e+02   1  J  0.40  1   J  1.40292e+18  -0.141  1.373  1.00000e+11
OBS: 6000328  53715.609    27.28   1.8460e+03   2.0854e+03   5.5057e+02   1  J  0.17  1   J  1.00583e+18  -0.416  0.829  1.00000e+11
OBS: 6000328  53721.578    33.25   2.2802e+03   2.3750e+03   1.3052e+02   1  J  0.17  1   J  1.17854e+18  -0.385  2.145  1.00000e+11
OBS: 6000328  53721.590    33.26   2.2811e+03   2.4899e+03   1.7460e+02   1  J  0.71  1   J  1.23555e+18  -0.385  2.149  1.00000e+11
OBS: 6000328  53629.328   -59.00   0.0000e+00   0.0000e+00   0.0000e+00   0  J  0.00  1   !  -9.99000e+02  -99.000  -99.000  -999
OBS: 6000328  53631.328   -57.00   0.0000e+00   0.0000e+00   0.0000e+00   0  J  0.00  1   !  -9.99000e+02  -99.000  -99.000  -999
OBS: 6000328  53633.328   -55.00   0.0000e+00   0.0000e+00   0.0000e+00   0  J  0.00  1   !  -9.99000e+02  -99.000  -99.000  -999
OBS: 6000328  53635.328   -53.00   0.0000e+00   0.0000e+00   0.0000e+00   0  J  0.00  1   !  -9.99000e+02  -99.000  -99.000  -999
OBS: 6000328  53637.328   -51.00   0.0000e+00   0.0000e+00   0.0000e+00   0  J  0.00  1   !  -9.99000e+02  -99.000  -99.000  -999
OBS: 6000328  53639.328   -49.00   0.0000e+00   0.0000e+00   0.0000e+00   0  J  0.00  1   !  -9.99000e+02  -99.000  -99.000  -999
OBS: 6000328  53641.328   -47.00   0.0000e+00   0.0000e+00   0.0000e+00   0  J  0.00  1   !  -9.99000e+02  -99.000  -99.000  -999
OBS: 6000328  53643.328   -45.00   0.0000e+00   0.0000e+00   0.0000e+00   0  J  0.00  1   !  -9.99000e+02  -99.000  -99.000  -999
OBS: 6000328  53645.328   -43.00   0.0000e+00   0.0000e+00   0.0000e+00   0  J  0.00  1   !  -9.99000e+02  -99.000  -99.000  -999
OBS: 6000328  53647.328   -41.00   0.0000e+00   0.0000e+00   0.0000e+00   0  J  0.00  1   !  -9.99000e+02  -99.000  -99.000  -999
OBS: 6000328  53649.328   -39.00   0.0000e+00   0.0000e+00   0.0000e+00   0  J  0.00  1   !  -9.99000e+02  -99.000  -99.000  -999
OBS: 6000328  53651.328   -37.00   0.0000e+00   0.0000e+00   0.0000e+00   0  J  0.00  1   !  -9.99000e+02  -99.000  -99.000  -999
OBS: 6000328  53653.328   -35.00   0.0000e+00   0.0000e+00   0.0000e+00   0  J  0.00  1   !  -9.99000e+02  -99.000  -99.000  -999
OBS: 6000328  53655.328   -33.00   0.0000e+00   0.0000e+00   0.0000e+00   0  J  0.00  1   !  -9.99000e+02  -99.000  -99.000  -999
OBS: 6000328  53657.328   -31.00   0.0000e+00   0.0000e+00   0.0000e+00   0  J  0.00  1   !  -9.99000e+02  -99.000  -99.000  -999
OBS: 6000328  53659.328   -29.00   0.0000e+00   0.0000e+00   0.0000e+00   0  J  0.00  1   !  -9.99000e+02  -99.000  -99.000  -999
OBS: 6000328  53661.328   -27.00   0.0000e+00   0.0000e+00   0.0000e+00   0  J  0.00  1   !  -9.99000e+02  -99.000  -99.000  -999
OBS: 6000328  53663.328   -25.00   0.0000e+00   0.0000e+00   0.0000e+00   0  J  0.00  1   !  -9.99000e+02  -99.000  -99.000  -999
OBS: 6000328  53665.328   -23.00   0.0000e+00   0.0000e+00   0.0000e+00   0  J  0.00  1   !  -9.99000e+02  -99.000  -99.000  -999
OBS: 6000328  53667.328   -21.00   0.0000e+00   1.0509e+03   6.3258e+02   0  J  0.00  1   !  -9.99000e+02  -99.000  -99.000  -999
OBS: 6000328  53669.328   -19.00   0.0000e+00   1.1642e+03   7.0073e+02   0  J  0.00  1   !  -9.99000e+02  -99.000  -99.000  -999
OBS: 6000328  53671.328   -17.00   0.0000e+00   1.1678e+03   7.0292e+02   0  J  0.00  1   !  -9.99000e+02  -99.000  -99.000  -999
OBS: 6000328  53673.328   -15.00   0.0000e+00   1.5808e+03   3.9057e+02   0  J  0.00  1   !  -9.99000e+02  -99.000  -99.000  -999
OBS: 6000328  53675.328   -13.00   0.0000e+00   2.6242e+03   1.2549e+02   0  J  0.00  1   !  -9.99000e+02  -99.000  -99.000  -999
OBS: 6000328  53677.328   -11.00   0.0000e+00   3.6065e+03   1.1100e+02   0  J  0.00  1   !  -9.99000e+02  -99.000  -99.000  -999
OBS: 6000328  53679.328    -9.00   0.0000e+00   4.2810e+03   1.2026e+02   0  J  0.00  1   !  -9.99000e+02  -99.000  -99.000  -999
OBS: 6000328  53681.328    -7.00   0.0000e+00   4.6379e+03   9.6864e+01   0  J  0.00  1   !  -9.99000e+02  -99.000  -99.000  -999
OBS: 6000328  53683.328    -5.00   0.0000e+00   4.7849e+03   8.4093e+01   0  J  0.00  1   !  -9.99000e+02  -99.000  -99.000  -999
OBS: 6000328  53685.328    -3.00   0.0000e+00   4.6819e+03   8.8853e+01   0  J  0.00  1   !  -9.99000e+02  -99.000  -99.000  -999
OBS: 6000328  53687.328    -1.00   0.0000e+00   4.3809e+03   9.1093e+01   0  J  0.00  1   !  -9.99000e+02  -99.000  -99.000  -999
OBS: 6000328  53689.328     1.00   0.0000e+00   3.8443e+03   8.8859e+01   0  J  0.00  1   !  -9.99000e+02  -99.000  -99.000  -999
OBS: 6000328  53691.328     3.00   0.0000e+00   3.2410e+03   8.4113e+01   0  J  0.00  1   !  -9.99000e+02  -99.000  -99.000  -999
OBS: 6000328  53693.328     5.00   0.0000e+00   2.7082e+03   8.3131e+01   0  J  0.00  1   !  -9.99000e+02  -99.000  -99.000  -999
OBS: 6000328  53695.328     7.00   0.0000e+00   2.1948e+03   8.4528e+01   0  J  0.00  1   !  -9.99000e+02  -99.000  -99.000  -999
OBS: 6000328  53697.328     9.00   0.0000e+00   1.7478e+03   9.6653e+01   0  J  0.00  1   !  -9.99000e+02  -99.000  -99.000  -999
OBS: 6000328  53699.328    11.00   0.0000e+00   1.4344e+03   1.0657e+02   0  J  0.00  1   !  -9.99000e+02  -99.000  -99.000  -999
OBS: 6000328  53701.328    13.00   0.0000e+00   1.2712e+03   1.0570e+02   0  J  0.00  1   !  -9.99000e+02  -99.000  -99.000  -999
OBS: 6000328  53703.328    15.00   0.0000e+00   1.2573e+03   1.0554e+02   0  J  0.00  1   !  -9.99000e+02  -99.000  -99.000  -999
OBS: 6000328  53705.328    17.00   0.0000e+00   1.2914e+03   1.0325e+02   0  J  0.00  1   !  -9.99000e+02  -99.000  -99.000  -999
OBS: 6000328  53707.328    19.00   0.0000e+00   1.3481e+03   1.0623e+02   0  J  0.00  1   !  -9.99000e+02  -99.000  -99.000  -999
OBS: 6000328  53709.328    21.00   0.0000e+00   1.4094e+03   1.1269e+02   0  J  0.00  1   !  -9.99000e+02  -99.000  -99.000  -999
OBS: 6000328  53711.328    23.00   0.0000e+00   1.5271e+03   1.2204e+02   0  J  0.00  1   !  -9.99000e+02  -99.000  -99.000  -999
OBS: 6000328  53713.328    25.00   0.0000e+00   1.6754e+03   1.1990e+02   0  J  0.00  1   !  -9.99000e+02  -99.000  -99.000  -999
OBS: 6000328  53715.328    27.00   0.0000e+00   1.8295e+03   1.1684e+02   0  J  0.00  1   !  -9.99000e+02  -99.000  -99.000  -999
OBS: 6000328  53717.328    29.00   0.0000e+00   1.9822e+03   1.2706e+02   0  J  0.00  1   !  -9.99000e+02  -99.000  -99.000  -999
OBS: 6000328  53719.328    31.00   0.0000e+00   2.1202e+03   1.4273e+02   0  J  0.00  1   !  -9.99000e+02  -99.000  -99.000  -999
OBS: 6000328  53721.328    33.00   0.0000e+00   2.2665e+03   1.5880e+02   0  J  0.00  1   !  -9.99000e+02  -99.000  -99.000  -999
OBS: 6000328  53723.328    35.00   0.0000e+00   2.4146e+03   1.7481e+02   0  J  0.00  1   !  -9.99000e+02  -99.000  -99.000  -999
OBS: 6000328  53725.328    37.00   0.0000e+00   2.4189e+03   1.8566e+02   0  J  0.00  1   !  -9.99000e+02  -99.000  -99.000  -999
OBS: 6000328  53727.328    39.00   0.0000e+00   2.2290e+03   1.9740e+02   0  J  0.00  1   !  -9.99000e+02  -99.000  -99.000  -999
OBS: 6000328  53729.328    41.00   0.0000e+00   1.9348e+03   1.7967e+02   0  J  0.00  1   !  -9.99000e+02  -99.000  -99.000  -999
OBS: 6000328  53731.328    43.00   0.0000e+00   1.6062e+03   1.6128e+02   0  J  0.00  1   !  -9.99000e+02  -99.000  -99.000  -999
OBS: 6000328  53733.328    45.00   0.0000e+00   1.3366e+03   1.4609e+02   0  J  0.00  1   !  -9.99000e+02  -99.000  -99.000  -999
OBS: 6000328  53735.328    47.00   0.0000e+00   1.1892e+03   1.4395e+02   0  J  0.00  1   !  -9.99000e+02  -99.000  -99.000  -999
OBS: 6000328  53737.328    49.00   0.0000e+00   1.1099e+03   1.9218e+02   0  J  0.00  1   !  -9.99000e+02  -99.000  -99.000  -999
OBS: 6000328  53739.328    51.00   0.0000e+00   1.0285e+03   2.8790e+02   0  J  0.00  1   !  -9.99000e+02  -99.000  -99.000  -999
OBS: 6000328  53741.328    53.00   0.0000e+00   9.3422e+02   3.6089e+02   0  J  0.00  1   !  -9.99000e+02  -99.000  -99.000  -999
OBS: 6000328  53743.328    55.00   0.0000e+00   8.4945e+02   5.1129e+02   0  J  0.00  1   !  -9.99000e+02  -99.000  -99.000  -999
OBS: 6000328  53745.328    57.00   0.0000e+00   7.7091e+02   4.6402e+02   0  J  0.00  1   !  -9.99000e+02  -99.000  -99.000  -999
OBS: 6000328  53747.328    59.00   0.0000e+00   6.9233e+02   4.1672e+02   0  J  0.00  1   !  -9.99000e+02  -99.000  -99.000  -999
OBS: 6000328  53749.328    61.00   0.0000e+00   6.2354e+02   3.7531e+02   0  J  0.00  1   !  -9.99000e+02  -99.000  -99.000  -999
OBS: 6000328  53751.328    63.00   0.0000e+00   5.6928e+02   3.4266e+02   0  J  0.00  1   !  -9.99000e+02  -99.000  -99.000  -999
OBS: 6000328  53753.328    65.00   0.0000e+00   4.8047e+02   2.8920e+02   0  J  0.00  1   !  -9.99000e+02  -99.000  -99.000  -999
OBS: 6000328  53755.328    67.00   0.0000e+00   4.0327e+02   2.4273e+02   0  J  0.00  1   !  -9.99000e+02  -99.000  -99.000  -999
OBS: 6000328  53757.328    69.00   0.0000e+00   3.4771e+02   2.0929e+02   0  J  0.00  1   !  -9.99000e+02  -99.000  -99.000  -999
OBS: 6000328  53759.328    71.00   0.0000e+00   3.0448e+02   1.8327e+02   0  J  0.00  1   !  -9.99000e+02  -99.000  -99.000  -999
OBS: 6000328  53761.328    73.00   0.0000e+00   2.6781e+02   1.6120e+02   0  J  0.00  1   !  -9.99000e+02  -99.000  -99.000  -999
OBS: 6000328  53763.328    75.00   0.0000e+00   2.3405e+02   1.4088e+02   0  J  0.00  1   !  -9.99000e+02  -99.000  -99.000  -999
OBS: 6000328  53765.328    77.00   0.0000e+00   2.0123e+02   1.2113e+02   0  J  0.00  1   !  -9.99000e+02  -99.000  -99.000  -999
OBS: 6000328  53767.328    79.00   0.0000e+00   1.7406e+02   1.0477e+02   0  J  0.00  1   !  -9.99000e+02  -99.000  -99.000  -999
OBS: 6000328  53769.328    81.00   0.0000e+00   1.5785e+02   9.5012e+01   0  J  0.00  1   !  -9.99000e+02  -99.000  -99.000  -999
OBS: 6000328  53771.328    83.00   0.0000e+00   1.4313e+02   8.6149e+01   0  J  0.00  1   !  -9.99000e+02  -99.000  -99.000  -999
OBS: 6000328  53773.328    85.00   0.0000e+00   1.2987e+02   7.8169e+01   0  J  0.00  1   !  -9.99000e+02  -99.000  -99.000  -999
OBS: 6000328  53775.328    87.00   0.0000e+00   1.2104e+02   7.2855e+01   0  J  0.00  1   !  -9.99000e+02  -99.000  -99.000  -999
OBS: 6000328  53777.328    89.00   0.0000e+00   1.1114e+02   6.6898e+01   0  J  0.00  1   !  -9.99000e+02  -99.000  -99.000  -999
OBS: 6000328  53779.328    91.00   0.0000e+00   1.0258e+02   6.1746e+01   0  J  0.00  1   !  -9.99000e+02  -99.000  -99.000  -999
OBS: 6000328  53781.328    93.00   0.0000e+00   9.5431e+01   5.7441e+01   0  J  0.00  1   !  -9.99000e+02  -99.000  -99.000  -999
OBS: 6000328  53783.328    95.00   0.0000e+00   8.8778e+01   5.3436e+01   0  J  0.00  1   !  -9.99000e+02  -99.000  -99.000  -999
OBS: 6000328  53785.328    97.00   0.0000e+00   8.2588e+01   4.9711e+01   0  J  0.00  1   !  -9.99000e+02  -99.000  -99.000  -999
OBS: 6000328  53787.328    99.00   0.0000e+00   7.6831e+01   4.6245e+01   0  J  0.00  1   !  -9.99000e+02  -99.000  -99.000  -999
OBS: 6000328  53789.328   101.00   0.0000e+00   7.1474e+01   4.3021e+01   0  J  0.00  1   !  -9.99000e+02  -99.000  -99.000  -999
OBS: 6000328  53791.328   103.00   0.0000e+00   6.6491e+01   4.0022e+01   0  J  0.00  1   !  -9.99000e+02  -99.000  -99.000  -999
OBS: 6000328  53793.328   105.00   0.0000e+00   6.1856e+01   3.7232e+01   0  J  0.00  1   !  -9.99000e+02  -99.000  -99.000  -999
OBS: 6000328  53795.328   107.00   0.0000e+00   5.7543e+01   3.4636e+01   0  J  0.00  1   !  -9.99000e+02  -99.000  -99.000  -999
OBS: 6000328  53797.328   109.00   0.0000e+00   5.3532e+01   3.2221e+01   0  J  0.00  1   !  -9.99000e+02  -99.000  -99.000  -999
OBS: 6000328  53799.328   111.00   0.0000e+00   4.9800e+01   2.9975e+01   0  J  0.00  1   !  -9.99000e+02  -99.000  -99.000  -999
OBS: 6000328  53801.328   113.00   0.0000e+00   4.6328e+01   2.7885e+01   0  J  0.00  1   !  -9.99000e+02  -99.000  -99.000  -999
OBS: 6000328  53803.328   115.00   0.0000e+00   4.3098e+01   2.5941e+01   0  J  0.00  1   !  -9.99000e+02  -99.000  -99.000  -999
OBS: 6000328  53805.328   117.00   0.0000e+00   4.0093e+01   2.4133e+01   0  J  0.00  1   !  -9.99000e+02  -99.000  -99.000  -999
OBS: 6000328  53807.328   119.00   0.0000e+00   3.7298e+01   2.2450e+01   0  J  0.00  1   !  -9.99000e+02  -99.000  -99.000  -999
OBS: 6000328  53809.328   121.00   0.0000e+00   3.4698e+01   2.0885e+01   0  J  0.00  1   !  -9.99000e+02  -99.000  -99.000  -999
OBS: 6000328  53811.328   123.00   0.0000e+00   3.2279e+01   1.9429e+01   0  J  0.00  1   !  -9.99000e+02  -99.000  -99.000  -999
OBS: 6000328  53813.328   125.00   0.0000e+00   3.0029e+01   1.8075e+01   0  J  0.00  1   !  -9.99000e+02  -99.000  -99.000  -999
OBS: 6000328  53815.328   127.00   0.0000e+00   2.7935e+01   1.6814e+01   0  J  0.00  1   !  -9.99000e+02  -99.000  -99.000  -999
OBS: 6000328  53817.328   129.00   0.0000e+00   2.5988e+01   1.5642e+01   0  J  0.00  1   !  -9.99000e+02  -99.000  -99.000  -999
OBS: 6000328  53819.328   131.00   0.0000e+00   2.4176e+01   1.4552e+01   0  J  0.00  1   !  -9.99000e+02  -99.000  -99.000  -999
OBS: 6000328  53821.328   133.00   0.0000e+00   2.2490e+01   1.3537e+01   0  J  0.00  1   !  -9.99000e+02  -99.000  -99.000  -999
OBS: 6000328  53823.328   135.00   0.0000e+00   2.0922e+01   1.2593e+01   0  J  0.00  1   !  -9.99000e+02  -99.000  -99.000  -999
OBS: 6000328  53825.328   137.00   0.0000e+00   1.9464e+01   1.1715e+01   0  J  0.00  1   !  -9.99000e+02  -99.000  -99.000  -999
OBS: 6000328  53827.328   139.00   0.0000e+00   1.8107e+01   1.0899e+01   0  J  0.00  1   !  -9.99000e+02  -99.000  -99.000  -999
OBS: 6000328  53685.551    -2.78   4.6505e+03   4.6738e+03   3.5957e+02   1  Y  0.12  1   Y  2.55042e+18  -0.282  -1.346  1.00000e+11
OBS: 6000328  53685.559    -2.77   4.6485e+03   4.7081e+03   2.9553e+02   1  Y  0.27  1   Y  2.56913e+18  -0.282  -1.347  1.00000e+11
OBS: 6000328  53686.590    -1.74   4.4089e+03   4.2227e+03   3.1251e+02   1  Y  0.06  1   Y  2.31671e+18  -0.276  -1.464  1.00000e+11
OBS: 6000328  53686.602    -1.73   4.4059e+03   4.6149e+03   3.2462e+02   1  Y  0.80  1   Y  2.53224e+18  -0.276  -1.465  1.00000e+11
OBS: 6000328  53688.578     0.25   3.8355e+03   4.0303e+03   3.1418e+02   1  Y  0.72  1   Y  2.24562e+18  -0.259  -1.632  1.00000e+11
OBS: 6000328  53688.578     0.25   3.8355e+03   3.4985e+03   2.8347e+02   1  Y  0.65  1   Y  1.94932e+18  -0.259  -1.632  1.00000e+11
OBS: 6000328  53692.520     4.19   3.1274e+03   2.7760e+03   3.0448e+02   1  Y  0.72  1   Y  1.43789e+18  -0.339  -1.649  1.00000e+11
OBS: 6000328  53692.531     4.20   3.1258e+03   2.9214e+03   2.9923e+02   1  Y  0.17  1   Y  1.51287e+18  -0.339  -1.649  1.00000e+11
OBS: 6000328  53696.559     8.23   2.5586e+03   2.7566e+03   2.6544e+02   1  Y  0.75  1   Y  1.37930e+18  -0.376  -1.920  1.00000e+11
OBS: 6000328  53696.570     8.24   2.5577e+03   2.3323e+03   2.5661e+02   1  Y  0.33  1   Y  1.16688e+18  -0.376  -1.920  1.00000e+11
OBS: 6000328  53700.602    12.27   2.4058e+03   2.2176e+03   3.0468e+02   1  Y  0.16  1   Y  1.11271e+18  -0.373  -1.687  1.00000e+11
OBS: 6000328  53705.570    17.24   2.7577e+03   2.6840e+03   2.4256e+02   1  Y  0.00  1   Y  1.33905e+18  -0.379  -1.135  1.00000e+11
OBS: 6000328  53705.578    17.25   2.7587e+03   3.0898e+03   3.4831e+02   1  Y  1.11  1   Y  1.54147e+18  -0.379  -1.135  1.00000e+11
OBS: 6000328  53710.570    22.24   3.1659e+03   3.6143e+03   4.0698e+02   1  Y  1.43  1   Y  1.92463e+18  -0.308  -1.023  1.00000e+11
OBS: 6000328  53710.578    22.25   3.1663e+03   2.7052e+03   2.6723e+02   1  Y  1.62  1   Y  1.44097e+18  -0.308  -1.023  1.00000e+11
OBS: 6000328  53715.609    27.28   4.0070e+03   4.1158e+03   2.5556e+02   1  Y  0.45  1   Y  2.29343e+18  -0.259  -1.006  1.00000e+11
OBS: 6000328  53715.609    27.28   4.0070e+03   3.8622e+03   2.9469e+02   1  Y  0.03  1   Y  2.15212e+18  -0.259  -1.006  1.00000e+11
OBS: 6000328  53718.559    30.23   4.5512e+03   4.2604e+03   2.5490e+02   1  Y  0.42  1   Y  2.46243e+18  -0.219  -0.892  1.00000e+11
OBS: 6000328  53718.570    30.24   4.5523e+03   4.3764e+03   3.0211e+02   1  Y  0.05  1   Y  2.52994e+18  -0.219  -0.891  1.00000e+11
OBS: 6000328  53732.570    44.24   3.4463e+03   3.3285e+03   2.6882e+02   1  Y  0.02  1   Y  2.25847e+18  -0.045  -0.254  1.00000e+11
OBS: 6000328  53732.590    44.26   3.4430e+03   3.4715e+03   2.6825e+02   1  Y  0.13  1   Y  2.35546e+18  -0.045  -0.254  1.00000e+11
OBS: 6000328  53629.328   -59.00   0.0000e+00   0.0000e+00   0.0000e+00   0  Y  0.00  1   !  -9.99000e+02  -99.000  -99.000  -999
OBS: 6000328  53631.328   -57.00   0.0000e+00   0.0000e+00   0.0000e+00   0  Y  0.00  1   !  -9.99000e+02  -99.000  -99.000  -999
OBS: 6000328  53633.328   -55.00   0.0000e+00   0.0000e+00   0.0000e+00   0  Y  0.00  1   !  -9.99000e+02  -99.000  -99.000  -999
OBS: 6000328  53635.328   -53.00   0.0000e+00   0.0000e+00   0.0000e+00   0  Y  0.00  1   !  -9.99000e+02  -99.000  -99.000  -999
OBS: 6000328  53637.328   -51.00   0.0000e+00   0.0000e+00   0.0000e+00   0  Y  0.00  1   !  -9.99000e+02  -99.000  -99.000  -999
OBS: 6000328  53639.328   -49.00   0.0000e+00   0.0000e+00   0.0000e+00   0  Y  0.00  1   !  -9.99000e+02  -99.000  -99.000  -999
OBS: 6000328  53641.328   -47.00   0.0000e+00   0.0000e+00   0.0000e+00   0  Y  0.00  1   !  -9.99000e+02  -99.000  -99.000  -999
OBS: 6000328  53643.328   -45.00   0.0000e+00   0.0000e+00   0.0000e+00   0  Y  0.00  1   !  -9.99000e+02  -99.000  -99.000  -999
OBS: 6000328  53645.328   -43.00   0.0000e+00   0.0000e+00   0.0000e+00   0  Y  0.00  1   !  -9.99000e+02  -99.000  -99.000  -999
OBS: 6000328  53647.328   -41.00   0.0000e+00   0.0000e+00   0.0000e+00   0  Y  0.00  1   !  -9.99000e+02  -99.000  -99.000  -999
OBS: 6000328  53649.328   -39.00   0.0000e+00   0.0000e+00   0.0000e+00   0  Y  0.00  1   !  -9.99000e+02  -99.000  -99.000  -999
OBS: 6000328  53651.328   -37.00   0.0000e+00   0.0000e+00   0.0000e+00   0  Y  0.00  1   !  -9.99000e+02  -99.000  -99.000  -999
OBS: 6000328  53653.328   -35.00   0.0000e+00   0.0000e+00   0.0000e+00   0  Y  0.00  1   !  -9.99000e+02  -99.000  -99.000  -999
OBS: 6000328  53655.328   -33.00   0.0000e+00   0.0000e+00   0.0000e+00   0  Y  0.00  1   !  -9.99000e+02  -99.000  -99.000  -999
OBS: 6000328  53657.328   -31.00   0.0000e+00   0.0000e+00   0.0000e+00   0  Y  0.00  1   !  -9.99000e+02  -99.000  -99.000  -999
OBS: 6000328  53659.328   -29.00   0.0000e+00   0.0000e+00   0.0000e+00   0  Y  0.00  1   !  -9.99000e+02  -99.000  -99.000  -999
OBS: 6000328  53661.328   -27.00   0.0000e+00   0.0000e+00   0.0000e+00   0  Y  0.00  1   !  -9.99000e+02  -99.000  -99.000  -999
OBS: 6000328  53663.328   -25.00   0.0000e+00   0.0000e+00   0.0000e+00   0  Y  0.00  1   !  -9.99000e+02  -99.000  -99.000  -999
OBS: 6000328  53665.328   -23.00   0.0000e+00   0.0000e+00   0.0000e+00   0  Y  0.00  1   !  -9.99000e+02  -99.000  -99.000  -999
OBS: 6000328  53667.328   -21.00   0.0000e+00   7.0668e+02   4.2536e+02   0  Y  0.00  1   !  -9.99000e+02  -99.000  -99.000  -999
OBS: 6000328  53669.328   -19.00   0.0000e+00   6.9984e+02   4.2124e+02   0  Y  0.00  1   !  -9.99000e+02  -99.000  -99.000  -999
OBS: 6000328  53671.328   -17.00   0.0000e+00   6.9675e+02   4.1938e+02   0  Y  0.00  1   !  -9.99000e+02  -99.000  -99.000  -999
OBS: 6000328  53673.328   -15.00   0.0000e+00   1.0347e+03   2.9735e+02   0  Y  0.00  1   !  -9.99000e+02  -99.000  -99.000  -999
OBS: 6000328  53675.328   -13.00   0.0000e+00   1.8872e+03   1.6089e+02   0  Y  0.00  1   !  -9.99000e+02  -99.000  -99.000  -999
OBS: 6000328  53677.328   -11.00   0.0000e+00   2.7595e+03   1.4166e+02   0  Y  0.00  1   !  -9.99000e+02  -99.000  -99.000  -999
OBS: 6000328  53679.328    -9.00   0.0000e+00   3.5742e+03   1.3695e+02   0  Y  0.00  1   !  -9.99000e+02  -99.000  -99.000  -999
OBS: 6000328  53681.328    -7.00   0.0000e+00   4.2935e+03   1.1859e+02   0  Y  0.00  1   !  -9.99000e+02  -99.000  -99.000  -999
OBS: 6000328  53683.328    -5.00   0.0000e+00   4.6388e+03   1.1316e+02   0  Y  0.00  1   !  -9.99000e+02  -99.000  -99.000  -999
OBS: 6000328  53685.328    -3.00   0.0000e+00   4.5850e+03   1.2902e+02   0  Y  0.00  1   !  -9.99000e+02  -99.000  -99.000  -999
OBS: 6000328  53687.328    -1.00   0.0000e+00   4.0910e+03   1.2459e+02   0  Y  0.00  1   !  -9.99000e+02  -99.000  -99.000  -999
OBS: 6000328  53689.328     1.00   0.0000e+00   3.5645e+03   1.1560e+02   0  Y  0.00  1   !  -9.99000e+02  -99.000  -99.000  -999
OBS: 6000328  53691.328     3.00   0.0000e+00   3.2340e+03   1.1759e+02   0  Y  0.00  1   !  -9.99000e+02  -99.000  -99.000  -999
OBS: 6000328  53693.328     5.00   0.0000e+00   2.9194e+03   1.2359e+02   0  Y  0.00  1   !  -9.99000e+02  -99.000  -99.000  -999
OBS: 6000328  53695.328     7.00   0.0000e+00   2.6274e+03   1.2834e+02   0  Y  0.00  1   !  -9.99000e+02  -99.000  -99.000  -999
OBS: 6000328  53697.328     9.00   0.0000e+00   2.4583e+03   1.3547e+02   0  Y  0.00  1   !  -9.99000e+02  -99.000  -99.000  -999
OBS: 6000328  53699.328    11.00   0.0000e+00   2.3741e+03   1.3673e+02   0  Y  0.00  1   !  -9.99000e+02  -99.000  -99.000  -999
OBS: 6000328  53701.328    13.00   0.0000e+00   2.3686e+03   1.3493e+02   0  Y  0.00  1   !  -9.99000e+02  -99.000  -99.000  -999
OBS: 6000328  53703.328    15.00   0.0000e+00   2.4811e+03   1.3197e+02   0  Y  0.00  1   !  -9.99000e+02  -99.000  -99.000  -999
OBS: 6000328  53705.328    17.00   0.0000e+00   2.6726e+03   1.3371e+02   0  Y  0.00  1   !  -9.99000e+02  -99.000  -99.000  -999
OBS: 6000328  53707.328    19.00   0.0000e+00   2.8609e+03   1.3743e+02   0  Y  0.00  1   !  -9.99000e+02  -99.000  -99.000  -999
OBS: 6000328  53709.328    21.00   0.0000e+00   3.0383e+03   1.4700e+02   0  Y  0.00  1   !  -9.99000e+02  -99.000  -99.000  -999
OBS: 6000328  53711.328    23.00   0.0000e+00   3.1301e+03   1.4868e+02   0  Y  0.00  1   !  -9.99000e+02  -99.000  -99.000  -999
OBS: 6000328  53713.328    25.00   0.0000e+00   3.3609e+03   1.4422e+02   0  Y  0.00  1   !  -9.99000e+02  -99.000  -99.000  -999
OBS: 6000328  53715.328    27.00   0.0000e+00   3.8434e+03   1.4066e+02   0  Y  0.00  1   !  -9.99000e+02  -99.000  -99.000  -999
OBS: 6000328  53717.328    29.00   0.0000e+00   4.2953e+03   1.4184e+02   0  Y  0.00  1   !  -9.99000e+02  -99.000  -99.000  -999
OBS: 6000328  53719.328    31.00   0.0000e+00   4.5148e+03   1.4392e+02   0  Y  0.00  1   !  -9.99000e+02  -99.000  -99.000  -999
OBS: 6000328  53721.328    33.00   0.0000e+00   4.5657e+03   1.4058e+02   0  Y  0.00  1   !  -9.99000e+02  -99.000  -99.000  -999
OBS: 6000328  53723.328    35.00   0.0000e+00   4.4803e+03   1.3612e+02   0  Y  0.00  1   !  -9.99000e+02  -99.000  -99.000  -999
OBS: 6000328  53725.328    37.00   0.0000e+00   4.3079e+03   1.2741e+02   0  Y  0.00  1   !  -9.99000e+02  -99.000  -99.000  -999
OBS: 6000328  53727.328    39.00   0.0000e+00   4.1667e+03   1.2448e+02   0  Y  0.00  1   !  -9.99000e+02  -99.000  -99.000  -999
OBS: 6000328  53729.328    41.00   0.0000e+00   3.9127e+03   1.2823e+02   0  Y  0.00  1   !  -9.99000e+02  -99.000  -99.000  -999
OBS: 6000328  53731.328    43.00   0.0000e+00   3.5739e+03   1.3573e+02   0  Y  0.00  1   !  -9.99000e+02  -99.000  -99.000  -999
OBS: 6000328  53733.328    45.00   0.0000e+00   3.2521e+03   1.3238e+02   0  Y  0.00  1   !  -9.99000e+02  -99.000  -99.000  -999
OBS: 6000328  53735.328    47.00   0.0000e+00   2.9934e+03   1.1570e+02   0  Y  0.00  1   !  -9.99000e+02  -99.000  -99.000  -999
OBS: 6000328  53737.328    49.00   0.0000e+00   2.7470e+03   1.0840e+02   0  Y  0.00  1   !  -9.99000e+02  -99.000  -99.000  -999
OBS: 6000328  53739.328    51.00   0.0000e+00   2.4841e+03   1.1111e+02   0  Y  0.00  1   !  -9.99000e+02  -99.000  -99.000  -999
OBS: 6000328  53741.328    53.00   0.0000e+00   2.1948e+03   2.1047e+02   0  Y  0.00  1   !  -9.99000e+02  -99.000  -99.000  -999
OBS: 6000328  53743.328    55.00   0.0000e+00   1.8950e+03   1.1406e+03   0  Y  0.00  1   !  -9.99000e+02  -99.000  -99.000  -999
OBS: 6000328  53745.328    57.00   0.0000e+00   1.6603e+03   9.9935e+02   0  Y  0.00  1   !  -9.99000e+02  -99.000  -99.000  -999
OBS: 6000328  53747.328    59.00   0.0000e+00   1.4972e+03   9.0116e+02   0  Y  0.00  1   !  -9.99000e+02  -99.000  -99.000  -999
OBS: 6000328  53749.328    61.00   0.0000e+00   1.3666e+03   8.2255e+02   0  Y  0.00  1   !  -9.99000e+02  -99.000  -99.000  -999
OBS: 6000328  53751.328    63.00   0.0000e+00   1.2714e+03   7.6527e+02   0  Y  0.00  1   !  -9.99000e+02  -99.000  -99.000  -999
OBS: 6000328  53753.328    65.00   0.0000e+00   1.1050e+03   6.6510e+02   0  Y  0.00  1   !  -9.99000e+02  -99.000  -99.000  -999
OBS: 6000328  53755.328    67.00   0.0000e+00   9.3763e+02   5.6437e+02   0  Y  0.00  1   !  -9.99000e+02  -99.000  -99.000  -999
OBS: 6000328  53757.328    69.00   0.0000e+00   8.0946e+02   4.8722e+02   0  Y  0.00  1   !  -9.99000e+02  -99.000  -99.000  -999
OBS: 6000328  53759.328    71.00   0.0000e+00   7.1010e+02   4.2742e+02   0  Y  0.00  1   !  -9.99000e+02  -99.000  -99.000  -999
OBS: 6000328  53761.328    73.00   0.0000e+00   6.3342e+02   3.8126e+02   0  Y  0.00  1   !  -9.99000e+02  -99.000  -99.000  -999
OBS: 6000328  53763.328    75.00   0.0000e+00   5.7299e+02   3.4489e+02   0  Y  0.00  1   !  -9.99000e+02  -99.000  -99.000  -999
OBS: 6000328  53765.328    77.00   0.0000e+00   5.2383e+02   3.1530e+02   0  Y  0.00  1   !  -9.99000e+02  -99.000  -99.000  -999
OBS: 6000328  53767.328    79.00   0.0000e+00   4.7655e+02   2.8684e+02   0  Y  0.00  1   !  -9.99000e+02  -99.000  -99.000  -999
OBS: 6000328  53769.328    81.00   0.0000e+00   4.2125e+02   2.5356e+02   0  Y  0.00  1   !  -9.99000e+02  -99.000  -99.000  -999
OBS: 6000328  53771.328    83.00   0.0000e+00   3.7286e+02   2.2443e+02   0  Y  0.00  1   !  -9.99000e+02  -99.000  -99.000  -999
OBS: 6000328  53773.328    85.00   0.0000e+00   3.3064e+02   1.9902e+02   0  Y  0.00  1   !  -9.99000e+02  -99.000  -99.000  -999
OBS: 6000328  53775.328    87.00   0.0000e+00   2.9386e+02   1.7688e+02   0  Y  0.00  1   !  -9.99000e+02  -99.000  -99.000  -999
OBS: 6000328  53777.328    89.00   0.0000e+00   2.6193e+02   1.5766e+02   0  Y  0.00  1   !  -9.99000e+02  -99.000  -99.000  -999
OBS: 6000328  53779.328    91.00   0.0000e+00   2.3216e+02   1.3974e+02   0  Y  0.00  1   !  -9.99000e+02  -99.000  -99.000  -999
OBS: 6000328  53781.328    93.00   0.0000e+00   2.0384e+02   1.2269e+02   0  Y  0.00  1   !  -9.99000e+02  -99.000  -99.000  -999
OBS: 6000328  53783.328    95.00   0.0000e+00   1.7897e+02   1.0773e+02   0  Y  0.00  1   !  -9.99000e+02  -99.000  -99.000  -999
OBS: 6000328  53785.328    97.00   0.0000e+00   1.5713e+02   9.4581e+01   0  Y  0.00  1   !  -9.99000e+02  -99.000  -99.000  -999
OBS: 6000328  53787.328    99.00   0.0000e+00   1.3796e+02   8.3040e+01   0  Y  0.00  1   !  -9.99000e+02  -99.000  -99.000  -999
OBS: 6000328  53789.328   101.00   0.0000e+00   1.2113e+02   7.2910e+01   0  Y  0.00  1   !  -9.99000e+02  -99.000  -99.000  -999
OBS: 6000328  53791.328   103.00   0.0000e+00   1.0634e+02   6.4008e+01   0  Y  0.00  1   !  -9.99000e+02  -99.000  -99.000  -999
OBS: 6000328  53793.328   105.00   0.0000e+00   9.3356e+01   5.6192e+01   0  Y  0.00  1   !  -9.99000e+02  -99.000  -99.000  -999
OBS: 6000328  53795.328   107.00   0.0000e+00   8.1954e+01   4.9329e+01   0  Y  0.00  1   !  -9.99000e+02  -99.000  -99.000  -999
OBS: 6000328  53797.328   109.00   0.0000e+00   7.1943e+01   4.3303e+01   0  Y  0.00  1   !  -9.99000e+02  -99.000  -99.000  -999
OBS: 6000328  53799.328   111.00   0.0000e+00   6.3154e+01   3.8013e+01   0  Y  0.00  1   !  -9.99000e+02  -99.000  -99.000  -999
OBS: 6000328  53801.328   113.00   0.0000e+00   5.5447e+01   3.3374e+01   0  Y  0.00  1   !  -9.99000e+02  -99.000  -99.000  -999
OBS: 6000328  53803.328   115.00   0.0000e+00   4.8674e+01   2.9297e+01   0  Y  0.00  1   !  -9.99000e+02  -99.000  -99.000  -999
OBS: 6000328  53805.328   117.00   0.0000e+00   4.2724e+01   2.5716e+01   0  Y  0.00  1   !  -9.99000e+02  -99.000  -99.000  -999
OBS: 6000328  53807.328   119.00   0.0000e+00   3.7501e+01   2.2572e+01   0  Y  0.00  1   !  -9.99000e+02  -99.000  -99.000  -999
OBS: 6000328  53809.328   121.00   0.0000e+00   3.2916e+01   1.9812e+01   0  Y  0.00  1   !  -9.99000e+02  -99.000  -99.000  -999
OBS: 6000328  53811.328   123.00   0.0000e+00   2.8890e+01   1.7389e+01   0  Y  0.00  1   !  -9.99000e+02  -99.000  -99.000  -999
OBS: 6000328  53813.328   125.00   0.0000e+00   2.5362e+01   1.5265e+01   0  Y  0.00  1   !  -9.99000e+02  -99.000  -99.000  -999
OBS: 6000328  53815.328   127.00   0.0000e+00   2.2263e+01   1.3401e+01   0  Y  0.00  1   !  -9.99000e+02  -99.000  -99.000  -999
OBS: 6000328  53817.328   129.00   0.0000e+00   1.9539e+01   1.1761e+01   0  Y  0.00  1   !  -9.99000e+02  -99.000  -99.000  -999
OBS: 6000328  53819.328   131.00   0.0000e+00   1.7149e+01   1.0322e+01   0  Y  0.00  1   !  -9.99000e+02  -99.000  -99.000  -999
OBS: 6000328  53821.328   133.00   0.0000e+00   1.5050e+01   9.0586e+00   0  Y  0.00  1   !  -9.99000e+02  -99.000  -99.000  -999
OBS: 6000328  53823.328   135.00   0.0000e+00   1.3208e+01   7.9498e+00   0  Y  0.00  1   !  -9.99000e+02  -99.000  -99.000  -999
OBS: 6000328  53825.328   137.00   0.0000e+00   1.1592e+01   6.9774e+00   0  Y  0.00  1   !  -9.99000e+02  -99.000  -99.000  -999
OBS: 6000328  53827.328   139.00   0.0000e+00   1.0177e+01   6.1254e+00   0  Y  0.00  1   !  -9.99000e+02  -99.000  -99.000  -999
OBS: 6000328  53685.551    -2.78   3.8771e+03   2.2249e+03   1.1596e+03   1  H  2.06  1   H  1.41437e+18  -0.116  -0.804  1.00000e+11
OBS: 6000328  53685.559    -2.77   3.8757e+03   2.6579e+03   9.3323e+02   1  H  1.73  1   H  1.68983e+18  -0.116  -0.803  1.00000e+11
OBS: 6000328  53686.590    -1.74   3.7037e+03   3.4944e+03   1.0969e+03   1  H  0.04  1   H  2.26812e+18  -0.094  -0.722  1.00000e+11
OBS: 6000328  53686.602    -1.73   3.7016e+03   3.2281e+03   1.0146e+03   1  H  0.23  1   H  2.09593e+18  -0.093  -0.721  1.00000e+11
OBS: 6000328  53688.578     0.25   3.3226e+03   2.8212e+03   8.5146e+02   1  H  0.36  1   H  1.92934e+18  -0.037  -0.504  1.00000e+11
OBS: 6000328  53692.531     4.20   2.8252e+03   3.8694e+03   1.0554e+03   1  H  0.95  1   H  2.81414e+18  0.030  -0.087  1.00000e+11
OBS: 6000328  53696.570     8.24   2.2094e+03   4.2397e+03   1.0055e+03   1  H  4.00  1   H  3.54655e+18  0.182  -0.772  1.00000e+11
OBS: 6000328  53710.570    22.24   2.5049e+03   2.4511e+03   9.3250e+02   1  H  0.01  1   H  2.22314e+18  0.270  0.443  1.00000e+11
OBS: 6000328  53710.578    22.25   2.5055e+03   2.4348e+03   8.9458e+02   1  H  0.01  1   H  2.20851e+18  0.270  0.445  1.00000e+11
OBS: 6000328  53715.609    27.28   2.8006e+03   2.6754e+03   1.3494e+03   1  H  0.01  1   H  2.38228e+18  0.250  0.665  1.00000e+11
OBS: 6000328  53721.578    33.25   3.0859e+03   3.4454e+03   4.4053e+02   1  H  0.57  1   H  2.71833e+18  0.118  -1.369  1.00000e+11
OBS: 6000328  53721.590    33.26   3.0861e+03   2.5485e+03   3.9960e+02   1  H  1.77  1   H  2.01015e+18  0.118  -1.374  1.00000e+11
OBS: 6000328  53629.328   -59.00   0.0000e+00   0.0000e+00   0.0000e+00   0  H  0.00  1   !  -9.99000e+02  -99.000  -99.000  -999
OBS: 6000328  53631.328   -57.00   0.0000e+00   0.0000e+00   0.0000e+00   0  H  0.00  1   !  -9.99000e+02  -99.000  -99.000  -999
OBS: 6000328  53633.328   -55.00   0.0000e+00   0.0000e+00   0.0000e+00   0  H  0.00  1   !  -9.99000e+02  -99.000  -99.000  -999
OBS: 6000328  53635.328   -53.00   0.0000e+00   0.0000e+00   0.0000e+00   0  H  0.00  1   !  -9.99000e+02  -99.000  -99.000  -999
OBS: 6000328  53637.328   -51.00   0.0000e+00   0.0000e+00   0.0000e+00   0  H  0.00  1   !  -9.99000e+02  -99.000  -99.000  -999
OBS: 6000328  53639.328   -49.00   0.0000e+00   0.0000e+00   0.0000e+00   0  H  0.00  1   !  -9.99000e+02  -99.000  -99.000  -999
OBS: 6000328  53641.328   -47.00   0.0000e+00   0.0000e+00   0.0000e+00   0  H  0.00  1   !  -9.99000e+02  -99.000  -99.000  -999
OBS: 6000328  53643.328   -45.00   0.0000e+00   0.0000e+00   0.0000e+00   0  H  0.00  1   !  -9.99000e+02  -99.000  -99.000  -999
OBS: 6000328  53645.328   -43.00   0.0000e+00   0.0000e+00   0.0000e+00   0  H  0.00  1   !  -9.99000e+02  -99.000  -99.000  -999
OBS: 6000328  53647.328   -41.00   0.0000e+00   0.0000e+00   0.0000e+00   0  H  0.00  1   !  -9.99000e+02  -99.000  -99.000  -999
OBS: 6000328  53649.328   -39.00   0.0000e+00   0.0000e+00   0.0000e+00   0  H  0.00  1   !  -9.99000e+02  -99.000  -99.000  -999
OBS: 6000328  53651.328   -37.00   0.0000e+00   0.0000e+00   0.0000e+00   0  H  0.00  1   !  -9.99000e+02  -99.000  -99.000  -999
OBS: 6000328  53653.328   -35.00   0.0000e+00   0.0000e+00   0.0000e+00   0  H  0.00  1   !  -9.99000e+02  -99.000  -99.000  -999
OBS: 6000328  53655.328   -33.00   0.0000e+00   0.0000e+00   0.0000e+00   0  H  0.00  1   !  -9.99000e+02  -99.000  -99.000  -999
OBS: 6000328  53657.328   -31.00   0.0000e+00   0.0000e+00   0.0000e+00   0  H  0.00  1   !  -9.99000e+02  -99.000  -99.000  -999
OBS: 6000328  53659.328   -29.00   0.0000e+00   0.0000e+00   0.0000e+00   0  H  0.00  1   !  -9.99000e+02  -99.000  -99.000  -999
OBS: 6000328  53661.328   -27.00   0.0000e+00   0.0000e+00   0.0000e+00   0  H  0.00  1   !  -9.99000e+02  -99.000  -99.000  -999
OBS: 6000328  53663.328   -25.00   0.0000e+00   0.0000e+00   0.0000e+00   0  H  0.00  1   !  -9.99000e+02  -99.000  -99.000  -999
OBS: 6000328  53665.328   -23.00   0.0000e+00   0.0000e+00   0.0000e+00   0  H  0.00  1   !  -9.99000e+02  -99.000  -99.000  -999
OBS: 6000328  53667.328   -21.00   0.0000e+00   5.7279e+02   3.4477e+02   0  H  0.00  1   !  -9.99000e+02  -99.000  -99.000  -999
OBS: 6000328  53669.328   -19.00   0.0000e+00   6.9073e+02   4.1576e+02   0  H  0.00  1   !  -9.99000e+02  -99.000  -99.000  -999
OBS: 6000328  53671.328   -17.00   0.0000e+00   6.9175e+02   4.1637e+02   0  H  0.00  1   !  -9.99000e+02  -99.000  -99.000  -999
OBS: 6000328  53673.328   -15.00   0.0000e+00   1.0037e+03   6.0416e+02   0  H  0.00  1   !  -9.99000e+02  -99.000  -99.000  -999
OBS: 6000328  53675.328   -13.00   0.0000e+00   1.8121e+03   1.8707e+02   0  H  0.00  1   !  -9.99000e+02  -99.000  -99.000  -999
OBS: 6000328  53677.328   -11.00   0.0000e+00   2.6536e+03   1.4801e+02   0  H  0.00  1   !  -9.99000e+02  -99.000  -99.000  -999
OBS: 6000328  53679.328    -9.00   0.0000e+00   3.3744e+03   1.3722e+02   0  H  0.00  1   !  -9.99000e+02  -99.000  -99.000  -999
OBS: 6000328  53681.328    -7.00   0.0000e+00   3.8654e+03   1.2288e+02   0  H  0.00  1   !  -9.99000e+02  -99.000  -99.000  -999
OBS: 6000328  53683.328    -5.00   0.0000e+00   4.0380e+03   1.1746e+02   0  H  0.00  1   !  -9.99000e+02  -99.000  -99.000  -999
OBS: 6000328  53685.328    -3.00   0.0000e+00   3.9271e+03   1.1479e+02   0  H  0.00  1   !  -9.99000e+02  -99.000  -99.000  -999
OBS: 6000328  53687.328    -1.00   0.0000e+00   3.5658e+03   1.1171e+02   0  H  0.00  1   !  -9.99000e+02  -99.000  -99.000  -999
OBS: 6000328  53689.328     1.00   0.0000e+00   3.2356e+03   1.0921e+02   0  H  0.00  1   !  -9.99000e+02  -99.000  -99.000  -999
OBS: 6000328  53691.328     3.00   0.0000e+00   3.0007e+03   1.0977e+02   0  H  0.00  1   !  -9.99000e+02  -99.000  -99.000  -999
OBS: 6000328  53693.328     5.00   0.0000e+00   2.7083e+03   1.0767e+02   0  H  0.00  1   !  -9.99000e+02  -99.000  -99.000  -999
OBS: 6000328  53695.328     7.00   0.0000e+00   2.3935e+03   1.0294e+02   0  H  0.00  1   !  -9.99000e+02  -99.000  -99.000  -999
OBS: 6000328  53697.328     9.00   0.0000e+00   2.1386e+03   9.8023e+01   0  H  0.00  1   !  -9.99000e+02  -99.000  -99.000  -999
OBS: 6000328  53699.328    11.00   0.0000e+00   2.0051e+03   9.0366e+01   0  H  0.00  1   !  -9.99000e+02  -99.000  -99.000  -999
OBS: 6000328  53701.328    13.00   0.0000e+00   1.9700e+03   8.3880e+01   0  H  0.00  1   !  -9.99000e+02  -99.000  -99.000  -999
OBS: 6000328  53703.328    15.00   0.0000e+00   2.0309e+03   8.3167e+01   0  H  0.00  1   !  -9.99000e+02  -99.000  -99.000  -999
OBS: 6000328  53705.328    17.00   0.0000e+00   2.1522e+03   8.6545e+01   0  H  0.00  1   !  -9.99000e+02  -99.000  -99.000  -999
OBS: 6000328  53707.328    19.00   0.0000e+00   2.2969e+03   9.0493e+01   0  H  0.00  1   !  -9.99000e+02  -99.000  -99.000  -999
OBS: 6000328  53709.328    21.00   0.0000e+00   2.4459e+03   9.3598e+01   0  H  0.00  1   !  -9.99000e+02  -99.000  -99.000  -999
OBS: 6000328  53711.328    23.00   0.0000e+00   2.5568e+03   9.4678e+01   0  H  0.00  1   !  -9.99000e+02  -99.000  -99.000  -999
OBS: 6000328  53713.328    25.00   0.0000e+00   2.6681e+03   9.3067e+01   0  H  0.00  1   !  -9.99000e+02  -99.000  -99.000  -999
OBS: 6000328  53715.328    27.00   0.0000e+00   2.7995e+03   8.9247e+01   0  H  0.00  1   !  -9.99000e+02  -99.000  -99.000  -999
OBS: 6000328  53717.328    29.00   0.0000e+00   2.9182e+03   9.0822e+01   0  H  0.00  1   !  -9.99000e+02  -99.000  -99.000  -999
OBS: 6000328  53719.328    31.00   0.0000e+00   3.0323e+03   1.0299e+02   0  H  0.00  1   !  -9.99000e+02  -99.000  -99.000  -999
OBS: 6000328  53721.328    33.00   0.0000e+00   3.0972e+03   1.1605e+02   0  H  0.00  1   !  -9.99000e+02  -99.000  -99.000  -999
OBS: 6000328  53723.328    35.00   0.0000e+00   3.1100e+03   1.2542e+02   0  H  0.00  1   !  -9.99000e+02  -99.000  -99.000  -999
OBS: 6000328  53725.328    37.00   0.0000e+00   3.0300e+03   1.3452e+02   0  H  0.00  1   !  -9.99000e+02  -99.000  -99.000  -999
OBS: 6000328  53727.328    39.00   0.0000e+00   2.8175e+03   1.4420e+02   0  H  0.00  1   !  -9.99000e+02  -99.000  -99.000  -999
OBS: 6000328  53729.328    41.00   0.0000e+00   2.5597e+03   1.4521e+02   0  H  0.00  1   !  -9.99000e+02  -99.000  -99.000  -999
OBS: 6000328  53731.328    43.00   0.0000e+00   2.2379e+03   1.3560e+02   0  H  0.00  1   !  -9.99000e+02  -99.000  -99.000  -999
OBS: 6000328  53733.328    45.00   0.0000e+00   1.9427e+03   1.2489e+02   0  H  0.00  1   !  -9.99000e+02  -99.000  -99.000  -999
OBS: 6000328  53735.328    47.00   0.0000e+00   1.7362e+03   1.1721e+02   0  H  0.00  1   !  -9.99000e+02  -99.000  -99.000  -999
OBS: 6000328  53737.328    49.00   0.0000e+00   1.6043e+03   1.1633e+02   0  H  0.00  1   !  -9.99000e+02  -99.000  -99.000  -999
OBS: 6000328  53739.328    51.00   0.0000e+00   1.4918e+03   1.2590e+02   0  H  0.00  1   !  -9.99000e+02  -99.000  -99.000  -999
OBS: 6000328  53741.328    53.00   0.0000e+00   1.3763e+03   1.4260e+02   0  H  0.00  1   !  -9.99000e+02  -99.000  -99.000  -999
OBS: 6000328  53743.328    55.00   0.0000e+00   1.2632e+03   7.3737e+02   0  H  0.00  1   !  -9.99000e+02  -99.000  -99.000  -999
OBS: 6000328  53745.328    57.00   0.0000e+00   1.1651e+03   7.0130e+02   0  H  0.00  1   !  -9.99000e+02  -99.000  -99.000  -999
OBS: 6000328  53747.328    59.00   0.0000e+00   1.0825e+03   6.5159e+02   0  H  0.00  1   !  -9.99000e+02  -99.000  -99.000  -999
OBS: 6000328  53749.328    61.00   0.0000e+00   1.0074e+03   6.0637e+02   0  H  0.00  1   !  -9.99000e+02  -99.000  -99.000  -999
OBS: 6000328  53751.328    63.00   0.0000e+00   9.4398e+02   5.6819e+02   0  H  0.00  1   !  -9.99000e+02  -99.000  -99.000  -999
OBS: 6000328  53753.328    65.00   0.0000e+00   8.1751e+02   4.9207e+02   0  H  0.00  1   !  -9.99000e+02  -99.000  -99.000  -999
OBS: 6000328  53755.328    67.00   0.0000e+00   6.9551e+02   4.1864e+02   0  H  0.00  1   !  -9.99000e+02  -99.000  -99.000  -999
OBS: 6000328  53757.328    69.00   0.0000e+00   6.0541e+02   3.6440e+02   0  H  0.00  1   !  -9.99000e+02  -99.000  -99.000  -999
OBS: 6000328  53759.328    71.00   0.0000e+00   5.4004e+02   3.2506e+02   0  H  0.00  1   !  -9.99000e+02  -99.000  -99.000  -999
OBS: 6000328  53761.328    73.00   0.0000e+00   4.9274e+02   2.9659e+02   0  H  0.00  1   !  -9.99000e+02  -99.000  -99.000  -999
OBS: 6000328  53763.328    75.00   0.0000e+00   4.5482e+02   2.7376e+02   0  H  0.00  1   !  -9.99000e+02  -99.000  -99.000  -999
OBS: 6000328  53765.328    77.00   0.0000e+00   4.1830e+02   2.5178e+02   0  H  0.00  1   !  -9.99000e+02  -99.000  -99.000  -999
OBS: 6000328  53767.328    79.00   0.0000e+00   3.8616e+02   2.3244e+02   0  H  0.00  1   !  -9.99000e+02  -99.000  -99.000  -999
OBS: 6000328  53769.328    81.00   0.0000e+00   3.6183e+02   2.1779e+02   0  H  0.00  1   !  -9.99000e+02  -99.000  -99.000  -999
OBS: 6000328  53771.328    83.00   0.0000e+00   3.3915e+02   2.0414e+02   0  H  0.00  1   !  -9.99000e+02  -99.000  -99.000  -999
OBS: 6000328  53773.328    85.00   0.0000e+00   3.1801e+02   1.9141e+02   0  H  0.00  1   !  -9.99000e+02  -99.000  -99.000  -999
OBS: 6000328  53775.328    87.00   0.0000e+00   2.9838e+02   1.7960e+02   0  H  0.00  1   !  -9.99000e+02  -99.000  -99.000  -999
OBS: 6000328  53777.328    89.00   0.0000e+00   2.8025e+02   1.6868e+02   0  H  0.00  1   !  -9.99000e+02  -99.000  -99.000  -999
OBS: 6000328  53779.328    91.00   0.0000e+00   2.6268e+02   1.5811e+02   0  H  0.00  1   !  -9.99000e+02  -99.000  -99.000  -999
OBS: 6000328  53781.328    93.00   0.0000e+00   2.4541e+02   1.4772e+02   0  H  0.00  1   !  -9.99000e+02  -99.000  -99.000  -999
OBS: 6000328  53783.328    95.00   0.0000e+00   2.2929e+02   1.3801e+02   0  H  0.00  1   !  -9.99000e+02  -99.000  -99.000  -999
OBS: 6000328  53785.328    97.00   0.0000e+00   2.1422e+02   1.2894e+02   0  H  0.00  1   !  -9.99000e+02  -99.000  -99.000  -999
OBS: 6000328  53787.328    99.00   0.0000e+00   2.0013e+02   1.2046e+02   0  H  0.00  1   !  -9.99000e+02  -99.000  -99.000  -999
OBS: 6000328  53789.328   101.00   0.0000e+00   1.8698e+02   1.1254e+02   0  H  0.00  1   !  -9.99000e+02  -99.000  -99.000  -999
OBS: 6000328  53791.328   103.00   0.0000e+00   1.7468e+02   1.0514e+02   0  H  0.00  1   !  -9.99000e+02  -99.000  -99.000  -999
OBS: 6000328  53793.328   105.00   0.0000e+00   1.6320e+02   9.8230e+01   0  H  0.00  1   !  -9.99000e+02  -99.000  -99.000  -999
OBS: 6000328  53795.328   107.00   0.0000e+00   1.5247e+02   9.1771e+01   0  H  0.00  1   !  -9.99000e+02  -99.000  -99.000  -999
OBS: 6000328  53797.328   109.00   0.0000e+00   1.4244e+02   8.5736e+01   0  H  0.00  1   !  -9.99000e+02  -99.000  -99.000  -999
OBS: 6000328  53799.328   111.00   0.0000e+00   1.3307e+02   8.0097e+01   0  H  0.00  1   !  -9.99000e+02  -99.000  -99.000  -999
OBS: 6000328  53801.328   113.00   0.0000e+00   1.2432e+02   7.4829e+01   0  H  0.00  1   !  -9.99000e+02  -99.000  -99.000  -999
OBS: 6000328  53803.328   115.00   0.0000e+00   1.1614e+02   6.9908e+01   0  H  0.00  1   !  -9.99000e+02  -99.000  -99.000  -999
OBS: 6000328  53805.328   117.00   0.0000e+00   1.0850e+02   6.5309e+01   0  H  0.00  1   !  -9.99000e+02  -99.000  -99.000  -999
OBS: 6000328  53807.328   119.00   0.0000e+00   1.0137e+02   6.1013e+01   0  H  0.00  1   !  -9.99000e+02  -99.000  -99.000  -999
OBS: 6000328  53809.328   121.00   0.0000e+00   9.4698e+01   5.7000e+01   0  H  0.00  1   !  -9.99000e+02  -99.000  -99.000  -999
OBS: 6000328  53811.328   123.00   0.0000e+00   8.8468e+01   5.3250e+01   0  H  0.00  1   !  -9.99000e+02  -99.000  -99.000  -999
OBS: 6000328  53813.328   125.00   0.0000e+00   8.2647e+01   4.9746e+01   0  H  0.00  1   !  -9.99000e+02  -99.000  -99.000  -999
OBS: 6000328  53815.328   127.00   0.0000e+00   7.7209e+01   4.6473e+01   0  H  0.00  1   !  -9.99000e+02  -99.000  -99.000  -999
OBS: 6000328  53817.328   129.00   0.0000e+00   7.2129e+01   4.3415e+01   0  H  0.00  1   !  -9.99000e+02  -99.000  -99.000  -999
OBS: 6000328  53819.328   131.00   0.0000e+00   6.7383e+01   4.0558e+01   0  H  0.00  1   !  -9.99000e+02  -99.000  -99.000  -999
OBS: 6000328  53821.328   133.00   0.0000e+00   6.2948e+01   3.7889e+01   0  H  0.00  1   !  -9.99000e+02  -99.000  -99.000  -999
OBS: 6000328  53823.328   135.00   0.0000e+00   5.8806e+01   3.5396e+01   0  H  0.00  1   !  -9.99000e+02  -99.000  -99.000  -999
OBS: 6000328  53825.328   137.00   0.0000e+00   5.4935e+01   3.3066e+01   0  H  0.00  1   !  -9.99000e+02  -99.000  -99.000  -999
OBS: 6000328  53827.328   139.00   0.0000e+00   5.1320e+01   3.0890e+01   0  H  0.00  1   !  -9.99000e+02  -99.000  -99.000  -999
