VARNAMES: CID MJD Tobs SIM_FLUXCAL FLUXCAL FLUXCAL_ERR DATAFLAG BAND CHI2 IFIT BAND_REST FLUX_REST KCOR AVWARP SIM_FLUX_REST 
OBS: 6000333  53982.629   -12.03   4.3169e+03   4.4724e+03   5.4398e+02   1  J  0.62  1   J  2.39063e+18  -0.078  4.010  1.00000e+11
OBS: 6000333  53982.629   -12.03   4.3169e+03   4.5631e+03   5.5893e+02   1  J  0.85  1   J  2.43911e+18  -0.078  4.010  1.00000e+11
OBS: 6000333  53987.871    -6.79   6.2728e+03   5.6630e+03   7.4488e+02   1  J  0.07  1   J  2.99171e+18  -0.091  1.167  1.00000e+11
OBS: 6000333  53987.879    -6.78   6.2741e+03   5.2154e+03   6.5003e+02   1  J  0.95  1   J  2.75510e+18  -0.091  1.164  1.00000e+11
OBS: 6000333  53993.660    -1.00   5.8325e+03   5.4126e+03   5.8667e+02   1  J  0.00  1   J  2.78005e+18  -0.121  0.136  1.00000e+11
OBS: 6000333  53993.672    -0.99   5.8291e+03   6.6986e+03   5.3598e+02   1  J  5.20  1   J  3.44055e+18  -0.121  0.135  1.00000e+11
OBS: 6000333  53995.691     1.03   5.0711e+03   5.9363e+03   5.2799e+02   1  J  4.90  1   J  3.09036e+18  -0.107  0.078  1.00000e+11
OBS: 6000333  53995.699     1.04   5.0671e+03   3.9684e+03   4.6825e+02   1  J  2.49  1   J  2.06616e+18  -0.106  0.078  1.00000e+11
OBS: 6000333  53999.809     5.15   3.4659e+03   3.5679e+03   4.9780e+02   1  J  0.42  1   J  1.86109e+18  -0.104  0.536  1.00000e+11
OBS: 6000333  53999.820     5.16   3.4626e+03   3.3747e+03   4.7103e+02   1  J  0.08  1   J  1.76014e+18  -0.105  0.539  1.00000e+11
OBS: 6000333  54002.621     7.96   2.5388e+03   3.0894e+03   4.7508e+02   1  J  2.14  1   J  1.58070e+18  -0.125  1.144  1.00000e+11
OBS: 6000333  54002.629     7.97   2.5359e+03   2.4913e+03   5.2736e+02   1  J  0.05  1   J  1.27461e+18  -0.125  1.145  1.00000e+11
OBS: 6000333  54006.621    11.96   1.7544e+03   9.7966e+02   6.1064e+02   1  J  1.10  1   J  4.95456e+17  -0.138  1.548  1.00000e+11
OBS: 6000333  54006.629    11.97   1.7535e+03   1.3850e+03   5.0191e+02   1  J  0.23  1   J  7.00420e+17  -0.138  1.549  1.00000e+11
OBS: 6000333  54009.621    14.96   1.6852e+03   1.0616e+03   5.6397e+02   1  J  0.78  1   J  5.13508e+17  -0.186  2.121  1.00000e+11
OBS: 6000333  54009.641    14.98   1.6857e+03   1.8703e+03   5.7420e+02   1  J  0.25  1   J  9.04622e+17  -0.186  2.127  1.00000e+11
OBS: 6000333  54013.648    18.99   1.8149e+03   1.3595e+03   5.0967e+02   1  J  0.41  1   J  6.51435e+17  -0.197  2.648  1.00000e+11
OBS: 6000333  54013.660    19.00   1.8152e+03   2.1536e+03   4.8822e+02   1  J  0.82  1   J  1.03189e+18  -0.197  2.645  1.00000e+11
OBS: 6000333  54015.621    20.96   1.8860e+03   2.7290e+03   6.6059e+02   1  J  2.05  1   J  1.27687e+18  -0.222  2.095  1.00000e+11
OBS: 6000333  54015.629    20.97   1.8864e+03   9.8468e+02   6.6129e+02   1  J  1.32  1   J  4.60648e+17  -0.223  2.092  1.00000e+11
OBS: 6000333  54021.680    27.02   2.3595e+03   2.8227e+03   4.9367e+02   1  J  1.43  1   J  1.17960e+18  -0.345  0.870  1.00000e+11
OBS: 6000333  54021.691    27.03   2.3605e+03   2.0635e+03   4.8159e+02   1  J  0.08  1   J  8.62189e+17  -0.345  0.869  1.00000e+11
OBS: 6000333  54024.570    29.91   2.6212e+03   2.9971e+03   5.4182e+02   1  J  0.92  1   J  1.25815e+18  -0.340  1.170  1.00000e+11
OBS: 6000333  54024.578    29.92   2.6222e+03   2.4855e+03   4.8060e+02   1  J  0.00  1   J  1.04349e+18  -0.340  1.173  1.00000e+11
OBS: 6000333  54030.648    35.99   3.1370e+03   3.0857e+03   3.9086e+02   1  J  0.11  1   J  1.31672e+18  -0.323  3.209  1.00000e+11
OBS: 6000333  54030.660    36.00   3.1367e+03   3.3308e+03   3.2978e+02   1  J  0.90  1   J  1.42109e+18  -0.323  3.208  1.00000e+11
OBS: 6000333  54037.699    43.04   1.9244e+03   3.0097e+03   4.2321e+02   1  J  6.83  1   J  1.12191e+18  -0.469  -0.365  1.00000e+11
OBS: 6000333  54037.711    43.05   1.9224e+03   1.7894e+03   4.1444e+02   1  J  0.00  1   J  6.66844e+17  -0.470  -0.373  1.00000e+11
OBS: 6000333  54039.691    45.03   1.5952e+03   2.6304e+03   4.4950e+02   1  J  5.72  1   J  9.37374e+17  -0.518  -1.618  1.00000e+11
OBS: 6000333  54039.711    45.05   1.5926e+03   1.8637e+03   4.1529e+02   1  J  0.71  1   J  6.63888e+17  -0.519  -1.628  1.00000e+11
OBS: 6000333  54041.551    46.89   1.4408e+03   1.9175e+03   5.6298e+02   1  J  0.94  1   J  6.73037e+17  -0.535  -1.879  1.00000e+11
OBS: 6000333  54041.559    46.90   1.4402e+03   6.1783e+02   6.3274e+02   1  J  1.23  1   J  2.16844e+17  -0.535  -1.879  1.00000e+11
OBS: 6000333  54045.602    50.94   1.2518e+03   6.7437e+02   3.4528e+02  -1  J  0.91  1   !  -9.99000e+02  -99.000  -99.000  -999
OBS: 6000333  54045.609    50.95   1.2512e+03   7.7805e+02   4.0100e+02  -1  J  0.49  1   !  -9.99000e+02  -99.000  -99.000  -999
OBS: 6000333  53935.656   -59.00   0.0000e+00   0.0000e+00   0.0000e+00   0  J  0.00  1   !  -9.99000e+02  -99.000  -99.000  -999
OBS: 6000333  53937.656   -57.00   0.0000e+00   0.0000e+00   0.0000e+00   0  J  0.00  1   !  -9.99000e+02  -99.000  -99.000  -999
OBS: 6000333  53939.656   -55.00   0.0000e+00   0.0000e+00   0.0000e+00   0  J  0.00  1   !  -9.99000e+02  -99.000  -99.000  -999
OBS: 6000333  53941.656   -53.00   0.0000e+00   0.0000e+00   0.0000e+00   0  J  0.00  1   !  -9.99000e+02  -99.000  -99.000  -999
OBS: 6000333  53943.656   -51.00   0.0000e+00   0.0000e+00   0.0000e+00   0  J  0.00  1   !  -9.99000e+02  -99.000  -99.000  -999
OBS: 6000333  53945.656   -49.00   0.0000e+00   0.0000e+00   0.0000e+00   0  J  0.00  1   !  -9.99000e+02  -99.000  -99.000  -999
OBS: 6000333  53947.656   -47.00   0.0000e+00   0.0000e+00   0.0000e+00   0  J  0.00  1   !  -9.99000e+02  -99.000  -99.000  -999
OBS: 6000333  53949.656   -45.00   0.0000e+00   0.0000e+00   0.0000e+00   0  J  0.00  1   !  -9.99000e+02  -99.000  -99.000  -999
OBS: 6000333  53951.656   -43.00   0.0000e+00   0.0000e+00   0.0000e+00   0  J  0.00  1   !  -9.99000e+02  -99.000  -99.000  -999
OBS: 6000333  53953.656   -41.00   0.0000e+00   0.0000e+00   0.0000e+00   0  J  0.00  1   !  -9.99000e+02  -99.000  -99.000  -999
OBS: 6000333  53955.656   -39.00   0.0000e+00   0.0000e+00   0.0000e+00   0  J  0.00  1   !  -9.99000e+02  -99.000  -99.000  -999
OBS: 6000333  53957.656   -37.00   0.0000e+00   0.0000e+00   0.0000e+00   0  J  0.00  1   !  -9.99000e+02  -99.000  -99.000  -999
OBS: 6000333  53959.656   -35.00   0.0000e+00   0.0000e+00   0.0000e+00   0  J  0.00  1   !  -9.99000e+02  -99.000  -99.000  -999
OBS: 6000333  53961.656   -33.00   0.0000e+00   0.0000e+00   0.0000e+00   0  J  0.00  1   !  -9.99000e+02  -99.000  -99.000  -999
OBS: 6000333  53963.656   -31.00   0.0000e+00   0.0000e+00   0.0000e+00   0  J  0.00  1   !  -9.99000e+02  -99.000  -99.000  -999
OBS: 6000333  53965.656   -29.00   0.0000e+00   0.0000e+00   0.0000e+00   0  J  0.00  1   !  -9.99000e+02  -99.000  -99.000  -999
OBS: 6000333  53967.656   -27.00   0.0000e+00   0.0000e+00   0.0000e+00   0  J  0.00  1   !  -9.99000e+02  -99.000  -99.000  -999
OBS: 6000333  53969.656   -25.00   0.0000e+00   0.0000e+00   0.0000e+00   0  J  0.00  1   !  -9.99000e+02  -99.000  -99.000  -999
OBS: 6000333  53971.656   -23.00   0.0000e+00   0.0000e+00   0.0000e+00   0  J  0.00  1   !  -9.99000e+02  -99.000  -99.000  -999
OBS: 6000333  53973.656   -21.00   0.0000e+00   1.5278e+03   9.1957e+02   0  J  0.00  1   !  -9.99000e+02  -99.000  -99.000  -999
OBS: 6000333  53975.656   -19.00   0.0000e+00   1.6501e+03   9.9319e+02   0  J  0.00  1   !  -9.99000e+02  -99.000  -99.000  -999
OBS: 6000333  53977.656   -17.00   0.0000e+00   1.6639e+03   1.0015e+03   0  J  0.00  1   !  -9.99000e+02  -99.000  -99.000  -999
OBS: 6000333  53979.656   -15.00   0.0000e+00   2.0720e+03   6.2702e+02   0  J  0.00  1   !  -9.99000e+02  -99.000  -99.000  -999
OBS: 6000333  53981.656   -13.00   0.0000e+00   3.3901e+03   1.5450e+02   0  J  0.00  1   !  -9.99000e+02  -99.000  -99.000  -999
OBS: 6000333  53983.656   -11.00   0.0000e+00   4.6333e+03   1.3144e+02   0  J  0.00  1   !  -9.99000e+02  -99.000  -99.000  -999
OBS: 6000333  53985.656    -9.00   0.0000e+00   5.4379e+03   1.5014e+02   0  J  0.00  1   !  -9.99000e+02  -99.000  -99.000  -999
OBS: 6000333  53987.656    -7.00   0.0000e+00   5.8333e+03   1.2838e+02   0  J  0.00  1   !  -9.99000e+02  -99.000  -99.000  -999
OBS: 6000333  53989.656    -5.00   0.0000e+00   5.9902e+03   1.1361e+02   0  J  0.00  1   !  -9.99000e+02  -99.000  -99.000  -999
OBS: 6000333  53991.656    -3.00   0.0000e+00   5.8475e+03   1.2442e+02   0  J  0.00  1   !  -9.99000e+02  -99.000  -99.000  -999
OBS: 6000333  53993.656    -1.00   0.0000e+00   5.4483e+03   1.2483e+02   0  J  0.00  1   !  -9.99000e+02  -99.000  -99.000  -999
OBS: 6000333  53995.656     1.00   0.0000e+00   4.7485e+03   1.2388e+02   0  J  0.00  1   !  -9.99000e+02  -99.000  -99.000  -999
OBS: 6000333  53997.656     3.00   0.0000e+00   3.9612e+03   1.1931e+02   0  J  0.00  1   !  -9.99000e+02  -99.000  -99.000  -999
OBS: 6000333  53999.656     5.00   0.0000e+00   3.2840e+03   1.1671e+02   0  J  0.00  1   !  -9.99000e+02  -99.000  -99.000  -999
OBS: 6000333  54001.656     7.00   0.0000e+00   2.6516e+03   1.1618e+02   0  J  0.00  1   !  -9.99000e+02  -99.000  -99.000  -999
OBS: 6000333  54003.656     9.00   0.0000e+00   2.1144e+03   1.3313e+02   0  J  0.00  1   !  -9.99000e+02  -99.000  -99.000  -999
OBS: 6000333  54005.656    11.00   0.0000e+00   1.7510e+03   1.4558e+02   0  J  0.00  1   !  -9.99000e+02  -99.000  -99.000  -999
OBS: 6000333  54007.656    13.00   0.0000e+00   1.5773e+03   1.4065e+02   0  J  0.00  1   !  -9.99000e+02  -99.000  -99.000  -999
OBS: 6000333  54009.656    15.00   0.0000e+00   1.5751e+03   1.3698e+02   0  J  0.00  1   !  -9.99000e+02  -99.000  -99.000  -999
OBS: 6000333  54011.656    17.00   0.0000e+00   1.6281e+03   1.2490e+02   0  J  0.00  1   !  -9.99000e+02  -99.000  -99.000  -999
OBS: 6000333  54013.656    19.00   0.0000e+00   1.6957e+03   1.2613e+02   0  J  0.00  1   !  -9.99000e+02  -99.000  -99.000  -999
OBS: 6000333  54015.656    21.00   0.0000e+00   1.7635e+03   1.4248e+02   0  J  0.00  1   !  -9.99000e+02  -99.000  -99.000  -999
OBS: 6000333  54017.656    23.00   0.0000e+00   1.8900e+03   1.5457e+02   0  J  0.00  1   !  -9.99000e+02  -99.000  -99.000  -999
OBS: 6000333  54019.656    25.00   0.0000e+00   2.0402e+03   1.5454e+02   0  J  0.00  1   !  -9.99000e+02  -99.000  -99.000  -999
OBS: 6000333  54021.656    27.00   0.0000e+00   2.2029e+03   1.5491e+02   0  J  0.00  1   !  -9.99000e+02  -99.000  -99.000  -999
OBS: 6000333  54023.656    29.00   0.0000e+00   2.3715e+03   1.6679e+02   0  J  0.00  1   !  -9.99000e+02  -99.000  -99.000  -999
OBS: 6000333  54025.656    31.00   0.0000e+00   2.5503e+03   1.9435e+02   0  J  0.00  1   !  -9.99000e+02  -99.000  -99.000  -999
OBS: 6000333  54027.656    33.00   0.0000e+00   2.7524e+03   2.2981e+02   0  J  0.00  1   !  -9.99000e+02  -99.000  -99.000  -999
OBS: 6000333  54029.656    35.00   0.0000e+00   2.9184e+03   2.5522e+02   0  J  0.00  1   !  -9.99000e+02  -99.000  -99.000  -999
OBS: 6000333  54031.656    37.00   0.0000e+00   2.8830e+03   2.7092e+02   0  J  0.00  1   !  -9.99000e+02  -99.000  -99.000  -999
OBS: 6000333  54033.656    39.00   0.0000e+00   2.6140e+03   2.7224e+02   0  J  0.00  1   !  -9.99000e+02  -99.000  -99.000  -999
OBS: 6000333  54035.656    41.00   0.0000e+00   2.2233e+03   2.3322e+02   0  J  0.00  1   !  -9.99000e+02  -99.000  -99.000  -999
OBS: 6000333  54037.656    43.00   0.0000e+00   1.8059e+03   1.9090e+02   0  J  0.00  1   !  -9.99000e+02  -99.000  -99.000  -999
OBS: 6000333  54039.656    45.00   0.0000e+00   1.4944e+03   1.5938e+02   0  J  0.00  1   !  -9.99000e+02  -99.000  -99.000  -999
OBS: 6000333  54041.656    47.00   0.0000e+00   1.3402e+03   1.7509e+02   0  J  0.00  1   !  -9.99000e+02  -99.000  -99.000  -999
OBS: 6000333  54043.656    49.00   0.0000e+00   1.2564e+03   2.7439e+02   0  J  0.00  1   !  -9.99000e+02  -99.000  -99.000  -999
OBS: 6000333  54045.656    51.00   0.0000e+00   1.1668e+03   3.9105e+02   0  J  0.00  1   !  -9.99000e+02  -99.000  -99.000  -999
OBS: 6000333  54047.656    53.00   0.0000e+00   1.0673e+03   5.3951e+02   0  J  0.00  1   !  -9.99000e+02  -99.000  -99.000  -999
OBS: 6000333  54049.656    55.00   0.0000e+00   9.8171e+02   5.9090e+02   0  J  0.00  1   !  -9.99000e+02  -99.000  -99.000  -999
OBS: 6000333  54051.656    57.00   0.0000e+00   8.9470e+02   5.3853e+02   0  J  0.00  1   !  -9.99000e+02  -99.000  -99.000  -999
OBS: 6000333  54053.656    59.00   0.0000e+00   8.1319e+02   4.8947e+02   0  J  0.00  1   !  -9.99000e+02  -99.000  -99.000  -999
OBS: 6000333  54055.656    61.00   0.0000e+00   7.4177e+02   4.4648e+02   0  J  0.00  1   !  -9.99000e+02  -99.000  -99.000  -999
OBS: 6000333  54057.656    63.00   0.0000e+00   6.8756e+02   4.1385e+02   0  J  0.00  1   !  -9.99000e+02  -99.000  -99.000  -999
OBS: 6000333  54059.656    65.00   0.0000e+00   5.7399e+02   3.4549e+02   0  J  0.00  1   !  -9.99000e+02  -99.000  -99.000  -999
OBS: 6000333  54061.656    67.00   0.0000e+00   4.9337e+02   2.9696e+02   0  J  0.00  1   !  -9.99000e+02  -99.000  -99.000  -999
OBS: 6000333  54063.656    69.00   0.0000e+00   4.3390e+02   2.6117e+02   0  J  0.00  1   !  -9.99000e+02  -99.000  -99.000  -999
OBS: 6000333  54065.656    71.00   0.0000e+00   3.8607e+02   2.3238e+02   0  J  0.00  1   !  -9.99000e+02  -99.000  -99.000  -999
OBS: 6000333  54067.656    73.00   0.0000e+00   3.4451e+02   2.0736e+02   0  J  0.00  1   !  -9.99000e+02  -99.000  -99.000  -999
OBS: 6000333  54069.656    75.00   0.0000e+00   3.0460e+02   1.8334e+02   0  J  0.00  1   !  -9.99000e+02  -99.000  -99.000  -999
OBS: 6000333  54071.656    77.00   0.0000e+00   2.6800e+02   1.6131e+02   0  J  0.00  1   !  -9.99000e+02  -99.000  -99.000  -999
OBS: 6000333  54073.656    79.00   0.0000e+00   2.4389e+02   1.4680e+02   0  J  0.00  1   !  -9.99000e+02  -99.000  -99.000  -999
OBS: 6000333  54075.656    81.00   0.0000e+00   2.2693e+02   1.3659e+02   0  J  0.00  1   !  -9.99000e+02  -99.000  -99.000  -999
OBS: 6000333  54077.656    83.00   0.0000e+00   2.1121e+02   1.2713e+02   0  J  0.00  1   !  -9.99000e+02  -99.000  -99.000  -999
OBS: 6000333  54079.656    85.00   0.0000e+00   1.9662e+02   1.1835e+02   0  J  0.00  1   !  -9.99000e+02  -99.000  -99.000  -999
OBS: 6000333  54081.656    87.00   0.0000e+00   1.8281e+02   1.1004e+02   0  J  0.00  1   !  -9.99000e+02  -99.000  -99.000  -999
OBS: 6000333  54083.656    89.00   0.0000e+00   1.6962e+02   1.0209e+02   0  J  0.00  1   !  -9.99000e+02  -99.000  -99.000  -999
OBS: 6000333  54085.656    91.00   0.0000e+00   1.5895e+02   9.5672e+01   0  J  0.00  1   !  -9.99000e+02  -99.000  -99.000  -999
OBS: 6000333  54087.656    93.00   0.0000e+00   1.4921e+02   8.9811e+01   0  J  0.00  1   !  -9.99000e+02  -99.000  -99.000  -999
OBS: 6000333  54089.656    95.00   0.0000e+00   1.4007e+02   8.4310e+01   0  J  0.00  1   !  -9.99000e+02  -99.000  -99.000  -999
OBS: 6000333  54091.656    97.00   0.0000e+00   1.3149e+02   7.9145e+01   0  J  0.00  1   !  -9.99000e+02  -99.000  -99.000  -999
OBS: 6000333  54093.656    99.00   0.0000e+00   1.2344e+02   7.4297e+01   0  J  0.00  1   !  -9.99000e+02  -99.000  -99.000  -999
OBS: 6000333  54095.656   101.00   0.0000e+00   1.1587e+02   6.9746e+01   0  J  0.00  1   !  -9.99000e+02  -99.000  -99.000  -999
OBS: 6000333  54097.656   103.00   0.0000e+00   1.0878e+02   6.5474e+01   0  J  0.00  1   !  -9.99000e+02  -99.000  -99.000  -999
OBS: 6000333  54099.656   105.00   0.0000e+00   1.0211e+02   6.1463e+01   0  J  0.00  1   !  -9.99000e+02  -99.000  -99.000  -999
OBS: 6000333  54101.656   107.00   0.0000e+00   9.5859e+01   5.7698e+01   0  J  0.00  1   !  -9.99000e+02  -99.000  -99.000  -999
OBS: 6000333  54103.656   109.00   0.0000e+00   8.9987e+01   5.4164e+01   0  J  0.00  1   !  -9.99000e+02  -99.000  -99.000  -999
OBS: 6000333  54105.656   111.00   0.0000e+00   8.4475e+01   5.0846e+01   0  J  0.00  1   !  -9.99000e+02  -99.000  -99.000  -999
OBS: 6000333  54107.656   113.00   0.0000e+00   7.9300e+01   4.7732e+01   0  J  0.00  1   !  -9.99000e+02  -99.000  -99.000  -999
OBS: 6000333  54109.656   115.00   0.0000e+00   7.4443e+01   4.4808e+01   0  J  0.00  1   !  -9.99000e+02  -99.000  -99.000  -999
OBS: 6000333  54111.656   117.00   0.0000e+00   6.9883e+01   4.2063e+01   0  J  0.00  1   !  -9.99000e+02  -99.000  -99.000  -999
OBS: 6000333  54113.656   119.00   0.0000e+00   6.5602e+01   3.9487e+01   0  J  0.00  1   !  -9.99000e+02  -99.000  -99.000  -999
OBS: 6000333  54115.656   121.00   0.0000e+00   6.1583e+01   3.7068e+01   0  J  0.00  1   !  -9.99000e+02  -99.000  -99.000  -999
OBS: 6000333  54117.656   123.00   0.0000e+00   5.7811e+01   3.4797e+01   0  J  0.00  1   !  -9.99000e+02  -99.000  -99.000  -999
OBS: 6000333  54119.656   125.00   0.0000e+00   5.4270e+01   3.2666e+01   0  J  0.00  1   !  -9.99000e+02  -99.000  -99.000  -999
OBS: 6000333  54121.656   127.00   0.0000e+00   5.0946e+01   3.0665e+01   0  J  0.00  1   !  -9.99000e+02  -99.000  -99.000  -999
OBS: 6000333  54123.656   129.00   0.0000e+00   4.7825e+01   2.8786e+01   0  J  0.00  1   !  -9.99000e+02  -99.000  -99.000  -999
OBS: 6000333  54125.656   131.00   0.0000e+00   4.4895e+01   2.7023e+01   0  J  0.00  1   !  -9.99000e+02  -99.000  -99.000  -999
OBS: 6000333  54127.656   133.00   0.0000e+00   4.2145e+01   2.5368e+01   0  J  0.00  1   !  -9.99000e+02  -99.000  -99.000  -999
OBS: 6000333  54129.656   135.00   0.0000e+00   3.9564e+01   2.3814e+01   0  J  0.00  1   !  -9.99000e+02  -99.000  -99.000  -999
OBS: 6000333  54131.656   137.00   0.0000e+00   3.7140e+01   2.2355e+01   0  J  0.00  1   !  -9.99000e+02  -99.000  -99.000  -999
OBS: 6000333  54133.656   139.00   0.0000e+00   3.4865e+01   2.0986e+01   0  J  0.00  1   !  -9.99000e+02  -99.000  -99.000  -999
OBS: 6000333  53982.629   -12.03   2.6574e+03   1.9457e+03   5.9465e+02   1  Y  1.66  1   Y  1.02883e+18  -0.090  -0.407  1.00000e+11
OBS: 6000333  53982.629   -12.03   2.6574e+03   2.9778e+03   5.3490e+02   1  Y  0.17  1   Y  1.57459e+18  -0.090  -0.407  1.00000e+11
OBS: 6000333  53987.871    -6.79   5.0689e+03   4.9474e+03   4.8263e+02   1  Y  0.33  1   Y  2.40342e+18  -0.182  -0.866  1.00000e+11
OBS: 6000333  53987.879    -6.78   5.0717e+03   4.5234e+03   5.8204e+02   1  Y  1.42  1   Y  2.19707e+18  -0.182  -0.867  1.00000e+11
OBS: 6000333  53993.660    -1.00   4.7941e+03   4.2379e+03   3.6945e+02   1  Y  3.17  1   Y  1.99346e+18  -0.217  -1.496  1.00000e+11
OBS: 6000333  53993.672    -0.99   4.7907e+03   5.5461e+03   5.5668e+02   1  Y  1.08  1   Y  2.60899e+18  -0.217  -1.497  1.00000e+11
OBS: 6000333  53995.691     1.03   4.1818e+03   4.3425e+03   4.2836e+02   1  Y  0.00  1   Y  2.04871e+18  -0.213  -1.590  1.00000e+11
OBS: 6000333  53995.699     1.04   4.1791e+03   4.0566e+03   4.3456e+02   1  Y  0.32  1   Y  1.91374e+18  -0.214  -1.590  1.00000e+11
OBS: 6000333  53999.809     5.15   3.3551e+03   3.1561e+03   3.8372e+02   1  Y  0.55  1   Y  1.38332e+18  -0.293  -1.682  1.00000e+11
OBS: 6000333  53999.820     5.16   3.3531e+03   3.9744e+03   4.7253e+02   1  Y  1.06  1   Y  1.74185e+18  -0.294  -1.683  1.00000e+11
OBS: 6000333  54002.621     7.96   2.9183e+03   2.7870e+03   3.9575e+02   1  Y  0.28  1   Y  1.19232e+18  -0.320  -1.914  1.00000e+11
OBS: 6000333  54002.629     7.97   2.9172e+03   3.1666e+03   4.5664e+02   1  Y  0.10  1   Y  1.35457e+18  -0.320  -1.914  1.00000e+11
OBS: 6000333  54006.621    11.96   2.7140e+03   2.6443e+03   3.9623e+02   1  Y  0.13  1   Y  1.12894e+18  -0.322  -1.785  1.00000e+11
OBS: 6000333  54006.629    11.97   2.7140e+03   2.6638e+03   5.6190e+02   1  Y  0.06  1   Y  1.13733e+18  -0.322  -1.784  1.00000e+11
OBS: 6000333  54009.621    14.96   2.8609e+03   2.7892e+03   3.3994e+02   1  Y  0.19  1   Y  1.19688e+18  -0.316  -1.366  1.00000e+11
OBS: 6000333  54009.641    14.98   2.8628e+03   2.6126e+03   4.9404e+02   1  Y  0.43  1   Y  1.12099e+18  -0.317  -1.364  1.00000e+11
OBS: 6000333  54015.621    20.96   3.5822e+03   3.8640e+03   4.4702e+02   1  Y  0.12  1   Y  1.69378e+18  -0.293  -1.043  1.00000e+11
OBS: 6000333  54015.629    20.97   3.5834e+03   2.2837e+03   5.0467e+02   1  Y  7.02  1   Y  1.00122e+18  -0.293  -1.042  1.00000e+11
OBS: 6000333  54021.680    27.02   4.6347e+03   4.5217e+03   5.2167e+02   1  Y  0.23  1   Y  2.11977e+18  -0.220  -0.940  1.00000e+11
OBS: 6000333  54021.691    27.03   4.6376e+03   5.1384e+03   5.7836e+02   1  Y  0.34  1   Y  2.40876e+18  -0.220  -0.940  1.00000e+11
OBS: 6000333  54024.570    29.91   5.2413e+03   4.4780e+03   4.4139e+02   1  Y  3.86  1   Y  2.15255e+18  -0.193  -0.868  1.00000e+11
OBS: 6000333  54024.578    29.92   5.2426e+03   5.1077e+03   4.9682e+02   1  Y  0.33  1   Y  2.45565e+18  -0.193  -0.868  1.00000e+11
OBS: 6000333  54030.648    35.99   5.2888e+03   5.4456e+03   4.4042e+02   1  Y  0.00  1   Y  2.90527e+18  -0.080  -0.659  1.00000e+11
OBS: 6000333  54030.660    36.00   5.2878e+03   6.4396e+03   4.9124e+02   1  Y  3.57  1   Y  3.43625e+18  -0.080  -0.658  1.00000e+11
OBS: 6000333  54037.699    43.04   4.2725e+03   4.9205e+03   4.6080e+02   1  Y  1.09  1   Y  2.68377e+18  -0.056  -0.334  1.00000e+11
OBS: 6000333  54037.711    43.05   4.2704e+03   3.5040e+03   5.4883e+02   1  Y  2.47  1   Y  1.91114e+18  -0.056  -0.334  1.00000e+11
OBS: 6000333  54041.551    46.89   3.6079e+03   3.1772e+03   5.3352e+02   1  Y  0.98  1   Y  1.73148e+18  -0.057  -0.291  1.00000e+11
OBS: 6000333  54041.559    46.90   3.6065e+03   3.5534e+03   3.6727e+02   1  Y  0.18  1   Y  1.93648e+18  -0.057  -0.291  1.00000e+11
OBS: 6000333  54043.629    48.97   3.3054e+03   3.4099e+03   4.3942e+02  -1  Y  0.00  1   !  -9.99000e+02  -99.000  -99.000  -999
OBS: 6000333  54043.641    48.98   3.3039e+03   2.7856e+03   4.6001e+02  -1  Y  1.69  1   !  -9.99000e+02  -99.000  -99.000  -999
OBS: 6000333  54045.602    50.94   2.9970e+03   3.0586e+03   3.1007e+02  -1  Y  0.01  1   !  -9.99000e+02  -99.000  -99.000  -999
OBS: 6000333  54045.609    50.95   2.9953e+03   3.1233e+03   4.4894e+02  -1  Y  0.00  1   !  -9.99000e+02  -99.000  -99.000  -999
OBS: 6000333  54057.559    62.90   1.5436e+03   1.4602e+03   3.3235e+02  -1  Y  0.02  1   !  -9.99000e+02  -99.000  -99.000  -999
OBS: 6000333  54057.578    62.92   1.5426e+03   1.2984e+03   3.3006e+02  -1  Y  0.08  1   !  -9.99000e+02  -99.000  -99.000  -999
OBS: 6000333  53935.656   -59.00   0.0000e+00   0.0000e+00   0.0000e+00   0  Y  0.00  1   !  -9.99000e+02  -99.000  -99.000  -999
OBS: 6000333  53937.656   -57.00   0.0000e+00   0.0000e+00   0.0000e+00   0  Y  0.00  1   !  -9.99000e+02  -99.000  -99.000  -999
OBS: 6000333  53939.656   -55.00   0.0000e+00   0.0000e+00   0.0000e+00   0  Y  0.00  1   !  -9.99000e+02  -99.000  -99.000  -999
OBS: 6000333  53941.656   -53.00   0.0000e+00   0.0000e+00   0.0000e+00   0  Y  0.00  1   !  -9.99000e+02  -99.000  -99.000  -999
OBS: 6000333  53943.656   -51.00   0.0000e+00   0.0000e+00   0.0000e+00   0  Y  0.00  1   !  -9.99000e+02  -99.000  -99.000  -999
OBS: 6000333  53945.656   -49.00   0.0000e+00   0.0000e+00   0.0000e+00   0  Y  0.00  1   !  -9.99000e+02  -99.000  -99.000  -999
OBS: 6000333  53947.656   -47.00   0.0000e+00   0.0000e+00   0.0000e+00   0  Y  0.00  1   !  -9.99000e+02  -99.000  -99.000  -999
OBS: 6000333  53949.656   -45.00   0.0000e+00   0.0000e+00   0.0000e+00   0  Y  0.00  1   !  -9.99000e+02  -99.000  -99.000  -999
OBS: 6000333  53951.656   -43.00   0.0000e+00   0.0000e+00   0.0000e+00   0  Y  0.00  1   !  -9.99000e+02  -99.000  -99.000  -999
OBS: 6000333  53953.656   -41.00   0.0000e+00   0.0000e+00   0.0000e+00   0  Y  0.00  1   !  -9.99000e+02  -99.000  -99.000  -999
OBS: 6000333  53955.656   -39.00   0.0000e+00   0.0000e+00   0.0000e+00   0  Y  0.00  1   !  -9.99000e+02  -99.000  -99.000  -999
OBS: 6000333  53957.656   -37.00   0.0000e+00   0.0000e+00   0.0000e+00   0  Y  0.00  1   !  -9.99000e+02  -99.000  -99.000  -999
OBS: 6000333  53959.656   -35.00   0.0000e+00   0.0000e+00   0.0000e+00   0  Y  0.00  1   !  -9.99000e+02  -99.000  -99.000  -999
OBS: 6000333  53961.656   -33.00   0.0000e+00   0.0000e+00   0.0000e+00   0  Y  0.00  1   !  -9.99000e+02  -99.000  -99.000  -999
OBS: 6000333  53963.656   -31.00   0.0000e+00   0.0000e+00   0.0000e+00   0  Y  0.00  1   !  -9.99000e+02  -99.000  -99.000  -999
OBS: 6000333  53965.656   -29.00   0.0000e+00   0.0000e+00   0.0000e+00   0  Y  0.00  1   !  -9.99000e+02  -99.000  -99.000  -999
OBS: 6000333  53967.656   -27.00   0.0000e+00   0.0000e+00   0.0000e+00   0  Y  0.00  1   !  -9.99000e+02  -99.000  -99.000  -999
OBS: 6000333  53969.656   -25.00   0.0000e+00   0.0000e+00   0.0000e+00   0  Y  0.00  1   !  -9.99000e+02  -99.000  -99.000  -999
OBS: 6000333  53971.656   -23.00   0.0000e+00   0.0000e+00   0.0000e+00   0  Y  0.00  1   !  -9.99000e+02  -99.000  -99.000  -999
OBS: 6000333  53973.656   -21.00   0.0000e+00   8.5178e+02   5.1270e+02   0  Y  0.00  1   !  -9.99000e+02  -99.000  -99.000  -999
OBS: 6000333  53975.656   -19.00   0.0000e+00   8.8939e+02   5.3533e+02   0  Y  0.00  1   !  -9.99000e+02  -99.000  -99.000  -999
OBS: 6000333  53977.656   -17.00   0.0000e+00   8.7973e+02   5.2952e+02   0  Y  0.00  1   !  -9.99000e+02  -99.000  -99.000  -999
OBS: 6000333  53979.656   -15.00   0.0000e+00   1.2104e+03   4.2636e+02   0  Y  0.00  1   !  -9.99000e+02  -99.000  -99.000  -999
OBS: 6000333  53981.656   -13.00   0.0000e+00   2.2289e+03   2.1320e+02   0  Y  0.00  1   !  -9.99000e+02  -99.000  -99.000  -999
OBS: 6000333  53983.656   -11.00   0.0000e+00   3.2970e+03   1.7030e+02   0  Y  0.00  1   !  -9.99000e+02  -99.000  -99.000  -999
OBS: 6000333  53985.656    -9.00   0.0000e+00   4.2997e+03   1.6386e+02   0  Y  0.00  1   !  -9.99000e+02  -99.000  -99.000  -999
OBS: 6000333  53987.656    -7.00   0.0000e+00   5.1722e+03   1.4845e+02   0  Y  0.00  1   !  -9.99000e+02  -99.000  -99.000  -999
OBS: 6000333  53989.656    -5.00   0.0000e+00   5.5871e+03   1.4841e+02   0  Y  0.00  1   !  -9.99000e+02  -99.000  -99.000  -999
OBS: 6000333  53991.656    -3.00   0.0000e+00   5.5308e+03   1.5944e+02   0  Y  0.00  1   !  -9.99000e+02  -99.000  -99.000  -999
OBS: 6000333  53993.656    -1.00   0.0000e+00   4.9501e+03   1.5073e+02   0  Y  0.00  1   !  -9.99000e+02  -99.000  -99.000  -999
OBS: 6000333  53995.656     1.00   0.0000e+00   4.3263e+03   1.4582e+02   0  Y  0.00  1   !  -9.99000e+02  -99.000  -99.000  -999
OBS: 6000333  53997.656     3.00   0.0000e+00   3.9052e+03   1.5368e+02   0  Y  0.00  1   !  -9.99000e+02  -99.000  -99.000  -999
OBS: 6000333  53999.656     5.00   0.0000e+00   3.4961e+03   1.5522e+02   0  Y  0.00  1   !  -9.99000e+02  -99.000  -99.000  -999
OBS: 6000333  54001.656     7.00   0.0000e+00   3.1371e+03   1.5652e+02   0  Y  0.00  1   !  -9.99000e+02  -99.000  -99.000  -999
OBS: 6000333  54003.656     9.00   0.0000e+00   2.9336e+03   1.6809e+02   0  Y  0.00  1   !  -9.99000e+02  -99.000  -99.000  -999
OBS: 6000333  54005.656    11.00   0.0000e+00   2.8267e+03   1.7454e+02   0  Y  0.00  1   !  -9.99000e+02  -99.000  -99.000  -999
OBS: 6000333  54007.656    13.00   0.0000e+00   2.8263e+03   1.7155e+02   0  Y  0.00  1   !  -9.99000e+02  -99.000  -99.000  -999
OBS: 6000333  54009.656    15.00   0.0000e+00   2.9578e+03   1.6734e+02   0  Y  0.00  1   !  -9.99000e+02  -99.000  -99.000  -999
OBS: 6000333  54011.656    17.00   0.0000e+00   3.1838e+03   1.6971e+02   0  Y  0.00  1   !  -9.99000e+02  -99.000  -99.000  -999
OBS: 6000333  54013.656    19.00   0.0000e+00   3.4371e+03   1.7197e+02   0  Y  0.00  1   !  -9.99000e+02  -99.000  -99.000  -999
OBS: 6000333  54015.656    21.00   0.0000e+00   3.7032e+03   1.7645e+02   0  Y  0.00  1   !  -9.99000e+02  -99.000  -99.000  -999
OBS: 6000333  54017.656    23.00   0.0000e+00   3.8834e+03   1.7532e+02   0  Y  0.00  1   !  -9.99000e+02  -99.000  -99.000  -999
OBS: 6000333  54019.656    25.00   0.0000e+00   4.2196e+03   1.7392e+02   0  Y  0.00  1   !  -9.99000e+02  -99.000  -99.000  -999
OBS: 6000333  54021.656    27.00   0.0000e+00   4.7780e+03   1.7343e+02   0  Y  0.00  1   !  -9.99000e+02  -99.000  -99.000  -999
OBS: 6000333  54023.656    29.00   0.0000e+00   5.2672e+03   1.7541e+02   0  Y  0.00  1   !  -9.99000e+02  -99.000  -99.000  -999
OBS: 6000333  54025.656    31.00   0.0000e+00   5.5349e+03   1.7775e+02   0  Y  0.00  1   !  -9.99000e+02  -99.000  -99.000  -999
OBS: 6000333  54027.656    33.00   0.0000e+00   5.6138e+03   1.8028e+02   0  Y  0.00  1   !  -9.99000e+02  -99.000  -99.000  -999
OBS: 6000333  54029.656    35.00   0.0000e+00   5.5386e+03   1.7633e+02   0  Y  0.00  1   !  -9.99000e+02  -99.000  -99.000  -999
OBS: 6000333  54031.656    37.00   0.0000e+00   5.3611e+03   1.6406e+02   0  Y  0.00  1   !  -9.99000e+02  -99.000  -99.000  -999
OBS: 6000333  54033.656    39.00   0.0000e+00   5.1792e+03   1.7172e+02   0  Y  0.00  1   !  -9.99000e+02  -99.000  -99.000  -999
OBS: 6000333  54035.656    41.00   0.0000e+00   4.8456e+03   1.7635e+02   0  Y  0.00  1   !  -9.99000e+02  -99.000  -99.000  -999
OBS: 6000333  54037.656    43.00   0.0000e+00   4.4177e+03   1.6820e+02   0  Y  0.00  1   !  -9.99000e+02  -99.000  -99.000  -999
OBS: 6000333  54039.656    45.00   0.0000e+00   4.0205e+03   1.5345e+02   0  Y  0.00  1   !  -9.99000e+02  -99.000  -99.000  -999
OBS: 6000333  54041.656    47.00   0.0000e+00   3.7075e+03   1.3831e+02   0  Y  0.00  1   !  -9.99000e+02  -99.000  -99.000  -999
OBS: 6000333  54043.656    49.00   0.0000e+00   3.4067e+03   1.3381e+02   0  Y  0.00  1   !  -9.99000e+02  -99.000  -99.000  -999
OBS: 6000333  54045.656    51.00   0.0000e+00   3.0826e+03   1.3939e+02   0  Y  0.00  1   !  -9.99000e+02  -99.000  -99.000  -999
OBS: 6000333  54047.656    53.00   0.0000e+00   2.7173e+03   9.9194e+02   0  Y  0.00  1   !  -9.99000e+02  -99.000  -99.000  -999
OBS: 6000333  54049.656    55.00   0.0000e+00   2.3468e+03   1.4126e+03   0  Y  0.00  1   !  -9.99000e+02  -99.000  -99.000  -999
OBS: 6000333  54051.656    57.00   0.0000e+00   2.0693e+03   1.2455e+03   0  Y  0.00  1   !  -9.99000e+02  -99.000  -99.000  -999
OBS: 6000333  54053.656    59.00   0.0000e+00   1.8604e+03   1.1198e+03   0  Y  0.00  1   !  -9.99000e+02  -99.000  -99.000  -999
OBS: 6000333  54055.656    61.00   0.0000e+00   1.6993e+03   1.0228e+03   0  Y  0.00  1   !  -9.99000e+02  -99.000  -99.000  -999
OBS: 6000333  54057.656    63.00   0.0000e+00   1.5881e+03   9.5591e+02   0  Y  0.00  1   !  -9.99000e+02  -99.000  -99.000  -999
OBS: 6000333  54059.656    65.00   0.0000e+00   1.3410e+03   8.0714e+02   0  Y  0.00  1   !  -9.99000e+02  -99.000  -99.000  -999
OBS: 6000333  54061.656    67.00   0.0000e+00   1.1464e+03   6.9004e+02   0  Y  0.00  1   !  -9.99000e+02  -99.000  -99.000  -999
OBS: 6000333  54063.656    69.00   0.0000e+00   9.9566e+02   5.9930e+02   0  Y  0.00  1   !  -9.99000e+02  -99.000  -99.000  -999
OBS: 6000333  54065.656    71.00   0.0000e+00   8.7845e+02   5.2875e+02   0  Y  0.00  1   !  -9.99000e+02  -99.000  -99.000  -999
OBS: 6000333  54067.656    73.00   0.0000e+00   7.8587e+02   4.7302e+02   0  Y  0.00  1   !  -9.99000e+02  -99.000  -99.000  -999
OBS: 6000333  54069.656    75.00   0.0000e+00   7.0990e+02   4.2730e+02   0  Y  0.00  1   !  -9.99000e+02  -99.000  -99.000  -999
OBS: 6000333  54071.656    77.00   0.0000e+00   6.4802e+02   3.9005e+02   0  Y  0.00  1   !  -9.99000e+02  -99.000  -99.000  -999
OBS: 6000333  54073.656    79.00   0.0000e+00   5.8018e+02   3.4921e+02   0  Y  0.00  1   !  -9.99000e+02  -99.000  -99.000  -999
OBS: 6000333  54075.656    81.00   0.0000e+00   5.1244e+02   3.0844e+02   0  Y  0.00  1   !  -9.99000e+02  -99.000  -99.000  -999
OBS: 6000333  54077.656    83.00   0.0000e+00   4.5338e+02   2.7290e+02   0  Y  0.00  1   !  -9.99000e+02  -99.000  -99.000  -999
OBS: 6000333  54079.656    85.00   0.0000e+00   4.0184e+02   2.4187e+02   0  Y  0.00  1   !  -9.99000e+02  -99.000  -99.000  -999
OBS: 6000333  54081.656    87.00   0.0000e+00   3.5714e+02   2.1497e+02   0  Y  0.00  1   !  -9.99000e+02  -99.000  -99.000  -999
OBS: 6000333  54083.656    89.00   0.0000e+00   3.1855e+02   1.9174e+02   0  Y  0.00  1   !  -9.99000e+02  -99.000  -99.000  -999
OBS: 6000333  54085.656    91.00   0.0000e+00   2.8017e+02   1.6863e+02   0  Y  0.00  1   !  -9.99000e+02  -99.000  -99.000  -999
OBS: 6000333  54087.656    93.00   0.0000e+00   2.4577e+02   1.4793e+02   0  Y  0.00  1   !  -9.99000e+02  -99.000  -99.000  -999
OBS: 6000333  54089.656    95.00   0.0000e+00   2.1560e+02   1.2977e+02   0  Y  0.00  1   !  -9.99000e+02  -99.000  -99.000  -999
OBS: 6000333  54091.656    97.00   0.0000e+00   1.8912e+02   1.1383e+02   0  Y  0.00  1   !  -9.99000e+02  -99.000  -99.000  -999
OBS: 6000333  54093.656    99.00   0.0000e+00   1.6591e+02   9.9860e+01   0  Y  0.00  1   !  -9.99000e+02  -99.000  -99.000  -999
OBS: 6000333  54095.656   101.00   0.0000e+00   1.4553e+02   8.7594e+01   0  Y  0.00  1   !  -9.99000e+02  -99.000  -99.000  -999
OBS: 6000333  54097.656   103.00   0.0000e+00   1.2765e+02   7.6832e+01   0  Y  0.00  1   !  -9.99000e+02  -99.000  -99.000  -999
OBS: 6000333  54099.656   105.00   0.0000e+00   1.1196e+02   6.7391e+01   0  Y  0.00  1   !  -9.99000e+02  -99.000  -99.000  -999
OBS: 6000333  54101.656   107.00   0.0000e+00   9.8201e+01   5.9108e+01   0  Y  0.00  1   !  -9.99000e+02  -99.000  -99.000  -999
OBS: 6000333  54103.656   109.00   0.0000e+00   8.6131e+01   5.1843e+01   0  Y  0.00  1   !  -9.99000e+02  -99.000  -99.000  -999
OBS: 6000333  54105.656   111.00   0.0000e+00   7.5555e+01   4.5477e+01   0  Y  0.00  1   !  -9.99000e+02  -99.000  -99.000  -999
OBS: 6000333  54107.656   113.00   0.0000e+00   6.6267e+01   3.9887e+01   0  Y  0.00  1   !  -9.99000e+02  -99.000  -99.000  -999
OBS: 6000333  54109.656   115.00   0.0000e+00   5.8118e+01   3.4982e+01   0  Y  0.00  1   !  -9.99000e+02  -99.000  -99.000  -999
OBS: 6000333  54111.656   117.00   0.0000e+00   5.0970e+01   3.0680e+01   0  Y  0.00  1   !  -9.99000e+02  -99.000  -99.000  -999
OBS: 6000333  54113.656   119.00   0.0000e+00   4.4700e+01   2.6906e+01   0  Y  0.00  1   !  -9.99000e+02  -99.000  -99.000  -999
OBS: 6000333  54115.656   121.00   0.0000e+00   3.9201e+01   2.3596e+01   0  Y  0.00  1   !  -9.99000e+02  -99.000  -99.000  -999
OBS: 6000333  54117.656   123.00   0.0000e+00   3.4386e+01   2.0697e+01   0  Y  0.00  1   !  -9.99000e+02  -99.000  -99.000  -999
OBS: 6000333  54119.656   125.00   0.0000e+00   3.0156e+01   1.8151e+01   0  Y  0.00  1   !  -9.99000e+02  -99.000  -99.000  -999
OBS: 6000333  54121.656   127.00   0.0000e+00   2.6445e+01   1.5917e+01   0  Y  0.00  1   !  -9.99000e+02  -99.000  -99.000  -999
OBS: 6000333  54123.656   129.00   0.0000e+00   2.3190e+01   1.3958e+01   0  Y  0.00  1   !  -9.99000e+02  -99.000  -99.000  -999
OBS: 6000333  54125.656   131.00   0.0000e+00   2.0335e+01   1.2240e+01   0  Y  0.00  1   !  -9.99000e+02  -99.000  -99.000  -999
OBS: 6000333  54127.656   133.00   0.0000e+00   1.7831e+01   1.0733e+01   0  Y  0.00  1   !  -9.99000e+02  -99.000  -99.000  -999
OBS: 6000333  54129.656   135.00   0.0000e+00   1.5640e+01   9.4137e+00   0  Y  0.00  1   !  -9.99000e+02  -99.000  -99.000  -999
OBS: 6000333  54131.656   137.00   0.0000e+00   1.3715e+01   8.2552e+00   0  Y  0.00  1   !  -9.99000e+02  -99.000  -99.000  -999
OBS: 6000333  54133.656   139.00   0.0000e+00   1.2026e+01   7.2384e+00   0  Y  0.00  1   !  -9.99000e+02  -99.000  -99.000  -999
OBS: 6000333  54013.648    18.99   3.2397e+03   1.9739e+03   9.1920e+02   1  y  2.14  1   Y  8.70474e+17  -0.287  -1.134  1.00000e+11
OBS: 6000333  54013.660    19.00   3.2410e+03   4.9768e+03   1.6019e+03   1  y  1.03  1   Y  2.19479e+18  -0.287  -1.134  1.00000e+11
OBS: 6000333  54039.691    45.03   4.0518e+03   3.9641e+03   1.7826e+03   1  y  0.01  1   Y  2.07692e+18  -0.100  -0.316  1.00000e+11
OBS: 6000333  54049.648    54.99   2.3676e+03   2.1120e+02   1.0871e+03  -1  y  1.49  1   !  -9.99000e+02  -99.000  -99.000  -999
OBS: 6000333  53935.656   -59.00   0.0000e+00   0.0000e+00   0.0000e+00   0  y  0.00  1   !  -9.99000e+02  -99.000  -99.000  -999
OBS: 6000333  53937.656   -57.00   0.0000e+00   0.0000e+00   0.0000e+00   0  y  0.00  1   !  -9.99000e+02  -99.000  -99.000  -999
OBS: 6000333  53939.656   -55.00   0.0000e+00   0.0000e+00   0.0000e+00   0  y  0.00  1   !  -9.99000e+02  -99.000  -99.000  -999
OBS: 6000333  53941.656   -53.00   0.0000e+00   0.0000e+00   0.0000e+00   0  y  0.00  1   !  -9.99000e+02  -99.000  -99.000  -999
OBS: 6000333  53943.656   -51.00   0.0000e+00   0.0000e+00   0.0000e+00   0  y  0.00  1   !  -9.99000e+02  -99.000  -99.000  -999
OBS: 6000333  53945.656   -49.00   0.0000e+00   0.0000e+00   0.0000e+00   0  y  0.00  1   !  -9.99000e+02  -99.000  -99.000  -999
OBS: 6000333  53947.656   -47.00   0.0000e+00   0.0000e+00   0.0000e+00   0  y  0.00  1   !  -9.99000e+02  -99.000  -99.000  -999
OBS: 6000333  53949.656   -45.00   0.0000e+00   0.0000e+00   0.0000e+00   0  y  0.00  1   !  -9.99000e+02  -99.000  -99.000  -999
OBS: 6000333  53951.656   -43.00   0.0000e+00   0.0000e+00   0.0000e+00   0  y  0.00  1   !  -9.99000e+02  -99.000  -99.000  -999
OBS: 6000333  53953.656   -41.00   0.0000e+00   0.0000e+00   0.0000e+00   0  y  0.00  1   !  -9.99000e+02  -99.000  -99.000  -999
OBS: 6000333  53955.656   -39.00   0.0000e+00   0.0000e+00   0.0000e+00   0  y  0.00  1   !  -9.99000e+02  -99.000  -99.000  -999
OBS: 6000333  53957.656   -37.00   0.0000e+00   0.0000e+00   0.0000e+00   0  y  0.00  1   !  -9.99000e+02  -99.000  -99.000  -999
OBS: 6000333  53959.656   -35.00   0.0000e+00   0.0000e+00   0.0000e+00   0  y  0.00  1   !  -9.99000e+02  -99.000  -99.000  -999
OBS: 6000333  53961.656   -33.00   0.0000e+00   0.0000e+00   0.0000e+00   0  y  0.00  1   !  -9.99000e+02  -99.000  -99.000  -999
OBS: 6000333  53963.656   -31.00   0.0000e+00   0.0000e+00   0.0000e+00   0  y  0.00  1   !  -9.99000e+02  -99.000  -99.000  -999
OBS: 6000333  53965.656   -29.00   0.0000e+00   0.0000e+00   0.0000e+00   0  y  0.00  1   !  -9.99000e+02  -99.000  -99.000  -999
OBS: 6000333  53967.656   -27.00   0.0000e+00   0.0000e+00   0.0000e+00   0  y  0.00  1   !  -9.99000e+02  -99.000  -99.000  -999
OBS: 6000333  53969.656   -25.00   0.0000e+00   0.0000e+00   0.0000e+00   0  y  0.00  1   !  -9.99000e+02  -99.000  -99.000  -999
OBS: 6000333  53971.656   -23.00   0.0000e+00   0.0000e+00   0.0000e+00   0  y  0.00  1   !  -9.99000e+02  -99.000  -99.000  -999
OBS: 6000333  53973.656   -21.00   0.0000e+00   8.7534e+02   5.2688e+02   0  y  0.00  1   !  -9.99000e+02  -99.000  -99.000  -999
OBS: 6000333  53975.656   -19.00   0.0000e+00   8.9620e+02   5.3944e+02   0  y  0.00  1   !  -9.99000e+02  -99.000  -99.000  -999
OBS: 6000333  53977.656   -17.00   0.0000e+00   8.8607e+02   5.3334e+02   0  y  0.00  1   !  -9.99000e+02  -99.000  -99.000  -999
OBS: 6000333  53979.656   -15.00   0.0000e+00   1.2105e+03   4.2642e+02   0  y  0.00  1   !  -9.99000e+02  -99.000  -99.000  -999
OBS: 6000333  53981.656   -13.00   0.0000e+00   2.2108e+03   2.1147e+02   0  y  0.00  1   !  -9.99000e+02  -99.000  -99.000  -999
OBS: 6000333  53983.656   -11.00   0.0000e+00   3.2700e+03   1.6891e+02   0  y  0.00  1   !  -9.99000e+02  -99.000  -99.000  -999
OBS: 6000333  53985.656    -9.00   0.0000e+00   4.2727e+03   1.6283e+02   0  y  0.00  1   !  -9.99000e+02  -99.000  -99.000  -999
OBS: 6000333  53987.656    -7.00   0.0000e+00   5.1082e+03   1.4661e+02   0  y  0.00  1   !  -9.99000e+02  -99.000  -99.000  -999
OBS: 6000333  53989.656    -5.00   0.0000e+00   5.4766e+03   1.4547e+02   0  y  0.00  1   !  -9.99000e+02  -99.000  -99.000  -999
OBS: 6000333  53991.656    -3.00   0.0000e+00   5.3972e+03   1.5559e+02   0  y  0.00  1   !  -9.99000e+02  -99.000  -99.000  -999
OBS: 6000333  53993.656    -1.00   0.0000e+00   4.8401e+03   1.4738e+02   0  y  0.00  1   !  -9.99000e+02  -99.000  -99.000  -999
OBS: 6000333  53995.656     1.00   0.0000e+00   4.2259e+03   1.4244e+02   0  y  0.00  1   !  -9.99000e+02  -99.000  -99.000  -999
OBS: 6000333  53997.656     3.00   0.0000e+00   3.7810e+03   1.4879e+02   0  y  0.00  1   !  -9.99000e+02  -99.000  -99.000  -999
OBS: 6000333  53999.656     5.00   0.0000e+00   3.3700e+03   1.4962e+02   0  y  0.00  1   !  -9.99000e+02  -99.000  -99.000  -999
OBS: 6000333  54001.656     7.00   0.0000e+00   3.0303e+03   1.5118e+02   0  y  0.00  1   !  -9.99000e+02  -99.000  -99.000  -999
OBS: 6000333  54003.656     9.00   0.0000e+00   2.8378e+03   1.6260e+02   0  y  0.00  1   !  -9.99000e+02  -99.000  -99.000  -999
OBS: 6000333  54005.656    11.00   0.0000e+00   2.7410e+03   1.6925e+02   0  y  0.00  1   !  -9.99000e+02  -99.000  -99.000  -999
OBS: 6000333  54007.656    13.00   0.0000e+00   2.7497e+03   1.6689e+02   0  y  0.00  1   !  -9.99000e+02  -99.000  -99.000  -999
OBS: 6000333  54009.656    15.00   0.0000e+00   2.8742e+03   1.6261e+02   0  y  0.00  1   !  -9.99000e+02  -99.000  -99.000  -999
OBS: 6000333  54011.656    17.00   0.0000e+00   3.0897e+03   1.6470e+02   0  y  0.00  1   !  -9.99000e+02  -99.000  -99.000  -999
OBS: 6000333  54013.656    19.00   0.0000e+00   3.3422e+03   1.6722e+02   0  y  0.00  1   !  -9.99000e+02  -99.000  -99.000  -999
OBS: 6000333  54015.656    21.00   0.0000e+00   3.6197e+03   1.7248e+02   0  y  0.00  1   !  -9.99000e+02  -99.000  -99.000  -999
OBS: 6000333  54017.656    23.00   0.0000e+00   3.8408e+03   1.7340e+02   0  y  0.00  1   !  -9.99000e+02  -99.000  -99.000  -999
OBS: 6000333  54019.656    25.00   0.0000e+00   4.1969e+03   1.7298e+02   0  y  0.00  1   !  -9.99000e+02  -99.000  -99.000  -999
OBS: 6000333  54021.656    27.00   0.0000e+00   4.7485e+03   1.7236e+02   0  y  0.00  1   !  -9.99000e+02  -99.000  -99.000  -999
OBS: 6000333  54023.656    29.00   0.0000e+00   5.2648e+03   1.7533e+02   0  y  0.00  1   !  -9.99000e+02  -99.000  -99.000  -999
OBS: 6000333  54025.656    31.00   0.0000e+00   5.5980e+03   1.7978e+02   0  y  0.00  1   !  -9.99000e+02  -99.000  -99.000  -999
OBS: 6000333  54027.656    33.00   0.0000e+00   5.7335e+03   1.8413e+02   0  y  0.00  1   !  -9.99000e+02  -99.000  -99.000  -999
OBS: 6000333  54029.656    35.00   0.0000e+00   5.6943e+03   1.8129e+02   0  y  0.00  1   !  -9.99000e+02  -99.000  -99.000  -999
OBS: 6000333  54031.656    37.00   0.0000e+00   5.5471e+03   1.6975e+02   0  y  0.00  1   !  -9.99000e+02  -99.000  -99.000  -999
OBS: 6000333  54033.656    39.00   0.0000e+00   5.3743e+03   1.7819e+02   0  y  0.00  1   !  -9.99000e+02  -99.000  -99.000  -999
OBS: 6000333  54035.656    41.00   0.0000e+00   5.0390e+03   1.8339e+02   0  y  0.00  1   !  -9.99000e+02  -99.000  -99.000  -999
OBS: 6000333  54037.656    43.00   0.0000e+00   4.5961e+03   1.7499e+02   0  y  0.00  1   !  -9.99000e+02  -99.000  -99.000  -999
OBS: 6000333  54039.656    45.00   0.0000e+00   4.1830e+03   1.5965e+02   0  y  0.00  1   !  -9.99000e+02  -99.000  -99.000  -999
OBS: 6000333  54041.656    47.00   0.0000e+00   3.8570e+03   1.4389e+02   0  y  0.00  1   !  -9.99000e+02  -99.000  -99.000  -999
OBS: 6000333  54043.656    49.00   0.0000e+00   3.5458e+03   1.3928e+02   0  y  0.00  1   !  -9.99000e+02  -99.000  -99.000  -999
OBS: 6000333  54045.656    51.00   0.0000e+00   3.2080e+03   1.4506e+02   0  y  0.00  1   !  -9.99000e+02  -99.000  -99.000  -999
OBS: 6000333  54047.656    53.00   0.0000e+00   2.8264e+03   1.0318e+03   0  y  0.00  1   !  -9.99000e+02  -99.000  -99.000  -999
OBS: 6000333  54049.656    55.00   0.0000e+00   2.4390e+03   1.4680e+03   0  y  0.00  1   !  -9.99000e+02  -99.000  -99.000  -999
OBS: 6000333  54051.656    57.00   0.0000e+00   2.1424e+03   1.2895e+03   0  y  0.00  1   !  -9.99000e+02  -99.000  -99.000  -999
OBS: 6000333  54053.656    59.00   0.0000e+00   1.9170e+03   1.1539e+03   0  y  0.00  1   !  -9.99000e+02  -99.000  -99.000  -999
OBS: 6000333  54055.656    61.00   0.0000e+00   1.7435e+03   1.0494e+03   0  y  0.00  1   !  -9.99000e+02  -99.000  -99.000  -999
OBS: 6000333  54057.656    63.00   0.0000e+00   1.6229e+03   9.7685e+02   0  y  0.00  1   !  -9.99000e+02  -99.000  -99.000  -999
OBS: 6000333  54059.656    65.00   0.0000e+00   1.3658e+03   8.2210e+02   0  y  0.00  1   !  -9.99000e+02  -99.000  -99.000  -999
OBS: 6000333  54061.656    67.00   0.0000e+00   1.1660e+03   7.0182e+02   0  y  0.00  1   !  -9.99000e+02  -99.000  -99.000  -999
OBS: 6000333  54063.656    69.00   0.0000e+00   1.0109e+03   6.0849e+02   0  y  0.00  1   !  -9.99000e+02  -99.000  -99.000  -999
OBS: 6000333  54065.656    71.00   0.0000e+00   8.9015e+02   5.3579e+02   0  y  0.00  1   !  -9.99000e+02  -99.000  -99.000  -999
OBS: 6000333  54067.656    73.00   0.0000e+00   7.9435e+02   4.7813e+02   0  y  0.00  1   !  -9.99000e+02  -99.000  -99.000  -999
OBS: 6000333  54069.656    75.00   0.0000e+00   7.1525e+02   4.3052e+02   0  y  0.00  1   !  -9.99000e+02  -99.000  -99.000  -999
OBS: 6000333  54071.656    77.00   0.0000e+00   6.5024e+02   3.9138e+02   0  y  0.00  1   !  -9.99000e+02  -99.000  -99.000  -999
OBS: 6000333  54073.656    79.00   0.0000e+00   5.8078e+02   3.4958e+02   0  y  0.00  1   !  -9.99000e+02  -99.000  -99.000  -999
OBS: 6000333  54075.656    81.00   0.0000e+00   5.1231e+02   3.0837e+02   0  y  0.00  1   !  -9.99000e+02  -99.000  -99.000  -999
OBS: 6000333  54077.656    83.00   0.0000e+00   4.5259e+02   2.7242e+02   0  y  0.00  1   !  -9.99000e+02  -99.000  -99.000  -999
OBS: 6000333  54079.656    85.00   0.0000e+00   4.0046e+02   2.4104e+02   0  y  0.00  1   !  -9.99000e+02  -99.000  -99.000  -999
OBS: 6000333  54081.656    87.00   0.0000e+00   3.5518e+02   2.1379e+02   0  y  0.00  1   !  -9.99000e+02  -99.000  -99.000  -999
OBS: 6000333  54083.656    89.00   0.0000e+00   3.1602e+02   1.9022e+02   0  y  0.00  1   !  -9.99000e+02  -99.000  -99.000  -999
OBS: 6000333  54085.656    91.00   0.0000e+00   2.7781e+02   1.6722e+02   0  y  0.00  1   !  -9.99000e+02  -99.000  -99.000  -999
OBS: 6000333  54087.656    93.00   0.0000e+00   2.4368e+02   1.4667e+02   0  y  0.00  1   !  -9.99000e+02  -99.000  -99.000  -999
OBS: 6000333  54089.656    95.00   0.0000e+00   2.1374e+02   1.2865e+02   0  y  0.00  1   !  -9.99000e+02  -99.000  -99.000  -999
OBS: 6000333  54091.656    97.00   0.0000e+00   1.8748e+02   1.1285e+02   0  y  0.00  1   !  -9.99000e+02  -99.000  -99.000  -999
OBS: 6000333  54093.656    99.00   0.0000e+00   1.6445e+02   9.8983e+01   0  y  0.00  1   !  -9.99000e+02  -99.000  -99.000  -999
OBS: 6000333  54095.656   101.00   0.0000e+00   1.4424e+02   8.6817e+01   0  y  0.00  1   !  -9.99000e+02  -99.000  -99.000  -999
OBS: 6000333  54097.656   103.00   0.0000e+00   1.2651e+02   7.6145e+01   0  y  0.00  1   !  -9.99000e+02  -99.000  -99.000  -999
OBS: 6000333  54099.656   105.00   0.0000e+00   1.1095e+02   6.6784e+01   0  y  0.00  1   !  -9.99000e+02  -99.000  -99.000  -999
OBS: 6000333  54101.656   107.00   0.0000e+00   9.7310e+01   5.8572e+01   0  y  0.00  1   !  -9.99000e+02  -99.000  -99.000  -999
OBS: 6000333  54103.656   109.00   0.0000e+00   8.5344e+01   5.1370e+01   0  y  0.00  1   !  -9.99000e+02  -99.000  -99.000  -999
OBS: 6000333  54105.656   111.00   0.0000e+00   7.4858e+01   4.5058e+01   0  y  0.00  1   !  -9.99000e+02  -99.000  -99.000  -999
OBS: 6000333  54107.656   113.00   0.0000e+00   6.5652e+01   3.9516e+01   0  y  0.00  1   !  -9.99000e+02  -99.000  -99.000  -999
OBS: 6000333  54109.656   115.00   0.0000e+00   5.7575e+01   3.4655e+01   0  y  0.00  1   !  -9.99000e+02  -99.000  -99.000  -999
OBS: 6000333  54111.656   117.00   0.0000e+00   5.0492e+01   3.0392e+01   0  y  0.00  1   !  -9.99000e+02  -99.000  -99.000  -999
OBS: 6000333  54113.656   119.00   0.0000e+00   4.4279e+01   2.6652e+01   0  y  0.00  1   !  -9.99000e+02  -99.000  -99.000  -999
OBS: 6000333  54115.656   121.00   0.0000e+00   3.8830e+01   2.3372e+01   0  y  0.00  1   !  -9.99000e+02  -99.000  -99.000  -999
OBS: 6000333  54117.656   123.00   0.0000e+00   3.4058e+01   2.0500e+01   0  y  0.00  1   !  -9.99000e+02  -99.000  -99.000  -999
OBS: 6000333  54119.656   125.00   0.0000e+00   2.9867e+01   1.7977e+01   0  y  0.00  1   !  -9.99000e+02  -99.000  -99.000  -999
OBS: 6000333  54121.656   127.00   0.0000e+00   2.6191e+01   1.5764e+01   0  y  0.00  1   !  -9.99000e+02  -99.000  -99.000  -999
OBS: 6000333  54123.656   129.00   0.0000e+00   2.2966e+01   1.3824e+01   0  y  0.00  1   !  -9.99000e+02  -99.000  -99.000  -999
OBS: 6000333  54125.656   131.00   0.0000e+00   2.0138e+01   1.2121e+01   0  y  0.00  1   !  -9.99000e+02  -99.000  -99.000  -999
OBS: 6000333  54127.656   133.00   0.0000e+00   1.7658e+01   1.0629e+01   0  y  0.00  1   !  -9.99000e+02  -99.000  -99.000  -999
OBS: 6000333  54129.656   135.00   0.0000e+00   1.5487e+01   9.3221e+00   0  y  0.00  1   !  -9.99000e+02  -99.000  -99.000  -999
OBS: 6000333  54131.656   137.00   0.0000e+00   1.3581e+01   8.1746e+00   0  y  0.00  1   !  -9.99000e+02  -99.000  -99.000  -999
OBS: 6000333  54133.656   139.00   0.0000e+00   1.1908e+01   7.1677e+00   0  y  0.00  1   !  -9.99000e+02  -99.000  -99.000  -999
OBS: 6000333  53982.629   -12.03   2.9622e+03   4.5355e+03   1.0672e+03   1  H  2.68  1   H  2.26364e+18  -0.152  -4.262  1.00000e+11
OBS: 6000333  53982.629   -12.03   2.9622e+03   2.9276e+03   9.3444e+02   1  H  0.03  1   H  1.46115e+18  -0.152  -4.262  1.00000e+11
OBS: 6000333  53987.871    -6.79   5.1731e+03   4.3512e+03   8.5157e+02   1  H  0.28  1   H  2.23974e+18  -0.119  -1.438  1.00000e+11
OBS: 6000333  53987.879    -6.78   5.1751e+03   4.3314e+03   1.1452e+03   1  H  0.18  1   H  2.22966e+18  -0.119  -1.435  1.00000e+11
OBS: 6000333  53993.660    -1.00   4.7349e+03   3.9174e+03   9.5004e+02   1  H  0.26  1   H  2.14064e+18  -0.054  -0.663  1.00000e+11
OBS: 6000333  53993.672    -0.99   4.7323e+03   5.8091e+03   9.0166e+02   1  H  2.38  1   H  3.17511e+18  -0.054  -0.662  1.00000e+11
OBS: 6000333  53995.691     1.03   4.2788e+03   5.2214e+03   6.9695e+02   1  H  3.05  1   H  2.96659e+18  -0.012  -0.308  1.00000e+11
OBS: 6000333  53995.699     1.04   4.2769e+03   3.9483e+03   7.4969e+02   1  H  0.00  1   H  2.24358e+18  -0.012  -0.306  1.00000e+11
OBS: 6000333  53999.809     5.15   3.5473e+03   3.8416e+03   8.3786e+02   1  H  0.41  1   H  2.36231e+18  0.074  -0.004  1.00000e+11
OBS: 6000333  53999.820     5.16   3.5453e+03   3.9583e+03   6.9059e+02   1  H  0.88  1   H  2.43482e+18  0.075  -0.005  1.00000e+11
OBS: 6000333  54002.621     7.96   3.0280e+03   1.9068e+03   7.7695e+02   1  H  1.33  1   H  1.27263e+18  0.163  -0.662  1.00000e+11
OBS: 6000333  54002.629     7.97   3.0264e+03   2.5705e+03   8.4309e+02   1  H  0.08  1   H  1.71605e+18  0.163  -0.664  1.00000e+11
OBS: 6000333  54006.621    11.96   2.7034e+03   2.7009e+03   7.6819e+02   1  H  0.06  1   H  1.92012e+18  0.232  -1.186  1.00000e+11
OBS: 6000333  54006.629    11.97   2.7034e+03   2.0489e+03   8.4909e+02   1  H  0.30  1   H  1.45675e+18  0.232  -1.186  1.00000e+11
OBS: 6000333  54009.621    14.96   2.8281e+03   3.1894e+03   8.6268e+02   1  H  0.41  1   H  2.27532e+18  0.235  -1.198  1.00000e+11
OBS: 6000333  54009.641    14.98   2.8297e+03   3.4145e+03   8.9198e+02   1  H  0.76  1   H  2.43572e+18  0.235  -1.200  1.00000e+11
OBS: 6000333  54013.648    18.99   3.1882e+03   2.2552e+03   1.2490e+03   1  H  0.32  1   H  1.59566e+18  0.227  -1.134  1.00000e+11
OBS: 6000333  54013.660    19.00   3.1892e+03   7.8192e+03   2.2073e+03   1  H  4.82  1   H  5.53251e+18  0.227  -1.131  1.00000e+11
OBS: 6000333  54015.621    20.96   3.3839e+03   4.0396e+03   1.2460e+03   1  H  0.51  1   H  2.87073e+18  0.231  -0.434  1.00000e+11
OBS: 6000333  54015.629    20.97   3.3849e+03   1.2092e+03   1.4564e+03   1  H  1.76  1   H  8.59365e+17  0.231  -0.430  1.00000e+11
OBS: 6000333  54021.680    27.02   3.8572e+03   4.6228e+03   9.3116e+02   1  H  1.22  1   H  3.25734e+18  0.222  0.436  1.00000e+11
OBS: 6000333  54021.691    27.03   3.8579e+03   4.1391e+03   1.2547e+03   1  H  0.19  1   H  2.91618e+18  0.222  0.435  1.00000e+11
OBS: 6000333  54024.570    29.91   4.0615e+03   2.8674e+03   1.0128e+03   1  H  0.80  1   H  1.93180e+18  0.173  -0.309  1.00000e+11
OBS: 6000333  54024.578    29.92   4.0621e+03   3.0858e+03   8.2114e+02   1  H  0.69  1   H  2.07848e+18  0.173  -0.313  1.00000e+11
OBS: 6000333  54030.648    35.99   4.1336e+03   2.5072e+03   8.4338e+02   1  H  2.41  1   H  1.46011e+18  0.015  -3.126  1.00000e+11
OBS: 6000333  54030.660    36.00   4.1329e+03   4.2586e+03   9.9882e+02   1  H  0.17  1   H  2.47947e+18  0.015  -3.128  1.00000e+11
OBS: 6000333  54039.691    45.03   2.5490e+03   2.0683e+03   8.9585e+02   1  H  0.11  1   H  1.22292e+18  0.032  -0.549  1.00000e+11
OBS: 6000333  54039.711    45.05   2.5458e+03   2.7380e+03   1.5661e+03   1  H  0.06  1   H  1.61928e+18  0.032  -0.544  1.00000e+11
OBS: 6000333  54041.559    46.90   2.3237e+03   3.8580e+03   1.4653e+03   1  H  1.33  1   H  2.32464e+18  0.052  -0.611  1.00000e+11
OBS: 6000333  54045.602    50.94   2.0453e+03   1.7632e+03   8.6833e+02  -1  H  0.02  1   !  -9.99000e+02  -99.000  -99.000  -999
OBS: 6000333  54045.609    50.95   2.0446e+03   3.6880e+03   1.1151e+03  -1  H  2.51  1   !  -9.99000e+02  -99.000  -99.000  -999
OBS: 6000333  54057.578    62.92   1.3770e+03  -1.0378e+03   1.4929e+03  -1  H  1.90  1   !  -9.99000e+02  -99.000  -99.000  -999
OBS: 6000333  53935.656   -59.00   0.0000e+00   0.0000e+00   0.0000e+00   0  H  0.00  1   !  -9.99000e+02  -99.000  -99.000  -999
OBS: 6000333  53937.656   -57.00   0.0000e+00   0.0000e+00   0.0000e+00   0  H  0.00  1   !  -9.99000e+02  -99.000  -99.000  -999
OBS: 6000333  53939.656   -55.00   0.0000e+00   0.0000e+00   0.0000e+00   0  H  0.00  1   !  -9.99000e+02  -99.000  -99.000  -999
OBS: 6000333  53941.656   -53.00   0.0000e+00   0.0000e+00   0.0000e+00   0  H  0.00  1   !  -9.99000e+02  -99.000  -99.000  -999
OBS: 6000333  53943.656   -51.00   0.0000e+00   0.0000e+00   0.0000e+00   0  H  0.00  1   !  -9.99000e+02  -99.000  -99.000  -999
OBS: 6000333  53945.656   -49.00   0.0000e+00   0.0000e+00   0.0000e+00   0  H  0.00  1   !  -9.99000e+02  -99.000  -99.000  -999
OBS: 6000333  53947.656   -47.00   0.0000e+00   0.0000e+00   0.0000e+00   0  H  0.00  1   !  -9.99000e+02  -99.000  -99.000  -999
OBS: 6000333  53949.656   -45.00   0.0000e+00   0.0000e+00   0.0000e+00   0  H  0.00  1   !  -9.99000e+02  -99.000  -99.000  -999
OBS: 6000333  53951.656   -43.00   0.0000e+00   0.0000e+00   0.0000e+00   0  H  0.00  1   !  -9.99000e+02  -99.000  -99.000  -999
OBS: 6000333  53953.656   -41.00   0.0000e+00   0.0000e+00   0.0000e+00   0  H  0.00  1   !  -9.99000e+02  -99.000  -99.000  -999
OBS: 6000333  53955.656   -39.00   0.0000e+00   0.0000e+00   0.0000e+00   0  H  0.00  1   !  -9.99000e+02  -99.000  -99.000  -999
OBS: 6000333  53957.656   -37.00   0.0000e+00   0.0000e+00   0.0000e+00   0  H  0.00  1   !  -9.99000e+02  -99.000  -99.000  -999
OBS: 6000333  53959.656   -35.00   0.0000e+00   0.0000e+00   0.0000e+00   0  H  0.00  1   !  -9.99000e+02  -99.000  -99.000  -999
OBS: 6000333  53961.656   -33.00   0.0000e+00   0.0000e+00   0.0000e+00   0  H  0.00  1   !  -9.99000e+02  -99.000  -99.000  -999
OBS: 6000333  53963.656   -31.00   0.0000e+00   0.0000e+00   0.0000e+00   0  H  0.00  1   !  -9.99000e+02  -99.000  -99.000  -999
OBS: 6000333  53965.656   -29.00   0.0000e+00   0.0000e+00   0.0000e+00   0  H  0.00  1   !  -9.99000e+02  -99.000  -99.000  -999
OBS: 6000333  53967.656   -27.00   0.0000e+00   0.0000e+00   0.0000e+00   0  H  0.00  1   !  -9.99000e+02  -99.000  -99.000  -999
OBS: 6000333  53969.656   -25.00   0.0000e+00   0.0000e+00   0.0000e+00   0  H  0.00  1   !  -9.99000e+02  -99.000  -99.000  -999
OBS: 6000333  53971.656   -23.00   0.0000e+00   0.0000e+00   0.0000e+00   0  H  0.00  1   !  -9.99000e+02  -99.000  -99.000  -999
OBS: 6000333  53973.656   -21.00   0.0000e+00   7.6358e+02   4.5961e+02   0  H  0.00  1   !  -9.99000e+02  -99.000  -99.000  -999
OBS: 6000333  53975.656   -19.00   0.0000e+00   9.3897e+02   5.6518e+02   0  H  0.00  1   !  -9.99000e+02  -99.000  -99.000  -999
OBS: 6000333  53977.656   -17.00   0.0000e+00   9.3014e+02   5.5986e+02   0  H  0.00  1   !  -9.99000e+02  -99.000  -99.000  -999
OBS: 6000333  53979.656   -15.00   0.0000e+00   1.2569e+03   7.5652e+02   0  H  0.00  1   !  -9.99000e+02  -99.000  -99.000  -999
OBS: 6000333  53981.656   -13.00   0.0000e+00   2.2453e+03   2.4228e+02   0  H  0.00  1   !  -9.99000e+02  -99.000  -99.000  -999
OBS: 6000333  53983.656   -11.00   0.0000e+00   3.2827e+03   1.8507e+02   0  H  0.00  1   !  -9.99000e+02  -99.000  -99.000  -999
OBS: 6000333  53985.656    -9.00   0.0000e+00   4.1735e+03   1.7002e+02   0  H  0.00  1   !  -9.99000e+02  -99.000  -99.000  -999
OBS: 6000333  53987.656    -7.00   0.0000e+00   4.7738e+03   1.5874e+02   0  H  0.00  1   !  -9.99000e+02  -99.000  -99.000  -999
OBS: 6000333  53989.656    -5.00   0.0000e+00   4.9886e+03   1.6021e+02   0  H  0.00  1   !  -9.99000e+02  -99.000  -99.000  -999
OBS: 6000333  53991.656    -3.00   0.0000e+00   4.8496e+03   1.5574e+02   0  H  0.00  1   !  -9.99000e+02  -99.000  -99.000  -999
OBS: 6000333  53993.656    -1.00   0.0000e+00   4.4050e+03   1.4165e+02   0  H  0.00  1   !  -9.99000e+02  -99.000  -99.000  -999
OBS: 6000333  53995.656     1.00   0.0000e+00   3.9860e+03   1.4119e+02   0  H  0.00  1   !  -9.99000e+02  -99.000  -99.000  -999
OBS: 6000333  53997.656     3.00   0.0000e+00   3.6820e+03   1.4263e+02   0  H  0.00  1   !  -9.99000e+02  -99.000  -99.000  -999
OBS: 6000333  53999.656     5.00   0.0000e+00   3.3280e+03   1.3984e+02   0  H  0.00  1   !  -9.99000e+02  -99.000  -99.000  -999
OBS: 6000333  54001.656     7.00   0.0000e+00   2.9686e+03   1.3192e+02   0  H  0.00  1   !  -9.99000e+02  -99.000  -99.000  -999
OBS: 6000333  54003.656     9.00   0.0000e+00   2.6905e+03   1.2839e+02   0  H  0.00  1   !  -9.99000e+02  -99.000  -99.000  -999
OBS: 6000333  54005.656    11.00   0.0000e+00   2.5425e+03   1.1999e+02   0  H  0.00  1   !  -9.99000e+02  -99.000  -99.000  -999
OBS: 6000333  54007.656    13.00   0.0000e+00   2.5221e+03   1.1489e+02   0  H  0.00  1   !  -9.99000e+02  -99.000  -99.000  -999
OBS: 6000333  54009.656    15.00   0.0000e+00   2.6333e+03   1.1563e+02   0  H  0.00  1   !  -9.99000e+02  -99.000  -99.000  -999
OBS: 6000333  54011.656    17.00   0.0000e+00   2.7909e+03   1.1752e+02   0  H  0.00  1   !  -9.99000e+02  -99.000  -99.000  -999
OBS: 6000333  54013.656    19.00   0.0000e+00   2.9662e+03   1.1774e+02   0  H  0.00  1   !  -9.99000e+02  -99.000  -99.000  -999
OBS: 6000333  54015.656    21.00   0.0000e+00   3.1509e+03   1.2013e+02   0  H  0.00  1   !  -9.99000e+02  -99.000  -99.000  -999
OBS: 6000333  54017.656    23.00   0.0000e+00   3.2878e+03   1.2253e+02   0  H  0.00  1   !  -9.99000e+02  -99.000  -99.000  -999
OBS: 6000333  54019.656    25.00   0.0000e+00   3.4328e+03   1.2555e+02   0  H  0.00  1   !  -9.99000e+02  -99.000  -99.000  -999
OBS: 6000333  54021.656    27.00   0.0000e+00   3.5862e+03   1.2004e+02   0  H  0.00  1   !  -9.99000e+02  -99.000  -99.000  -999
OBS: 6000333  54023.656    29.00   0.0000e+00   3.7224e+03   1.2273e+02   0  H  0.00  1   !  -9.99000e+02  -99.000  -99.000  -999
OBS: 6000333  54025.656    31.00   0.0000e+00   3.8309e+03   1.4118e+02   0  H  0.00  1   !  -9.99000e+02  -99.000  -99.000  -999
OBS: 6000333  54027.656    33.00   0.0000e+00   3.8912e+03   1.5786e+02   0  H  0.00  1   !  -9.99000e+02  -99.000  -99.000  -999
OBS: 6000333  54029.656    35.00   0.0000e+00   3.8891e+03   1.6823e+02   0  H  0.00  1   !  -9.99000e+02  -99.000  -99.000  -999
OBS: 6000333  54031.656    37.00   0.0000e+00   3.7646e+03   1.8291e+02   0  H  0.00  1   !  -9.99000e+02  -99.000  -99.000  -999
OBS: 6000333  54033.656    39.00   0.0000e+00   3.4735e+03   2.0301e+02   0  H  0.00  1   !  -9.99000e+02  -99.000  -99.000  -999
OBS: 6000333  54035.656    41.00   0.0000e+00   3.1302e+03   2.0544e+02   0  H  0.00  1   !  -9.99000e+02  -99.000  -99.000  -999
OBS: 6000333  54037.656    43.00   0.0000e+00   2.7177e+03   1.8501e+02   0  H  0.00  1   !  -9.99000e+02  -99.000  -99.000  -999
OBS: 6000333  54039.656    45.00   0.0000e+00   2.3757e+03   1.6155e+02   0  H  0.00  1   !  -9.99000e+02  -99.000  -99.000  -999
OBS: 6000333  54041.656    47.00   0.0000e+00   2.1526e+03   1.5131e+02   0  H  0.00  1   !  -9.99000e+02  -99.000  -99.000  -999
OBS: 6000333  54043.656    49.00   0.0000e+00   2.0176e+03   1.5061e+02   0  H  0.00  1   !  -9.99000e+02  -99.000  -99.000  -999
OBS: 6000333  54045.656    51.00   0.0000e+00   1.8988e+03   1.6093e+02   0  H  0.00  1   !  -9.99000e+02  -99.000  -99.000  -999
OBS: 6000333  54047.656    53.00   0.0000e+00   1.7733e+03   1.9306e+02   0  H  0.00  1   !  -9.99000e+02  -99.000  -99.000  -999
OBS: 6000333  54049.656    55.00   0.0000e+00   1.6487e+03   9.9240e+02   0  H  0.00  1   !  -9.99000e+02  -99.000  -99.000  -999
OBS: 6000333  54051.656    57.00   0.0000e+00   1.5392e+03   9.2645e+02   0  H  0.00  1   !  -9.99000e+02  -99.000  -99.000  -999
OBS: 6000333  54053.656    59.00   0.0000e+00   1.4417e+03   8.6776e+02   0  H  0.00  1   !  -9.99000e+02  -99.000  -99.000  -999
OBS: 6000333  54055.656    61.00   0.0000e+00   1.3526e+03   8.1412e+02   0  H  0.00  1   !  -9.99000e+02  -99.000  -99.000  -999
OBS: 6000333  54057.656    63.00   0.0000e+00   1.2777e+03   7.6903e+02   0  H  0.00  1   !  -9.99000e+02  -99.000  -99.000  -999
OBS: 6000333  54059.656    65.00   0.0000e+00   1.0955e+03   6.5939e+02   0  H  0.00  1   !  -9.99000e+02  -99.000  -99.000  -999
OBS: 6000333  54061.656    67.00   0.0000e+00   9.5344e+02   5.7389e+02   0  H  0.00  1   !  -9.99000e+02  -99.000  -99.000  -999
OBS: 6000333  54063.656    69.00   0.0000e+00   8.4677e+02   5.0968e+02   0  H  0.00  1   !  -9.99000e+02  -99.000  -99.000  -999
OBS: 6000333  54065.656    71.00   0.0000e+00   7.6880e+02   4.6275e+02   0  H  0.00  1   !  -9.99000e+02  -99.000  -99.000  -999
OBS: 6000333  54067.656    73.00   0.0000e+00   7.1074e+02   4.2780e+02   0  H  0.00  1   !  -9.99000e+02  -99.000  -99.000  -999
OBS: 6000333  54069.656    75.00   0.0000e+00   6.6086e+02   3.9778e+02   0  H  0.00  1   !  -9.99000e+02  -99.000  -99.000  -999
OBS: 6000333  54071.656    77.00   0.0000e+00   6.1183e+02   3.6827e+02   0  H  0.00  1   !  -9.99000e+02  -99.000  -99.000  -999
OBS: 6000333  54073.656    79.00   0.0000e+00   5.7295e+02   3.4486e+02   0  H  0.00  1   !  -9.99000e+02  -99.000  -99.000  -999
OBS: 6000333  54075.656    81.00   0.0000e+00   5.4084e+02   3.2554e+02   0  H  0.00  1   !  -9.99000e+02  -99.000  -99.000  -999
OBS: 6000333  54077.656    83.00   0.0000e+00   5.1063e+02   3.0736e+02   0  H  0.00  1   !  -9.99000e+02  -99.000  -99.000  -999
OBS: 6000333  54079.656    85.00   0.0000e+00   4.8221e+02   2.9024e+02   0  H  0.00  1   !  -9.99000e+02  -99.000  -99.000  -999
OBS: 6000333  54081.656    87.00   0.0000e+00   4.5559e+02   2.7422e+02   0  H  0.00  1   !  -9.99000e+02  -99.000  -99.000  -999
OBS: 6000333  54083.656    89.00   0.0000e+00   4.3076e+02   2.5928e+02   0  H  0.00  1   !  -9.99000e+02  -99.000  -99.000  -999
OBS: 6000333  54085.656    91.00   0.0000e+00   4.0603e+02   2.4439e+02   0  H  0.00  1   !  -9.99000e+02  -99.000  -99.000  -999
OBS: 6000333  54087.656    93.00   0.0000e+00   3.8250e+02   2.3023e+02   0  H  0.00  1   !  -9.99000e+02  -99.000  -99.000  -999
OBS: 6000333  54089.656    95.00   0.0000e+00   3.6034e+02   2.1689e+02   0  H  0.00  1   !  -9.99000e+02  -99.000  -99.000  -999
OBS: 6000333  54091.656    97.00   0.0000e+00   3.3945e+02   2.0432e+02   0  H  0.00  1   !  -9.99000e+02  -99.000  -99.000  -999
OBS: 6000333  54093.656    99.00   0.0000e+00   3.1978e+02   1.9248e+02   0  H  0.00  1   !  -9.99000e+02  -99.000  -99.000  -999
OBS: 6000333  54095.656   101.00   0.0000e+00   3.0125e+02   1.8133e+02   0  H  0.00  1   !  -9.99000e+02  -99.000  -99.000  -999
OBS: 6000333  54097.656   103.00   0.0000e+00   2.8379e+02   1.7082e+02   0  H  0.00  1   !  -9.99000e+02  -99.000  -99.000  -999
OBS: 6000333  54099.656   105.00   0.0000e+00   2.6734e+02   1.6092e+02   0  H  0.00  1   !  -9.99000e+02  -99.000  -99.000  -999
OBS: 6000333  54101.656   107.00   0.0000e+00   2.5185e+02   1.5159e+02   0  H  0.00  1   !  -9.99000e+02  -99.000  -99.000  -999
OBS: 6000333  54103.656   109.00   0.0000e+00   2.3725e+02   1.4280e+02   0  H  0.00  1   !  -9.99000e+02  -99.000  -99.000  -999
OBS: 6000333  54105.656   111.00   0.0000e+00   2.2350e+02   1.3453e+02   0  H  0.00  1   !  -9.99000e+02  -99.000  -99.000  -999
OBS: 6000333  54107.656   113.00   0.0000e+00   2.1054e+02   1.2673e+02   0  H  0.00  1   !  -9.99000e+02  -99.000  -99.000  -999
OBS: 6000333  54109.656   115.00   0.0000e+00   1.9834e+02   1.1938e+02   0  H  0.00  1   !  -9.99000e+02  -99.000  -99.000  -999
OBS: 6000333  54111.656   117.00   0.0000e+00   1.8684e+02   1.1246e+02   0  H  0.00  1   !  -9.99000e+02  -99.000  -99.000  -999
OBS: 6000333  54113.656   119.00   0.0000e+00   1.7601e+02   1.0594e+02   0  H  0.00  1   !  -9.99000e+02  -99.000  -99.000  -999
OBS: 6000333  54115.656   121.00   0.0000e+00   1.6580e+02   9.9798e+01   0  H  0.00  1   !  -9.99000e+02  -99.000  -99.000  -999
OBS: 6000333  54117.656   123.00   0.0000e+00   1.5619e+02   9.4012e+01   0  H  0.00  1   !  -9.99000e+02  -99.000  -99.000  -999
OBS: 6000333  54119.656   125.00   0.0000e+00   1.4713e+02   8.8560e+01   0  H  0.00  1   !  -9.99000e+02  -99.000  -99.000  -999
OBS: 6000333  54121.656   127.00   0.0000e+00   1.3860e+02   8.3424e+01   0  H  0.00  1   !  -9.99000e+02  -99.000  -99.000  -999
OBS: 6000333  54123.656   129.00   0.0000e+00   1.3056e+02   7.8586e+01   0  H  0.00  1   !  -9.99000e+02  -99.000  -99.000  -999
OBS: 6000333  54125.656   131.00   0.0000e+00   1.2299e+02   7.4028e+01   0  H  0.00  1   !  -9.99000e+02  -99.000  -99.000  -999
OBS: 6000333  54127.656   133.00   0.0000e+00   1.1585e+02   6.9734e+01   0  H  0.00  1   !  -9.99000e+02  -99.000  -99.000  -999
OBS: 6000333  54129.656   135.00   0.0000e+00   1.0913e+02   6.5689e+01   0  H  0.00  1   !  -9.99000e+02  -99.000  -99.000  -999
OBS: 6000333  54131.656   137.00   0.0000e+00   1.0280e+02   6.1878e+01   0  H  0.00  1   !  -9.99000e+02  -99.000  -99.000  -999
OBS: 6000333  54133.656   139.00   0.0000e+00   9.6839e+01   5.8289e+01   0  H  0.00  1   !  -9.99000e+02  -99.000  -99.000  -999
