VARNAMES: CID MJD Tobs SIM_FLUXCAL FLUXCAL FLUXCAL_ERR DATAFLAG BAND CHI2 IFIT BAND_REST FLUX_REST KCOR AVWARP SIM_FLUX_REST 
OBS: 6000019  53300.570    -4.11   3.1505e+03   2.8845e+03   2.7025e+02   1  J  0.00  1   J  2.68804e+18  -0.144  0.222  1.00000e+11
OBS: 6000019  53300.578    -4.10   3.1499e+03   2.5762e+03   3.8519e+02   1  J  0.71  1   J  2.40074e+18  -0.144  0.221  1.00000e+11
OBS: 6000019  53301.621    -3.06   3.0913e+03   2.9153e+03   2.7172e+02   1  J  0.06  1   J  2.72322e+18  -0.141  0.178  1.00000e+11
OBS: 6000019  53301.629    -3.05   3.0904e+03   2.8312e+03   2.6913e+02   1  J  0.00  1   J  2.64468e+18  -0.141  0.178  1.00000e+11
OBS: 6000019  53306.609     1.93   2.3681e+03   2.0670e+03   4.6451e+02   1  J  0.06  1   J  2.00337e+18  -0.101  0.660  1.00000e+11
OBS: 6000019  53306.609     1.93   2.3681e+03   1.9335e+03   4.6203e+02   1  J  0.28  1   J  1.87397e+18  -0.101  0.660  1.00000e+11
OBS: 6000019  53311.531     6.85   1.5352e+03   1.6342e+03   2.6650e+02   1  J  0.67  1   J  1.52010e+18  -0.146  1.422  1.00000e+11
OBS: 6000019  53311.531     6.85   1.5352e+03   1.4323e+03   2.4816e+02   1  J  0.01  1   J  1.33230e+18  -0.146  1.422  1.00000e+11
OBS: 6000019  53327.570    22.89   1.0806e+03   1.1882e+03   1.7033e+02   1  J  1.03  1   J  8.13931e+17  -0.478  0.980  1.00000e+11
OBS: 6000019  53327.578    22.90   1.0812e+03   1.0938e+03   1.6608e+02   1  J  0.27  1   J  7.49140e+17  -0.478  0.980  1.00000e+11
OBS: 6000019  53338.559    33.88   1.7030e+03   2.0782e+03   2.2021e+02   1  J  4.50  1   J  1.29369e+18  -0.582  1.435  1.00000e+11
OBS: 6000019  53338.559    33.88   1.7030e+03   1.7569e+03   2.3899e+02   1  J  0.52  1   J  1.09366e+18  -0.582  1.435  1.00000e+11
OBS: 6000019  53342.531    37.85   1.7663e+03   1.8124e+03   2.5076e+02   1  J  0.46  1   J  1.08500e+18  -0.624  1.735  1.00000e+11
OBS: 6000019  53342.539    37.86   1.7657e+03   2.0985e+03   2.6067e+02   1  J  2.82  1   J  1.25603e+18  -0.625  1.732  1.00000e+11
OBS: 6000019  53245.684   -59.00   0.0000e+00   0.0000e+00   0.0000e+00   0  J  0.00  1   !  -9.99000e+02  -99.000  -99.000  -999
OBS: 6000019  53247.684   -57.00   0.0000e+00   0.0000e+00   0.0000e+00   0  J  0.00  1   !  -9.99000e+02  -99.000  -99.000  -999
OBS: 6000019  53249.684   -55.00   0.0000e+00   0.0000e+00   0.0000e+00   0  J  0.00  1   !  -9.99000e+02  -99.000  -99.000  -999
OBS: 6000019  53251.684   -53.00   0.0000e+00   0.0000e+00   0.0000e+00   0  J  0.00  1   !  -9.99000e+02  -99.000  -99.000  -999
OBS: 6000019  53253.684   -51.00   0.0000e+00   0.0000e+00   0.0000e+00   0  J  0.00  1   !  -9.99000e+02  -99.000  -99.000  -999
OBS: 6000019  53255.684   -49.00   0.0000e+00   0.0000e+00   0.0000e+00   0  J  0.00  1   !  -9.99000e+02  -99.000  -99.000  -999
OBS: 6000019  53257.684   -47.00   0.0000e+00   0.0000e+00   0.0000e+00   0  J  0.00  1   !  -9.99000e+02  -99.000  -99.000  -999
OBS: 6000019  53259.684   -45.00   0.0000e+00   0.0000e+00   0.0000e+00   0  J  0.00  1   !  -9.99000e+02  -99.000  -99.000  -999
OBS: 6000019  53261.684   -43.00   0.0000e+00   0.0000e+00   0.0000e+00   0  J  0.00  1   !  -9.99000e+02  -99.000  -99.000  -999
OBS: 6000019  53263.684   -41.00   0.0000e+00   0.0000e+00   0.0000e+00   0  J  0.00  1   !  -9.99000e+02  -99.000  -99.000  -999
OBS: 6000019  53265.684   -39.00   0.0000e+00   0.0000e+00   0.0000e+00   0  J  0.00  1   !  -9.99000e+02  -99.000  -99.000  -999
OBS: 6000019  53267.684   -37.00   0.0000e+00   0.0000e+00   0.0000e+00   0  J  0.00  1   !  -9.99000e+02  -99.000  -99.000  -999
OBS: 6000019  53269.684   -35.00   0.0000e+00   0.0000e+00   0.0000e+00   0  J  0.00  1   !  -9.99000e+02  -99.000  -99.000  -999
OBS: 6000019  53271.684   -33.00   0.0000e+00   0.0000e+00   0.0000e+00   0  J  0.00  1   !  -9.99000e+02  -99.000  -99.000  -999
OBS: 6000019  53273.684   -31.00   0.0000e+00   0.0000e+00   0.0000e+00   0  J  0.00  1   !  -9.99000e+02  -99.000  -99.000  -999
OBS: 6000019  53275.684   -29.00   0.0000e+00   0.0000e+00   0.0000e+00   0  J  0.00  1   !  -9.99000e+02  -99.000  -99.000  -999
OBS: 6000019  53277.684   -27.00   0.0000e+00   0.0000e+00   0.0000e+00   0  J  0.00  1   !  -9.99000e+02  -99.000  -99.000  -999
OBS: 6000019  53279.684   -25.00   0.0000e+00   0.0000e+00   0.0000e+00   0  J  0.00  1   !  -9.99000e+02  -99.000  -99.000  -999
OBS: 6000019  53281.684   -23.00   0.0000e+00   0.0000e+00   0.0000e+00   0  J  0.00  1   !  -9.99000e+02  -99.000  -99.000  -999
OBS: 6000019  53283.684   -21.00   0.0000e+00   5.6479e+02   3.3995e+02   0  J  0.00  1   !  -9.99000e+02  -99.000  -99.000  -999
OBS: 6000019  53285.684   -19.00   0.0000e+00   6.2380e+02   3.7547e+02   0  J  0.00  1   !  -9.99000e+02  -99.000  -99.000  -999
OBS: 6000019  53287.684   -17.00   0.0000e+00   6.2540e+02   3.7644e+02   0  J  0.00  1   !  -9.99000e+02  -99.000  -99.000  -999
OBS: 6000019  53289.684   -15.00   0.0000e+00   9.5907e+02   1.5504e+02   0  J  0.00  1   !  -9.99000e+02  -99.000  -99.000  -999
OBS: 6000019  53291.684   -13.00   0.0000e+00   1.5945e+03   7.4062e+01   0  J  0.00  1   !  -9.99000e+02  -99.000  -99.000  -999
OBS: 6000019  53293.684   -11.00   0.0000e+00   2.1764e+03   7.2410e+01   0  J  0.00  1   !  -9.99000e+02  -99.000  -99.000  -999
OBS: 6000019  53295.684    -9.00   0.0000e+00   2.5947e+03   7.2626e+01   0  J  0.00  1   !  -9.99000e+02  -99.000  -99.000  -999
OBS: 6000019  53297.684    -7.00   0.0000e+00   2.8232e+03   5.4177e+01   0  J  0.00  1   !  -9.99000e+02  -99.000  -99.000  -999
OBS: 6000019  53299.684    -5.00   0.0000e+00   2.9139e+03   4.6309e+01   0  J  0.00  1   !  -9.99000e+02  -99.000  -99.000  -999
OBS: 6000019  53301.684    -3.00   0.0000e+00   2.8429e+03   4.9443e+01   0  J  0.00  1   !  -9.99000e+02  -99.000  -99.000  -999
OBS: 6000019  53303.684    -1.00   0.0000e+00   2.6587e+03   5.0097e+01   0  J  0.00  1   !  -9.99000e+02  -99.000  -99.000  -999
OBS: 6000019  53305.684     1.00   0.0000e+00   2.3436e+03   4.7639e+01   0  J  0.00  1   !  -9.99000e+02  -99.000  -99.000  -999
OBS: 6000019  53307.684     3.00   0.0000e+00   1.9945e+03   4.5193e+01   0  J  0.00  1   !  -9.99000e+02  -99.000  -99.000  -999
OBS: 6000019  53309.684     5.00   0.0000e+00   1.6876e+03   4.5314e+01   0  J  0.00  1   !  -9.99000e+02  -99.000  -99.000  -999
OBS: 6000019  53311.684     7.00   0.0000e+00   1.3898e+03   4.7027e+01   0  J  0.00  1   !  -9.99000e+02  -99.000  -99.000  -999
OBS: 6000019  53313.684     9.00   0.0000e+00   1.1215e+03   5.3567e+01   0  J  0.00  1   !  -9.99000e+02  -99.000  -99.000  -999
OBS: 6000019  53315.684    11.00   0.0000e+00   9.2780e+02   6.0621e+01   0  J  0.00  1   !  -9.99000e+02  -99.000  -99.000  -999
OBS: 6000019  53317.684    13.00   0.0000e+00   8.1756e+02   6.3266e+01   0  J  0.00  1   !  -9.99000e+02  -99.000  -99.000  -999
OBS: 6000019  53319.684    15.00   0.0000e+00   8.0769e+02   6.4615e+01   0  J  0.00  1   !  -9.99000e+02  -99.000  -99.000  -999
OBS: 6000019  53321.684    17.00   0.0000e+00   8.2926e+02   6.8350e+01   0  J  0.00  1   !  -9.99000e+02  -99.000  -99.000  -999
OBS: 6000019  53323.684    19.00   0.0000e+00   8.7007e+02   7.3842e+01   0  J  0.00  1   !  -9.99000e+02  -99.000  -99.000  -999
OBS: 6000019  53325.684    21.00   0.0000e+00   9.1841e+02   7.4248e+01   0  J  0.00  1   !  -9.99000e+02  -99.000  -99.000  -999
OBS: 6000019  53327.684    23.00   0.0000e+00   1.0034e+03   7.9140e+01   0  J  0.00  1   !  -9.99000e+02  -99.000  -99.000  -999
OBS: 6000019  53329.684    25.00   0.0000e+00   1.1206e+03   8.0418e+01   0  J  0.00  1   !  -9.99000e+02  -99.000  -99.000  -999
OBS: 6000019  53331.684    27.00   0.0000e+00   1.2391e+03   7.4702e+01   0  J  0.00  1   !  -9.99000e+02  -99.000  -99.000  -999
OBS: 6000019  53333.684    29.00   0.0000e+00   1.3582e+03   8.0841e+01   0  J  0.00  1   !  -9.99000e+02  -99.000  -99.000  -999
OBS: 6000019  53335.684    31.00   0.0000e+00   1.4504e+03   9.0121e+01   0  J  0.00  1   !  -9.99000e+02  -99.000  -99.000  -999
OBS: 6000019  53337.684    33.00   0.0000e+00   1.5319e+03   9.1803e+01   0  J  0.00  1   !  -9.99000e+02  -99.000  -99.000  -999
OBS: 6000019  53339.684    35.00   0.0000e+00   1.6193e+03   9.5835e+01   0  J  0.00  1   !  -9.99000e+02  -99.000  -99.000  -999
OBS: 6000019  53341.684    37.00   0.0000e+00   1.6455e+03   1.0009e+02   0  J  0.00  1   !  -9.99000e+02  -99.000  -99.000  -999
OBS: 6000019  53343.684    39.00   0.0000e+00   1.5630e+03   1.1239e+02   0  J  0.00  1   !  -9.99000e+02  -99.000  -99.000  -999
OBS: 6000019  53345.684    41.00   0.0000e+00   1.3954e+03   1.1398e+02   0  J  0.00  1   !  -9.99000e+02  -99.000  -99.000  -999
OBS: 6000019  53347.684    43.00   0.0000e+00   1.1926e+03   1.0984e+02   0  J  0.00  1   !  -9.99000e+02  -99.000  -99.000  -999
OBS: 6000019  53349.684    45.00   0.0000e+00   1.0033e+03   1.0777e+02   0  J  0.00  1   !  -9.99000e+02  -99.000  -99.000  -999
OBS: 6000019  53351.684    47.00   0.0000e+00   8.8098e+02   1.0583e+02   0  J  0.00  1   !  -9.99000e+02  -99.000  -99.000  -999
OBS: 6000019  53353.684    49.00   0.0000e+00   8.1486e+02   1.1256e+02   0  J  0.00  1   !  -9.99000e+02  -99.000  -99.000  -999
OBS: 6000019  53355.684    51.00   0.0000e+00   7.5960e+02   1.5698e+02   0  J  0.00  1   !  -9.99000e+02  -99.000  -99.000  -999
OBS: 6000019  53357.684    53.00   0.0000e+00   6.9264e+02   2.1237e+02   0  J  0.00  1   !  -9.99000e+02  -99.000  -99.000  -999
OBS: 6000019  53359.684    55.00   0.0000e+00   6.2596e+02   3.7677e+02   0  J  0.00  1   !  -9.99000e+02  -99.000  -99.000  -999
OBS: 6000019  53361.684    57.00   0.0000e+00   5.7128e+02   3.4386e+02   0  J  0.00  1   !  -9.99000e+02  -99.000  -99.000  -999
OBS: 6000019  53363.684    59.00   0.0000e+00   5.0656e+02   3.0490e+02   0  J  0.00  1   !  -9.99000e+02  -99.000  -99.000  -999
OBS: 6000019  53365.684    61.00   0.0000e+00   4.4984e+02   2.7076e+02   0  J  0.00  1   !  -9.99000e+02  -99.000  -99.000  -999
OBS: 6000019  53367.684    63.00   0.0000e+00   4.0211e+02   2.4204e+02   0  J  0.00  1   !  -9.99000e+02  -99.000  -99.000  -999
OBS: 6000019  53369.684    65.00   0.0000e+00   3.5640e+02   2.1452e+02   0  J  0.00  1   !  -9.99000e+02  -99.000  -99.000  -999
OBS: 6000019  53371.684    67.00   0.0000e+00   2.8938e+02   1.7418e+02   0  J  0.00  1   !  -9.99000e+02  -99.000  -99.000  -999
OBS: 6000019  53373.684    69.00   0.0000e+00   2.4265e+02   1.4605e+02   0  J  0.00  1   !  -9.99000e+02  -99.000  -99.000  -999
OBS: 6000019  53375.684    71.00   0.0000e+00   2.0796e+02   1.2517e+02   0  J  0.00  1   !  -9.99000e+02  -99.000  -99.000  -999
OBS: 6000019  53377.684    73.00   0.0000e+00   1.7987e+02   1.0827e+02   0  J  0.00  1   !  -9.99000e+02  -99.000  -99.000  -999
OBS: 6000019  53379.684    75.00   0.0000e+00   1.5527e+02   9.3458e+01   0  J  0.00  1   !  -9.99000e+02  -99.000  -99.000  -999
OBS: 6000019  53381.684    77.00   0.0000e+00   1.3226e+02   7.9610e+01   0  J  0.00  1   !  -9.99000e+02  -99.000  -99.000  -999
OBS: 6000019  53383.684    79.00   0.0000e+00   1.0995e+02   6.6181e+01   0  J  0.00  1   !  -9.99000e+02  -99.000  -99.000  -999
OBS: 6000019  53385.684    81.00   0.0000e+00   9.5468e+01   5.7463e+01   0  J  0.00  1   !  -9.99000e+02  -99.000  -99.000  -999
OBS: 6000019  53387.684    83.00   0.0000e+00   8.5389e+01   5.1397e+01   0  J  0.00  1   !  -9.99000e+02  -99.000  -99.000  -999
OBS: 6000019  53389.684    85.00   0.0000e+00   7.6320e+01   4.5938e+01   0  J  0.00  1   !  -9.99000e+02  -99.000  -99.000  -999
OBS: 6000019  53391.684    87.00   0.0000e+00   6.8156e+01   4.1024e+01   0  J  0.00  1   !  -9.99000e+02  -99.000  -99.000  -999
OBS: 6000019  53393.684    89.00   0.0000e+00   6.0761e+01   3.6573e+01   0  J  0.00  1   !  -9.99000e+02  -99.000  -99.000  -999
OBS: 6000019  53395.684    91.00   0.0000e+00   5.4034e+01   3.2524e+01   0  J  0.00  1   !  -9.99000e+02  -99.000  -99.000  -999
OBS: 6000019  53397.684    93.00   0.0000e+00   4.8644e+01   2.9279e+01   0  J  0.00  1   !  -9.99000e+02  -99.000  -99.000  -999
OBS: 6000019  53399.684    95.00   0.0000e+00   4.4022e+01   2.6497e+01   0  J  0.00  1   !  -9.99000e+02  -99.000  -99.000  -999
OBS: 6000019  53401.684    97.00   0.0000e+00   3.9853e+01   2.3988e+01   0  J  0.00  1   !  -9.99000e+02  -99.000  -99.000  -999
OBS: 6000019  53403.684    99.00   0.0000e+00   3.6085e+01   2.1720e+01   0  J  0.00  1   !  -9.99000e+02  -99.000  -99.000  -999
OBS: 6000019  53405.684   101.00   0.0000e+00   3.2874e+01   1.9787e+01   0  J  0.00  1   !  -9.99000e+02  -99.000  -99.000  -999
OBS: 6000019  53407.684   103.00   0.0000e+00   3.0025e+01   1.8073e+01   0  J  0.00  1   !  -9.99000e+02  -99.000  -99.000  -999
OBS: 6000019  53409.684   105.00   0.0000e+00   2.7580e+01   1.6601e+01   0  J  0.00  1   !  -9.99000e+02  -99.000  -99.000  -999
OBS: 6000019  53411.684   107.00   0.0000e+00   2.5334e+01   1.5249e+01   0  J  0.00  1   !  -9.99000e+02  -99.000  -99.000  -999
OBS: 6000019  53413.684   109.00   0.0000e+00   2.3270e+01   1.4007e+01   0  J  0.00  1   !  -9.99000e+02  -99.000  -99.000  -999
OBS: 6000019  53415.684   111.00   0.0000e+00   2.1375e+01   1.2866e+01   0  J  0.00  1   !  -9.99000e+02  -99.000  -99.000  -999
OBS: 6000019  53417.684   113.00   0.0000e+00   1.9634e+01   1.1818e+01   0  J  0.00  1   !  -9.99000e+02  -99.000  -99.000  -999
OBS: 6000019  53419.684   115.00   0.0000e+00   1.8035e+01   1.0855e+01   0  J  0.00  1   !  -9.99000e+02  -99.000  -99.000  -999
OBS: 6000019  53421.684   117.00   0.0000e+00   1.6566e+01   9.9712e+00   0  J  0.00  1   !  -9.99000e+02  -99.000  -99.000  -999
OBS: 6000019  53423.684   119.00   0.0000e+00   1.5217e+01   9.1591e+00   0  J  0.00  1   !  -9.99000e+02  -99.000  -99.000  -999
OBS: 6000019  53425.684   121.00   0.0000e+00   1.3977e+01   8.4131e+00   0  J  0.00  1   !  -9.99000e+02  -99.000  -99.000  -999
OBS: 6000019  53427.684   123.00   0.0000e+00   1.2839e+01   7.7279e+00   0  J  0.00  1   !  -9.99000e+02  -99.000  -99.000  -999
OBS: 6000019  53429.684   125.00   0.0000e+00   1.1793e+01   7.0985e+00   0  J  0.00  1   !  -9.99000e+02  -99.000  -99.000  -999
OBS: 6000019  53431.684   127.00   0.0000e+00   1.0833e+01   6.5203e+00   0  J  0.00  1   !  -9.99000e+02  -99.000  -99.000  -999
OBS: 6000019  53433.684   129.00   0.0000e+00   9.9504e+00   5.9893e+00   0  J  0.00  1   !  -9.99000e+02  -99.000  -99.000  -999
OBS: 6000019  53435.684   131.00   0.0000e+00   9.1400e+00   5.5015e+00   0  J  0.00  1   !  -9.99000e+02  -99.000  -99.000  -999
OBS: 6000019  53437.684   133.00   0.0000e+00   8.3956e+00   5.0534e+00   0  J  0.00  1   !  -9.99000e+02  -99.000  -99.000  -999
OBS: 6000019  53439.684   135.00   0.0000e+00   7.7118e+00   4.6418e+00   0  J  0.00  1   !  -9.99000e+02  -99.000  -99.000  -999
OBS: 6000019  53441.684   137.00   0.0000e+00   7.0837e+00   4.2637e+00   0  J  0.00  1   !  -9.99000e+02  -99.000  -99.000  -999
OBS: 6000019  53443.684   139.00   0.0000e+00   6.5067e+00   3.9165e+00   0  J  0.00  1   !  -9.99000e+02  -99.000  -99.000  -999
OBS: 6000019  53301.621    -3.06   2.8039e+03   2.9317e+03   2.1640e+02   1  y  0.08  1   Y  2.25825e+18  -0.351  -1.344  1.00000e+11
OBS: 6000019  53301.629    -3.05   2.8028e+03   2.5540e+03   2.1669e+02   1  y  1.86  1   Y  1.96724e+18  -0.351  -1.345  1.00000e+11
OBS: 6000019  53306.609     1.93   2.0556e+03   1.7186e+03   1.8010e+02   1  y  4.04  1   Y  1.32468e+18  -0.350  -1.712  1.00000e+11
OBS: 6000019  53306.609     1.93   2.0556e+03   2.1653e+03   1.8347e+02   1  y  0.11  1   Y  1.66903e+18  -0.350  -1.712  1.00000e+11
OBS: 6000019  53311.531     6.85   1.6363e+03   1.9475e+03   1.8129e+02   1  y  1.98  1   Y  1.38079e+18  -0.441  -1.841  1.00000e+11
OBS: 6000019  53311.531     6.85   1.6363e+03   1.4873e+03   1.7644e+02   1  y  0.94  1   Y  1.05451e+18  -0.441  -1.841  1.00000e+11
OBS: 6000019  53327.570    22.89   1.9092e+03   1.8432e+03   1.9226e+02   1  y  0.27  1   Y  1.39912e+18  -0.367  -0.964  1.00000e+11
OBS: 6000019  53327.578    22.90   1.9093e+03   1.9170e+03   1.7131e+02   1  y  0.04  1   Y  1.45565e+18  -0.366  -0.964  1.00000e+11
OBS: 6000019  53338.559    33.88   2.7854e+03   2.8987e+03   2.6730e+02   1  y  0.03  1   Y  2.56302e+18  -0.201  -0.692  1.00000e+11
OBS: 6000019  53338.559    33.88   2.7854e+03   2.7060e+03   2.6571e+02   1  y  0.26  1   Y  2.39266e+18  -0.201  -0.692  1.00000e+11
OBS: 6000019  53245.684   -59.00   0.0000e+00   0.0000e+00   0.0000e+00   0  y  0.00  1   !  -9.99000e+02  -99.000  -99.000  -999
OBS: 6000019  53247.684   -57.00   0.0000e+00   0.0000e+00   0.0000e+00   0  y  0.00  1   !  -9.99000e+02  -99.000  -99.000  -999
OBS: 6000019  53249.684   -55.00   0.0000e+00   0.0000e+00   0.0000e+00   0  y  0.00  1   !  -9.99000e+02  -99.000  -99.000  -999
OBS: 6000019  53251.684   -53.00   0.0000e+00   0.0000e+00   0.0000e+00   0  y  0.00  1   !  -9.99000e+02  -99.000  -99.000  -999
OBS: 6000019  53253.684   -51.00   0.0000e+00   0.0000e+00   0.0000e+00   0  y  0.00  1   !  -9.99000e+02  -99.000  -99.000  -999
OBS: 6000019  53255.684   -49.00   0.0000e+00   0.0000e+00   0.0000e+00   0  y  0.00  1   !  -9.99000e+02  -99.000  -99.000  -999
OBS: 6000019  53257.684   -47.00   0.0000e+00   0.0000e+00   0.0000e+00   0  y  0.00  1   !  -9.99000e+02  -99.000  -99.000  -999
OBS: 6000019  53259.684   -45.00   0.0000e+00   0.0000e+00   0.0000e+00   0  y  0.00  1   !  -9.99000e+02  -99.000  -99.000  -999
OBS: 6000019  53261.684   -43.00   0.0000e+00   0.0000e+00   0.0000e+00   0  y  0.00  1   !  -9.99000e+02  -99.000  -99.000  -999
OBS: 6000019  53263.684   -41.00   0.0000e+00   0.0000e+00   0.0000e+00   0  y  0.00  1   !  -9.99000e+02  -99.000  -99.000  -999
OBS: 6000019  53265.684   -39.00   0.0000e+00   0.0000e+00   0.0000e+00   0  y  0.00  1   !  -9.99000e+02  -99.000  -99.000  -999
OBS: 6000019  53267.684   -37.00   0.0000e+00   0.0000e+00   0.0000e+00   0  y  0.00  1   !  -9.99000e+02  -99.000  -99.000  -999
OBS: 6000019  53269.684   -35.00   0.0000e+00   0.0000e+00   0.0000e+00   0  y  0.00  1   !  -9.99000e+02  -99.000  -99.000  -999
OBS: 6000019  53271.684   -33.00   0.0000e+00   0.0000e+00   0.0000e+00   0  y  0.00  1   !  -9.99000e+02  -99.000  -99.000  -999
OBS: 6000019  53273.684   -31.00   0.0000e+00   0.0000e+00   0.0000e+00   0  y  0.00  1   !  -9.99000e+02  -99.000  -99.000  -999
OBS: 6000019  53275.684   -29.00   0.0000e+00   0.0000e+00   0.0000e+00   0  y  0.00  1   !  -9.99000e+02  -99.000  -99.000  -999
OBS: 6000019  53277.684   -27.00   0.0000e+00   0.0000e+00   0.0000e+00   0  y  0.00  1   !  -9.99000e+02  -99.000  -99.000  -999
OBS: 6000019  53279.684   -25.00   0.0000e+00   0.0000e+00   0.0000e+00   0  y  0.00  1   !  -9.99000e+02  -99.000  -99.000  -999
OBS: 6000019  53281.684   -23.00   0.0000e+00   0.0000e+00   0.0000e+00   0  y  0.00  1   !  -9.99000e+02  -99.000  -99.000  -999
OBS: 6000019  53283.684   -21.00   0.0000e+00   4.7134e+02   2.8370e+02   0  y  0.00  1   !  -9.99000e+02  -99.000  -99.000  -999
OBS: 6000019  53285.684   -19.00   0.0000e+00   3.8929e+02   2.3432e+02   0  y  0.00  1   !  -9.99000e+02  -99.000  -99.000  -999
OBS: 6000019  53287.684   -17.00   0.0000e+00   3.8746e+02   2.3322e+02   0  y  0.00  1   !  -9.99000e+02  -99.000  -99.000  -999
OBS: 6000019  53289.684   -15.00   0.0000e+00   6.7770e+02   1.2160e+02   0  y  0.00  1   !  -9.99000e+02  -99.000  -99.000  -999
OBS: 6000019  53291.684   -13.00   0.0000e+00   1.2068e+03   8.0840e+01   0  y  0.00  1   !  -9.99000e+02  -99.000  -99.000  -999
OBS: 6000019  53293.684   -11.00   0.0000e+00   1.7396e+03   7.7064e+01   0  y  0.00  1   !  -9.99000e+02  -99.000  -99.000  -999
OBS: 6000019  53295.684    -9.00   0.0000e+00   2.2399e+03   7.5288e+01   0  y  0.00  1   !  -9.99000e+02  -99.000  -99.000  -999
OBS: 6000019  53297.684    -7.00   0.0000e+00   2.6831e+03   6.2397e+01   0  y  0.00  1   !  -9.99000e+02  -99.000  -99.000  -999
OBS: 6000019  53299.684    -5.00   0.0000e+00   2.8941e+03   6.0661e+01   0  y  0.00  1   !  -9.99000e+02  -99.000  -99.000  -999
OBS: 6000019  53301.684    -3.00   0.0000e+00   2.8589e+03   7.1557e+01   0  y  0.00  1   !  -9.99000e+02  -99.000  -99.000  -999
OBS: 6000019  53303.684    -1.00   0.0000e+00   2.5490e+03   7.2414e+01   0  y  0.00  1   !  -9.99000e+02  -99.000  -99.000  -999
OBS: 6000019  53305.684     1.00   0.0000e+00   2.2141e+03   6.2899e+01   0  y  0.00  1   !  -9.99000e+02  -99.000  -99.000  -999
OBS: 6000019  53307.684     3.00   0.0000e+00   2.0130e+03   6.3545e+01   0  y  0.00  1   !  -9.99000e+02  -99.000  -99.000  -999
OBS: 6000019  53309.684     5.00   0.0000e+00   1.8332e+03   6.9219e+01   0  y  0.00  1   !  -9.99000e+02  -99.000  -99.000  -999
OBS: 6000019  53311.684     7.00   0.0000e+00   1.6605e+03   7.3328e+01   0  y  0.00  1   !  -9.99000e+02  -99.000  -99.000  -999
OBS: 6000019  53313.684     9.00   0.0000e+00   1.5541e+03   7.5327e+01   0  y  0.00  1   !  -9.99000e+02  -99.000  -99.000  -999
OBS: 6000019  53315.684    11.00   0.0000e+00   1.5075e+03   7.2319e+01   0  y  0.00  1   !  -9.99000e+02  -99.000  -99.000  -999
OBS: 6000019  53317.684    13.00   0.0000e+00   1.4963e+03   7.1968e+01   0  y  0.00  1   !  -9.99000e+02  -99.000  -99.000  -999
OBS: 6000019  53319.684    15.00   0.0000e+00   1.5714e+03   7.1801e+01   0  y  0.00  1   !  -9.99000e+02  -99.000  -99.000  -999
OBS: 6000019  53321.684    17.00   0.0000e+00   1.6994e+03   7.1150e+01   0  y  0.00  1   !  -9.99000e+02  -99.000  -99.000  -999
OBS: 6000019  53323.684    19.00   0.0000e+00   1.8211e+03   7.3777e+01   0  y  0.00  1   !  -9.99000e+02  -99.000  -99.000  -999
OBS: 6000019  53325.684    21.00   0.0000e+00   1.9214e+03   8.2087e+01   0  y  0.00  1   !  -9.99000e+02  -99.000  -99.000  -999
OBS: 6000019  53327.684    23.00   0.0000e+00   1.9553e+03   8.8020e+01   0  y  0.00  1   !  -9.99000e+02  -99.000  -99.000  -999
OBS: 6000019  53329.684    25.00   0.0000e+00   2.0407e+03   8.5037e+01   0  y  0.00  1   !  -9.99000e+02  -99.000  -99.000  -999
OBS: 6000019  53331.684    27.00   0.0000e+00   2.3472e+03   7.8768e+01   0  y  0.00  1   !  -9.99000e+02  -99.000  -99.000  -999
OBS: 6000019  53333.684    29.00   0.0000e+00   2.6815e+03   7.7265e+01   0  y  0.00  1   !  -9.99000e+02  -99.000  -99.000  -999
OBS: 6000019  53335.684    31.00   0.0000e+00   2.8360e+03   7.7102e+01   0  y  0.00  1   !  -9.99000e+02  -99.000  -99.000  -999
OBS: 6000019  53337.684    33.00   0.0000e+00   2.8705e+03   7.6692e+01   0  y  0.00  1   !  -9.99000e+02  -99.000  -99.000  -999
OBS: 6000019  53339.684    35.00   0.0000e+00   2.7932e+03   7.5047e+01   0  y  0.00  1   !  -9.99000e+02  -99.000  -99.000  -999
OBS: 6000019  53341.684    37.00   0.0000e+00   2.6553e+03   7.3186e+01   0  y  0.00  1   !  -9.99000e+02  -99.000  -99.000  -999
OBS: 6000019  53343.684    39.00   0.0000e+00   2.5239e+03   6.8655e+01   0  y  0.00  1   !  -9.99000e+02  -99.000  -99.000  -999
OBS: 6000019  53345.684    41.00   0.0000e+00   2.3739e+03   6.8582e+01   0  y  0.00  1   !  -9.99000e+02  -99.000  -99.000  -999
OBS: 6000019  53347.684    43.00   0.0000e+00   2.1657e+03   7.4628e+01   0  y  0.00  1   !  -9.99000e+02  -99.000  -99.000  -999
OBS: 6000019  53349.684    45.00   0.0000e+00   1.9574e+03   7.7308e+01   0  y  0.00  1   !  -9.99000e+02  -99.000  -99.000  -999
OBS: 6000019  53351.684    47.00   0.0000e+00   1.7868e+03   6.6636e+01   0  y  0.00  1   !  -9.99000e+02  -99.000  -99.000  -999
OBS: 6000019  53353.684    49.00   0.0000e+00   1.6398e+03   5.6637e+01   0  y  0.00  1   !  -9.99000e+02  -99.000  -99.000  -999
OBS: 6000019  53355.684    51.00   0.0000e+00   1.4843e+03   5.7672e+01   0  y  0.00  1   !  -9.99000e+02  -99.000  -99.000  -999
OBS: 6000019  53357.684    53.00   0.0000e+00   1.3217e+03   6.2193e+01   0  y  0.00  1   !  -9.99000e+02  -99.000  -99.000  -999
OBS: 6000019  53359.684    55.00   0.0000e+00   1.1529e+03   6.9394e+02   0  y  0.00  1   !  -9.99000e+02  -99.000  -99.000  -999
OBS: 6000019  53361.684    57.00   0.0000e+00   9.9128e+02   5.9666e+02   0  y  0.00  1   !  -9.99000e+02  -99.000  -99.000  -999
OBS: 6000019  53363.684    59.00   0.0000e+00   8.9876e+02   5.4098e+02   0  y  0.00  1   !  -9.99000e+02  -99.000  -99.000  -999
OBS: 6000019  53365.684    61.00   0.0000e+00   8.1987e+02   4.9349e+02   0  y  0.00  1   !  -9.99000e+02  -99.000  -99.000  -999
OBS: 6000019  53367.684    63.00   0.0000e+00   7.5754e+02   4.5597e+02   0  y  0.00  1   !  -9.99000e+02  -99.000  -99.000  -999
OBS: 6000019  53369.684    65.00   0.0000e+00   6.9651e+02   4.1924e+02   0  y  0.00  1   !  -9.99000e+02  -99.000  -99.000  -999
OBS: 6000019  53371.684    67.00   0.0000e+00   5.9033e+02   3.5533e+02   0  y  0.00  1   !  -9.99000e+02  -99.000  -99.000  -999
OBS: 6000019  53373.684    69.00   0.0000e+00   5.0613e+02   3.0465e+02   0  y  0.00  1   !  -9.99000e+02  -99.000  -99.000  -999
OBS: 6000019  53375.684    71.00   0.0000e+00   4.4154e+02   2.6577e+02   0  y  0.00  1   !  -9.99000e+02  -99.000  -99.000  -999
OBS: 6000019  53377.684    73.00   0.0000e+00   3.9206e+02   2.3599e+02   0  y  0.00  1   !  -9.99000e+02  -99.000  -99.000  -999
OBS: 6000019  53379.684    75.00   0.0000e+00   3.5406e+02   2.1311e+02   0  y  0.00  1   !  -9.99000e+02  -99.000  -99.000  -999
OBS: 6000019  53381.684    77.00   0.0000e+00   3.2384e+02   1.9492e+02   0  y  0.00  1   !  -9.99000e+02  -99.000  -99.000  -999
OBS: 6000019  53383.684    79.00   0.0000e+00   2.9987e+02   1.8050e+02   0  y  0.00  1   !  -9.99000e+02  -99.000  -99.000  -999
OBS: 6000019  53385.684    81.00   0.0000e+00   2.7042e+02   1.6277e+02   0  y  0.00  1   !  -9.99000e+02  -99.000  -99.000  -999
OBS: 6000019  53387.684    83.00   0.0000e+00   2.4003e+02   1.4448e+02   0  y  0.00  1   !  -9.99000e+02  -99.000  -99.000  -999
OBS: 6000019  53389.684    85.00   0.0000e+00   2.1343e+02   1.2847e+02   0  y  0.00  1   !  -9.99000e+02  -99.000  -99.000  -999
OBS: 6000019  53391.684    87.00   0.0000e+00   1.9010e+02   1.1442e+02   0  y  0.00  1   !  -9.99000e+02  -99.000  -99.000  -999
OBS: 6000019  53393.684    89.00   0.0000e+00   1.6976e+02   1.0218e+02   0  y  0.00  1   !  -9.99000e+02  -99.000  -99.000  -999
OBS: 6000019  53395.684    91.00   0.0000e+00   1.5210e+02   9.1548e+01   0  y  0.00  1   !  -9.99000e+02  -99.000  -99.000  -999
OBS: 6000019  53397.684    93.00   0.0000e+00   1.3467e+02   8.1061e+01   0  y  0.00  1   !  -9.99000e+02  -99.000  -99.000  -999
OBS: 6000019  53399.684    95.00   0.0000e+00   1.1865e+02   7.1418e+01   0  y  0.00  1   !  -9.99000e+02  -99.000  -99.000  -999
OBS: 6000019  53401.684    97.00   0.0000e+00   1.0453e+02   6.2920e+01   0  y  0.00  1   !  -9.99000e+02  -99.000  -99.000  -999
OBS: 6000019  53403.684    99.00   0.0000e+00   9.2092e+01   5.5431e+01   0  y  0.00  1   !  -9.99000e+02  -99.000  -99.000  -999
OBS: 6000019  53405.684   101.00   0.0000e+00   8.1130e+01   4.8833e+01   0  y  0.00  1   !  -9.99000e+02  -99.000  -99.000  -999
OBS: 6000019  53407.684   103.00   0.0000e+00   7.1474e+01   4.3021e+01   0  y  0.00  1   !  -9.99000e+02  -99.000  -99.000  -999
OBS: 6000019  53409.684   105.00   0.0000e+00   6.2971e+01   3.7903e+01   0  y  0.00  1   !  -9.99000e+02  -99.000  -99.000  -999
OBS: 6000019  53411.684   107.00   0.0000e+00   5.5471e+01   3.3389e+01   0  y  0.00  1   !  -9.99000e+02  -99.000  -99.000  -999
OBS: 6000019  53413.684   109.00   0.0000e+00   4.8863e+01   2.9411e+01   0  y  0.00  1   !  -9.99000e+02  -99.000  -99.000  -999
OBS: 6000019  53415.684   111.00   0.0000e+00   4.3041e+01   2.5907e+01   0  y  0.00  1   !  -9.99000e+02  -99.000  -99.000  -999
OBS: 6000019  53417.684   113.00   0.0000e+00   3.7912e+01   2.2820e+01   0  y  0.00  1   !  -9.99000e+02  -99.000  -99.000  -999
OBS: 6000019  53419.684   115.00   0.0000e+00   3.3394e+01   2.0100e+01   0  y  0.00  1   !  -9.99000e+02  -99.000  -99.000  -999
OBS: 6000019  53421.684   117.00   0.0000e+00   2.9415e+01   1.7705e+01   0  y  0.00  1   !  -9.99000e+02  -99.000  -99.000  -999
OBS: 6000019  53423.684   119.00   0.0000e+00   2.5914e+01   1.5598e+01   0  y  0.00  1   !  -9.99000e+02  -99.000  -99.000  -999
OBS: 6000019  53425.684   121.00   0.0000e+00   2.2825e+01   1.3738e+01   0  y  0.00  1   !  -9.99000e+02  -99.000  -99.000  -999
OBS: 6000019  53427.684   123.00   0.0000e+00   2.0103e+01   1.2100e+01   0  y  0.00  1   !  -9.99000e+02  -99.000  -99.000  -999
OBS: 6000019  53429.684   125.00   0.0000e+00   1.7705e+01   1.0657e+01   0  y  0.00  1   !  -9.99000e+02  -99.000  -99.000  -999
OBS: 6000019  53431.684   127.00   0.0000e+00   1.5592e+01   9.3853e+00   0  y  0.00  1   !  -9.99000e+02  -99.000  -99.000  -999
OBS: 6000019  53433.684   129.00   0.0000e+00   1.3732e+01   8.2654e+00   0  y  0.00  1   !  -9.99000e+02  -99.000  -99.000  -999
OBS: 6000019  53435.684   131.00   0.0000e+00   1.2094e+01   7.2798e+00   0  y  0.00  1   !  -9.99000e+02  -99.000  -99.000  -999
OBS: 6000019  53437.684   133.00   0.0000e+00   1.0655e+01   6.4131e+00   0  y  0.00  1   !  -9.99000e+02  -99.000  -99.000  -999
OBS: 6000019  53439.684   135.00   0.0000e+00   9.3828e+00   5.6476e+00   0  y  0.00  1   !  -9.99000e+02  -99.000  -99.000  -999
OBS: 6000019  53441.684   137.00   0.0000e+00   8.2625e+00   4.9733e+00   0  y  0.00  1   !  -9.99000e+02  -99.000  -99.000  -999
OBS: 6000019  53443.684   139.00   0.0000e+00   7.2758e+00   4.3794e+00   0  y  0.00  1   !  -9.99000e+02  -99.000  -99.000  -999
OBS: 6000019  53301.621    -3.06   2.7700e+03   1.4624e+03   2.3373e+03   1  H  0.21  1   H  1.33130e+18  -0.169  -0.754  1.00000e+11
OBS: 6000019  53301.629    -3.05   2.7690e+03   1.0375e+03   2.2761e+03   1  H  0.43  1   H  9.44631e+17  -0.169  -0.753  1.00000e+11
OBS: 6000019  53306.609     1.93   2.1965e+03   4.9266e+03   1.8305e+03   1  H  2.53  1   H  4.97162e+18  -0.057  -0.386  1.00000e+11
OBS: 6000019  53306.609     1.93   2.1965e+03   1.9121e+03   1.8647e+03   1  H  0.00  1   H  1.92957e+18  -0.057  -0.386  1.00000e+11
OBS: 6000019  53311.531     6.85   1.6654e+03   4.3291e+03   1.5890e+03   1  H  3.11  1   H  5.11378e+18  0.114  -0.682  1.00000e+11
OBS: 6000019  53311.531     6.85   1.6654e+03   3.1873e+03   1.6175e+03   1  H  1.06  1   H  3.76501e+18  0.114  -0.682  1.00000e+11
OBS: 6000019  53327.570    22.89   1.6345e+03   2.7299e+02   1.8834e+03   1  H  0.42  1   H  3.95041e+17  0.334  1.043  1.00000e+11
OBS: 6000019  53327.578    22.90   1.6348e+03   2.3796e+03   1.9220e+03   1  H  0.21  1   H  3.44371e+18  0.334  1.043  1.00000e+11
OBS: 6000019  53338.559    33.88   1.9979e+03   8.9071e+02   2.0209e+03   1  H  0.22  1   H  1.10316e+18  0.165  -0.931  1.00000e+11
OBS: 6000019  53338.559    33.88   1.9979e+03   2.0981e+03   1.9007e+03   1  H  0.02  1   H  2.59859e+18  0.165  -0.931  1.00000e+11
OBS: 6000019  53342.531    37.85   1.9438e+03   4.4533e+02   1.7439e+03   1  H  0.58  1   H  4.93445e+17  0.044  -2.196  1.00000e+11
OBS: 6000019  53342.539    37.86   1.9432e+03   1.3514e+03   1.8306e+03   1  H  0.05  1   H  1.49720e+18  0.044  -2.196  1.00000e+11
OBS: 6000019  53358.551    53.87   8.3393e+02   8.9948e+02   1.0217e+03  -1  H  0.02  1   !  -9.99000e+02  -99.000  -99.000  -999
OBS: 6000019  53358.551    53.87   8.3393e+02   9.4243e+02   9.8691e+02  -1  H  0.03  1   !  -9.99000e+02  -99.000  -99.000  -999
OBS: 6000019  53245.684   -59.00   0.0000e+00   0.0000e+00   0.0000e+00   0  H  0.00  1   !  -9.99000e+02  -99.000  -99.000  -999
OBS: 6000019  53247.684   -57.00   0.0000e+00   0.0000e+00   0.0000e+00   0  H  0.00  1   !  -9.99000e+02  -99.000  -99.000  -999
OBS: 6000019  53249.684   -55.00   0.0000e+00   0.0000e+00   0.0000e+00   0  H  0.00  1   !  -9.99000e+02  -99.000  -99.000  -999
OBS: 6000019  53251.684   -53.00   0.0000e+00   0.0000e+00   0.0000e+00   0  H  0.00  1   !  -9.99000e+02  -99.000  -99.000  -999
OBS: 6000019  53253.684   -51.00   0.0000e+00   0.0000e+00   0.0000e+00   0  H  0.00  1   !  -9.99000e+02  -99.000  -99.000  -999
OBS: 6000019  53255.684   -49.00   0.0000e+00   0.0000e+00   0.0000e+00   0  H  0.00  1   !  -9.99000e+02  -99.000  -99.000  -999
OBS: 6000019  53257.684   -47.00   0.0000e+00   0.0000e+00   0.0000e+00   0  H  0.00  1   !  -9.99000e+02  -99.000  -99.000  -999
OBS: 6000019  53259.684   -45.00   0.0000e+00   0.0000e+00   0.0000e+00   0  H  0.00  1   !  -9.99000e+02  -99.000  -99.000  -999
OBS: 6000019  53261.684   -43.00   0.0000e+00   0.0000e+00   0.0000e+00   0  H  0.00  1   !  -9.99000e+02  -99.000  -99.000  -999
OBS: 6000019  53263.684   -41.00   0.0000e+00   0.0000e+00   0.0000e+00   0  H  0.00  1   !  -9.99000e+02  -99.000  -99.000  -999
OBS: 6000019  53265.684   -39.00   0.0000e+00   0.0000e+00   0.0000e+00   0  H  0.00  1   !  -9.99000e+02  -99.000  -99.000  -999
OBS: 6000019  53267.684   -37.00   0.0000e+00   0.0000e+00   0.0000e+00   0  H  0.00  1   !  -9.99000e+02  -99.000  -99.000  -999
OBS: 6000019  53269.684   -35.00   0.0000e+00   0.0000e+00   0.0000e+00   0  H  0.00  1   !  -9.99000e+02  -99.000  -99.000  -999
OBS: 6000019  53271.684   -33.00   0.0000e+00   0.0000e+00   0.0000e+00   0  H  0.00  1   !  -9.99000e+02  -99.000  -99.000  -999
OBS: 6000019  53273.684   -31.00   0.0000e+00   0.0000e+00   0.0000e+00   0  H  0.00  1   !  -9.99000e+02  -99.000  -99.000  -999
OBS: 6000019  53275.684   -29.00   0.0000e+00   0.0000e+00   0.0000e+00   0  H  0.00  1   !  -9.99000e+02  -99.000  -99.000  -999
OBS: 6000019  53277.684   -27.00   0.0000e+00   0.0000e+00   0.0000e+00   0  H  0.00  1   !  -9.99000e+02  -99.000  -99.000  -999
OBS: 6000019  53279.684   -25.00   0.0000e+00   0.0000e+00   0.0000e+00   0  H  0.00  1   !  -9.99000e+02  -99.000  -99.000  -999
OBS: 6000019  53281.684   -23.00   0.0000e+00   0.0000e+00   0.0000e+00   0  H  0.00  1   !  -9.99000e+02  -99.000  -99.000  -999
OBS: 6000019  53283.684   -21.00   0.0000e+00   3.7807e+02   2.2757e+02   0  H  0.00  1   !  -9.99000e+02  -99.000  -99.000  -999
OBS: 6000019  53285.684   -19.00   0.0000e+00   4.1715e+02   2.5109e+02   0  H  0.00  1   !  -9.99000e+02  -99.000  -99.000  -999
OBS: 6000019  53287.684   -17.00   0.0000e+00   4.1689e+02   2.5093e+02   0  H  0.00  1   !  -9.99000e+02  -99.000  -99.000  -999
OBS: 6000019  53289.684   -15.00   0.0000e+00   6.7786e+02   1.6664e+02   0  H  0.00  1   !  -9.99000e+02  -99.000  -99.000  -999
OBS: 6000019  53291.684   -13.00   0.0000e+00   1.1992e+03   1.0289e+02   0  H  0.00  1   !  -9.99000e+02  -99.000  -99.000  -999
OBS: 6000019  53293.684   -11.00   0.0000e+00   1.7299e+03   8.2529e+01   0  H  0.00  1   !  -9.99000e+02  -99.000  -99.000  -999
OBS: 6000019  53295.684    -9.00   0.0000e+00   2.1873e+03   7.5739e+01   0  H  0.00  1   !  -9.99000e+02  -99.000  -99.000  -999
OBS: 6000019  53297.684    -7.00   0.0000e+00   2.5059e+03   6.3810e+01   0  H  0.00  1   !  -9.99000e+02  -99.000  -99.000  -999
OBS: 6000019  53299.684    -5.00   0.0000e+00   2.6112e+03   5.5970e+01   0  H  0.00  1   !  -9.99000e+02  -99.000  -99.000  -999
OBS: 6000019  53301.684    -3.00   0.0000e+00   2.5315e+03   5.5883e+01   0  H  0.00  1   !  -9.99000e+02  -99.000  -99.000  -999
OBS: 6000019  53303.684    -1.00   0.0000e+00   2.2868e+03   5.5572e+01   0  H  0.00  1   !  -9.99000e+02  -99.000  -99.000  -999
OBS: 6000019  53305.684     1.00   0.0000e+00   2.0813e+03   5.5440e+01   0  H  0.00  1   !  -9.99000e+02  -99.000  -99.000  -999
OBS: 6000019  53307.684     3.00   0.0000e+00   1.9392e+03   5.6262e+01   0  H  0.00  1   !  -9.99000e+02  -99.000  -99.000  -999
OBS: 6000019  53309.684     5.00   0.0000e+00   1.7376e+03   5.6677e+01   0  H  0.00  1   !  -9.99000e+02  -99.000  -99.000  -999
OBS: 6000019  53311.684     7.00   0.0000e+00   1.5066e+03   5.3523e+01   0  H  0.00  1   !  -9.99000e+02  -99.000  -99.000  -999
OBS: 6000019  53313.684     9.00   0.0000e+00   1.3088e+03   4.9502e+01   0  H  0.00  1   !  -9.99000e+02  -99.000  -99.000  -999
OBS: 6000019  53315.684    11.00   0.0000e+00   1.2078e+03   4.3681e+01   0  H  0.00  1   !  -9.99000e+02  -99.000  -99.000  -999
OBS: 6000019  53317.684    13.00   0.0000e+00   1.1760e+03   3.8318e+01   0  H  0.00  1   !  -9.99000e+02  -99.000  -99.000  -999
OBS: 6000019  53319.684    15.00   0.0000e+00   1.1833e+03   3.7293e+01   0  H  0.00  1   !  -9.99000e+02  -99.000  -99.000  -999
OBS: 6000019  53321.684    17.00   0.0000e+00   1.2531e+03   4.0714e+01   0  H  0.00  1   !  -9.99000e+02  -99.000  -99.000  -999
OBS: 6000019  53323.684    19.00   0.0000e+00   1.3441e+03   4.5810e+01   0  H  0.00  1   !  -9.99000e+02  -99.000  -99.000  -999
OBS: 6000019  53325.684    21.00   0.0000e+00   1.4347e+03   4.7910e+01   0  H  0.00  1   !  -9.99000e+02  -99.000  -99.000  -999
OBS: 6000019  53327.684    23.00   0.0000e+00   1.5011e+03   4.7578e+01   0  H  0.00  1   !  -9.99000e+02  -99.000  -99.000  -999
OBS: 6000019  53329.684    25.00   0.0000e+00   1.5551e+03   4.5945e+01   0  H  0.00  1   !  -9.99000e+02  -99.000  -99.000  -999
OBS: 6000019  53331.684    27.00   0.0000e+00   1.6248e+03   4.1829e+01   0  H  0.00  1   !  -9.99000e+02  -99.000  -99.000  -999
OBS: 6000019  53333.684    29.00   0.0000e+00   1.6825e+03   4.0722e+01   0  H  0.00  1   !  -9.99000e+02  -99.000  -99.000  -999
OBS: 6000019  53335.684    31.00   0.0000e+00   1.7623e+03   4.9140e+01   0  H  0.00  1   !  -9.99000e+02  -99.000  -99.000  -999
OBS: 6000019  53337.684    33.00   0.0000e+00   1.8164e+03   5.6707e+01   0  H  0.00  1   !  -9.99000e+02  -99.000  -99.000  -999
OBS: 6000019  53339.684    35.00   0.0000e+00   1.8371e+03   6.1620e+01   0  H  0.00  1   !  -9.99000e+02  -99.000  -99.000  -999
OBS: 6000019  53341.684    37.00   0.0000e+00   1.8086e+03   6.5448e+01   0  H  0.00  1   !  -9.99000e+02  -99.000  -99.000  -999
OBS: 6000019  53343.684    39.00   0.0000e+00   1.7132e+03   7.0214e+01   0  H  0.00  1   !  -9.99000e+02  -99.000  -99.000  -999
OBS: 6000019  53345.684    41.00   0.0000e+00   1.5735e+03   7.0540e+01   0  H  0.00  1   !  -9.99000e+02  -99.000  -99.000  -999
OBS: 6000019  53347.684    43.00   0.0000e+00   1.3988e+03   6.7932e+01   0  H  0.00  1   !  -9.99000e+02  -99.000  -99.000  -999
OBS: 6000019  53349.684    45.00   0.0000e+00   1.1979e+03   6.4207e+01   0  H  0.00  1   !  -9.99000e+02  -99.000  -99.000  -999
OBS: 6000019  53351.684    47.00   0.0000e+00   1.0473e+03   5.8546e+01   0  H  0.00  1   !  -9.99000e+02  -99.000  -99.000  -999
OBS: 6000019  53353.684    49.00   0.0000e+00   9.4703e+02   5.5133e+01   0  H  0.00  1   !  -9.99000e+02  -99.000  -99.000  -999
OBS: 6000019  53355.684    51.00   0.0000e+00   8.7189e+02   6.0176e+01   0  H  0.00  1   !  -9.99000e+02  -99.000  -99.000  -999
OBS: 6000019  53357.684    53.00   0.0000e+00   7.9582e+02   6.9432e+01   0  H  0.00  1   !  -9.99000e+02  -99.000  -99.000  -999
OBS: 6000019  53359.684    55.00   0.0000e+00   7.2126e+02   4.3414e+02   0  H  0.00  1   !  -9.99000e+02  -99.000  -99.000  -999
OBS: 6000019  53361.684    57.00   0.0000e+00   6.5390e+02   3.9359e+02   0  H  0.00  1   !  -9.99000e+02  -99.000  -99.000  -999
OBS: 6000019  53363.684    59.00   0.0000e+00   6.0338e+02   3.6318e+02   0  H  0.00  1   !  -9.99000e+02  -99.000  -99.000  -999
OBS: 6000019  53365.684    61.00   0.0000e+00   5.5777e+02   3.3573e+02   0  H  0.00  1   !  -9.99000e+02  -99.000  -99.000  -999
OBS: 6000019  53367.684    63.00   0.0000e+00   5.1766e+02   3.1159e+02   0  H  0.00  1   !  -9.99000e+02  -99.000  -99.000  -999
OBS: 6000019  53369.684    65.00   0.0000e+00   4.7262e+02   2.8447e+02   0  H  0.00  1   !  -9.99000e+02  -99.000  -99.000  -999
OBS: 6000019  53371.684    67.00   0.0000e+00   3.9173e+02   2.3579e+02   0  H  0.00  1   !  -9.99000e+02  -99.000  -99.000  -999
OBS: 6000019  53373.684    69.00   0.0000e+00   3.3252e+02   2.0015e+02   0  H  0.00  1   !  -9.99000e+02  -99.000  -99.000  -999
OBS: 6000019  53375.684    71.00   0.0000e+00   2.9023e+02   1.7469e+02   0  H  0.00  1   !  -9.99000e+02  -99.000  -99.000  -999
OBS: 6000019  53377.684    73.00   0.0000e+00   2.6070e+02   1.5692e+02   0  H  0.00  1   !  -9.99000e+02  -99.000  -99.000  -999
OBS: 6000019  53379.684    75.00   0.0000e+00   2.3899e+02   1.4385e+02   0  H  0.00  1   !  -9.99000e+02  -99.000  -99.000  -999
OBS: 6000019  53381.684    77.00   0.0000e+00   2.2025e+02   1.3257e+02   0  H  0.00  1   !  -9.99000e+02  -99.000  -99.000  -999
OBS: 6000019  53383.684    79.00   0.0000e+00   2.0249e+02   1.2188e+02   0  H  0.00  1   !  -9.99000e+02  -99.000  -99.000  -999
OBS: 6000019  53385.684    81.00   0.0000e+00   1.8791e+02   1.1310e+02   0  H  0.00  1   !  -9.99000e+02  -99.000  -99.000  -999
OBS: 6000019  53387.684    83.00   0.0000e+00   1.7539e+02   1.0557e+02   0  H  0.00  1   !  -9.99000e+02  -99.000  -99.000  -999
OBS: 6000019  53389.684    85.00   0.0000e+00   1.6381e+02   9.8602e+01   0  H  0.00  1   !  -9.99000e+02  -99.000  -99.000  -999
OBS: 6000019  53391.684    87.00   0.0000e+00   1.5314e+02   9.2177e+01   0  H  0.00  1   !  -9.99000e+02  -99.000  -99.000  -999
OBS: 6000019  53393.684    89.00   0.0000e+00   1.4338e+02   8.6301e+01   0  H  0.00  1   !  -9.99000e+02  -99.000  -99.000  -999
OBS: 6000019  53395.684    91.00   0.0000e+00   1.3454e+02   8.0979e+01   0  H  0.00  1   !  -9.99000e+02  -99.000  -99.000  -999
OBS: 6000019  53397.684    93.00   0.0000e+00   1.2527e+02   7.5404e+01   0  H  0.00  1   !  -9.99000e+02  -99.000  -99.000  -999
OBS: 6000019  53399.684    95.00   0.0000e+00   1.1628e+02   6.9991e+01   0  H  0.00  1   !  -9.99000e+02  -99.000  -99.000  -999
OBS: 6000019  53401.684    97.00   0.0000e+00   1.0793e+02   6.4966e+01   0  H  0.00  1   !  -9.99000e+02  -99.000  -99.000  -999
OBS: 6000019  53403.684    99.00   0.0000e+00   1.0018e+02   6.0301e+01   0  H  0.00  1   !  -9.99000e+02  -99.000  -99.000  -999
OBS: 6000019  53405.684   101.00   0.0000e+00   9.2986e+01   5.5969e+01   0  H  0.00  1   !  -9.99000e+02  -99.000  -99.000  -999
OBS: 6000019  53407.684   103.00   0.0000e+00   8.6306e+01   5.1949e+01   0  H  0.00  1   !  -9.99000e+02  -99.000  -99.000  -999
OBS: 6000019  53409.684   105.00   0.0000e+00   8.0105e+01   4.8216e+01   0  H  0.00  1   !  -9.99000e+02  -99.000  -99.000  -999
OBS: 6000019  53411.684   107.00   0.0000e+00   7.4348e+01   4.4751e+01   0  H  0.00  1   !  -9.99000e+02  -99.000  -99.000  -999
OBS: 6000019  53413.684   109.00   0.0000e+00   6.9004e+01   4.1534e+01   0  H  0.00  1   !  -9.99000e+02  -99.000  -99.000  -999
OBS: 6000019  53415.684   111.00   0.0000e+00   6.4043e+01   3.8548e+01   0  H  0.00  1   !  -9.99000e+02  -99.000  -99.000  -999
OBS: 6000019  53417.684   113.00   0.0000e+00   5.9438e+01   3.5776e+01   0  H  0.00  1   !  -9.99000e+02  -99.000  -99.000  -999
OBS: 6000019  53419.684   115.00   0.0000e+00   5.5163e+01   3.3203e+01   0  H  0.00  1   !  -9.99000e+02  -99.000  -99.000  -999
OBS: 6000019  53421.684   117.00   0.0000e+00   5.1195e+01   3.0815e+01   0  H  0.00  1   !  -9.99000e+02  -99.000  -99.000  -999
OBS: 6000019  53423.684   119.00   0.0000e+00   4.7511e+01   2.8597e+01   0  H  0.00  1   !  -9.99000e+02  -99.000  -99.000  -999
OBS: 6000019  53425.684   121.00   0.0000e+00   4.4092e+01   2.6539e+01   0  H  0.00  1   !  -9.99000e+02  -99.000  -99.000  -999
OBS: 6000019  53427.684   123.00   0.0000e+00   4.0918e+01   2.4629e+01   0  H  0.00  1   !  -9.99000e+02  -99.000  -99.000  -999
OBS: 6000019  53429.684   125.00   0.0000e+00   3.7973e+01   2.2856e+01   0  H  0.00  1   !  -9.99000e+02  -99.000  -99.000  -999
OBS: 6000019  53431.684   127.00   0.0000e+00   3.5238e+01   2.1210e+01   0  H  0.00  1   !  -9.99000e+02  -99.000  -99.000  -999
OBS: 6000019  53433.684   129.00   0.0000e+00   3.2701e+01   1.9683e+01   0  H  0.00  1   !  -9.99000e+02  -99.000  -99.000  -999
OBS: 6000019  53435.684   131.00   0.0000e+00   3.0345e+01   1.8265e+01   0  H  0.00  1   !  -9.99000e+02  -99.000  -99.000  -999
OBS: 6000019  53437.684   133.00   0.0000e+00   2.8159e+01   1.6949e+01   0  H  0.00  1   !  -9.99000e+02  -99.000  -99.000  -999
OBS: 6000019  53439.684   135.00   0.0000e+00   2.6129e+01   1.5728e+01   0  H  0.00  1   !  -9.99000e+02  -99.000  -99.000  -999
OBS: 6000019  53441.684   137.00   0.0000e+00   2.4246e+01   1.4594e+01   0  H  0.00  1   !  -9.99000e+02  -99.000  -99.000  -999
OBS: 6000019  53443.684   139.00   0.0000e+00   2.2498e+01   1.3542e+01   0  H  0.00  1   !  -9.99000e+02  -99.000  -99.000  -999
