VARNAMES: CID MJD Tobs SIM_FLUXCAL FLUXCAL FLUXCAL_ERR DATAFLAG BAND CHI2 IFIT BAND_REST FLUX_REST KCOR AVWARP SIM_FLUX_REST 
OBS: 5999892  54363.840    -3.19   1.5397e+04   1.5364e+04   1.8287e+02   1  J  21.46  1   J  3.42912e+18  -0.066  0.611  1.00000e+11
OBS: 5999892  54363.840    -3.19   1.5397e+04   1.5505e+04   1.8320e+02   1  J  24.95  1   J  3.46058e+18  -0.066  0.611  1.00000e+11
OBS: 5999892  54365.898    -1.13   1.4163e+04   1.4243e+04   1.3137e+02   1  J  21.47  1   J  3.13447e+18  -0.081  0.049  1.00000e+11
OBS: 5999892  54377.801    10.77   4.5338e+03   4.7766e+03   4.3583e+02   1  J  1.77  1   J  1.04404e+18  -0.089  1.382  1.00000e+11
OBS: 5999892  54387.801    20.77   4.6438e+03   4.8019e+03   5.0690e+02   1  J  1.33  1   J  1.01480e+18  -0.125  2.414  1.00000e+11
OBS: 5999892  54422.801    55.77   2.1303e+03   2.1531e+03   1.1773e+02  -1  J  0.06  1   !  -9.99000e+02  -99.000  -99.000  -999
OBS: 5999892  54425.711    58.68   1.9226e+03   1.8555e+03   1.3978e+02  -1  J  0.02  1   !  -9.99000e+02  -99.000  -99.000  -999
OBS: 5999892  54425.719    58.69   1.9219e+03   2.0274e+03   1.2164e+02  -1  J  0.11  1   !  -9.99000e+02  -99.000  -99.000  -999
OBS: 5999892  54308.031   -59.00   0.0000e+00   0.0000e+00   0.0000e+00   0  J  0.00  1   !  -9.99000e+02  -99.000  -99.000  -999
OBS: 5999892  54310.031   -57.00   0.0000e+00   0.0000e+00   0.0000e+00   0  J  0.00  1   !  -9.99000e+02  -99.000  -99.000  -999
OBS: 5999892  54312.031   -55.00   0.0000e+00   0.0000e+00   0.0000e+00   0  J  0.00  1   !  -9.99000e+02  -99.000  -99.000  -999
OBS: 5999892  54314.031   -53.00   0.0000e+00   0.0000e+00   0.0000e+00   0  J  0.00  1   !  -9.99000e+02  -99.000  -99.000  -999
OBS: 5999892  54316.031   -51.00   0.0000e+00   0.0000e+00   0.0000e+00   0  J  0.00  1   !  -9.99000e+02  -99.000  -99.000  -999
OBS: 5999892  54318.031   -49.00   0.0000e+00   0.0000e+00   0.0000e+00   0  J  0.00  1   !  -9.99000e+02  -99.000  -99.000  -999
OBS: 5999892  54320.031   -47.00   0.0000e+00   0.0000e+00   0.0000e+00   0  J  0.00  1   !  -9.99000e+02  -99.000  -99.000  -999
OBS: 5999892  54322.031   -45.00   0.0000e+00   0.0000e+00   0.0000e+00   0  J  0.00  1   !  -9.99000e+02  -99.000  -99.000  -999
OBS: 5999892  54324.031   -43.00   0.0000e+00   0.0000e+00   0.0000e+00   0  J  0.00  1   !  -9.99000e+02  -99.000  -99.000  -999
OBS: 5999892  54326.031   -41.00   0.0000e+00   0.0000e+00   0.0000e+00   0  J  0.00  1   !  -9.99000e+02  -99.000  -99.000  -999
OBS: 5999892  54328.031   -39.00   0.0000e+00   0.0000e+00   0.0000e+00   0  J  0.00  1   !  -9.99000e+02  -99.000  -99.000  -999
OBS: 5999892  54330.031   -37.00   0.0000e+00   0.0000e+00   0.0000e+00   0  J  0.00  1   !  -9.99000e+02  -99.000  -99.000  -999
OBS: 5999892  54332.031   -35.00   0.0000e+00   0.0000e+00   0.0000e+00   0  J  0.00  1   !  -9.99000e+02  -99.000  -99.000  -999
OBS: 5999892  54334.031   -33.00   0.0000e+00   0.0000e+00   0.0000e+00   0  J  0.00  1   !  -9.99000e+02  -99.000  -99.000  -999
OBS: 5999892  54336.031   -31.00   0.0000e+00   0.0000e+00   0.0000e+00   0  J  0.00  1   !  -9.99000e+02  -99.000  -99.000  -999
OBS: 5999892  54338.031   -29.00   0.0000e+00   0.0000e+00   0.0000e+00   0  J  0.00  1   !  -9.99000e+02  -99.000  -99.000  -999
OBS: 5999892  54340.031   -27.00   0.0000e+00   0.0000e+00   0.0000e+00   0  J  0.00  1   !  -9.99000e+02  -99.000  -99.000  -999
OBS: 5999892  54342.031   -25.00   0.0000e+00   0.0000e+00   0.0000e+00   0  J  0.00  1   !  -9.99000e+02  -99.000  -99.000  -999
OBS: 5999892  54344.031   -23.00   0.0000e+00   0.0000e+00   0.0000e+00   0  J  0.00  1   !  -9.99000e+02  -99.000  -99.000  -999
OBS: 5999892  54346.031   -21.00   0.0000e+00   0.0000e+00   0.0000e+00   0  J  0.00  1   !  -9.99000e+02  -99.000  -99.000  -999
OBS: 5999892  54348.031   -19.00   0.0000e+00   4.9284e+03   2.9665e+03   0  J  0.00  1   !  -9.99000e+02  -99.000  -99.000  -999
OBS: 5999892  54350.031   -17.00   0.0000e+00   5.0607e+03   3.0461e+03   0  J  0.00  1   !  -9.99000e+02  -99.000  -99.000  -999
OBS: 5999892  54352.031   -15.00   0.0000e+00   5.6593e+03   2.4277e+03   0  J  0.00  1   !  -9.99000e+02  -99.000  -99.000  -999
OBS: 5999892  54354.031   -13.00   0.0000e+00   8.6520e+03   3.7672e+02   0  J  0.00  1   !  -9.99000e+02  -99.000  -99.000  -999
OBS: 5999892  54356.031   -11.00   0.0000e+00   1.1445e+04   3.0246e+02   0  J  0.00  1   !  -9.99000e+02  -99.000  -99.000  -999
OBS: 5999892  54358.031    -9.00   0.0000e+00   1.3112e+04   3.7046e+02   0  J  0.00  1   !  -9.99000e+02  -99.000  -99.000  -999
OBS: 5999892  54360.031    -7.00   0.0000e+00   1.3783e+04   3.4434e+02   0  J  0.00  1   !  -9.99000e+02  -99.000  -99.000  -999
OBS: 5999892  54362.031    -5.00   0.0000e+00   1.3972e+04   3.0925e+02   0  J  0.00  1   !  -9.99000e+02  -99.000  -99.000  -999
OBS: 5999892  54364.031    -3.00   0.0000e+00   1.3496e+04   3.4388e+02   0  J  0.00  1   !  -9.99000e+02  -99.000  -99.000  -999
OBS: 5999892  54366.031    -1.00   0.0000e+00   1.2399e+04   3.5656e+02   0  J  0.00  1   !  -9.99000e+02  -99.000  -99.000  -999
OBS: 5999892  54368.031     1.00   0.0000e+00   1.0673e+04   3.5996e+02   0  J  0.00  1   !  -9.99000e+02  -99.000  -99.000  -999
OBS: 5999892  54370.031     3.00   0.0000e+00   8.7668e+03   3.4663e+02   0  J  0.00  1   !  -9.99000e+02  -99.000  -99.000  -999
OBS: 5999892  54372.031     5.00   0.0000e+00   7.1793e+03   3.2570e+02   0  J  0.00  1   !  -9.99000e+02  -99.000  -99.000  -999
OBS: 5999892  54374.031     7.00   0.0000e+00   5.7766e+03   3.2162e+02   0  J  0.00  1   !  -9.99000e+02  -99.000  -99.000  -999
OBS: 5999892  54376.031     9.00   0.0000e+00   4.6318e+03   3.6178e+02   0  J  0.00  1   !  -9.99000e+02  -99.000  -99.000  -999
OBS: 5999892  54378.031    11.00   0.0000e+00   3.9329e+03   3.9583e+02   0  J  0.00  1   !  -9.99000e+02  -99.000  -99.000  -999
OBS: 5999892  54380.031    13.00   0.0000e+00   3.6581e+03   3.7731e+02   0  J  0.00  1   !  -9.99000e+02  -99.000  -99.000  -999
OBS: 5999892  54382.031    15.00   0.0000e+00   3.6954e+03   3.4954e+02   0  J  0.00  1   !  -9.99000e+02  -99.000  -99.000  -999
OBS: 5999892  54384.031    17.00   0.0000e+00   3.8644e+03   2.8644e+02   0  J  0.00  1   !  -9.99000e+02  -99.000  -99.000  -999
OBS: 5999892  54386.031    19.00   0.0000e+00   4.0063e+03   2.8698e+02   0  J  0.00  1   !  -9.99000e+02  -99.000  -99.000  -999
OBS: 5999892  54388.031    21.00   0.0000e+00   4.1113e+03   3.5062e+02   0  J  0.00  1   !  -9.99000e+02  -99.000  -99.000  -999
OBS: 5999892  54390.031    23.00   0.0000e+00   4.2643e+03   3.8412e+02   0  J  0.00  1   !  -9.99000e+02  -99.000  -99.000  -999
OBS: 5999892  54392.031    25.00   0.0000e+00   4.4483e+03   3.9602e+02   0  J  0.00  1   !  -9.99000e+02  -99.000  -99.000  -999
OBS: 5999892  54394.031    27.00   0.0000e+00   4.6970e+03   4.0976e+02   0  J  0.00  1   !  -9.99000e+02  -99.000  -99.000  -999
OBS: 5999892  54396.031    29.00   0.0000e+00   5.0206e+03   4.3365e+02   0  J  0.00  1   !  -9.99000e+02  -99.000  -99.000  -999
OBS: 5999892  54398.031    31.00   0.0000e+00   5.4799e+03   5.2868e+02   0  J  0.00  1   !  -9.99000e+02  -99.000  -99.000  -999
OBS: 5999892  54400.031    33.00   0.0000e+00   6.0249e+03   6.5267e+02   0  J  0.00  1   !  -9.99000e+02  -99.000  -99.000  -999
OBS: 5999892  54402.031    35.00   0.0000e+00   6.3375e+03   7.2172e+02   0  J  0.00  1   !  -9.99000e+02  -99.000  -99.000  -999
OBS: 5999892  54404.031    37.00   0.0000e+00   6.1109e+03   7.4780e+02   0  J  0.00  1   !  -9.99000e+02  -99.000  -99.000  -999
OBS: 5999892  54406.031    39.00   0.0000e+00   5.3704e+03   6.9690e+02   0  J  0.00  1   !  -9.99000e+02  -99.000  -99.000  -999
OBS: 5999892  54408.031    41.00   0.0000e+00   4.3928e+03   5.6311e+02   0  J  0.00  1   !  -9.99000e+02  -99.000  -99.000  -999
OBS: 5999892  54410.031    43.00   0.0000e+00   3.4442e+03   4.0694e+02   0  J  0.00  1   !  -9.99000e+02  -99.000  -99.000  -999
OBS: 5999892  54412.031    45.00   0.0000e+00   2.8031e+03   3.1205e+02   0  J  0.00  1   !  -9.99000e+02  -99.000  -99.000  -999
OBS: 5999892  54414.031    47.00   0.0000e+00   2.5119e+03   4.1932e+02   0  J  0.00  1   !  -9.99000e+02  -99.000  -99.000  -999
OBS: 5999892  54416.031    49.00   0.0000e+00   2.3696e+03   6.8415e+02   0  J  0.00  1   !  -9.99000e+02  -99.000  -99.000  -999
OBS: 5999892  54418.031    51.00   0.0000e+00   2.2246e+03   9.0300e+02   0  J  0.00  1   !  -9.99000e+02  -99.000  -99.000  -999
OBS: 5999892  54420.031    53.00   0.0000e+00   2.0710e+03   1.2466e+03   0  J  0.00  1   !  -9.99000e+02  -99.000  -99.000  -999
OBS: 5999892  54422.031    55.00   0.0000e+00   1.9337e+03   1.1639e+03   0  J  0.00  1   !  -9.99000e+02  -99.000  -99.000  -999
OBS: 5999892  54424.031    57.00   0.0000e+00   1.7974e+03   1.0819e+03   0  J  0.00  1   !  -9.99000e+02  -99.000  -99.000  -999
OBS: 5999892  54426.031    59.00   0.0000e+00   1.6756e+03   1.0085e+03   0  J  0.00  1   !  -9.99000e+02  -99.000  -99.000  -999
OBS: 5999892  54428.031    61.00   0.0000e+00   1.5671e+03   9.4328e+02   0  J  0.00  1   !  -9.99000e+02  -99.000  -99.000  -999
OBS: 5999892  54430.031    63.00   0.0000e+00   1.3929e+03   8.3843e+02   0  J  0.00  1   !  -9.99000e+02  -99.000  -99.000  -999
OBS: 5999892  54432.031    65.00   0.0000e+00   1.2077e+03   7.2696e+02   0  J  0.00  1   !  -9.99000e+02  -99.000  -99.000  -999
OBS: 5999892  54434.031    67.00   0.0000e+00   1.0823e+03   6.5143e+02   0  J  0.00  1   !  -9.99000e+02  -99.000  -99.000  -999
OBS: 5999892  54436.031    69.00   0.0000e+00   9.9343e+02   5.9796e+02   0  J  0.00  1   !  -9.99000e+02  -99.000  -99.000  -999
OBS: 5999892  54438.031    71.00   0.0000e+00   9.2205e+02   5.5499e+02   0  J  0.00  1   !  -9.99000e+02  -99.000  -99.000  -999
OBS: 5999892  54440.031    73.00   0.0000e+00   8.5518e+02   5.1474e+02   0  J  0.00  1   !  -9.99000e+02  -99.000  -99.000  -999
OBS: 5999892  54442.031    75.00   0.0000e+00   7.8549e+02   4.7280e+02   0  J  0.00  1   !  -9.99000e+02  -99.000  -99.000  -999
OBS: 5999892  54444.031    77.00   0.0000e+00   7.2648e+02   4.3728e+02   0  J  0.00  1   !  -9.99000e+02  -99.000  -99.000  -999
OBS: 5999892  54446.031    79.00   0.0000e+00   6.9050e+02   4.1562e+02   0  J  0.00  1   !  -9.99000e+02  -99.000  -99.000  -999
OBS: 5999892  54448.031    81.00   0.0000e+00   6.5645e+02   3.9513e+02   0  J  0.00  1   !  -9.99000e+02  -99.000  -99.000  -999
OBS: 5999892  54450.031    83.00   0.0000e+00   6.2423e+02   3.7573e+02   0  J  0.00  1   !  -9.99000e+02  -99.000  -99.000  -999
OBS: 5999892  54452.031    85.00   0.0000e+00   5.9343e+02   3.5719e+02   0  J  0.00  1   !  -9.99000e+02  -99.000  -99.000  -999
OBS: 5999892  54454.031    87.00   0.0000e+00   5.6374e+02   3.3932e+02   0  J  0.00  1   !  -9.99000e+02  -99.000  -99.000  -999
OBS: 5999892  54456.031    89.00   0.0000e+00   5.3727e+02   3.2339e+02   0  J  0.00  1   !  -9.99000e+02  -99.000  -99.000  -999
OBS: 5999892  54458.031    91.00   0.0000e+00   5.1291e+02   3.0873e+02   0  J  0.00  1   !  -9.99000e+02  -99.000  -99.000  -999
OBS: 5999892  54460.031    93.00   0.0000e+00   4.8966e+02   2.9473e+02   0  J  0.00  1   !  -9.99000e+02  -99.000  -99.000  -999
OBS: 5999892  54462.031    95.00   0.0000e+00   4.6746e+02   2.8137e+02   0  J  0.00  1   !  -9.99000e+02  -99.000  -99.000  -999
OBS: 5999892  54464.031    97.00   0.0000e+00   4.4626e+02   2.6861e+02   0  J  0.00  1   !  -9.99000e+02  -99.000  -99.000  -999
OBS: 5999892  54466.031    99.00   0.0000e+00   4.2603e+02   2.5643e+02   0  J  0.00  1   !  -9.99000e+02  -99.000  -99.000  -999
OBS: 5999892  54468.031   101.00   0.0000e+00   4.0671e+02   2.4480e+02   0  J  0.00  1   !  -9.99000e+02  -99.000  -99.000  -999
OBS: 5999892  54470.031   103.00   0.0000e+00   3.8827e+02   2.3370e+02   0  J  0.00  1   !  -9.99000e+02  -99.000  -99.000  -999
OBS: 5999892  54472.031   105.00   0.0000e+00   3.7067e+02   2.2311e+02   0  J  0.00  1   !  -9.99000e+02  -99.000  -99.000  -999
OBS: 5999892  54474.031   107.00   0.0000e+00   3.5386e+02   2.1299e+02   0  J  0.00  1   !  -9.99000e+02  -99.000  -99.000  -999
OBS: 5999892  54476.031   109.00   0.0000e+00   3.3781e+02   2.0333e+02   0  J  0.00  1   !  -9.99000e+02  -99.000  -99.000  -999
OBS: 5999892  54478.031   111.00   0.0000e+00   3.2250e+02   1.9411e+02   0  J  0.00  1   !  -9.99000e+02  -99.000  -99.000  -999
OBS: 5999892  54480.031   113.00   0.0000e+00   3.0788e+02   1.8531e+02   0  J  0.00  1   !  -9.99000e+02  -99.000  -99.000  -999
OBS: 5999892  54482.031   115.00   0.0000e+00   2.9392e+02   1.7691e+02   0  J  0.00  1   !  -9.99000e+02  -99.000  -99.000  -999
OBS: 5999892  54484.031   117.00   0.0000e+00   2.8059e+02   1.6889e+02   0  J  0.00  1   !  -9.99000e+02  -99.000  -99.000  -999
OBS: 5999892  54486.031   119.00   0.0000e+00   2.6787e+02   1.6123e+02   0  J  0.00  1   !  -9.99000e+02  -99.000  -99.000  -999
OBS: 5999892  54488.031   121.00   0.0000e+00   2.5572e+02   1.5392e+02   0  J  0.00  1   !  -9.99000e+02  -99.000  -99.000  -999
OBS: 5999892  54490.031   123.00   0.0000e+00   2.4413e+02   1.4694e+02   0  J  0.00  1   !  -9.99000e+02  -99.000  -99.000  -999
OBS: 5999892  54492.031   125.00   0.0000e+00   2.3306e+02   1.4028e+02   0  J  0.00  1   !  -9.99000e+02  -99.000  -99.000  -999
OBS: 5999892  54494.031   127.00   0.0000e+00   2.2249e+02   1.3392e+02   0  J  0.00  1   !  -9.99000e+02  -99.000  -99.000  -999
OBS: 5999892  54496.031   129.00   0.0000e+00   2.1240e+02   1.2785e+02   0  J  0.00  1   !  -9.99000e+02  -99.000  -99.000  -999
OBS: 5999892  54498.031   131.00   0.0000e+00   2.0277e+02   1.2205e+02   0  J  0.00  1   !  -9.99000e+02  -99.000  -99.000  -999
OBS: 5999892  54500.031   133.00   0.0000e+00   1.9358e+02   1.1652e+02   0  J  0.00  1   !  -9.99000e+02  -99.000  -99.000  -999
OBS: 5999892  54502.031   135.00   0.0000e+00   1.8480e+02   1.1123e+02   0  J  0.00  1   !  -9.99000e+02  -99.000  -99.000  -999
OBS: 5999892  54504.031   137.00   0.0000e+00   1.7642e+02   1.0619e+02   0  J  0.00  1   !  -9.99000e+02  -99.000  -99.000  -999
OBS: 5999892  54506.031   139.00   0.0000e+00   1.6842e+02   1.0138e+02   0  J  0.00  1   !  -9.99000e+02  -99.000  -99.000  -999
OBS: 5999892  54377.789    10.76   5.3683e+03   5.3613e+03   1.9120e+02   1  Y  1.77  1   Y  1.05866e+18  -0.199  -1.853  1.00000e+11
OBS: 5999892  54377.801    10.77   5.3676e+03   5.4309e+03   1.9861e+02   1  Y  1.28  1   Y  1.07248e+18  -0.199  -1.853  1.00000e+11
OBS: 5999892  54386.828    19.80   7.0212e+03   6.9478e+03   3.3921e+02   1  Y  2.90  1   Y  1.38771e+18  -0.187  -0.992  1.00000e+11
OBS: 5999892  54386.859    19.83   7.0316e+03   7.2247e+03   1.6540e+02   1  Y  2.26  1   Y  1.44342e+18  -0.186  -0.989  1.00000e+11
OBS: 5999892  54396.730    29.70   1.0806e+04   1.0867e+04   1.6315e+02   1  Y  6.35  1   Y  2.29633e+18  -0.126  -0.780  1.00000e+11
OBS: 5999892  54396.762    29.73   1.0816e+04   1.1275e+04   1.9210e+02   1  Y  1.98  1   Y  2.38294e+18  -0.125  -0.780  1.00000e+11
OBS: 5999892  54399.781    32.75   1.1335e+04   1.1375e+04   1.8995e+02   1  Y  4.69  1   Y  2.45902e+18  -0.101  -0.818  1.00000e+11
OBS: 5999892  54399.809    32.78   1.1336e+04   1.1118e+04   2.1119e+02   1  Y  7.11  1   Y  2.40412e+18  -0.101  -0.819  1.00000e+11
OBS: 5999892  54308.031   -59.00   0.0000e+00   0.0000e+00   0.0000e+00   0  Y  0.00  1   !  -9.99000e+02  -99.000  -99.000  -999
OBS: 5999892  54310.031   -57.00   0.0000e+00   0.0000e+00   0.0000e+00   0  Y  0.00  1   !  -9.99000e+02  -99.000  -99.000  -999
OBS: 5999892  54312.031   -55.00   0.0000e+00   0.0000e+00   0.0000e+00   0  Y  0.00  1   !  -9.99000e+02  -99.000  -99.000  -999
OBS: 5999892  54314.031   -53.00   0.0000e+00   0.0000e+00   0.0000e+00   0  Y  0.00  1   !  -9.99000e+02  -99.000  -99.000  -999
OBS: 5999892  54316.031   -51.00   0.0000e+00   0.0000e+00   0.0000e+00   0  Y  0.00  1   !  -9.99000e+02  -99.000  -99.000  -999
OBS: 5999892  54318.031   -49.00   0.0000e+00   0.0000e+00   0.0000e+00   0  Y  0.00  1   !  -9.99000e+02  -99.000  -99.000  -999
OBS: 5999892  54320.031   -47.00   0.0000e+00   0.0000e+00   0.0000e+00   0  Y  0.00  1   !  -9.99000e+02  -99.000  -99.000  -999
OBS: 5999892  54322.031   -45.00   0.0000e+00   0.0000e+00   0.0000e+00   0  Y  0.00  1   !  -9.99000e+02  -99.000  -99.000  -999
OBS: 5999892  54324.031   -43.00   0.0000e+00   0.0000e+00   0.0000e+00   0  Y  0.00  1   !  -9.99000e+02  -99.000  -99.000  -999
OBS: 5999892  54326.031   -41.00   0.0000e+00   0.0000e+00   0.0000e+00   0  Y  0.00  1   !  -9.99000e+02  -99.000  -99.000  -999
OBS: 5999892  54328.031   -39.00   0.0000e+00   0.0000e+00   0.0000e+00   0  Y  0.00  1   !  -9.99000e+02  -99.000  -99.000  -999
OBS: 5999892  54330.031   -37.00   0.0000e+00   0.0000e+00   0.0000e+00   0  Y  0.00  1   !  -9.99000e+02  -99.000  -99.000  -999
OBS: 5999892  54332.031   -35.00   0.0000e+00   0.0000e+00   0.0000e+00   0  Y  0.00  1   !  -9.99000e+02  -99.000  -99.000  -999
OBS: 5999892  54334.031   -33.00   0.0000e+00   0.0000e+00   0.0000e+00   0  Y  0.00  1   !  -9.99000e+02  -99.000  -99.000  -999
OBS: 5999892  54336.031   -31.00   0.0000e+00   0.0000e+00   0.0000e+00   0  Y  0.00  1   !  -9.99000e+02  -99.000  -99.000  -999
OBS: 5999892  54338.031   -29.00   0.0000e+00   0.0000e+00   0.0000e+00   0  Y  0.00  1   !  -9.99000e+02  -99.000  -99.000  -999
OBS: 5999892  54340.031   -27.00   0.0000e+00   0.0000e+00   0.0000e+00   0  Y  0.00  1   !  -9.99000e+02  -99.000  -99.000  -999
OBS: 5999892  54342.031   -25.00   0.0000e+00   0.0000e+00   0.0000e+00   0  Y  0.00  1   !  -9.99000e+02  -99.000  -99.000  -999
OBS: 5999892  54344.031   -23.00   0.0000e+00   0.0000e+00   0.0000e+00   0  Y  0.00  1   !  -9.99000e+02  -99.000  -99.000  -999
OBS: 5999892  54346.031   -21.00   0.0000e+00   0.0000e+00   0.0000e+00   0  Y  0.00  1   !  -9.99000e+02  -99.000  -99.000  -999
OBS: 5999892  54348.031   -19.00   0.0000e+00   2.1587e+03   1.2994e+03   0  Y  0.00  1   !  -9.99000e+02  -99.000  -99.000  -999
OBS: 5999892  54350.031   -17.00   0.0000e+00   2.0983e+03   1.2630e+03   0  Y  0.00  1   !  -9.99000e+02  -99.000  -99.000  -999
OBS: 5999892  54352.031   -15.00   0.0000e+00   2.4934e+03   1.1638e+03   0  Y  0.00  1   !  -9.99000e+02  -99.000  -99.000  -999
OBS: 5999892  54354.031   -13.00   0.0000e+00   4.5961e+03   5.2123e+02   0  Y  0.00  1   !  -9.99000e+02  -99.000  -99.000  -999
OBS: 5999892  54356.031   -11.00   0.0000e+00   6.8696e+03   3.1979e+02   0  Y  0.00  1   !  -9.99000e+02  -99.000  -99.000  -999
OBS: 5999892  54358.031    -9.00   0.0000e+00   9.0473e+03   2.5714e+02   0  Y  0.00  1   !  -9.99000e+02  -99.000  -99.000  -999
OBS: 5999892  54360.031    -7.00   0.0000e+00   1.0791e+04   2.5535e+02   0  Y  0.00  1   !  -9.99000e+02  -99.000  -99.000  -999
OBS: 5999892  54362.031    -5.00   0.0000e+00   1.1603e+04   2.9535e+02   0  Y  0.00  1   !  -9.99000e+02  -99.000  -99.000  -999
OBS: 5999892  54364.031    -3.00   0.0000e+00   1.1512e+04   2.9955e+02   0  Y  0.00  1   !  -9.99000e+02  -99.000  -99.000  -999
OBS: 5999892  54366.031    -1.00   0.0000e+00   1.0469e+04   2.5720e+02   0  Y  0.00  1   !  -9.99000e+02  -99.000  -99.000  -999
OBS: 5999892  54368.031     1.00   0.0000e+00   9.2313e+03   2.7976e+02   0  Y  0.00  1   !  -9.99000e+02  -99.000  -99.000  -999
OBS: 5999892  54370.031     3.00   0.0000e+00   8.2273e+03   3.2467e+02   0  Y  0.00  1   !  -9.99000e+02  -99.000  -99.000  -999
OBS: 5999892  54372.031     5.00   0.0000e+00   7.2584e+03   3.0172e+02   0  Y  0.00  1   !  -9.99000e+02  -99.000  -99.000  -999
OBS: 5999892  54374.031     7.00   0.0000e+00   6.4873e+03   2.7853e+02   0  Y  0.00  1   !  -9.99000e+02  -99.000  -99.000  -999
OBS: 5999892  54376.031     9.00   0.0000e+00   6.0551e+03   3.0595e+02   0  Y  0.00  1   !  -9.99000e+02  -99.000  -99.000  -999
OBS: 5999892  54378.031    11.00   0.0000e+00   5.8470e+03   3.2697e+02   0  Y  0.00  1   !  -9.99000e+02  -99.000  -99.000  -999
OBS: 5999892  54380.031    13.00   0.0000e+00   5.9033e+03   3.2233e+02   0  Y  0.00  1   !  -9.99000e+02  -99.000  -99.000  -999
OBS: 5999892  54382.031    15.00   0.0000e+00   6.1939e+03   2.9899e+02   0  Y  0.00  1   !  -9.99000e+02  -99.000  -99.000  -999
OBS: 5999892  54384.031    17.00   0.0000e+00   6.7054e+03   3.0176e+02   0  Y  0.00  1   !  -9.99000e+02  -99.000  -99.000  -999
OBS: 5999892  54386.031    19.00   0.0000e+00   7.3671e+03   2.7693e+02   0  Y  0.00  1   !  -9.99000e+02  -99.000  -99.000  -999
OBS: 5999892  54388.031    21.00   0.0000e+00   8.1244e+03   2.4852e+02   0  Y  0.00  1   !  -9.99000e+02  -99.000  -99.000  -999
OBS: 5999892  54390.031    23.00   0.0000e+00   8.8009e+03   2.6249e+02   0  Y  0.00  1   !  -9.99000e+02  -99.000  -99.000  -999
OBS: 5999892  54392.031    25.00   0.0000e+00   9.6587e+03   2.9156e+02   0  Y  0.00  1   !  -9.99000e+02  -99.000  -99.000  -999
OBS: 5999892  54394.031    27.00   0.0000e+00   1.0667e+04   3.0223e+02   0  Y  0.00  1   !  -9.99000e+02  -99.000  -99.000  -999
OBS: 5999892  54396.031    29.00   0.0000e+00   1.1559e+04   3.2338e+02   0  Y  0.00  1   !  -9.99000e+02  -99.000  -99.000  -999
OBS: 5999892  54398.031    31.00   0.0000e+00   1.2187e+04   3.7358e+02   0  Y  0.00  1   !  -9.99000e+02  -99.000  -99.000  -999
OBS: 5999892  54400.031    33.00   0.0000e+00   1.2391e+04   4.2979e+02   0  Y  0.00  1   !  -9.99000e+02  -99.000  -99.000  -999
OBS: 5999892  54402.031    35.00   0.0000e+00   1.2238e+04   4.1438e+02   0  Y  0.00  1   !  -9.99000e+02  -99.000  -99.000  -999
OBS: 5999892  54404.031    37.00   0.0000e+00   1.1909e+04   4.0187e+02   0  Y  0.00  1   !  -9.99000e+02  -99.000  -99.000  -999
OBS: 5999892  54406.031    39.00   0.0000e+00   1.1390e+04   4.4780e+02   0  Y  0.00  1   !  -9.99000e+02  -99.000  -99.000  -999
OBS: 5999892  54408.031    41.00   0.0000e+00   1.0556e+04   4.4602e+02   0  Y  0.00  1   !  -9.99000e+02  -99.000  -99.000  -999
OBS: 5999892  54410.031    43.00   0.0000e+00   9.5825e+03   3.7171e+02   0  Y  0.00  1   !  -9.99000e+02  -99.000  -99.000  -999
OBS: 5999892  54412.031    45.00   0.0000e+00   8.6994e+03   2.8672e+02   0  Y  0.00  1   !  -9.99000e+02  -99.000  -99.000  -999
OBS: 5999892  54414.031    47.00   0.0000e+00   8.0017e+03   2.3896e+02   0  Y  0.00  1   !  -9.99000e+02  -99.000  -99.000  -999
OBS: 5999892  54416.031    49.00   0.0000e+00   7.3849e+03   2.2514e+02   0  Y  0.00  1   !  -9.99000e+02  -99.000  -99.000  -999
OBS: 5999892  54418.031    51.00   0.0000e+00   6.7079e+03   2.5264e+02   0  Y  0.00  1   !  -9.99000e+02  -99.000  -99.000  -999
OBS: 5999892  54420.031    53.00   0.0000e+00   5.9245e+03   3.5660e+03   0  Y  0.00  1   !  -9.99000e+02  -99.000  -99.000  -999
OBS: 5999892  54422.031    55.00   0.0000e+00   5.1644e+03   3.1085e+03   0  Y  0.00  1   !  -9.99000e+02  -99.000  -99.000  -999
OBS: 5999892  54424.031    57.00   0.0000e+00   4.5631e+03   2.7466e+03   0  Y  0.00  1   !  -9.99000e+02  -99.000  -99.000  -999
OBS: 5999892  54426.031    59.00   0.0000e+00   4.0754e+03   2.4530e+03   0  Y  0.00  1   !  -9.99000e+02  -99.000  -99.000  -999
OBS: 5999892  54428.031    61.00   0.0000e+00   3.7174e+03   2.2375e+03   0  Y  0.00  1   !  -9.99000e+02  -99.000  -99.000  -999
OBS: 5999892  54430.031    63.00   0.0000e+00   3.2359e+03   1.9477e+03   0  Y  0.00  1   !  -9.99000e+02  -99.000  -99.000  -999
OBS: 5999892  54432.031    65.00   0.0000e+00   2.7219e+03   1.6383e+03   0  Y  0.00  1   !  -9.99000e+02  -99.000  -99.000  -999
OBS: 5999892  54434.031    67.00   0.0000e+00   2.3401e+03   1.4085e+03   0  Y  0.00  1   !  -9.99000e+02  -99.000  -99.000  -999
OBS: 5999892  54436.031    69.00   0.0000e+00   2.0424e+03   1.2293e+03   0  Y  0.00  1   !  -9.99000e+02  -99.000  -99.000  -999
OBS: 5999892  54438.031    71.00   0.0000e+00   1.8069e+03   1.0876e+03   0  Y  0.00  1   !  -9.99000e+02  -99.000  -99.000  -999
OBS: 5999892  54440.031    73.00   0.0000e+00   1.6131e+03   9.7094e+02   0  Y  0.00  1   !  -9.99000e+02  -99.000  -99.000  -999
OBS: 5999892  54442.031    75.00   0.0000e+00   1.4498e+03   8.7264e+02   0  Y  0.00  1   !  -9.99000e+02  -99.000  -99.000  -999
OBS: 5999892  54444.031    77.00   0.0000e+00   1.2988e+03   7.8174e+02   0  Y  0.00  1   !  -9.99000e+02  -99.000  -99.000  -999
OBS: 5999892  54446.031    79.00   0.0000e+00   1.1460e+03   6.8976e+02   0  Y  0.00  1   !  -9.99000e+02  -99.000  -99.000  -999
OBS: 5999892  54448.031    81.00   0.0000e+00   1.0123e+03   6.0934e+02   0  Y  0.00  1   !  -9.99000e+02  -99.000  -99.000  -999
OBS: 5999892  54450.031    83.00   0.0000e+00   8.9572e+02   5.3914e+02   0  Y  0.00  1   !  -9.99000e+02  -99.000  -99.000  -999
OBS: 5999892  54452.031    85.00   0.0000e+00   7.9422e+02   4.7805e+02   0  Y  0.00  1   !  -9.99000e+02  -99.000  -99.000  -999
OBS: 5999892  54454.031    87.00   0.0000e+00   7.0631e+02   4.2513e+02   0  Y  0.00  1   !  -9.99000e+02  -99.000  -99.000  -999
OBS: 5999892  54456.031    89.00   0.0000e+00   6.2287e+02   3.7491e+02   0  Y  0.00  1   !  -9.99000e+02  -99.000  -99.000  -999
OBS: 5999892  54458.031    91.00   0.0000e+00   5.4677e+02   3.2910e+02   0  Y  0.00  1   !  -9.99000e+02  -99.000  -99.000  -999
OBS: 5999892  54460.031    93.00   0.0000e+00   4.7995e+02   2.8889e+02   0  Y  0.00  1   !  -9.99000e+02  -99.000  -99.000  -999
OBS: 5999892  54462.031    95.00   0.0000e+00   4.2130e+02   2.5359e+02   0  Y  0.00  1   !  -9.99000e+02  -99.000  -99.000  -999
OBS: 5999892  54464.031    97.00   0.0000e+00   3.6982e+02   2.2260e+02   0  Y  0.00  1   !  -9.99000e+02  -99.000  -99.000  -999
OBS: 5999892  54466.031    99.00   0.0000e+00   3.2463e+02   1.9540e+02   0  Y  0.00  1   !  -9.99000e+02  -99.000  -99.000  -999
OBS: 5999892  54468.031   101.00   0.0000e+00   2.8495e+02   1.7151e+02   0  Y  0.00  1   !  -9.99000e+02  -99.000  -99.000  -999
OBS: 5999892  54470.031   103.00   0.0000e+00   2.5011e+02   1.5055e+02   0  Y  0.00  1   !  -9.99000e+02  -99.000  -99.000  -999
OBS: 5999892  54472.031   105.00   0.0000e+00   2.1953e+02   1.3214e+02   0  Y  0.00  1   !  -9.99000e+02  -99.000  -99.000  -999
OBS: 5999892  54474.031   107.00   0.0000e+00   1.9269e+02   1.1598e+02   0  Y  0.00  1   !  -9.99000e+02  -99.000  -99.000  -999
OBS: 5999892  54476.031   109.00   0.0000e+00   1.6913e+02   1.0180e+02   0  Y  0.00  1   !  -9.99000e+02  -99.000  -99.000  -999
OBS: 5999892  54478.031   111.00   0.0000e+00   1.4846e+02   8.9360e+01   0  Y  0.00  1   !  -9.99000e+02  -99.000  -99.000  -999
OBS: 5999892  54480.031   113.00   0.0000e+00   1.3031e+02   7.8434e+01   0  Y  0.00  1   !  -9.99000e+02  -99.000  -99.000  -999
OBS: 5999892  54482.031   115.00   0.0000e+00   1.1437e+02   6.8841e+01   0  Y  0.00  1   !  -9.99000e+02  -99.000  -99.000  -999
OBS: 5999892  54484.031   117.00   0.0000e+00   1.0038e+02   6.0421e+01   0  Y  0.00  1   !  -9.99000e+02  -99.000  -99.000  -999
OBS: 5999892  54486.031   119.00   0.0000e+00   8.8102e+01   5.3030e+01   0  Y  0.00  1   !  -9.99000e+02  -99.000  -99.000  -999
OBS: 5999892  54488.031   121.00   0.0000e+00   7.7324e+01   4.6542e+01   0  Y  0.00  1   !  -9.99000e+02  -99.000  -99.000  -999
OBS: 5999892  54490.031   123.00   0.0000e+00   6.7868e+01   4.0851e+01   0  Y  0.00  1   !  -9.99000e+02  -99.000  -99.000  -999
OBS: 5999892  54492.031   125.00   0.0000e+00   5.9572e+01   3.5857e+01   0  Y  0.00  1   !  -9.99000e+02  -99.000  -99.000  -999
OBS: 5999892  54494.031   127.00   0.0000e+00   5.2282e+01   3.1469e+01   0  Y  0.00  1   !  -9.99000e+02  -99.000  -99.000  -999
OBS: 5999892  54496.031   129.00   0.0000e+00   4.5884e+01   2.7618e+01   0  Y  0.00  1   !  -9.99000e+02  -99.000  -99.000  -999
OBS: 5999892  54498.031   131.00   0.0000e+00   4.0269e+01   2.4238e+01   0  Y  0.00  1   !  -9.99000e+02  -99.000  -99.000  -999
OBS: 5999892  54500.031   133.00   0.0000e+00   3.5340e+01   2.1272e+01   0  Y  0.00  1   !  -9.99000e+02  -99.000  -99.000  -999
OBS: 5999892  54502.031   135.00   0.0000e+00   3.1015e+01   1.8668e+01   0  Y  0.00  1   !  -9.99000e+02  -99.000  -99.000  -999
OBS: 5999892  54504.031   137.00   0.0000e+00   2.7223e+01   1.6386e+01   0  Y  0.00  1   !  -9.99000e+02  -99.000  -99.000  -999
OBS: 5999892  54506.031   139.00   0.0000e+00   2.3892e+01   1.4381e+01   0  Y  0.00  1   !  -9.99000e+02  -99.000  -99.000  -999
OBS: 5999892  54363.840    -3.19   1.0157e+04   1.0466e+04   1.6376e+02   1  y  3.34  1   Y  2.31180e+18  -0.077  0.611  1.00000e+11
OBS: 5999892  54363.840    -3.19   1.0157e+04   1.0451e+04   2.3355e+02   1  y  2.81  1   Y  2.30844e+18  -0.077  0.611  1.00000e+11
OBS: 5999892  54365.898    -1.13   9.3397e+03   9.1714e+03   9.8402e+01   1  y  14.16  1   Y  2.03822e+18  -0.071  0.049  1.00000e+11
OBS: 5999892  54422.801    55.77   4.5717e+03   4.5646e+03   8.3417e+01  -1  y  0.02  1   !  -9.99000e+02  -99.000  -99.000  -999
OBS: 5999892  54422.828    55.80   4.5618e+03   4.4660e+03   9.1353e+01  -1  y  0.03  1   !  -9.99000e+02  -99.000  -99.000  -999
OBS: 5999892  54425.711    58.68   3.7478e+03   3.9088e+03   6.7721e+01  -1  y  0.00  1   !  -9.99000e+02  -99.000  -99.000  -999
OBS: 5999892  54425.719    58.69   3.7454e+03   3.7226e+03   7.4650e+01  -1  y  0.02  1   !  -9.99000e+02  -99.000  -99.000  -999
OBS: 5999892  54308.031   -59.00   0.0000e+00   0.0000e+00   0.0000e+00   0  y  0.00  1   !  -9.99000e+02  -99.000  -99.000  -999
OBS: 5999892  54310.031   -57.00   0.0000e+00   0.0000e+00   0.0000e+00   0  y  0.00  1   !  -9.99000e+02  -99.000  -99.000  -999
OBS: 5999892  54312.031   -55.00   0.0000e+00   0.0000e+00   0.0000e+00   0  y  0.00  1   !  -9.99000e+02  -99.000  -99.000  -999
OBS: 5999892  54314.031   -53.00   0.0000e+00   0.0000e+00   0.0000e+00   0  y  0.00  1   !  -9.99000e+02  -99.000  -99.000  -999
OBS: 5999892  54316.031   -51.00   0.0000e+00   0.0000e+00   0.0000e+00   0  y  0.00  1   !  -9.99000e+02  -99.000  -99.000  -999
OBS: 5999892  54318.031   -49.00   0.0000e+00   0.0000e+00   0.0000e+00   0  y  0.00  1   !  -9.99000e+02  -99.000  -99.000  -999
OBS: 5999892  54320.031   -47.00   0.0000e+00   0.0000e+00   0.0000e+00   0  y  0.00  1   !  -9.99000e+02  -99.000  -99.000  -999
OBS: 5999892  54322.031   -45.00   0.0000e+00   0.0000e+00   0.0000e+00   0  y  0.00  1   !  -9.99000e+02  -99.000  -99.000  -999
OBS: 5999892  54324.031   -43.00   0.0000e+00   0.0000e+00   0.0000e+00   0  y  0.00  1   !  -9.99000e+02  -99.000  -99.000  -999
OBS: 5999892  54326.031   -41.00   0.0000e+00   0.0000e+00   0.0000e+00   0  y  0.00  1   !  -9.99000e+02  -99.000  -99.000  -999
OBS: 5999892  54328.031   -39.00   0.0000e+00   0.0000e+00   0.0000e+00   0  y  0.00  1   !  -9.99000e+02  -99.000  -99.000  -999
OBS: 5999892  54330.031   -37.00   0.0000e+00   0.0000e+00   0.0000e+00   0  y  0.00  1   !  -9.99000e+02  -99.000  -99.000  -999
OBS: 5999892  54332.031   -35.00   0.0000e+00   0.0000e+00   0.0000e+00   0  y  0.00  1   !  -9.99000e+02  -99.000  -99.000  -999
OBS: 5999892  54334.031   -33.00   0.0000e+00   0.0000e+00   0.0000e+00   0  y  0.00  1   !  -9.99000e+02  -99.000  -99.000  -999
OBS: 5999892  54336.031   -31.00   0.0000e+00   0.0000e+00   0.0000e+00   0  y  0.00  1   !  -9.99000e+02  -99.000  -99.000  -999
OBS: 5999892  54338.031   -29.00   0.0000e+00   0.0000e+00   0.0000e+00   0  y  0.00  1   !  -9.99000e+02  -99.000  -99.000  -999
OBS: 5999892  54340.031   -27.00   0.0000e+00   0.0000e+00   0.0000e+00   0  y  0.00  1   !  -9.99000e+02  -99.000  -99.000  -999
OBS: 5999892  54342.031   -25.00   0.0000e+00   0.0000e+00   0.0000e+00   0  y  0.00  1   !  -9.99000e+02  -99.000  -99.000  -999
OBS: 5999892  54344.031   -23.00   0.0000e+00   0.0000e+00   0.0000e+00   0  y  0.00  1   !  -9.99000e+02  -99.000  -99.000  -999
OBS: 5999892  54346.031   -21.00   0.0000e+00   0.0000e+00   0.0000e+00   0  y  0.00  1   !  -9.99000e+02  -99.000  -99.000  -999
OBS: 5999892  54348.031   -19.00   0.0000e+00   2.0454e+03   1.2311e+03   0  y  0.00  1   !  -9.99000e+02  -99.000  -99.000  -999
OBS: 5999892  54350.031   -17.00   0.0000e+00   1.9910e+03   1.1984e+03   0  y  0.00  1   !  -9.99000e+02  -99.000  -99.000  -999
OBS: 5999892  54352.031   -15.00   0.0000e+00   2.3516e+03   1.0976e+03   0  y  0.00  1   !  -9.99000e+02  -99.000  -99.000  -999
OBS: 5999892  54354.031   -13.00   0.0000e+00   4.2657e+03   4.8376e+02   0  y  0.00  1   !  -9.99000e+02  -99.000  -99.000  -999
OBS: 5999892  54356.031   -11.00   0.0000e+00   6.4131e+03   2.9854e+02   0  y  0.00  1   !  -9.99000e+02  -99.000  -99.000  -999
OBS: 5999892  54358.031    -9.00   0.0000e+00   8.6196e+03   2.4499e+02   0  y  0.00  1   !  -9.99000e+02  -99.000  -99.000  -999
OBS: 5999892  54360.031    -7.00   0.0000e+00   1.0344e+04   2.4477e+02   0  y  0.00  1   !  -9.99000e+02  -99.000  -99.000  -999
OBS: 5999892  54362.031    -5.00   0.0000e+00   1.1131e+04   2.8333e+02   0  y  0.00  1   !  -9.99000e+02  -99.000  -99.000  -999
OBS: 5999892  54364.031    -3.00   0.0000e+00   1.1028e+04   2.8696e+02   0  y  0.00  1   !  -9.99000e+02  -99.000  -99.000  -999
OBS: 5999892  54366.031    -1.00   0.0000e+00   1.0107e+04   2.4833e+02   0  y  0.00  1   !  -9.99000e+02  -99.000  -99.000  -999
OBS: 5999892  54368.031     1.00   0.0000e+00   8.9648e+03   2.7169e+02   0  y  0.00  1   !  -9.99000e+02  -99.000  -99.000  -999
OBS: 5999892  54370.031     3.00   0.0000e+00   7.9319e+03   3.1301e+02   0  y  0.00  1   !  -9.99000e+02  -99.000  -99.000  -999
OBS: 5999892  54372.031     5.00   0.0000e+00   6.9251e+03   2.8787e+02   0  y  0.00  1   !  -9.99000e+02  -99.000  -99.000  -999
OBS: 5999892  54374.031     7.00   0.0000e+00   6.1371e+03   2.6349e+02   0  y  0.00  1   !  -9.99000e+02  -99.000  -99.000  -999
OBS: 5999892  54376.031     9.00   0.0000e+00   5.7054e+03   2.8828e+02   0  y  0.00  1   !  -9.99000e+02  -99.000  -99.000  -999
OBS: 5999892  54378.031    11.00   0.0000e+00   5.5293e+03   3.0920e+02   0  y  0.00  1   !  -9.99000e+02  -99.000  -99.000  -999
OBS: 5999892  54380.031    13.00   0.0000e+00   5.5832e+03   3.0485e+02   0  y  0.00  1   !  -9.99000e+02  -99.000  -99.000  -999
OBS: 5999892  54382.031    15.00   0.0000e+00   5.8214e+03   2.8101e+02   0  y  0.00  1   !  -9.99000e+02  -99.000  -99.000  -999
OBS: 5999892  54384.031    17.00   0.0000e+00   6.2767e+03   2.8246e+02   0  y  0.00  1   !  -9.99000e+02  -99.000  -99.000  -999
OBS: 5999892  54386.031    19.00   0.0000e+00   6.9444e+03   2.6104e+02   0  y  0.00  1   !  -9.99000e+02  -99.000  -99.000  -999
OBS: 5999892  54388.031    21.00   0.0000e+00   7.7881e+03   2.3823e+02   0  y  0.00  1   !  -9.99000e+02  -99.000  -99.000  -999
OBS: 5999892  54390.031    23.00   0.0000e+00   8.6028e+03   2.5659e+02   0  y  0.00  1   !  -9.99000e+02  -99.000  -99.000  -999
OBS: 5999892  54392.031    25.00   0.0000e+00   9.4912e+03   2.8650e+02   0  y  0.00  1   !  -9.99000e+02  -99.000  -99.000  -999
OBS: 5999892  54394.031    27.00   0.0000e+00   1.0458e+04   2.9631e+02   0  y  0.00  1   !  -9.99000e+02  -99.000  -99.000  -999
OBS: 5999892  54396.031    29.00   0.0000e+00   1.1360e+04   3.1781e+02   0  y  0.00  1   !  -9.99000e+02  -99.000  -99.000  -999
OBS: 5999892  54398.031    31.00   0.0000e+00   1.1978e+04   3.6715e+02   0  y  0.00  1   !  -9.99000e+02  -99.000  -99.000  -999
OBS: 5999892  54400.031    33.00   0.0000e+00   1.2132e+04   4.2080e+02   0  y  0.00  1   !  -9.99000e+02  -99.000  -99.000  -999
OBS: 5999892  54402.031    35.00   0.0000e+00   1.1982e+04   4.0570e+02   0  y  0.00  1   !  -9.99000e+02  -99.000  -99.000  -999
OBS: 5999892  54404.031    37.00   0.0000e+00   1.1741e+04   3.9618e+02   0  y  0.00  1   !  -9.99000e+02  -99.000  -99.000  -999
OBS: 5999892  54406.031    39.00   0.0000e+00   1.1359e+04   4.4657e+02   0  y  0.00  1   !  -9.99000e+02  -99.000  -99.000  -999
OBS: 5999892  54408.031    41.00   0.0000e+00   1.0685e+04   4.5148e+02   0  y  0.00  1   !  -9.99000e+02  -99.000  -99.000  -999
OBS: 5999892  54410.031    43.00   0.0000e+00   9.8500e+03   3.8209e+02   0  y  0.00  1   !  -9.99000e+02  -99.000  -99.000  -999
OBS: 5999892  54412.031    45.00   0.0000e+00   9.0440e+03   2.9807e+02   0  y  0.00  1   !  -9.99000e+02  -99.000  -99.000  -999
OBS: 5999892  54414.031    47.00   0.0000e+00   8.3445e+03   2.4920e+02   0  y  0.00  1   !  -9.99000e+02  -99.000  -99.000  -999
OBS: 5999892  54416.031    49.00   0.0000e+00   7.6884e+03   2.3440e+02   0  y  0.00  1   !  -9.99000e+02  -99.000  -99.000  -999
OBS: 5999892  54418.031    51.00   0.0000e+00   6.9575e+03   2.6204e+02   0  y  0.00  1   !  -9.99000e+02  -99.000  -99.000  -999
OBS: 5999892  54420.031    53.00   0.0000e+00   6.1020e+03   3.6729e+03   0  y  0.00  1   !  -9.99000e+02  -99.000  -99.000  -999
OBS: 5999892  54422.031    55.00   0.0000e+00   5.2540e+03   3.1624e+03   0  y  0.00  1   !  -9.99000e+02  -99.000  -99.000  -999
OBS: 5999892  54424.031    57.00   0.0000e+00   4.5572e+03   2.7430e+03   0  y  0.00  1   !  -9.99000e+02  -99.000  -99.000  -999
OBS: 5999892  54426.031    59.00   0.0000e+00   4.0041e+03   2.4101e+03   0  y  0.00  1   !  -9.99000e+02  -99.000  -99.000  -999
OBS: 5999892  54428.031    61.00   0.0000e+00   3.6076e+03   2.1715e+03   0  y  0.00  1   !  -9.99000e+02  -99.000  -99.000  -999
OBS: 5999892  54430.031    63.00   0.0000e+00   3.1054e+03   1.8691e+03   0  y  0.00  1   !  -9.99000e+02  -99.000  -99.000  -999
OBS: 5999892  54432.031    65.00   0.0000e+00   2.5933e+03   1.5609e+03   0  y  0.00  1   !  -9.99000e+02  -99.000  -99.000  -999
OBS: 5999892  54434.031    67.00   0.0000e+00   2.2222e+03   1.3376e+03   0  y  0.00  1   !  -9.99000e+02  -99.000  -99.000  -999
OBS: 5999892  54436.031    69.00   0.0000e+00   1.9363e+03   1.1655e+03   0  y  0.00  1   !  -9.99000e+02  -99.000  -99.000  -999
OBS: 5999892  54438.031    71.00   0.0000e+00   1.7092e+03   1.0288e+03   0  y  0.00  1   !  -9.99000e+02  -99.000  -99.000  -999
OBS: 5999892  54440.031    73.00   0.0000e+00   1.5208e+03   9.1537e+02   0  y  0.00  1   !  -9.99000e+02  -99.000  -99.000  -999
OBS: 5999892  54442.031    75.00   0.0000e+00   1.3612e+03   8.1930e+02   0  y  0.00  1   !  -9.99000e+02  -99.000  -99.000  -999
OBS: 5999892  54444.031    77.00   0.0000e+00   1.2148e+03   7.3121e+02   0  y  0.00  1   !  -9.99000e+02  -99.000  -99.000  -999
OBS: 5999892  54446.031    79.00   0.0000e+00   1.0693e+03   6.4361e+02   0  y  0.00  1   !  -9.99000e+02  -99.000  -99.000  -999
OBS: 5999892  54448.031    81.00   0.0000e+00   9.4195e+02   5.6697e+02   0  y  0.00  1   !  -9.99000e+02  -99.000  -99.000  -999
OBS: 5999892  54450.031    83.00   0.0000e+00   8.3068e+02   5.0000e+02   0  y  0.00  1   !  -9.99000e+02  -99.000  -99.000  -999
OBS: 5999892  54452.031    85.00   0.0000e+00   7.3359e+02   4.4156e+02   0  y  0.00  1   !  -9.99000e+02  -99.000  -99.000  -999
OBS: 5999892  54454.031    87.00   0.0000e+00   6.4912e+02   3.9071e+02   0  y  0.00  1   !  -9.99000e+02  -99.000  -99.000  -999
OBS: 5999892  54456.031    89.00   0.0000e+00   5.7140e+02   3.4393e+02   0  y  0.00  1   !  -9.99000e+02  -99.000  -99.000  -999
OBS: 5999892  54458.031    91.00   0.0000e+00   5.0155e+02   3.0189e+02   0  y  0.00  1   !  -9.99000e+02  -99.000  -99.000  -999
OBS: 5999892  54460.031    93.00   0.0000e+00   4.4023e+02   2.6498e+02   0  y  0.00  1   !  -9.99000e+02  -99.000  -99.000  -999
OBS: 5999892  54462.031    95.00   0.0000e+00   3.8642e+02   2.3259e+02   0  y  0.00  1   !  -9.99000e+02  -99.000  -99.000  -999
OBS: 5999892  54464.031    97.00   0.0000e+00   3.3918e+02   2.0416e+02   0  y  0.00  1   !  -9.99000e+02  -99.000  -99.000  -999
OBS: 5999892  54466.031    99.00   0.0000e+00   2.9772e+02   1.7920e+02   0  y  0.00  1   !  -9.99000e+02  -99.000  -99.000  -999
OBS: 5999892  54468.031   101.00   0.0000e+00   2.6132e+02   1.5729e+02   0  y  0.00  1   !  -9.99000e+02  -99.000  -99.000  -999
OBS: 5999892  54470.031   103.00   0.0000e+00   2.2938e+02   1.3806e+02   0  y  0.00  1   !  -9.99000e+02  -99.000  -99.000  -999
OBS: 5999892  54472.031   105.00   0.0000e+00   2.0134e+02   1.2119e+02   0  y  0.00  1   !  -9.99000e+02  -99.000  -99.000  -999
OBS: 5999892  54474.031   107.00   0.0000e+00   1.7672e+02   1.0637e+02   0  y  0.00  1   !  -9.99000e+02  -99.000  -99.000  -999
OBS: 5999892  54476.031   109.00   0.0000e+00   1.5512e+02   9.3367e+01   0  y  0.00  1   !  -9.99000e+02  -99.000  -99.000  -999
OBS: 5999892  54478.031   111.00   0.0000e+00   1.3616e+02   8.1954e+01   0  y  0.00  1   !  -9.99000e+02  -99.000  -99.000  -999
OBS: 5999892  54480.031   113.00   0.0000e+00   1.1951e+02   7.1935e+01   0  y  0.00  1   !  -9.99000e+02  -99.000  -99.000  -999
OBS: 5999892  54482.031   115.00   0.0000e+00   1.0490e+02   6.3141e+01   0  y  0.00  1   !  -9.99000e+02  -99.000  -99.000  -999
OBS: 5999892  54484.031   117.00   0.0000e+00   9.2077e+01   5.5422e+01   0  y  0.00  1   !  -9.99000e+02  -99.000  -99.000  -999
OBS: 5999892  54486.031   119.00   0.0000e+00   8.0820e+01   4.8647e+01   0  y  0.00  1   !  -9.99000e+02  -99.000  -99.000  -999
OBS: 5999892  54488.031   121.00   0.0000e+00   7.0940e+01   4.2700e+01   0  y  0.00  1   !  -9.99000e+02  -99.000  -99.000  -999
OBS: 5999892  54490.031   123.00   0.0000e+00   6.2268e+01   3.7480e+01   0  y  0.00  1   !  -9.99000e+02  -99.000  -99.000  -999
OBS: 5999892  54492.031   125.00   0.0000e+00   5.4656e+01   3.2898e+01   0  y  0.00  1   !  -9.99000e+02  -99.000  -99.000  -999
OBS: 5999892  54494.031   127.00   0.0000e+00   4.7974e+01   2.8876e+01   0  y  0.00  1   !  -9.99000e+02  -99.000  -99.000  -999
OBS: 5999892  54496.031   129.00   0.0000e+00   4.2109e+01   2.5346e+01   0  y  0.00  1   !  -9.99000e+02  -99.000  -99.000  -999
OBS: 5999892  54498.031   131.00   0.0000e+00   3.6961e+01   2.2247e+01   0  y  0.00  1   !  -9.99000e+02  -99.000  -99.000  -999
OBS: 5999892  54500.031   133.00   0.0000e+00   3.2443e+01   1.9528e+01   0  y  0.00  1   !  -9.99000e+02  -99.000  -99.000  -999
OBS: 5999892  54502.031   135.00   0.0000e+00   2.8476e+01   1.7140e+01   0  y  0.00  1   !  -9.99000e+02  -99.000  -99.000  -999
OBS: 5999892  54504.031   137.00   0.0000e+00   2.4995e+01   1.5045e+01   0  y  0.00  1   !  -9.99000e+02  -99.000  -99.000  -999
OBS: 5999892  54506.031   139.00   0.0000e+00   2.1940e+01   1.3206e+01   0  y  0.00  1   !  -9.99000e+02  -99.000  -99.000  -999
OBS: 5999892  54363.840    -3.19   1.2952e+04   1.2427e+04   3.0695e+02   1  H  5.64  1   H  2.78140e+18  -0.063  -1.080  1.00000e+11
OBS: 5999892  54308.031   -59.00   0.0000e+00   0.0000e+00   0.0000e+00   0  H  0.00  1   !  -9.99000e+02  -99.000  -99.000  -999
OBS: 5999892  54310.031   -57.00   0.0000e+00   0.0000e+00   0.0000e+00   0  H  0.00  1   !  -9.99000e+02  -99.000  -99.000  -999
OBS: 5999892  54312.031   -55.00   0.0000e+00   0.0000e+00   0.0000e+00   0  H  0.00  1   !  -9.99000e+02  -99.000  -99.000  -999
OBS: 5999892  54314.031   -53.00   0.0000e+00   0.0000e+00   0.0000e+00   0  H  0.00  1   !  -9.99000e+02  -99.000  -99.000  -999
OBS: 5999892  54316.031   -51.00   0.0000e+00   0.0000e+00   0.0000e+00   0  H  0.00  1   !  -9.99000e+02  -99.000  -99.000  -999
OBS: 5999892  54318.031   -49.00   0.0000e+00   0.0000e+00   0.0000e+00   0  H  0.00  1   !  -9.99000e+02  -99.000  -99.000  -999
OBS: 5999892  54320.031   -47.00   0.0000e+00   0.0000e+00   0.0000e+00   0  H  0.00  1   !  -9.99000e+02  -99.000  -99.000  -999
OBS: 5999892  54322.031   -45.00   0.0000e+00   0.0000e+00   0.0000e+00   0  H  0.00  1   !  -9.99000e+02  -99.000  -99.000  -999
OBS: 5999892  54324.031   -43.00   0.0000e+00   0.0000e+00   0.0000e+00   0  H  0.00  1   !  -9.99000e+02  -99.000  -99.000  -999
OBS: 5999892  54326.031   -41.00   0.0000e+00   0.0000e+00   0.0000e+00   0  H  0.00  1   !  -9.99000e+02  -99.000  -99.000  -999
OBS: 5999892  54328.031   -39.00   0.0000e+00   0.0000e+00   0.0000e+00   0  H  0.00  1   !  -9.99000e+02  -99.000  -99.000  -999
OBS: 5999892  54330.031   -37.00   0.0000e+00   0.0000e+00   0.0000e+00   0  H  0.00  1   !  -9.99000e+02  -99.000  -99.000  -999
OBS: 5999892  54332.031   -35.00   0.0000e+00   0.0000e+00   0.0000e+00   0  H  0.00  1   !  -9.99000e+02  -99.000  -99.000  -999
OBS: 5999892  54334.031   -33.00   0.0000e+00   0.0000e+00   0.0000e+00   0  H  0.00  1   !  -9.99000e+02  -99.000  -99.000  -999
OBS: 5999892  54336.031   -31.00   0.0000e+00   0.0000e+00   0.0000e+00   0  H  0.00  1   !  -9.99000e+02  -99.000  -99.000  -999
OBS: 5999892  54338.031   -29.00   0.0000e+00   0.0000e+00   0.0000e+00   0  H  0.00  1   !  -9.99000e+02  -99.000  -99.000  -999
OBS: 5999892  54340.031   -27.00   0.0000e+00   0.0000e+00   0.0000e+00   0  H  0.00  1   !  -9.99000e+02  -99.000  -99.000  -999
OBS: 5999892  54342.031   -25.00   0.0000e+00   0.0000e+00   0.0000e+00   0  H  0.00  1   !  -9.99000e+02  -99.000  -99.000  -999
OBS: 5999892  54344.031   -23.00   0.0000e+00   0.0000e+00   0.0000e+00   0  H  0.00  1   !  -9.99000e+02  -99.000  -99.000  -999
OBS: 5999892  54346.031   -21.00   0.0000e+00   0.0000e+00   0.0000e+00   0  H  0.00  1   !  -9.99000e+02  -99.000  -99.000  -999
OBS: 5999892  54348.031   -19.00   0.0000e+00   2.6622e+03   1.6024e+03   0  H  0.00  1   !  -9.99000e+02  -99.000  -99.000  -999
OBS: 5999892  54350.031   -17.00   0.0000e+00   2.5809e+03   1.5535e+03   0  H  0.00  1   !  -9.99000e+02  -99.000  -99.000  -999
OBS: 5999892  54352.031   -15.00   0.0000e+00   2.9954e+03   1.8029e+03   0  H  0.00  1   !  -9.99000e+02  -99.000  -99.000  -999
OBS: 5999892  54354.031   -13.00   0.0000e+00   5.1746e+03   6.0971e+02   0  H  0.00  1   !  -9.99000e+02  -99.000  -99.000  -999
OBS: 5999892  54356.031   -11.00   0.0000e+00   7.5098e+03   4.1008e+02   0  H  0.00  1   !  -9.99000e+02  -99.000  -99.000  -999
OBS: 5999892  54358.031    -9.00   0.0000e+00   9.5549e+03   3.3851e+02   0  H  0.00  1   !  -9.99000e+02  -99.000  -99.000  -999
OBS: 5999892  54360.031    -7.00   0.0000e+00   1.0976e+04   3.0769e+02   0  H  0.00  1   !  -9.99000e+02  -99.000  -99.000  -999
OBS: 5999892  54362.031    -5.00   0.0000e+00   1.1529e+04   3.4367e+02   0  H  0.00  1   !  -9.99000e+02  -99.000  -99.000  -999
OBS: 5999892  54364.031    -3.00   0.0000e+00   1.1275e+04   3.4113e+02   0  H  0.00  1   !  -9.99000e+02  -99.000  -99.000  -999
OBS: 5999892  54366.031    -1.00   0.0000e+00   1.0346e+04   2.8823e+02   0  H  0.00  1   !  -9.99000e+02  -99.000  -99.000  -999
OBS: 5999892  54368.031     1.00   0.0000e+00   9.3986e+03   2.8507e+02   0  H  0.00  1   !  -9.99000e+02  -99.000  -99.000  -999
OBS: 5999892  54370.031     3.00   0.0000e+00   8.6676e+03   3.2779e+02   0  H  0.00  1   !  -9.99000e+02  -99.000  -99.000  -999
OBS: 5999892  54372.031     5.00   0.0000e+00   7.9020e+03   3.2651e+02   0  H  0.00  1   !  -9.99000e+02  -99.000  -99.000  -999
OBS: 5999892  54374.031     7.00   0.0000e+00   7.2038e+03   3.2171e+02   0  H  0.00  1   !  -9.99000e+02  -99.000  -99.000  -999
OBS: 5999892  54376.031     9.00   0.0000e+00   6.7016e+03   3.1169e+02   0  H  0.00  1   !  -9.99000e+02  -99.000  -99.000  -999
OBS: 5999892  54378.031    11.00   0.0000e+00   6.4023e+03   2.8257e+02   0  H  0.00  1   !  -9.99000e+02  -99.000  -99.000  -999
OBS: 5999892  54380.031    13.00   0.0000e+00   6.4698e+03   2.6198e+02   0  H  0.00  1   !  -9.99000e+02  -99.000  -99.000  -999
OBS: 5999892  54382.031    15.00   0.0000e+00   6.8677e+03   2.7365e+02   0  H  0.00  1   !  -9.99000e+02  -99.000  -99.000  -999
OBS: 5999892  54384.031    17.00   0.0000e+00   7.2782e+03   2.6815e+02   0  H  0.00  1   !  -9.99000e+02  -99.000  -99.000  -999
OBS: 5999892  54386.031    19.00   0.0000e+00   7.6752e+03   2.4427e+02   0  H  0.00  1   !  -9.99000e+02  -99.000  -99.000  -999
OBS: 5999892  54388.031    21.00   0.0000e+00   8.0813e+03   2.2939e+02   0  H  0.00  1   !  -9.99000e+02  -99.000  -99.000  -999
OBS: 5999892  54390.031    23.00   0.0000e+00   8.4244e+03   2.4638e+02   0  H  0.00  1   !  -9.99000e+02  -99.000  -99.000  -999
OBS: 5999892  54392.031    25.00   0.0000e+00   8.7824e+03   2.7454e+02   0  H  0.00  1   !  -9.99000e+02  -99.000  -99.000  -999
OBS: 5999892  54394.031    27.00   0.0000e+00   9.0645e+03   2.7223e+02   0  H  0.00  1   !  -9.99000e+02  -99.000  -99.000  -999
OBS: 5999892  54396.031    29.00   0.0000e+00   9.2381e+03   2.7634e+02   0  H  0.00  1   !  -9.99000e+02  -99.000  -99.000  -999
OBS: 5999892  54398.031    31.00   0.0000e+00   9.2966e+03   3.4206e+02   0  H  0.00  1   !  -9.99000e+02  -99.000  -99.000  -999
OBS: 5999892  54400.031    33.00   0.0000e+00   9.3227e+03   4.1199e+02   0  H  0.00  1   !  -9.99000e+02  -99.000  -99.000  -999
OBS: 5999892  54402.031    35.00   0.0000e+00   9.2067e+03   4.3805e+02   0  H  0.00  1   !  -9.99000e+02  -99.000  -99.000  -999
OBS: 5999892  54404.031    37.00   0.0000e+00   8.7493e+03   4.8124e+02   0  H  0.00  1   !  -9.99000e+02  -99.000  -99.000  -999
OBS: 5999892  54406.031    39.00   0.0000e+00   7.9670e+03   5.5451e+02   0  H  0.00  1   !  -9.99000e+02  -99.000  -99.000  -999
OBS: 5999892  54408.031    41.00   0.0000e+00   7.0701e+03   5.7130e+02   0  H  0.00  1   !  -9.99000e+02  -99.000  -99.000  -999
OBS: 5999892  54410.031    43.00   0.0000e+00   6.1434e+03   4.9567e+02   0  H  0.00  1   !  -9.99000e+02  -99.000  -99.000  -999
OBS: 5999892  54412.031    45.00   0.0000e+00   5.4290e+03   3.9139e+02   0  H  0.00  1   !  -9.99000e+02  -99.000  -99.000  -999
OBS: 5999892  54414.031    47.00   0.0000e+00   5.0082e+03   3.2924e+02   0  H  0.00  1   !  -9.99000e+02  -99.000  -99.000  -999
OBS: 5999892  54416.031    49.00   0.0000e+00   4.7862e+03   2.8453e+02   0  H  0.00  1   !  -9.99000e+02  -99.000  -99.000  -999
OBS: 5999892  54418.031    51.00   0.0000e+00   4.6049e+03   2.9631e+02   0  H  0.00  1   !  -9.99000e+02  -99.000  -99.000  -999
OBS: 5999892  54420.031    53.00   0.0000e+00   4.4073e+03   1.5965e+03   0  H  0.00  1   !  -9.99000e+02  -99.000  -99.000  -999
OBS: 5999892  54422.031    55.00   0.0000e+00   4.1962e+03   2.5257e+03   0  H  0.00  1   !  -9.99000e+02  -99.000  -99.000  -999
OBS: 5999892  54424.031    57.00   0.0000e+00   3.9968e+03   2.4057e+03   0  H  0.00  1   !  -9.99000e+02  -99.000  -99.000  -999
OBS: 5999892  54426.031    59.00   0.0000e+00   3.8031e+03   2.2892e+03   0  H  0.00  1   !  -9.99000e+02  -99.000  -99.000  -999
OBS: 5999892  54428.031    61.00   0.0000e+00   3.6205e+03   2.1792e+03   0  H  0.00  1   !  -9.99000e+02  -99.000  -99.000  -999
OBS: 5999892  54430.031    63.00   0.0000e+00   3.3144e+03   1.9949e+03   0  H  0.00  1   !  -9.99000e+02  -99.000  -99.000  -999
OBS: 5999892  54432.031    65.00   0.0000e+00   2.9602e+03   1.7817e+03   0  H  0.00  1   !  -9.99000e+02  -99.000  -99.000  -999
OBS: 5999892  54434.031    67.00   0.0000e+00   2.6812e+03   1.6138e+03   0  H  0.00  1   !  -9.99000e+02  -99.000  -99.000  -999
OBS: 5999892  54436.031    69.00   0.0000e+00   2.4667e+03   1.4847e+03   0  H  0.00  1   !  -9.99000e+02  -99.000  -99.000  -999
OBS: 5999892  54438.031    71.00   0.0000e+00   2.3117e+03   1.3914e+03   0  H  0.00  1   !  -9.99000e+02  -99.000  -99.000  -999
OBS: 5999892  54440.031    73.00   0.0000e+00   2.1928e+03   1.3199e+03   0  H  0.00  1   !  -9.99000e+02  -99.000  -99.000  -999
OBS: 5999892  54442.031    75.00   0.0000e+00   2.0756e+03   1.2493e+03   0  H  0.00  1   !  -9.99000e+02  -99.000  -99.000  -999
OBS: 5999892  54444.031    77.00   0.0000e+00   1.9700e+03   1.1858e+03   0  H  0.00  1   !  -9.99000e+02  -99.000  -99.000  -999
OBS: 5999892  54446.031    79.00   0.0000e+00   1.8857e+03   1.1350e+03   0  H  0.00  1   !  -9.99000e+02  -99.000  -99.000  -999
OBS: 5999892  54448.031    81.00   0.0000e+00   1.8050e+03   1.0864e+03   0  H  0.00  1   !  -9.99000e+02  -99.000  -99.000  -999
OBS: 5999892  54450.031    83.00   0.0000e+00   1.7277e+03   1.0399e+03   0  H  0.00  1   !  -9.99000e+02  -99.000  -99.000  -999
OBS: 5999892  54452.031    85.00   0.0000e+00   1.6540e+03   9.9555e+02   0  H  0.00  1   !  -9.99000e+02  -99.000  -99.000  -999
OBS: 5999892  54454.031    87.00   0.0000e+00   1.5837e+03   9.5323e+02   0  H  0.00  1   !  -9.99000e+02  -99.000  -99.000  -999
OBS: 5999892  54456.031    89.00   0.0000e+00   1.5152e+03   9.1204e+02   0  H  0.00  1   !  -9.99000e+02  -99.000  -99.000  -999
OBS: 5999892  54458.031    91.00   0.0000e+00   1.4492e+03   8.7230e+02   0  H  0.00  1   !  -9.99000e+02  -99.000  -99.000  -999
OBS: 5999892  54460.031    93.00   0.0000e+00   1.3861e+03   8.3429e+02   0  H  0.00  1   !  -9.99000e+02  -99.000  -99.000  -999
OBS: 5999892  54462.031    95.00   0.0000e+00   1.3257e+03   7.9793e+02   0  H  0.00  1   !  -9.99000e+02  -99.000  -99.000  -999
OBS: 5999892  54464.031    97.00   0.0000e+00   1.2679e+03   7.6316e+02   0  H  0.00  1   !  -9.99000e+02  -99.000  -99.000  -999
OBS: 5999892  54466.031    99.00   0.0000e+00   1.2126e+03   7.2990e+02   0  H  0.00  1   !  -9.99000e+02  -99.000  -99.000  -999
OBS: 5999892  54468.031   101.00   0.0000e+00   1.1598e+03   6.9809e+02   0  H  0.00  1   !  -9.99000e+02  -99.000  -99.000  -999
OBS: 5999892  54470.031   103.00   0.0000e+00   1.1093e+03   6.6767e+02   0  H  0.00  1   !  -9.99000e+02  -99.000  -99.000  -999
OBS: 5999892  54472.031   105.00   0.0000e+00   1.0609e+03   6.3857e+02   0  H  0.00  1   !  -9.99000e+02  -99.000  -99.000  -999
OBS: 5999892  54474.031   107.00   0.0000e+00   1.0147e+03   6.1074e+02   0  H  0.00  1   !  -9.99000e+02  -99.000  -99.000  -999
OBS: 5999892  54476.031   109.00   0.0000e+00   9.7046e+02   5.8413e+02   0  H  0.00  1   !  -9.99000e+02  -99.000  -99.000  -999
OBS: 5999892  54478.031   111.00   0.0000e+00   9.2816e+02   5.5867e+02   0  H  0.00  1   !  -9.99000e+02  -99.000  -99.000  -999
OBS: 5999892  54480.031   113.00   0.0000e+00   8.8771e+02   5.3432e+02   0  H  0.00  1   !  -9.99000e+02  -99.000  -99.000  -999
OBS: 5999892  54482.031   115.00   0.0000e+00   8.4902e+02   5.1104e+02   0  H  0.00  1   !  -9.99000e+02  -99.000  -99.000  -999
OBS: 5999892  54484.031   117.00   0.0000e+00   8.1202e+02   4.8876e+02   0  H  0.00  1   !  -9.99000e+02  -99.000  -99.000  -999
OBS: 5999892  54486.031   119.00   0.0000e+00   7.7663e+02   4.6746e+02   0  H  0.00  1   !  -9.99000e+02  -99.000  -99.000  -999
OBS: 5999892  54488.031   121.00   0.0000e+00   7.4278e+02   4.4709e+02   0  H  0.00  1   !  -9.99000e+02  -99.000  -99.000  -999
OBS: 5999892  54490.031   123.00   0.0000e+00   7.1040e+02   4.2760e+02   0  H  0.00  1   !  -9.99000e+02  -99.000  -99.000  -999
OBS: 5999892  54492.031   125.00   0.0000e+00   6.7944e+02   4.0896e+02   0  H  0.00  1   !  -9.99000e+02  -99.000  -99.000  -999
OBS: 5999892  54494.031   127.00   0.0000e+00   6.4982e+02   3.9114e+02   0  H  0.00  1   !  -9.99000e+02  -99.000  -99.000  -999
OBS: 5999892  54496.031   129.00   0.0000e+00   6.2150e+02   3.7409e+02   0  H  0.00  1   !  -9.99000e+02  -99.000  -99.000  -999
OBS: 5999892  54498.031   131.00   0.0000e+00   5.9441e+02   3.5778e+02   0  H  0.00  1   !  -9.99000e+02  -99.000  -99.000  -999
OBS: 5999892  54500.031   133.00   0.0000e+00   5.6850e+02   3.4219e+02   0  H  0.00  1   !  -9.99000e+02  -99.000  -99.000  -999
OBS: 5999892  54502.031   135.00   0.0000e+00   5.4372e+02   3.2727e+02   0  H  0.00  1   !  -9.99000e+02  -99.000  -99.000  -999
OBS: 5999892  54504.031   137.00   0.0000e+00   5.2002e+02   3.1300e+02   0  H  0.00  1   !  -9.99000e+02  -99.000  -99.000  -999
OBS: 5999892  54506.031   139.00   0.0000e+00   4.9735e+02   2.9936e+02   0  H  0.00  1   !  -9.99000e+02  -99.000  -99.000  -999
