VARNAMES: CID MJD Tobs SIM_FLUXCAL FLUXCAL FLUXCAL_ERR DATAFLAG BAND CHI2 IFIT BAND_REST FLUX_REST KCOR AVWARP SIM_FLUX_REST 
OBS: 5999844  53640.801    -4.01   2.1481e+03   3.0712e+03   5.7220e+02   1  J  1.14  1   J  3.21050e+18  -0.150  -0.157  1.00000e+11
OBS: 5999844  53640.809    -4.00   2.1477e+03   1.3435e+03   5.3959e+02   1  J  4.24  1   J  1.40448e+18  -0.150  -0.157  1.00000e+11
OBS: 5999844  53643.789    -1.02   1.9617e+03   2.1554e+03   5.8492e+02   1  J  0.02  1   J  2.25739e+18  -0.148  0.020  1.00000e+11
OBS: 5999844  53643.801    -1.01   1.9606e+03   1.3474e+03   6.6891e+02   1  J  1.79  1   J  1.41126e+18  -0.148  0.022  1.00000e+11
OBS: 5999844  53648.789     3.98   1.3470e+03   2.0370e+03   7.3169e+02   1  J  0.45  1   J  2.27491e+18  -0.078  1.338  1.00000e+11
OBS: 5999844  53648.801     3.99   1.3458e+03   6.7950e+02   9.7092e+02   1  J  0.79  1   J  7.58850e+17  -0.078  1.340  1.00000e+11
OBS: 5999844  53653.809     9.00   7.8131e+02   7.0154e+02   2.2066e+02   1  J  0.75  1   J  6.98708e+17  -0.202  0.808  1.00000e+11
OBS: 5999844  53653.820     9.01   7.8041e+02   6.0373e+02   3.1035e+02   1  J  0.86  1   J  6.01090e+17  -0.203  0.804  1.00000e+11
OBS: 5999844  53656.828    12.02   5.7496e+02   1.0693e+03   6.2859e+02   1  J  0.42  1   J  9.96528e+17  -0.275  -0.303  1.00000e+11
OBS: 5999844  53657.762    12.95   5.4698e+02   9.0104e+00   4.0114e+02   1  J  2.33  1   J  8.16232e+15  -0.305  -0.591  1.00000e+11
OBS: 5999844  53657.770    12.96   5.4686e+02  -4.9693e+01   4.1453e+02   1  J  2.62  1   J  -4.49970e+16  -0.306  -0.593  1.00000e+11
OBS: 5999844  53660.828    16.02   5.3934e+02   5.0492e+02   5.6533e+02   1  J  0.04  1   J  4.12775e+17  -0.417  -1.046  1.00000e+11
OBS: 5999844  53660.840    16.03   5.3938e+02  -5.5396e+01   4.5881e+02   1  J  2.12  1   J  -4.52784e+16  -0.417  -1.047  1.00000e+11
OBS: 5999844  53664.820    20.01   6.0982e+02   2.7075e+02   4.9523e+02   1  J  0.73  1   J  2.14949e+17  -0.449  -0.875  1.00000e+11
OBS: 5999844  53664.840    20.03   6.1031e+02   1.7236e+03   6.2350e+02   1  J  2.68  1   J  1.36814e+18  -0.449  -0.875  1.00000e+11
OBS: 5999844  53668.801    23.99   7.7628e+02   1.2653e+03   6.5600e+02   1  J  0.33  1   J  9.50093e+17  -0.509  -0.384  1.00000e+11
OBS: 5999844  53668.809    24.00   7.7682e+02   1.1001e+03   5.2136e+02   1  J  0.16  1   J  8.25929e+17  -0.509  -0.383  1.00000e+11
OBS: 5999844  53670.809    26.00   8.7480e+02   1.2590e+03   5.1611e+02   1  J  0.25  1   J  9.23840e+17  -0.534  -0.188  1.00000e+11
OBS: 5999844  53672.820    28.01   9.5231e+02   9.0551e+02   6.4942e+02   1  J  0.08  1   J  6.43143e+17  -0.570  -0.413  1.00000e+11
OBS: 5999844  53676.828    32.02   9.9673e+02   2.6462e+03   7.2761e+02   1  J  4.24  1   J  1.84315e+18  -0.591  -0.624  1.00000e+11
OBS: 5999844  53677.828    33.02   9.9814e+02   1.5399e+03   4.8982e+02   1  J  0.65  1   J  1.07573e+18  -0.588  -0.452  1.00000e+11
OBS: 5999844  53677.840    33.03   9.9815e+02   6.2082e+02   5.1326e+02   1  J  1.02  1   J  4.33702e+17  -0.588  -0.451  1.00000e+11
OBS: 5999844  53679.762    34.95   1.0122e+03   1.5988e+03   8.7999e+02   1  J  0.25  1   J  1.10311e+18  -0.601  -0.065  1.00000e+11
OBS: 5999844  53680.781    35.97   1.0091e+03   1.8852e+03   6.9653e+02   1  J  1.09  1   J  1.29064e+18  -0.609  0.076  1.00000e+11
OBS: 5999844  53680.789    35.98   1.0090e+03   1.2976e+03   7.3653e+02   1  J  0.04  1   J  8.88254e+17  -0.610  0.077  1.00000e+11
OBS: 5999844  53681.828    37.02   9.9423e+02   1.0539e+03   1.8115e+02   1  J  0.19  1   J  7.13855e+17  -0.621  0.148  1.00000e+11
OBS: 5999844  53681.840    37.03   9.9404e+02   9.2216e+02   1.8661e+02   1  J  1.19  1   J  6.24571e+17  -0.621  0.149  1.00000e+11
OBS: 5999844  53688.801    43.99   6.1586e+02   6.1121e+02   6.2182e+02   1  J  0.02  1   J  3.82022e+17  -0.708  -0.811  1.00000e+11
OBS: 5999844  53688.809    44.00   6.1530e+02   7.0232e+02   5.9679e+02   1  J  0.00  1   J  4.38874e+17  -0.709  -0.815  1.00000e+11
OBS: 5999844  53697.770    52.96   3.7591e+02   9.7789e+02   4.8304e+02  -1  J  1.20  1   !  -9.99000e+02  -99.000  -99.000  -999
OBS: 5999844  53701.730    56.92   3.0281e+02  -5.3177e+02   5.3770e+02  -1  J  2.32  1   !  -9.99000e+02  -99.000  -99.000  -999
OBS: 5999844  53585.809   -59.00   0.0000e+00   0.0000e+00   0.0000e+00   0  J  0.00  1   !  -9.99000e+02  -99.000  -99.000  -999
OBS: 5999844  53587.809   -57.00   0.0000e+00   0.0000e+00   0.0000e+00   0  J  0.00  1   !  -9.99000e+02  -99.000  -99.000  -999
OBS: 5999844  53589.809   -55.00   0.0000e+00   0.0000e+00   0.0000e+00   0  J  0.00  1   !  -9.99000e+02  -99.000  -99.000  -999
OBS: 5999844  53591.809   -53.00   0.0000e+00   0.0000e+00   0.0000e+00   0  J  0.00  1   !  -9.99000e+02  -99.000  -99.000  -999
OBS: 5999844  53593.809   -51.00   0.0000e+00   0.0000e+00   0.0000e+00   0  J  0.00  1   !  -9.99000e+02  -99.000  -99.000  -999
OBS: 5999844  53595.809   -49.00   0.0000e+00   0.0000e+00   0.0000e+00   0  J  0.00  1   !  -9.99000e+02  -99.000  -99.000  -999
OBS: 5999844  53597.809   -47.00   0.0000e+00   0.0000e+00   0.0000e+00   0  J  0.00  1   !  -9.99000e+02  -99.000  -99.000  -999
OBS: 5999844  53599.809   -45.00   0.0000e+00   0.0000e+00   0.0000e+00   0  J  0.00  1   !  -9.99000e+02  -99.000  -99.000  -999
OBS: 5999844  53601.809   -43.00   0.0000e+00   0.0000e+00   0.0000e+00   0  J  0.00  1   !  -9.99000e+02  -99.000  -99.000  -999
OBS: 5999844  53603.809   -41.00   0.0000e+00   0.0000e+00   0.0000e+00   0  J  0.00  1   !  -9.99000e+02  -99.000  -99.000  -999
OBS: 5999844  53605.809   -39.00   0.0000e+00   0.0000e+00   0.0000e+00   0  J  0.00  1   !  -9.99000e+02  -99.000  -99.000  -999
OBS: 5999844  53607.809   -37.00   0.0000e+00   0.0000e+00   0.0000e+00   0  J  0.00  1   !  -9.99000e+02  -99.000  -99.000  -999
OBS: 5999844  53609.809   -35.00   0.0000e+00   0.0000e+00   0.0000e+00   0  J  0.00  1   !  -9.99000e+02  -99.000  -99.000  -999
OBS: 5999844  53611.809   -33.00   0.0000e+00   0.0000e+00   0.0000e+00   0  J  0.00  1   !  -9.99000e+02  -99.000  -99.000  -999
OBS: 5999844  53613.809   -31.00   0.0000e+00   0.0000e+00   0.0000e+00   0  J  0.00  1   !  -9.99000e+02  -99.000  -99.000  -999
OBS: 5999844  53615.809   -29.00   0.0000e+00   0.0000e+00   0.0000e+00   0  J  0.00  1   !  -9.99000e+02  -99.000  -99.000  -999
OBS: 5999844  53617.809   -27.00   0.0000e+00   0.0000e+00   0.0000e+00   0  J  0.00  1   !  -9.99000e+02  -99.000  -99.000  -999
OBS: 5999844  53619.809   -25.00   0.0000e+00   0.0000e+00   0.0000e+00   0  J  0.00  1   !  -9.99000e+02  -99.000  -99.000  -999
OBS: 5999844  53621.809   -23.00   0.0000e+00   0.0000e+00   0.0000e+00   0  J  0.00  1   !  -9.99000e+02  -99.000  -99.000  -999
OBS: 5999844  53623.809   -21.00   0.0000e+00   2.4425e+02   1.4702e+02   0  J  0.00  1   !  -9.99000e+02  -99.000  -99.000  -999
OBS: 5999844  53625.809   -19.00   0.0000e+00   3.0813e+02   1.8547e+02   0  J  0.00  1   !  -9.99000e+02  -99.000  -99.000  -999
OBS: 5999844  53627.809   -17.00   0.0000e+00   3.0895e+02   1.8596e+02   0  J  0.00  1   !  -9.99000e+02  -99.000  -99.000  -999
OBS: 5999844  53629.809   -15.00   0.0000e+00   5.6240e+02   1.4643e+02   0  J  0.00  1   !  -9.99000e+02  -99.000  -99.000  -999
OBS: 5999844  53631.809   -13.00   0.0000e+00   1.0923e+03   7.0330e+01   0  J  0.00  1   !  -9.99000e+02  -99.000  -99.000  -999
OBS: 5999844  53633.809   -11.00   0.0000e+00   1.6148e+03   5.4501e+01   0  J  0.00  1   !  -9.99000e+02  -99.000  -99.000  -999
OBS: 5999844  53635.809    -9.00   0.0000e+00   2.0460e+03   5.4826e+01   0  J  0.00  1   !  -9.99000e+02  -99.000  -99.000  -999
OBS: 5999844  53637.809    -7.00   0.0000e+00   2.3339e+03   4.0495e+01   0  J  0.00  1   !  -9.99000e+02  -99.000  -99.000  -999
OBS: 5999844  53639.809    -5.00   0.0000e+00   2.4619e+03   3.7495e+01   0  J  0.00  1   !  -9.99000e+02  -99.000  -99.000  -999
OBS: 5999844  53641.809    -3.00   0.0000e+00   2.4115e+03   4.0171e+01   0  J  0.00  1   !  -9.99000e+02  -99.000  -99.000  -999
OBS: 5999844  53643.809    -1.00   0.0000e+00   2.2437e+03   4.2184e+01   0  J  0.00  1   !  -9.99000e+02  -99.000  -99.000  -999
OBS: 5999844  53645.809     1.00   0.0000e+00   1.9682e+03   3.8882e+01   0  J  0.00  1   !  -9.99000e+02  -99.000  -99.000  -999
OBS: 5999844  53647.809     3.00   0.0000e+00   1.6761e+03   3.9233e+01   0  J  0.00  1   !  -9.99000e+02  -99.000  -99.000  -999
OBS: 5999844  53649.809     5.00   0.0000e+00   1.4101e+03   3.8500e+01   0  J  0.00  1   !  -9.99000e+02  -99.000  -99.000  -999
OBS: 5999844  53651.809     7.00   0.0000e+00   1.1387e+03   3.7903e+01   0  J  0.00  1   !  -9.99000e+02  -99.000  -99.000  -999
OBS: 5999844  53653.809     9.00   0.0000e+00   8.9529e+02   4.0053e+01   0  J  0.00  1   !  -9.99000e+02  -99.000  -99.000  -999
OBS: 5999844  53655.809    11.00   0.0000e+00   7.2001e+02   4.5498e+01   0  J  0.00  1   !  -9.99000e+02  -99.000  -99.000  -999
OBS: 5999844  53657.809    13.00   0.0000e+00   6.2548e+02   5.1131e+01   0  J  0.00  1   !  -9.99000e+02  -99.000  -99.000  -999
OBS: 5999844  53659.809    15.00   0.0000e+00   6.1288e+02   5.2784e+01   0  J  0.00  1   !  -9.99000e+02  -99.000  -99.000  -999
OBS: 5999844  53661.809    17.00   0.0000e+00   6.2811e+02   5.4506e+01   0  J  0.00  1   !  -9.99000e+02  -99.000  -99.000  -999
OBS: 5999844  53663.809    19.00   0.0000e+00   6.7021e+02   6.1210e+01   0  J  0.00  1   !  -9.99000e+02  -99.000  -99.000  -999
OBS: 5999844  53665.809    21.00   0.0000e+00   7.3033e+02   5.9547e+01   0  J  0.00  1   !  -9.99000e+02  -99.000  -99.000  -999
OBS: 5999844  53667.809    23.00   0.0000e+00   8.2826e+02   6.2425e+01   0  J  0.00  1   !  -9.99000e+02  -99.000  -99.000  -999
OBS: 5999844  53669.809    25.00   0.0000e+00   9.4714e+02   6.8840e+01   0  J  0.00  1   !  -9.99000e+02  -99.000  -99.000  -999
OBS: 5999844  53671.809    27.00   0.0000e+00   1.0484e+03   6.7145e+01   0  J  0.00  1   !  -9.99000e+02  -99.000  -99.000  -999
OBS: 5999844  53673.809    29.00   0.0000e+00   1.1157e+03   7.1507e+01   0  J  0.00  1   !  -9.99000e+02  -99.000  -99.000  -999
OBS: 5999844  53675.809    31.00   0.0000e+00   1.1363e+03   7.3633e+01   0  J  0.00  1   !  -9.99000e+02  -99.000  -99.000  -999
OBS: 5999844  53677.809    33.00   0.0000e+00   1.1423e+03   6.5301e+01   0  J  0.00  1   !  -9.99000e+02  -99.000  -99.000  -999
OBS: 5999844  53679.809    35.00   0.0000e+00   1.1587e+03   6.4108e+01   0  J  0.00  1   !  -9.99000e+02  -99.000  -99.000  -999
OBS: 5999844  53681.809    37.00   0.0000e+00   1.1387e+03   6.5519e+01   0  J  0.00  1   !  -9.99000e+02  -99.000  -99.000  -999
OBS: 5999844  53683.809    39.00   0.0000e+00   1.0505e+03   8.0373e+01   0  J  0.00  1   !  -9.99000e+02  -99.000  -99.000  -999
OBS: 5999844  53685.809    41.00   0.0000e+00   9.1747e+02   8.9730e+01   0  J  0.00  1   !  -9.99000e+02  -99.000  -99.000  -999
OBS: 5999844  53687.809    43.00   0.0000e+00   7.7329e+02   8.3949e+01   0  J  0.00  1   !  -9.99000e+02  -99.000  -99.000  -999
OBS: 5999844  53689.809    45.00   0.0000e+00   6.4415e+02   8.2203e+01   0  J  0.00  1   !  -9.99000e+02  -99.000  -99.000  -999
OBS: 5999844  53691.809    47.00   0.0000e+00   5.6561e+02   9.3531e+01   0  J  0.00  1   !  -9.99000e+02  -99.000  -99.000  -999
OBS: 5999844  53693.809    49.00   0.0000e+00   5.2316e+02   9.7114e+01   0  J  0.00  1   !  -9.99000e+02  -99.000  -99.000  -999
OBS: 5999844  53695.809    51.00   0.0000e+00   4.8050e+02   1.0803e+02   0  J  0.00  1   !  -9.99000e+02  -99.000  -99.000  -999
OBS: 5999844  53697.809    53.00   0.0000e+00   4.2957e+02   1.2721e+02   0  J  0.00  1   !  -9.99000e+02  -99.000  -99.000  -999
OBS: 5999844  53699.809    55.00   0.0000e+00   3.8237e+02   2.3015e+02   0  J  0.00  1   !  -9.99000e+02  -99.000  -99.000  -999
OBS: 5999844  53701.809    57.00   0.0000e+00   3.4516e+02   2.0775e+02   0  J  0.00  1   !  -9.99000e+02  -99.000  -99.000  -999
OBS: 5999844  53703.809    59.00   0.0000e+00   3.0546e+02   1.8386e+02   0  J  0.00  1   !  -9.99000e+02  -99.000  -99.000  -999
OBS: 5999844  53705.809    61.00   0.0000e+00   2.6892e+02   1.6187e+02   0  J  0.00  1   !  -9.99000e+02  -99.000  -99.000  -999
OBS: 5999844  53707.809    63.00   0.0000e+00   2.3774e+02   1.4310e+02   0  J  0.00  1   !  -9.99000e+02  -99.000  -99.000  -999
OBS: 5999844  53709.809    65.00   0.0000e+00   2.0133e+02   1.2118e+02   0  J  0.00  1   !  -9.99000e+02  -99.000  -99.000  -999
OBS: 5999844  53711.809    67.00   0.0000e+00   1.5898e+02   9.5692e+01   0  J  0.00  1   !  -9.99000e+02  -99.000  -99.000  -999
OBS: 5999844  53713.809    69.00   0.0000e+00   1.3167e+02   7.9254e+01   0  J  0.00  1   !  -9.99000e+02  -99.000  -99.000  -999
OBS: 5999844  53715.809    71.00   0.0000e+00   1.1220e+02   6.7536e+01   0  J  0.00  1   !  -9.99000e+02  -99.000  -99.000  -999
OBS: 5999844  53717.809    73.00   0.0000e+00   9.6278e+01   5.7951e+01   0  J  0.00  1   !  -9.99000e+02  -99.000  -99.000  -999
OBS: 5999844  53719.809    75.00   0.0000e+00   8.2079e+01   4.9404e+01   0  J  0.00  1   !  -9.99000e+02  -99.000  -99.000  -999
OBS: 5999844  53721.809    77.00   0.0000e+00   6.8745e+01   4.1378e+01   0  J  0.00  1   !  -9.99000e+02  -99.000  -99.000  -999
OBS: 5999844  53723.809    79.00   0.0000e+00   5.5959e+01   3.3682e+01   0  J  0.00  1   !  -9.99000e+02  -99.000  -99.000  -999
OBS: 5999844  53725.809    81.00   0.0000e+00   4.8928e+01   2.9450e+01   0  J  0.00  1   !  -9.99000e+02  -99.000  -99.000  -999
OBS: 5999844  53727.809    83.00   0.0000e+00   4.3150e+01   2.5972e+01   0  J  0.00  1   !  -9.99000e+02  -99.000  -99.000  -999
OBS: 5999844  53729.809    85.00   0.0000e+00   3.8013e+01   2.2881e+01   0  J  0.00  1   !  -9.99000e+02  -99.000  -99.000  -999
OBS: 5999844  53731.809    87.00   0.0000e+00   3.3432e+01   2.0123e+01   0  J  0.00  1   !  -9.99000e+02  -99.000  -99.000  -999
OBS: 5999844  53733.809    89.00   0.0000e+00   2.9334e+01   1.7656e+01   0  J  0.00  1   !  -9.99000e+02  -99.000  -99.000  -999
OBS: 5999844  53735.809    91.00   0.0000e+00   2.5652e+01   1.5440e+01   0  J  0.00  1   !  -9.99000e+02  -99.000  -99.000  -999
OBS: 5999844  53737.809    93.00   0.0000e+00   2.2842e+01   1.3749e+01   0  J  0.00  1   !  -9.99000e+02  -99.000  -99.000  -999
OBS: 5999844  53739.809    95.00   0.0000e+00   2.0338e+01   1.2242e+01   0  J  0.00  1   !  -9.99000e+02  -99.000  -99.000  -999
OBS: 5999844  53741.809    97.00   0.0000e+00   1.8107e+01   1.0899e+01   0  J  0.00  1   !  -9.99000e+02  -99.000  -99.000  -999
OBS: 5999844  53743.809    99.00   0.0000e+00   1.6071e+01   9.6731e+00   0  J  0.00  1   !  -9.99000e+02  -99.000  -99.000  -999
OBS: 5999844  53745.809   101.00   0.0000e+00   1.4109e+01   8.4923e+00   0  J  0.00  1   !  -9.99000e+02  -99.000  -99.000  -999
OBS: 5999844  53747.809   103.00   0.0000e+00   1.2364e+01   7.4421e+00   0  J  0.00  1   !  -9.99000e+02  -99.000  -99.000  -999
OBS: 5999844  53749.809   105.00   0.0000e+00   1.0862e+01   6.5379e+00   0  J  0.00  1   !  -9.99000e+02  -99.000  -99.000  -999
OBS: 5999844  53751.809   107.00   0.0000e+00   9.5544e+00   5.7509e+00   0  J  0.00  1   !  -9.99000e+02  -99.000  -99.000  -999
OBS: 5999844  53753.809   109.00   0.0000e+00   8.4042e+00   5.0586e+00   0  J  0.00  1   !  -9.99000e+02  -99.000  -99.000  -999
OBS: 5999844  53755.809   111.00   0.0000e+00   7.3925e+00   4.4497e+00   0  J  0.00  1   !  -9.99000e+02  -99.000  -99.000  -999
OBS: 5999844  53757.809   113.00   0.0000e+00   6.5026e+00   3.9140e+00   0  J  0.00  1   !  -9.99000e+02  -99.000  -99.000  -999
OBS: 5999844  53759.809   115.00   0.0000e+00   5.7199e+00   3.4429e+00   0  J  0.00  1   !  -9.99000e+02  -99.000  -99.000  -999
OBS: 5999844  53761.809   117.00   0.0000e+00   5.0313e+00   3.0284e+00   0  J  0.00  1   !  -9.99000e+02  -99.000  -99.000  -999
OBS: 5999844  53763.809   119.00   0.0000e+00   4.4257e+00   2.6639e+00   0  J  0.00  1   !  -9.99000e+02  -99.000  -99.000  -999
OBS: 5999844  53765.809   121.00   0.0000e+00   3.8929e+00   2.3432e+00   0  J  0.00  1   !  -9.99000e+02  -99.000  -99.000  -999
OBS: 5999844  53767.809   123.00   0.0000e+00   3.4243e+00   2.0611e+00   0  J  0.00  1   !  -9.99000e+02  -99.000  -99.000  -999
OBS: 5999844  53769.809   125.00   0.0000e+00   3.0121e+00   1.8130e+00   0  J  0.00  1   !  -9.99000e+02  -99.000  -99.000  -999
OBS: 5999844  53771.809   127.00   0.0000e+00   2.6495e+00   1.5948e+00   0  J  0.00  1   !  -9.99000e+02  -99.000  -99.000  -999
OBS: 5999844  53773.809   129.00   0.0000e+00   2.3306e+00   1.4028e+00   0  J  0.00  1   !  -9.99000e+02  -99.000  -99.000  -999
OBS: 5999844  53775.809   131.00   0.0000e+00   2.0500e+00   1.2339e+00   0  J  0.00  1   !  -9.99000e+02  -99.000  -99.000  -999
OBS: 5999844  53777.809   133.00   0.0000e+00   1.8032e+00   1.0854e+00   0  J  0.00  1   !  -9.99000e+02  -99.000  -99.000  -999
OBS: 5999844  53779.809   135.00   0.0000e+00   1.5862e+00   9.5473e-01   0  J  0.00  1   !  -9.99000e+02  -99.000  -99.000  -999
OBS: 5999844  53781.809   137.00   0.0000e+00   1.3952e+00   8.3981e-01   0  J  0.00  1   !  -9.99000e+02  -99.000  -99.000  -999
OBS: 5999844  53783.809   139.00   0.0000e+00   1.2273e+00   7.3871e-01   0  J  0.00  1   !  -9.99000e+02  -99.000  -99.000  -999
OBS: 5999844  53640.801    -4.01   2.5368e+03   3.5452e+03   3.1097e+02   1  Y  10.75  1   Y  3.16760e+18  -0.320  -1.166  1.00000e+11
OBS: 5999844  53640.809    -4.00   2.5364e+03   2.7124e+03   3.0523e+02   1  Y  0.42  1   Y  2.42310e+18  -0.321  -1.168  1.00000e+11
OBS: 5999844  53643.789    -1.02   2.1963e+03   1.8057e+03   2.5716e+02   1  Y  2.00  1   Y  1.60267e+18  -0.328  -1.593  1.00000e+11
OBS: 5999844  53643.801    -1.01   2.1946e+03   2.1781e+03   2.9110e+02   1  Y  0.00  1   Y  1.93320e+18  -0.328  -1.595  1.00000e+11
OBS: 5999844  53648.789     3.98   1.6102e+03   1.6500e+03   6.2559e+02   1  Y  0.01  1   Y  1.35844e+18  -0.409  -1.791  1.00000e+11
OBS: 5999844  53648.801     3.99   1.6094e+03   1.7501e+03   3.4301e+02   1  Y  0.20  1   Y  1.44057e+18  -0.409  -1.791  1.00000e+11
OBS: 5999844  53656.828    12.02   1.2753e+03   1.3931e+03   2.5260e+02   1  Y  0.25  1   Y  1.11951e+18  -0.436  -1.345  1.00000e+11
OBS: 5999844  53656.828    12.02   1.2753e+03   7.1332e+02   2.9305e+02   1  Y  3.36  1   Y  5.73228e+17  -0.436  -1.345  1.00000e+11
OBS: 5999844  53657.762    12.95   1.2883e+03   9.9754e+02   2.5132e+02   1  Y  1.15  1   Y  8.07342e+17  -0.428  -1.191  1.00000e+11
OBS: 5999844  53657.770    12.96   1.2886e+03   1.2799e+03   3.0057e+02   1  Y  0.00  1   Y  1.03587e+18  -0.428  -1.189  1.00000e+11
OBS: 5999844  53660.828    16.02   1.4333e+03   1.8621e+03   2.5957e+02   1  Y  2.75  1   Y  1.49964e+18  -0.433  -0.775  1.00000e+11
OBS: 5999844  53660.840    16.03   1.4339e+03   1.5181e+03   2.9476e+02   1  Y  0.11  1   Y  1.22255e+18  -0.433  -0.775  1.00000e+11
OBS: 5999844  53664.820    20.01   1.7261e+03   2.0517e+03   3.4574e+02   1  Y  0.95  1   Y  1.65246e+18  -0.433  -0.712  1.00000e+11
OBS: 5999844  53664.840    20.03   1.7275e+03   1.6056e+03   3.9475e+02   1  Y  0.07  1   Y  1.29332e+18  -0.433  -0.713  1.00000e+11
OBS: 5999844  53668.801    23.99   1.8703e+03   1.8265e+03   2.9906e+02   1  Y  0.01  1   Y  1.65318e+18  -0.306  -0.726  1.00000e+11
OBS: 5999844  53668.809    24.00   1.8706e+03   1.6923e+03   3.0435e+02   1  Y  0.26  1   Y  1.53224e+18  -0.306  -0.727  1.00000e+11
OBS: 5999844  53670.809    26.00   2.0611e+03   2.5430e+03   3.8653e+02   1  Y  1.63  1   Y  2.33341e+18  -0.292  -0.719  1.00000e+11
OBS: 5999844  53670.809    26.00   2.0611e+03   1.6931e+03   3.5838e+02   1  Y  0.90  1   Y  1.55350e+18  -0.292  -0.719  1.00000e+11
OBS: 5999844  53672.820    28.01   2.3197e+03   2.1434e+03   4.7695e+02   1  Y  0.10  1   Y  1.95170e+18  -0.300  -0.641  1.00000e+11
OBS: 5999844  53672.820    28.01   2.3197e+03   2.1369e+03   3.0889e+02   1  Y  0.25  1   Y  1.94579e+18  -0.300  -0.641  1.00000e+11
OBS: 5999844  53676.828    32.02   2.4374e+03   1.3740e+03   4.4358e+02   1  Y  5.39  1   Y  1.36603e+18  -0.204  -0.441  1.00000e+11
OBS: 5999844  53676.828    32.02   2.4374e+03   2.8968e+03   4.1091e+02   1  Y  1.34  1   Y  2.88006e+18  -0.204  -0.441  1.00000e+11
OBS: 5999844  53679.762    34.95   2.2517e+03   2.0898e+03   3.7770e+02   1  Y  0.14  1   Y  2.25203e+18  -0.117  -0.296  1.00000e+11
OBS: 5999844  53679.762    34.95   2.2517e+03   2.7105e+03   3.6521e+02   1  Y  1.67  1   Y  2.92096e+18  -0.117  -0.296  1.00000e+11
OBS: 5999844  53680.781    35.97   2.1574e+03   2.2223e+03   2.9850e+02   1  Y  0.08  1   Y  2.46689e+18  -0.085  -0.238  1.00000e+11
OBS: 5999844  53680.789    35.98   2.1565e+03   2.4324e+03   3.0211e+02   1  Y  0.92  1   Y  2.70089e+18  -0.084  -0.238  1.00000e+11
OBS: 5999844  53686.809    42.00   1.6114e+03   1.4372e+03   3.4351e+02   1  Y  0.22  1   Y  1.66716e+18  -0.037  -0.396  1.00000e+11
OBS: 5999844  53686.820    42.01   1.6104e+03   1.8661e+03   3.3108e+02   1  Y  0.64  1   Y  2.16466e+18  -0.037  -0.397  1.00000e+11
OBS: 5999844  53688.801    43.99   1.4156e+03   1.1912e+03   3.0258e+02   1  Y  0.48  1   Y  1.37337e+18  -0.044  -0.623  1.00000e+11
OBS: 5999844  53688.809    44.00   1.4147e+03   1.1543e+03   3.2621e+02   1  Y  0.57  1   Y  1.33072e+18  -0.044  -0.624  1.00000e+11
OBS: 5999844  53697.770    52.96   8.5886e+02  -6.0424e+02   9.0864e+02  -1  Y  2.56  1   !  -9.99000e+02  -99.000  -99.000  -999
OBS: 5999844  53697.770    52.96   8.5886e+02   7.7617e+02   2.3810e+02  -1  Y  0.10  1   !  -9.99000e+02  -99.000  -99.000  -999
OBS: 5999844  53701.719    56.91   6.7084e+02   9.7724e+02   2.6835e+02  -1  Y  0.42  1   !  -9.99000e+02  -99.000  -99.000  -999
OBS: 5999844  53701.730    56.92   6.7059e+02   7.8199e+02   2.2717e+02  -1  Y  0.06  1   !  -9.99000e+02  -99.000  -99.000  -999
OBS: 5999844  53585.809   -59.00   0.0000e+00   0.0000e+00   0.0000e+00   0  Y  0.00  1   !  -9.99000e+02  -99.000  -99.000  -999
OBS: 5999844  53587.809   -57.00   0.0000e+00   0.0000e+00   0.0000e+00   0  Y  0.00  1   !  -9.99000e+02  -99.000  -99.000  -999
OBS: 5999844  53589.809   -55.00   0.0000e+00   0.0000e+00   0.0000e+00   0  Y  0.00  1   !  -9.99000e+02  -99.000  -99.000  -999
OBS: 5999844  53591.809   -53.00   0.0000e+00   0.0000e+00   0.0000e+00   0  Y  0.00  1   !  -9.99000e+02  -99.000  -99.000  -999
OBS: 5999844  53593.809   -51.00   0.0000e+00   0.0000e+00   0.0000e+00   0  Y  0.00  1   !  -9.99000e+02  -99.000  -99.000  -999
OBS: 5999844  53595.809   -49.00   0.0000e+00   0.0000e+00   0.0000e+00   0  Y  0.00  1   !  -9.99000e+02  -99.000  -99.000  -999
OBS: 5999844  53597.809   -47.00   0.0000e+00   0.0000e+00   0.0000e+00   0  Y  0.00  1   !  -9.99000e+02  -99.000  -99.000  -999
OBS: 5999844  53599.809   -45.00   0.0000e+00   0.0000e+00   0.0000e+00   0  Y  0.00  1   !  -9.99000e+02  -99.000  -99.000  -999
OBS: 5999844  53601.809   -43.00   0.0000e+00   0.0000e+00   0.0000e+00   0  Y  0.00  1   !  -9.99000e+02  -99.000  -99.000  -999
OBS: 5999844  53603.809   -41.00   0.0000e+00   0.0000e+00   0.0000e+00   0  Y  0.00  1   !  -9.99000e+02  -99.000  -99.000  -999
OBS: 5999844  53605.809   -39.00   0.0000e+00   0.0000e+00   0.0000e+00   0  Y  0.00  1   !  -9.99000e+02  -99.000  -99.000  -999
OBS: 5999844  53607.809   -37.00   0.0000e+00   0.0000e+00   0.0000e+00   0  Y  0.00  1   !  -9.99000e+02  -99.000  -99.000  -999
OBS: 5999844  53609.809   -35.00   0.0000e+00   0.0000e+00   0.0000e+00   0  Y  0.00  1   !  -9.99000e+02  -99.000  -99.000  -999
OBS: 5999844  53611.809   -33.00   0.0000e+00   0.0000e+00   0.0000e+00   0  Y  0.00  1   !  -9.99000e+02  -99.000  -99.000  -999
OBS: 5999844  53613.809   -31.00   0.0000e+00   0.0000e+00   0.0000e+00   0  Y  0.00  1   !  -9.99000e+02  -99.000  -99.000  -999
OBS: 5999844  53615.809   -29.00   0.0000e+00   0.0000e+00   0.0000e+00   0  Y  0.00  1   !  -9.99000e+02  -99.000  -99.000  -999
OBS: 5999844  53617.809   -27.00   0.0000e+00   0.0000e+00   0.0000e+00   0  Y  0.00  1   !  -9.99000e+02  -99.000  -99.000  -999
OBS: 5999844  53619.809   -25.00   0.0000e+00   0.0000e+00   0.0000e+00   0  Y  0.00  1   !  -9.99000e+02  -99.000  -99.000  -999
OBS: 5999844  53621.809   -23.00   0.0000e+00   0.0000e+00   0.0000e+00   0  Y  0.00  1   !  -9.99000e+02  -99.000  -99.000  -999
OBS: 5999844  53623.809   -21.00   0.0000e+00   2.8257e+02   1.7008e+02   0  Y  0.00  1   !  -9.99000e+02  -99.000  -99.000  -999
OBS: 5999844  53625.809   -19.00   0.0000e+00   2.1810e+02   1.3127e+02   0  Y  0.00  1   !  -9.99000e+02  -99.000  -99.000  -999
OBS: 5999844  53627.809   -17.00   0.0000e+00   2.1707e+02   1.3066e+02   0  Y  0.00  1   !  -9.99000e+02  -99.000  -99.000  -999
OBS: 5999844  53629.809   -15.00   0.0000e+00   4.3614e+02   9.3380e+01   0  Y  0.00  1   !  -9.99000e+02  -99.000  -99.000  -999
OBS: 5999844  53631.809   -13.00   0.0000e+00   9.3307e+02   5.8836e+01   0  Y  0.00  1   !  -9.99000e+02  -99.000  -99.000  -999
OBS: 5999844  53633.809   -11.00   0.0000e+00   1.4238e+03   5.1168e+01   0  Y  0.00  1   !  -9.99000e+02  -99.000  -99.000  -999
OBS: 5999844  53635.809    -9.00   0.0000e+00   1.8843e+03   5.2562e+01   0  Y  0.00  1   !  -9.99000e+02  -99.000  -99.000  -999
OBS: 5999844  53637.809    -7.00   0.0000e+00   2.2954e+03   4.9525e+01   0  Y  0.00  1   !  -9.99000e+02  -99.000  -99.000  -999
OBS: 5999844  53639.809    -5.00   0.0000e+00   2.4980e+03   4.8914e+01   0  Y  0.00  1   !  -9.99000e+02  -99.000  -99.000  -999
OBS: 5999844  53641.809    -3.00   0.0000e+00   2.4589e+03   5.0908e+01   0  Y  0.00  1   !  -9.99000e+02  -99.000  -99.000  -999
OBS: 5999844  53643.809    -1.00   0.0000e+00   2.1733e+03   5.1782e+01   0  Y  0.00  1   !  -9.99000e+02  -99.000  -99.000  -999
OBS: 5999844  53645.809     1.00   0.0000e+00   1.8641e+03   5.3198e+01   0  Y  0.00  1   !  -9.99000e+02  -99.000  -99.000  -999
OBS: 5999844  53647.809     3.00   0.0000e+00   1.6721e+03   5.9453e+01   0  Y  0.00  1   !  -9.99000e+02  -99.000  -99.000  -999
OBS: 5999844  53649.809     5.00   0.0000e+00   1.5148e+03   6.1434e+01   0  Y  0.00  1   !  -9.99000e+02  -99.000  -99.000  -999
OBS: 5999844  53651.809     7.00   0.0000e+00   1.3772e+03   5.9536e+01   0  Y  0.00  1   !  -9.99000e+02  -99.000  -99.000  -999
OBS: 5999844  53653.809     9.00   0.0000e+00   1.3012e+03   5.9493e+01   0  Y  0.00  1   !  -9.99000e+02  -99.000  -99.000  -999
OBS: 5999844  53655.809    11.00   0.0000e+00   1.2735e+03   6.2322e+01   0  Y  0.00  1   !  -9.99000e+02  -99.000  -99.000  -999
OBS: 5999844  53657.809    13.00   0.0000e+00   1.2775e+03   6.3792e+01   0  Y  0.00  1   !  -9.99000e+02  -99.000  -99.000  -999
OBS: 5999844  53659.809    15.00   0.0000e+00   1.3545e+03   6.3258e+01   0  Y  0.00  1   !  -9.99000e+02  -99.000  -99.000  -999
OBS: 5999844  53661.809    17.00   0.0000e+00   1.4916e+03   6.3590e+01   0  Y  0.00  1   !  -9.99000e+02  -99.000  -99.000  -999
OBS: 5999844  53663.809    19.00   0.0000e+00   1.6364e+03   6.6564e+01   0  Y  0.00  1   !  -9.99000e+02  -99.000  -99.000  -999
OBS: 5999844  53665.809    21.00   0.0000e+00   1.7668e+03   6.9969e+01   0  Y  0.00  1   !  -9.99000e+02  -99.000  -99.000  -999
OBS: 5999844  53667.809    23.00   0.0000e+00   1.8225e+03   7.2176e+01   0  Y  0.00  1   !  -9.99000e+02  -99.000  -99.000  -999
OBS: 5999844  53669.809    25.00   0.0000e+00   1.9188e+03   7.5399e+01   0  Y  0.00  1   !  -9.99000e+02  -99.000  -99.000  -999
OBS: 5999844  53671.809    27.00   0.0000e+00   2.1694e+03   7.6879e+01   0  Y  0.00  1   !  -9.99000e+02  -99.000  -99.000  -999
OBS: 5999844  53673.809    29.00   0.0000e+00   2.3888e+03   7.4428e+01   0  Y  0.00  1   !  -9.99000e+02  -99.000  -99.000  -999
OBS: 5999844  53675.809    31.00   0.0000e+00   2.4318e+03   6.9937e+01   0  Y  0.00  1   !  -9.99000e+02  -99.000  -99.000  -999
OBS: 5999844  53677.809    33.00   0.0000e+00   2.3743e+03   6.4474e+01   0  Y  0.00  1   !  -9.99000e+02  -99.000  -99.000  -999
OBS: 5999844  53679.809    35.00   0.0000e+00   2.2281e+03   5.7000e+01   0  Y  0.00  1   !  -9.99000e+02  -99.000  -99.000  -999
OBS: 5999844  53681.809    37.00   0.0000e+00   2.0360e+03   5.4257e+01   0  Y  0.00  1   !  -9.99000e+02  -99.000  -99.000  -999
OBS: 5999844  53683.809    39.00   0.0000e+00   1.8706e+03   5.5086e+01   0  Y  0.00  1   !  -9.99000e+02  -99.000  -99.000  -999
OBS: 5999844  53685.809    41.00   0.0000e+00   1.6965e+03   5.3475e+01   0  Y  0.00  1   !  -9.99000e+02  -99.000  -99.000  -999
OBS: 5999844  53687.809    43.00   0.0000e+00   1.4990e+03   5.2955e+01   0  Y  0.00  1   !  -9.99000e+02  -99.000  -99.000  -999
OBS: 5999844  53689.809    45.00   0.0000e+00   1.3177e+03   5.6526e+01   0  Y  0.00  1   !  -9.99000e+02  -99.000  -99.000  -999
OBS: 5999844  53691.809    47.00   0.0000e+00   1.1769e+03   5.9603e+01   0  Y  0.00  1   !  -9.99000e+02  -99.000  -99.000  -999
OBS: 5999844  53693.809    49.00   0.0000e+00   1.0614e+03   5.7233e+01   0  Y  0.00  1   !  -9.99000e+02  -99.000  -99.000  -999
OBS: 5999844  53695.809    51.00   0.0000e+00   9.5336e+02   5.3619e+01   0  Y  0.00  1   !  -9.99000e+02  -99.000  -99.000  -999
OBS: 5999844  53697.809    53.00   0.0000e+00   8.5030e+02   5.4824e+01   0  Y  0.00  1   !  -9.99000e+02  -99.000  -99.000  -999
OBS: 5999844  53699.809    55.00   0.0000e+00   7.5005e+02   4.5146e+02   0  Y  0.00  1   !  -9.99000e+02  -99.000  -99.000  -999
OBS: 5999844  53701.809    57.00   0.0000e+00   6.6329e+02   3.9924e+02   0  Y  0.00  1   !  -9.99000e+02  -99.000  -99.000  -999
OBS: 5999844  53703.809    59.00   0.0000e+00   6.1482e+02   3.7007e+02   0  Y  0.00  1   !  -9.99000e+02  -99.000  -99.000  -999
OBS: 5999844  53705.809    61.00   0.0000e+00   5.7022e+02   3.4322e+02   0  Y  0.00  1   !  -9.99000e+02  -99.000  -99.000  -999
OBS: 5999844  53707.809    63.00   0.0000e+00   5.3173e+02   3.2006e+02   0  Y  0.00  1   !  -9.99000e+02  -99.000  -99.000  -999
OBS: 5999844  53709.809    65.00   0.0000e+00   4.8109e+02   2.8957e+02   0  Y  0.00  1   !  -9.99000e+02  -99.000  -99.000  -999
OBS: 5999844  53711.809    67.00   0.0000e+00   4.0716e+02   2.4507e+02   0  Y  0.00  1   !  -9.99000e+02  -99.000  -99.000  -999
OBS: 5999844  53713.809    69.00   0.0000e+00   3.4946e+02   2.1034e+02   0  Y  0.00  1   !  -9.99000e+02  -99.000  -99.000  -999
OBS: 5999844  53715.809    71.00   0.0000e+00   3.0670e+02   1.8461e+02   0  Y  0.00  1   !  -9.99000e+02  -99.000  -99.000  -999
OBS: 5999844  53717.809    73.00   0.0000e+00   2.7577e+02   1.6599e+02   0  Y  0.00  1   !  -9.99000e+02  -99.000  -99.000  -999
OBS: 5999844  53719.809    75.00   0.0000e+00   2.5387e+02   1.5281e+02   0  Y  0.00  1   !  -9.99000e+02  -99.000  -99.000  -999
OBS: 5999844  53721.809    77.00   0.0000e+00   2.3678e+02   1.4252e+02   0  Y  0.00  1   !  -9.99000e+02  -99.000  -99.000  -999
OBS: 5999844  53723.809    79.00   0.0000e+00   2.2371e+02   1.3466e+02   0  Y  0.00  1   !  -9.99000e+02  -99.000  -99.000  -999
OBS: 5999844  53725.809    81.00   0.0000e+00   2.0317e+02   1.2229e+02   0  Y  0.00  1   !  -9.99000e+02  -99.000  -99.000  -999
OBS: 5999844  53727.809    83.00   0.0000e+00   1.8376e+02   1.1061e+02   0  Y  0.00  1   !  -9.99000e+02  -99.000  -99.000  -999
OBS: 5999844  53729.809    85.00   0.0000e+00   1.6653e+02   1.0024e+02   0  Y  0.00  1   !  -9.99000e+02  -99.000  -99.000  -999
OBS: 5999844  53731.809    87.00   0.0000e+00   1.5116e+02   9.0986e+01   0  Y  0.00  1   !  -9.99000e+02  -99.000  -99.000  -999
OBS: 5999844  53733.809    89.00   0.0000e+00   1.3759e+02   8.2814e+01   0  Y  0.00  1   !  -9.99000e+02  -99.000  -99.000  -999
OBS: 5999844  53735.809    91.00   0.0000e+00   1.2563e+02   7.5617e+01   0  Y  0.00  1   !  -9.99000e+02  -99.000  -99.000  -999
OBS: 5999844  53737.809    93.00   0.0000e+00   1.1277e+02   6.7880e+01   0  Y  0.00  1   !  -9.99000e+02  -99.000  -99.000  -999
OBS: 5999844  53739.809    95.00   0.0000e+00   1.0124e+02   6.0935e+01   0  Y  0.00  1   !  -9.99000e+02  -99.000  -99.000  -999
OBS: 5999844  53741.809    97.00   0.0000e+00   9.0876e+01   5.4699e+01   0  Y  0.00  1   !  -9.99000e+02  -99.000  -99.000  -999
OBS: 5999844  53743.809    99.00   0.0000e+00   8.1574e+01   4.9101e+01   0  Y  0.00  1   !  -9.99000e+02  -99.000  -99.000  -999
OBS: 5999844  53745.809   101.00   0.0000e+00   7.3223e+01   4.4074e+01   0  Y  0.00  1   !  -9.99000e+02  -99.000  -99.000  -999
OBS: 5999844  53747.809   103.00   0.0000e+00   6.5726e+01   3.9561e+01   0  Y  0.00  1   !  -9.99000e+02  -99.000  -99.000  -999
OBS: 5999844  53749.809   105.00   0.0000e+00   5.8995e+01   3.5510e+01   0  Y  0.00  1   !  -9.99000e+02  -99.000  -99.000  -999
OBS: 5999844  53751.809   107.00   0.0000e+00   5.2953e+01   3.1873e+01   0  Y  0.00  1   !  -9.99000e+02  -99.000  -99.000  -999
OBS: 5999844  53753.809   109.00   0.0000e+00   4.7529e+01   2.8608e+01   0  Y  0.00  1   !  -9.99000e+02  -99.000  -99.000  -999
OBS: 5999844  53755.809   111.00   0.0000e+00   4.2659e+01   2.5677e+01   0  Y  0.00  1   !  -9.99000e+02  -99.000  -99.000  -999
OBS: 5999844  53757.809   113.00   0.0000e+00   3.8288e+01   2.3046e+01   0  Y  0.00  1   !  -9.99000e+02  -99.000  -99.000  -999
OBS: 5999844  53759.809   115.00   0.0000e+00   3.4369e+01   2.0687e+01   0  Y  0.00  1   !  -9.99000e+02  -99.000  -99.000  -999
OBS: 5999844  53761.809   117.00   0.0000e+00   3.0852e+01   1.8570e+01   0  Y  0.00  1   !  -9.99000e+02  -99.000  -99.000  -999
OBS: 5999844  53763.809   119.00   0.0000e+00   2.7690e+01   1.6667e+01   0  Y  0.00  1   !  -9.99000e+02  -99.000  -99.000  -999
OBS: 5999844  53765.809   121.00   0.0000e+00   2.4851e+01   1.4958e+01   0  Y  0.00  1   !  -9.99000e+02  -99.000  -99.000  -999
OBS: 5999844  53767.809   123.00   0.0000e+00   2.2303e+01   1.3425e+01   0  Y  0.00  1   !  -9.99000e+02  -99.000  -99.000  -999
OBS: 5999844  53769.809   125.00   0.0000e+00   2.0016e+01   1.2048e+01   0  Y  0.00  1   !  -9.99000e+02  -99.000  -99.000  -999
OBS: 5999844  53771.809   127.00   0.0000e+00   1.7963e+01   1.0812e+01   0  Y  0.00  1   !  -9.99000e+02  -99.000  -99.000  -999
OBS: 5999844  53773.809   129.00   0.0000e+00   1.6121e+01   9.7033e+00   0  Y  0.00  1   !  -9.99000e+02  -99.000  -99.000  -999
OBS: 5999844  53775.809   131.00   0.0000e+00   1.4467e+01   8.7079e+00   0  Y  0.00  1   !  -9.99000e+02  -99.000  -99.000  -999
OBS: 5999844  53777.809   133.00   0.0000e+00   1.2983e+01   7.8145e+00   0  Y  0.00  1   !  -9.99000e+02  -99.000  -99.000  -999
OBS: 5999844  53779.809   135.00   0.0000e+00   1.1651e+01   7.0128e+00   0  Y  0.00  1   !  -9.99000e+02  -99.000  -99.000  -999
OBS: 5999844  53781.809   137.00   0.0000e+00   1.0458e+01   6.2948e+00   0  Y  0.00  1   !  -9.99000e+02  -99.000  -99.000  -999
OBS: 5999844  53783.809   139.00   0.0000e+00   9.3872e+00   5.6503e+00   0  Y  0.00  1   !  -9.99000e+02  -99.000  -99.000  -999
OBS: 5999844  53653.809     9.00   1.2746e+03   1.3085e+03   2.2257e+02   1  y  0.04  1   Y  1.06954e+18  -0.417  -1.696  1.00000e+11
OBS: 5999844  53653.820     9.01   1.2745e+03   1.2500e+03   2.3492e+02   1  y  0.00  1   Y  1.02157e+18  -0.417  -1.694  1.00000e+11
OBS: 5999844  53681.828    37.02   2.1112e+03   2.1232e+03   3.0649e+02   1  y  0.01  1   Y  2.35994e+18  -0.083  -0.179  1.00000e+11
OBS: 5999844  53681.840    37.03   2.1102e+03   2.7078e+03   2.6966e+02   1  y  4.95  1   Y  3.01052e+18  -0.083  -0.179  1.00000e+11
OBS: 5999844  53585.809   -59.00   0.0000e+00   0.0000e+00   0.0000e+00   0  y  0.00  1   !  -9.99000e+02  -99.000  -99.000  -999
OBS: 5999844  53587.809   -57.00   0.0000e+00   0.0000e+00   0.0000e+00   0  y  0.00  1   !  -9.99000e+02  -99.000  -99.000  -999
OBS: 5999844  53589.809   -55.00   0.0000e+00   0.0000e+00   0.0000e+00   0  y  0.00  1   !  -9.99000e+02  -99.000  -99.000  -999
OBS: 5999844  53591.809   -53.00   0.0000e+00   0.0000e+00   0.0000e+00   0  y  0.00  1   !  -9.99000e+02  -99.000  -99.000  -999
OBS: 5999844  53593.809   -51.00   0.0000e+00   0.0000e+00   0.0000e+00   0  y  0.00  1   !  -9.99000e+02  -99.000  -99.000  -999
OBS: 5999844  53595.809   -49.00   0.0000e+00   0.0000e+00   0.0000e+00   0  y  0.00  1   !  -9.99000e+02  -99.000  -99.000  -999
OBS: 5999844  53597.809   -47.00   0.0000e+00   0.0000e+00   0.0000e+00   0  y  0.00  1   !  -9.99000e+02  -99.000  -99.000  -999
OBS: 5999844  53599.809   -45.00   0.0000e+00   0.0000e+00   0.0000e+00   0  y  0.00  1   !  -9.99000e+02  -99.000  -99.000  -999
OBS: 5999844  53601.809   -43.00   0.0000e+00   0.0000e+00   0.0000e+00   0  y  0.00  1   !  -9.99000e+02  -99.000  -99.000  -999
OBS: 5999844  53603.809   -41.00   0.0000e+00   0.0000e+00   0.0000e+00   0  y  0.00  1   !  -9.99000e+02  -99.000  -99.000  -999
OBS: 5999844  53605.809   -39.00   0.0000e+00   0.0000e+00   0.0000e+00   0  y  0.00  1   !  -9.99000e+02  -99.000  -99.000  -999
OBS: 5999844  53607.809   -37.00   0.0000e+00   0.0000e+00   0.0000e+00   0  y  0.00  1   !  -9.99000e+02  -99.000  -99.000  -999
OBS: 5999844  53609.809   -35.00   0.0000e+00   0.0000e+00   0.0000e+00   0  y  0.00  1   !  -9.99000e+02  -99.000  -99.000  -999
OBS: 5999844  53611.809   -33.00   0.0000e+00   0.0000e+00   0.0000e+00   0  y  0.00  1   !  -9.99000e+02  -99.000  -99.000  -999
OBS: 5999844  53613.809   -31.00   0.0000e+00   0.0000e+00   0.0000e+00   0  y  0.00  1   !  -9.99000e+02  -99.000  -99.000  -999
OBS: 5999844  53615.809   -29.00   0.0000e+00   0.0000e+00   0.0000e+00   0  y  0.00  1   !  -9.99000e+02  -99.000  -99.000  -999
OBS: 5999844  53617.809   -27.00   0.0000e+00   0.0000e+00   0.0000e+00   0  y  0.00  1   !  -9.99000e+02  -99.000  -99.000  -999
OBS: 5999844  53619.809   -25.00   0.0000e+00   0.0000e+00   0.0000e+00   0  y  0.00  1   !  -9.99000e+02  -99.000  -99.000  -999
OBS: 5999844  53621.809   -23.00   0.0000e+00   0.0000e+00   0.0000e+00   0  y  0.00  1   !  -9.99000e+02  -99.000  -99.000  -999
OBS: 5999844  53623.809   -21.00   0.0000e+00   2.8817e+02   1.7346e+02   0  y  0.00  1   !  -9.99000e+02  -99.000  -99.000  -999
OBS: 5999844  53625.809   -19.00   0.0000e+00   2.2333e+02   1.3443e+02   0  y  0.00  1   !  -9.99000e+02  -99.000  -99.000  -999
OBS: 5999844  53627.809   -17.00   0.0000e+00   2.2220e+02   1.3375e+02   0  y  0.00  1   !  -9.99000e+02  -99.000  -99.000  -999
OBS: 5999844  53629.809   -15.00   0.0000e+00   4.3855e+02   9.3896e+01   0  y  0.00  1   !  -9.99000e+02  -99.000  -99.000  -999
OBS: 5999844  53631.809   -13.00   0.0000e+00   9.2371e+02   5.8246e+01   0  y  0.00  1   !  -9.99000e+02  -99.000  -99.000  -999
OBS: 5999844  53633.809   -11.00   0.0000e+00   1.4121e+03   5.0748e+01   0  y  0.00  1   !  -9.99000e+02  -99.000  -99.000  -999
OBS: 5999844  53635.809    -9.00   0.0000e+00   1.8779e+03   5.2383e+01   0  y  0.00  1   !  -9.99000e+02  -99.000  -99.000  -999
OBS: 5999844  53637.809    -7.00   0.0000e+00   2.2868e+03   4.9340e+01   0  y  0.00  1   !  -9.99000e+02  -99.000  -99.000  -999
OBS: 5999844  53639.809    -5.00   0.0000e+00   2.4745e+03   4.8454e+01   0  y  0.00  1   !  -9.99000e+02  -99.000  -99.000  -999
OBS: 5999844  53641.809    -3.00   0.0000e+00   2.4282e+03   5.0272e+01   0  y  0.00  1   !  -9.99000e+02  -99.000  -99.000  -999
OBS: 5999844  53643.809    -1.00   0.0000e+00   2.1358e+03   5.0888e+01   0  y  0.00  1   !  -9.99000e+02  -99.000  -99.000  -999
OBS: 5999844  53645.809     1.00   0.0000e+00   1.8218e+03   5.1992e+01   0  y  0.00  1   !  -9.99000e+02  -99.000  -99.000  -999
OBS: 5999844  53647.809     3.00   0.0000e+00   1.6266e+03   5.7837e+01   0  y  0.00  1   !  -9.99000e+02  -99.000  -99.000  -999
OBS: 5999844  53649.809     5.00   0.0000e+00   1.4684e+03   5.9550e+01   0  y  0.00  1   !  -9.99000e+02  -99.000  -99.000  -999
OBS: 5999844  53651.809     7.00   0.0000e+00   1.3363e+03   5.7768e+01   0  y  0.00  1   !  -9.99000e+02  -99.000  -99.000  -999
OBS: 5999844  53653.809     9.00   0.0000e+00   1.2643e+03   5.7803e+01   0  y  0.00  1   !  -9.99000e+02  -99.000  -99.000  -999
OBS: 5999844  53655.809    11.00   0.0000e+00   1.2331e+03   6.0346e+01   0  y  0.00  1   !  -9.99000e+02  -99.000  -99.000  -999
OBS: 5999844  53657.809    13.00   0.0000e+00   1.2346e+03   6.1647e+01   0  y  0.00  1   !  -9.99000e+02  -99.000  -99.000  -999
OBS: 5999844  53659.809    15.00   0.0000e+00   1.3063e+03   6.1009e+01   0  y  0.00  1   !  -9.99000e+02  -99.000  -99.000  -999
OBS: 5999844  53661.809    17.00   0.0000e+00   1.4357e+03   6.1207e+01   0  y  0.00  1   !  -9.99000e+02  -99.000  -99.000  -999
OBS: 5999844  53663.809    19.00   0.0000e+00   1.5748e+03   6.4059e+01   0  y  0.00  1   !  -9.99000e+02  -99.000  -99.000  -999
OBS: 5999844  53665.809    21.00   0.0000e+00   1.7030e+03   6.7443e+01   0  y  0.00  1   !  -9.99000e+02  -99.000  -99.000  -999
OBS: 5999844  53667.809    23.00   0.0000e+00   1.7694e+03   7.0072e+01   0  y  0.00  1   !  -9.99000e+02  -99.000  -99.000  -999
OBS: 5999844  53669.809    25.00   0.0000e+00   1.8770e+03   7.3755e+01   0  y  0.00  1   !  -9.99000e+02  -99.000  -99.000  -999
OBS: 5999844  53671.809    27.00   0.0000e+00   2.1343e+03   7.5637e+01   0  y  0.00  1   !  -9.99000e+02  -99.000  -99.000  -999
OBS: 5999844  53673.809    29.00   0.0000e+00   2.3677e+03   7.3769e+01   0  y  0.00  1   !  -9.99000e+02  -99.000  -99.000  -999
OBS: 5999844  53675.809    31.00   0.0000e+00   2.4427e+03   7.0251e+01   0  y  0.00  1   !  -9.99000e+02  -99.000  -99.000  -999
OBS: 5999844  53677.809    33.00   0.0000e+00   2.4155e+03   6.5594e+01   0  y  0.00  1   !  -9.99000e+02  -99.000  -99.000  -999
OBS: 5999844  53679.809    35.00   0.0000e+00   2.2820e+03   5.8379e+01   0  y  0.00  1   !  -9.99000e+02  -99.000  -99.000  -999
OBS: 5999844  53681.809    37.00   0.0000e+00   2.0980e+03   5.5910e+01   0  y  0.00  1   !  -9.99000e+02  -99.000  -99.000  -999
OBS: 5999844  53683.809    39.00   0.0000e+00   1.9338e+03   5.6946e+01   0  y  0.00  1   !  -9.99000e+02  -99.000  -99.000  -999
OBS: 5999844  53685.809    41.00   0.0000e+00   1.7555e+03   5.5336e+01   0  y  0.00  1   !  -9.99000e+02  -99.000  -99.000  -999
OBS: 5999844  53687.809    43.00   0.0000e+00   1.5518e+03   5.4817e+01   0  y  0.00  1   !  -9.99000e+02  -99.000  -99.000  -999
OBS: 5999844  53689.809    45.00   0.0000e+00   1.3645e+03   5.8534e+01   0  y  0.00  1   !  -9.99000e+02  -99.000  -99.000  -999
OBS: 5999844  53691.809    47.00   0.0000e+00   1.2198e+03   6.1775e+01   0  y  0.00  1   !  -9.99000e+02  -99.000  -99.000  -999
OBS: 5999844  53693.809    49.00   0.0000e+00   1.1013e+03   5.9384e+01   0  y  0.00  1   !  -9.99000e+02  -99.000  -99.000  -999
OBS: 5999844  53695.809    51.00   0.0000e+00   9.8976e+02   5.5666e+01   0  y  0.00  1   !  -9.99000e+02  -99.000  -99.000  -999
OBS: 5999844  53697.809    53.00   0.0000e+00   8.8304e+02   5.6936e+01   0  y  0.00  1   !  -9.99000e+02  -99.000  -99.000  -999
OBS: 5999844  53699.809    55.00   0.0000e+00   7.7916e+02   4.6899e+02   0  y  0.00  1   !  -9.99000e+02  -99.000  -99.000  -999
OBS: 5999844  53701.809    57.00   0.0000e+00   6.8879e+02   4.1459e+02   0  y  0.00  1   !  -9.99000e+02  -99.000  -99.000  -999
OBS: 5999844  53703.809    59.00   0.0000e+00   6.3697e+02   3.8340e+02   0  y  0.00  1   !  -9.99000e+02  -99.000  -99.000  -999
OBS: 5999844  53705.809    61.00   0.0000e+00   5.8940e+02   3.5477e+02   0  y  0.00  1   !  -9.99000e+02  -99.000  -99.000  -999
OBS: 5999844  53707.809    63.00   0.0000e+00   5.4833e+02   3.3005e+02   0  y  0.00  1   !  -9.99000e+02  -99.000  -99.000  -999
OBS: 5999844  53709.809    65.00   0.0000e+00   4.9476e+02   2.9780e+02   0  y  0.00  1   !  -9.99000e+02  -99.000  -99.000  -999
OBS: 5999844  53711.809    67.00   0.0000e+00   4.1821e+02   2.5173e+02   0  y  0.00  1   !  -9.99000e+02  -99.000  -99.000  -999
OBS: 5999844  53713.809    69.00   0.0000e+00   3.5883e+02   2.1599e+02   0  y  0.00  1   !  -9.99000e+02  -99.000  -99.000  -999
OBS: 5999844  53715.809    71.00   0.0000e+00   3.1496e+02   1.8958e+02   0  y  0.00  1   !  -9.99000e+02  -99.000  -99.000  -999
OBS: 5999844  53717.809    73.00   0.0000e+00   2.8323e+02   1.7048e+02   0  y  0.00  1   !  -9.99000e+02  -99.000  -99.000  -999
OBS: 5999844  53719.809    75.00   0.0000e+00   2.6075e+02   1.5695e+02   0  y  0.00  1   !  -9.99000e+02  -99.000  -99.000  -999
OBS: 5999844  53721.809    77.00   0.0000e+00   2.4321e+02   1.4639e+02   0  y  0.00  1   !  -9.99000e+02  -99.000  -99.000  -999
OBS: 5999844  53723.809    79.00   0.0000e+00   2.2983e+02   1.3834e+02   0  y  0.00  1   !  -9.99000e+02  -99.000  -99.000  -999
OBS: 5999844  53725.809    81.00   0.0000e+00   2.0870e+02   1.2562e+02   0  y  0.00  1   !  -9.99000e+02  -99.000  -99.000  -999
OBS: 5999844  53727.809    83.00   0.0000e+00   1.8875e+02   1.1361e+02   0  y  0.00  1   !  -9.99000e+02  -99.000  -99.000  -999
OBS: 5999844  53729.809    85.00   0.0000e+00   1.7102e+02   1.0294e+02   0  y  0.00  1   !  -9.99000e+02  -99.000  -99.000  -999
OBS: 5999844  53731.809    87.00   0.0000e+00   1.5523e+02   9.3432e+01   0  y  0.00  1   !  -9.99000e+02  -99.000  -99.000  -999
OBS: 5999844  53733.809    89.00   0.0000e+00   1.4128e+02   8.5037e+01   0  y  0.00  1   !  -9.99000e+02  -99.000  -99.000  -999
OBS: 5999844  53735.809    91.00   0.0000e+00   1.2901e+02   7.7651e+01   0  y  0.00  1   !  -9.99000e+02  -99.000  -99.000  -999
OBS: 5999844  53737.809    93.00   0.0000e+00   1.1583e+02   6.9719e+01   0  y  0.00  1   !  -9.99000e+02  -99.000  -99.000  -999
OBS: 5999844  53739.809    95.00   0.0000e+00   1.0400e+02   6.2597e+01   0  y  0.00  1   !  -9.99000e+02  -99.000  -99.000  -999
OBS: 5999844  53741.809    97.00   0.0000e+00   9.3372e+01   5.6202e+01   0  y  0.00  1   !  -9.99000e+02  -99.000  -99.000  -999
OBS: 5999844  53743.809    99.00   0.0000e+00   8.3830e+01   5.0458e+01   0  y  0.00  1   !  -9.99000e+02  -99.000  -99.000  -999
OBS: 5999844  53745.809   101.00   0.0000e+00   7.5262e+01   4.5301e+01   0  y  0.00  1   !  -9.99000e+02  -99.000  -99.000  -999
OBS: 5999844  53747.809   103.00   0.0000e+00   6.7569e+01   4.0671e+01   0  y  0.00  1   !  -9.99000e+02  -99.000  -99.000  -999
OBS: 5999844  53749.809   105.00   0.0000e+00   6.0661e+01   3.6513e+01   0  y  0.00  1   !  -9.99000e+02  -99.000  -99.000  -999
OBS: 5999844  53751.809   107.00   0.0000e+00   5.4459e+01   3.2780e+01   0  y  0.00  1   !  -9.99000e+02  -99.000  -99.000  -999
OBS: 5999844  53753.809   109.00   0.0000e+00   4.8890e+01   2.9428e+01   0  y  0.00  1   !  -9.99000e+02  -99.000  -99.000  -999
OBS: 5999844  53755.809   111.00   0.0000e+00   4.3890e+01   2.6418e+01   0  y  0.00  1   !  -9.99000e+02  -99.000  -99.000  -999
OBS: 5999844  53757.809   113.00   0.0000e+00   3.9401e+01   2.3716e+01   0  y  0.00  1   !  -9.99000e+02  -99.000  -99.000  -999
OBS: 5999844  53759.809   115.00   0.0000e+00   3.5375e+01   2.1292e+01   0  y  0.00  1   !  -9.99000e+02  -99.000  -99.000  -999
OBS: 5999844  53761.809   117.00   0.0000e+00   3.1760e+01   1.9117e+01   0  y  0.00  1   !  -9.99000e+02  -99.000  -99.000  -999
OBS: 5999844  53763.809   119.00   0.0000e+00   2.8511e+01   1.7161e+01   0  y  0.00  1   !  -9.99000e+02  -99.000  -99.000  -999
OBS: 5999844  53765.809   121.00   0.0000e+00   2.5593e+01   1.5405e+01   0  y  0.00  1   !  -9.99000e+02  -99.000  -99.000  -999
OBS: 5999844  53767.809   123.00   0.0000e+00   2.2974e+01   1.3828e+01   0  y  0.00  1   !  -9.99000e+02  -99.000  -99.000  -999
OBS: 5999844  53769.809   125.00   0.0000e+00   2.0623e+01   1.2413e+01   0  y  0.00  1   !  -9.99000e+02  -99.000  -99.000  -999
OBS: 5999844  53771.809   127.00   0.0000e+00   1.8511e+01   1.1142e+01   0  y  0.00  1   !  -9.99000e+02  -99.000  -99.000  -999
OBS: 5999844  53773.809   129.00   0.0000e+00   1.6616e+01   1.0002e+01   0  y  0.00  1   !  -9.99000e+02  -99.000  -99.000  -999
OBS: 5999844  53775.809   131.00   0.0000e+00   1.4915e+01   8.9774e+00   0  y  0.00  1   !  -9.99000e+02  -99.000  -99.000  -999
OBS: 5999844  53777.809   133.00   0.0000e+00   1.3388e+01   8.0581e+00   0  y  0.00  1   !  -9.99000e+02  -99.000  -99.000  -999
OBS: 5999844  53779.809   135.00   0.0000e+00   1.2017e+01   7.2330e+00   0  y  0.00  1   !  -9.99000e+02  -99.000  -99.000  -999
OBS: 5999844  53781.809   137.00   0.0000e+00   1.0788e+01   6.4936e+00   0  y  0.00  1   !  -9.99000e+02  -99.000  -99.000  -999
OBS: 5999844  53783.809   139.00   0.0000e+00   9.6856e+00   5.8299e+00   0  y  0.00  1   !  -9.99000e+02  -99.000  -99.000  -999
OBS: 5999844  53640.801    -4.01   1.8948e+03   4.3514e+03   9.8458e+02   1  H  4.87  1   H  4.54503e+18  -0.151  -0.500  1.00000e+11
OBS: 5999844  53640.809    -4.00   1.8945e+03   1.5735e+03   9.1678e+02   1  H  0.43  1   H  1.64364e+18  -0.151  -0.500  1.00000e+11
OBS: 5999844  53643.789    -1.02   1.6585e+03   2.0268e+03   1.1350e+03   1  H  0.01  1   H  2.23943e+18  -0.090  -0.468  1.00000e+11
OBS: 5999844  53643.801    -1.01   1.6575e+03   3.4444e+02   1.1701e+03   1  H  1.78  1   H  3.80666e+17  -0.090  -0.468  1.00000e+11
OBS: 5999844  53648.789     3.98   1.2948e+03   8.9533e+02   1.6197e+03   1  H  0.13  1   H  1.05987e+18  -0.015  -0.833  1.00000e+11
OBS: 5999844  53648.801     3.99   1.2940e+03   3.3668e+03   2.1833e+03   1  H  0.74  1   H  3.98650e+18  -0.015  -0.834  1.00000e+11
OBS: 5999844  53653.809     9.00   9.2591e+02   1.1671e+03   6.5968e+02   1  H  0.02  1   H  1.71855e+18  0.222  -0.625  1.00000e+11
OBS: 5999844  53653.820     9.01   9.2545e+02   2.0210e+02   5.8173e+02   1  H  2.19  1   H  2.97701e+17  0.222  -0.622  1.00000e+11
OBS: 5999844  53657.762    12.95   8.5212e+02   2.5026e+03   9.2912e+02   1  H  2.68  1   H  4.00800e+18  0.313  0.694  1.00000e+11
OBS: 5999844  53657.770    12.96   8.5215e+02   7.0236e+02   8.5680e+02   1  H  0.10  1   H  1.12504e+18  0.313  0.697  1.00000e+11
OBS: 5999844  53660.828    16.02   9.0103e+02   5.3660e+02   1.0697e+03   1  H  0.22  1   H  8.76155e+17  0.334  1.583  1.00000e+11
OBS: 5999844  53660.840    16.03   9.0131e+02   2.0143e+03   1.5458e+03   1  H  0.40  1   H  3.28889e+18  0.334  1.585  1.00000e+11
OBS: 5999844  53668.801    23.99   1.1503e+03  -1.0409e+03   1.0626e+03   1  H  4.94  1   H  -1.68888e+18  0.327  1.420  1.00000e+11
OBS: 5999844  53668.809    24.00   1.1504e+03   1.4709e+03   1.2738e+03   1  H  0.01  1   H  2.38636e+18  0.327  1.417  1.00000e+11
OBS: 5999844  53677.828    33.02   1.1876e+03   1.2567e+03   9.9093e+02   1  H  0.01  1   H  1.75907e+18  0.167  -0.590  1.00000e+11
OBS: 5999844  53677.840    33.03   1.1876e+03   2.4223e+03   1.6198e+03   1  H  0.43  1   H  3.38997e+18  0.167  -0.592  1.00000e+11
OBS: 5999844  53680.781    35.97   1.1582e+03  -2.0170e+03   1.3695e+03   1  H  5.98  1   H  -2.61424e+18  0.084  -1.309  1.00000e+11
OBS: 5999844  53680.789    35.98   1.1580e+03   7.1526e+02   1.6705e+03   1  H  0.14  1   H  9.26824e+17  0.083  -1.312  1.00000e+11
OBS: 5999844  53681.828    37.02   1.1384e+03  -2.3321e+02   5.9432e+02   1  H  6.70  1   H  -2.94528e+17  0.055  -1.485  1.00000e+11
OBS: 5999844  53681.840    37.03   1.1382e+03   6.8934e+02   5.7266e+02   1  H  1.17  1   H  8.70367e+17  0.055  -1.486  1.00000e+11
OBS: 5999844  53686.809    42.00   9.2099e+02  -2.7418e+03   1.1710e+03   1  H  10.52  1   H  -3.34580e+18  0.018  -1.078  1.00000e+11
OBS: 5999844  53686.820    42.01   9.2035e+02  -8.5765e+01   1.1327e+03   1  H  1.02  1   H  -1.04669e+17  0.018  -1.075  1.00000e+11
OBS: 5999844  53697.770    52.96   4.8122e+02   1.2017e+03   1.0215e+03  -1  H  0.40  1   !  -9.99000e+02  -99.000  -99.000  -999
OBS: 5999844  53697.770    52.96   4.8122e+02   1.6837e+03   1.0512e+03  -1  H  1.15  1   !  -9.99000e+02  -99.000  -99.000  -999
OBS: 5999844  53585.809   -59.00   0.0000e+00   0.0000e+00   0.0000e+00   0  H  0.00  1   !  -9.99000e+02  -99.000  -99.000  -999
OBS: 5999844  53587.809   -57.00   0.0000e+00   0.0000e+00   0.0000e+00   0  H  0.00  1   !  -9.99000e+02  -99.000  -99.000  -999
OBS: 5999844  53589.809   -55.00   0.0000e+00   0.0000e+00   0.0000e+00   0  H  0.00  1   !  -9.99000e+02  -99.000  -99.000  -999
OBS: 5999844  53591.809   -53.00   0.0000e+00   0.0000e+00   0.0000e+00   0  H  0.00  1   !  -9.99000e+02  -99.000  -99.000  -999
OBS: 5999844  53593.809   -51.00   0.0000e+00   0.0000e+00   0.0000e+00   0  H  0.00  1   !  -9.99000e+02  -99.000  -99.000  -999
OBS: 5999844  53595.809   -49.00   0.0000e+00   0.0000e+00   0.0000e+00   0  H  0.00  1   !  -9.99000e+02  -99.000  -99.000  -999
OBS: 5999844  53597.809   -47.00   0.0000e+00   0.0000e+00   0.0000e+00   0  H  0.00  1   !  -9.99000e+02  -99.000  -99.000  -999
OBS: 5999844  53599.809   -45.00   0.0000e+00   0.0000e+00   0.0000e+00   0  H  0.00  1   !  -9.99000e+02  -99.000  -99.000  -999
OBS: 5999844  53601.809   -43.00   0.0000e+00   0.0000e+00   0.0000e+00   0  H  0.00  1   !  -9.99000e+02  -99.000  -99.000  -999
OBS: 5999844  53603.809   -41.00   0.0000e+00   0.0000e+00   0.0000e+00   0  H  0.00  1   !  -9.99000e+02  -99.000  -99.000  -999
OBS: 5999844  53605.809   -39.00   0.0000e+00   0.0000e+00   0.0000e+00   0  H  0.00  1   !  -9.99000e+02  -99.000  -99.000  -999
OBS: 5999844  53607.809   -37.00   0.0000e+00   0.0000e+00   0.0000e+00   0  H  0.00  1   !  -9.99000e+02  -99.000  -99.000  -999
OBS: 5999844  53609.809   -35.00   0.0000e+00   0.0000e+00   0.0000e+00   0  H  0.00  1   !  -9.99000e+02  -99.000  -99.000  -999
OBS: 5999844  53611.809   -33.00   0.0000e+00   0.0000e+00   0.0000e+00   0  H  0.00  1   !  -9.99000e+02  -99.000  -99.000  -999
OBS: 5999844  53613.809   -31.00   0.0000e+00   0.0000e+00   0.0000e+00   0  H  0.00  1   !  -9.99000e+02  -99.000  -99.000  -999
OBS: 5999844  53615.809   -29.00   0.0000e+00   0.0000e+00   0.0000e+00   0  H  0.00  1   !  -9.99000e+02  -99.000  -99.000  -999
OBS: 5999844  53617.809   -27.00   0.0000e+00   0.0000e+00   0.0000e+00   0  H  0.00  1   !  -9.99000e+02  -99.000  -99.000  -999
OBS: 5999844  53619.809   -25.00   0.0000e+00   0.0000e+00   0.0000e+00   0  H  0.00  1   !  -9.99000e+02  -99.000  -99.000  -999
OBS: 5999844  53621.809   -23.00   0.0000e+00   0.0000e+00   0.0000e+00   0  H  0.00  1   !  -9.99000e+02  -99.000  -99.000  -999
OBS: 5999844  53623.809   -21.00   0.0000e+00   3.4595e+02   2.0823e+02   0  H  0.00  1   !  -9.99000e+02  -99.000  -99.000  -999
OBS: 5999844  53625.809   -19.00   0.0000e+00   3.2807e+02   1.9747e+02   0  H  0.00  1   !  -9.99000e+02  -99.000  -99.000  -999
OBS: 5999844  53627.809   -17.00   0.0000e+00   3.2749e+02   1.9712e+02   0  H  0.00  1   !  -9.99000e+02  -99.000  -99.000  -999
OBS: 5999844  53629.809   -15.00   0.0000e+00   5.3387e+02   1.2250e+02   0  H  0.00  1   !  -9.99000e+02  -99.000  -99.000  -999
OBS: 5999844  53631.809   -13.00   0.0000e+00   9.6757e+02   6.7716e+01   0  H  0.00  1   !  -9.99000e+02  -99.000  -99.000  -999
OBS: 5999844  53633.809   -11.00   0.0000e+00   1.4097e+03   5.0610e+01   0  H  0.00  1   !  -9.99000e+02  -99.000  -99.000  -999
OBS: 5999844  53635.809    -9.00   0.0000e+00   1.8010e+03   5.1140e+01   0  H  0.00  1   !  -9.99000e+02  -99.000  -99.000  -999
OBS: 5999844  53637.809    -7.00   0.0000e+00   2.0863e+03   4.4491e+01   0  H  0.00  1   !  -9.99000e+02  -99.000  -99.000  -999
OBS: 5999844  53639.809    -5.00   0.0000e+00   2.1905e+03   3.8874e+01   0  H  0.00  1   !  -9.99000e+02  -99.000  -99.000  -999
OBS: 5999844  53641.809    -3.00   0.0000e+00   2.1245e+03   3.8572e+01   0  H  0.00  1   !  -9.99000e+02  -99.000  -99.000  -999
OBS: 5999844  53643.809    -1.00   0.0000e+00   1.9044e+03   3.8950e+01   0  H  0.00  1   !  -9.99000e+02  -99.000  -99.000  -999
OBS: 5999844  53645.809     1.00   0.0000e+00   1.7073e+03   3.8827e+01   0  H  0.00  1   !  -9.99000e+02  -99.000  -99.000  -999
OBS: 5999844  53647.809     3.00   0.0000e+00   1.5677e+03   3.8513e+01   0  H  0.00  1   !  -9.99000e+02  -99.000  -99.000  -999
OBS: 5999844  53649.809     5.00   0.0000e+00   1.3938e+03   3.6090e+01   0  H  0.00  1   !  -9.99000e+02  -99.000  -99.000  -999
OBS: 5999844  53651.809     7.00   0.0000e+00   1.2107e+03   3.4282e+01   0  H  0.00  1   !  -9.99000e+02  -99.000  -99.000  -999
OBS: 5999844  53653.809     9.00   0.0000e+00   1.0648e+03   3.0934e+01   0  H  0.00  1   !  -9.99000e+02  -99.000  -99.000  -999
OBS: 5999844  53655.809    11.00   0.0000e+00   9.9410e+02   3.0529e+01   0  H  0.00  1   !  -9.99000e+02  -99.000  -99.000  -999
OBS: 5999844  53657.809    13.00   0.0000e+00   9.7965e+02   3.1664e+01   0  H  0.00  1   !  -9.99000e+02  -99.000  -99.000  -999
OBS: 5999844  53659.809    15.00   0.0000e+00   1.0039e+03   3.0512e+01   0  H  0.00  1   !  -9.99000e+02  -99.000  -99.000  -999
OBS: 5999844  53661.809    17.00   0.0000e+00   1.0736e+03   3.1730e+01   0  H  0.00  1   !  -9.99000e+02  -99.000  -99.000  -999
OBS: 5999844  53663.809    19.00   0.0000e+00   1.1602e+03   3.4291e+01   0  H  0.00  1   !  -9.99000e+02  -99.000  -99.000  -999
OBS: 5999844  53665.809    21.00   0.0000e+00   1.2476e+03   3.5813e+01   0  H  0.00  1   !  -9.99000e+02  -99.000  -99.000  -999
OBS: 5999844  53667.809    23.00   0.0000e+00   1.3052e+03   3.6900e+01   0  H  0.00  1   !  -9.99000e+02  -99.000  -99.000  -999
OBS: 5999844  53669.809    25.00   0.0000e+00   1.3379e+03   4.1496e+01   0  H  0.00  1   !  -9.99000e+02  -99.000  -99.000  -999
OBS: 5999844  53671.809    27.00   0.0000e+00   1.3609e+03   4.5274e+01   0  H  0.00  1   !  -9.99000e+02  -99.000  -99.000  -999
OBS: 5999844  53673.809    29.00   0.0000e+00   1.3619e+03   4.5123e+01   0  H  0.00  1   !  -9.99000e+02  -99.000  -99.000  -999
OBS: 5999844  53675.809    31.00   0.0000e+00   1.3721e+03   4.3267e+01   0  H  0.00  1   !  -9.99000e+02  -99.000  -99.000  -999
OBS: 5999844  53677.809    33.00   0.0000e+00   1.3662e+03   4.0574e+01   0  H  0.00  1   !  -9.99000e+02  -99.000  -99.000  -999
OBS: 5999844  53679.809    35.00   0.0000e+00   1.3483e+03   3.9029e+01   0  H  0.00  1   !  -9.99000e+02  -99.000  -99.000  -999
OBS: 5999844  53681.809    37.00   0.0000e+00   1.3101e+03   4.2699e+01   0  H  0.00  1   !  -9.99000e+02  -99.000  -99.000  -999
OBS: 5999844  53683.809    39.00   0.0000e+00   1.2300e+03   5.1161e+01   0  H  0.00  1   !  -9.99000e+02  -99.000  -99.000  -999
OBS: 5999844  53685.809    41.00   0.0000e+00   1.1215e+03   5.4524e+01   0  H  0.00  1   !  -9.99000e+02  -99.000  -99.000  -999
OBS: 5999844  53687.809    43.00   0.0000e+00   9.8650e+02   5.1132e+01   0  H  0.00  1   !  -9.99000e+02  -99.000  -99.000  -999
OBS: 5999844  53689.809    45.00   0.0000e+00   8.4238e+02   4.8174e+01   0  H  0.00  1   !  -9.99000e+02  -99.000  -99.000  -999
OBS: 5999844  53691.809    47.00   0.0000e+00   7.3626e+02   5.1636e+01   0  H  0.00  1   !  -9.99000e+02  -99.000  -99.000  -999
OBS: 5999844  53693.809    49.00   0.0000e+00   6.6541e+02   5.8948e+01   0  H  0.00  1   !  -9.99000e+02  -99.000  -99.000  -999
OBS: 5999844  53695.809    51.00   0.0000e+00   6.0891e+02   6.2398e+01   0  H  0.00  1   !  -9.99000e+02  -99.000  -99.000  -999
OBS: 5999844  53697.809    53.00   0.0000e+00   5.5274e+02   5.9743e+01   0  H  0.00  1   !  -9.99000e+02  -99.000  -99.000  -999
OBS: 5999844  53699.809    55.00   0.0000e+00   4.9919e+02   3.0047e+02   0  H  0.00  1   !  -9.99000e+02  -99.000  -99.000  -999
OBS: 5999844  53701.809    57.00   0.0000e+00   4.5202e+02   2.7208e+02   0  H  0.00  1   !  -9.99000e+02  -99.000  -99.000  -999
OBS: 5999844  53703.809    59.00   0.0000e+00   4.1468e+02   2.4960e+02   0  H  0.00  1   !  -9.99000e+02  -99.000  -99.000  -999
OBS: 5999844  53705.809    61.00   0.0000e+00   3.7946e+02   2.2840e+02   0  H  0.00  1   !  -9.99000e+02  -99.000  -99.000  -999
OBS: 5999844  53707.809    63.00   0.0000e+00   3.4898e+02   2.1006e+02   0  H  0.00  1   !  -9.99000e+02  -99.000  -99.000  -999
OBS: 5999844  53709.809    65.00   0.0000e+00   3.0372e+02   1.8281e+02   0  H  0.00  1   !  -9.99000e+02  -99.000  -99.000  -999
OBS: 5999844  53711.809    67.00   0.0000e+00   2.4233e+02   1.4586e+02   0  H  0.00  1   !  -9.99000e+02  -99.000  -99.000  -999
OBS: 5999844  53713.809    69.00   0.0000e+00   1.9995e+02   1.2035e+02   0  H  0.00  1   !  -9.99000e+02  -99.000  -99.000  -999
OBS: 5999844  53715.809    71.00   0.0000e+00   1.7156e+02   1.0327e+02   0  H  0.00  1   !  -9.99000e+02  -99.000  -99.000  -999
OBS: 5999844  53717.809    73.00   0.0000e+00   1.5232e+02   9.1685e+01   0  H  0.00  1   !  -9.99000e+02  -99.000  -99.000  -999
OBS: 5999844  53719.809    75.00   0.0000e+00   1.3818e+02   8.3175e+01   0  H  0.00  1   !  -9.99000e+02  -99.000  -99.000  -999
OBS: 5999844  53721.809    77.00   0.0000e+00   1.2549e+02   7.5532e+01   0  H  0.00  1   !  -9.99000e+02  -99.000  -99.000  -999
OBS: 5999844  53723.809    79.00   0.0000e+00   1.1345e+02   6.8288e+01   0  H  0.00  1   !  -9.99000e+02  -99.000  -99.000  -999
OBS: 5999844  53725.809    81.00   0.0000e+00   1.0442e+02   6.2852e+01   0  H  0.00  1   !  -9.99000e+02  -99.000  -99.000  -999
OBS: 5999844  53727.809    83.00   0.0000e+00   9.6363e+01   5.8002e+01   0  H  0.00  1   !  -9.99000e+02  -99.000  -99.000  -999
OBS: 5999844  53729.809    85.00   0.0000e+00   8.8963e+01   5.3548e+01   0  H  0.00  1   !  -9.99000e+02  -99.000  -99.000  -999
OBS: 5999844  53731.809    87.00   0.0000e+00   8.2198e+01   4.9476e+01   0  H  0.00  1   !  -9.99000e+02  -99.000  -99.000  -999
OBS: 5999844  53733.809    89.00   0.0000e+00   7.6052e+01   4.5777e+01   0  H  0.00  1   !  -9.99000e+02  -99.000  -99.000  -999
OBS: 5999844  53735.809    91.00   0.0000e+00   7.0493e+01   4.2431e+01   0  H  0.00  1   !  -9.99000e+02  -99.000  -99.000  -999
OBS: 5999844  53737.809    93.00   0.0000e+00   6.4721e+01   3.8956e+01   0  H  0.00  1   !  -9.99000e+02  -99.000  -99.000  -999
OBS: 5999844  53739.809    95.00   0.0000e+00   5.9646e+01   3.5902e+01   0  H  0.00  1   !  -9.99000e+02  -99.000  -99.000  -999
OBS: 5999844  53741.809    97.00   0.0000e+00   5.5241e+01   3.3250e+01   0  H  0.00  1   !  -9.99000e+02  -99.000  -99.000  -999
OBS: 5999844  53743.809    99.00   0.0000e+00   5.1212e+01   3.0825e+01   0  H  0.00  1   !  -9.99000e+02  -99.000  -99.000  -999
OBS: 5999844  53745.809   101.00   0.0000e+00   4.7476e+01   2.8576e+01   0  H  0.00  1   !  -9.99000e+02  -99.000  -99.000  -999
OBS: 5999844  53747.809   103.00   0.0000e+00   4.4012e+01   2.6491e+01   0  H  0.00  1   !  -9.99000e+02  -99.000  -99.000  -999
OBS: 5999844  53749.809   105.00   0.0000e+00   4.0802e+01   2.4559e+01   0  H  0.00  1   !  -9.99000e+02  -99.000  -99.000  -999
OBS: 5999844  53751.809   107.00   0.0000e+00   3.7825e+01   2.2767e+01   0  H  0.00  1   !  -9.99000e+02  -99.000  -99.000  -999
OBS: 5999844  53753.809   109.00   0.0000e+00   3.5066e+01   2.1106e+01   0  H  0.00  1   !  -9.99000e+02  -99.000  -99.000  -999
OBS: 5999844  53755.809   111.00   0.0000e+00   3.2508e+01   1.9567e+01   0  H  0.00  1   !  -9.99000e+02  -99.000  -99.000  -999
OBS: 5999844  53757.809   113.00   0.0000e+00   3.0136e+01   1.8139e+01   0  H  0.00  1   !  -9.99000e+02  -99.000  -99.000  -999
OBS: 5999844  53759.809   115.00   0.0000e+00   2.7938e+01   1.6816e+01   0  H  0.00  1   !  -9.99000e+02  -99.000  -99.000  -999
OBS: 5999844  53761.809   117.00   0.0000e+00   2.5900e+01   1.5589e+01   0  H  0.00  1   !  -9.99000e+02  -99.000  -99.000  -999
OBS: 5999844  53763.809   119.00   0.0000e+00   2.4010e+01   1.4452e+01   0  H  0.00  1   !  -9.99000e+02  -99.000  -99.000  -999
OBS: 5999844  53765.809   121.00   0.0000e+00   2.2259e+01   1.3398e+01   0  H  0.00  1   !  -9.99000e+02  -99.000  -99.000  -999
OBS: 5999844  53767.809   123.00   0.0000e+00   2.0635e+01   1.2420e+01   0  H  0.00  1   !  -9.99000e+02  -99.000  -99.000  -999
OBS: 5999844  53769.809   125.00   0.0000e+00   1.9130e+01   1.1514e+01   0  H  0.00  1   !  -9.99000e+02  -99.000  -99.000  -999
OBS: 5999844  53771.809   127.00   0.0000e+00   1.7734e+01   1.0674e+01   0  H  0.00  1   !  -9.99000e+02  -99.000  -99.000  -999
OBS: 5999844  53773.809   129.00   0.0000e+00   1.6440e+01   9.8956e+00   0  H  0.00  1   !  -9.99000e+02  -99.000  -99.000  -999
OBS: 5999844  53775.809   131.00   0.0000e+00   1.5241e+01   9.1737e+00   0  H  0.00  1   !  -9.99000e+02  -99.000  -99.000  -999
OBS: 5999844  53777.809   133.00   0.0000e+00   1.4129e+01   8.5045e+00   0  H  0.00  1   !  -9.99000e+02  -99.000  -99.000  -999
OBS: 5999844  53779.809   135.00   0.0000e+00   1.3098e+01   7.8841e+00   0  H  0.00  1   !  -9.99000e+02  -99.000  -99.000  -999
OBS: 5999844  53781.809   137.00   0.0000e+00   1.2143e+01   7.3090e+00   0  H  0.00  1   !  -9.99000e+02  -99.000  -99.000  -999
OBS: 5999844  53783.809   139.00   0.0000e+00   1.1257e+01   6.7758e+00   0  H  0.00  1   !  -9.99000e+02  -99.000  -99.000  -999
