VARNAMES: CID MJD Tobs SIM_FLUXCAL FLUXCAL FLUXCAL_ERR DATAFLAG BAND CHI2 IFIT BAND_REST FLUX_REST KCOR AVWARP SIM_FLUX_REST 
OBS: 5999524  54013.770    -8.57   2.4915e+03   2.4187e+03   1.5846e+02   1  J  0.18  1   J  1.98372e+18  -0.177  -0.454  1.00000e+11
OBS: 5999524  54013.781    -8.56   2.4945e+03   2.7358e+03   1.5363e+02   1  J  2.11  1   J  2.24419e+18  -0.177  -0.453  1.00000e+11
OBS: 5999524  54037.691    15.35   7.1039e+02   7.3303e+02   1.0815e+02   1  J  0.03  1   J  5.04542e+17  -0.367  -1.045  1.00000e+11
OBS: 5999524  54037.699    15.36   7.1053e+02   7.9929e+02   1.1235e+02   1  J  0.45  1   J  5.50073e+17  -0.367  -1.044  1.00000e+11
OBS: 5999524  54048.699    26.36   1.2718e+03   1.4407e+03   1.3076e+02   1  J  1.16  1   J  8.73725e+17  -0.504  -0.538  1.00000e+11
OBS: 5999524  54048.711    26.37   1.2722e+03   1.3321e+03   1.3359e+02   1  J  0.14  1   J  8.07816e+17  -0.505  -0.536  1.00000e+11
OBS: 5999524  53963.344   -59.00   0.0000e+00   0.0000e+00   0.0000e+00   0  J  0.00  1   !  -9.99000e+02  -99.000  -99.000  -999
OBS: 5999524  53965.344   -57.00   0.0000e+00   0.0000e+00   0.0000e+00   0  J  0.00  1   !  -9.99000e+02  -99.000  -99.000  -999
OBS: 5999524  53967.344   -55.00   0.0000e+00   0.0000e+00   0.0000e+00   0  J  0.00  1   !  -9.99000e+02  -99.000  -99.000  -999
OBS: 5999524  53969.344   -53.00   0.0000e+00   0.0000e+00   0.0000e+00   0  J  0.00  1   !  -9.99000e+02  -99.000  -99.000  -999
OBS: 5999524  53971.344   -51.00   0.0000e+00   0.0000e+00   0.0000e+00   0  J  0.00  1   !  -9.99000e+02  -99.000  -99.000  -999
OBS: 5999524  53973.344   -49.00   0.0000e+00   0.0000e+00   0.0000e+00   0  J  0.00  1   !  -9.99000e+02  -99.000  -99.000  -999
OBS: 5999524  53975.344   -47.00   0.0000e+00   0.0000e+00   0.0000e+00   0  J  0.00  1   !  -9.99000e+02  -99.000  -99.000  -999
OBS: 5999524  53977.344   -45.00   0.0000e+00   0.0000e+00   0.0000e+00   0  J  0.00  1   !  -9.99000e+02  -99.000  -99.000  -999
OBS: 5999524  53979.344   -43.00   0.0000e+00   0.0000e+00   0.0000e+00   0  J  0.00  1   !  -9.99000e+02  -99.000  -99.000  -999
OBS: 5999524  53981.344   -41.00   0.0000e+00   0.0000e+00   0.0000e+00   0  J  0.00  1   !  -9.99000e+02  -99.000  -99.000  -999
OBS: 5999524  53983.344   -39.00   0.0000e+00   0.0000e+00   0.0000e+00   0  J  0.00  1   !  -9.99000e+02  -99.000  -99.000  -999
OBS: 5999524  53985.344   -37.00   0.0000e+00   0.0000e+00   0.0000e+00   0  J  0.00  1   !  -9.99000e+02  -99.000  -99.000  -999
OBS: 5999524  53987.344   -35.00   0.0000e+00   0.0000e+00   0.0000e+00   0  J  0.00  1   !  -9.99000e+02  -99.000  -99.000  -999
OBS: 5999524  53989.344   -33.00   0.0000e+00   0.0000e+00   0.0000e+00   0  J  0.00  1   !  -9.99000e+02  -99.000  -99.000  -999
OBS: 5999524  53991.344   -31.00   0.0000e+00   0.0000e+00   0.0000e+00   0  J  0.00  1   !  -9.99000e+02  -99.000  -99.000  -999
OBS: 5999524  53993.344   -29.00   0.0000e+00   0.0000e+00   0.0000e+00   0  J  0.00  1   !  -9.99000e+02  -99.000  -99.000  -999
OBS: 5999524  53995.344   -27.00   0.0000e+00   0.0000e+00   0.0000e+00   0  J  0.00  1   !  -9.99000e+02  -99.000  -99.000  -999
OBS: 5999524  53997.344   -25.00   0.0000e+00   0.0000e+00   0.0000e+00   0  J  0.00  1   !  -9.99000e+02  -99.000  -99.000  -999
OBS: 5999524  53999.344   -23.00   0.0000e+00   0.0000e+00   0.0000e+00   0  J  0.00  1   !  -9.99000e+02  -99.000  -99.000  -999
OBS: 5999524  54001.344   -21.00   0.0000e+00   1.0600e+02   6.3804e+01   0  J  0.00  1   !  -9.99000e+02  -99.000  -99.000  -999
OBS: 5999524  54003.344   -19.00   0.0000e+00   1.2311e+02   7.4102e+01   0  J  0.00  1   !  -9.99000e+02  -99.000  -99.000  -999
OBS: 5999524  54005.344   -17.00   0.0000e+00   1.2347e+02   7.4320e+01   0  J  0.00  1   !  -9.99000e+02  -99.000  -99.000  -999
OBS: 5999524  54007.344   -15.00   0.0000e+00   3.9259e+02   2.3630e+02   0  J  0.00  1   !  -9.99000e+02  -99.000  -99.000  -999
OBS: 5999524  54009.344   -13.00   0.0000e+00   1.0659e+03   1.1471e+02   0  J  0.00  1   !  -9.99000e+02  -99.000  -99.000  -999
OBS: 5999524  54011.344   -11.00   0.0000e+00   1.7598e+03   7.1932e+01   0  J  0.00  1   !  -9.99000e+02  -99.000  -99.000  -999
OBS: 5999524  54013.344    -9.00   0.0000e+00   2.3696e+03   6.4436e+01   0  J  0.00  1   !  -9.99000e+02  -99.000  -99.000  -999
OBS: 5999524  54015.344    -7.00   0.0000e+00   2.8314e+03   5.3851e+01   0  J  0.00  1   !  -9.99000e+02  -99.000  -99.000  -999
OBS: 5999524  54017.344    -5.00   0.0000e+00   3.0670e+03   5.1211e+01   0  J  0.00  1   !  -9.99000e+02  -99.000  -99.000  -999
OBS: 5999524  54019.344    -3.00   0.0000e+00   3.0214e+03   5.7036e+01   0  J  0.00  1   !  -9.99000e+02  -99.000  -99.000  -999
OBS: 5999524  54021.344    -1.00   0.0000e+00   2.7811e+03   5.9210e+01   0  J  0.00  1   !  -9.99000e+02  -99.000  -99.000  -999
OBS: 5999524  54023.344     1.00   0.0000e+00   2.3875e+03   5.4507e+01   0  J  0.00  1   !  -9.99000e+02  -99.000  -99.000  -999
OBS: 5999524  54025.344     3.00   0.0000e+00   1.9886e+03   5.4144e+01   0  J  0.00  1   !  -9.99000e+02  -99.000  -99.000  -999
OBS: 5999524  54027.344     5.00   0.0000e+00   1.6289e+03   5.7476e+01   0  J  0.00  1   !  -9.99000e+02  -99.000  -99.000  -999
OBS: 5999524  54029.344     7.00   0.0000e+00   1.2695e+03   5.1962e+01   0  J  0.00  1   !  -9.99000e+02  -99.000  -99.000  -999
OBS: 5999524  54031.344     9.00   0.0000e+00   9.6755e+02   5.0989e+01   0  J  0.00  1   !  -9.99000e+02  -99.000  -99.000  -999
OBS: 5999524  54033.344    11.00   0.0000e+00   7.7321e+02   6.0036e+01   0  J  0.00  1   !  -9.99000e+02  -99.000  -99.000  -999
OBS: 5999524  54035.344    13.00   0.0000e+00   6.9260e+02   6.9379e+01   0  J  0.00  1   !  -9.99000e+02  -99.000  -99.000  -999
OBS: 5999524  54037.344    15.00   0.0000e+00   7.0525e+02   7.1265e+01   0  J  0.00  1   !  -9.99000e+02  -99.000  -99.000  -999
OBS: 5999524  54039.344    17.00   0.0000e+00   7.3847e+02   6.4866e+01   0  J  0.00  1   !  -9.99000e+02  -99.000  -99.000  -999
OBS: 5999524  54041.344    19.00   0.0000e+00   8.0206e+02   6.8118e+01   0  J  0.00  1   !  -9.99000e+02  -99.000  -99.000  -999
OBS: 5999524  54043.344    21.00   0.0000e+00   8.9945e+02   7.3787e+01   0  J  0.00  1   !  -9.99000e+02  -99.000  -99.000  -999
OBS: 5999524  54045.344    23.00   0.0000e+00   1.0489e+03   7.9662e+01   0  J  0.00  1   !  -9.99000e+02  -99.000  -99.000  -999
OBS: 5999524  54047.344    25.00   0.0000e+00   1.2030e+03   8.5697e+01   0  J  0.00  1   !  -9.99000e+02  -99.000  -99.000  -999
OBS: 5999524  54049.344    27.00   0.0000e+00   1.2901e+03   8.8332e+01   0  J  0.00  1   !  -9.99000e+02  -99.000  -99.000  -999
OBS: 5999524  54051.344    29.00   0.0000e+00   1.2842e+03   9.4009e+01   0  J  0.00  1   !  -9.99000e+02  -99.000  -99.000  -999
OBS: 5999524  54053.344    31.00   0.0000e+00   1.2020e+03   9.0576e+01   0  J  0.00  1   !  -9.99000e+02  -99.000  -99.000  -999
OBS: 5999524  54055.344    33.00   0.0000e+00   1.1128e+03   7.8554e+01   0  J  0.00  1   !  -9.99000e+02  -99.000  -99.000  -999
OBS: 5999524  54057.344    35.00   0.0000e+00   1.0636e+03   7.9158e+01   0  J  0.00  1   !  -9.99000e+02  -99.000  -99.000  -999
OBS: 5999524  54059.344    37.00   0.0000e+00   1.0137e+03   8.5426e+01   0  J  0.00  1   !  -9.99000e+02  -99.000  -99.000  -999
OBS: 5999524  54061.344    39.00   0.0000e+00   9.2301e+02   1.0898e+02   0  J  0.00  1   !  -9.99000e+02  -99.000  -99.000  -999
OBS: 5999524  54063.344    41.00   0.0000e+00   7.9932e+02   1.2699e+02   0  J  0.00  1   !  -9.99000e+02  -99.000  -99.000  -999
OBS: 5999524  54065.344    43.00   0.0000e+00   6.6737e+02   1.1267e+02   0  J  0.00  1   !  -9.99000e+02  -99.000  -99.000  -999
OBS: 5999524  54067.344    45.00   0.0000e+00   5.5548e+02   1.0908e+02   0  J  0.00  1   !  -9.99000e+02  -99.000  -99.000  -999
OBS: 5999524  54069.344    47.00   0.0000e+00   4.8983e+02   1.3167e+02   0  J  0.00  1   !  -9.99000e+02  -99.000  -99.000  -999
OBS: 5999524  54071.344    49.00   0.0000e+00   4.5436e+02   1.4124e+02   0  J  0.00  1   !  -9.99000e+02  -99.000  -99.000  -999
OBS: 5999524  54073.344    51.00   0.0000e+00   4.1338e+02   1.3508e+02   0  J  0.00  1   !  -9.99000e+02  -99.000  -99.000  -999
OBS: 5999524  54075.344    53.00   0.0000e+00   3.6226e+02   1.3365e+02   0  J  0.00  1   !  -9.99000e+02  -99.000  -99.000  -999
OBS: 5999524  54077.344    55.00   0.0000e+00   3.1745e+02   1.7111e+02   0  J  0.00  1   !  -9.99000e+02  -99.000  -99.000  -999
OBS: 5999524  54079.344    57.00   0.0000e+00   2.8309e+02   1.7040e+02   0  J  0.00  1   !  -9.99000e+02  -99.000  -99.000  -999
OBS: 5999524  54081.344    59.00   0.0000e+00   2.4925e+02   1.5003e+02   0  J  0.00  1   !  -9.99000e+02  -99.000  -99.000  -999
OBS: 5999524  54083.344    61.00   0.0000e+00   2.1615e+02   1.3010e+02   0  J  0.00  1   !  -9.99000e+02  -99.000  -99.000  -999
OBS: 5999524  54085.344    63.00   0.0000e+00   1.8766e+02   1.1296e+02   0  J  0.00  1   !  -9.99000e+02  -99.000  -99.000  -999
OBS: 5999524  54087.344    65.00   0.0000e+00   1.4752e+02   8.8796e+01   0  J  0.00  1   !  -9.99000e+02  -99.000  -99.000  -999
OBS: 5999524  54089.344    67.00   0.0000e+00   1.1207e+02   6.7454e+01   0  J  0.00  1   !  -9.99000e+02  -99.000  -99.000  -999
OBS: 5999524  54091.344    69.00   0.0000e+00   9.1790e+01   5.5249e+01   0  J  0.00  1   !  -9.99000e+02  -99.000  -99.000  -999
OBS: 5999524  54093.344    71.00   0.0000e+00   7.7530e+01   4.6666e+01   0  J  0.00  1   !  -9.99000e+02  -99.000  -99.000  -999
OBS: 5999524  54095.344    73.00   0.0000e+00   6.5409e+01   3.9371e+01   0  J  0.00  1   !  -9.99000e+02  -99.000  -99.000  -999
OBS: 5999524  54097.344    75.00   0.0000e+00   5.4305e+01   3.2687e+01   0  J  0.00  1   !  -9.99000e+02  -99.000  -99.000  -999
OBS: 5999524  54099.344    77.00   0.0000e+00   4.3371e+01   2.6105e+01   0  J  0.00  1   !  -9.99000e+02  -99.000  -99.000  -999
OBS: 5999524  54101.344    79.00   0.0000e+00   3.2967e+01   1.9843e+01   0  J  0.00  1   !  -9.99000e+02  -99.000  -99.000  -999
OBS: 5999524  54103.344    81.00   0.0000e+00   2.7190e+01   1.6366e+01   0  J  0.00  1   !  -9.99000e+02  -99.000  -99.000  -999
OBS: 5999524  54105.344    83.00   0.0000e+00   2.2434e+01   1.3503e+01   0  J  0.00  1   !  -9.99000e+02  -99.000  -99.000  -999
OBS: 5999524  54107.344    85.00   0.0000e+00   1.8519e+01   1.1147e+01   0  J  0.00  1   !  -9.99000e+02  -99.000  -99.000  -999
OBS: 5999524  54109.344    87.00   0.0000e+00   1.5280e+01   9.1975e+00   0  J  0.00  1   !  -9.99000e+02  -99.000  -99.000  -999
OBS: 5999524  54111.344    89.00   0.0000e+00   1.2579e+01   7.5715e+00   0  J  0.00  1   !  -9.99000e+02  -99.000  -99.000  -999
OBS: 5999524  54113.344    91.00   0.0000e+00   1.0368e+01   6.2404e+00   0  J  0.00  1   !  -9.99000e+02  -99.000  -99.000  -999
OBS: 5999524  54115.344    93.00   0.0000e+00   8.6633e+00   5.2145e+00   0  J  0.00  1   !  -9.99000e+02  -99.000  -99.000  -999
OBS: 5999524  54117.344    95.00   0.0000e+00   7.2391e+00   4.3573e+00   0  J  0.00  1   !  -9.99000e+02  -99.000  -99.000  -999
OBS: 5999524  54119.344    97.00   0.0000e+00   6.0491e+00   3.6410e+00   0  J  0.00  1   !  -9.99000e+02  -99.000  -99.000  -999
OBS: 5999524  54121.344    99.00   0.0000e+00   5.0547e+00   3.0425e+00   0  J  0.00  1   !  -9.99000e+02  -99.000  -99.000  -999
OBS: 5999524  54123.344   101.00   0.0000e+00   4.2237e+00   2.5423e+00   0  J  0.00  1   !  -9.99000e+02  -99.000  -99.000  -999
OBS: 5999524  54125.344   103.00   0.0000e+00   3.5294e+00   2.1244e+00   0  J  0.00  1   !  -9.99000e+02  -99.000  -99.000  -999
OBS: 5999524  54127.344   105.00   0.0000e+00   2.9492e+00   1.7751e+00   0  J  0.00  1   !  -9.99000e+02  -99.000  -99.000  -999
OBS: 5999524  54129.344   107.00   0.0000e+00   2.4644e+00   1.4833e+00   0  J  0.00  1   !  -9.99000e+02  -99.000  -99.000  -999
OBS: 5999524  54131.344   109.00   0.0000e+00   2.0592e+00   1.2395e+00   0  J  0.00  1   !  -9.99000e+02  -99.000  -99.000  -999
OBS: 5999524  54133.344   111.00   0.0000e+00   1.7207e+00   1.0357e+00   0  J  0.00  1   !  -9.99000e+02  -99.000  -99.000  -999
OBS: 5999524  54135.344   113.00   0.0000e+00   1.4379e+00   8.6546e-01   0  J  0.00  1   !  -9.99000e+02  -99.000  -99.000  -999
OBS: 5999524  54137.344   115.00   0.0000e+00   1.2015e+00   7.2319e-01   0  J  0.00  1   !  -9.99000e+02  -99.000  -99.000  -999
OBS: 5999524  54139.344   117.00   0.0000e+00   1.0040e+00   6.0430e-01   0  J  0.00  1   !  -9.99000e+02  -99.000  -99.000  -999
OBS: 5999524  54141.344   119.00   0.0000e+00   8.3893e-01   5.0496e-01   0  J  0.00  1   !  -9.99000e+02  -99.000  -99.000  -999
OBS: 5999524  54143.344   121.00   0.0000e+00   7.0102e-01   4.2195e-01   0  J  0.00  1   !  -9.99000e+02  -99.000  -99.000  -999
OBS: 5999524  54145.344   123.00   0.0000e+00   5.8578e-01   3.5258e-01   0  J  0.00  1   !  -9.99000e+02  -99.000  -99.000  -999
OBS: 5999524  54147.344   125.00   0.0000e+00   4.8948e-01   2.9462e-01   0  J  0.00  1   !  -9.99000e+02  -99.000  -99.000  -999
OBS: 5999524  54149.344   127.00   0.0000e+00   4.0901e-01   2.4619e-01   0  J  0.00  1   !  -9.99000e+02  -99.000  -99.000  -999
OBS: 5999524  54151.344   129.00   0.0000e+00   3.4178e-01   2.0572e-01   0  J  0.00  1   !  -9.99000e+02  -99.000  -99.000  -999
OBS: 5999524  54153.344   131.00   0.0000e+00   2.8559e-01   1.7190e-01   0  J  0.00  1   !  -9.99000e+02  -99.000  -99.000  -999
OBS: 5999524  54155.344   133.00   0.0000e+00   2.3864e-01   1.4364e-01   0  J  0.00  1   !  -9.99000e+02  -99.000  -99.000  -999
OBS: 5999524  54157.344   135.00   0.0000e+00   1.9941e-01   1.2003e-01   0  J  0.00  1   !  -9.99000e+02  -99.000  -99.000  -999
OBS: 5999524  54159.344   137.00   0.0000e+00   1.6663e-01   1.0030e-01   0  J  0.00  1   !  -9.99000e+02  -99.000  -99.000  -999
OBS: 5999524  54161.344   139.00   0.0000e+00   1.3924e-01   8.3809e-02   0  J  0.00  1   !  -9.99000e+02  -99.000  -99.000  -999
OBS: 5999524  54013.770    -8.57   2.3380e+03   2.3997e+03   1.6874e+02   1  y  0.01  1   Y  1.98243e+18  -0.169  -0.520  1.00000e+11
OBS: 5999524  54013.781    -8.56   2.3414e+03   2.4051e+03   1.7888e+02   1  y  0.02  1   Y  1.98632e+18  -0.169  -0.521  1.00000e+11
OBS: 5999524  54037.691    15.35   1.5669e+03   1.4737e+03   1.2528e+02   1  y  0.70  1   Y  1.01589e+18  -0.365  -1.129  1.00000e+11
OBS: 5999524  54040.680    18.34   1.8791e+03   1.7868e+03   1.3716e+02   1  y  0.64  1   Y  1.22052e+18  -0.375  -1.012  1.00000e+11
OBS: 5999524  54040.691    18.35   1.8803e+03   1.8252e+03   1.4189e+02   1  y  0.29  1   Y  1.24685e+18  -0.375  -1.011  1.00000e+11
OBS: 5999524  54048.699    26.36   2.6624e+03   2.7789e+03   2.0567e+02   1  y  0.12  1   Y  2.14457e+18  -0.243  -0.435  1.00000e+11
OBS: 5999524  54048.711    26.37   2.6633e+03   2.5518e+03   2.0818e+02   1  y  0.48  1   Y  1.96913e+18  -0.243  -0.435  1.00000e+11
OBS: 5999524  53963.344   -59.00   0.0000e+00   0.0000e+00   0.0000e+00   0  y  0.00  1   !  -9.99000e+02  -99.000  -99.000  -999
OBS: 5999524  53965.344   -57.00   0.0000e+00   0.0000e+00   0.0000e+00   0  y  0.00  1   !  -9.99000e+02  -99.000  -99.000  -999
OBS: 5999524  53967.344   -55.00   0.0000e+00   0.0000e+00   0.0000e+00   0  y  0.00  1   !  -9.99000e+02  -99.000  -99.000  -999
OBS: 5999524  53969.344   -53.00   0.0000e+00   0.0000e+00   0.0000e+00   0  y  0.00  1   !  -9.99000e+02  -99.000  -99.000  -999
OBS: 5999524  53971.344   -51.00   0.0000e+00   0.0000e+00   0.0000e+00   0  y  0.00  1   !  -9.99000e+02  -99.000  -99.000  -999
OBS: 5999524  53973.344   -49.00   0.0000e+00   0.0000e+00   0.0000e+00   0  y  0.00  1   !  -9.99000e+02  -99.000  -99.000  -999
OBS: 5999524  53975.344   -47.00   0.0000e+00   0.0000e+00   0.0000e+00   0  y  0.00  1   !  -9.99000e+02  -99.000  -99.000  -999
OBS: 5999524  53977.344   -45.00   0.0000e+00   0.0000e+00   0.0000e+00   0  y  0.00  1   !  -9.99000e+02  -99.000  -99.000  -999
OBS: 5999524  53979.344   -43.00   0.0000e+00   0.0000e+00   0.0000e+00   0  y  0.00  1   !  -9.99000e+02  -99.000  -99.000  -999
OBS: 5999524  53981.344   -41.00   0.0000e+00   0.0000e+00   0.0000e+00   0  y  0.00  1   !  -9.99000e+02  -99.000  -99.000  -999
OBS: 5999524  53983.344   -39.00   0.0000e+00   0.0000e+00   0.0000e+00   0  y  0.00  1   !  -9.99000e+02  -99.000  -99.000  -999
OBS: 5999524  53985.344   -37.00   0.0000e+00   0.0000e+00   0.0000e+00   0  y  0.00  1   !  -9.99000e+02  -99.000  -99.000  -999
OBS: 5999524  53987.344   -35.00   0.0000e+00   0.0000e+00   0.0000e+00   0  y  0.00  1   !  -9.99000e+02  -99.000  -99.000  -999
OBS: 5999524  53989.344   -33.00   0.0000e+00   0.0000e+00   0.0000e+00   0  y  0.00  1   !  -9.99000e+02  -99.000  -99.000  -999
OBS: 5999524  53991.344   -31.00   0.0000e+00   0.0000e+00   0.0000e+00   0  y  0.00  1   !  -9.99000e+02  -99.000  -99.000  -999
OBS: 5999524  53993.344   -29.00   0.0000e+00   0.0000e+00   0.0000e+00   0  y  0.00  1   !  -9.99000e+02  -99.000  -99.000  -999
OBS: 5999524  53995.344   -27.00   0.0000e+00   0.0000e+00   0.0000e+00   0  y  0.00  1   !  -9.99000e+02  -99.000  -99.000  -999
OBS: 5999524  53997.344   -25.00   0.0000e+00   0.0000e+00   0.0000e+00   0  y  0.00  1   !  -9.99000e+02  -99.000  -99.000  -999
OBS: 5999524  53999.344   -23.00   0.0000e+00   0.0000e+00   0.0000e+00   0  y  0.00  1   !  -9.99000e+02  -99.000  -99.000  -999
OBS: 5999524  54001.344   -21.00   0.0000e+00   8.7952e+01   5.2939e+01   0  y  0.00  1   !  -9.99000e+02  -99.000  -99.000  -999
OBS: 5999524  54003.344   -19.00   0.0000e+00   7.3621e+01   4.4313e+01   0  y  0.00  1   !  -9.99000e+02  -99.000  -99.000  -999
OBS: 5999524  54005.344   -17.00   0.0000e+00   7.3247e+01   4.4088e+01   0  y  0.00  1   !  -9.99000e+02  -99.000  -99.000  -999
OBS: 5999524  54007.344   -15.00   0.0000e+00   2.6716e+02   1.1965e+02   0  y  0.00  1   !  -9.99000e+02  -99.000  -99.000  -999
OBS: 5999524  54009.344   -13.00   0.0000e+00   9.2505e+02   1.1909e+02   0  y  0.00  1   !  -9.99000e+02  -99.000  -99.000  -999
OBS: 5999524  54011.344   -11.00   0.0000e+00   1.5859e+03   7.9173e+01   0  y  0.00  1   !  -9.99000e+02  -99.000  -99.000  -999
OBS: 5999524  54013.344    -9.00   0.0000e+00   2.2345e+03   6.6277e+01   0  y  0.00  1   !  -9.99000e+02  -99.000  -99.000  -999
OBS: 5999524  54015.344    -7.00   0.0000e+00   2.8188e+03   6.3717e+01   0  y  0.00  1   !  -9.99000e+02  -99.000  -99.000  -999
OBS: 5999524  54017.344    -5.00   0.0000e+00   3.1107e+03   6.0911e+01   0  y  0.00  1   !  -9.99000e+02  -99.000  -99.000  -999
OBS: 5999524  54019.344    -3.00   0.0000e+00   3.0665e+03   6.5909e+01   0  y  0.00  1   !  -9.99000e+02  -99.000  -99.000  -999
OBS: 5999524  54021.344    -1.00   0.0000e+00   2.6750e+03   6.8158e+01   0  y  0.00  1   !  -9.99000e+02  -99.000  -99.000  -999
OBS: 5999524  54023.344     1.00   0.0000e+00   2.2403e+03   6.5970e+01   0  y  0.00  1   !  -9.99000e+02  -99.000  -99.000  -999
OBS: 5999524  54025.344     3.00   0.0000e+00   1.9402e+03   6.9104e+01   0  y  0.00  1   !  -9.99000e+02  -99.000  -99.000  -999
OBS: 5999524  54027.344     5.00   0.0000e+00   1.6908e+03   7.3893e+01   0  y  0.00  1   !  -9.99000e+02  -99.000  -99.000  -999
OBS: 5999524  54029.344     7.00   0.0000e+00   1.5086e+03   7.2508e+01   0  y  0.00  1   !  -9.99000e+02  -99.000  -99.000  -999
OBS: 5999524  54031.344     9.00   0.0000e+00   1.4344e+03   6.8898e+01   0  y  0.00  1   !  -9.99000e+02  -99.000  -99.000  -999
OBS: 5999524  54033.344    11.00   0.0000e+00   1.4228e+03   6.6603e+01   0  y  0.00  1   !  -9.99000e+02  -99.000  -99.000  -999
OBS: 5999524  54035.344    13.00   0.0000e+00   1.4551e+03   6.7593e+01   0  y  0.00  1   !  -9.99000e+02  -99.000  -99.000  -999
OBS: 5999524  54037.344    15.00   0.0000e+00   1.5633e+03   6.7226e+01   0  y  0.00  1   !  -9.99000e+02  -99.000  -99.000  -999
OBS: 5999524  54039.344    17.00   0.0000e+00   1.7530e+03   6.5611e+01   0  y  0.00  1   !  -9.99000e+02  -99.000  -99.000  -999
OBS: 5999524  54041.344    19.00   0.0000e+00   1.9912e+03   6.7894e+01   0  y  0.00  1   !  -9.99000e+02  -99.000  -99.000  -999
OBS: 5999524  54043.344    21.00   0.0000e+00   2.2481e+03   6.9430e+01   0  y  0.00  1   !  -9.99000e+02  -99.000  -99.000  -999
OBS: 5999524  54045.344    23.00   0.0000e+00   2.4126e+03   7.1306e+01   0  y  0.00  1   !  -9.99000e+02  -99.000  -99.000  -999
OBS: 5999524  54047.344    25.00   0.0000e+00   2.5622e+03   7.5822e+01   0  y  0.00  1   !  -9.99000e+02  -99.000  -99.000  -999
OBS: 5999524  54049.344    27.00   0.0000e+00   2.7544e+03   7.5203e+01   0  y  0.00  1   !  -9.99000e+02  -99.000  -99.000  -999
OBS: 5999524  54051.344    29.00   0.0000e+00   2.7988e+03   7.0897e+01   0  y  0.00  1   !  -9.99000e+02  -99.000  -99.000  -999
OBS: 5999524  54053.344    31.00   0.0000e+00   2.6747e+03   6.7752e+01   0  y  0.00  1   !  -9.99000e+02  -99.000  -99.000  -999
OBS: 5999524  54055.344    33.00   0.0000e+00   2.5090e+03   6.7555e+01   0  y  0.00  1   !  -9.99000e+02  -99.000  -99.000  -999
OBS: 5999524  54057.344    35.00   0.0000e+00   2.2901e+03   6.7029e+01   0  y  0.00  1   !  -9.99000e+02  -99.000  -99.000  -999
OBS: 5999524  54059.344    37.00   0.0000e+00   2.0586e+03   6.5216e+01   0  y  0.00  1   !  -9.99000e+02  -99.000  -99.000  -999
OBS: 5999524  54061.344    39.00   0.0000e+00   1.8725e+03   6.7908e+01   0  y  0.00  1   !  -9.99000e+02  -99.000  -99.000  -999
OBS: 5999524  54063.344    41.00   0.0000e+00   1.6822e+03   7.1997e+01   0  y  0.00  1   !  -9.99000e+02  -99.000  -99.000  -999
OBS: 5999524  54065.344    43.00   0.0000e+00   1.4744e+03   7.9391e+01   0  y  0.00  1   !  -9.99000e+02  -99.000  -99.000  -999
OBS: 5999524  54067.344    45.00   0.0000e+00   1.2817e+03   9.1936e+01   0  y  0.00  1   !  -9.99000e+02  -99.000  -99.000  -999
OBS: 5999524  54069.344    47.00   0.0000e+00   1.1268e+03   1.0263e+02   0  y  0.00  1   !  -9.99000e+02  -99.000  -99.000  -999
OBS: 5999524  54071.344    49.00   0.0000e+00   9.9894e+02   1.0230e+02   0  y  0.00  1   !  -9.99000e+02  -99.000  -99.000  -999
OBS: 5999524  54073.344    51.00   0.0000e+00   8.9096e+02   9.4655e+01   0  y  0.00  1   !  -9.99000e+02  -99.000  -99.000  -999
OBS: 5999524  54075.344    53.00   0.0000e+00   7.9574e+02   8.8043e+01   0  y  0.00  1   !  -9.99000e+02  -99.000  -99.000  -999
OBS: 5999524  54077.344    55.00   0.0000e+00   7.0916e+02   4.2685e+02   0  y  0.00  1   !  -9.99000e+02  -99.000  -99.000  -999
OBS: 5999524  54079.344    57.00   0.0000e+00   6.4330e+02   3.8721e+02   0  y  0.00  1   !  -9.99000e+02  -99.000  -99.000  -999
OBS: 5999524  54081.344    59.00   0.0000e+00   6.0555e+02   3.6449e+02   0  y  0.00  1   !  -9.99000e+02  -99.000  -99.000  -999
OBS: 5999524  54083.344    61.00   0.0000e+00   5.6691e+02   3.4123e+02   0  y  0.00  1   !  -9.99000e+02  -99.000  -99.000  -999
OBS: 5999524  54085.344    63.00   0.0000e+00   5.2729e+02   3.1738e+02   0  y  0.00  1   !  -9.99000e+02  -99.000  -99.000  -999
OBS: 5999524  54087.344    65.00   0.0000e+00   4.5541e+02   2.7411e+02   0  y  0.00  1   !  -9.99000e+02  -99.000  -99.000  -999
OBS: 5999524  54089.344    67.00   0.0000e+00   3.7107e+02   2.2335e+02   0  y  0.00  1   !  -9.99000e+02  -99.000  -99.000  -999
OBS: 5999524  54091.344    69.00   0.0000e+00   3.1197e+02   1.8778e+02   0  y  0.00  1   !  -9.99000e+02  -99.000  -99.000  -999
OBS: 5999524  54093.344    71.00   0.0000e+00   2.7275e+02   1.6417e+02   0  y  0.00  1   !  -9.99000e+02  -99.000  -99.000  -999
OBS: 5999524  54095.344    73.00   0.0000e+00   2.4738e+02   1.4890e+02   0  y  0.00  1   !  -9.99000e+02  -99.000  -99.000  -999
OBS: 5999524  54097.344    75.00   0.0000e+00   2.3062e+02   1.3882e+02   0  y  0.00  1   !  -9.99000e+02  -99.000  -99.000  -999
OBS: 5999524  54099.344    77.00   0.0000e+00   2.1757e+02   1.3096e+02   0  y  0.00  1   !  -9.99000e+02  -99.000  -99.000  -999
OBS: 5999524  54101.344    79.00   0.0000e+00   2.0664e+02   1.2438e+02   0  y  0.00  1   !  -9.99000e+02  -99.000  -99.000  -999
OBS: 5999524  54103.344    81.00   0.0000e+00   1.8889e+02   1.1369e+02   0  y  0.00  1   !  -9.99000e+02  -99.000  -99.000  -999
OBS: 5999524  54105.344    83.00   0.0000e+00   1.7284e+02   1.0404e+02   0  y  0.00  1   !  -9.99000e+02  -99.000  -99.000  -999
OBS: 5999524  54107.344    85.00   0.0000e+00   1.5847e+02   9.5383e+01   0  y  0.00  1   !  -9.99000e+02  -99.000  -99.000  -999
OBS: 5999524  54109.344    87.00   0.0000e+00   1.4557e+02   8.7619e+01   0  y  0.00  1   !  -9.99000e+02  -99.000  -99.000  -999
OBS: 5999524  54111.344    89.00   0.0000e+00   1.3409e+02   8.0708e+01   0  y  0.00  1   !  -9.99000e+02  -99.000  -99.000  -999
OBS: 5999524  54113.344    91.00   0.0000e+00   1.2341e+02   7.4283e+01   0  y  0.00  1   !  -9.99000e+02  -99.000  -99.000  -999
OBS: 5999524  54115.344    93.00   0.0000e+00   1.1211e+02   6.7483e+01   0  y  0.00  1   !  -9.99000e+02  -99.000  -99.000  -999
OBS: 5999524  54117.344    95.00   0.0000e+00   1.0185e+02   6.1303e+01   0  y  0.00  1   !  -9.99000e+02  -99.000  -99.000  -999
OBS: 5999524  54119.344    97.00   0.0000e+00   9.2520e+01   5.5689e+01   0  y  0.00  1   !  -9.99000e+02  -99.000  -99.000  -999
OBS: 5999524  54121.344    99.00   0.0000e+00   8.4045e+01   5.0588e+01   0  y  0.00  1   !  -9.99000e+02  -99.000  -99.000  -999
OBS: 5999524  54123.344   101.00   0.0000e+00   7.6345e+01   4.5953e+01   0  y  0.00  1   !  -9.99000e+02  -99.000  -99.000  -999
OBS: 5999524  54125.344   103.00   0.0000e+00   6.9350e+01   4.1742e+01   0  y  0.00  1   !  -9.99000e+02  -99.000  -99.000  -999
OBS: 5999524  54127.344   105.00   0.0000e+00   6.2994e+01   3.7917e+01   0  y  0.00  1   !  -9.99000e+02  -99.000  -99.000  -999
OBS: 5999524  54129.344   107.00   0.0000e+00   5.7220e+01   3.4442e+01   0  y  0.00  1   !  -9.99000e+02  -99.000  -99.000  -999
OBS: 5999524  54131.344   109.00   0.0000e+00   5.1979e+01   3.1287e+01   0  y  0.00  1   !  -9.99000e+02  -99.000  -99.000  -999
OBS: 5999524  54133.344   111.00   0.0000e+00   4.7219e+01   2.8421e+01   0  y  0.00  1   !  -9.99000e+02  -99.000  -99.000  -999
OBS: 5999524  54135.344   113.00   0.0000e+00   4.2889e+01   2.5815e+01   0  y  0.00  1   !  -9.99000e+02  -99.000  -99.000  -999
OBS: 5999524  54137.344   115.00   0.0000e+00   3.8956e+01   2.3448e+01   0  y  0.00  1   !  -9.99000e+02  -99.000  -99.000  -999
OBS: 5999524  54139.344   117.00   0.0000e+00   3.5383e+01   2.1297e+01   0  y  0.00  1   !  -9.99000e+02  -99.000  -99.000  -999
OBS: 5999524  54141.344   119.00   0.0000e+00   3.2137e+01   1.9344e+01   0  y  0.00  1   !  -9.99000e+02  -99.000  -99.000  -999
OBS: 5999524  54143.344   121.00   0.0000e+00   2.9188e+01   1.7569e+01   0  y  0.00  1   !  -9.99000e+02  -99.000  -99.000  -999
OBS: 5999524  54145.344   123.00   0.0000e+00   2.6510e+01   1.5957e+01   0  y  0.00  1   !  -9.99000e+02  -99.000  -99.000  -999
OBS: 5999524  54147.344   125.00   0.0000e+00   2.4077e+01   1.4492e+01   0  y  0.00  1   !  -9.99000e+02  -99.000  -99.000  -999
OBS: 5999524  54149.344   127.00   0.0000e+00   2.1871e+01   1.3164e+01   0  y  0.00  1   !  -9.99000e+02  -99.000  -99.000  -999
OBS: 5999524  54151.344   129.00   0.0000e+00   1.9867e+01   1.1958e+01   0  y  0.00  1   !  -9.99000e+02  -99.000  -99.000  -999
OBS: 5999524  54153.344   131.00   0.0000e+00   1.8043e+01   1.0860e+01   0  y  0.00  1   !  -9.99000e+02  -99.000  -99.000  -999
OBS: 5999524  54155.344   133.00   0.0000e+00   1.6386e+01   9.8628e+00   0  y  0.00  1   !  -9.99000e+02  -99.000  -99.000  -999
OBS: 5999524  54157.344   135.00   0.0000e+00   1.4881e+01   8.9571e+00   0  y  0.00  1   !  -9.99000e+02  -99.000  -99.000  -999
OBS: 5999524  54159.344   137.00   0.0000e+00   1.3514e+01   8.1343e+00   0  y  0.00  1   !  -9.99000e+02  -99.000  -99.000  -999
OBS: 5999524  54161.344   139.00   0.0000e+00   1.2273e+01   7.3871e+00   0  y  0.00  1   !  -9.99000e+02  -99.000  -99.000  -999
OBS: 5999524  54013.770    -8.57   2.2853e+03   2.1389e+03   3.9019e+02   1  H  0.10  1   H  1.87046e+18  -0.107  0.615  1.00000e+11
OBS: 5999524  54013.781    -8.56   2.2876e+03   2.2069e+03   3.8207e+02   1  H  0.03  1   H  1.92969e+18  -0.107  0.611  1.00000e+11
OBS: 5999524  54037.691    15.35   1.2097e+03   1.2468e+03   2.4696e+02   1  H  0.04  1   H  1.61044e+18  0.316  1.387  1.00000e+11
OBS: 5999524  54037.699    15.36   1.2100e+03   1.3124e+03   2.6073e+02   1  H  0.18  1   H  1.69507e+18  0.316  1.386  1.00000e+11
OBS: 5999524  54040.680    18.34   1.3328e+03   1.1492e+03   2.7590e+02   1  H  0.38  1   H  1.46418e+18  0.302  1.238  1.00000e+11
OBS: 5999524  54040.691    18.35   1.3332e+03   1.5075e+03   2.5964e+02   1  H  0.50  1   H  1.92070e+18  0.302  1.238  1.00000e+11
OBS: 5999524  54048.699    26.36   1.5140e+03   1.3230e+03   3.8791e+02   1  H  0.20  1   H  1.60455e+18  0.248  -1.274  1.00000e+11
OBS: 5999524  54048.711    26.37   1.5137e+03   1.0847e+03   3.9558e+02   1  H  1.08  1   H  1.31524e+18  0.248  -1.279  1.00000e+11
OBS: 5999524  53963.344   -59.00   0.0000e+00   0.0000e+00   0.0000e+00   0  H  0.00  1   !  -9.99000e+02  -99.000  -99.000  -999
OBS: 5999524  53965.344   -57.00   0.0000e+00   0.0000e+00   0.0000e+00   0  H  0.00  1   !  -9.99000e+02  -99.000  -99.000  -999
OBS: 5999524  53967.344   -55.00   0.0000e+00   0.0000e+00   0.0000e+00   0  H  0.00  1   !  -9.99000e+02  -99.000  -99.000  -999
OBS: 5999524  53969.344   -53.00   0.0000e+00   0.0000e+00   0.0000e+00   0  H  0.00  1   !  -9.99000e+02  -99.000  -99.000  -999
OBS: 5999524  53971.344   -51.00   0.0000e+00   0.0000e+00   0.0000e+00   0  H  0.00  1   !  -9.99000e+02  -99.000  -99.000  -999
OBS: 5999524  53973.344   -49.00   0.0000e+00   0.0000e+00   0.0000e+00   0  H  0.00  1   !  -9.99000e+02  -99.000  -99.000  -999
OBS: 5999524  53975.344   -47.00   0.0000e+00   0.0000e+00   0.0000e+00   0  H  0.00  1   !  -9.99000e+02  -99.000  -99.000  -999
OBS: 5999524  53977.344   -45.00   0.0000e+00   0.0000e+00   0.0000e+00   0  H  0.00  1   !  -9.99000e+02  -99.000  -99.000  -999
OBS: 5999524  53979.344   -43.00   0.0000e+00   0.0000e+00   0.0000e+00   0  H  0.00  1   !  -9.99000e+02  -99.000  -99.000  -999
OBS: 5999524  53981.344   -41.00   0.0000e+00   0.0000e+00   0.0000e+00   0  H  0.00  1   !  -9.99000e+02  -99.000  -99.000  -999
OBS: 5999524  53983.344   -39.00   0.0000e+00   0.0000e+00   0.0000e+00   0  H  0.00  1   !  -9.99000e+02  -99.000  -99.000  -999
OBS: 5999524  53985.344   -37.00   0.0000e+00   0.0000e+00   0.0000e+00   0  H  0.00  1   !  -9.99000e+02  -99.000  -99.000  -999
OBS: 5999524  53987.344   -35.00   0.0000e+00   0.0000e+00   0.0000e+00   0  H  0.00  1   !  -9.99000e+02  -99.000  -99.000  -999
OBS: 5999524  53989.344   -33.00   0.0000e+00   0.0000e+00   0.0000e+00   0  H  0.00  1   !  -9.99000e+02  -99.000  -99.000  -999
OBS: 5999524  53991.344   -31.00   0.0000e+00   0.0000e+00   0.0000e+00   0  H  0.00  1   !  -9.99000e+02  -99.000  -99.000  -999
OBS: 5999524  53993.344   -29.00   0.0000e+00   0.0000e+00   0.0000e+00   0  H  0.00  1   !  -9.99000e+02  -99.000  -99.000  -999
OBS: 5999524  53995.344   -27.00   0.0000e+00   0.0000e+00   0.0000e+00   0  H  0.00  1   !  -9.99000e+02  -99.000  -99.000  -999
OBS: 5999524  53997.344   -25.00   0.0000e+00   0.0000e+00   0.0000e+00   0  H  0.00  1   !  -9.99000e+02  -99.000  -99.000  -999
OBS: 5999524  53999.344   -23.00   0.0000e+00   0.0000e+00   0.0000e+00   0  H  0.00  1   !  -9.99000e+02  -99.000  -99.000  -999
OBS: 5999524  54001.344   -21.00   0.0000e+00   4.6892e+02   2.8225e+02   0  H  0.00  1   !  -9.99000e+02  -99.000  -99.000  -999
OBS: 5999524  54003.344   -19.00   0.0000e+00   4.4334e+02   2.6685e+02   0  H  0.00  1   !  -9.99000e+02  -99.000  -99.000  -999
OBS: 5999524  54005.344   -17.00   0.0000e+00   4.4392e+02   2.6720e+02   0  H  0.00  1   !  -9.99000e+02  -99.000  -99.000  -999
OBS: 5999524  54007.344   -15.00   0.0000e+00   6.4572e+02   1.9069e+02   0  H  0.00  1   !  -9.99000e+02  -99.000  -99.000  -999
OBS: 5999524  54009.344   -13.00   0.0000e+00   1.1592e+03   1.2127e+02   0  H  0.00  1   !  -9.99000e+02  -99.000  -99.000  -999
OBS: 5999524  54011.344   -11.00   0.0000e+00   1.6949e+03   8.7598e+01   0  H  0.00  1   !  -9.99000e+02  -99.000  -99.000  -999
OBS: 5999524  54013.344    -9.00   0.0000e+00   2.1713e+03   7.6479e+01   0  H  0.00  1   !  -9.99000e+02  -99.000  -99.000  -999
OBS: 5999524  54015.344    -7.00   0.0000e+00   2.5373e+03   6.6953e+01   0  H  0.00  1   !  -9.99000e+02  -99.000  -99.000  -999
OBS: 5999524  54017.344    -5.00   0.0000e+00   2.6903e+03   5.8547e+01   0  H  0.00  1   !  -9.99000e+02  -99.000  -99.000  -999
OBS: 5999524  54019.344    -3.00   0.0000e+00   2.6135e+03   6.0320e+01   0  H  0.00  1   !  -9.99000e+02  -99.000  -99.000  -999
OBS: 5999524  54021.344    -1.00   0.0000e+00   2.3178e+03   6.2850e+01   0  H  0.00  1   !  -9.99000e+02  -99.000  -99.000  -999
OBS: 5999524  54023.344     1.00   0.0000e+00   2.0253e+03   6.2861e+01   0  H  0.00  1   !  -9.99000e+02  -99.000  -99.000  -999
OBS: 5999524  54025.344     3.00   0.0000e+00   1.8052e+03   6.1917e+01   0  H  0.00  1   !  -9.99000e+02  -99.000  -99.000  -999
OBS: 5999524  54027.344     5.00   0.0000e+00   1.5715e+03   5.6719e+01   0  H  0.00  1   !  -9.99000e+02  -99.000  -99.000  -999
OBS: 5999524  54029.344     7.00   0.0000e+00   1.3554e+03   4.9244e+01   0  H  0.00  1   !  -9.99000e+02  -99.000  -99.000  -999
OBS: 5999524  54031.344     9.00   0.0000e+00   1.2034e+03   4.3241e+01   0  H  0.00  1   !  -9.99000e+02  -99.000  -99.000  -999
OBS: 5999524  54033.344    11.00   0.0000e+00   1.1416e+03   4.3846e+01   0  H  0.00  1   !  -9.99000e+02  -99.000  -99.000  -999
OBS: 5999524  54035.344    13.00   0.0000e+00   1.1426e+03   4.4135e+01   0  H  0.00  1   !  -9.99000e+02  -99.000  -99.000  -999
OBS: 5999524  54037.344    15.00   0.0000e+00   1.1875e+03   3.9988e+01   0  H  0.00  1   !  -9.99000e+02  -99.000  -99.000  -999
OBS: 5999524  54039.344    17.00   0.0000e+00   1.2611e+03   3.8421e+01   0  H  0.00  1   !  -9.99000e+02  -99.000  -99.000  -999
OBS: 5999524  54041.344    19.00   0.0000e+00   1.3540e+03   4.1171e+01   0  H  0.00  1   !  -9.99000e+02  -99.000  -99.000  -999
OBS: 5999524  54043.344    21.00   0.0000e+00   1.4645e+03   4.3604e+01   0  H  0.00  1   !  -9.99000e+02  -99.000  -99.000  -999
OBS: 5999524  54045.344    23.00   0.0000e+00   1.5312e+03   5.0218e+01   0  H  0.00  1   !  -9.99000e+02  -99.000  -99.000  -999
OBS: 5999524  54047.344    25.00   0.0000e+00   1.5303e+03   5.8221e+01   0  H  0.00  1   !  -9.99000e+02  -99.000  -99.000  -999
OBS: 5999524  54049.344    27.00   0.0000e+00   1.4752e+03   6.3498e+01   0  H  0.00  1   !  -9.99000e+02  -99.000  -99.000  -999
OBS: 5999524  54051.344    29.00   0.0000e+00   1.3866e+03   6.2140e+01   0  H  0.00  1   !  -9.99000e+02  -99.000  -99.000  -999
OBS: 5999524  54053.344    31.00   0.0000e+00   1.3226e+03   5.6107e+01   0  H  0.00  1   !  -9.99000e+02  -99.000  -99.000  -999
OBS: 5999524  54055.344    33.00   0.0000e+00   1.2803e+03   5.4323e+01   0  H  0.00  1   !  -9.99000e+02  -99.000  -99.000  -999
OBS: 5999524  54057.344    35.00   0.0000e+00   1.2599e+03   5.8366e+01   0  H  0.00  1   !  -9.99000e+02  -99.000  -99.000  -999
OBS: 5999524  54059.344    37.00   0.0000e+00   1.2349e+03   6.7363e+01   0  H  0.00  1   !  -9.99000e+02  -99.000  -99.000  -999
OBS: 5999524  54061.344    39.00   0.0000e+00   1.1608e+03   8.0269e+01   0  H  0.00  1   !  -9.99000e+02  -99.000  -99.000  -999
OBS: 5999524  54063.344    41.00   0.0000e+00   1.0522e+03   8.6350e+01   0  H  0.00  1   !  -9.99000e+02  -99.000  -99.000  -999
OBS: 5999524  54065.344    43.00   0.0000e+00   9.1302e+02   8.3876e+01   0  H  0.00  1   !  -9.99000e+02  -99.000  -99.000  -999
OBS: 5999524  54067.344    45.00   0.0000e+00   7.7565e+02   8.2679e+01   0  H  0.00  1   !  -9.99000e+02  -99.000  -99.000  -999
OBS: 5999524  54069.344    47.00   0.0000e+00   6.7573e+02   9.1479e+01   0  H  0.00  1   !  -9.99000e+02  -99.000  -99.000  -999
OBS: 5999524  54071.344    49.00   0.0000e+00   6.1140e+02   1.0059e+02   0  H  0.00  1   !  -9.99000e+02  -99.000  -99.000  -999
OBS: 5999524  54073.344    51.00   0.0000e+00   5.6119e+02   9.7775e+01   0  H  0.00  1   !  -9.99000e+02  -99.000  -99.000  -999
OBS: 5999524  54075.344    53.00   0.0000e+00   5.1179e+02   8.6273e+01   0  H  0.00  1   !  -9.99000e+02  -99.000  -99.000  -999
OBS: 5999524  54077.344    55.00   0.0000e+00   4.6403e+02   2.7931e+02   0  H  0.00  1   !  -9.99000e+02  -99.000  -99.000  -999
OBS: 5999524  54079.344    57.00   0.0000e+00   4.2076e+02   2.5326e+02   0  H  0.00  1   !  -9.99000e+02  -99.000  -99.000  -999
OBS: 5999524  54081.344    59.00   0.0000e+00   3.8235e+02   2.3014e+02   0  H  0.00  1   !  -9.99000e+02  -99.000  -99.000  -999
OBS: 5999524  54083.344    61.00   0.0000e+00   3.4330e+02   2.0664e+02   0  H  0.00  1   !  -9.99000e+02  -99.000  -99.000  -999
OBS: 5999524  54085.344    63.00   0.0000e+00   3.0811e+02   1.8546e+02   0  H  0.00  1   !  -9.99000e+02  -99.000  -99.000  -999
OBS: 5999524  54087.344    65.00   0.0000e+00   2.4663e+02   1.4845e+02   0  H  0.00  1   !  -9.99000e+02  -99.000  -99.000  -999
OBS: 5999524  54089.344    67.00   0.0000e+00   1.8562e+02   1.1172e+02   0  H  0.00  1   !  -9.99000e+02  -99.000  -99.000  -999
OBS: 5999524  54091.344    69.00   0.0000e+00   1.4888e+02   8.9612e+01   0  H  0.00  1   !  -9.99000e+02  -99.000  -99.000  -999
OBS: 5999524  54093.344    71.00   0.0000e+00   1.2646e+02   7.6119e+01   0  H  0.00  1   !  -9.99000e+02  -99.000  -99.000  -999
OBS: 5999524  54095.344    73.00   0.0000e+00   1.1150e+02   6.7112e+01   0  H  0.00  1   !  -9.99000e+02  -99.000  -99.000  -999
OBS: 5999524  54097.344    75.00   0.0000e+00   9.9572e+01   5.9934e+01   0  H  0.00  1   !  -9.99000e+02  -99.000  -99.000  -999
OBS: 5999524  54099.344    77.00   0.0000e+00   8.8607e+01   5.3334e+01   0  H  0.00  1   !  -9.99000e+02  -99.000  -99.000  -999
OBS: 5999524  54101.344    79.00   0.0000e+00   7.8621e+01   4.7323e+01   0  H  0.00  1   !  -9.99000e+02  -99.000  -99.000  -999
OBS: 5999524  54103.344    81.00   0.0000e+00   7.1258e+01   4.2891e+01   0  H  0.00  1   !  -9.99000e+02  -99.000  -99.000  -999
OBS: 5999524  54105.344    83.00   0.0000e+00   6.5124e+01   3.9199e+01   0  H  0.00  1   !  -9.99000e+02  -99.000  -99.000  -999
OBS: 5999524  54107.344    85.00   0.0000e+00   6.0005e+01   3.6118e+01   0  H  0.00  1   !  -9.99000e+02  -99.000  -99.000  -999
OBS: 5999524  54109.344    87.00   0.0000e+00   5.5331e+01   3.3304e+01   0  H  0.00  1   !  -9.99000e+02  -99.000  -99.000  -999
OBS: 5999524  54111.344    89.00   0.0000e+00   5.1086e+01   3.0749e+01   0  H  0.00  1   !  -9.99000e+02  -99.000  -99.000  -999
OBS: 5999524  54113.344    91.00   0.0000e+00   4.7148e+01   2.8379e+01   0  H  0.00  1   !  -9.99000e+02  -99.000  -99.000  -999
OBS: 5999524  54115.344    93.00   0.0000e+00   4.3247e+01   2.6031e+01   0  H  0.00  1   !  -9.99000e+02  -99.000  -99.000  -999
OBS: 5999524  54117.344    95.00   0.0000e+00   3.9670e+01   2.3878e+01   0  H  0.00  1   !  -9.99000e+02  -99.000  -99.000  -999
OBS: 5999524  54119.344    97.00   0.0000e+00   3.6388e+01   2.1902e+01   0  H  0.00  1   !  -9.99000e+02  -99.000  -99.000  -999
OBS: 5999524  54121.344    99.00   0.0000e+00   3.3377e+01   2.0090e+01   0  H  0.00  1   !  -9.99000e+02  -99.000  -99.000  -999
OBS: 5999524  54123.344   101.00   0.0000e+00   3.0616e+01   1.8428e+01   0  H  0.00  1   !  -9.99000e+02  -99.000  -99.000  -999
OBS: 5999524  54125.344   103.00   0.0000e+00   2.8083e+01   1.6904e+01   0  H  0.00  1   !  -9.99000e+02  -99.000  -99.000  -999
OBS: 5999524  54127.344   105.00   0.0000e+00   2.5760e+01   1.5505e+01   0  H  0.00  1   !  -9.99000e+02  -99.000  -99.000  -999
OBS: 5999524  54129.344   107.00   0.0000e+00   2.3629e+01   1.4222e+01   0  H  0.00  1   !  -9.99000e+02  -99.000  -99.000  -999
OBS: 5999524  54131.344   109.00   0.0000e+00   2.1674e+01   1.3046e+01   0  H  0.00  1   !  -9.99000e+02  -99.000  -99.000  -999
OBS: 5999524  54133.344   111.00   0.0000e+00   1.9881e+01   1.1966e+01   0  H  0.00  1   !  -9.99000e+02  -99.000  -99.000  -999
OBS: 5999524  54135.344   113.00   0.0000e+00   1.8236e+01   1.0976e+01   0  H  0.00  1   !  -9.99000e+02  -99.000  -99.000  -999
OBS: 5999524  54137.344   115.00   0.0000e+00   1.6727e+01   1.0068e+01   0  H  0.00  1   !  -9.99000e+02  -99.000  -99.000  -999
OBS: 5999524  54139.344   117.00   0.0000e+00   1.5343e+01   9.2354e+00   0  H  0.00  1   !  -9.99000e+02  -99.000  -99.000  -999
OBS: 5999524  54141.344   119.00   0.0000e+00   1.4074e+01   8.4714e+00   0  H  0.00  1   !  -9.99000e+02  -99.000  -99.000  -999
OBS: 5999524  54143.344   121.00   0.0000e+00   1.2910e+01   7.7705e+00   0  H  0.00  1   !  -9.99000e+02  -99.000  -99.000  -999
OBS: 5999524  54145.344   123.00   0.0000e+00   1.1842e+01   7.1277e+00   0  H  0.00  1   !  -9.99000e+02  -99.000  -99.000  -999
OBS: 5999524  54147.344   125.00   0.0000e+00   1.0862e+01   6.5380e+00   0  H  0.00  1   !  -9.99000e+02  -99.000  -99.000  -999
OBS: 5999524  54149.344   127.00   0.0000e+00   9.9634e+00   5.9971e+00   0  H  0.00  1   !  -9.99000e+02  -99.000  -99.000  -999
OBS: 5999524  54151.344   129.00   0.0000e+00   9.1391e+00   5.5009e+00   0  H  0.00  1   !  -9.99000e+02  -99.000  -99.000  -999
OBS: 5999524  54153.344   131.00   0.0000e+00   8.3831e+00   5.0459e+00   0  H  0.00  1   !  -9.99000e+02  -99.000  -99.000  -999
OBS: 5999524  54155.344   133.00   0.0000e+00   7.6895e+00   4.6284e+00   0  H  0.00  1   !  -9.99000e+02  -99.000  -99.000  -999
OBS: 5999524  54157.344   135.00   0.0000e+00   7.0534e+00   4.2455e+00   0  H  0.00  1   !  -9.99000e+02  -99.000  -99.000  -999
OBS: 5999524  54159.344   137.00   0.0000e+00   6.4698e+00   3.8943e+00   0  H  0.00  1   !  -9.99000e+02  -99.000  -99.000  -999
OBS: 5999524  54161.344   139.00   0.0000e+00   5.9346e+00   3.5721e+00   0  H  0.00  1   !  -9.99000e+02  -99.000  -99.000  -999
