VARNAMES: CID MJD Tobs SIM_FLUXCAL FLUXCAL FLUXCAL_ERR DATAFLAG BAND CHI2 IFIT BAND_REST FLUX_REST KCOR AVWARP SIM_FLUX_REST 
OBS: 6000319  53300.570    -4.16   4.6980e+03   4.8459e+03   2.7307e+02   1  J  4.63  1   J  3.29680e+18  -0.115  0.558  1.00000e+11
OBS: 6000319  53300.578    -4.15   4.6972e+03   4.4211e+03   3.8898e+02   1  J  0.23  1   J  3.00772e+18  -0.115  0.556  1.00000e+11
OBS: 6000319  53301.621    -3.11   4.6061e+03   5.0093e+03   2.7474e+02   1  J  8.87  1   J  3.39516e+18  -0.119  0.362  1.00000e+11
OBS: 6000319  53301.629    -3.10   4.6048e+03   4.9136e+03   2.7211e+02   1  J  7.15  1   J  3.33016e+18  -0.119  0.361  1.00000e+11
OBS: 6000319  53306.609     1.88   3.4424e+03   3.1467e+03   4.6721e+02   1  J  0.01  1   J  2.15316e+18  -0.108  0.064  1.00000e+11
OBS: 6000319  53306.609     1.88   3.4424e+03   3.4811e+03   4.6587e+02   1  J  0.63  1   J  2.38199e+18  -0.108  0.064  1.00000e+11
OBS: 6000319  53311.531     6.80   2.1422e+03   2.0309e+03   2.6707e+02   1  J  0.12  1   J  1.35826e+18  -0.133  0.912  1.00000e+11
OBS: 6000319  53311.531     6.80   2.1422e+03   1.9690e+03   2.4888e+02   1  J  0.02  1   J  1.31692e+18  -0.133  0.912  1.00000e+11
OBS: 6000319  53327.570    22.84   1.5233e+03   1.6206e+03   1.7073e+02   1  J  1.44  1   J  9.11322e+17  -0.321  1.624  1.00000e+11
OBS: 6000319  53327.578    22.85   1.5240e+03   1.3794e+03   1.6634e+02   1  J  0.00  1   J  7.75504e+17  -0.322  1.622  1.00000e+11
OBS: 6000319  53338.559    33.83   2.3202e+03   2.4920e+03   2.2070e+02   1  J  1.94  1   J  1.34373e+18  -0.367  2.906  1.00000e+11
OBS: 6000319  53338.559    33.83   2.3202e+03   2.2046e+03   2.3957e+02   1  J  0.13  1   J  1.18876e+18  -0.367  2.906  1.00000e+11
OBS: 6000319  53342.531    37.80   2.3324e+03   1.8878e+03   2.5086e+02   1  J  0.47  1   J  9.74676e+17  -0.414  2.921  1.00000e+11
OBS: 6000319  53342.539    37.81   2.3316e+03   2.2726e+03   2.6092e+02   1  J  0.24  1   J  1.17315e+18  -0.414  2.918  1.00000e+11
OBS: 6000319  53245.727   -59.00   0.0000e+00   0.0000e+00   0.0000e+00   0  J  0.00  1   !  -9.99000e+02  -99.000  -99.000  -999
OBS: 6000319  53247.727   -57.00   0.0000e+00   0.0000e+00   0.0000e+00   0  J  0.00  1   !  -9.99000e+02  -99.000  -99.000  -999
OBS: 6000319  53249.727   -55.00   0.0000e+00   0.0000e+00   0.0000e+00   0  J  0.00  1   !  -9.99000e+02  -99.000  -99.000  -999
OBS: 6000319  53251.727   -53.00   0.0000e+00   0.0000e+00   0.0000e+00   0  J  0.00  1   !  -9.99000e+02  -99.000  -99.000  -999
OBS: 6000319  53253.727   -51.00   0.0000e+00   0.0000e+00   0.0000e+00   0  J  0.00  1   !  -9.99000e+02  -99.000  -99.000  -999
OBS: 6000319  53255.727   -49.00   0.0000e+00   0.0000e+00   0.0000e+00   0  J  0.00  1   !  -9.99000e+02  -99.000  -99.000  -999
OBS: 6000319  53257.727   -47.00   0.0000e+00   0.0000e+00   0.0000e+00   0  J  0.00  1   !  -9.99000e+02  -99.000  -99.000  -999
OBS: 6000319  53259.727   -45.00   0.0000e+00   0.0000e+00   0.0000e+00   0  J  0.00  1   !  -9.99000e+02  -99.000  -99.000  -999
OBS: 6000319  53261.727   -43.00   0.0000e+00   0.0000e+00   0.0000e+00   0  J  0.00  1   !  -9.99000e+02  -99.000  -99.000  -999
OBS: 6000319  53263.727   -41.00   0.0000e+00   0.0000e+00   0.0000e+00   0  J  0.00  1   !  -9.99000e+02  -99.000  -99.000  -999
OBS: 6000319  53265.727   -39.00   0.0000e+00   0.0000e+00   0.0000e+00   0  J  0.00  1   !  -9.99000e+02  -99.000  -99.000  -999
OBS: 6000319  53267.727   -37.00   0.0000e+00   0.0000e+00   0.0000e+00   0  J  0.00  1   !  -9.99000e+02  -99.000  -99.000  -999
OBS: 6000319  53269.727   -35.00   0.0000e+00   0.0000e+00   0.0000e+00   0  J  0.00  1   !  -9.99000e+02  -99.000  -99.000  -999
OBS: 6000319  53271.727   -33.00   0.0000e+00   0.0000e+00   0.0000e+00   0  J  0.00  1   !  -9.99000e+02  -99.000  -99.000  -999
OBS: 6000319  53273.727   -31.00   0.0000e+00   0.0000e+00   0.0000e+00   0  J  0.00  1   !  -9.99000e+02  -99.000  -99.000  -999
OBS: 6000319  53275.727   -29.00   0.0000e+00   0.0000e+00   0.0000e+00   0  J  0.00  1   !  -9.99000e+02  -99.000  -99.000  -999
OBS: 6000319  53277.727   -27.00   0.0000e+00   0.0000e+00   0.0000e+00   0  J  0.00  1   !  -9.99000e+02  -99.000  -99.000  -999
OBS: 6000319  53279.727   -25.00   0.0000e+00   0.0000e+00   0.0000e+00   0  J  0.00  1   !  -9.99000e+02  -99.000  -99.000  -999
OBS: 6000319  53281.727   -23.00   0.0000e+00   0.0000e+00   0.0000e+00   0  J  0.00  1   !  -9.99000e+02  -99.000  -99.000  -999
OBS: 6000319  53283.727   -21.00   0.0000e+00   1.1763e+03   7.0801e+02   0  J  0.00  1   !  -9.99000e+02  -99.000  -99.000  -999
OBS: 6000319  53285.727   -19.00   0.0000e+00   1.1868e+03   7.1438e+02   0  J  0.00  1   !  -9.99000e+02  -99.000  -99.000  -999
OBS: 6000319  53287.727   -17.00   0.0000e+00   1.1852e+03   7.1339e+02   0  J  0.00  1   !  -9.99000e+02  -99.000  -99.000  -999
OBS: 6000319  53289.727   -15.00   0.0000e+00   1.5261e+03   3.6225e+02   0  J  0.00  1   !  -9.99000e+02  -99.000  -99.000  -999
OBS: 6000319  53291.727   -13.00   0.0000e+00   2.4603e+03   1.0371e+02   0  J  0.00  1   !  -9.99000e+02  -99.000  -99.000  -999
OBS: 6000319  53293.727   -11.00   0.0000e+00   3.3245e+03   9.4290e+01   0  J  0.00  1   !  -9.99000e+02  -99.000  -99.000  -999
OBS: 6000319  53295.727    -9.00   0.0000e+00   3.8759e+03   1.0635e+02   0  J  0.00  1   !  -9.99000e+02  -99.000  -99.000  -999
OBS: 6000319  53297.727    -7.00   0.0000e+00   4.1434e+03   9.0648e+01   0  J  0.00  1   !  -9.99000e+02  -99.000  -99.000  -999
OBS: 6000319  53299.727    -5.00   0.0000e+00   4.2449e+03   8.1613e+01   0  J  0.00  1   !  -9.99000e+02  -99.000  -99.000  -999
OBS: 6000319  53301.727    -3.00   0.0000e+00   4.1367e+03   8.8453e+01   0  J  0.00  1   !  -9.99000e+02  -99.000  -99.000  -999
OBS: 6000319  53303.727    -1.00   0.0000e+00   3.8549e+03   8.9532e+01   0  J  0.00  1   !  -9.99000e+02  -99.000  -99.000  -999
OBS: 6000319  53305.727     1.00   0.0000e+00   3.3569e+03   8.8560e+01   0  J  0.00  1   !  -9.99000e+02  -99.000  -99.000  -999
OBS: 6000319  53307.727     3.00   0.0000e+00   2.8007e+03   8.5280e+01   0  J  0.00  1   !  -9.99000e+02  -99.000  -99.000  -999
OBS: 6000319  53309.727     5.00   0.0000e+00   2.3296e+03   8.3354e+01   0  J  0.00  1   !  -9.99000e+02  -99.000  -99.000  -999
OBS: 6000319  53311.727     7.00   0.0000e+00   1.8938e+03   8.3075e+01   0  J  0.00  1   !  -9.99000e+02  -99.000  -99.000  -999
OBS: 6000319  53313.727     9.00   0.0000e+00   1.5204e+03   9.5335e+01   0  J  0.00  1   !  -9.99000e+02  -99.000  -99.000  -999
OBS: 6000319  53315.727    11.00   0.0000e+00   1.2636e+03   1.0500e+02   0  J  0.00  1   !  -9.99000e+02  -99.000  -99.000  -999
OBS: 6000319  53317.727    13.00   0.0000e+00   1.1362e+03   1.0176e+02   0  J  0.00  1   !  -9.99000e+02  -99.000  -99.000  -999
OBS: 6000319  53319.727    15.00   0.0000e+00   1.1388e+03   1.0008e+02   0  J  0.00  1   !  -9.99000e+02  -99.000  -99.000  -999
OBS: 6000319  53321.727    17.00   0.0000e+00   1.1769e+03   9.0531e+01   0  J  0.00  1   !  -9.99000e+02  -99.000  -99.000  -999
OBS: 6000319  53323.727    19.00   0.0000e+00   1.2301e+03   9.0704e+01   0  J  0.00  1   !  -9.99000e+02  -99.000  -99.000  -999
OBS: 6000319  53325.727    21.00   0.0000e+00   1.2854e+03   1.0305e+02   0  J  0.00  1   !  -9.99000e+02  -99.000  -99.000  -999
OBS: 6000319  53327.727    23.00   0.0000e+00   1.3833e+03   1.1366e+02   0  J  0.00  1   !  -9.99000e+02  -99.000  -99.000  -999
OBS: 6000319  53329.727    25.00   0.0000e+00   1.5009e+03   1.1573e+02   0  J  0.00  1   !  -9.99000e+02  -99.000  -99.000  -999
OBS: 6000319  53331.727    27.00   0.0000e+00   1.6246e+03   1.1594e+02   0  J  0.00  1   !  -9.99000e+02  -99.000  -99.000  -999
OBS: 6000319  53333.727    29.00   0.0000e+00   1.7552e+03   1.2402e+02   0  J  0.00  1   !  -9.99000e+02  -99.000  -99.000  -999
OBS: 6000319  53335.727    31.00   0.0000e+00   1.8842e+03   1.4267e+02   0  J  0.00  1   !  -9.99000e+02  -99.000  -99.000  -999
OBS: 6000319  53337.727    33.00   0.0000e+00   2.0257e+03   1.7003e+02   0  J  0.00  1   !  -9.99000e+02  -99.000  -99.000  -999
OBS: 6000319  53339.727    35.00   0.0000e+00   2.1626e+03   1.8998e+02   0  J  0.00  1   !  -9.99000e+02  -99.000  -99.000  -999
OBS: 6000319  53341.727    37.00   0.0000e+00   2.1658e+03   2.0287e+02   0  J  0.00  1   !  -9.99000e+02  -99.000  -99.000  -999
OBS: 6000319  53343.727    39.00   0.0000e+00   1.9929e+03   2.0787e+02   0  J  0.00  1   !  -9.99000e+02  -99.000  -99.000  -999
OBS: 6000319  53345.727    41.00   0.0000e+00   1.7212e+03   1.8232e+02   0  J  0.00  1   !  -9.99000e+02  -99.000  -99.000  -999
OBS: 6000319  53347.727    43.00   0.0000e+00   1.4196e+03   1.5036e+02   0  J  0.00  1   !  -9.99000e+02  -99.000  -99.000  -999
OBS: 6000319  53349.727    45.00   0.0000e+00   1.1757e+03   1.2535e+02   0  J  0.00  1   !  -9.99000e+02  -99.000  -99.000  -999
OBS: 6000319  53351.727    47.00   0.0000e+00   1.0423e+03   1.2788e+02   0  J  0.00  1   !  -9.99000e+02  -99.000  -99.000  -999
OBS: 6000319  53353.727    49.00   0.0000e+00   9.7493e+02   1.9310e+02   0  J  0.00  1   !  -9.99000e+02  -99.000  -99.000  -999
OBS: 6000319  53355.727    51.00   0.0000e+00   9.1101e+02   2.8702e+02   0  J  0.00  1   !  -9.99000e+02  -99.000  -99.000  -999
OBS: 6000319  53357.727    53.00   0.0000e+00   8.3616e+02   3.5192e+02   0  J  0.00  1   !  -9.99000e+02  -99.000  -99.000  -999
OBS: 6000319  53359.727    55.00   0.0000e+00   7.6791e+02   4.6221e+02   0  J  0.00  1   !  -9.99000e+02  -99.000  -99.000  -999
OBS: 6000319  53361.727    57.00   0.0000e+00   7.0105e+02   4.2197e+02   0  J  0.00  1   !  -9.99000e+02  -99.000  -99.000  -999
OBS: 6000319  53363.727    59.00   0.0000e+00   6.3344e+02   3.8128e+02   0  J  0.00  1   !  -9.99000e+02  -99.000  -99.000  -999
OBS: 6000319  53365.727    61.00   0.0000e+00   5.7437e+02   3.4572e+02   0  J  0.00  1   !  -9.99000e+02  -99.000  -99.000  -999
OBS: 6000319  53367.727    63.00   0.0000e+00   5.2787e+02   3.1773e+02   0  J  0.00  1   !  -9.99000e+02  -99.000  -99.000  -999
OBS: 6000319  53369.727    65.00   0.0000e+00   4.5125e+02   2.7161e+02   0  J  0.00  1   !  -9.99000e+02  -99.000  -99.000  -999
OBS: 6000319  53371.727    67.00   0.0000e+00   3.8406e+02   2.3117e+02   0  J  0.00  1   !  -9.99000e+02  -99.000  -99.000  -999
OBS: 6000319  53373.727    69.00   0.0000e+00   3.3461e+02   2.0140e+02   0  J  0.00  1   !  -9.99000e+02  -99.000  -99.000  -999
OBS: 6000319  53375.727    71.00   0.0000e+00   2.9558e+02   1.7791e+02   0  J  0.00  1   !  -9.99000e+02  -99.000  -99.000  -999
OBS: 6000319  53377.727    73.00   0.0000e+00   2.6242e+02   1.5795e+02   0  J  0.00  1   !  -9.99000e+02  -99.000  -99.000  -999
OBS: 6000319  53379.727    75.00   0.0000e+00   2.3160e+02   1.3940e+02   0  J  0.00  1   !  -9.99000e+02  -99.000  -99.000  -999
OBS: 6000319  53381.727    77.00   0.0000e+00   2.0376e+02   1.2265e+02   0  J  0.00  1   !  -9.99000e+02  -99.000  -99.000  -999
OBS: 6000319  53383.727    79.00   0.0000e+00   1.8009e+02   1.0840e+02   0  J  0.00  1   !  -9.99000e+02  -99.000  -99.000  -999
OBS: 6000319  53385.727    81.00   0.0000e+00   1.6748e+02   1.0081e+02   0  J  0.00  1   !  -9.99000e+02  -99.000  -99.000  -999
OBS: 6000319  53387.727    83.00   0.0000e+00   1.5579e+02   9.3771e+01   0  J  0.00  1   !  -9.99000e+02  -99.000  -99.000  -999
OBS: 6000319  53389.727    85.00   0.0000e+00   1.4496e+02   8.7254e+01   0  J  0.00  1   !  -9.99000e+02  -99.000  -99.000  -999
OBS: 6000319  53391.727    87.00   0.0000e+00   1.3479e+02   8.1129e+01   0  J  0.00  1   !  -9.99000e+02  -99.000  -99.000  -999
OBS: 6000319  53393.727    89.00   0.0000e+00   1.2506e+02   7.5276e+01   0  J  0.00  1   !  -9.99000e+02  -99.000  -99.000  -999
OBS: 6000319  53395.727    91.00   0.0000e+00   1.1665e+02   7.0215e+01   0  J  0.00  1   !  -9.99000e+02  -99.000  -99.000  -999
OBS: 6000319  53397.727    93.00   0.0000e+00   1.0966e+02   6.6003e+01   0  J  0.00  1   !  -9.99000e+02  -99.000  -99.000  -999
OBS: 6000319  53399.727    95.00   0.0000e+00   1.0308e+02   6.2045e+01   0  J  0.00  1   !  -9.99000e+02  -99.000  -99.000  -999
OBS: 6000319  53401.727    97.00   0.0000e+00   9.6897e+01   5.8323e+01   0  J  0.00  1   !  -9.99000e+02  -99.000  -99.000  -999
OBS: 6000319  53403.727    99.00   0.0000e+00   9.1085e+01   5.4825e+01   0  J  0.00  1   !  -9.99000e+02  -99.000  -99.000  -999
OBS: 6000319  53405.727   101.00   0.0000e+00   8.5622e+01   5.1537e+01   0  J  0.00  1   !  -9.99000e+02  -99.000  -99.000  -999
OBS: 6000319  53407.727   103.00   0.0000e+00   8.0487e+01   4.8446e+01   0  J  0.00  1   !  -9.99000e+02  -99.000  -99.000  -999
OBS: 6000319  53409.727   105.00   0.0000e+00   7.5660e+01   4.5540e+01   0  J  0.00  1   !  -9.99000e+02  -99.000  -99.000  -999
OBS: 6000319  53411.727   107.00   0.0000e+00   7.1122e+01   4.2809e+01   0  J  0.00  1   !  -9.99000e+02  -99.000  -99.000  -999
OBS: 6000319  53413.727   109.00   0.0000e+00   6.6856e+01   4.0241e+01   0  J  0.00  1   !  -9.99000e+02  -99.000  -99.000  -999
OBS: 6000319  53415.727   111.00   0.0000e+00   6.2846e+01   3.7828e+01   0  J  0.00  1   !  -9.99000e+02  -99.000  -99.000  -999
OBS: 6000319  53417.727   113.00   0.0000e+00   5.9077e+01   3.5559e+01   0  J  0.00  1   !  -9.99000e+02  -99.000  -99.000  -999
OBS: 6000319  53419.727   115.00   0.0000e+00   5.5534e+01   3.3426e+01   0  J  0.00  1   !  -9.99000e+02  -99.000  -99.000  -999
OBS: 6000319  53421.727   117.00   0.0000e+00   5.2203e+01   3.1421e+01   0  J  0.00  1   !  -9.99000e+02  -99.000  -99.000  -999
OBS: 6000319  53423.727   119.00   0.0000e+00   4.9072e+01   2.9537e+01   0  J  0.00  1   !  -9.99000e+02  -99.000  -99.000  -999
OBS: 6000319  53425.727   121.00   0.0000e+00   4.6129e+01   2.7765e+01   0  J  0.00  1   !  -9.99000e+02  -99.000  -99.000  -999
OBS: 6000319  53427.727   123.00   0.0000e+00   4.3362e+01   2.6100e+01   0  J  0.00  1   !  -9.99000e+02  -99.000  -99.000  -999
OBS: 6000319  53429.727   125.00   0.0000e+00   4.0761e+01   2.4535e+01   0  J  0.00  1   !  -9.99000e+02  -99.000  -99.000  -999
OBS: 6000319  53431.727   127.00   0.0000e+00   3.8316e+01   2.3063e+01   0  J  0.00  1   !  -9.99000e+02  -99.000  -99.000  -999
OBS: 6000319  53433.727   129.00   0.0000e+00   3.6018e+01   2.1680e+01   0  J  0.00  1   !  -9.99000e+02  -99.000  -99.000  -999
OBS: 6000319  53435.727   131.00   0.0000e+00   3.3858e+01   2.0380e+01   0  J  0.00  1   !  -9.99000e+02  -99.000  -99.000  -999
OBS: 6000319  53437.727   133.00   0.0000e+00   3.1827e+01   1.9157e+01   0  J  0.00  1   !  -9.99000e+02  -99.000  -99.000  -999
OBS: 6000319  53439.727   135.00   0.0000e+00   2.9918e+01   1.8008e+01   0  J  0.00  1   !  -9.99000e+02  -99.000  -99.000  -999
OBS: 6000319  53441.727   137.00   0.0000e+00   2.8124e+01   1.6928e+01   0  J  0.00  1   !  -9.99000e+02  -99.000  -99.000  -999
OBS: 6000319  53443.727   139.00   0.0000e+00   2.6437e+01   1.5913e+01   0  J  0.00  1   !  -9.99000e+02  -99.000  -99.000  -999
OBS: 6000319  53301.621    -3.11   3.3998e+03   3.8055e+03   2.2039e+02   1  y  0.03  1   Y  2.27107e+18  -0.257  -1.267  1.00000e+11
OBS: 6000319  53301.629    -3.10   3.3985e+03   3.3430e+03   2.2036e+02   1  y  4.23  1   Y  1.99504e+18  -0.257  -1.268  1.00000e+11
OBS: 6000319  53306.609     1.88   2.5143e+03   2.6848e+03   1.8396e+02   1  y  0.61  1   Y  1.62032e+18  -0.245  -1.585  1.00000e+11
OBS: 6000319  53306.609     1.88   2.5143e+03   2.9455e+03   1.8659e+02   1  y  0.20  1   Y  1.77769e+18  -0.245  -1.585  1.00000e+11
OBS: 6000319  53311.531     6.80   1.9394e+03   1.7737e+03   1.8059e+02   1  y  4.06  1   Y  9.93763e+17  -0.325  -1.830  1.00000e+11
OBS: 6000319  53311.531     6.80   1.9394e+03   2.1746e+03   1.7917e+02   1  y  0.01  1   Y  1.21837e+18  -0.325  -1.830  1.00000e+11
OBS: 6000319  53327.570    22.84   2.3715e+03   1.9969e+03   1.9291e+02   1  y  8.93  1   Y  1.18609e+18  -0.262  -0.958  1.00000e+11
OBS: 6000319  53327.578    22.85   2.3721e+03   2.2798e+03   1.7269e+02   1  y  3.56  1   Y  1.35447e+18  -0.262  -0.958  1.00000e+11
OBS: 6000319  53338.559    33.83   3.4943e+03   3.1617e+03   2.6880e+02   1  y  6.82  1   Y  2.05810e+18  -0.162  -0.794  1.00000e+11
OBS: 6000319  53338.559    33.83   3.4943e+03   3.7781e+03   2.7177e+02   1  y  0.28  1   Y  2.45936e+18  -0.162  -0.794  1.00000e+11
OBS: 6000319  53245.727   -59.00   0.0000e+00   0.0000e+00   0.0000e+00   0  y  0.00  1   !  -9.99000e+02  -99.000  -99.000  -999
OBS: 6000319  53247.727   -57.00   0.0000e+00   0.0000e+00   0.0000e+00   0  y  0.00  1   !  -9.99000e+02  -99.000  -99.000  -999
OBS: 6000319  53249.727   -55.00   0.0000e+00   0.0000e+00   0.0000e+00   0  y  0.00  1   !  -9.99000e+02  -99.000  -99.000  -999
OBS: 6000319  53251.727   -53.00   0.0000e+00   0.0000e+00   0.0000e+00   0  y  0.00  1   !  -9.99000e+02  -99.000  -99.000  -999
OBS: 6000319  53253.727   -51.00   0.0000e+00   0.0000e+00   0.0000e+00   0  y  0.00  1   !  -9.99000e+02  -99.000  -99.000  -999
OBS: 6000319  53255.727   -49.00   0.0000e+00   0.0000e+00   0.0000e+00   0  y  0.00  1   !  -9.99000e+02  -99.000  -99.000  -999
OBS: 6000319  53257.727   -47.00   0.0000e+00   0.0000e+00   0.0000e+00   0  y  0.00  1   !  -9.99000e+02  -99.000  -99.000  -999
OBS: 6000319  53259.727   -45.00   0.0000e+00   0.0000e+00   0.0000e+00   0  y  0.00  1   !  -9.99000e+02  -99.000  -99.000  -999
OBS: 6000319  53261.727   -43.00   0.0000e+00   0.0000e+00   0.0000e+00   0  y  0.00  1   !  -9.99000e+02  -99.000  -99.000  -999
OBS: 6000319  53263.727   -41.00   0.0000e+00   0.0000e+00   0.0000e+00   0  y  0.00  1   !  -9.99000e+02  -99.000  -99.000  -999
OBS: 6000319  53265.727   -39.00   0.0000e+00   0.0000e+00   0.0000e+00   0  y  0.00  1   !  -9.99000e+02  -99.000  -99.000  -999
OBS: 6000319  53267.727   -37.00   0.0000e+00   0.0000e+00   0.0000e+00   0  y  0.00  1   !  -9.99000e+02  -99.000  -99.000  -999
OBS: 6000319  53269.727   -35.00   0.0000e+00   0.0000e+00   0.0000e+00   0  y  0.00  1   !  -9.99000e+02  -99.000  -99.000  -999
OBS: 6000319  53271.727   -33.00   0.0000e+00   0.0000e+00   0.0000e+00   0  y  0.00  1   !  -9.99000e+02  -99.000  -99.000  -999
OBS: 6000319  53273.727   -31.00   0.0000e+00   0.0000e+00   0.0000e+00   0  y  0.00  1   !  -9.99000e+02  -99.000  -99.000  -999
OBS: 6000319  53275.727   -29.00   0.0000e+00   0.0000e+00   0.0000e+00   0  y  0.00  1   !  -9.99000e+02  -99.000  -99.000  -999
OBS: 6000319  53277.727   -27.00   0.0000e+00   0.0000e+00   0.0000e+00   0  y  0.00  1   !  -9.99000e+02  -99.000  -99.000  -999
OBS: 6000319  53279.727   -25.00   0.0000e+00   0.0000e+00   0.0000e+00   0  y  0.00  1   !  -9.99000e+02  -99.000  -99.000  -999
OBS: 6000319  53281.727   -23.00   0.0000e+00   0.0000e+00   0.0000e+00   0  y  0.00  1   !  -9.99000e+02  -99.000  -99.000  -999
OBS: 6000319  53283.727   -21.00   0.0000e+00   6.6396e+02   3.9964e+02   0  y  0.00  1   !  -9.99000e+02  -99.000  -99.000  -999
OBS: 6000319  53285.727   -19.00   0.0000e+00   6.1024e+02   3.6731e+02   0  y  0.00  1   !  -9.99000e+02  -99.000  -99.000  -999
OBS: 6000319  53287.727   -17.00   0.0000e+00   6.0744e+02   3.6563e+02   0  y  0.00  1   !  -9.99000e+02  -99.000  -99.000  -999
OBS: 6000319  53289.727   -15.00   0.0000e+00   8.7630e+02   2.6417e+02   0  y  0.00  1   !  -9.99000e+02  -99.000  -99.000  -999
OBS: 6000319  53291.727   -13.00   0.0000e+00   1.5686e+03   1.4337e+02   0  y  0.00  1   !  -9.99000e+02  -99.000  -99.000  -999
OBS: 6000319  53293.727   -11.00   0.0000e+00   2.3025e+03   1.1661e+02   0  y  0.00  1   !  -9.99000e+02  -99.000  -99.000  -999
OBS: 6000319  53295.727    -9.00   0.0000e+00   2.9987e+03   1.1206e+02   0  y  0.00  1   !  -9.99000e+02  -99.000  -99.000  -999
OBS: 6000319  53297.727    -7.00   0.0000e+00   3.5981e+03   1.0278e+02   0  y  0.00  1   !  -9.99000e+02  -99.000  -99.000  -999
OBS: 6000319  53299.727    -5.00   0.0000e+00   3.8742e+03   1.0410e+02   0  y  0.00  1   !  -9.99000e+02  -99.000  -99.000  -999
OBS: 6000319  53301.727    -3.00   0.0000e+00   3.8357e+03   1.1044e+02   0  y  0.00  1   !  -9.99000e+02  -99.000  -99.000  -999
OBS: 6000319  53303.727    -1.00   0.0000e+00   3.4413e+03   1.0374e+02   0  y  0.00  1   !  -9.99000e+02  -99.000  -99.000  -999
OBS: 6000319  53305.727     1.00   0.0000e+00   3.0042e+03   1.0119e+02   0  y  0.00  1   !  -9.99000e+02  -99.000  -99.000  -999
OBS: 6000319  53307.727     3.00   0.0000e+00   2.7031e+03   1.0616e+02   0  y  0.00  1   !  -9.99000e+02  -99.000  -99.000  -999
OBS: 6000319  53309.727     5.00   0.0000e+00   2.4211e+03   1.0725e+02   0  y  0.00  1   !  -9.99000e+02  -99.000  -99.000  -999
OBS: 6000319  53311.727     7.00   0.0000e+00   2.1770e+03   1.0822e+02   0  y  0.00  1   !  -9.99000e+02  -99.000  -99.000  -999
OBS: 6000319  53313.727     9.00   0.0000e+00   2.0365e+03   1.1587e+02   0  y  0.00  1   !  -9.99000e+02  -99.000  -99.000  -999
OBS: 6000319  53315.727    11.00   0.0000e+00   1.9638e+03   1.2072e+02   0  y  0.00  1   !  -9.99000e+02  -99.000  -99.000  -999
OBS: 6000319  53317.727    13.00   0.0000e+00   1.9560e+03   1.1887e+02   0  y  0.00  1   !  -9.99000e+02  -99.000  -99.000  -999
OBS: 6000319  53319.727    15.00   0.0000e+00   2.0393e+03   1.1566e+02   0  y  0.00  1   !  -9.99000e+02  -99.000  -99.000  -999
OBS: 6000319  53321.727    17.00   0.0000e+00   2.1928e+03   1.1737e+02   0  y  0.00  1   !  -9.99000e+02  -99.000  -99.000  -999
OBS: 6000319  53323.727    19.00   0.0000e+00   2.3683e+03   1.1833e+02   0  y  0.00  1   !  -9.99000e+02  -99.000  -99.000  -999
OBS: 6000319  53325.727    21.00   0.0000e+00   2.5567e+03   1.2051e+02   0  y  0.00  1   !  -9.99000e+02  -99.000  -99.000  -999
OBS: 6000319  53327.727    23.00   0.0000e+00   2.6870e+03   1.2071e+02   0  y  0.00  1   !  -9.99000e+02  -99.000  -99.000  -999
OBS: 6000319  53329.727    25.00   0.0000e+00   2.9012e+03   1.2003e+02   0  y  0.00  1   !  -9.99000e+02  -99.000  -99.000  -999
OBS: 6000319  53331.727    27.00   0.0000e+00   3.2867e+03   1.1994e+02   0  y  0.00  1   !  -9.99000e+02  -99.000  -99.000  -999
OBS: 6000319  53333.727    29.00   0.0000e+00   3.6522e+03   1.2112e+02   0  y  0.00  1   !  -9.99000e+02  -99.000  -99.000  -999
OBS: 6000319  53335.727    31.00   0.0000e+00   3.8650e+03   1.2412e+02   0  y  0.00  1   !  -9.99000e+02  -99.000  -99.000  -999
OBS: 6000319  53337.727    33.00   0.0000e+00   3.9478e+03   1.2678e+02   0  y  0.00  1   !  -9.99000e+02  -99.000  -99.000  -999
OBS: 6000319  53339.727    35.00   0.0000e+00   3.8990e+03   1.2501e+02   0  y  0.00  1   !  -9.99000e+02  -99.000  -99.000  -999
OBS: 6000319  53341.727    37.00   0.0000e+00   3.7693e+03   1.1595e+02   0  y  0.00  1   !  -9.99000e+02  -99.000  -99.000  -999
OBS: 6000319  53343.727    39.00   0.0000e+00   3.6563e+03   1.1954e+02   0  y  0.00  1   !  -9.99000e+02  -99.000  -99.000  -999
OBS: 6000319  53345.727    41.00   0.0000e+00   3.4446e+03   1.2378e+02   0  y  0.00  1   !  -9.99000e+02  -99.000  -99.000  -999
OBS: 6000319  53347.727    43.00   0.0000e+00   3.1544e+03   1.1922e+02   0  y  0.00  1   !  -9.99000e+02  -99.000  -99.000  -999
OBS: 6000319  53349.727    45.00   0.0000e+00   2.8695e+03   1.0892e+02   0  y  0.00  1   !  -9.99000e+02  -99.000  -99.000  -999
OBS: 6000319  53351.727    47.00   0.0000e+00   2.6405e+03   9.8050e+01   0  y  0.00  1   !  -9.99000e+02  -99.000  -99.000  -999
OBS: 6000319  53353.727    49.00   0.0000e+00   2.4284e+03   9.3194e+01   0  y  0.00  1   !  -9.99000e+02  -99.000  -99.000  -999
OBS: 6000319  53355.727    51.00   0.0000e+00   2.2042e+03   9.6014e+01   0  y  0.00  1   !  -9.99000e+02  -99.000  -99.000  -999
OBS: 6000319  53357.727    53.00   0.0000e+00   1.9490e+03   1.9605e+02   0  y  0.00  1   !  -9.99000e+02  -99.000  -99.000  -999
OBS: 6000319  53359.727    55.00   0.0000e+00   1.6822e+03   1.0126e+03   0  y  0.00  1   !  -9.99000e+02  -99.000  -99.000  -999
OBS: 6000319  53361.727    57.00   0.0000e+00   1.4679e+03   8.8353e+02   0  y  0.00  1   !  -9.99000e+02  -99.000  -99.000  -999
OBS: 6000319  53363.727    59.00   0.0000e+00   1.3185e+03   7.9363e+02   0  y  0.00  1   !  -9.99000e+02  -99.000  -99.000  -999
OBS: 6000319  53365.727    61.00   0.0000e+00   1.2010e+03   7.2292e+02   0  y  0.00  1   !  -9.99000e+02  -99.000  -99.000  -999
OBS: 6000319  53367.727    63.00   0.0000e+00   1.1175e+03   6.7263e+02   0  y  0.00  1   !  -9.99000e+02  -99.000  -99.000  -999
OBS: 6000319  53369.727    65.00   0.0000e+00   9.7142e+02   5.8471e+02   0  y  0.00  1   !  -9.99000e+02  -99.000  -99.000  -999
OBS: 6000319  53371.727    67.00   0.0000e+00   8.2797e+02   4.9836e+02   0  y  0.00  1   !  -9.99000e+02  -99.000  -99.000  -999
OBS: 6000319  53373.727    69.00   0.0000e+00   7.1755e+02   4.3190e+02   0  y  0.00  1   !  -9.99000e+02  -99.000  -99.000  -999
OBS: 6000319  53375.727    71.00   0.0000e+00   6.3150e+02   3.8011e+02   0  y  0.00  1   !  -9.99000e+02  -99.000  -99.000  -999
OBS: 6000319  53377.727    73.00   0.0000e+00   5.6433e+02   3.3968e+02   0  y  0.00  1   !  -9.99000e+02  -99.000  -99.000  -999
OBS: 6000319  53379.727    75.00   0.0000e+00   5.0992e+02   3.0693e+02   0  y  0.00  1   !  -9.99000e+02  -99.000  -99.000  -999
OBS: 6000319  53381.727    77.00   0.0000e+00   4.6538e+02   2.8012e+02   0  y  0.00  1   !  -9.99000e+02  -99.000  -99.000  -999
OBS: 6000319  53383.727    79.00   0.0000e+00   4.2268e+02   2.5441e+02   0  y  0.00  1   !  -9.99000e+02  -99.000  -99.000  -999
OBS: 6000319  53385.727    81.00   0.0000e+00   3.7360e+02   2.2487e+02   0  y  0.00  1   !  -9.99000e+02  -99.000  -99.000  -999
OBS: 6000319  53387.727    83.00   0.0000e+00   3.3064e+02   1.9901e+02   0  y  0.00  1   !  -9.99000e+02  -99.000  -99.000  -999
OBS: 6000319  53389.727    85.00   0.0000e+00   2.9312e+02   1.7643e+02   0  y  0.00  1   !  -9.99000e+02  -99.000  -99.000  -999
OBS: 6000319  53391.727    87.00   0.0000e+00   2.6041e+02   1.5674e+02   0  y  0.00  1   !  -9.99000e+02  -99.000  -99.000  -999
OBS: 6000319  53393.727    89.00   0.0000e+00   2.3200e+02   1.3964e+02   0  y  0.00  1   !  -9.99000e+02  -99.000  -99.000  -999
OBS: 6000319  53395.727    91.00   0.0000e+00   2.0559e+02   1.2374e+02   0  y  0.00  1   !  -9.99000e+02  -99.000  -99.000  -999
OBS: 6000319  53397.727    93.00   0.0000e+00   1.8062e+02   1.0872e+02   0  y  0.00  1   !  -9.99000e+02  -99.000  -99.000  -999
OBS: 6000319  53399.727    95.00   0.0000e+00   1.5868e+02   9.5511e+01   0  y  0.00  1   !  -9.99000e+02  -99.000  -99.000  -999
OBS: 6000319  53401.727    97.00   0.0000e+00   1.3940e+02   8.3908e+01   0  y  0.00  1   !  -9.99000e+02  -99.000  -99.000  -999
OBS: 6000319  53403.727    99.00   0.0000e+00   1.2247e+02   7.3716e+01   0  y  0.00  1   !  -9.99000e+02  -99.000  -99.000  -999
OBS: 6000319  53405.727   101.00   0.0000e+00   1.0759e+02   6.4760e+01   0  y  0.00  1   !  -9.99000e+02  -99.000  -99.000  -999
OBS: 6000319  53407.727   103.00   0.0000e+00   9.4515e+01   5.6889e+01   0  y  0.00  1   !  -9.99000e+02  -99.000  -99.000  -999
OBS: 6000319  53409.727   105.00   0.0000e+00   8.3025e+01   4.9974e+01   0  y  0.00  1   !  -9.99000e+02  -99.000  -99.000  -999
OBS: 6000319  53411.727   107.00   0.0000e+00   7.2931e+01   4.3898e+01   0  y  0.00  1   !  -9.99000e+02  -99.000  -99.000  -999
OBS: 6000319  53413.727   109.00   0.0000e+00   6.4063e+01   3.8560e+01   0  y  0.00  1   !  -9.99000e+02  -99.000  -99.000  -999
OBS: 6000319  53415.727   111.00   0.0000e+00   5.6277e+01   3.3874e+01   0  y  0.00  1   !  -9.99000e+02  -99.000  -99.000  -999
OBS: 6000319  53417.727   113.00   0.0000e+00   4.9437e+01   2.9757e+01   0  y  0.00  1   !  -9.99000e+02  -99.000  -99.000  -999
OBS: 6000319  53419.727   115.00   0.0000e+00   4.3423e+01   2.6137e+01   0  y  0.00  1   !  -9.99000e+02  -99.000  -99.000  -999
OBS: 6000319  53421.727   117.00   0.0000e+00   3.8140e+01   2.2957e+01   0  y  0.00  1   !  -9.99000e+02  -99.000  -99.000  -999
OBS: 6000319  53423.727   119.00   0.0000e+00   3.3499e+01   2.0164e+01   0  y  0.00  1   !  -9.99000e+02  -99.000  -99.000  -999
OBS: 6000319  53425.727   121.00   0.0000e+00   2.9422e+01   1.7710e+01   0  y  0.00  1   !  -9.99000e+02  -99.000  -99.000  -999
OBS: 6000319  53427.727   123.00   0.0000e+00   2.5844e+01   1.5556e+01   0  y  0.00  1   !  -9.99000e+02  -99.000  -99.000  -999
OBS: 6000319  53429.727   125.00   0.0000e+00   2.2702e+01   1.3665e+01   0  y  0.00  1   !  -9.99000e+02  -99.000  -99.000  -999
OBS: 6000319  53431.727   127.00   0.0000e+00   1.9938e+01   1.2001e+01   0  y  0.00  1   !  -9.99000e+02  -99.000  -99.000  -999
OBS: 6000319  53433.727   129.00   0.0000e+00   1.7510e+01   1.0540e+01   0  y  0.00  1   !  -9.99000e+02  -99.000  -99.000  -999
OBS: 6000319  53435.727   131.00   0.0000e+00   1.5378e+01   9.2561e+00   0  y  0.00  1   !  -9.99000e+02  -99.000  -99.000  -999
OBS: 6000319  53437.727   133.00   0.0000e+00   1.3505e+01   8.1287e+00   0  y  0.00  1   !  -9.99000e+02  -99.000  -99.000  -999
OBS: 6000319  53439.727   135.00   0.0000e+00   1.1861e+01   7.1395e+00   0  y  0.00  1   !  -9.99000e+02  -99.000  -99.000  -999
OBS: 6000319  53441.727   137.00   0.0000e+00   1.0419e+01   6.2713e+00   0  y  0.00  1   !  -9.99000e+02  -99.000  -99.000  -999
OBS: 6000319  53443.727   139.00   0.0000e+00   9.1496e+00   5.5072e+00   0  y  0.00  1   !  -9.99000e+02  -99.000  -99.000  -999
OBS: 6000319  53301.621    -3.11   4.1508e+03   2.9434e+03   2.3437e+03   1  H  0.07  1   H  1.98860e+18  -0.122  -0.896  1.00000e+11
OBS: 6000319  53301.629    -3.10   4.1492e+03   5.6162e+03   2.2954e+03   1  H  0.79  1   H  3.79500e+18  -0.122  -0.895  1.00000e+11
OBS: 6000319  53306.609     1.88   3.2521e+03   2.0925e+03   1.8210e+03   1  H  0.15  1   H  1.56663e+18  -0.011  -0.119  1.00000e+11
OBS: 6000319  53306.609     1.88   3.2521e+03   4.0131e+03   1.8719e+03   1  H  0.42  1   H  3.00450e+18  -0.011  -0.119  1.00000e+11
OBS: 6000319  53311.531     6.80   2.5125e+03   1.6773e+03   1.5812e+03   1  H  0.09  1   H  1.43074e+18  0.131  -0.372  1.00000e+11
OBS: 6000319  53311.531     6.80   2.5125e+03   3.3716e+03   1.6181e+03   1  H  0.56  1   H  2.87598e+18  0.131  -0.372  1.00000e+11
OBS: 6000319  53327.570    22.84   2.6973e+03   5.5531e+03   1.9019e+03   1  H  2.91  1   H  5.36764e+18  0.267  0.100  1.00000e+11
OBS: 6000319  53327.578    22.85   2.6978e+03   3.7734e+03   1.9270e+03   1  H  0.58  1   H  3.64763e+18  0.267  0.102  1.00000e+11
OBS: 6000319  53338.559    33.83   3.2610e+03   1.9054e+03   2.0247e+03   1  H  0.19  1   H  1.56713e+18  0.091  -2.250  1.00000e+11
OBS: 6000319  53338.559    33.83   3.2610e+03   5.6919e+03   1.9133e+03   1  H  2.29  1   H  4.68139e+18  0.091  -2.250  1.00000e+11
OBS: 6000319  53342.531    37.80   3.0941e+03   4.6629e+03   1.7575e+03   1  H  1.30  1   H  3.49728e+18  -0.009  -3.316  1.00000e+11
OBS: 6000319  53342.539    37.81   3.0931e+03   5.9641e+03   1.8462e+03   1  H  3.20  1   H  4.47275e+18  -0.009  -3.316  1.00000e+11
OBS: 6000319  53358.551    53.82   1.4293e+03   6.7299e+02   1.0212e+03  -1  H  0.29  1   !  -9.99000e+02  -99.000  -99.000  -999
OBS: 6000319  53358.551    53.82   1.4293e+03   2.0185e+03   9.8889e+02  -1  H  0.63  1   !  -9.99000e+02  -99.000  -99.000  -999
OBS: 6000319  53245.727   -59.00   0.0000e+00   0.0000e+00   0.0000e+00   0  H  0.00  1   !  -9.99000e+02  -99.000  -99.000  -999
OBS: 6000319  53247.727   -57.00   0.0000e+00   0.0000e+00   0.0000e+00   0  H  0.00  1   !  -9.99000e+02  -99.000  -99.000  -999
OBS: 6000319  53249.727   -55.00   0.0000e+00   0.0000e+00   0.0000e+00   0  H  0.00  1   !  -9.99000e+02  -99.000  -99.000  -999
OBS: 6000319  53251.727   -53.00   0.0000e+00   0.0000e+00   0.0000e+00   0  H  0.00  1   !  -9.99000e+02  -99.000  -99.000  -999
OBS: 6000319  53253.727   -51.00   0.0000e+00   0.0000e+00   0.0000e+00   0  H  0.00  1   !  -9.99000e+02  -99.000  -99.000  -999
OBS: 6000319  53255.727   -49.00   0.0000e+00   0.0000e+00   0.0000e+00   0  H  0.00  1   !  -9.99000e+02  -99.000  -99.000  -999
OBS: 6000319  53257.727   -47.00   0.0000e+00   0.0000e+00   0.0000e+00   0  H  0.00  1   !  -9.99000e+02  -99.000  -99.000  -999
OBS: 6000319  53259.727   -45.00   0.0000e+00   0.0000e+00   0.0000e+00   0  H  0.00  1   !  -9.99000e+02  -99.000  -99.000  -999
OBS: 6000319  53261.727   -43.00   0.0000e+00   0.0000e+00   0.0000e+00   0  H  0.00  1   !  -9.99000e+02  -99.000  -99.000  -999
OBS: 6000319  53263.727   -41.00   0.0000e+00   0.0000e+00   0.0000e+00   0  H  0.00  1   !  -9.99000e+02  -99.000  -99.000  -999
OBS: 6000319  53265.727   -39.00   0.0000e+00   0.0000e+00   0.0000e+00   0  H  0.00  1   !  -9.99000e+02  -99.000  -99.000  -999
OBS: 6000319  53267.727   -37.00   0.0000e+00   0.0000e+00   0.0000e+00   0  H  0.00  1   !  -9.99000e+02  -99.000  -99.000  -999
OBS: 6000319  53269.727   -35.00   0.0000e+00   0.0000e+00   0.0000e+00   0  H  0.00  1   !  -9.99000e+02  -99.000  -99.000  -999
OBS: 6000319  53271.727   -33.00   0.0000e+00   0.0000e+00   0.0000e+00   0  H  0.00  1   !  -9.99000e+02  -99.000  -99.000  -999
OBS: 6000319  53273.727   -31.00   0.0000e+00   0.0000e+00   0.0000e+00   0  H  0.00  1   !  -9.99000e+02  -99.000  -99.000  -999
OBS: 6000319  53275.727   -29.00   0.0000e+00   0.0000e+00   0.0000e+00   0  H  0.00  1   !  -9.99000e+02  -99.000  -99.000  -999
OBS: 6000319  53277.727   -27.00   0.0000e+00   0.0000e+00   0.0000e+00   0  H  0.00  1   !  -9.99000e+02  -99.000  -99.000  -999
OBS: 6000319  53279.727   -25.00   0.0000e+00   0.0000e+00   0.0000e+00   0  H  0.00  1   !  -9.99000e+02  -99.000  -99.000  -999
OBS: 6000319  53281.727   -23.00   0.0000e+00   0.0000e+00   0.0000e+00   0  H  0.00  1   !  -9.99000e+02  -99.000  -99.000  -999
OBS: 6000319  53283.727   -21.00   0.0000e+00   5.9980e+02   3.6103e+02   0  H  0.00  1   !  -9.99000e+02  -99.000  -99.000  -999
OBS: 6000319  53285.727   -19.00   0.0000e+00   6.9191e+02   4.1647e+02   0  H  0.00  1   !  -9.99000e+02  -99.000  -99.000  -999
OBS: 6000319  53287.727   -17.00   0.0000e+00   6.9293e+02   4.1708e+02   0  H  0.00  1   !  -9.99000e+02  -99.000  -99.000  -999
OBS: 6000319  53289.727   -15.00   0.0000e+00   9.7969e+02   5.8969e+02   0  H  0.00  1   !  -9.99000e+02  -99.000  -99.000  -999
OBS: 6000319  53291.727   -13.00   0.0000e+00   1.7021e+03   1.7418e+02   0  H  0.00  1   !  -9.99000e+02  -99.000  -99.000  -999
OBS: 6000319  53293.727   -11.00   0.0000e+00   2.4538e+03   1.3596e+02   0  H  0.00  1   !  -9.99000e+02  -99.000  -99.000  -999
OBS: 6000319  53295.727    -9.00   0.0000e+00   3.0910e+03   1.2452e+02   0  H  0.00  1   !  -9.99000e+02  -99.000  -99.000  -999
OBS: 6000319  53297.727    -7.00   0.0000e+00   3.5200e+03   1.1673e+02   0  H  0.00  1   !  -9.99000e+02  -99.000  -99.000  -999
OBS: 6000319  53299.727    -5.00   0.0000e+00   3.6653e+03   1.1771e+02   0  H  0.00  1   !  -9.99000e+02  -99.000  -99.000  -999
OBS: 6000319  53301.727    -3.00   0.0000e+00   3.5543e+03   1.1415e+02   0  H  0.00  1   !  -9.99000e+02  -99.000  -99.000  -999
OBS: 6000319  53303.727    -1.00   0.0000e+00   3.2149e+03   1.0340e+02   0  H  0.00  1   !  -9.99000e+02  -99.000  -99.000  -999
OBS: 6000319  53305.727     1.00   0.0000e+00   2.9022e+03   1.0184e+02   0  H  0.00  1   !  -9.99000e+02  -99.000  -99.000  -999
OBS: 6000319  53307.727     3.00   0.0000e+00   2.6766e+03   1.0358e+02   0  H  0.00  1   !  -9.99000e+02  -99.000  -99.000  -999
OBS: 6000319  53309.727     5.00   0.0000e+00   2.4093e+03   1.0108e+02   0  H  0.00  1   !  -9.99000e+02  -99.000  -99.000  -999
OBS: 6000319  53311.727     7.00   0.0000e+00   2.1321e+03   9.4553e+01   0  H  0.00  1   !  -9.99000e+02  -99.000  -99.000  -999
OBS: 6000319  53313.727     9.00   0.0000e+00   1.9122e+03   9.0708e+01   0  H  0.00  1   !  -9.99000e+02  -99.000  -99.000  -999
OBS: 6000319  53315.727    11.00   0.0000e+00   1.8028e+03   8.5211e+01   0  H  0.00  1   !  -9.99000e+02  -99.000  -99.000  -999
OBS: 6000319  53317.727    13.00   0.0000e+00   1.7868e+03   8.1119e+01   0  H  0.00  1   !  -9.99000e+02  -99.000  -99.000  -999
OBS: 6000319  53319.727    15.00   0.0000e+00   1.8573e+03   8.1738e+01   0  H  0.00  1   !  -9.99000e+02  -99.000  -99.000  -999
OBS: 6000319  53321.727    17.00   0.0000e+00   1.9715e+03   8.2842e+01   0  H  0.00  1   !  -9.99000e+02  -99.000  -99.000  -999
OBS: 6000319  53323.727    19.00   0.0000e+00   2.0942e+03   8.2888e+01   0  H  0.00  1   !  -9.99000e+02  -99.000  -99.000  -999
OBS: 6000319  53325.727    21.00   0.0000e+00   2.2214e+03   8.4076e+01   0  H  0.00  1   !  -9.99000e+02  -99.000  -99.000  -999
OBS: 6000319  53327.727    23.00   0.0000e+00   2.3149e+03   8.6260e+01   0  H  0.00  1   !  -9.99000e+02  -99.000  -99.000  -999
OBS: 6000319  53329.727    25.00   0.0000e+00   2.4088e+03   8.7693e+01   0  H  0.00  1   !  -9.99000e+02  -99.000  -99.000  -999
OBS: 6000319  53331.727    27.00   0.0000e+00   2.5192e+03   8.5203e+01   0  H  0.00  1   !  -9.99000e+02  -99.000  -99.000  -999
OBS: 6000319  53333.727    29.00   0.0000e+00   2.6197e+03   8.5850e+01   0  H  0.00  1   !  -9.99000e+02  -99.000  -99.000  -999
OBS: 6000319  53335.727    31.00   0.0000e+00   2.7156e+03   9.8498e+01   0  H  0.00  1   !  -9.99000e+02  -99.000  -99.000  -999
OBS: 6000319  53337.727    33.00   0.0000e+00   2.7761e+03   1.1143e+02   0  H  0.00  1   !  -9.99000e+02  -99.000  -99.000  -999
OBS: 6000319  53339.727    35.00   0.0000e+00   2.7921e+03   1.1977e+02   0  H  0.00  1   !  -9.99000e+02  -99.000  -99.000  -999
OBS: 6000319  53341.727    37.00   0.0000e+00   2.7230e+03   1.3011e+02   0  H  0.00  1   !  -9.99000e+02  -99.000  -99.000  -999
OBS: 6000319  53343.727    39.00   0.0000e+00   2.5261e+03   1.4468e+02   0  H  0.00  1   !  -9.99000e+02  -99.000  -99.000  -999
OBS: 6000319  53345.727    41.00   0.0000e+00   2.2836e+03   1.4846e+02   0  H  0.00  1   !  -9.99000e+02  -99.000  -99.000  -999
OBS: 6000319  53347.727    43.00   0.0000e+00   1.9866e+03   1.3542e+02   0  H  0.00  1   !  -9.99000e+02  -99.000  -99.000  -999
OBS: 6000319  53349.727    45.00   0.0000e+00   1.7210e+03   1.1687e+02   0  H  0.00  1   !  -9.99000e+02  -99.000  -99.000  -999
OBS: 6000319  53351.727    47.00   0.0000e+00   1.5409e+03   1.0738e+02   0  H  0.00  1   !  -9.99000e+02  -99.000  -99.000  -999
OBS: 6000319  53353.727    49.00   0.0000e+00   1.4352e+03   1.0505e+02   0  H  0.00  1   !  -9.99000e+02  -99.000  -99.000  -999
OBS: 6000319  53355.727    51.00   0.0000e+00   1.3506e+03   1.0918e+02   0  H  0.00  1   !  -9.99000e+02  -99.000  -99.000  -999
OBS: 6000319  53357.727    53.00   0.0000e+00   1.2622e+03   1.2828e+02   0  H  0.00  1   !  -9.99000e+02  -99.000  -99.000  -999
OBS: 6000319  53359.727    55.00   0.0000e+00   1.1721e+03   6.8721e+02   0  H  0.00  1   !  -9.99000e+02  -99.000  -99.000  -999
OBS: 6000319  53361.727    57.00   0.0000e+00   1.0917e+03   6.5711e+02   0  H  0.00  1   !  -9.99000e+02  -99.000  -99.000  -999
OBS: 6000319  53363.727    59.00   0.0000e+00   1.0234e+03   6.1601e+02   0  H  0.00  1   !  -9.99000e+02  -99.000  -99.000  -999
OBS: 6000319  53365.727    61.00   0.0000e+00   9.5989e+02   5.7777e+02   0  H  0.00  1   !  -9.99000e+02  -99.000  -99.000  -999
OBS: 6000319  53367.727    63.00   0.0000e+00   9.0554e+02   5.4506e+02   0  H  0.00  1   !  -9.99000e+02  -99.000  -99.000  -999
OBS: 6000319  53369.727    65.00   0.0000e+00   7.9744e+02   4.7999e+02   0  H  0.00  1   !  -9.99000e+02  -99.000  -99.000  -999
OBS: 6000319  53371.727    67.00   0.0000e+00   6.9223e+02   4.1666e+02   0  H  0.00  1   !  -9.99000e+02  -99.000  -99.000  -999
OBS: 6000319  53373.727    69.00   0.0000e+00   6.1253e+02   3.6869e+02   0  H  0.00  1   !  -9.99000e+02  -99.000  -99.000  -999
OBS: 6000319  53375.727    71.00   0.0000e+00   5.5400e+02   3.3346e+02   0  H  0.00  1   !  -9.99000e+02  -99.000  -99.000  -999
OBS: 6000319  53377.727    73.00   0.0000e+00   5.1081e+02   3.0746e+02   0  H  0.00  1   !  -9.99000e+02  -99.000  -99.000  -999
OBS: 6000319  53379.727    75.00   0.0000e+00   4.7581e+02   2.8639e+02   0  H  0.00  1   !  -9.99000e+02  -99.000  -99.000  -999
OBS: 6000319  53381.727    77.00   0.0000e+00   4.4156e+02   2.6578e+02   0  H  0.00  1   !  -9.99000e+02  -99.000  -99.000  -999
OBS: 6000319  53383.727    79.00   0.0000e+00   4.1139e+02   2.4762e+02   0  H  0.00  1   !  -9.99000e+02  -99.000  -99.000  -999
OBS: 6000319  53385.727    81.00   0.0000e+00   3.8892e+02   2.3410e+02   0  H  0.00  1   !  -9.99000e+02  -99.000  -99.000  -999
OBS: 6000319  53387.727    83.00   0.0000e+00   3.6781e+02   2.2139e+02   0  H  0.00  1   !  -9.99000e+02  -99.000  -99.000  -999
OBS: 6000319  53389.727    85.00   0.0000e+00   3.4797e+02   2.0944e+02   0  H  0.00  1   !  -9.99000e+02  -99.000  -99.000  -999
OBS: 6000319  53391.727    87.00   0.0000e+00   3.2940e+02   1.9827e+02   0  H  0.00  1   !  -9.99000e+02  -99.000  -99.000  -999
OBS: 6000319  53393.727    89.00   0.0000e+00   3.1215e+02   1.8789e+02   0  H  0.00  1   !  -9.99000e+02  -99.000  -99.000  -999
OBS: 6000319  53395.727    91.00   0.0000e+00   2.9518e+02   1.7767e+02   0  H  0.00  1   !  -9.99000e+02  -99.000  -99.000  -999
OBS: 6000319  53397.727    93.00   0.0000e+00   2.7826e+02   1.6749e+02   0  H  0.00  1   !  -9.99000e+02  -99.000  -99.000  -999
OBS: 6000319  53399.727    95.00   0.0000e+00   2.6230e+02   1.5788e+02   0  H  0.00  1   !  -9.99000e+02  -99.000  -99.000  -999
OBS: 6000319  53401.727    97.00   0.0000e+00   2.4726e+02   1.4883e+02   0  H  0.00  1   !  -9.99000e+02  -99.000  -99.000  -999
OBS: 6000319  53403.727    99.00   0.0000e+00   2.3308e+02   1.4029e+02   0  H  0.00  1   !  -9.99000e+02  -99.000  -99.000  -999
OBS: 6000319  53405.727   101.00   0.0000e+00   2.1972e+02   1.3225e+02   0  H  0.00  1   !  -9.99000e+02  -99.000  -99.000  -999
OBS: 6000319  53407.727   103.00   0.0000e+00   2.0712e+02   1.2467e+02   0  H  0.00  1   !  -9.99000e+02  -99.000  -99.000  -999
OBS: 6000319  53409.727   105.00   0.0000e+00   1.9524e+02   1.1752e+02   0  H  0.00  1   !  -9.99000e+02  -99.000  -99.000  -999
OBS: 6000319  53411.727   107.00   0.0000e+00   1.8404e+02   1.1078e+02   0  H  0.00  1   !  -9.99000e+02  -99.000  -99.000  -999
OBS: 6000319  53413.727   109.00   0.0000e+00   1.7349e+02   1.0442e+02   0  H  0.00  1   !  -9.99000e+02  -99.000  -99.000  -999
OBS: 6000319  53415.727   111.00   0.0000e+00   1.6354e+02   9.8434e+01   0  H  0.00  1   !  -9.99000e+02  -99.000  -99.000  -999
OBS: 6000319  53417.727   113.00   0.0000e+00   1.5416e+02   9.2788e+01   0  H  0.00  1   !  -9.99000e+02  -99.000  -99.000  -999
OBS: 6000319  53419.727   115.00   0.0000e+00   1.4531e+02   8.7466e+01   0  H  0.00  1   !  -9.99000e+02  -99.000  -99.000  -999
OBS: 6000319  53421.727   117.00   0.0000e+00   1.3698e+02   8.2449e+01   0  H  0.00  1   !  -9.99000e+02  -99.000  -99.000  -999
OBS: 6000319  53423.727   119.00   0.0000e+00   1.2912e+02   7.7719e+01   0  H  0.00  1   !  -9.99000e+02  -99.000  -99.000  -999
OBS: 6000319  53425.727   121.00   0.0000e+00   1.2171e+02   7.3261e+01   0  H  0.00  1   !  -9.99000e+02  -99.000  -99.000  -999
OBS: 6000319  53427.727   123.00   0.0000e+00   1.1473e+02   6.9058e+01   0  H  0.00  1   !  -9.99000e+02  -99.000  -99.000  -999
OBS: 6000319  53429.727   125.00   0.0000e+00   1.0815e+02   6.5096e+01   0  H  0.00  1   !  -9.99000e+02  -99.000  -99.000  -999
OBS: 6000319  53431.727   127.00   0.0000e+00   1.0194e+02   6.1361e+01   0  H  0.00  1   !  -9.99000e+02  -99.000  -99.000  -999
OBS: 6000319  53433.727   129.00   0.0000e+00   9.6095e+01   5.7841e+01   0  H  0.00  1   !  -9.99000e+02  -99.000  -99.000  -999
OBS: 6000319  53435.727   131.00   0.0000e+00   9.0581e+01   5.4522e+01   0  H  0.00  1   !  -9.99000e+02  -99.000  -99.000  -999
OBS: 6000319  53437.727   133.00   0.0000e+00   8.5384e+01   5.1394e+01   0  H  0.00  1   !  -9.99000e+02  -99.000  -99.000  -999
OBS: 6000319  53439.727   135.00   0.0000e+00   8.0485e+01   4.8445e+01   0  H  0.00  1   !  -9.99000e+02  -99.000  -99.000  -999
OBS: 6000319  53441.727   137.00   0.0000e+00   7.5866e+01   4.5665e+01   0  H  0.00  1   !  -9.99000e+02  -99.000  -99.000  -999
OBS: 6000319  53443.727   139.00   0.0000e+00   7.1512e+01   4.3044e+01   0  H  0.00  1   !  -9.99000e+02  -99.000  -99.000  -999
