VARNAMES: CID MJD Tobs SIM_FLUXCAL FLUXCAL FLUXCAL_ERR DATAFLAG BAND CHI2 IFIT BAND_REST FLUX_REST KCOR AVWARP SIM_FLUX_REST 
OBS: 5999682  54363.840    -3.20   1.5494e+04   1.5586e+04   1.8306e+02   1  J  0.11  1   J  2.42246e+18  -0.079  -0.314  1.00000e+11
OBS: 5999682  54363.840    -3.20   1.5494e+04   1.5471e+04   1.8317e+02   1  J  0.46  1   J  2.40455e+18  -0.079  -0.314  1.00000e+11
OBS: 5999682  54365.898    -1.14   1.4310e+04   1.4383e+04   1.3146e+02   1  J  0.13  1   J  2.22260e+18  -0.085  -0.233  1.00000e+11
OBS: 5999682  54377.801    10.76   3.6428e+03   3.1754e+03   4.3216e+02   1  J  0.99  1   J  4.74343e+17  -0.122  -0.867  1.00000e+11
OBS: 5999682  54387.801    20.76   3.9630e+03   4.1318e+03   5.0512e+02   1  J  0.04  1   J  5.78928e+17  -0.192  -1.497  1.00000e+11
OBS: 5999682  54422.801    55.76   9.5549e+02   1.0387e+03   1.1702e+02  -1  J  0.01  1   !  -9.99000e+02  -99.000  -99.000  -999
OBS: 5999682  54425.711    58.67   7.7498e+02   8.0280e+02   1.3898e+02  -1  J  0.00  1   !  -9.99000e+02  -99.000  -99.000  -999
OBS: 5999682  54425.719    58.68   7.7437e+02   7.7317e+02   1.2081e+02  -1  J  0.00  1   !  -9.99000e+02  -99.000  -99.000  -999
OBS: 5999682  54308.043   -59.00   0.0000e+00   0.0000e+00   0.0000e+00   0  J  0.00  1   !  -9.99000e+02  -99.000  -99.000  -999
OBS: 5999682  54310.043   -57.00   0.0000e+00   0.0000e+00   0.0000e+00   0  J  0.00  1   !  -9.99000e+02  -99.000  -99.000  -999
OBS: 5999682  54312.043   -55.00   0.0000e+00   0.0000e+00   0.0000e+00   0  J  0.00  1   !  -9.99000e+02  -99.000  -99.000  -999
OBS: 5999682  54314.043   -53.00   0.0000e+00   0.0000e+00   0.0000e+00   0  J  0.00  1   !  -9.99000e+02  -99.000  -99.000  -999
OBS: 5999682  54316.043   -51.00   0.0000e+00   0.0000e+00   0.0000e+00   0  J  0.00  1   !  -9.99000e+02  -99.000  -99.000  -999
OBS: 5999682  54318.043   -49.00   0.0000e+00   0.0000e+00   0.0000e+00   0  J  0.00  1   !  -9.99000e+02  -99.000  -99.000  -999
OBS: 5999682  54320.043   -47.00   0.0000e+00   0.0000e+00   0.0000e+00   0  J  0.00  1   !  -9.99000e+02  -99.000  -99.000  -999
OBS: 5999682  54322.043   -45.00   0.0000e+00   0.0000e+00   0.0000e+00   0  J  0.00  1   !  -9.99000e+02  -99.000  -99.000  -999
OBS: 5999682  54324.043   -43.00   0.0000e+00   0.0000e+00   0.0000e+00   0  J  0.00  1   !  -9.99000e+02  -99.000  -99.000  -999
OBS: 5999682  54326.043   -41.00   0.0000e+00   0.0000e+00   0.0000e+00   0  J  0.00  1   !  -9.99000e+02  -99.000  -99.000  -999
OBS: 5999682  54328.043   -39.00   0.0000e+00   0.0000e+00   0.0000e+00   0  J  0.00  1   !  -9.99000e+02  -99.000  -99.000  -999
OBS: 5999682  54330.043   -37.00   0.0000e+00   0.0000e+00   0.0000e+00   0  J  0.00  1   !  -9.99000e+02  -99.000  -99.000  -999
OBS: 5999682  54332.043   -35.00   0.0000e+00   0.0000e+00   0.0000e+00   0  J  0.00  1   !  -9.99000e+02  -99.000  -99.000  -999
OBS: 5999682  54334.043   -33.00   0.0000e+00   0.0000e+00   0.0000e+00   0  J  0.00  1   !  -9.99000e+02  -99.000  -99.000  -999
OBS: 5999682  54336.043   -31.00   0.0000e+00   0.0000e+00   0.0000e+00   0  J  0.00  1   !  -9.99000e+02  -99.000  -99.000  -999
OBS: 5999682  54338.043   -29.00   0.0000e+00   0.0000e+00   0.0000e+00   0  J  0.00  1   !  -9.99000e+02  -99.000  -99.000  -999
OBS: 5999682  54340.043   -27.00   0.0000e+00   0.0000e+00   0.0000e+00   0  J  0.00  1   !  -9.99000e+02  -99.000  -99.000  -999
OBS: 5999682  54342.043   -25.00   0.0000e+00   0.0000e+00   0.0000e+00   0  J  0.00  1   !  -9.99000e+02  -99.000  -99.000  -999
OBS: 5999682  54344.043   -23.00   0.0000e+00   0.0000e+00   0.0000e+00   0  J  0.00  1   !  -9.99000e+02  -99.000  -99.000  -999
OBS: 5999682  54346.043   -21.00   0.0000e+00   0.0000e+00   0.0000e+00   0  J  0.00  1   !  -9.99000e+02  -99.000  -99.000  -999
OBS: 5999682  54348.043   -19.00   0.0000e+00   6.3399e+02   3.8161e+02   0  J  0.00  1   !  -9.99000e+02  -99.000  -99.000  -999
OBS: 5999682  54350.043   -17.00   0.0000e+00   6.5158e+02   3.9219e+02   0  J  0.00  1   !  -9.99000e+02  -99.000  -99.000  -999
OBS: 5999682  54352.043   -15.00   0.0000e+00   1.1124e+03   6.6957e+02   0  J  0.00  1   !  -9.99000e+02  -99.000  -99.000  -999
OBS: 5999682  54354.043   -13.00   0.0000e+00   4.4659e+03   6.4359e+02   0  J  0.00  1   !  -9.99000e+02  -99.000  -99.000  -999
OBS: 5999682  54356.043   -11.00   0.0000e+00   8.0913e+03   3.6606e+02   0  J  0.00  1   !  -9.99000e+02  -99.000  -99.000  -999
OBS: 5999682  54358.043    -9.00   0.0000e+00   1.1441e+04   3.2382e+02   0  J  0.00  1   !  -9.99000e+02  -99.000  -99.000  -999
OBS: 5999682  54360.043    -7.00   0.0000e+00   1.4173e+04   2.7944e+02   0  J  0.00  1   !  -9.99000e+02  -99.000  -99.000  -999
OBS: 5999682  54362.043    -5.00   0.0000e+00   1.5691e+04   2.6014e+02   0  J  0.00  1   !  -9.99000e+02  -99.000  -99.000  -999
OBS: 5999682  54364.043    -3.00   0.0000e+00   1.5631e+04   2.8894e+02   0  J  0.00  1   !  -9.99000e+02  -99.000  -99.000  -999
OBS: 5999682  54366.043    -1.00   0.0000e+00   1.4398e+04   3.0569e+02   0  J  0.00  1   !  -9.99000e+02  -99.000  -99.000  -999
OBS: 5999682  54368.043     1.00   0.0000e+00   1.2489e+04   2.8503e+02   0  J  0.00  1   !  -9.99000e+02  -99.000  -99.000  -999
OBS: 5999682  54370.043     3.00   0.0000e+00   1.0509e+04   2.8917e+02   0  J  0.00  1   !  -9.99000e+02  -99.000  -99.000  -999
OBS: 5999682  54372.043     5.00   0.0000e+00   8.4765e+03   3.0049e+02   0  J  0.00  1   !  -9.99000e+02  -99.000  -99.000  -999
OBS: 5999682  54374.043     7.00   0.0000e+00   6.3385e+03   2.6382e+02   0  J  0.00  1   !  -9.99000e+02  -99.000  -99.000  -999
OBS: 5999682  54376.043     9.00   0.0000e+00   4.6093e+03   2.5479e+02   0  J  0.00  1   !  -9.99000e+02  -99.000  -99.000  -999
OBS: 5999682  54378.043    11.00   0.0000e+00   3.6081e+03   2.9868e+02   0  J  0.00  1   !  -9.99000e+02  -99.000  -99.000  -999
OBS: 5999682  54380.043    13.00   0.0000e+00   3.2430e+03   3.3022e+02   0  J  0.00  1   !  -9.99000e+02  -99.000  -99.000  -999
OBS: 5999682  54382.043    15.00   0.0000e+00   3.2331e+03   3.1552e+02   0  J  0.00  1   !  -9.99000e+02  -99.000  -99.000  -999
OBS: 5999682  54384.043    17.00   0.0000e+00   3.3774e+03   2.9016e+02   0  J  0.00  1   !  -9.99000e+02  -99.000  -99.000  -999
OBS: 5999682  54386.043    19.00   0.0000e+00   3.6462e+03   3.1015e+02   0  J  0.00  1   !  -9.99000e+02  -99.000  -99.000  -999
OBS: 5999682  54388.043    21.00   0.0000e+00   4.0834e+03   3.2434e+02   0  J  0.00  1   !  -9.99000e+02  -99.000  -99.000  -999
OBS: 5999682  54390.043    23.00   0.0000e+00   4.7168e+03   3.4974e+02   0  J  0.00  1   !  -9.99000e+02  -99.000  -99.000  -999
OBS: 5999682  54392.043    25.00   0.0000e+00   5.2585e+03   3.6681e+02   0  J  0.00  1   !  -9.99000e+02  -99.000  -99.000  -999
OBS: 5999682  54394.043    27.00   0.0000e+00   5.4393e+03   3.7909e+02   0  J  0.00  1   !  -9.99000e+02  -99.000  -99.000  -999
OBS: 5999682  54396.043    29.00   0.0000e+00   5.1872e+03   3.9288e+02   0  J  0.00  1   !  -9.99000e+02  -99.000  -99.000  -999
OBS: 5999682  54398.043    31.00   0.0000e+00   4.7743e+03   3.4282e+02   0  J  0.00  1   !  -9.99000e+02  -99.000  -99.000  -999
OBS: 5999682  54400.043    33.00   0.0000e+00   4.4420e+03   3.1435e+02   0  J  0.00  1   !  -9.99000e+02  -99.000  -99.000  -999
OBS: 5999682  54402.043    35.00   0.0000e+00   4.2091e+03   3.3239e+02   0  J  0.00  1   !  -9.99000e+02  -99.000  -99.000  -999
OBS: 5999682  54404.043    37.00   0.0000e+00   3.8966e+03   3.8833e+02   0  J  0.00  1   !  -9.99000e+02  -99.000  -99.000  -999
OBS: 5999682  54406.043    39.00   0.0000e+00   3.3931e+03   4.9464e+02   0  J  0.00  1   !  -9.99000e+02  -99.000  -99.000  -999
OBS: 5999682  54408.043    41.00   0.0000e+00   2.8074e+03   4.6694e+02   0  J  0.00  1   !  -9.99000e+02  -99.000  -99.000  -999
OBS: 5999682  54410.043    43.00   0.0000e+00   2.2715e+03   4.0918e+02   0  J  0.00  1   !  -9.99000e+02  -99.000  -99.000  -999
OBS: 5999682  54412.043    45.00   0.0000e+00   1.9536e+03   4.8489e+02   0  J  0.00  1   !  -9.99000e+02  -99.000  -99.000  -999
OBS: 5999682  54414.043    47.00   0.0000e+00   1.8129e+03   5.4679e+02   0  J  0.00  1   !  -9.99000e+02  -99.000  -99.000  -999
OBS: 5999682  54416.043    49.00   0.0000e+00   1.6485e+03   5.2798e+02   0  J  0.00  1   !  -9.99000e+02  -99.000  -99.000  -999
OBS: 5999682  54418.043    51.00   0.0000e+00   1.4093e+03   5.0569e+02   0  J  0.00  1   !  -9.99000e+02  -99.000  -99.000  -999
OBS: 5999682  54420.043    53.00   0.0000e+00   1.1816e+03   5.8229e+02   0  J  0.00  1   !  -9.99000e+02  -99.000  -99.000  -999
OBS: 5999682  54422.043    55.00   0.0000e+00   1.0224e+03   6.1541e+02   0  J  0.00  1   !  -9.99000e+02  -99.000  -99.000  -999
OBS: 5999682  54424.043    57.00   0.0000e+00   8.9287e+02   5.3743e+02   0  J  0.00  1   !  -9.99000e+02  -99.000  -99.000  -999
OBS: 5999682  54426.043    59.00   0.0000e+00   7.6643e+02   4.6132e+02   0  J  0.00  1   !  -9.99000e+02  -99.000  -99.000  -999
OBS: 5999682  54428.043    61.00   0.0000e+00   6.6280e+02   3.9895e+02   0  J  0.00  1   !  -9.99000e+02  -99.000  -99.000  -999
OBS: 5999682  54430.043    63.00   0.0000e+00   5.1065e+02   3.0737e+02   0  J  0.00  1   !  -9.99000e+02  -99.000  -99.000  -999
OBS: 5999682  54432.043    65.00   0.0000e+00   3.8418e+02   2.3124e+02   0  J  0.00  1   !  -9.99000e+02  -99.000  -99.000  -999
OBS: 5999682  54434.043    67.00   0.0000e+00   3.1881e+02   1.9190e+02   0  J  0.00  1   !  -9.99000e+02  -99.000  -99.000  -999
OBS: 5999682  54436.043    69.00   0.0000e+00   2.7202e+02   1.6373e+02   0  J  0.00  1   !  -9.99000e+02  -99.000  -99.000  -999
OBS: 5999682  54438.043    71.00   0.0000e+00   2.2889e+02   1.3777e+02   0  J  0.00  1   !  -9.99000e+02  -99.000  -99.000  -999
OBS: 5999682  54440.043    73.00   0.0000e+00   1.8810e+02   1.1322e+02   0  J  0.00  1   !  -9.99000e+02  -99.000  -99.000  -999
OBS: 5999682  54442.043    75.00   0.0000e+00   1.5043e+02   9.0544e+01   0  J  0.00  1   !  -9.99000e+02  -99.000  -99.000  -999
OBS: 5999682  54444.043    77.00   0.0000e+00   1.2052e+02   7.2542e+01   0  J  0.00  1   !  -9.99000e+02  -99.000  -99.000  -999
OBS: 5999682  54446.043    79.00   0.0000e+00   9.9741e+01   6.0035e+01   0  J  0.00  1   !  -9.99000e+02  -99.000  -99.000  -999
OBS: 5999682  54448.043    81.00   0.0000e+00   8.2566e+01   4.9698e+01   0  J  0.00  1   !  -9.99000e+02  -99.000  -99.000  -999
OBS: 5999682  54450.043    83.00   0.0000e+00   6.8369e+01   4.1152e+01   0  J  0.00  1   !  -9.99000e+02  -99.000  -99.000  -999
OBS: 5999682  54452.043    85.00   0.0000e+00   5.6593e+01   3.4064e+01   0  J  0.00  1   !  -9.99000e+02  -99.000  -99.000  -999
OBS: 5999682  54454.043    87.00   0.0000e+00   4.6801e+01   2.8170e+01   0  J  0.00  1   !  -9.99000e+02  -99.000  -99.000  -999
OBS: 5999682  54456.043    89.00   0.0000e+00   3.8857e+01   2.3388e+01   0  J  0.00  1   !  -9.99000e+02  -99.000  -99.000  -999
OBS: 5999682  54458.043    91.00   0.0000e+00   3.2328e+01   1.9458e+01   0  J  0.00  1   !  -9.99000e+02  -99.000  -99.000  -999
OBS: 5999682  54460.043    93.00   0.0000e+00   2.6896e+01   1.6189e+01   0  J  0.00  1   !  -9.99000e+02  -99.000  -99.000  -999
OBS: 5999682  54462.043    95.00   0.0000e+00   2.2376e+01   1.3468e+01   0  J  0.00  1   !  -9.99000e+02  -99.000  -99.000  -999
OBS: 5999682  54464.043    97.00   0.0000e+00   1.8616e+01   1.1205e+01   0  J  0.00  1   !  -9.99000e+02  -99.000  -99.000  -999
OBS: 5999682  54466.043    99.00   0.0000e+00   1.5488e+01   9.3225e+00   0  J  0.00  1   !  -9.99000e+02  -99.000  -99.000  -999
OBS: 5999682  54468.043   101.00   0.0000e+00   1.2886e+01   7.7560e+00   0  J  0.00  1   !  -9.99000e+02  -99.000  -99.000  -999
OBS: 5999682  54470.043   103.00   0.0000e+00   1.0720e+01   6.4527e+00   0  J  0.00  1   !  -9.99000e+02  -99.000  -99.000  -999
OBS: 5999682  54472.043   105.00   0.0000e+00   8.9190e+00   5.3685e+00   0  J  0.00  1   !  -9.99000e+02  -99.000  -99.000  -999
OBS: 5999682  54474.043   107.00   0.0000e+00   7.4203e+00   4.4664e+00   0  J  0.00  1   !  -9.99000e+02  -99.000  -99.000  -999
OBS: 5999682  54476.043   109.00   0.0000e+00   6.1735e+00   3.7159e+00   0  J  0.00  1   !  -9.99000e+02  -99.000  -99.000  -999
OBS: 5999682  54478.043   111.00   0.0000e+00   5.1361e+00   3.0915e+00   0  J  0.00  1   !  -9.99000e+02  -99.000  -99.000  -999
OBS: 5999682  54480.043   113.00   0.0000e+00   4.2731e+00   2.5720e+00   0  J  0.00  1   !  -9.99000e+02  -99.000  -99.000  -999
OBS: 5999682  54482.043   115.00   0.0000e+00   3.5551e+00   2.1398e+00   0  J  0.00  1   !  -9.99000e+02  -99.000  -99.000  -999
OBS: 5999682  54484.043   117.00   0.0000e+00   2.9577e+00   1.7803e+00   0  J  0.00  1   !  -9.99000e+02  -99.000  -99.000  -999
OBS: 5999682  54486.043   119.00   0.0000e+00   2.4607e+00   1.4811e+00   0  J  0.00  1   !  -9.99000e+02  -99.000  -99.000  -999
OBS: 5999682  54488.043   121.00   0.0000e+00   2.0472e+00   1.2322e+00   0  J  0.00  1   !  -9.99000e+02  -99.000  -99.000  -999
OBS: 5999682  54490.043   123.00   0.0000e+00   1.7032e+00   1.0252e+00   0  J  0.00  1   !  -9.99000e+02  -99.000  -99.000  -999
OBS: 5999682  54492.043   125.00   0.0000e+00   1.4170e+00   8.5292e-01   0  J  0.00  1   !  -9.99000e+02  -99.000  -99.000  -999
OBS: 5999682  54494.043   127.00   0.0000e+00   1.1789e+00   7.0961e-01   0  J  0.00  1   !  -9.99000e+02  -99.000  -99.000  -999
OBS: 5999682  54496.043   129.00   0.0000e+00   9.8082e-01   5.9037e-01   0  J  0.00  1   !  -9.99000e+02  -99.000  -99.000  -999
OBS: 5999682  54498.043   131.00   0.0000e+00   8.1601e-01   4.9117e-01   0  J  0.00  1   !  -9.99000e+02  -99.000  -99.000  -999
OBS: 5999682  54500.043   133.00   0.0000e+00   6.7890e-01   4.0863e-01   0  J  0.00  1   !  -9.99000e+02  -99.000  -99.000  -999
OBS: 5999682  54502.043   135.00   0.0000e+00   5.6482e-01   3.3997e-01   0  J  0.00  1   !  -9.99000e+02  -99.000  -99.000  -999
OBS: 5999682  54504.043   137.00   0.0000e+00   4.6991e-01   2.8284e-01   0  J  0.00  1   !  -9.99000e+02  -99.000  -99.000  -999
OBS: 5999682  54506.043   139.00   0.0000e+00   3.9095e-01   2.3532e-01   0  J  0.00  1   !  -9.99000e+02  -99.000  -99.000  -999
OBS: 5999682  54377.789    10.75   6.5665e+03   6.7821e+03   1.9660e+02   1  Y  0.81  1   Y  9.46296e+17  -0.196  -1.521  1.00000e+11
OBS: 5999682  54377.801    10.76   6.5668e+03   6.7175e+03   2.0369e+02   1  Y  0.51  1   Y  9.37343e+17  -0.196  -1.520  1.00000e+11
OBS: 5999682  54386.828    19.79   1.0232e+04   1.0121e+04   3.5903e+02   1  Y  0.02  1   Y  1.42123e+18  -0.189  -0.846  1.00000e+11
OBS: 5999682  54386.859    19.82   1.0251e+04   1.0040e+04   1.7391e+02   1  Y  0.01  1   Y  1.41025e+18  -0.189  -0.843  1.00000e+11
OBS: 5999682  54396.730    29.69   1.3505e+04   1.3715e+04   1.7065e+02   1  Y  1.31  1   Y  2.04862e+18  -0.122  -0.432  1.00000e+11
OBS: 5999682  54396.762    29.72   1.3499e+04   1.3584e+04   1.9919e+02   1  Y  0.61  1   Y  2.02932e+18  -0.122  -0.432  1.00000e+11
OBS: 5999682  54399.781    32.74   1.2552e+04   1.2275e+04   1.9271e+02   1  Y  0.04  1   Y  1.87382e+18  -0.099  -0.406  1.00000e+11
OBS: 5999682  54399.809    32.77   1.2540e+04   1.2406e+04   2.1560e+02   1  Y  0.03  1   Y  1.89433e+18  -0.098  -0.406  1.00000e+11
OBS: 5999682  54308.043   -59.00   0.0000e+00   0.0000e+00   0.0000e+00   0  Y  0.00  1   !  -9.99000e+02  -99.000  -99.000  -999
OBS: 5999682  54310.043   -57.00   0.0000e+00   0.0000e+00   0.0000e+00   0  Y  0.00  1   !  -9.99000e+02  -99.000  -99.000  -999
OBS: 5999682  54312.043   -55.00   0.0000e+00   0.0000e+00   0.0000e+00   0  Y  0.00  1   !  -9.99000e+02  -99.000  -99.000  -999
OBS: 5999682  54314.043   -53.00   0.0000e+00   0.0000e+00   0.0000e+00   0  Y  0.00  1   !  -9.99000e+02  -99.000  -99.000  -999
OBS: 5999682  54316.043   -51.00   0.0000e+00   0.0000e+00   0.0000e+00   0  Y  0.00  1   !  -9.99000e+02  -99.000  -99.000  -999
OBS: 5999682  54318.043   -49.00   0.0000e+00   0.0000e+00   0.0000e+00   0  Y  0.00  1   !  -9.99000e+02  -99.000  -99.000  -999
OBS: 5999682  54320.043   -47.00   0.0000e+00   0.0000e+00   0.0000e+00   0  Y  0.00  1   !  -9.99000e+02  -99.000  -99.000  -999
OBS: 5999682  54322.043   -45.00   0.0000e+00   0.0000e+00   0.0000e+00   0  Y  0.00  1   !  -9.99000e+02  -99.000  -99.000  -999
OBS: 5999682  54324.043   -43.00   0.0000e+00   0.0000e+00   0.0000e+00   0  Y  0.00  1   !  -9.99000e+02  -99.000  -99.000  -999
OBS: 5999682  54326.043   -41.00   0.0000e+00   0.0000e+00   0.0000e+00   0  Y  0.00  1   !  -9.99000e+02  -99.000  -99.000  -999
OBS: 5999682  54328.043   -39.00   0.0000e+00   0.0000e+00   0.0000e+00   0  Y  0.00  1   !  -9.99000e+02  -99.000  -99.000  -999
OBS: 5999682  54330.043   -37.00   0.0000e+00   0.0000e+00   0.0000e+00   0  Y  0.00  1   !  -9.99000e+02  -99.000  -99.000  -999
OBS: 5999682  54332.043   -35.00   0.0000e+00   0.0000e+00   0.0000e+00   0  Y  0.00  1   !  -9.99000e+02  -99.000  -99.000  -999
OBS: 5999682  54334.043   -33.00   0.0000e+00   0.0000e+00   0.0000e+00   0  Y  0.00  1   !  -9.99000e+02  -99.000  -99.000  -999
OBS: 5999682  54336.043   -31.00   0.0000e+00   0.0000e+00   0.0000e+00   0  Y  0.00  1   !  -9.99000e+02  -99.000  -99.000  -999
OBS: 5999682  54338.043   -29.00   0.0000e+00   0.0000e+00   0.0000e+00   0  Y  0.00  1   !  -9.99000e+02  -99.000  -99.000  -999
OBS: 5999682  54340.043   -27.00   0.0000e+00   0.0000e+00   0.0000e+00   0  Y  0.00  1   !  -9.99000e+02  -99.000  -99.000  -999
OBS: 5999682  54342.043   -25.00   0.0000e+00   0.0000e+00   0.0000e+00   0  Y  0.00  1   !  -9.99000e+02  -99.000  -99.000  -999
OBS: 5999682  54344.043   -23.00   0.0000e+00   0.0000e+00   0.0000e+00   0  Y  0.00  1   !  -9.99000e+02  -99.000  -99.000  -999
OBS: 5999682  54346.043   -21.00   0.0000e+00   0.0000e+00   0.0000e+00   0  Y  0.00  1   !  -9.99000e+02  -99.000  -99.000  -999
OBS: 5999682  54348.043   -19.00   0.0000e+00   4.6564e+02   2.8028e+02   0  Y  0.00  1   !  -9.99000e+02  -99.000  -99.000  -999
OBS: 5999682  54350.043   -17.00   0.0000e+00   4.5113e+02   2.7154e+02   0  Y  0.00  1   !  -9.99000e+02  -99.000  -99.000  -999
OBS: 5999682  54352.043   -15.00   0.0000e+00   8.2478e+02   4.3671e+02   0  Y  0.00  1   !  -9.99000e+02  -99.000  -99.000  -999
OBS: 5999682  54354.043   -13.00   0.0000e+00   4.0536e+03   6.6702e+02   0  Y  0.00  1   !  -9.99000e+02  -99.000  -99.000  -999
OBS: 5999682  54356.043   -11.00   0.0000e+00   7.4182e+03   4.1332e+02   0  Y  0.00  1   !  -9.99000e+02  -99.000  -99.000  -999
OBS: 5999682  54358.043    -9.00   0.0000e+00   1.0678e+04   3.3154e+02   0  Y  0.00  1   !  -9.99000e+02  -99.000  -99.000  -999
OBS: 5999682  54360.043    -7.00   0.0000e+00   1.3403e+04   3.1022e+02   0  Y  0.00  1   !  -9.99000e+02  -99.000  -99.000  -999
OBS: 5999682  54362.043    -5.00   0.0000e+00   1.4667e+04   2.8719e+02   0  Y  0.00  1   !  -9.99000e+02  -99.000  -99.000  -999
OBS: 5999682  54364.043    -3.00   0.0000e+00   1.4292e+04   3.0498e+02   0  Y  0.00  1   !  -9.99000e+02  -99.000  -99.000  -999
OBS: 5999682  54366.043    -1.00   0.0000e+00   1.2420e+04   3.1538e+02   0  Y  0.00  1   !  -9.99000e+02  -99.000  -99.000  -999
OBS: 5999682  54368.043     1.00   0.0000e+00   1.0370e+04   3.0583e+02   0  Y  0.00  1   !  -9.99000e+02  -99.000  -99.000  -999
OBS: 5999682  54370.043     3.00   0.0000e+00   8.8000e+03   3.1698e+02   0  Y  0.00  1   !  -9.99000e+02  -99.000  -99.000  -999
OBS: 5999682  54372.043     5.00   0.0000e+00   7.5379e+03   3.3451e+02   0  Y  0.00  1   !  -9.99000e+02  -99.000  -99.000  -999
OBS: 5999682  54374.043     7.00   0.0000e+00   6.7451e+03   3.2505e+02   0  Y  0.00  1   !  -9.99000e+02  -99.000  -99.000  -999
OBS: 5999682  54376.043     9.00   0.0000e+00   6.4633e+03   3.0838e+02   0  Y  0.00  1   !  -9.99000e+02  -99.000  -99.000  -999
OBS: 5999682  54378.043    11.00   0.0000e+00   6.4643e+03   3.0501e+02   0  Y  0.00  1   !  -9.99000e+02  -99.000  -99.000  -999
OBS: 5999682  54380.043    13.00   0.0000e+00   6.7639e+03   3.1199e+02   0  Y  0.00  1   !  -9.99000e+02  -99.000  -99.000  -999
OBS: 5999682  54382.043    15.00   0.0000e+00   7.3508e+03   3.0599e+02   0  Y  0.00  1   !  -9.99000e+02  -99.000  -99.000  -999
OBS: 5999682  54384.043    17.00   0.0000e+00   8.2940e+03   3.0385e+02   0  Y  0.00  1   !  -9.99000e+02  -99.000  -99.000  -999
OBS: 5999682  54386.043    19.00   0.0000e+00   9.5140e+03   3.1472e+02   0  Y  0.00  1   !  -9.99000e+02  -99.000  -99.000  -999
OBS: 5999682  54388.043    21.00   0.0000e+00   1.0818e+04   3.2548e+02   0  Y  0.00  1   !  -9.99000e+02  -99.000  -99.000  -999
OBS: 5999682  54390.043    23.00   0.0000e+00   1.1874e+04   3.5261e+02   0  Y  0.00  1   !  -9.99000e+02  -99.000  -99.000  -999
OBS: 5999682  54392.043    25.00   0.0000e+00   1.2865e+04   3.7605e+02   0  Y  0.00  1   !  -9.99000e+02  -99.000  -99.000  -999
OBS: 5999682  54394.043    27.00   0.0000e+00   1.3480e+04   3.5053e+02   0  Y  0.00  1   !  -9.99000e+02  -99.000  -99.000  -999
OBS: 5999682  54396.043    29.00   0.0000e+00   1.3407e+04   3.3960e+02   0  Y  0.00  1   !  -9.99000e+02  -99.000  -99.000  -999
OBS: 5999682  54398.043    31.00   0.0000e+00   1.2971e+04   3.2986e+02   0  Y  0.00  1   !  -9.99000e+02  -99.000  -99.000  -999
OBS: 5999682  54400.043    33.00   0.0000e+00   1.2246e+04   3.4147e+02   0  Y  0.00  1   !  -9.99000e+02  -99.000  -99.000  -999
OBS: 5999682  54402.043    35.00   0.0000e+00   1.1305e+04   3.4319e+02   0  Y  0.00  1   !  -9.99000e+02  -99.000  -99.000  -999
OBS: 5999682  54404.043    37.00   0.0000e+00   1.0307e+04   3.5080e+02   0  Y  0.00  1   !  -9.99000e+02  -99.000  -99.000  -999
OBS: 5999682  54406.043    39.00   0.0000e+00   9.2576e+03   3.6836e+02   0  Y  0.00  1   !  -9.99000e+02  -99.000  -99.000  -999
OBS: 5999682  54408.043    41.00   0.0000e+00   8.0810e+03   3.9554e+02   0  Y  0.00  1   !  -9.99000e+02  -99.000  -99.000  -999
OBS: 5999682  54410.043    43.00   0.0000e+00   6.9604e+03   4.5463e+02   0  Y  0.00  1   !  -9.99000e+02  -99.000  -99.000  -999
OBS: 5999682  54412.043    45.00   0.0000e+00   6.0482e+03   5.1924e+02   0  Y  0.00  1   !  -9.99000e+02  -99.000  -99.000  -999
OBS: 5999682  54414.043    47.00   0.0000e+00   5.3472e+03   5.3489e+02   0  Y  0.00  1   !  -9.99000e+02  -99.000  -99.000  -999
OBS: 5999682  54416.043    49.00   0.0000e+00   4.7857e+03   5.0059e+02   0  Y  0.00  1   !  -9.99000e+02  -99.000  -99.000  -999
OBS: 5999682  54418.043    51.00   0.0000e+00   4.3093e+03   4.6974e+02   0  Y  0.00  1   !  -9.99000e+02  -99.000  -99.000  -999
OBS: 5999682  54420.043    53.00   0.0000e+00   3.8884e+03   2.3405e+03   0  Y  0.00  1   !  -9.99000e+02  -99.000  -99.000  -999
OBS: 5999682  54422.043    55.00   0.0000e+00   3.5388e+03   2.1300e+03   0  Y  0.00  1   !  -9.99000e+02  -99.000  -99.000  -999
OBS: 5999682  54424.043    57.00   0.0000e+00   3.2822e+03   1.9756e+03   0  Y  0.00  1   !  -9.99000e+02  -99.000  -99.000  -999
OBS: 5999682  54426.043    59.00   0.0000e+00   3.0233e+03   1.8197e+03   0  Y  0.00  1   !  -9.99000e+02  -99.000  -99.000  -999
OBS: 5999682  54428.043    61.00   0.0000e+00   2.7624e+03   1.6627e+03   0  Y  0.00  1   !  -9.99000e+02  -99.000  -99.000  -999
OBS: 5999682  54430.043    63.00   0.0000e+00   2.3261e+03   1.4001e+03   0  Y  0.00  1   !  -9.99000e+02  -99.000  -99.000  -999
OBS: 5999682  54432.043    65.00   0.0000e+00   1.8678e+03   1.1242e+03   0  Y  0.00  1   !  -9.99000e+02  -99.000  -99.000  -999
OBS: 5999682  54434.043    67.00   0.0000e+00   1.5540e+03   9.3537e+02   0  Y  0.00  1   !  -9.99000e+02  -99.000  -99.000  -999
OBS: 5999682  54436.043    69.00   0.0000e+00   1.3496e+03   8.1233e+02   0  Y  0.00  1   !  -9.99000e+02  -99.000  -99.000  -999
OBS: 5999682  54438.043    71.00   0.0000e+00   1.2156e+03   7.3171e+02   0  Y  0.00  1   !  -9.99000e+02  -99.000  -99.000  -999
OBS: 5999682  54440.043    73.00   0.0000e+00   1.1203e+03   6.7433e+02   0  Y  0.00  1   !  -9.99000e+02  -99.000  -99.000  -999
OBS: 5999682  54442.043    75.00   0.0000e+00   1.0390e+03   6.2537e+02   0  Y  0.00  1   !  -9.99000e+02  -99.000  -99.000  -999
OBS: 5999682  54444.043    77.00   0.0000e+00   9.6023e+02   5.7797e+02   0  Y  0.00  1   !  -9.99000e+02  -99.000  -99.000  -999
OBS: 5999682  54446.043    79.00   0.0000e+00   8.7438e+02   5.2630e+02   0  Y  0.00  1   !  -9.99000e+02  -99.000  -99.000  -999
OBS: 5999682  54448.043    81.00   0.0000e+00   7.9719e+02   4.7984e+02   0  Y  0.00  1   !  -9.99000e+02  -99.000  -99.000  -999
OBS: 5999682  54450.043    83.00   0.0000e+00   7.2795e+02   4.3816e+02   0  Y  0.00  1   !  -9.99000e+02  -99.000  -99.000  -999
OBS: 5999682  54452.043    85.00   0.0000e+00   6.6616e+02   4.0097e+02   0  Y  0.00  1   !  -9.99000e+02  -99.000  -99.000  -999
OBS: 5999682  54454.043    87.00   0.0000e+00   6.1144e+02   3.6803e+02   0  Y  0.00  1   !  -9.99000e+02  -99.000  -99.000  -999
OBS: 5999682  54456.043    89.00   0.0000e+00   5.5645e+02   3.3493e+02   0  Y  0.00  1   !  -9.99000e+02  -99.000  -99.000  -999
OBS: 5999682  54458.043    91.00   0.0000e+00   5.0404e+02   3.0339e+02   0  Y  0.00  1   !  -9.99000e+02  -99.000  -99.000  -999
OBS: 5999682  54460.043    93.00   0.0000e+00   4.5656e+02   2.7481e+02   0  Y  0.00  1   !  -9.99000e+02  -99.000  -99.000  -999
OBS: 5999682  54462.043    95.00   0.0000e+00   4.1355e+02   2.4892e+02   0  Y  0.00  1   !  -9.99000e+02  -99.000  -99.000  -999
OBS: 5999682  54464.043    97.00   0.0000e+00   3.7458e+02   2.2547e+02   0  Y  0.00  1   !  -9.99000e+02  -99.000  -99.000  -999
OBS: 5999682  54466.043    99.00   0.0000e+00   3.3929e+02   2.0422e+02   0  Y  0.00  1   !  -9.99000e+02  -99.000  -99.000  -999
OBS: 5999682  54468.043   101.00   0.0000e+00   3.0732e+02   1.8498e+02   0  Y  0.00  1   !  -9.99000e+02  -99.000  -99.000  -999
OBS: 5999682  54470.043   103.00   0.0000e+00   2.7835e+02   1.6754e+02   0  Y  0.00  1   !  -9.99000e+02  -99.000  -99.000  -999
OBS: 5999682  54472.043   105.00   0.0000e+00   2.5212e+02   1.5175e+02   0  Y  0.00  1   !  -9.99000e+02  -99.000  -99.000  -999
OBS: 5999682  54474.043   107.00   0.0000e+00   2.2837e+02   1.3746e+02   0  Y  0.00  1   !  -9.99000e+02  -99.000  -99.000  -999
OBS: 5999682  54476.043   109.00   0.0000e+00   2.0685e+02   1.2451e+02   0  Y  0.00  1   !  -9.99000e+02  -99.000  -99.000  -999
OBS: 5999682  54478.043   111.00   0.0000e+00   1.8735e+02   1.1277e+02   0  Y  0.00  1   !  -9.99000e+02  -99.000  -99.000  -999
OBS: 5999682  54480.043   113.00   0.0000e+00   1.6969e+02   1.0214e+02   0  Y  0.00  1   !  -9.99000e+02  -99.000  -99.000  -999
OBS: 5999682  54482.043   115.00   0.0000e+00   1.5369e+02   9.2510e+01   0  Y  0.00  1   !  -9.99000e+02  -99.000  -99.000  -999
OBS: 5999682  54484.043   117.00   0.0000e+00   1.3920e+02   8.3787e+01   0  Y  0.00  1   !  -9.99000e+02  -99.000  -99.000  -999
OBS: 5999682  54486.043   119.00   0.0000e+00   1.2608e+02   7.5886e+01   0  Y  0.00  1   !  -9.99000e+02  -99.000  -99.000  -999
OBS: 5999682  54488.043   121.00   0.0000e+00   1.1419e+02   6.8730e+01   0  Y  0.00  1   !  -9.99000e+02  -99.000  -99.000  -999
OBS: 5999682  54490.043   123.00   0.0000e+00   1.0342e+02   6.2248e+01   0  Y  0.00  1   !  -9.99000e+02  -99.000  -99.000  -999
OBS: 5999682  54492.043   125.00   0.0000e+00   9.3674e+01   5.6383e+01   0  Y  0.00  1   !  -9.99000e+02  -99.000  -99.000  -999
OBS: 5999682  54494.043   127.00   0.0000e+00   8.4845e+01   5.1069e+01   0  Y  0.00  1   !  -9.99000e+02  -99.000  -99.000  -999
OBS: 5999682  54496.043   129.00   0.0000e+00   7.6842e+01   4.6252e+01   0  Y  0.00  1   !  -9.99000e+02  -99.000  -99.000  -999
OBS: 5999682  54498.043   131.00   0.0000e+00   6.9593e+01   4.1889e+01   0  Y  0.00  1   !  -9.99000e+02  -99.000  -99.000  -999
OBS: 5999682  54500.043   133.00   0.0000e+00   6.3028e+01   3.7937e+01   0  Y  0.00  1   !  -9.99000e+02  -99.000  -99.000  -999
OBS: 5999682  54502.043   135.00   0.0000e+00   5.7081e+01   3.4358e+01   0  Y  0.00  1   !  -9.99000e+02  -99.000  -99.000  -999
OBS: 5999682  54504.043   137.00   0.0000e+00   5.1696e+01   3.1116e+01   0  Y  0.00  1   !  -9.99000e+02  -99.000  -99.000  -999
OBS: 5999682  54506.043   139.00   0.0000e+00   4.6818e+01   2.8180e+01   0  Y  0.00  1   !  -9.99000e+02  -99.000  -99.000  -999
OBS: 5999682  54363.840    -3.20   1.4196e+04   1.4075e+04   1.7303e+02   1  y  0.13  1   Y  2.16391e+18  -0.091  -0.314  1.00000e+11
OBS: 5999682  54363.840    -3.20   1.4196e+04   1.4050e+04   2.4673e+02   1  y  0.07  1   Y  2.16007e+18  -0.091  -0.314  1.00000e+11
OBS: 5999682  54365.898    -1.14   1.2352e+04   1.2215e+04   1.0332e+02   1  y  0.05  1   Y  1.90515e+18  -0.075  -0.233  1.00000e+11
OBS: 5999682  54422.801    55.76   3.6397e+03   3.5967e+03   8.1793e+01  -1  y  0.00  1   !  -9.99000e+02  -99.000  -99.000  -999
OBS: 5999682  54422.828    55.79   3.6355e+03   3.7416e+03   9.0019e+01  -1  y  0.01  1   !  -9.99000e+02  -99.000  -99.000  -999
OBS: 5999682  54425.711    58.67   3.2361e+03   3.2478e+03   6.6800e+01  -1  y  0.00  1   !  -9.99000e+02  -99.000  -99.000  -999
OBS: 5999682  54425.719    58.68   3.2347e+03   3.2739e+03   7.3956e+01  -1  y  0.00  1   !  -9.99000e+02  -99.000  -99.000  -999
OBS: 5999682  54308.043   -59.00   0.0000e+00   0.0000e+00   0.0000e+00   0  y  0.00  1   !  -9.99000e+02  -99.000  -99.000  -999
OBS: 5999682  54310.043   -57.00   0.0000e+00   0.0000e+00   0.0000e+00   0  y  0.00  1   !  -9.99000e+02  -99.000  -99.000  -999
OBS: 5999682  54312.043   -55.00   0.0000e+00   0.0000e+00   0.0000e+00   0  y  0.00  1   !  -9.99000e+02  -99.000  -99.000  -999
OBS: 5999682  54314.043   -53.00   0.0000e+00   0.0000e+00   0.0000e+00   0  y  0.00  1   !  -9.99000e+02  -99.000  -99.000  -999
OBS: 5999682  54316.043   -51.00   0.0000e+00   0.0000e+00   0.0000e+00   0  y  0.00  1   !  -9.99000e+02  -99.000  -99.000  -999
OBS: 5999682  54318.043   -49.00   0.0000e+00   0.0000e+00   0.0000e+00   0  y  0.00  1   !  -9.99000e+02  -99.000  -99.000  -999
OBS: 5999682  54320.043   -47.00   0.0000e+00   0.0000e+00   0.0000e+00   0  y  0.00  1   !  -9.99000e+02  -99.000  -99.000  -999
OBS: 5999682  54322.043   -45.00   0.0000e+00   0.0000e+00   0.0000e+00   0  y  0.00  1   !  -9.99000e+02  -99.000  -99.000  -999
OBS: 5999682  54324.043   -43.00   0.0000e+00   0.0000e+00   0.0000e+00   0  y  0.00  1   !  -9.99000e+02  -99.000  -99.000  -999
OBS: 5999682  54326.043   -41.00   0.0000e+00   0.0000e+00   0.0000e+00   0  y  0.00  1   !  -9.99000e+02  -99.000  -99.000  -999
OBS: 5999682  54328.043   -39.00   0.0000e+00   0.0000e+00   0.0000e+00   0  y  0.00  1   !  -9.99000e+02  -99.000  -99.000  -999
OBS: 5999682  54330.043   -37.00   0.0000e+00   0.0000e+00   0.0000e+00   0  y  0.00  1   !  -9.99000e+02  -99.000  -99.000  -999
OBS: 5999682  54332.043   -35.00   0.0000e+00   0.0000e+00   0.0000e+00   0  y  0.00  1   !  -9.99000e+02  -99.000  -99.000  -999
OBS: 5999682  54334.043   -33.00   0.0000e+00   0.0000e+00   0.0000e+00   0  y  0.00  1   !  -9.99000e+02  -99.000  -99.000  -999
OBS: 5999682  54336.043   -31.00   0.0000e+00   0.0000e+00   0.0000e+00   0  y  0.00  1   !  -9.99000e+02  -99.000  -99.000  -999
OBS: 5999682  54338.043   -29.00   0.0000e+00   0.0000e+00   0.0000e+00   0  y  0.00  1   !  -9.99000e+02  -99.000  -99.000  -999
OBS: 5999682  54340.043   -27.00   0.0000e+00   0.0000e+00   0.0000e+00   0  y  0.00  1   !  -9.99000e+02  -99.000  -99.000  -999
OBS: 5999682  54342.043   -25.00   0.0000e+00   0.0000e+00   0.0000e+00   0  y  0.00  1   !  -9.99000e+02  -99.000  -99.000  -999
OBS: 5999682  54344.043   -23.00   0.0000e+00   0.0000e+00   0.0000e+00   0  y  0.00  1   !  -9.99000e+02  -99.000  -99.000  -999
OBS: 5999682  54346.043   -21.00   0.0000e+00   0.0000e+00   0.0000e+00   0  y  0.00  1   !  -9.99000e+02  -99.000  -99.000  -999
OBS: 5999682  54348.043   -19.00   0.0000e+00   5.0351e+02   3.0307e+02   0  y  0.00  1   !  -9.99000e+02  -99.000  -99.000  -999
OBS: 5999682  54350.043   -17.00   0.0000e+00   4.9109e+02   2.9559e+02   0  y  0.00  1   !  -9.99000e+02  -99.000  -99.000  -999
OBS: 5999682  54352.043   -15.00   0.0000e+00   9.0801e+02   4.8078e+02   0  y  0.00  1   !  -9.99000e+02  -99.000  -99.000  -999
OBS: 5999682  54354.043   -13.00   0.0000e+00   4.1219e+03   6.7826e+02   0  y  0.00  1   !  -9.99000e+02  -99.000  -99.000  -999
OBS: 5999682  54356.043   -11.00   0.0000e+00   7.4551e+03   4.1538e+02   0  y  0.00  1   !  -9.99000e+02  -99.000  -99.000  -999
OBS: 5999682  54358.043    -9.00   0.0000e+00   1.0685e+04   3.3175e+02   0  y  0.00  1   !  -9.99000e+02  -99.000  -99.000  -999
OBS: 5999682  54360.043    -7.00   0.0000e+00   1.3241e+04   3.0648e+02   0  y  0.00  1   !  -9.99000e+02  -99.000  -99.000  -999
OBS: 5999682  54362.043    -5.00   0.0000e+00   1.4338e+04   2.8076e+02   0  y  0.00  1   !  -9.99000e+02  -99.000  -99.000  -999
OBS: 5999682  54364.043    -3.00   0.0000e+00   1.3833e+04   2.9519e+02   0  y  0.00  1   !  -9.99000e+02  -99.000  -99.000  -999
OBS: 5999682  54366.043    -1.00   0.0000e+00   1.1994e+04   3.0455e+02   0  y  0.00  1   !  -9.99000e+02  -99.000  -99.000  -999
OBS: 5999682  54368.043     1.00   0.0000e+00   9.9454e+03   2.9331e+02   0  y  0.00  1   !  -9.99000e+02  -99.000  -99.000  -999
OBS: 5999682  54370.043     3.00   0.0000e+00   8.2698e+03   2.9788e+02   0  y  0.00  1   !  -9.99000e+02  -99.000  -99.000  -999
OBS: 5999682  54372.043     5.00   0.0000e+00   7.0070e+03   3.1095e+02   0  y  0.00  1   !  -9.99000e+02  -99.000  -99.000  -999
OBS: 5999682  54374.043     7.00   0.0000e+00   6.3194e+03   3.0454e+02   0  y  0.00  1   !  -9.99000e+02  -99.000  -99.000  -999
OBS: 5999682  54376.043     9.00   0.0000e+00   6.1662e+03   2.9420e+02   0  y  0.00  1   !  -9.99000e+02  -99.000  -99.000  -999
OBS: 5999682  54378.043    11.00   0.0000e+00   6.2932e+03   2.9694e+02   0  y  0.00  1   !  -9.99000e+02  -99.000  -99.000  -999
OBS: 5999682  54380.043    13.00   0.0000e+00   6.6398e+03   3.0627e+02   0  y  0.00  1   !  -9.99000e+02  -99.000  -99.000  -999
OBS: 5999682  54382.043    15.00   0.0000e+00   7.2071e+03   3.0001e+02   0  y  0.00  1   !  -9.99000e+02  -99.000  -99.000  -999
OBS: 5999682  54384.043    17.00   0.0000e+00   8.1257e+03   2.9768e+02   0  y  0.00  1   !  -9.99000e+02  -99.000  -99.000  -999
OBS: 5999682  54386.043    19.00   0.0000e+00   9.3804e+03   3.1030e+02   0  y  0.00  1   !  -9.99000e+02  -99.000  -99.000  -999
OBS: 5999682  54388.043    21.00   0.0000e+00   1.0772e+04   3.2410e+02   0  y  0.00  1   !  -9.99000e+02  -99.000  -99.000  -999
OBS: 5999682  54390.043    23.00   0.0000e+00   1.1932e+04   3.5433e+02   0  y  0.00  1   !  -9.99000e+02  -99.000  -99.000  -999
OBS: 5999682  54392.043    25.00   0.0000e+00   1.2896e+04   3.7693e+02   0  y  0.00  1   !  -9.99000e+02  -99.000  -99.000  -999
OBS: 5999682  54394.043    27.00   0.0000e+00   1.3445e+04   3.4962e+02   0  y  0.00  1   !  -9.99000e+02  -99.000  -99.000  -999
OBS: 5999682  54396.043    29.00   0.0000e+00   1.3442e+04   3.4050e+02   0  y  0.00  1   !  -9.99000e+02  -99.000  -99.000  -999
OBS: 5999682  54398.043    31.00   0.0000e+00   1.3124e+04   3.3375e+02   0  y  0.00  1   !  -9.99000e+02  -99.000  -99.000  -999
OBS: 5999682  54400.043    33.00   0.0000e+00   1.2488e+04   3.4821e+02   0  y  0.00  1   !  -9.99000e+02  -99.000  -99.000  -999
OBS: 5999682  54402.043    35.00   0.0000e+00   1.1590e+04   3.5184e+02   0  y  0.00  1   !  -9.99000e+02  -99.000  -99.000  -999
OBS: 5999682  54404.043    37.00   0.0000e+00   1.0591e+04   3.6044e+02   0  y  0.00  1   !  -9.99000e+02  -99.000  -99.000  -999
OBS: 5999682  54406.043    39.00   0.0000e+00   9.5140e+03   3.7856e+02   0  y  0.00  1   !  -9.99000e+02  -99.000  -99.000  -999
OBS: 5999682  54408.043    41.00   0.0000e+00   8.3122e+03   4.0685e+02   0  y  0.00  1   !  -9.99000e+02  -99.000  -99.000  -999
OBS: 5999682  54410.043    43.00   0.0000e+00   7.1677e+03   4.6817e+02   0  y  0.00  1   !  -9.99000e+02  -99.000  -99.000  -999
OBS: 5999682  54412.043    45.00   0.0000e+00   6.2099e+03   5.3312e+02   0  y  0.00  1   !  -9.99000e+02  -99.000  -99.000  -999
OBS: 5999682  54414.043    47.00   0.0000e+00   5.4518e+03   5.4535e+02   0  y  0.00  1   !  -9.99000e+02  -99.000  -99.000  -999
OBS: 5999682  54416.043    49.00   0.0000e+00   4.8693e+03   5.0934e+02   0  y  0.00  1   !  -9.99000e+02  -99.000  -99.000  -999
OBS: 5999682  54418.043    51.00   0.0000e+00   4.4135e+03   4.8110e+02   0  y  0.00  1   !  -9.99000e+02  -99.000  -99.000  -999
OBS: 5999682  54420.043    53.00   0.0000e+00   4.0252e+03   2.4228e+03   0  y  0.00  1   !  -9.99000e+02  -99.000  -99.000  -999
OBS: 5999682  54422.043    55.00   0.0000e+00   3.6862e+03   2.2188e+03   0  y  0.00  1   !  -9.99000e+02  -99.000  -99.000  -999
OBS: 5999682  54424.043    57.00   0.0000e+00   3.4125e+03   2.0540e+03   0  y  0.00  1   !  -9.99000e+02  -99.000  -99.000  -999
OBS: 5999682  54426.043    59.00   0.0000e+00   3.1375e+03   1.8885e+03   0  y  0.00  1   !  -9.99000e+02  -99.000  -99.000  -999
OBS: 5999682  54428.043    61.00   0.0000e+00   2.8517e+03   1.7165e+03   0  y  0.00  1   !  -9.99000e+02  -99.000  -99.000  -999
OBS: 5999682  54430.043    63.00   0.0000e+00   2.3931e+03   1.4405e+03   0  y  0.00  1   !  -9.99000e+02  -99.000  -99.000  -999
OBS: 5999682  54432.043    65.00   0.0000e+00   1.9194e+03   1.1553e+03   0  y  0.00  1   !  -9.99000e+02  -99.000  -99.000  -999
OBS: 5999682  54434.043    67.00   0.0000e+00   1.5897e+03   9.5687e+02   0  y  0.00  1   !  -9.99000e+02  -99.000  -99.000  -999
OBS: 5999682  54436.043    69.00   0.0000e+00   1.3791e+03   8.3007e+02   0  y  0.00  1   !  -9.99000e+02  -99.000  -99.000  -999
OBS: 5999682  54438.043    71.00   0.0000e+00   1.2459e+03   7.4990e+02   0  y  0.00  1   !  -9.99000e+02  -99.000  -99.000  -999
OBS: 5999682  54440.043    73.00   0.0000e+00   1.1538e+03   6.9451e+02   0  y  0.00  1   !  -9.99000e+02  -99.000  -99.000  -999
OBS: 5999682  54442.043    75.00   0.0000e+00   1.0660e+03   6.4161e+02   0  y  0.00  1   !  -9.99000e+02  -99.000  -99.000  -999
OBS: 5999682  54444.043    77.00   0.0000e+00   9.7976e+02   5.8973e+02   0  y  0.00  1   !  -9.99000e+02  -99.000  -99.000  -999
OBS: 5999682  54446.043    79.00   0.0000e+00   8.9083e+02   5.3620e+02   0  y  0.00  1   !  -9.99000e+02  -99.000  -99.000  -999
OBS: 5999682  54448.043    81.00   0.0000e+00   8.1065e+02   4.8794e+02   0  y  0.00  1   !  -9.99000e+02  -99.000  -99.000  -999
OBS: 5999682  54450.043    83.00   0.0000e+00   7.3852e+02   4.4452e+02   0  y  0.00  1   !  -9.99000e+02  -99.000  -99.000  -999
OBS: 5999682  54452.043    85.00   0.0000e+00   6.7380e+02   4.0557e+02   0  y  0.00  1   !  -9.99000e+02  -99.000  -99.000  -999
OBS: 5999682  54454.043    87.00   0.0000e+00   6.1603e+02   3.7080e+02   0  y  0.00  1   !  -9.99000e+02  -99.000  -99.000  -999
OBS: 5999682  54456.043    89.00   0.0000e+00   5.6003e+02   3.3709e+02   0  y  0.00  1   !  -9.99000e+02  -99.000  -99.000  -999
OBS: 5999682  54458.043    91.00   0.0000e+00   5.0753e+02   3.0549e+02   0  y  0.00  1   !  -9.99000e+02  -99.000  -99.000  -999
OBS: 5999682  54460.043    93.00   0.0000e+00   4.5996e+02   2.7685e+02   0  y  0.00  1   !  -9.99000e+02  -99.000  -99.000  -999
OBS: 5999682  54462.043    95.00   0.0000e+00   4.1684e+02   2.5090e+02   0  y  0.00  1   !  -9.99000e+02  -99.000  -99.000  -999
OBS: 5999682  54464.043    97.00   0.0000e+00   3.7776e+02   2.2738e+02   0  y  0.00  1   !  -9.99000e+02  -99.000  -99.000  -999
OBS: 5999682  54466.043    99.00   0.0000e+00   3.4235e+02   2.0606e+02   0  y  0.00  1   !  -9.99000e+02  -99.000  -99.000  -999
OBS: 5999682  54468.043   101.00   0.0000e+00   3.1026e+02   1.8675e+02   0  y  0.00  1   !  -9.99000e+02  -99.000  -99.000  -999
OBS: 5999682  54470.043   103.00   0.0000e+00   2.8117e+02   1.6924e+02   0  y  0.00  1   !  -9.99000e+02  -99.000  -99.000  -999
OBS: 5999682  54472.043   105.00   0.0000e+00   2.5481e+02   1.5337e+02   0  y  0.00  1   !  -9.99000e+02  -99.000  -99.000  -999
OBS: 5999682  54474.043   107.00   0.0000e+00   2.3092e+02   1.3900e+02   0  y  0.00  1   !  -9.99000e+02  -99.000  -99.000  -999
OBS: 5999682  54476.043   109.00   0.0000e+00   2.0928e+02   1.2597e+02   0  y  0.00  1   !  -9.99000e+02  -99.000  -99.000  -999
OBS: 5999682  54478.043   111.00   0.0000e+00   1.8966e+02   1.1416e+02   0  y  0.00  1   !  -9.99000e+02  -99.000  -99.000  -999
OBS: 5999682  54480.043   113.00   0.0000e+00   1.7188e+02   1.0346e+02   0  y  0.00  1   !  -9.99000e+02  -99.000  -99.000  -999
OBS: 5999682  54482.043   115.00   0.0000e+00   1.5577e+02   9.3757e+01   0  y  0.00  1   !  -9.99000e+02  -99.000  -99.000  -999
OBS: 5999682  54484.043   117.00   0.0000e+00   1.4116e+02   8.4968e+01   0  y  0.00  1   !  -9.99000e+02  -99.000  -99.000  -999
OBS: 5999682  54486.043   119.00   0.0000e+00   1.2793e+02   7.7002e+01   0  y  0.00  1   !  -9.99000e+02  -99.000  -99.000  -999
OBS: 5999682  54488.043   121.00   0.0000e+00   1.1594e+02   6.9783e+01   0  y  0.00  1   !  -9.99000e+02  -99.000  -99.000  -999
OBS: 5999682  54490.043   123.00   0.0000e+00   1.0507e+02   6.3241e+01   0  y  0.00  1   !  -9.99000e+02  -99.000  -99.000  -999
OBS: 5999682  54492.043   125.00   0.0000e+00   9.5218e+01   5.7313e+01   0  y  0.00  1   !  -9.99000e+02  -99.000  -99.000  -999
OBS: 5999682  54494.043   127.00   0.0000e+00   8.6292e+01   5.1940e+01   0  y  0.00  1   !  -9.99000e+02  -99.000  -99.000  -999
OBS: 5999682  54496.043   129.00   0.0000e+00   7.8202e+01   4.7071e+01   0  y  0.00  1   !  -9.99000e+02  -99.000  -99.000  -999
OBS: 5999682  54498.043   131.00   0.0000e+00   7.0871e+01   4.2658e+01   0  y  0.00  1   !  -9.99000e+02  -99.000  -99.000  -999
OBS: 5999682  54500.043   133.00   0.0000e+00   6.4227e+01   3.8659e+01   0  y  0.00  1   !  -9.99000e+02  -99.000  -99.000  -999
OBS: 5999682  54502.043   135.00   0.0000e+00   5.8206e+01   3.5035e+01   0  y  0.00  1   !  -9.99000e+02  -99.000  -99.000  -999
OBS: 5999682  54504.043   137.00   0.0000e+00   5.2749e+01   3.1750e+01   0  y  0.00  1   !  -9.99000e+02  -99.000  -99.000  -999
OBS: 5999682  54506.043   139.00   0.0000e+00   4.7804e+01   2.8774e+01   0  y  0.00  1   !  -9.99000e+02  -99.000  -99.000  -999
OBS: 5999682  54363.840    -3.20   1.3657e+04   1.3195e+04   3.0737e+02   1  H  1.93  1   H  2.09591e+18  -0.056  -0.307  1.00000e+11
OBS: 5999682  54308.043   -59.00   0.0000e+00   0.0000e+00   0.0000e+00   0  H  0.00  1   !  -9.99000e+02  -99.000  -99.000  -999
OBS: 5999682  54310.043   -57.00   0.0000e+00   0.0000e+00   0.0000e+00   0  H  0.00  1   !  -9.99000e+02  -99.000  -99.000  -999
OBS: 5999682  54312.043   -55.00   0.0000e+00   0.0000e+00   0.0000e+00   0  H  0.00  1   !  -9.99000e+02  -99.000  -99.000  -999
OBS: 5999682  54314.043   -53.00   0.0000e+00   0.0000e+00   0.0000e+00   0  H  0.00  1   !  -9.99000e+02  -99.000  -99.000  -999
OBS: 5999682  54316.043   -51.00   0.0000e+00   0.0000e+00   0.0000e+00   0  H  0.00  1   !  -9.99000e+02  -99.000  -99.000  -999
OBS: 5999682  54318.043   -49.00   0.0000e+00   0.0000e+00   0.0000e+00   0  H  0.00  1   !  -9.99000e+02  -99.000  -99.000  -999
OBS: 5999682  54320.043   -47.00   0.0000e+00   0.0000e+00   0.0000e+00   0  H  0.00  1   !  -9.99000e+02  -99.000  -99.000  -999
OBS: 5999682  54322.043   -45.00   0.0000e+00   0.0000e+00   0.0000e+00   0  H  0.00  1   !  -9.99000e+02  -99.000  -99.000  -999
OBS: 5999682  54324.043   -43.00   0.0000e+00   0.0000e+00   0.0000e+00   0  H  0.00  1   !  -9.99000e+02  -99.000  -99.000  -999
OBS: 5999682  54326.043   -41.00   0.0000e+00   0.0000e+00   0.0000e+00   0  H  0.00  1   !  -9.99000e+02  -99.000  -99.000  -999
OBS: 5999682  54328.043   -39.00   0.0000e+00   0.0000e+00   0.0000e+00   0  H  0.00  1   !  -9.99000e+02  -99.000  -99.000  -999
OBS: 5999682  54330.043   -37.00   0.0000e+00   0.0000e+00   0.0000e+00   0  H  0.00  1   !  -9.99000e+02  -99.000  -99.000  -999
OBS: 5999682  54332.043   -35.00   0.0000e+00   0.0000e+00   0.0000e+00   0  H  0.00  1   !  -9.99000e+02  -99.000  -99.000  -999
OBS: 5999682  54334.043   -33.00   0.0000e+00   0.0000e+00   0.0000e+00   0  H  0.00  1   !  -9.99000e+02  -99.000  -99.000  -999
OBS: 5999682  54336.043   -31.00   0.0000e+00   0.0000e+00   0.0000e+00   0  H  0.00  1   !  -9.99000e+02  -99.000  -99.000  -999
OBS: 5999682  54338.043   -29.00   0.0000e+00   0.0000e+00   0.0000e+00   0  H  0.00  1   !  -9.99000e+02  -99.000  -99.000  -999
OBS: 5999682  54340.043   -27.00   0.0000e+00   0.0000e+00   0.0000e+00   0  H  0.00  1   !  -9.99000e+02  -99.000  -99.000  -999
OBS: 5999682  54342.043   -25.00   0.0000e+00   0.0000e+00   0.0000e+00   0  H  0.00  1   !  -9.99000e+02  -99.000  -99.000  -999
OBS: 5999682  54344.043   -23.00   0.0000e+00   0.0000e+00   0.0000e+00   0  H  0.00  1   !  -9.99000e+02  -99.000  -99.000  -999
OBS: 5999682  54346.043   -21.00   0.0000e+00   0.0000e+00   0.0000e+00   0  H  0.00  1   !  -9.99000e+02  -99.000  -99.000  -999
OBS: 5999682  54348.043   -19.00   0.0000e+00   2.5977e+03   1.5636e+03   0  H  0.00  1   !  -9.99000e+02  -99.000  -99.000  -999
OBS: 5999682  54350.043   -17.00   0.0000e+00   2.5127e+03   1.5124e+03   0  H  0.00  1   !  -9.99000e+02  -99.000  -99.000  -999
OBS: 5999682  54352.043   -15.00   0.0000e+00   3.0178e+03   1.4292e+03   0  H  0.00  1   !  -9.99000e+02  -99.000  -99.000  -999
OBS: 5999682  54354.043   -13.00   0.0000e+00   5.7548e+03   7.2863e+02   0  H  0.00  1   !  -9.99000e+02  -99.000  -99.000  -999
OBS: 5999682  54356.043   -11.00   0.0000e+00   8.6484e+03   4.8414e+02   0  H  0.00  1   !  -9.99000e+02  -99.000  -99.000  -999
OBS: 5999682  54358.043    -9.00   0.0000e+00   1.1207e+04   4.0683e+02   0  H  0.00  1   !  -9.99000e+02  -99.000  -99.000  -999
OBS: 5999682  54360.043    -7.00   0.0000e+00   1.3116e+04   3.5499e+02   0  H  0.00  1   !  -9.99000e+02  -99.000  -99.000  -999
OBS: 5999682  54362.043    -5.00   0.0000e+00   1.4002e+04   3.0651e+02   0  H  0.00  1   !  -9.99000e+02  -99.000  -99.000  -999
OBS: 5999682  54364.043    -3.00   0.0000e+00   1.3721e+04   3.1001e+02   0  H  0.00  1   !  -9.99000e+02  -99.000  -99.000  -999
OBS: 5999682  54366.043    -1.00   0.0000e+00   1.2384e+04   3.3514e+02   0  H  0.00  1   !  -9.99000e+02  -99.000  -99.000  -999
OBS: 5999682  54368.043     1.00   0.0000e+00   1.0909e+04   3.3553e+02   0  H  0.00  1   !  -9.99000e+02  -99.000  -99.000  -999
OBS: 5999682  54370.043     3.00   0.0000e+00   9.7207e+03   3.3137e+02   0  H  0.00  1   !  -9.99000e+02  -99.000  -99.000  -999
OBS: 5999682  54372.043     5.00   0.0000e+00   8.6184e+03   3.0938e+02   0  H  0.00  1   !  -9.99000e+02  -99.000  -99.000  -999
OBS: 5999682  54374.043     7.00   0.0000e+00   7.7862e+03   2.7999e+02   0  H  0.00  1   !  -9.99000e+02  -99.000  -99.000  -999
OBS: 5999682  54376.043     9.00   0.0000e+00   7.3138e+03   2.6457e+02   0  H  0.00  1   !  -9.99000e+02  -99.000  -99.000  -999
OBS: 5999682  54378.043    11.00   0.0000e+00   7.0902e+03   2.7442e+02   0  H  0.00  1   !  -9.99000e+02  -99.000  -99.000  -999
OBS: 5999682  54380.043    13.00   0.0000e+00   7.1991e+03   2.7304e+02   0  H  0.00  1   !  -9.99000e+02  -99.000  -99.000  -999
OBS: 5999682  54382.043    15.00   0.0000e+00   7.5971e+03   2.4790e+02   0  H  0.00  1   !  -9.99000e+02  -99.000  -99.000  -999
OBS: 5999682  54384.043    17.00   0.0000e+00   8.0438e+03   2.4459e+02   0  H  0.00  1   !  -9.99000e+02  -99.000  -99.000  -999
OBS: 5999682  54386.043    19.00   0.0000e+00   8.6531e+03   2.6145e+02   0  H  0.00  1   !  -9.99000e+02  -99.000  -99.000  -999
OBS: 5999682  54388.043    21.00   0.0000e+00   9.2858e+03   2.8040e+02   0  H  0.00  1   !  -9.99000e+02  -99.000  -99.000  -999
OBS: 5999682  54390.043    23.00   0.0000e+00   9.5312e+03   3.3020e+02   0  H  0.00  1   !  -9.99000e+02  -99.000  -99.000  -999
OBS: 5999682  54392.043    25.00   0.0000e+00   9.3121e+03   3.7726e+02   0  H  0.00  1   !  -9.99000e+02  -99.000  -99.000  -999
OBS: 5999682  54394.043    27.00   0.0000e+00   8.7320e+03   3.8705e+02   0  H  0.00  1   !  -9.99000e+02  -99.000  -99.000  -999
OBS: 5999682  54396.043    29.00   0.0000e+00   8.1091e+03   3.5610e+02   0  H  0.00  1   !  -9.99000e+02  -99.000  -99.000  -999
OBS: 5999682  54398.043    31.00   0.0000e+00   7.6562e+03   3.2172e+02   0  H  0.00  1   !  -9.99000e+02  -99.000  -99.000  -999
OBS: 5999682  54400.043    33.00   0.0000e+00   7.4250e+03   3.2494e+02   0  H  0.00  1   !  -9.99000e+02  -99.000  -99.000  -999
OBS: 5999682  54402.043    35.00   0.0000e+00   7.2621e+03   3.6025e+02   0  H  0.00  1   !  -9.99000e+02  -99.000  -99.000  -999
OBS: 5999682  54404.043    37.00   0.0000e+00   6.9249e+03   4.3397e+02   0  H  0.00  1   !  -9.99000e+02  -99.000  -99.000  -999
OBS: 5999682  54406.043    39.00   0.0000e+00   6.3016e+03   4.8951e+02   0  H  0.00  1   !  -9.99000e+02  -99.000  -99.000  -999
OBS: 5999682  54408.043    41.00   0.0000e+00   5.5561e+03   4.9018e+02   0  H  0.00  1   !  -9.99000e+02  -99.000  -99.000  -999
OBS: 5999682  54410.043    43.00   0.0000e+00   4.7838e+03   4.7994e+02   0  H  0.00  1   !  -9.99000e+02  -99.000  -99.000  -999
OBS: 5999682  54412.043    45.00   0.0000e+00   4.1820e+03   5.2929e+02   0  H  0.00  1   !  -9.99000e+02  -99.000  -99.000  -999
OBS: 5999682  54414.043    47.00   0.0000e+00   3.7730e+03   5.9467e+02   0  H  0.00  1   !  -9.99000e+02  -99.000  -99.000  -999
OBS: 5999682  54416.043    49.00   0.0000e+00   3.4762e+03   6.0093e+02   0  H  0.00  1   !  -9.99000e+02  -99.000  -99.000  -999
OBS: 5999682  54418.043    51.00   0.0000e+00   3.2171e+03   5.4378e+02   0  H  0.00  1   !  -9.99000e+02  -99.000  -99.000  -999
OBS: 5999682  54420.043    53.00   0.0000e+00   2.9674e+03   1.7861e+03   0  H  0.00  1   !  -9.99000e+02  -99.000  -99.000  -999
OBS: 5999682  54422.043    55.00   0.0000e+00   2.7226e+03   1.6387e+03   0  H  0.00  1   !  -9.99000e+02  -99.000  -99.000  -999
OBS: 5999682  54424.043    57.00   0.0000e+00   2.4835e+03   1.4949e+03   0  H  0.00  1   !  -9.99000e+02  -99.000  -99.000  -999
OBS: 5999682  54426.043    59.00   0.0000e+00   2.2394e+03   1.3479e+03   0  H  0.00  1   !  -9.99000e+02  -99.000  -99.000  -999
OBS: 5999682  54428.043    61.00   0.0000e+00   2.0159e+03   1.2134e+03   0  H  0.00  1   !  -9.99000e+02  -99.000  -99.000  -999
OBS: 5999682  54430.043    63.00   0.0000e+00   1.6040e+03   9.6549e+02   0  H  0.00  1   !  -9.99000e+02  -99.000  -99.000  -999
OBS: 5999682  54432.043    65.00   0.0000e+00   1.2055e+03   7.2561e+02   0  H  0.00  1   !  -9.99000e+02  -99.000  -99.000  -999
OBS: 5999682  54434.043    67.00   0.0000e+00   9.6307e+02   5.7968e+02   0  H  0.00  1   !  -9.99000e+02  -99.000  -99.000  -999
OBS: 5999682  54436.043    69.00   0.0000e+00   8.2034e+02   4.9377e+02   0  H  0.00  1   !  -9.99000e+02  -99.000  -99.000  -999
OBS: 5999682  54438.043    71.00   0.0000e+00   7.2885e+02   4.3871e+02   0  H  0.00  1   !  -9.99000e+02  -99.000  -99.000  -999
OBS: 5999682  54440.043    73.00   0.0000e+00   6.5697e+02   3.9544e+02   0  H  0.00  1   !  -9.99000e+02  -99.000  -99.000  -999
OBS: 5999682  54442.043    75.00   0.0000e+00   5.9050e+02   3.5543e+02   0  H  0.00  1   !  -9.99000e+02  -99.000  -99.000  -999
OBS: 5999682  54444.043    77.00   0.0000e+00   5.3220e+02   3.2034e+02   0  H  0.00  1   !  -9.99000e+02  -99.000  -99.000  -999
OBS: 5999682  54446.043    79.00   0.0000e+00   4.8418e+02   2.9143e+02   0  H  0.00  1   !  -9.99000e+02  -99.000  -99.000  -999
OBS: 5999682  54448.043    81.00   0.0000e+00   4.4293e+02   2.6661e+02   0  H  0.00  1   !  -9.99000e+02  -99.000  -99.000  -999
OBS: 5999682  54450.043    83.00   0.0000e+00   4.0582e+02   2.4427e+02   0  H  0.00  1   !  -9.99000e+02  -99.000  -99.000  -999
OBS: 5999682  54452.043    85.00   0.0000e+00   3.7187e+02   2.2383e+02   0  H  0.00  1   !  -9.99000e+02  -99.000  -99.000  -999
OBS: 5999682  54454.043    87.00   0.0000e+00   3.4085e+02   2.0516e+02   0  H  0.00  1   !  -9.99000e+02  -99.000  -99.000  -999
OBS: 5999682  54456.043    89.00   0.0000e+00   3.1214e+02   1.8788e+02   0  H  0.00  1   !  -9.99000e+02  -99.000  -99.000  -999
OBS: 5999682  54458.043    91.00   0.0000e+00   2.8571e+02   1.7197e+02   0  H  0.00  1   !  -9.99000e+02  -99.000  -99.000  -999
OBS: 5999682  54460.043    93.00   0.0000e+00   2.6152e+02   1.5741e+02   0  H  0.00  1   !  -9.99000e+02  -99.000  -99.000  -999
OBS: 5999682  54462.043    95.00   0.0000e+00   2.3938e+02   1.4408e+02   0  H  0.00  1   !  -9.99000e+02  -99.000  -99.000  -999
OBS: 5999682  54464.043    97.00   0.0000e+00   2.1911e+02   1.3188e+02   0  H  0.00  1   !  -9.99000e+02  -99.000  -99.000  -999
OBS: 5999682  54466.043    99.00   0.0000e+00   2.0056e+02   1.2072e+02   0  H  0.00  1   !  -9.99000e+02  -99.000  -99.000  -999
OBS: 5999682  54468.043   101.00   0.0000e+00   1.8358e+02   1.1050e+02   0  H  0.00  1   !  -9.99000e+02  -99.000  -99.000  -999
OBS: 5999682  54470.043   103.00   0.0000e+00   1.6804e+02   1.0114e+02   0  H  0.00  1   !  -9.99000e+02  -99.000  -99.000  -999
OBS: 5999682  54472.043   105.00   0.0000e+00   1.5381e+02   9.2579e+01   0  H  0.00  1   !  -9.99000e+02  -99.000  -99.000  -999
OBS: 5999682  54474.043   107.00   0.0000e+00   1.4079e+02   8.4741e+01   0  H  0.00  1   !  -9.99000e+02  -99.000  -99.000  -999
OBS: 5999682  54476.043   109.00   0.0000e+00   1.2887e+02   7.7566e+01   0  H  0.00  1   !  -9.99000e+02  -99.000  -99.000  -999
OBS: 5999682  54478.043   111.00   0.0000e+00   1.1796e+02   7.0999e+01   0  H  0.00  1   !  -9.99000e+02  -99.000  -99.000  -999
OBS: 5999682  54480.043   113.00   0.0000e+00   1.0797e+02   6.4988e+01   0  H  0.00  1   !  -9.99000e+02  -99.000  -99.000  -999
OBS: 5999682  54482.043   115.00   0.0000e+00   9.8828e+01   5.9485e+01   0  H  0.00  1   !  -9.99000e+02  -99.000  -99.000  -999
OBS: 5999682  54484.043   117.00   0.0000e+00   9.0460e+01   5.4449e+01   0  H  0.00  1   !  -9.99000e+02  -99.000  -99.000  -999
OBS: 5999682  54486.043   119.00   0.0000e+00   8.2801e+01   4.9839e+01   0  H  0.00  1   !  -9.99000e+02  -99.000  -99.000  -999
OBS: 5999682  54488.043   121.00   0.0000e+00   7.5791e+01   4.5619e+01   0  H  0.00  1   !  -9.99000e+02  -99.000  -99.000  -999
OBS: 5999682  54490.043   123.00   0.0000e+00   6.9374e+01   4.1757e+01   0  H  0.00  1   !  -9.99000e+02  -99.000  -99.000  -999
OBS: 5999682  54492.043   125.00   0.0000e+00   6.3500e+01   3.8222e+01   0  H  0.00  1   !  -9.99000e+02  -99.000  -99.000  -999
OBS: 5999682  54494.043   127.00   0.0000e+00   5.8124e+01   3.4985e+01   0  H  0.00  1   !  -9.99000e+02  -99.000  -99.000  -999
OBS: 5999682  54496.043   129.00   0.0000e+00   5.3203e+01   3.2023e+01   0  H  0.00  1   !  -9.99000e+02  -99.000  -99.000  -999
OBS: 5999682  54498.043   131.00   0.0000e+00   4.8698e+01   2.9312e+01   0  H  0.00  1   !  -9.99000e+02  -99.000  -99.000  -999
OBS: 5999682  54500.043   133.00   0.0000e+00   4.4575e+01   2.6830e+01   0  H  0.00  1   !  -9.99000e+02  -99.000  -99.000  -999
OBS: 5999682  54502.043   135.00   0.0000e+00   4.0801e+01   2.4559e+01   0  H  0.00  1   !  -9.99000e+02  -99.000  -99.000  -999
OBS: 5999682  54504.043   137.00   0.0000e+00   3.7347e+01   2.2479e+01   0  H  0.00  1   !  -9.99000e+02  -99.000  -99.000  -999
OBS: 5999682  54506.043   139.00   0.0000e+00   3.4185e+01   2.0576e+01   0  H  0.00  1   !  -9.99000e+02  -99.000  -99.000  -999
