VARNAMES: CID MJD Tobs SIM_FLUXCAL FLUXCAL FLUXCAL_ERR DATAFLAG BAND CHI2 IFIT BAND_REST FLUX_REST KCOR AVWARP SIM_FLUX_REST 
OBS: 5999755  53647.801    -7.24   4.8111e+03   4.6284e+03   5.8427e+02   1  J  0.55  1   J  1.77310e+18  -0.096  0.520  1.00000e+11
OBS: 5999755  53653.871    -1.17   5.6010e+03   5.1946e+03   4.5050e+02   1  J  2.34  1   J  1.93188e+18  -0.128  -0.701  1.00000e+11
OBS: 5999755  53656.711     1.67   4.3648e+03   4.1215e+03   4.4856e+02   1  J  1.10  1   J  1.55177e+18  -0.115  -1.015  1.00000e+11
OBS: 5999755  53656.719     1.68   4.3601e+03   4.0105e+03   4.3868e+02   1  J  1.70  1   J  1.51010e+18  -0.115  -1.015  1.00000e+11
OBS: 5999755  53660.699     5.66   2.6658e+03   2.6256e+03   4.7664e+02   1  J  0.15  1   J  9.73805e+17  -0.131  -0.813  1.00000e+11
OBS: 5999755  53660.711     5.67   2.6619e+03   2.6766e+03   4.6056e+02   1  J  0.08  1   J  9.92594e+17  -0.131  -0.814  1.00000e+11
OBS: 5999755  53664.711     9.67   1.4750e+03   1.9040e+03   3.8264e+02   1  J  0.73  1   J  6.53865e+17  -0.215  -2.694  1.00000e+11
OBS: 5999755  53668.738    13.70   1.4242e+03   1.6455e+03   4.8108e+02   1  J  0.08  1   J  5.52880e+17  -0.238  -1.961  1.00000e+11
OBS: 5999755  53668.738    13.70   1.4242e+03   9.5277e+02   5.5696e+02   1  J  0.91  1   J  3.20128e+17  -0.238  -1.961  1.00000e+11
OBS: 5999755  53672.762    17.72   1.7155e+03   1.6589e+03   5.5859e+02   1  J  0.07  1   J  5.43644e+17  -0.265  -1.186  1.00000e+11
OBS: 5999755  53677.770    22.73   1.9458e+03   2.5241e+03   7.2275e+02   1  J  0.39  1   J  7.63135e+17  -0.353  -2.796  1.00000e+11
OBS: 5999755  53677.770    22.73   1.9458e+03   2.2908e+03   5.3926e+02   1  J  0.16  1   J  6.92608e+17  -0.353  -2.796  1.00000e+11
OBS: 5999755  53686.762    31.72   1.4350e+03   1.6764e+03   4.7156e+02   1  J  0.10  1   J  4.94603e+17  -0.379  -2.024  1.00000e+11
OBS: 5999755  53686.770    31.73   1.4331e+03   2.4010e+03   3.8436e+02   1  J  4.32  1   J  7.08323e+17  -0.380  -2.026  1.00000e+11
OBS: 5999755  53692.691    37.65   8.5659e+02   2.0132e+03   6.0833e+02   1  J  3.04  1   J  5.64962e+17  -0.434  -1.976  1.00000e+11
OBS: 5999755  53692.699    37.66   8.5618e+02   1.0634e+03   5.5832e+02   1  J  0.07  1   J  2.98429e+17  -0.434  -1.973  1.00000e+11
OBS: 5999755  53701.660    46.62   4.3867e+02   5.6177e+02   4.2389e+02   1  J  0.04  1   J  1.43944e+17  -0.533  -4.025  1.00000e+11
OBS: 5999755  53701.672    46.63   4.3854e+02  -2.1986e+02   4.4524e+02   1  J  1.82  1   J  -5.63417e+16  -0.532  -4.019  1.00000e+11
OBS: 5999755  53710.699    55.66   2.5407e+02   7.5015e+02   4.1509e+02  -1  J  1.16  1   !  -9.99000e+02  -99.000  -99.000  -999
OBS: 5999755  53596.039   -59.00   0.0000e+00   0.0000e+00   0.0000e+00   0  J  0.00  1   !  -9.99000e+02  -99.000  -99.000  -999
OBS: 5999755  53598.039   -57.00   0.0000e+00   0.0000e+00   0.0000e+00   0  J  0.00  1   !  -9.99000e+02  -99.000  -99.000  -999
OBS: 5999755  53600.039   -55.00   0.0000e+00   0.0000e+00   0.0000e+00   0  J  0.00  1   !  -9.99000e+02  -99.000  -99.000  -999
OBS: 5999755  53602.039   -53.00   0.0000e+00   0.0000e+00   0.0000e+00   0  J  0.00  1   !  -9.99000e+02  -99.000  -99.000  -999
OBS: 5999755  53604.039   -51.00   0.0000e+00   0.0000e+00   0.0000e+00   0  J  0.00  1   !  -9.99000e+02  -99.000  -99.000  -999
OBS: 5999755  53606.039   -49.00   0.0000e+00   0.0000e+00   0.0000e+00   0  J  0.00  1   !  -9.99000e+02  -99.000  -99.000  -999
OBS: 5999755  53608.039   -47.00   0.0000e+00   0.0000e+00   0.0000e+00   0  J  0.00  1   !  -9.99000e+02  -99.000  -99.000  -999
OBS: 5999755  53610.039   -45.00   0.0000e+00   0.0000e+00   0.0000e+00   0  J  0.00  1   !  -9.99000e+02  -99.000  -99.000  -999
OBS: 5999755  53612.039   -43.00   0.0000e+00   0.0000e+00   0.0000e+00   0  J  0.00  1   !  -9.99000e+02  -99.000  -99.000  -999
OBS: 5999755  53614.039   -41.00   0.0000e+00   0.0000e+00   0.0000e+00   0  J  0.00  1   !  -9.99000e+02  -99.000  -99.000  -999
OBS: 5999755  53616.039   -39.00   0.0000e+00   0.0000e+00   0.0000e+00   0  J  0.00  1   !  -9.99000e+02  -99.000  -99.000  -999
OBS: 5999755  53618.039   -37.00   0.0000e+00   0.0000e+00   0.0000e+00   0  J  0.00  1   !  -9.99000e+02  -99.000  -99.000  -999
OBS: 5999755  53620.039   -35.00   0.0000e+00   0.0000e+00   0.0000e+00   0  J  0.00  1   !  -9.99000e+02  -99.000  -99.000  -999
OBS: 5999755  53622.039   -33.00   0.0000e+00   0.0000e+00   0.0000e+00   0  J  0.00  1   !  -9.99000e+02  -99.000  -99.000  -999
OBS: 5999755  53624.039   -31.00   0.0000e+00   0.0000e+00   0.0000e+00   0  J  0.00  1   !  -9.99000e+02  -99.000  -99.000  -999
OBS: 5999755  53626.039   -29.00   0.0000e+00   0.0000e+00   0.0000e+00   0  J  0.00  1   !  -9.99000e+02  -99.000  -99.000  -999
OBS: 5999755  53628.039   -27.00   0.0000e+00   0.0000e+00   0.0000e+00   0  J  0.00  1   !  -9.99000e+02  -99.000  -99.000  -999
OBS: 5999755  53630.039   -25.00   0.0000e+00   0.0000e+00   0.0000e+00   0  J  0.00  1   !  -9.99000e+02  -99.000  -99.000  -999
OBS: 5999755  53632.039   -23.00   0.0000e+00   0.0000e+00   0.0000e+00   0  J  0.00  1   !  -9.99000e+02  -99.000  -99.000  -999
OBS: 5999755  53634.039   -21.00   0.0000e+00   0.0000e+00   0.0000e+00   0  J  0.00  1   !  -9.99000e+02  -99.000  -99.000  -999
OBS: 5999755  53636.039   -19.00   0.0000e+00   0.0000e+00   0.0000e+00   0  J  0.00  1   !  -9.99000e+02  -99.000  -99.000  -999
OBS: 5999755  53638.039   -17.00   0.0000e+00   0.0000e+00   0.0000e+00   0  J  0.00  1   !  -9.99000e+02  -99.000  -99.000  -999
OBS: 5999755  53640.039   -15.00   0.0000e+00   3.9608e-05   2.3840e-05   0  J  0.00  1   !  -9.99000e+02  -99.000  -99.000  -999
OBS: 5999755  53642.039   -13.00   0.0000e+00   9.9220e+02   3.1900e+02   0  J  0.00  1   !  -9.99000e+02  -99.000  -99.000  -999
OBS: 5999755  53644.039   -11.00   0.0000e+00   2.4651e+03   2.1565e+02   0  J  0.00  1   !  -9.99000e+02  -99.000  -99.000  -999
OBS: 5999755  53646.039    -9.00   0.0000e+00   3.9420e+03   1.6742e+02   0  J  0.00  1   !  -9.99000e+02  -99.000  -99.000  -999
OBS: 5999755  53648.039    -7.00   0.0000e+00   5.2001e+03   1.5895e+02   0  J  0.00  1   !  -9.99000e+02  -99.000  -99.000  -999
OBS: 5999755  53650.039    -5.00   0.0000e+00   6.0423e+03   1.3475e+02   0  J  0.00  1   !  -9.99000e+02  -99.000  -99.000  -999
OBS: 5999755  53652.039    -3.00   0.0000e+00   6.2605e+03   1.2827e+02   0  J  0.00  1   !  -9.99000e+02  -99.000  -99.000  -999
OBS: 5999755  53654.039    -1.00   0.0000e+00   5.8645e+03   1.3412e+02   0  J  0.00  1   !  -9.99000e+02  -99.000  -99.000  -999
OBS: 5999755  53656.039     1.00   0.0000e+00   4.9555e+03   1.2517e+02   0  J  0.00  1   !  -9.99000e+02  -99.000  -99.000  -999
OBS: 5999755  53658.039     3.00   0.0000e+00   3.9564e+03   1.1519e+02   0  J  0.00  1   !  -9.99000e+02  -99.000  -99.000  -999
OBS: 5999755  53660.039     5.00   0.0000e+00   3.0880e+03   1.2852e+02   0  J  0.00  1   !  -9.99000e+02  -99.000  -99.000  -999
OBS: 5999755  53662.039     7.00   0.0000e+00   2.2919e+03   1.2714e+02   0  J  0.00  1   !  -9.99000e+02  -99.000  -99.000  -999
OBS: 5999755  53664.039     9.00   0.0000e+00   1.6897e+03   1.2609e+02   0  J  0.00  1   !  -9.99000e+02  -99.000  -99.000  -999
OBS: 5999755  53666.039    11.00   0.0000e+00   1.4108e+03   1.4210e+02   0  J  0.00  1   !  -9.99000e+02  -99.000  -99.000  -999
OBS: 5999755  53668.039    13.00   0.0000e+00   1.4440e+03   1.5987e+02   0  J  0.00  1   !  -9.99000e+02  -99.000  -99.000  -999
OBS: 5999755  53670.039    15.00   0.0000e+00   1.6378e+03   1.6575e+02   0  J  0.00  1   !  -9.99000e+02  -99.000  -99.000  -999
OBS: 5999755  53672.039    17.00   0.0000e+00   1.7801e+03   1.4982e+02   0  J  0.00  1   !  -9.99000e+02  -99.000  -99.000  -999
OBS: 5999755  53674.039    19.00   0.0000e+00   1.8570e+03   1.5892e+02   0  J  0.00  1   !  -9.99000e+02  -99.000  -99.000  -999
OBS: 5999755  53676.039    21.00   0.0000e+00   1.9265e+03   1.8646e+02   0  J  0.00  1   !  -9.99000e+02  -99.000  -99.000  -999
OBS: 5999755  53678.039    23.00   0.0000e+00   2.0834e+03   1.9590e+02   0  J  0.00  1   !  -9.99000e+02  -99.000  -99.000  -999
OBS: 5999755  53680.039    25.00   0.0000e+00   2.2467e+03   1.7888e+02   0  J  0.00  1   !  -9.99000e+02  -99.000  -99.000  -999
OBS: 5999755  53682.039    27.00   0.0000e+00   2.2650e+03   1.7071e+02   0  J  0.00  1   !  -9.99000e+02  -99.000  -99.000  -999
OBS: 5999755  53684.039    29.00   0.0000e+00   2.0468e+03   1.8403e+02   0  J  0.00  1   !  -9.99000e+02  -99.000  -99.000  -999
OBS: 5999755  53686.039    31.00   0.0000e+00   1.6651e+03   1.8604e+02   0  J  0.00  1   !  -9.99000e+02  -99.000  -99.000  -999
OBS: 5999755  53688.039    33.00   0.0000e+00   1.2909e+03   1.7349e+02   0  J  0.00  1   !  -9.99000e+02  -99.000  -99.000  -999
OBS: 5999755  53690.039    35.00   0.0000e+00   1.0523e+03   1.6575e+02   0  J  0.00  1   !  -9.99000e+02  -99.000  -99.000  -999
OBS: 5999755  53692.039    37.00   0.0000e+00   9.3460e+02   1.7406e+02   0  J  0.00  1   !  -9.99000e+02  -99.000  -99.000  -999
OBS: 5999755  53694.039    39.00   0.0000e+00   8.4615e+02   2.1112e+02   0  J  0.00  1   !  -9.99000e+02  -99.000  -99.000  -999
OBS: 5999755  53696.039    41.00   0.0000e+00   7.3299e+02   2.3963e+02   0  J  0.00  1   !  -9.99000e+02  -99.000  -99.000  -999
OBS: 5999755  53698.039    43.00   0.0000e+00   6.0193e+02   2.2258e+02   0  J  0.00  1   !  -9.99000e+02  -99.000  -99.000  -999
OBS: 5999755  53700.039    45.00   0.0000e+00   5.0033e+02   2.1862e+02   0  J  0.00  1   !  -9.99000e+02  -99.000  -99.000  -999
OBS: 5999755  53702.039    47.00   0.0000e+00   4.5936e+02   2.4693e+02   0  J  0.00  1   !  -9.99000e+02  -99.000  -99.000  -999
OBS: 5999755  53704.039    49.00   0.0000e+00   4.4076e+02   2.5491e+02   0  J  0.00  1   !  -9.99000e+02  -99.000  -99.000  -999
OBS: 5999755  53706.039    51.00   0.0000e+00   3.9668e+02   2.3396e+02   0  J  0.00  1   !  -9.99000e+02  -99.000  -99.000  -999
OBS: 5999755  53708.039    53.00   0.0000e+00   3.3392e+02   2.1761e+02   0  J  0.00  1   !  -9.99000e+02  -99.000  -99.000  -999
OBS: 5999755  53710.039    55.00   0.0000e+00   2.8279e+02   1.7021e+02   0  J  0.00  1   !  -9.99000e+02  -99.000  -99.000  -999
OBS: 5999755  53712.039    57.00   0.0000e+00   2.4428e+02   1.4704e+02   0  J  0.00  1   !  -9.99000e+02  -99.000  -99.000  -999
OBS: 5999755  53714.039    59.00   0.0000e+00   2.0265e+02   1.2198e+02   0  J  0.00  1   !  -9.99000e+02  -99.000  -99.000  -999
OBS: 5999755  53716.039    61.00   0.0000e+00   1.5722e+02   9.4633e+01   0  J  0.00  1   !  -9.99000e+02  -99.000  -99.000  -999
OBS: 5999755  53718.039    63.00   0.0000e+00   1.1406e+02   6.8655e+01   0  J  0.00  1   !  -9.99000e+02  -99.000  -99.000  -999
OBS: 5999755  53720.039    65.00   0.0000e+00   6.4463e+01   3.8801e+01   0  J  0.00  1   !  -9.99000e+02  -99.000  -99.000  -999
OBS: 5999755  53722.039    67.00   0.0000e+00   4.9526e+01   2.9810e+01   0  J  0.00  1   !  -9.99000e+02  -99.000  -99.000  -999
OBS: 5999755  53724.039    69.00   0.0000e+00   4.2109e+01   2.5346e+01   0  J  0.00  1   !  -9.99000e+02  -99.000  -99.000  -999
OBS: 5999755  53726.039    71.00   0.0000e+00   3.3487e+01   2.0156e+01   0  J  0.00  1   !  -9.99000e+02  -99.000  -99.000  -999
OBS: 5999755  53728.039    73.00   0.0000e+00   2.4422e+01   1.4700e+01   0  J  0.00  1   !  -9.99000e+02  -99.000  -99.000  -999
OBS: 5999755  53730.039    75.00   0.0000e+00   1.7178e+01   1.0340e+01   0  J  0.00  1   !  -9.99000e+02  -99.000  -99.000  -999
OBS: 5999755  53732.039    77.00   0.0000e+00   1.1843e+01   7.1283e+00   0  J  0.00  1   !  -9.99000e+02  -99.000  -99.000  -999
OBS: 5999755  53734.039    79.00   0.0000e+00   8.5739e+00   5.1607e+00   0  J  0.00  1   !  -9.99000e+02  -99.000  -99.000  -999
OBS: 5999755  53736.039    81.00   0.0000e+00   6.2810e+00   3.7806e+00   0  J  0.00  1   !  -9.99000e+02  -99.000  -99.000  -999
OBS: 5999755  53738.039    83.00   0.0000e+00   4.6028e+00   2.7705e+00   0  J  0.00  1   !  -9.99000e+02  -99.000  -99.000  -999
OBS: 5999755  53740.039    85.00   0.0000e+00   3.3729e+00   2.0302e+00   0  J  0.00  1   !  -9.99000e+02  -99.000  -99.000  -999
OBS: 5999755  53742.039    87.00   0.0000e+00   2.4683e+00   1.4857e+00   0  J  0.00  1   !  -9.99000e+02  -99.000  -99.000  -999
OBS: 5999755  53744.039    89.00   0.0000e+00   1.8042e+00   1.0860e+00   0  J  0.00  1   !  -9.99000e+02  -99.000  -99.000  -999
OBS: 5999755  53746.039    91.00   0.0000e+00   1.3333e+00   8.0253e-01   0  J  0.00  1   !  -9.99000e+02  -99.000  -99.000  -999
OBS: 5999755  53748.039    93.00   0.0000e+00   9.8531e-01   5.9307e-01   0  J  0.00  1   !  -9.99000e+02  -99.000  -99.000  -999
OBS: 5999755  53750.039    95.00   0.0000e+00   7.2814e-01   4.3828e-01   0  J  0.00  1   !  -9.99000e+02  -99.000  -99.000  -999
OBS: 5999755  53752.039    97.00   0.0000e+00   5.3810e-01   3.2389e-01   0  J  0.00  1   !  -9.99000e+02  -99.000  -99.000  -999
OBS: 5999755  53754.039    99.00   0.0000e+00   3.9765e-01   2.3935e-01   0  J  0.00  1   !  -9.99000e+02  -99.000  -99.000  -999
OBS: 5999755  53756.039   101.00   0.0000e+00   2.9387e-01   1.7688e-01   0  J  0.00  1   !  -9.99000e+02  -99.000  -99.000  -999
OBS: 5999755  53758.039   103.00   0.0000e+00   2.1717e-01   1.3072e-01   0  J  0.00  1   !  -9.99000e+02  -99.000  -99.000  -999
OBS: 5999755  53760.039   105.00   0.0000e+00   1.6049e-01   9.6599e-02   0  J  0.00  1   !  -9.99000e+02  -99.000  -99.000  -999
OBS: 5999755  53762.039   107.00   0.0000e+00   1.1860e-01   7.1387e-02   0  J  0.00  1   !  -9.99000e+02  -99.000  -99.000  -999
OBS: 5999755  53764.039   109.00   0.0000e+00   8.7645e-02   5.2755e-02   0  J  0.00  1   !  -9.99000e+02  -99.000  -99.000  -999
OBS: 5999755  53766.039   111.00   0.0000e+00   6.4770e-02   3.8986e-02   0  J  0.00  1   !  -9.99000e+02  -99.000  -99.000  -999
OBS: 5999755  53768.039   113.00   0.0000e+00   4.7865e-02   2.8810e-02   0  J  0.00  1   !  -9.99000e+02  -99.000  -99.000  -999
OBS: 5999755  53770.039   115.00   0.0000e+00   3.5372e-02   2.1291e-02   0  J  0.00  1   !  -9.99000e+02  -99.000  -99.000  -999
OBS: 5999755  53772.039   117.00   0.0000e+00   2.6140e-02   1.5734e-02   0  J  0.00  1   !  -9.99000e+02  -99.000  -99.000  -999
OBS: 5999755  53774.039   119.00   0.0000e+00   1.9317e-02   1.1627e-02   0  J  0.00  1   !  -9.99000e+02  -99.000  -99.000  -999
OBS: 5999755  53776.039   121.00   0.0000e+00   1.4276e-02   8.5926e-03   0  J  0.00  1   !  -9.99000e+02  -99.000  -99.000  -999
OBS: 5999755  53778.039   123.00   0.0000e+00   1.0550e-02   6.3500e-03   0  J  0.00  1   !  -9.99000e+02  -99.000  -99.000  -999
OBS: 5999755  53780.039   125.00   0.0000e+00   7.7962e-03   4.6926e-03   0  J  0.00  1   !  -9.99000e+02  -99.000  -99.000  -999
OBS: 5999755  53782.039   127.00   0.0000e+00   5.7614e-03   3.4678e-03   0  J  0.00  1   !  -9.99000e+02  -99.000  -99.000  -999
OBS: 5999755  53784.039   129.00   0.0000e+00   4.2577e-03   2.5627e-03   0  J  0.00  1   !  -9.99000e+02  -99.000  -99.000  -999
OBS: 5999755  53786.039   131.00   0.0000e+00   3.1464e-03   1.8939e-03   0  J  0.00  1   !  -9.99000e+02  -99.000  -99.000  -999
OBS: 5999755  53788.039   133.00   0.0000e+00   2.3252e-03   1.3996e-03   0  J  0.00  1   !  -9.99000e+02  -99.000  -99.000  -999
OBS: 5999755  53790.039   135.00   0.0000e+00   1.7183e-03   1.0343e-03   0  J  0.00  1   !  -9.99000e+02  -99.000  -99.000  -999
OBS: 5999755  53792.039   137.00   0.0000e+00   1.2698e-03   7.6433e-04   0  J  0.00  1   !  -9.99000e+02  -99.000  -99.000  -999
OBS: 5999755  53794.039   139.00   0.0000e+00   9.3841e-04   5.6484e-04   0  J  0.00  1   !  -9.99000e+02  -99.000  -99.000  -999
OBS: 5999755  53647.801    -7.24   4.6883e+03   4.2204e+03   2.4181e+02   1  Y  1.50  1   Y  1.53393e+18  -0.153  -0.820  1.00000e+11
OBS: 5999755  53648.672    -6.37   5.2002e+03   4.9586e+03   5.8026e+02   1  Y  0.07  1   Y  1.78294e+18  -0.165  -0.819  1.00000e+11
OBS: 5999755  53656.711     1.67   4.5109e+03   4.4338e+03   2.5198e+02   1  Y  0.00  1   Y  1.56336e+18  -0.186  -1.274  1.00000e+11
OBS: 5999755  53656.719     1.68   4.5074e+03   4.7127e+03   2.5145e+02   1  Y  0.89  1   Y  1.66148e+18  -0.186  -1.274  1.00000e+11
OBS: 5999755  53660.699     5.66   3.3139e+03   3.0931e+03   2.5372e+02   1  Y  0.37  1   Y  1.02885e+18  -0.249  -1.239  1.00000e+11
OBS: 5999755  53660.711     5.67   3.3115e+03   3.0673e+03   2.2491e+02   1  Y  0.57  1   Y  1.02017e+18  -0.249  -1.239  1.00000e+11
OBS: 5999755  53664.699     9.66   2.9485e+03   2.6718e+03   2.0720e+02   1  Y  0.85  1   Y  8.60098e+17  -0.285  -1.151  1.00000e+11
OBS: 5999755  53664.711     9.67   2.9490e+03   2.9831e+03   1.3653e+02   1  Y  0.14  1   Y  9.60302e+17  -0.285  -1.150  1.00000e+11
OBS: 5999755  53668.738    13.70   3.5318e+03   3.5585e+03   2.0737e+02   1  Y  0.09  1   Y  1.15987e+18  -0.271  -1.031  1.00000e+11
OBS: 5999755  53668.738    13.70   3.5318e+03   3.2028e+03   2.6382e+02   1  Y  0.82  1   Y  1.04394e+18  -0.271  -1.031  1.00000e+11
OBS: 5999755  53672.762    17.72   4.6465e+03   4.7494e+03   2.6195e+02   1  Y  0.27  1   Y  1.53564e+18  -0.280  -0.761  1.00000e+11
OBS: 5999755  53672.770    17.73   4.6494e+03   4.4315e+03   2.6844e+02   1  Y  0.21  1   Y  1.43285e+18  -0.280  -0.761  1.00000e+11
OBS: 5999755  53677.770    22.73   5.6182e+03   5.6150e+03   2.8376e+02   1  Y  0.06  1   Y  1.97865e+18  -0.187  0.099  1.00000e+11
OBS: 5999755  53677.770    22.73   5.6182e+03   5.7385e+03   3.1622e+02   1  Y  0.30  1   Y  2.02217e+18  -0.187  0.099  1.00000e+11
OBS: 5999755  53680.730    25.69   5.8594e+03   6.0329e+03   3.2525e+02   1  Y  0.52  1   Y  2.19785e+18  -0.150  0.650  1.00000e+11
OBS: 5999755  53686.762    31.72   4.2514e+03   4.5401e+03   3.2770e+02   1  Y  0.97  1   Y  1.70101e+18  -0.120  0.449  1.00000e+11
OBS: 5999755  53686.770    31.73   4.2471e+03   4.6401e+03   3.9390e+02   1  Y  1.19  1   Y  1.73858e+18  -0.120  0.447  1.00000e+11
OBS: 5999755  53692.691    37.65   2.4829e+03   2.2509e+03   2.9256e+02   1  Y  0.32  1   Y  8.82405e+17  -0.071  -1.004  1.00000e+11
OBS: 5999755  53692.699    37.66   2.4816e+03   2.1288e+03   2.6790e+02   1  Y  0.99  1   Y  8.34547e+17  -0.071  -1.005  1.00000e+11
OBS: 5999755  53701.660    46.62   1.6139e+03   1.9820e+03   3.0419e+02   1  Y  1.14  1   Y  7.66726e+17  -0.085  -1.514  1.00000e+11
OBS: 5999755  53701.672    46.63   1.6129e+03   1.4977e+03   3.0526e+02   1  Y  0.05  1   Y  5.79373e+17  -0.085  -1.515  1.00000e+11
OBS: 5999755  53705.641    50.60   1.2533e+03   1.1596e+03   2.6454e+02  -1  Y  0.04  1   !  -9.99000e+02  -99.000  -99.000  -999
OBS: 5999755  53705.648    50.61   1.2525e+03   1.9367e+03   2.5451e+02  -1  Y  3.86  1   !  -9.99000e+02  -99.000  -99.000  -999
OBS: 5999755  53710.699    55.66   9.6904e+02   9.8456e+02   2.4585e+02  -1  Y  0.00  1   !  -9.99000e+02  -99.000  -99.000  -999
OBS: 5999755  53710.711    55.67   9.6886e+02   8.3022e+02   2.2563e+02  -1  Y  0.04  1   !  -9.99000e+02  -99.000  -99.000  -999
OBS: 5999755  53596.039   -59.00   0.0000e+00   0.0000e+00   0.0000e+00   0  Y  0.00  1   !  -9.99000e+02  -99.000  -99.000  -999
OBS: 5999755  53598.039   -57.00   0.0000e+00   0.0000e+00   0.0000e+00   0  Y  0.00  1   !  -9.99000e+02  -99.000  -99.000  -999
OBS: 5999755  53600.039   -55.00   0.0000e+00   0.0000e+00   0.0000e+00   0  Y  0.00  1   !  -9.99000e+02  -99.000  -99.000  -999
OBS: 5999755  53602.039   -53.00   0.0000e+00   0.0000e+00   0.0000e+00   0  Y  0.00  1   !  -9.99000e+02  -99.000  -99.000  -999
OBS: 5999755  53604.039   -51.00   0.0000e+00   0.0000e+00   0.0000e+00   0  Y  0.00  1   !  -9.99000e+02  -99.000  -99.000  -999
OBS: 5999755  53606.039   -49.00   0.0000e+00   0.0000e+00   0.0000e+00   0  Y  0.00  1   !  -9.99000e+02  -99.000  -99.000  -999
OBS: 5999755  53608.039   -47.00   0.0000e+00   0.0000e+00   0.0000e+00   0  Y  0.00  1   !  -9.99000e+02  -99.000  -99.000  -999
OBS: 5999755  53610.039   -45.00   0.0000e+00   0.0000e+00   0.0000e+00   0  Y  0.00  1   !  -9.99000e+02  -99.000  -99.000  -999
OBS: 5999755  53612.039   -43.00   0.0000e+00   0.0000e+00   0.0000e+00   0  Y  0.00  1   !  -9.99000e+02  -99.000  -99.000  -999
OBS: 5999755  53614.039   -41.00   0.0000e+00   0.0000e+00   0.0000e+00   0  Y  0.00  1   !  -9.99000e+02  -99.000  -99.000  -999
OBS: 5999755  53616.039   -39.00   0.0000e+00   0.0000e+00   0.0000e+00   0  Y  0.00  1   !  -9.99000e+02  -99.000  -99.000  -999
OBS: 5999755  53618.039   -37.00   0.0000e+00   0.0000e+00   0.0000e+00   0  Y  0.00  1   !  -9.99000e+02  -99.000  -99.000  -999
OBS: 5999755  53620.039   -35.00   0.0000e+00   0.0000e+00   0.0000e+00   0  Y  0.00  1   !  -9.99000e+02  -99.000  -99.000  -999
OBS: 5999755  53622.039   -33.00   0.0000e+00   0.0000e+00   0.0000e+00   0  Y  0.00  1   !  -9.99000e+02  -99.000  -99.000  -999
OBS: 5999755  53624.039   -31.00   0.0000e+00   0.0000e+00   0.0000e+00   0  Y  0.00  1   !  -9.99000e+02  -99.000  -99.000  -999
OBS: 5999755  53626.039   -29.00   0.0000e+00   0.0000e+00   0.0000e+00   0  Y  0.00  1   !  -9.99000e+02  -99.000  -99.000  -999
OBS: 5999755  53628.039   -27.00   0.0000e+00   0.0000e+00   0.0000e+00   0  Y  0.00  1   !  -9.99000e+02  -99.000  -99.000  -999
OBS: 5999755  53630.039   -25.00   0.0000e+00   0.0000e+00   0.0000e+00   0  Y  0.00  1   !  -9.99000e+02  -99.000  -99.000  -999
OBS: 5999755  53632.039   -23.00   0.0000e+00   0.0000e+00   0.0000e+00   0  Y  0.00  1   !  -9.99000e+02  -99.000  -99.000  -999
OBS: 5999755  53634.039   -21.00   0.0000e+00   0.0000e+00   0.0000e+00   0  Y  0.00  1   !  -9.99000e+02  -99.000  -99.000  -999
OBS: 5999755  53636.039   -19.00   0.0000e+00   0.0000e+00   0.0000e+00   0  Y  0.00  1   !  -9.99000e+02  -99.000  -99.000  -999
OBS: 5999755  53638.039   -17.00   0.0000e+00   0.0000e+00   0.0000e+00   0  Y  0.00  1   !  -9.99000e+02  -99.000  -99.000  -999
OBS: 5999755  53640.039   -15.00   0.0000e+00   0.0000e+00   0.0000e+00   0  Y  0.00  1   !  -9.99000e+02  -99.000  -99.000  -999
OBS: 5999755  53642.039   -13.00   0.0000e+00   4.3529e+02   3.8237e+02   0  Y  0.00  1   !  -9.99000e+02  -99.000  -99.000  -999
OBS: 5999755  53644.039   -11.00   0.0000e+00   1.8879e+03   3.7135e+02   0  Y  0.00  1   !  -9.99000e+02  -99.000  -99.000  -999
OBS: 5999755  53646.039    -9.00   0.0000e+00   3.3396e+03   2.7120e+02   0  Y  0.00  1   !  -9.99000e+02  -99.000  -99.000  -999
OBS: 5999755  53648.039    -7.00   0.0000e+00   4.7539e+03   2.1404e+02   0  Y  0.00  1   !  -9.99000e+02  -99.000  -99.000  -999
OBS: 5999755  53650.039    -5.00   0.0000e+00   5.7030e+03   1.6728e+02   0  Y  0.00  1   !  -9.99000e+02  -99.000  -99.000  -999
OBS: 5999755  53652.039    -3.00   0.0000e+00   5.9804e+03   1.4505e+02   0  Y  0.00  1   !  -9.99000e+02  -99.000  -99.000  -999
OBS: 5999755  53654.039    -1.00   0.0000e+00   5.4502e+03   1.3290e+02   0  Y  0.00  1   !  -9.99000e+02  -99.000  -99.000  -999
OBS: 5999755  53656.039     1.00   0.0000e+00   4.6862e+03   1.3003e+02   0  Y  0.00  1   !  -9.99000e+02  -99.000  -99.000  -999
OBS: 5999755  53658.039     3.00   0.0000e+00   4.0439e+03   1.3500e+02   0  Y  0.00  1   !  -9.99000e+02  -99.000  -99.000  -999
OBS: 5999755  53660.039     5.00   0.0000e+00   3.4388e+03   1.4027e+02   0  Y  0.00  1   !  -9.99000e+02  -99.000  -99.000  -999
OBS: 5999755  53662.039     7.00   0.0000e+00   3.0097e+03   1.4351e+02   0  Y  0.00  1   !  -9.99000e+02  -99.000  -99.000  -999
OBS: 5999755  53664.039     9.00   0.0000e+00   2.8871e+03   1.4765e+02   0  Y  0.00  1   !  -9.99000e+02  -99.000  -99.000  -999
OBS: 5999755  53666.039    11.00   0.0000e+00   3.0005e+03   1.5280e+02   0  Y  0.00  1   !  -9.99000e+02  -99.000  -99.000  -999
OBS: 5999755  53668.039    13.00   0.0000e+00   3.3205e+03   1.5692e+02   0  Y  0.00  1   !  -9.99000e+02  -99.000  -99.000  -999
OBS: 5999755  53670.039    15.00   0.0000e+00   3.8085e+03   1.6196e+02   0  Y  0.00  1   !  -9.99000e+02  -99.000  -99.000  -999
OBS: 5999755  53672.039    17.00   0.0000e+00   4.3781e+03   1.8231e+02   0  Y  0.00  1   !  -9.99000e+02  -99.000  -99.000  -999
OBS: 5999755  53674.039    19.00   0.0000e+00   4.9093e+03   2.1176e+02   0  Y  0.00  1   !  -9.99000e+02  -99.000  -99.000  -999
OBS: 5999755  53676.039    21.00   0.0000e+00   5.3515e+03   2.2372e+02   0  Y  0.00  1   !  -9.99000e+02  -99.000  -99.000  -999
OBS: 5999755  53678.039    23.00   0.0000e+00   5.5544e+03   1.9640e+02   0  Y  0.00  1   !  -9.99000e+02  -99.000  -99.000  -999
OBS: 5999755  53680.039    25.00   0.0000e+00   5.7307e+03   1.6963e+02   0  Y  0.00  1   !  -9.99000e+02  -99.000  -99.000  -999
OBS: 5999755  53682.039    27.00   0.0000e+00   5.7488e+03   1.6413e+02   0  Y  0.00  1   !  -9.99000e+02  -99.000  -99.000  -999
OBS: 5999755  53684.039    29.00   0.0000e+00   5.2844e+03   1.6568e+02   0  Y  0.00  1   !  -9.99000e+02  -99.000  -99.000  -999
OBS: 5999755  53686.039    31.00   0.0000e+00   4.4854e+03   1.6253e+02   0  Y  0.00  1   !  -9.99000e+02  -99.000  -99.000  -999
OBS: 5999755  53688.039    33.00   0.0000e+00   3.6596e+03   1.5384e+02   0  Y  0.00  1   !  -9.99000e+02  -99.000  -99.000  -999
OBS: 5999755  53690.039    35.00   0.0000e+00   2.9891e+03   1.4554e+02   0  Y  0.00  1   !  -9.99000e+02  -99.000  -99.000  -999
OBS: 5999755  53692.039    37.00   0.0000e+00   2.5397e+03   1.5043e+02   0  Y  0.00  1   !  -9.99000e+02  -99.000  -99.000  -999
OBS: 5999755  53694.039    39.00   0.0000e+00   2.2772e+03   1.5891e+02   0  Y  0.00  1   !  -9.99000e+02  -99.000  -99.000  -999
OBS: 5999755  53696.039    41.00   0.0000e+00   2.0792e+03   1.5352e+02   0  Y  0.00  1   !  -9.99000e+02  -99.000  -99.000  -999
OBS: 5999755  53698.039    43.00   0.0000e+00   1.9059e+03   1.5330e+02   0  Y  0.00  1   !  -9.99000e+02  -99.000  -99.000  -999
OBS: 5999755  53700.039    45.00   0.0000e+00   1.7315e+03   1.8439e+02   0  Y  0.00  1   !  -9.99000e+02  -99.000  -99.000  -999
OBS: 5999755  53702.039    47.00   0.0000e+00   1.5491e+03   2.2410e+02   0  Y  0.00  1   !  -9.99000e+02  -99.000  -99.000  -999
OBS: 5999755  53704.039    49.00   0.0000e+00   1.3622e+03   2.4912e+02   0  Y  0.00  1   !  -9.99000e+02  -99.000  -99.000  -999
OBS: 5999755  53706.039    51.00   0.0000e+00   1.1994e+03   2.5453e+02   0  Y  0.00  1   !  -9.99000e+02  -99.000  -99.000  -999
OBS: 5999755  53708.039    53.00   0.0000e+00   1.0680e+03   2.4554e+02   0  Y  0.00  1   !  -9.99000e+02  -99.000  -99.000  -999
OBS: 5999755  53710.039    55.00   0.0000e+00   9.7119e+02   5.8457e+02   0  Y  0.00  1   !  -9.99000e+02  -99.000  -99.000  -999
OBS: 5999755  53712.039    57.00   0.0000e+00   9.2929e+02   5.5935e+02   0  Y  0.00  1   !  -9.99000e+02  -99.000  -99.000  -999
OBS: 5999755  53714.039    59.00   0.0000e+00   8.9629e+02   5.3949e+02   0  Y  0.00  1   !  -9.99000e+02  -99.000  -99.000  -999
OBS: 5999755  53716.039    61.00   0.0000e+00   8.4017e+02   5.0571e+02   0  Y  0.00  1   !  -9.99000e+02  -99.000  -99.000  -999
OBS: 5999755  53718.039    63.00   0.0000e+00   7.3787e+02   4.4413e+02   0  Y  0.00  1   !  -9.99000e+02  -99.000  -99.000  -999
OBS: 5999755  53720.039    65.00   0.0000e+00   5.4319e+02   3.2695e+02   0  Y  0.00  1   !  -9.99000e+02  -99.000  -99.000  -999
OBS: 5999755  53722.039    67.00   0.0000e+00   4.0659e+02   2.4473e+02   0  Y  0.00  1   !  -9.99000e+02  -99.000  -99.000  -999
OBS: 5999755  53724.039    69.00   0.0000e+00   3.2537e+02   1.9584e+02   0  Y  0.00  1   !  -9.99000e+02  -99.000  -99.000  -999
OBS: 5999755  53726.039    71.00   0.0000e+00   2.8266e+02   1.7014e+02   0  Y  0.00  1   !  -9.99000e+02  -99.000  -99.000  -999
OBS: 5999755  53728.039    73.00   0.0000e+00   2.6173e+02   1.5754e+02   0  Y  0.00  1   !  -9.99000e+02  -99.000  -99.000  -999
OBS: 5999755  53730.039    75.00   0.0000e+00   2.4766e+02   1.4907e+02   0  Y  0.00  1   !  -9.99000e+02  -99.000  -99.000  -999
OBS: 5999755  53732.039    77.00   0.0000e+00   2.3670e+02   1.4247e+02   0  Y  0.00  1   !  -9.99000e+02  -99.000  -99.000  -999
OBS: 5999755  53734.039    79.00   0.0000e+00   2.2047e+02   1.3271e+02   0  Y  0.00  1   !  -9.99000e+02  -99.000  -99.000  -999
OBS: 5999755  53736.039    81.00   0.0000e+00   2.0433e+02   1.2299e+02   0  Y  0.00  1   !  -9.99000e+02  -99.000  -99.000  -999
OBS: 5999755  53738.039    83.00   0.0000e+00   1.8971e+02   1.1419e+02   0  Y  0.00  1   !  -9.99000e+02  -99.000  -99.000  -999
OBS: 5999755  53740.039    85.00   0.0000e+00   1.7646e+02   1.0621e+02   0  Y  0.00  1   !  -9.99000e+02  -99.000  -99.000  -999
OBS: 5999755  53742.039    87.00   0.0000e+00   1.6459e+02   9.9069e+01   0  Y  0.00  1   !  -9.99000e+02  -99.000  -99.000  -999
OBS: 5999755  53744.039    89.00   0.0000e+00   1.5386e+02   9.2612e+01   0  Y  0.00  1   !  -9.99000e+02  -99.000  -99.000  -999
OBS: 5999755  53746.039    91.00   0.0000e+00   1.4161e+02   8.5234e+01   0  Y  0.00  1   !  -9.99000e+02  -99.000  -99.000  -999
OBS: 5999755  53748.039    93.00   0.0000e+00   1.3032e+02   7.8443e+01   0  Y  0.00  1   !  -9.99000e+02  -99.000  -99.000  -999
OBS: 5999755  53750.039    95.00   0.0000e+00   1.1994e+02   7.2193e+01   0  Y  0.00  1   !  -9.99000e+02  -99.000  -99.000  -999
OBS: 5999755  53752.039    97.00   0.0000e+00   1.1038e+02   6.6440e+01   0  Y  0.00  1   !  -9.99000e+02  -99.000  -99.000  -999
OBS: 5999755  53754.039    99.00   0.0000e+00   1.0158e+02   6.1145e+01   0  Y  0.00  1   !  -9.99000e+02  -99.000  -99.000  -999
OBS: 5999755  53756.039   101.00   0.0000e+00   9.3489e+01   5.6272e+01   0  Y  0.00  1   !  -9.99000e+02  -99.000  -99.000  -999
OBS: 5999755  53758.039   103.00   0.0000e+00   8.6038e+01   5.1788e+01   0  Y  0.00  1   !  -9.99000e+02  -99.000  -99.000  -999
OBS: 5999755  53760.039   105.00   0.0000e+00   7.9184e+01   4.7662e+01   0  Y  0.00  1   !  -9.99000e+02  -99.000  -99.000  -999
OBS: 5999755  53762.039   107.00   0.0000e+00   7.2876e+01   4.3865e+01   0  Y  0.00  1   !  -9.99000e+02  -99.000  -99.000  -999
OBS: 5999755  53764.039   109.00   0.0000e+00   6.7071e+01   4.0371e+01   0  Y  0.00  1   !  -9.99000e+02  -99.000  -99.000  -999
OBS: 5999755  53766.039   111.00   0.0000e+00   6.1724e+01   3.7152e+01   0  Y  0.00  1   !  -9.99000e+02  -99.000  -99.000  -999
OBS: 5999755  53768.039   113.00   0.0000e+00   5.6803e+01   3.4191e+01   0  Y  0.00  1   !  -9.99000e+02  -99.000  -99.000  -999
OBS: 5999755  53770.039   115.00   0.0000e+00   5.2275e+01   3.1465e+01   0  Y  0.00  1   !  -9.99000e+02  -99.000  -99.000  -999
OBS: 5999755  53772.039   117.00   0.0000e+00   4.8106e+01   2.8956e+01   0  Y  0.00  1   !  -9.99000e+02  -99.000  -99.000  -999
OBS: 5999755  53774.039   119.00   0.0000e+00   4.4270e+01   2.6647e+01   0  Y  0.00  1   !  -9.99000e+02  -99.000  -99.000  -999
OBS: 5999755  53776.039   121.00   0.0000e+00   4.0740e+01   2.4522e+01   0  Y  0.00  1   !  -9.99000e+02  -99.000  -99.000  -999
OBS: 5999755  53778.039   123.00   0.0000e+00   3.7491e+01   2.2566e+01   0  Y  0.00  1   !  -9.99000e+02  -99.000  -99.000  -999
OBS: 5999755  53780.039   125.00   0.0000e+00   3.4501e+01   2.0766e+01   0  Y  0.00  1   !  -9.99000e+02  -99.000  -99.000  -999
OBS: 5999755  53782.039   127.00   0.0000e+00   3.1749e+01   1.9110e+01   0  Y  0.00  1   !  -9.99000e+02  -99.000  -99.000  -999
OBS: 5999755  53784.039   129.00   0.0000e+00   2.9217e+01   1.7586e+01   0  Y  0.00  1   !  -9.99000e+02  -99.000  -99.000  -999
OBS: 5999755  53786.039   131.00   0.0000e+00   2.6886e+01   1.6183e+01   0  Y  0.00  1   !  -9.99000e+02  -99.000  -99.000  -999
OBS: 5999755  53788.039   133.00   0.0000e+00   2.4741e+01   1.4892e+01   0  Y  0.00  1   !  -9.99000e+02  -99.000  -99.000  -999
OBS: 5999755  53790.039   135.00   0.0000e+00   2.2768e+01   1.3704e+01   0  Y  0.00  1   !  -9.99000e+02  -99.000  -99.000  -999
OBS: 5999755  53792.039   137.00   0.0000e+00   2.0954e+01   1.2613e+01   0  Y  0.00  1   !  -9.99000e+02  -99.000  -99.000  -999
OBS: 5999755  53794.039   139.00   0.0000e+00   1.9285e+01   1.1608e+01   0  Y  0.00  1   !  -9.99000e+02  -99.000  -99.000  -999
OBS: 5999755  53653.871    -1.17   5.4942e+03   5.5147e+03   2.0508e+02   1  y  0.21  1   Y  1.99468e+18  -0.158  -1.154  1.00000e+11
OBS: 5999755  53596.039   -59.00   0.0000e+00   0.0000e+00   0.0000e+00   0  y  0.00  1   !  -9.99000e+02  -99.000  -99.000  -999
OBS: 5999755  53598.039   -57.00   0.0000e+00   0.0000e+00   0.0000e+00   0  y  0.00  1   !  -9.99000e+02  -99.000  -99.000  -999
OBS: 5999755  53600.039   -55.00   0.0000e+00   0.0000e+00   0.0000e+00   0  y  0.00  1   !  -9.99000e+02  -99.000  -99.000  -999
OBS: 5999755  53602.039   -53.00   0.0000e+00   0.0000e+00   0.0000e+00   0  y  0.00  1   !  -9.99000e+02  -99.000  -99.000  -999
OBS: 5999755  53604.039   -51.00   0.0000e+00   0.0000e+00   0.0000e+00   0  y  0.00  1   !  -9.99000e+02  -99.000  -99.000  -999
OBS: 5999755  53606.039   -49.00   0.0000e+00   0.0000e+00   0.0000e+00   0  y  0.00  1   !  -9.99000e+02  -99.000  -99.000  -999
OBS: 5999755  53608.039   -47.00   0.0000e+00   0.0000e+00   0.0000e+00   0  y  0.00  1   !  -9.99000e+02  -99.000  -99.000  -999
OBS: 5999755  53610.039   -45.00   0.0000e+00   0.0000e+00   0.0000e+00   0  y  0.00  1   !  -9.99000e+02  -99.000  -99.000  -999
OBS: 5999755  53612.039   -43.00   0.0000e+00   0.0000e+00   0.0000e+00   0  y  0.00  1   !  -9.99000e+02  -99.000  -99.000  -999
OBS: 5999755  53614.039   -41.00   0.0000e+00   0.0000e+00   0.0000e+00   0  y  0.00  1   !  -9.99000e+02  -99.000  -99.000  -999
OBS: 5999755  53616.039   -39.00   0.0000e+00   0.0000e+00   0.0000e+00   0  y  0.00  1   !  -9.99000e+02  -99.000  -99.000  -999
OBS: 5999755  53618.039   -37.00   0.0000e+00   0.0000e+00   0.0000e+00   0  y  0.00  1   !  -9.99000e+02  -99.000  -99.000  -999
OBS: 5999755  53620.039   -35.00   0.0000e+00   0.0000e+00   0.0000e+00   0  y  0.00  1   !  -9.99000e+02  -99.000  -99.000  -999
OBS: 5999755  53622.039   -33.00   0.0000e+00   0.0000e+00   0.0000e+00   0  y  0.00  1   !  -9.99000e+02  -99.000  -99.000  -999
OBS: 5999755  53624.039   -31.00   0.0000e+00   0.0000e+00   0.0000e+00   0  y  0.00  1   !  -9.99000e+02  -99.000  -99.000  -999
OBS: 5999755  53626.039   -29.00   0.0000e+00   0.0000e+00   0.0000e+00   0  y  0.00  1   !  -9.99000e+02  -99.000  -99.000  -999
OBS: 5999755  53628.039   -27.00   0.0000e+00   0.0000e+00   0.0000e+00   0  y  0.00  1   !  -9.99000e+02  -99.000  -99.000  -999
OBS: 5999755  53630.039   -25.00   0.0000e+00   0.0000e+00   0.0000e+00   0  y  0.00  1   !  -9.99000e+02  -99.000  -99.000  -999
OBS: 5999755  53632.039   -23.00   0.0000e+00   0.0000e+00   0.0000e+00   0  y  0.00  1   !  -9.99000e+02  -99.000  -99.000  -999
OBS: 5999755  53634.039   -21.00   0.0000e+00   0.0000e+00   0.0000e+00   0  y  0.00  1   !  -9.99000e+02  -99.000  -99.000  -999
OBS: 5999755  53636.039   -19.00   0.0000e+00   0.0000e+00   0.0000e+00   0  y  0.00  1   !  -9.99000e+02  -99.000  -99.000  -999
OBS: 5999755  53638.039   -17.00   0.0000e+00   0.0000e+00   0.0000e+00   0  y  0.00  1   !  -9.99000e+02  -99.000  -99.000  -999
OBS: 5999755  53640.039   -15.00   0.0000e+00   0.0000e+00   0.0000e+00   0  y  0.00  1   !  -9.99000e+02  -99.000  -99.000  -999
OBS: 5999755  53642.039   -13.00   0.0000e+00   4.2512e+02   3.7344e+02   0  y  0.00  1   !  -9.99000e+02  -99.000  -99.000  -999
OBS: 5999755  53644.039   -11.00   0.0000e+00   1.8692e+03   3.6768e+02   0  y  0.00  1   !  -9.99000e+02  -99.000  -99.000  -999
OBS: 5999755  53646.039    -9.00   0.0000e+00   3.3202e+03   2.6963e+02   0  y  0.00  1   !  -9.99000e+02  -99.000  -99.000  -999
OBS: 5999755  53648.039    -7.00   0.0000e+00   4.6995e+03   2.1159e+02   0  y  0.00  1   !  -9.99000e+02  -99.000  -99.000  -999
OBS: 5999755  53650.039    -5.00   0.0000e+00   5.6003e+03   1.6427e+02   0  y  0.00  1   !  -9.99000e+02  -99.000  -99.000  -999
OBS: 5999755  53652.039    -3.00   0.0000e+00   5.8466e+03   1.4180e+02   0  y  0.00  1   !  -9.99000e+02  -99.000  -99.000  -999
OBS: 5999755  53654.039    -1.00   0.0000e+00   5.3442e+03   1.3032e+02   0  y  0.00  1   !  -9.99000e+02  -99.000  -99.000  -999
OBS: 5999755  53656.039     1.00   0.0000e+00   4.5941e+03   1.2748e+02   0  y  0.00  1   !  -9.99000e+02  -99.000  -99.000  -999
OBS: 5999755  53658.039     3.00   0.0000e+00   3.9270e+03   1.3110e+02   0  y  0.00  1   !  -9.99000e+02  -99.000  -99.000  -999
OBS: 5999755  53660.039     5.00   0.0000e+00   3.3262e+03   1.3568e+02   0  y  0.00  1   !  -9.99000e+02  -99.000  -99.000  -999
OBS: 5999755  53662.039     7.00   0.0000e+00   2.9198e+03   1.3922e+02   0  y  0.00  1   !  -9.99000e+02  -99.000  -99.000  -999
OBS: 5999755  53664.039     9.00   0.0000e+00   2.8070e+03   1.4355e+02   0  y  0.00  1   !  -9.99000e+02  -99.000  -99.000  -999
OBS: 5999755  53666.039    11.00   0.0000e+00   2.9289e+03   1.4916e+02   0  y  0.00  1   !  -9.99000e+02  -99.000  -99.000  -999
OBS: 5999755  53668.039    13.00   0.0000e+00   3.2516e+03   1.5366e+02   0  y  0.00  1   !  -9.99000e+02  -99.000  -99.000  -999
OBS: 5999755  53670.039    15.00   0.0000e+00   3.7230e+03   1.5833e+02   0  y  0.00  1   !  -9.99000e+02  -99.000  -99.000  -999
OBS: 5999755  53672.039    17.00   0.0000e+00   4.2744e+03   1.7799e+02   0  y  0.00  1   !  -9.99000e+02  -99.000  -99.000  -999
OBS: 5999755  53674.039    19.00   0.0000e+00   4.8061e+03   2.0731e+02   0  y  0.00  1   !  -9.99000e+02  -99.000  -99.000  -999
OBS: 5999755  53676.039    21.00   0.0000e+00   5.2749e+03   2.2052e+02   0  y  0.00  1   !  -9.99000e+02  -99.000  -99.000  -999
OBS: 5999755  53678.039    23.00   0.0000e+00   5.5480e+03   1.9618e+02   0  y  0.00  1   !  -9.99000e+02  -99.000  -99.000  -999
OBS: 5999755  53680.039    25.00   0.0000e+00   5.7594e+03   1.7048e+02   0  y  0.00  1   !  -9.99000e+02  -99.000  -99.000  -999
OBS: 5999755  53682.039    27.00   0.0000e+00   5.7759e+03   1.6490e+02   0  y  0.00  1   !  -9.99000e+02  -99.000  -99.000  -999
OBS: 5999755  53684.039    29.00   0.0000e+00   5.3391e+03   1.6740e+02   0  y  0.00  1   !  -9.99000e+02  -99.000  -99.000  -999
OBS: 5999755  53686.039    31.00   0.0000e+00   4.5723e+03   1.6568e+02   0  y  0.00  1   !  -9.99000e+02  -99.000  -99.000  -999
OBS: 5999755  53688.039    33.00   0.0000e+00   3.7531e+03   1.5778e+02   0  y  0.00  1   !  -9.99000e+02  -99.000  -99.000  -999
OBS: 5999755  53690.039    35.00   0.0000e+00   3.0768e+03   1.4981e+02   0  y  0.00  1   !  -9.99000e+02  -99.000  -99.000  -999
OBS: 5999755  53692.039    37.00   0.0000e+00   2.6235e+03   1.5539e+02   0  y  0.00  1   !  -9.99000e+02  -99.000  -99.000  -999
OBS: 5999755  53694.039    39.00   0.0000e+00   2.3554e+03   1.6437e+02   0  y  0.00  1   !  -9.99000e+02  -99.000  -99.000  -999
OBS: 5999755  53696.039    41.00   0.0000e+00   2.1539e+03   1.5904e+02   0  y  0.00  1   !  -9.99000e+02  -99.000  -99.000  -999
OBS: 5999755  53698.039    43.00   0.0000e+00   1.9748e+03   1.5884e+02   0  y  0.00  1   !  -9.99000e+02  -99.000  -99.000  -999
OBS: 5999755  53700.039    45.00   0.0000e+00   1.7937e+03   1.9101e+02   0  y  0.00  1   !  -9.99000e+02  -99.000  -99.000  -999
OBS: 5999755  53702.039    47.00   0.0000e+00   1.6037e+03   2.3200e+02   0  y  0.00  1   !  -9.99000e+02  -99.000  -99.000  -999
OBS: 5999755  53704.039    49.00   0.0000e+00   1.4100e+03   2.5785e+02   0  y  0.00  1   !  -9.99000e+02  -99.000  -99.000  -999
OBS: 5999755  53706.039    51.00   0.0000e+00   1.2407e+03   2.6328e+02   0  y  0.00  1   !  -9.99000e+02  -99.000  -99.000  -999
OBS: 5999755  53708.039    53.00   0.0000e+00   1.1045e+03   2.5392e+02   0  y  0.00  1   !  -9.99000e+02  -99.000  -99.000  -999
OBS: 5999755  53710.039    55.00   0.0000e+00   1.0045e+03   6.0465e+02   0  y  0.00  1   !  -9.99000e+02  -99.000  -99.000  -999
OBS: 5999755  53712.039    57.00   0.0000e+00   9.5822e+02   5.7676e+02   0  y  0.00  1   !  -9.99000e+02  -99.000  -99.000  -999
OBS: 5999755  53714.039    59.00   0.0000e+00   9.2052e+02   5.5407e+02   0  y  0.00  1   !  -9.99000e+02  -99.000  -99.000  -999
OBS: 5999755  53716.039    61.00   0.0000e+00   8.5886e+02   5.1696e+02   0  y  0.00  1   !  -9.99000e+02  -99.000  -99.000  -999
OBS: 5999755  53718.039    63.00   0.0000e+00   7.4986e+02   4.5135e+02   0  y  0.00  1   !  -9.99000e+02  -99.000  -99.000  -999
OBS: 5999755  53720.039    65.00   0.0000e+00   5.4888e+02   3.3038e+02   0  y  0.00  1   !  -9.99000e+02  -99.000  -99.000  -999
OBS: 5999755  53722.039    67.00   0.0000e+00   4.0927e+02   2.4634e+02   0  y  0.00  1   !  -9.99000e+02  -99.000  -99.000  -999
OBS: 5999755  53724.039    69.00   0.0000e+00   3.2652e+02   1.9654e+02   0  y  0.00  1   !  -9.99000e+02  -99.000  -99.000  -999
OBS: 5999755  53726.039    71.00   0.0000e+00   2.8297e+02   1.7032e+02   0  y  0.00  1   !  -9.99000e+02  -99.000  -99.000  -999
OBS: 5999755  53728.039    73.00   0.0000e+00   2.6135e+02   1.5731e+02   0  y  0.00  1   !  -9.99000e+02  -99.000  -99.000  -999
OBS: 5999755  53730.039    75.00   0.0000e+00   2.4647e+02   1.4835e+02   0  y  0.00  1   !  -9.99000e+02  -99.000  -99.000  -999
OBS: 5999755  53732.039    77.00   0.0000e+00   2.3450e+02   1.4115e+02   0  y  0.00  1   !  -9.99000e+02  -99.000  -99.000  -999
OBS: 5999755  53734.039    79.00   0.0000e+00   2.1808e+02   1.3127e+02   0  y  0.00  1   !  -9.99000e+02  -99.000  -99.000  -999
OBS: 5999755  53736.039    81.00   0.0000e+00   2.0190e+02   1.2152e+02   0  y  0.00  1   !  -9.99000e+02  -99.000  -99.000  -999
OBS: 5999755  53738.039    83.00   0.0000e+00   1.8719e+02   1.1267e+02   0  y  0.00  1   !  -9.99000e+02  -99.000  -99.000  -999
OBS: 5999755  53740.039    85.00   0.0000e+00   1.7382e+02   1.0462e+02   0  y  0.00  1   !  -9.99000e+02  -99.000  -99.000  -999
OBS: 5999755  53742.039    87.00   0.0000e+00   1.6178e+02   9.7375e+01   0  y  0.00  1   !  -9.99000e+02  -99.000  -99.000  -999
OBS: 5999755  53744.039    89.00   0.0000e+00   1.5085e+02   9.0798e+01   0  y  0.00  1   !  -9.99000e+02  -99.000  -99.000  -999
OBS: 5999755  53746.039    91.00   0.0000e+00   1.3889e+02   8.3600e+01   0  y  0.00  1   !  -9.99000e+02  -99.000  -99.000  -999
OBS: 5999755  53748.039    93.00   0.0000e+00   1.2788e+02   7.6973e+01   0  y  0.00  1   !  -9.99000e+02  -99.000  -99.000  -999
OBS: 5999755  53750.039    95.00   0.0000e+00   1.1774e+02   7.0870e+01   0  y  0.00  1   !  -9.99000e+02  -99.000  -99.000  -999
OBS: 5999755  53752.039    97.00   0.0000e+00   1.0841e+02   6.5251e+01   0  y  0.00  1   !  -9.99000e+02  -99.000  -99.000  -999
OBS: 5999755  53754.039    99.00   0.0000e+00   9.9811e+01   6.0077e+01   0  y  0.00  1   !  -9.99000e+02  -99.000  -99.000  -999
OBS: 5999755  53756.039   101.00   0.0000e+00   9.1896e+01   5.5314e+01   0  y  0.00  1   !  -9.99000e+02  -99.000  -99.000  -999
OBS: 5999755  53758.039   103.00   0.0000e+00   8.4610e+01   5.0927e+01   0  y  0.00  1   !  -9.99000e+02  -99.000  -99.000  -999
OBS: 5999755  53760.039   105.00   0.0000e+00   7.7902e+01   4.6890e+01   0  y  0.00  1   !  -9.99000e+02  -99.000  -99.000  -999
OBS: 5999755  53762.039   107.00   0.0000e+00   7.1727e+01   4.3173e+01   0  y  0.00  1   !  -9.99000e+02  -99.000  -99.000  -999
OBS: 5999755  53764.039   109.00   0.0000e+00   6.6041e+01   3.9751e+01   0  y  0.00  1   !  -9.99000e+02  -99.000  -99.000  -999
OBS: 5999755  53766.039   111.00   0.0000e+00   6.0803e+01   3.6598e+01   0  y  0.00  1   !  -9.99000e+02  -99.000  -99.000  -999
OBS: 5999755  53768.039   113.00   0.0000e+00   5.5981e+01   3.3695e+01   0  y  0.00  1   !  -9.99000e+02  -99.000  -99.000  -999
OBS: 5999755  53770.039   115.00   0.0000e+00   5.1540e+01   3.1023e+01   0  y  0.00  1   !  -9.99000e+02  -99.000  -99.000  -999
OBS: 5999755  53772.039   117.00   0.0000e+00   4.7452e+01   2.8562e+01   0  y  0.00  1   !  -9.99000e+02  -99.000  -99.000  -999
OBS: 5999755  53774.039   119.00   0.0000e+00   4.3687e+01   2.6296e+01   0  y  0.00  1   !  -9.99000e+02  -99.000  -99.000  -999
OBS: 5999755  53776.039   121.00   0.0000e+00   4.0221e+01   2.4210e+01   0  y  0.00  1   !  -9.99000e+02  -99.000  -99.000  -999
OBS: 5999755  53778.039   123.00   0.0000e+00   3.7030e+01   2.2289e+01   0  y  0.00  1   !  -9.99000e+02  -99.000  -99.000  -999
OBS: 5999755  53780.039   125.00   0.0000e+00   3.4092e+01   2.0520e+01   0  y  0.00  1   !  -9.99000e+02  -99.000  -99.000  -999
OBS: 5999755  53782.039   127.00   0.0000e+00   3.1387e+01   1.8892e+01   0  y  0.00  1   !  -9.99000e+02  -99.000  -99.000  -999
OBS: 5999755  53784.039   129.00   0.0000e+00   2.8896e+01   1.7393e+01   0  y  0.00  1   !  -9.99000e+02  -99.000  -99.000  -999
OBS: 5999755  53786.039   131.00   0.0000e+00   2.6603e+01   1.6013e+01   0  y  0.00  1   !  -9.99000e+02  -99.000  -99.000  -999
OBS: 5999755  53788.039   133.00   0.0000e+00   2.4492e+01   1.4742e+01   0  y  0.00  1   !  -9.99000e+02  -99.000  -99.000  -999
OBS: 5999755  53790.039   135.00   0.0000e+00   2.2549e+01   1.3572e+01   0  y  0.00  1   !  -9.99000e+02  -99.000  -99.000  -999
OBS: 5999755  53792.039   137.00   0.0000e+00   2.0761e+01   1.2496e+01   0  y  0.00  1   !  -9.99000e+02  -99.000  -99.000  -999
OBS: 5999755  53794.039   139.00   0.0000e+00   1.9115e+01   1.1506e+01   0  y  0.00  1   !  -9.99000e+02  -99.000  -99.000  -999
OBS: 5999755  53653.871    -1.17   4.7987e+03   4.9997e+03   6.7399e+02   1  H  0.03  1   H  2.00266e+18  -0.047  -0.441  1.00000e+11
OBS: 5999755  53656.711     1.67   3.9542e+03   4.3353e+03   7.0728e+02   1  H  0.19  1   H  1.82045e+18  0.004  -0.030  1.00000e+11
OBS: 5999755  53656.719     1.68   3.9515e+03   4.3405e+03   6.5456e+02   1  H  0.23  1   H  1.82284e+18  0.004  -0.029  1.00000e+11
OBS: 5999755  53660.699     5.66   2.9640e+03   3.5315e+03   7.9866e+02   1  H  0.41  1   H  1.61038e+18  0.093  0.219  1.00000e+11
OBS: 5999755  53660.711     5.67   2.9620e+03   2.6374e+03   9.5200e+02   1  H  0.15  1   H  1.20308e+18  0.094  0.220  1.00000e+11
OBS: 5999755  53664.711     9.67   2.5155e+03   2.6027e+03   7.4514e+02   1  H  0.00  1   H  1.33513e+18  0.221  1.955  1.00000e+11
OBS: 5999755  53668.738    13.70   2.7060e+03   3.4039e+03   8.8738e+02   1  H  0.54  1   H  1.78948e+18  0.248  0.603  1.00000e+11
OBS: 5999755  53672.762    17.72   2.9804e+03   4.0792e+03   9.7825e+02   1  H  1.13  1   H  2.07686e+18  0.213  -1.273  1.00000e+11
OBS: 5999755  53672.770    17.73   2.9808e+03   4.2809e+03   8.3816e+02   1  H  2.15  1   H  2.17947e+18  0.213  -1.275  1.00000e+11
OBS: 5999755  53677.770    22.73   2.9559e+03   3.0135e+03   1.2302e+03   1  H  0.00  1   H  1.53068e+18  0.210  -1.437  1.00000e+11
OBS: 5999755  53680.730    25.69   2.6971e+03   5.9596e+03   1.4506e+03   1  H  4.84  1   H  2.93394e+18  0.176  -3.112  1.00000e+11
OBS: 5999755  53692.691    37.65   1.5944e+03   1.8801e+03   9.1768e+02   1  H  0.08  1   H  8.09056e+17  0.030  1.200  1.00000e+11
OBS: 5999755  53692.699    37.66   1.5939e+03   1.8876e+03   8.5148e+02   1  H  0.10  1   H  8.12244e+17  0.030  1.200  1.00000e+11
OBS: 5999755  53596.039   -59.00   0.0000e+00   0.0000e+00   0.0000e+00   0  H  0.00  1   !  -9.99000e+02  -99.000  -99.000  -999
OBS: 5999755  53598.039   -57.00   0.0000e+00   0.0000e+00   0.0000e+00   0  H  0.00  1   !  -9.99000e+02  -99.000  -99.000  -999
OBS: 5999755  53600.039   -55.00   0.0000e+00   0.0000e+00   0.0000e+00   0  H  0.00  1   !  -9.99000e+02  -99.000  -99.000  -999
OBS: 5999755  53602.039   -53.00   0.0000e+00   0.0000e+00   0.0000e+00   0  H  0.00  1   !  -9.99000e+02  -99.000  -99.000  -999
OBS: 5999755  53604.039   -51.00   0.0000e+00   0.0000e+00   0.0000e+00   0  H  0.00  1   !  -9.99000e+02  -99.000  -99.000  -999
OBS: 5999755  53606.039   -49.00   0.0000e+00   0.0000e+00   0.0000e+00   0  H  0.00  1   !  -9.99000e+02  -99.000  -99.000  -999
OBS: 5999755  53608.039   -47.00   0.0000e+00   0.0000e+00   0.0000e+00   0  H  0.00  1   !  -9.99000e+02  -99.000  -99.000  -999
OBS: 5999755  53610.039   -45.00   0.0000e+00   0.0000e+00   0.0000e+00   0  H  0.00  1   !  -9.99000e+02  -99.000  -99.000  -999
OBS: 5999755  53612.039   -43.00   0.0000e+00   0.0000e+00   0.0000e+00   0  H  0.00  1   !  -9.99000e+02  -99.000  -99.000  -999
OBS: 5999755  53614.039   -41.00   0.0000e+00   0.0000e+00   0.0000e+00   0  H  0.00  1   !  -9.99000e+02  -99.000  -99.000  -999
OBS: 5999755  53616.039   -39.00   0.0000e+00   0.0000e+00   0.0000e+00   0  H  0.00  1   !  -9.99000e+02  -99.000  -99.000  -999
OBS: 5999755  53618.039   -37.00   0.0000e+00   0.0000e+00   0.0000e+00   0  H  0.00  1   !  -9.99000e+02  -99.000  -99.000  -999
OBS: 5999755  53620.039   -35.00   0.0000e+00   0.0000e+00   0.0000e+00   0  H  0.00  1   !  -9.99000e+02  -99.000  -99.000  -999
OBS: 5999755  53622.039   -33.00   0.0000e+00   0.0000e+00   0.0000e+00   0  H  0.00  1   !  -9.99000e+02  -99.000  -99.000  -999
OBS: 5999755  53624.039   -31.00   0.0000e+00   0.0000e+00   0.0000e+00   0  H  0.00  1   !  -9.99000e+02  -99.000  -99.000  -999
OBS: 5999755  53626.039   -29.00   0.0000e+00   0.0000e+00   0.0000e+00   0  H  0.00  1   !  -9.99000e+02  -99.000  -99.000  -999
OBS: 5999755  53628.039   -27.00   0.0000e+00   0.0000e+00   0.0000e+00   0  H  0.00  1   !  -9.99000e+02  -99.000  -99.000  -999
OBS: 5999755  53630.039   -25.00   0.0000e+00   0.0000e+00   0.0000e+00   0  H  0.00  1   !  -9.99000e+02  -99.000  -99.000  -999
OBS: 5999755  53632.039   -23.00   0.0000e+00   0.0000e+00   0.0000e+00   0  H  0.00  1   !  -9.99000e+02  -99.000  -99.000  -999
OBS: 5999755  53634.039   -21.00   0.0000e+00   0.0000e+00   0.0000e+00   0  H  0.00  1   !  -9.99000e+02  -99.000  -99.000  -999
OBS: 5999755  53636.039   -19.00   0.0000e+00   6.5379e+02   3.9352e+02   0  H  0.00  1   !  -9.99000e+02  -99.000  -99.000  -999
OBS: 5999755  53638.039   -17.00   0.0000e+00   6.4090e+02   3.8577e+02   0  H  0.00  1   !  -9.99000e+02  -99.000  -99.000  -999
OBS: 5999755  53640.039   -15.00   0.0000e+00   8.8957e+02   5.3544e+02   0  H  0.00  1   !  -9.99000e+02  -99.000  -99.000  -999
OBS: 5999755  53642.039   -13.00   0.0000e+00   1.7825e+03   4.6695e+02   0  H  0.00  1   !  -9.99000e+02  -99.000  -99.000  -999
OBS: 5999755  53644.039   -11.00   0.0000e+00   2.8543e+03   3.7864e+02   0  H  0.00  1   !  -9.99000e+02  -99.000  -99.000  -999
OBS: 5999755  53646.039    -9.00   0.0000e+00   3.8886e+03   2.9140e+02   0  H  0.00  1   !  -9.99000e+02  -99.000  -99.000  -999
OBS: 5999755  53648.039    -7.00   0.0000e+00   4.7525e+03   2.2873e+02   0  H  0.00  1   !  -9.99000e+02  -99.000  -99.000  -999
OBS: 5999755  53650.039    -5.00   0.0000e+00   5.2613e+03   1.9067e+02   0  H  0.00  1   !  -9.99000e+02  -99.000  -99.000  -999
OBS: 5999755  53652.039    -3.00   0.0000e+00   5.3018e+03   1.7779e+02   0  H  0.00  1   !  -9.99000e+02  -99.000  -99.000  -999
OBS: 5999755  53654.039    -1.00   0.0000e+00   4.8250e+03   1.7095e+02   0  H  0.00  1   !  -9.99000e+02  -99.000  -99.000  -999
OBS: 5999755  53656.039     1.00   0.0000e+00   4.2106e+03   1.5674e+02   0  H  0.00  1   !  -9.99000e+02  -99.000  -99.000  -999
OBS: 5999755  53658.039     3.00   0.0000e+00   3.6696e+03   1.5073e+02   0  H  0.00  1   !  -9.99000e+02  -99.000  -99.000  -999
OBS: 5999755  53660.039     5.00   0.0000e+00   3.1549e+03   1.5277e+02   0  H  0.00  1   !  -9.99000e+02  -99.000  -99.000  -999
OBS: 5999755  53662.039     7.00   0.0000e+00   2.7690e+03   1.4899e+02   0  H  0.00  1   !  -9.99000e+02  -99.000  -99.000  -999
OBS: 5999755  53664.039     9.00   0.0000e+00   2.5742e+03   1.3674e+02   0  H  0.00  1   !  -9.99000e+02  -99.000  -99.000  -999
OBS: 5999755  53666.039    11.00   0.0000e+00   2.5549e+03   1.2550e+02   0  H  0.00  1   !  -9.99000e+02  -99.000  -99.000  -999
OBS: 5999755  53668.039    13.00   0.0000e+00   2.6769e+03   1.2700e+02   0  H  0.00  1   !  -9.99000e+02  -99.000  -99.000  -999
OBS: 5999755  53670.039    15.00   0.0000e+00   2.8767e+03   1.4405e+02   0  H  0.00  1   !  -9.99000e+02  -99.000  -99.000  -999
OBS: 5999755  53672.039    17.00   0.0000e+00   2.9978e+03   1.7144e+02   0  H  0.00  1   !  -9.99000e+02  -99.000  -99.000  -999
OBS: 5999755  53674.039    19.00   0.0000e+00   3.0470e+03   1.9777e+02   0  H  0.00  1   !  -9.99000e+02  -99.000  -99.000  -999
OBS: 5999755  53676.039    21.00   0.0000e+00   3.0593e+03   2.1044e+02   0  H  0.00  1   !  -9.99000e+02  -99.000  -99.000  -999
OBS: 5999755  53678.039    23.00   0.0000e+00   2.9846e+03   2.1224e+02   0  H  0.00  1   !  -9.99000e+02  -99.000  -99.000  -999
OBS: 5999755  53680.039    25.00   0.0000e+00   2.8179e+03   2.0994e+02   0  H  0.00  1   !  -9.99000e+02  -99.000  -99.000  -999
OBS: 5999755  53682.039    27.00   0.0000e+00   2.5484e+03   1.9780e+02   0  H  0.00  1   !  -9.99000e+02  -99.000  -99.000  -999
OBS: 5999755  53684.039    29.00   0.0000e+00   2.2383e+03   1.7795e+02   0  H  0.00  1   !  -9.99000e+02  -99.000  -99.000  -999
OBS: 5999755  53686.039    31.00   0.0000e+00   1.9781e+03   1.6201e+02   0  H  0.00  1   !  -9.99000e+02  -99.000  -99.000  -999
OBS: 5999755  53688.039    33.00   0.0000e+00   1.8010e+03   1.5346e+02   0  H  0.00  1   !  -9.99000e+02  -99.000  -99.000  -999
OBS: 5999755  53690.039    35.00   0.0000e+00   1.7070e+03   1.5504e+02   0  H  0.00  1   !  -9.99000e+02  -99.000  -99.000  -999
OBS: 5999755  53692.039    37.00   0.0000e+00   1.6451e+03   1.7204e+02   0  H  0.00  1   !  -9.99000e+02  -99.000  -99.000  -999
OBS: 5999755  53694.039    39.00   0.0000e+00   1.5451e+03   1.9806e+02   0  H  0.00  1   !  -9.99000e+02  -99.000  -99.000  -999
OBS: 5999755  53696.039    41.00   0.0000e+00   1.4157e+03   2.1558e+02   0  H  0.00  1   !  -9.99000e+02  -99.000  -99.000  -999
OBS: 5999755  53698.039    43.00   0.0000e+00   1.2417e+03   2.1329e+02   0  H  0.00  1   !  -9.99000e+02  -99.000  -99.000  -999
OBS: 5999755  53700.039    45.00   0.0000e+00   1.0794e+03   2.0840e+02   0  H  0.00  1   !  -9.99000e+02  -99.000  -99.000  -999
OBS: 5999755  53702.039    47.00   0.0000e+00   9.5476e+02   2.1888e+02   0  H  0.00  1   !  -9.99000e+02  -99.000  -99.000  -999
OBS: 5999755  53704.039    49.00   0.0000e+00   8.6415e+02   2.3299e+02   0  H  0.00  1   !  -9.99000e+02  -99.000  -99.000  -999
OBS: 5999755  53706.039    51.00   0.0000e+00   7.8442e+02   2.3306e+02   0  H  0.00  1   !  -9.99000e+02  -99.000  -99.000  -999
OBS: 5999755  53708.039    53.00   0.0000e+00   7.0677e+02   2.3619e+02   0  H  0.00  1   !  -9.99000e+02  -99.000  -99.000  -999
OBS: 5999755  53710.039    55.00   0.0000e+00   6.2998e+02   3.7919e+02   0  H  0.00  1   !  -9.99000e+02  -99.000  -99.000  -999
OBS: 5999755  53712.039    57.00   0.0000e+00   5.5588e+02   3.3459e+02   0  H  0.00  1   !  -9.99000e+02  -99.000  -99.000  -999
OBS: 5999755  53714.039    59.00   0.0000e+00   4.7684e+02   2.8702e+02   0  H  0.00  1   !  -9.99000e+02  -99.000  -99.000  -999
OBS: 5999755  53716.039    61.00   0.0000e+00   3.9572e+02   2.3819e+02   0  H  0.00  1   !  -9.99000e+02  -99.000  -99.000  -999
OBS: 5999755  53718.039    63.00   0.0000e+00   3.0842e+02   1.8564e+02   0  H  0.00  1   !  -9.99000e+02  -99.000  -99.000  -999
OBS: 5999755  53720.039    65.00   0.0000e+00   1.8198e+02   1.0954e+02   0  H  0.00  1   !  -9.99000e+02  -99.000  -99.000  -999
OBS: 5999755  53722.039    67.00   0.0000e+00   1.2536e+02   7.5455e+01   0  H  0.00  1   !  -9.99000e+02  -99.000  -99.000  -999
OBS: 5999755  53724.039    69.00   0.0000e+00   9.9902e+01   6.0132e+01   0  H  0.00  1   !  -9.99000e+02  -99.000  -99.000  -999
OBS: 5999755  53726.039    71.00   0.0000e+00   8.5196e+01   5.1281e+01   0  H  0.00  1   !  -9.99000e+02  -99.000  -99.000  -999
OBS: 5999755  53728.039    73.00   0.0000e+00   7.2582e+01   4.3688e+01   0  H  0.00  1   !  -9.99000e+02  -99.000  -99.000  -999
OBS: 5999755  53730.039    75.00   0.0000e+00   6.1248e+01   3.6866e+01   0  H  0.00  1   !  -9.99000e+02  -99.000  -99.000  -999
OBS: 5999755  53732.039    77.00   0.0000e+00   5.2280e+01   3.1468e+01   0  H  0.00  1   !  -9.99000e+02  -99.000  -99.000  -999
OBS: 5999755  53734.039    79.00   0.0000e+00   4.5460e+01   2.7363e+01   0  H  0.00  1   !  -9.99000e+02  -99.000  -99.000  -999
OBS: 5999755  53736.039    81.00   0.0000e+00   3.9684e+01   2.3887e+01   0  H  0.00  1   !  -9.99000e+02  -99.000  -99.000  -999
OBS: 5999755  53738.039    83.00   0.0000e+00   3.4650e+01   2.0856e+01   0  H  0.00  1   !  -9.99000e+02  -99.000  -99.000  -999
OBS: 5999755  53740.039    85.00   0.0000e+00   3.0261e+01   1.8215e+01   0  H  0.00  1   !  -9.99000e+02  -99.000  -99.000  -999
OBS: 5999755  53742.039    87.00   0.0000e+00   2.6440e+01   1.5915e+01   0  H  0.00  1   !  -9.99000e+02  -99.000  -99.000  -999
OBS: 5999755  53744.039    89.00   0.0000e+00   2.3111e+01   1.3911e+01   0  H  0.00  1   !  -9.99000e+02  -99.000  -99.000  -999
OBS: 5999755  53746.039    91.00   0.0000e+00   2.0142e+01   1.2124e+01   0  H  0.00  1   !  -9.99000e+02  -99.000  -99.000  -999
OBS: 5999755  53748.039    93.00   0.0000e+00   1.7554e+01   1.0566e+01   0  H  0.00  1   !  -9.99000e+02  -99.000  -99.000  -999
OBS: 5999755  53750.039    95.00   0.0000e+00   1.5299e+01   9.2088e+00   0  H  0.00  1   !  -9.99000e+02  -99.000  -99.000  -999
OBS: 5999755  53752.039    97.00   0.0000e+00   1.3334e+01   8.0258e+00   0  H  0.00  1   !  -9.99000e+02  -99.000  -99.000  -999
OBS: 5999755  53754.039    99.00   0.0000e+00   1.1621e+01   6.9948e+00   0  H  0.00  1   !  -9.99000e+02  -99.000  -99.000  -999
OBS: 5999755  53756.039   101.00   0.0000e+00   1.0128e+01   6.0962e+00   0  H  0.00  1   !  -9.99000e+02  -99.000  -99.000  -999
OBS: 5999755  53758.039   103.00   0.0000e+00   8.8271e+00   5.3131e+00   0  H  0.00  1   !  -9.99000e+02  -99.000  -99.000  -999
OBS: 5999755  53760.039   105.00   0.0000e+00   7.6931e+00   4.6306e+00   0  H  0.00  1   !  -9.99000e+02  -99.000  -99.000  -999
OBS: 5999755  53762.039   107.00   0.0000e+00   6.7048e+00   4.0357e+00   0  H  0.00  1   !  -9.99000e+02  -99.000  -99.000  -999
OBS: 5999755  53764.039   109.00   0.0000e+00   5.8435e+00   3.5173e+00   0  H  0.00  1   !  -9.99000e+02  -99.000  -99.000  -999
OBS: 5999755  53766.039   111.00   0.0000e+00   5.0929e+00   3.0654e+00   0  H  0.00  1   !  -9.99000e+02  -99.000  -99.000  -999
OBS: 5999755  53768.039   113.00   0.0000e+00   4.4386e+00   2.6717e+00   0  H  0.00  1   !  -9.99000e+02  -99.000  -99.000  -999
OBS: 5999755  53770.039   115.00   0.0000e+00   3.8684e+00   2.3284e+00   0  H  0.00  1   !  -9.99000e+02  -99.000  -99.000  -999
OBS: 5999755  53772.039   117.00   0.0000e+00   3.3715e+00   2.0293e+00   0  H  0.00  1   !  -9.99000e+02  -99.000  -99.000  -999
OBS: 5999755  53774.039   119.00   0.0000e+00   2.9384e+00   1.7686e+00   0  H  0.00  1   !  -9.99000e+02  -99.000  -99.000  -999
OBS: 5999755  53776.039   121.00   0.0000e+00   2.5609e+00   1.5414e+00   0  H  0.00  1   !  -9.99000e+02  -99.000  -99.000  -999
OBS: 5999755  53778.039   123.00   0.0000e+00   2.2319e+00   1.3434e+00   0  H  0.00  1   !  -9.99000e+02  -99.000  -99.000  -999
OBS: 5999755  53780.039   125.00   0.0000e+00   1.9452e+00   1.1708e+00   0  H  0.00  1   !  -9.99000e+02  -99.000  -99.000  -999
OBS: 5999755  53782.039   127.00   0.0000e+00   1.6953e+00   1.0204e+00   0  H  0.00  1   !  -9.99000e+02  -99.000  -99.000  -999
OBS: 5999755  53784.039   129.00   0.0000e+00   1.4775e+00   8.8935e-01   0  H  0.00  1   !  -9.99000e+02  -99.000  -99.000  -999
OBS: 5999755  53786.039   131.00   0.0000e+00   1.2877e+00   7.7510e-01   0  H  0.00  1   !  -9.99000e+02  -99.000  -99.000  -999
OBS: 5999755  53788.039   133.00   0.0000e+00   1.1223e+00   6.7553e-01   0  H  0.00  1   !  -9.99000e+02  -99.000  -99.000  -999
OBS: 5999755  53790.039   135.00   0.0000e+00   9.7813e-01   5.8875e-01   0  H  0.00  1   !  -9.99000e+02  -99.000  -99.000  -999
OBS: 5999755  53792.039   137.00   0.0000e+00   8.5248e-01   5.1312e-01   0  H  0.00  1   !  -9.99000e+02  -99.000  -99.000  -999
OBS: 5999755  53794.039   139.00   0.0000e+00   7.4297e-01   4.4720e-01   0  H  0.00  1   !  -9.99000e+02  -99.000  -99.000  -999
