VARNAMES: CID MJD Tobs SIM_FLUXCAL FLUXCAL FLUXCAL_ERR DATAFLAG BAND CHI2 IFIT BAND_REST FLUX_REST KCOR AVWARP SIM_FLUX_REST 
OBS: 6000269  53688.520    -9.77   3.2472e+03   4.0080e+03   9.4861e+02   1  J  0.31  1   J  3.56715e+18  -0.059  4.094  1.00000e+11
OBS: 6000269  53688.531    -9.76   3.2489e+03   2.5792e+03   8.0721e+02   1  J  1.24  1   J  2.29527e+18  -0.059  4.085  1.00000e+11
OBS: 6000269  53691.531    -6.76   3.4851e+03   2.5207e+03   9.0626e+02   1  J  1.78  1   J  2.19085e+18  -0.085  2.142  1.00000e+11
OBS: 6000269  53691.531    -6.76   3.4851e+03   5.1374e+03   1.0265e+03   1  J  1.85  1   J  4.46520e+18  -0.085  2.142  1.00000e+11
OBS: 6000269  53693.531    -4.76   3.5017e+03   1.9650e+03   1.2534e+03   1  J  2.02  1   J  1.68349e+18  -0.100  1.414  1.00000e+11
OBS: 6000269  53693.539    -4.75   3.5015e+03   4.5152e+03   9.3250e+02   1  J  0.66  1   J  3.86805e+18  -0.100  1.411  1.00000e+11
OBS: 6000269  53696.480    -1.81   3.2637e+03   2.7886e+03   8.4554e+02   1  J  0.69  1   J  2.33270e+18  -0.126  0.511  1.00000e+11
OBS: 6000269  53696.488    -1.80   3.2625e+03   3.6356e+03   8.5247e+02   1  J  0.03  1   J  3.04082e+18  -0.126  0.508  1.00000e+11
OBS: 6000269  53701.531     3.24   2.2393e+03   3.3701e+03   9.5612e+02   1  J  1.02  1   J  2.83763e+18  -0.119  -0.212  1.00000e+11
OBS: 6000269  53701.539     3.25   2.2373e+03   2.4207e+03   1.0150e+03   1  J  0.00  1   J  2.03806e+18  -0.119  -0.211  1.00000e+11
OBS: 6000269  53705.488     7.20   1.5665e+03   2.1744e+03   8.1285e+02   1  J  0.37  1   J  1.76827e+18  -0.157  0.929  1.00000e+11
OBS: 6000269  53705.488     7.20   1.5665e+03   6.6336e+02   6.3968e+02   1  J  2.47  1   J  5.39474e+17  -0.157  0.929  1.00000e+11
OBS: 6000269  53710.520    12.23   1.0172e+03   2.1621e+03   1.2256e+03   1  J  0.76  1   J  1.72877e+18  -0.175  2.346  1.00000e+11
OBS: 6000269  53710.520    12.23   1.0172e+03   3.7549e+01   1.1569e+03   1  J  0.82  1   J  3.00227e+16  -0.175  2.346  1.00000e+11
OBS: 6000269  53714.539    16.25   1.0050e+03   8.4388e+02   8.8376e+02   1  J  0.07  1   J  6.40973e+17  -0.231  3.609  1.00000e+11
OBS: 6000269  53714.551    16.26   1.0052e+03   2.6840e+02   8.5327e+02   1  J  0.89  1   J  2.03866e+17  -0.231  3.611  1.00000e+11
OBS: 6000269  53718.531    20.24   1.1052e+03   1.0420e+03   7.7849e+02   1  J  0.03  1   J  7.76417e+17  -0.252  3.851  1.00000e+11
OBS: 6000269  53718.539    20.25   1.1055e+03   2.0449e+02   7.6059e+02   1  J  1.64  1   J  1.52351e+17  -0.252  3.849  1.00000e+11
OBS: 6000269  53639.285   -59.00   0.0000e+00   0.0000e+00   0.0000e+00   0  J  0.00  1   !  -9.99000e+02  -99.000  -99.000  -999
OBS: 6000269  53641.285   -57.00   0.0000e+00   0.0000e+00   0.0000e+00   0  J  0.00  1   !  -9.99000e+02  -99.000  -99.000  -999
OBS: 6000269  53643.285   -55.00   0.0000e+00   0.0000e+00   0.0000e+00   0  J  0.00  1   !  -9.99000e+02  -99.000  -99.000  -999
OBS: 6000269  53645.285   -53.00   0.0000e+00   0.0000e+00   0.0000e+00   0  J  0.00  1   !  -9.99000e+02  -99.000  -99.000  -999
OBS: 6000269  53647.285   -51.00   0.0000e+00   0.0000e+00   0.0000e+00   0  J  0.00  1   !  -9.99000e+02  -99.000  -99.000  -999
OBS: 6000269  53649.285   -49.00   0.0000e+00   0.0000e+00   0.0000e+00   0  J  0.00  1   !  -9.99000e+02  -99.000  -99.000  -999
OBS: 6000269  53651.285   -47.00   0.0000e+00   0.0000e+00   0.0000e+00   0  J  0.00  1   !  -9.99000e+02  -99.000  -99.000  -999
OBS: 6000269  53653.285   -45.00   0.0000e+00   0.0000e+00   0.0000e+00   0  J  0.00  1   !  -9.99000e+02  -99.000  -99.000  -999
OBS: 6000269  53655.285   -43.00   0.0000e+00   0.0000e+00   0.0000e+00   0  J  0.00  1   !  -9.99000e+02  -99.000  -99.000  -999
OBS: 6000269  53657.285   -41.00   0.0000e+00   0.0000e+00   0.0000e+00   0  J  0.00  1   !  -9.99000e+02  -99.000  -99.000  -999
OBS: 6000269  53659.285   -39.00   0.0000e+00   0.0000e+00   0.0000e+00   0  J  0.00  1   !  -9.99000e+02  -99.000  -99.000  -999
OBS: 6000269  53661.285   -37.00   0.0000e+00   0.0000e+00   0.0000e+00   0  J  0.00  1   !  -9.99000e+02  -99.000  -99.000  -999
OBS: 6000269  53663.285   -35.00   0.0000e+00   0.0000e+00   0.0000e+00   0  J  0.00  1   !  -9.99000e+02  -99.000  -99.000  -999
OBS: 6000269  53665.285   -33.00   0.0000e+00   0.0000e+00   0.0000e+00   0  J  0.00  1   !  -9.99000e+02  -99.000  -99.000  -999
OBS: 6000269  53667.285   -31.00   0.0000e+00   0.0000e+00   0.0000e+00   0  J  0.00  1   !  -9.99000e+02  -99.000  -99.000  -999
OBS: 6000269  53669.285   -29.00   0.0000e+00   0.0000e+00   0.0000e+00   0  J  0.00  1   !  -9.99000e+02  -99.000  -99.000  -999
OBS: 6000269  53671.285   -27.00   0.0000e+00   0.0000e+00   0.0000e+00   0  J  0.00  1   !  -9.99000e+02  -99.000  -99.000  -999
OBS: 6000269  53673.285   -25.00   0.0000e+00   0.0000e+00   0.0000e+00   0  J  0.00  1   !  -9.99000e+02  -99.000  -99.000  -999
OBS: 6000269  53675.285   -23.00   0.0000e+00   0.0000e+00   0.0000e+00   0  J  0.00  1   !  -9.99000e+02  -99.000  -99.000  -999
OBS: 6000269  53677.285   -21.00   0.0000e+00   1.5557e+03   9.3640e+02   0  J  0.00  1   !  -9.99000e+02  -99.000  -99.000  -999
OBS: 6000269  53679.285   -19.00   0.0000e+00   1.5634e+03   9.4100e+02   0  J  0.00  1   !  -9.99000e+02  -99.000  -99.000  -999
OBS: 6000269  53681.285   -17.00   0.0000e+00   1.5597e+03   9.3880e+02   0  J  0.00  1   !  -9.99000e+02  -99.000  -99.000  -999
OBS: 6000269  53683.285   -15.00   0.0000e+00   1.9294e+03   2.0315e+02   0  J  0.00  1   !  -9.99000e+02  -99.000  -99.000  -999
OBS: 6000269  53685.285   -13.00   0.0000e+00   2.6546e+03   7.5250e+01   0  J  0.00  1   !  -9.99000e+02  -99.000  -99.000  -999
OBS: 6000269  53687.285   -11.00   0.0000e+00   3.2315e+03   9.1143e+01   0  J  0.00  1   !  -9.99000e+02  -99.000  -99.000  -999
OBS: 6000269  53689.285    -9.00   0.0000e+00   3.5787e+03   9.6208e+01   0  J  0.00  1   !  -9.99000e+02  -99.000  -99.000  -999
OBS: 6000269  53691.285    -7.00   0.0000e+00   3.7232e+03   8.8419e+01   0  J  0.00  1   !  -9.99000e+02  -99.000  -99.000  -999
OBS: 6000269  53693.285    -5.00   0.0000e+00   3.7591e+03   8.3734e+01   0  J  0.00  1   !  -9.99000e+02  -99.000  -99.000  -999
OBS: 6000269  53695.285    -3.00   0.0000e+00   3.6366e+03   9.3289e+01   0  J  0.00  1   !  -9.99000e+02  -99.000  -99.000  -999
OBS: 6000269  53697.285    -1.00   0.0000e+00   3.3858e+03   9.7559e+01   0  J  0.00  1   !  -9.99000e+02  -99.000  -99.000  -999
OBS: 6000269  53699.285     1.00   0.0000e+00   2.9437e+03   9.6570e+01   0  J  0.00  1   !  -9.99000e+02  -99.000  -99.000  -999
OBS: 6000269  53701.285     3.00   0.0000e+00   2.4540e+03   9.4449e+01   0  J  0.00  1   !  -9.99000e+02  -99.000  -99.000  -999
OBS: 6000269  53703.285     5.00   0.0000e+00   2.0606e+03   9.0486e+01   0  J  0.00  1   !  -9.99000e+02  -99.000  -99.000  -999
OBS: 6000269  53705.285     7.00   0.0000e+00   1.7125e+03   8.8968e+01   0  J  0.00  1   !  -9.99000e+02  -99.000  -99.000  -999
OBS: 6000269  53707.285     9.00   0.0000e+00   1.4079e+03   9.6405e+01   0  J  0.00  1   !  -9.99000e+02  -99.000  -99.000  -999
OBS: 6000269  53709.285    11.00   0.0000e+00   1.1822e+03   1.0889e+02   0  J  0.00  1   !  -9.99000e+02  -99.000  -99.000  -999
OBS: 6000269  53711.285    13.00   0.0000e+00   1.0609e+03   1.1035e+02   0  J  0.00  1   !  -9.99000e+02  -99.000  -99.000  -999
OBS: 6000269  53713.285    15.00   0.0000e+00   1.0617e+03   1.0778e+02   0  J  0.00  1   !  -9.99000e+02  -99.000  -99.000  -999
OBS: 6000269  53715.285    17.00   0.0000e+00   1.0910e+03   9.6124e+01   0  J  0.00  1   !  -9.99000e+02  -99.000  -99.000  -999
OBS: 6000269  53717.285    19.00   0.0000e+00   1.1469e+03   8.1192e+01   0  J  0.00  1   !  -9.99000e+02  -99.000  -99.000  -999
OBS: 6000269  53719.285    21.00   0.0000e+00   1.2105e+03   8.9568e+01   0  J  0.00  1   !  -9.99000e+02  -99.000  -99.000  -999
OBS: 6000269  53721.285    23.00   0.0000e+00   1.2990e+03   1.1198e+02   0  J  0.00  1   !  -9.99000e+02  -99.000  -99.000  -999
OBS: 6000269  53723.285    25.00   0.0000e+00   1.3919e+03   1.2538e+02   0  J  0.00  1   !  -9.99000e+02  -99.000  -99.000  -999
OBS: 6000269  53725.285    27.00   0.0000e+00   1.4766e+03   1.3177e+02   0  J  0.00  1   !  -9.99000e+02  -99.000  -99.000  -999
OBS: 6000269  53727.285    29.00   0.0000e+00   1.5667e+03   1.3683e+02   0  J  0.00  1   !  -9.99000e+02  -99.000  -99.000  -999
OBS: 6000269  53729.285    31.00   0.0000e+00   1.6531e+03   1.4204e+02   0  J  0.00  1   !  -9.99000e+02  -99.000  -99.000  -999
OBS: 6000269  53731.285    33.00   0.0000e+00   1.7743e+03   1.6519e+02   0  J  0.00  1   !  -9.99000e+02  -99.000  -99.000  -999
OBS: 6000269  53733.285    35.00   0.0000e+00   1.9450e+03   2.0376e+02   0  J  0.00  1   !  -9.99000e+02  -99.000  -99.000  -999
OBS: 6000269  53735.285    37.00   0.0000e+00   2.0651e+03   2.3059e+02   0  J  0.00  1   !  -9.99000e+02  -99.000  -99.000  -999
OBS: 6000269  53737.285    39.00   0.0000e+00   2.0600e+03   2.4269e+02   0  J  0.00  1   !  -9.99000e+02  -99.000  -99.000  -999
OBS: 6000269  53739.285    41.00   0.0000e+00   1.9277e+03   2.4386e+02   0  J  0.00  1   !  -9.99000e+02  -99.000  -99.000  -999
OBS: 6000269  53741.285    43.00   0.0000e+00   1.7125e+03   2.2350e+02   0  J  0.00  1   !  -9.99000e+02  -99.000  -99.000  -999
OBS: 6000269  53743.285    45.00   0.0000e+00   1.4544e+03   1.8318e+02   0  J  0.00  1   !  -9.99000e+02  -99.000  -99.000  -999
OBS: 6000269  53745.285    47.00   0.0000e+00   1.2061e+03   1.3908e+02   0  J  0.00  1   !  -9.99000e+02  -99.000  -99.000  -999
OBS: 6000269  53747.285    49.00   0.0000e+00   1.0462e+03   1.1820e+02   0  J  0.00  1   !  -9.99000e+02  -99.000  -99.000  -999
OBS: 6000269  53749.285    51.00   0.0000e+00   9.7108e+02   1.7012e+02   0  J  0.00  1   !  -9.99000e+02  -99.000  -99.000  -999
OBS: 6000269  53751.285    53.00   0.0000e+00   9.2797e+02   2.6906e+02   0  J  0.00  1   !  -9.99000e+02  -99.000  -99.000  -999
OBS: 6000269  53753.285    55.00   0.0000e+00   8.8339e+02   5.3172e+02   0  J  0.00  1   !  -9.99000e+02  -99.000  -99.000  -999
OBS: 6000269  53755.285    57.00   0.0000e+00   8.2442e+02   4.9623e+02   0  J  0.00  1   !  -9.99000e+02  -99.000  -99.000  -999
OBS: 6000269  53757.285    59.00   0.0000e+00   7.4251e+02   4.4692e+02   0  J  0.00  1   !  -9.99000e+02  -99.000  -99.000  -999
OBS: 6000269  53759.285    61.00   0.0000e+00   6.7107e+02   4.0393e+02   0  J  0.00  1   !  -9.99000e+02  -99.000  -99.000  -999
OBS: 6000269  53761.285    63.00   0.0000e+00   6.0907e+02   3.6661e+02   0  J  0.00  1   !  -9.99000e+02  -99.000  -99.000  -999
OBS: 6000269  53763.285    65.00   0.0000e+00   5.3213e+02   3.2030e+02   0  J  0.00  1   !  -9.99000e+02  -99.000  -99.000  -999
OBS: 6000269  53765.285    67.00   0.0000e+00   4.4705e+02   2.6908e+02   0  J  0.00  1   !  -9.99000e+02  -99.000  -99.000  -999
OBS: 6000269  53767.285    69.00   0.0000e+00   3.8751e+02   2.3325e+02   0  J  0.00  1   !  -9.99000e+02  -99.000  -99.000  -999
OBS: 6000269  53769.285    71.00   0.0000e+00   3.4574e+02   2.0810e+02   0  J  0.00  1   !  -9.99000e+02  -99.000  -99.000  -999
OBS: 6000269  53771.285    73.00   0.0000e+00   3.1345e+02   1.8867e+02   0  J  0.00  1   !  -9.99000e+02  -99.000  -99.000  -999
OBS: 6000269  53773.285    75.00   0.0000e+00   2.8624e+02   1.7229e+02   0  J  0.00  1   !  -9.99000e+02  -99.000  -99.000  -999
OBS: 6000269  53775.285    77.00   0.0000e+00   2.5776e+02   1.5515e+02   0  J  0.00  1   !  -9.99000e+02  -99.000  -99.000  -999
OBS: 6000269  53777.285    79.00   0.0000e+00   2.2600e+02   1.3603e+02   0  J  0.00  1   !  -9.99000e+02  -99.000  -99.000  -999
OBS: 6000269  53779.285    81.00   0.0000e+00   2.1457e+02   1.2915e+02   0  J  0.00  1   !  -9.99000e+02  -99.000  -99.000  -999
OBS: 6000269  53781.285    83.00   0.0000e+00   2.0440e+02   1.2303e+02   0  J  0.00  1   !  -9.99000e+02  -99.000  -99.000  -999
OBS: 6000269  53783.285    85.00   0.0000e+00   1.9481e+02   1.1726e+02   0  J  0.00  1   !  -9.99000e+02  -99.000  -99.000  -999
OBS: 6000269  53785.285    87.00   0.0000e+00   1.8565e+02   1.1175e+02   0  J  0.00  1   !  -9.99000e+02  -99.000  -99.000  -999
OBS: 6000269  53787.285    89.00   0.0000e+00   1.7659e+02   1.0629e+02   0  J  0.00  1   !  -9.99000e+02  -99.000  -99.000  -999
OBS: 6000269  53789.285    91.00   0.0000e+00   1.6772e+02   1.0095e+02   0  J  0.00  1   !  -9.99000e+02  -99.000  -99.000  -999
OBS: 6000269  53791.285    93.00   0.0000e+00   1.6177e+02   9.7372e+01   0  J  0.00  1   !  -9.99000e+02  -99.000  -99.000  -999
OBS: 6000269  53793.285    95.00   0.0000e+00   1.5603e+02   9.3919e+01   0  J  0.00  1   !  -9.99000e+02  -99.000  -99.000  -999
OBS: 6000269  53795.285    97.00   0.0000e+00   1.5050e+02   9.0589e+01   0  J  0.00  1   !  -9.99000e+02  -99.000  -99.000  -999
OBS: 6000269  53797.285    99.00   0.0000e+00   1.4517e+02   8.7377e+01   0  J  0.00  1   !  -9.99000e+02  -99.000  -99.000  -999
OBS: 6000269  53799.285   101.00   0.0000e+00   1.4002e+02   8.4279e+01   0  J  0.00  1   !  -9.99000e+02  -99.000  -99.000  -999
OBS: 6000269  53801.285   103.00   0.0000e+00   1.3505e+02   8.1291e+01   0  J  0.00  1   !  -9.99000e+02  -99.000  -99.000  -999
OBS: 6000269  53803.285   105.00   0.0000e+00   1.3027e+02   7.8409e+01   0  J  0.00  1   !  -9.99000e+02  -99.000  -99.000  -999
OBS: 6000269  53805.285   107.00   0.0000e+00   1.2565e+02   7.5629e+01   0  J  0.00  1   !  -9.99000e+02  -99.000  -99.000  -999
OBS: 6000269  53807.285   109.00   0.0000e+00   1.2119e+02   7.2947e+01   0  J  0.00  1   !  -9.99000e+02  -99.000  -99.000  -999
OBS: 6000269  53809.285   111.00   0.0000e+00   1.1690e+02   7.0361e+01   0  J  0.00  1   !  -9.99000e+02  -99.000  -99.000  -999
OBS: 6000269  53811.285   113.00   0.0000e+00   1.1275e+02   6.7866e+01   0  J  0.00  1   !  -9.99000e+02  -99.000  -99.000  -999
OBS: 6000269  53813.285   115.00   0.0000e+00   1.0875e+02   6.5460e+01   0  J  0.00  1   !  -9.99000e+02  -99.000  -99.000  -999
OBS: 6000269  53815.285   117.00   0.0000e+00   1.0490e+02   6.3139e+01   0  J  0.00  1   !  -9.99000e+02  -99.000  -99.000  -999
OBS: 6000269  53817.285   119.00   0.0000e+00   1.0118e+02   6.0900e+01   0  J  0.00  1   !  -9.99000e+02  -99.000  -99.000  -999
OBS: 6000269  53819.285   121.00   0.0000e+00   9.7590e+01   5.8741e+01   0  J  0.00  1   !  -9.99000e+02  -99.000  -99.000  -999
OBS: 6000269  53821.285   123.00   0.0000e+00   9.4130e+01   5.6658e+01   0  J  0.00  1   !  -9.99000e+02  -99.000  -99.000  -999
OBS: 6000269  53823.285   125.00   0.0000e+00   9.0793e+01   5.4649e+01   0  J  0.00  1   !  -9.99000e+02  -99.000  -99.000  -999
OBS: 6000269  53825.285   127.00   0.0000e+00   8.7574e+01   5.2712e+01   0  J  0.00  1   !  -9.99000e+02  -99.000  -99.000  -999
OBS: 6000269  53827.285   129.00   0.0000e+00   8.4469e+01   5.0843e+01   0  J  0.00  1   !  -9.99000e+02  -99.000  -99.000  -999
OBS: 6000269  53829.285   131.00   0.0000e+00   8.1474e+01   4.9040e+01   0  J  0.00  1   !  -9.99000e+02  -99.000  -99.000  -999
OBS: 6000269  53831.285   133.00   0.0000e+00   7.8585e+01   4.7301e+01   0  J  0.00  1   !  -9.99000e+02  -99.000  -99.000  -999
OBS: 6000269  53833.285   135.00   0.0000e+00   7.5799e+01   4.5624e+01   0  J  0.00  1   !  -9.99000e+02  -99.000  -99.000  -999
OBS: 6000269  53835.285   137.00   0.0000e+00   7.3111e+01   4.4006e+01   0  J  0.00  1   !  -9.99000e+02  -99.000  -99.000  -999
OBS: 6000269  53837.285   139.00   0.0000e+00   7.0519e+01   4.2446e+01   0  J  0.00  1   !  -9.99000e+02  -99.000  -99.000  -999
OBS: 6000269  53688.520    -9.77   2.5598e+03   2.9526e+03   4.6729e+02   1  Y  1.25  1   Y  2.38002e+18  -0.166  -0.648  1.00000e+11
OBS: 6000269  53688.531    -9.76   2.5627e+03   2.6433e+03   4.4807e+02   1  Y  0.23  1   Y  2.13062e+18  -0.167  -0.648  1.00000e+11
OBS: 6000269  53691.531    -6.76   3.3502e+03   3.5602e+03   3.7930e+02   1  Y  1.00  1   Y  2.65983e+18  -0.249  -0.837  1.00000e+11
OBS: 6000269  53691.531    -6.76   3.3502e+03   4.0787e+03   4.6981e+02   1  Y  3.63  1   Y  3.04718e+18  -0.249  -0.837  1.00000e+11
OBS: 6000269  53693.531    -4.76   3.6134e+03   2.1253e+03   4.4642e+02   1  Y  8.11  1   Y  1.52214e+18  -0.295  -1.016  1.00000e+11
OBS: 6000269  53693.539    -4.75   3.6142e+03   2.9328e+03   5.2874e+02   1  Y  0.83  1   Y  2.10007e+18  -0.295  -1.017  1.00000e+11
OBS: 6000269  53696.480    -1.81   3.4783e+03   3.9818e+03   5.0059e+02   1  Y  1.85  1   Y  2.79250e+18  -0.318  -1.293  1.00000e+11
OBS: 6000269  53696.488    -1.80   3.4764e+03   2.7730e+03   3.5504e+02   1  Y  2.02  1   Y  1.94496e+18  -0.318  -1.294  1.00000e+11
OBS: 6000269  53701.531     3.24   2.6965e+03   2.7579e+03   5.8229e+02   1  Y  0.12  1   Y  1.85564e+18  -0.363  -1.371  1.00000e+11
OBS: 6000269  53701.539     3.25   2.6952e+03   2.5983e+03   4.2654e+02   1  Y  0.01  1   Y  1.74786e+18  -0.363  -1.372  1.00000e+11
OBS: 6000269  53705.488     7.20   2.2030e+03   2.2469e+03   4.0070e+02   1  Y  0.15  1   Y  1.43458e+18  -0.420  -1.722  1.00000e+11
OBS: 6000269  53705.488     7.20   2.2030e+03   2.2650e+03   4.3996e+02   1  Y  0.16  1   Y  1.44615e+18  -0.420  -1.722  1.00000e+11
OBS: 6000269  53710.520    12.23   1.9410e+03   1.9430e+03   4.1668e+02   1  Y  0.06  1   Y  1.20728e+18  -0.449  -1.951  1.00000e+11
OBS: 6000269  53710.520    12.23   1.9410e+03   9.0372e+02   3.9729e+02   1  Y  5.18  1   Y  5.61515e+17  -0.449  -1.951  1.00000e+11
OBS: 6000269  53714.539    16.25   2.0684e+03   2.5137e+03   3.9369e+02   1  Y  1.88  1   Y  1.55334e+18  -0.455  -1.502  1.00000e+11
OBS: 6000269  53714.551    16.26   2.0691e+03   1.7740e+03   3.3860e+02   1  Y  0.28  1   Y  1.09623e+18  -0.455  -1.501  1.00000e+11
OBS: 6000269  53718.531    20.24   2.3780e+03   2.6727e+03   3.3259e+02   1  Y  1.50  1   Y  1.67742e+18  -0.438  -1.171  1.00000e+11
OBS: 6000269  53718.539    20.25   2.3790e+03   2.6564e+03   3.5881e+02   1  Y  1.19  1   Y  1.66736e+18  -0.438  -1.170  1.00000e+11
OBS: 6000269  53639.285   -59.00   0.0000e+00   0.0000e+00   0.0000e+00   0  Y  0.00  1   !  -9.99000e+02  -99.000  -99.000  -999
OBS: 6000269  53641.285   -57.00   0.0000e+00   0.0000e+00   0.0000e+00   0  Y  0.00  1   !  -9.99000e+02  -99.000  -99.000  -999
OBS: 6000269  53643.285   -55.00   0.0000e+00   0.0000e+00   0.0000e+00   0  Y  0.00  1   !  -9.99000e+02  -99.000  -99.000  -999
OBS: 6000269  53645.285   -53.00   0.0000e+00   0.0000e+00   0.0000e+00   0  Y  0.00  1   !  -9.99000e+02  -99.000  -99.000  -999
OBS: 6000269  53647.285   -51.00   0.0000e+00   0.0000e+00   0.0000e+00   0  Y  0.00  1   !  -9.99000e+02  -99.000  -99.000  -999
OBS: 6000269  53649.285   -49.00   0.0000e+00   0.0000e+00   0.0000e+00   0  Y  0.00  1   !  -9.99000e+02  -99.000  -99.000  -999
OBS: 6000269  53651.285   -47.00   0.0000e+00   0.0000e+00   0.0000e+00   0  Y  0.00  1   !  -9.99000e+02  -99.000  -99.000  -999
OBS: 6000269  53653.285   -45.00   0.0000e+00   0.0000e+00   0.0000e+00   0  Y  0.00  1   !  -9.99000e+02  -99.000  -99.000  -999
OBS: 6000269  53655.285   -43.00   0.0000e+00   0.0000e+00   0.0000e+00   0  Y  0.00  1   !  -9.99000e+02  -99.000  -99.000  -999
OBS: 6000269  53657.285   -41.00   0.0000e+00   0.0000e+00   0.0000e+00   0  Y  0.00  1   !  -9.99000e+02  -99.000  -99.000  -999
OBS: 6000269  53659.285   -39.00   0.0000e+00   0.0000e+00   0.0000e+00   0  Y  0.00  1   !  -9.99000e+02  -99.000  -99.000  -999
OBS: 6000269  53661.285   -37.00   0.0000e+00   0.0000e+00   0.0000e+00   0  Y  0.00  1   !  -9.99000e+02  -99.000  -99.000  -999
OBS: 6000269  53663.285   -35.00   0.0000e+00   0.0000e+00   0.0000e+00   0  Y  0.00  1   !  -9.99000e+02  -99.000  -99.000  -999
OBS: 6000269  53665.285   -33.00   0.0000e+00   0.0000e+00   0.0000e+00   0  Y  0.00  1   !  -9.99000e+02  -99.000  -99.000  -999
OBS: 6000269  53667.285   -31.00   0.0000e+00   0.0000e+00   0.0000e+00   0  Y  0.00  1   !  -9.99000e+02  -99.000  -99.000  -999
OBS: 6000269  53669.285   -29.00   0.0000e+00   0.0000e+00   0.0000e+00   0  Y  0.00  1   !  -9.99000e+02  -99.000  -99.000  -999
OBS: 6000269  53671.285   -27.00   0.0000e+00   0.0000e+00   0.0000e+00   0  Y  0.00  1   !  -9.99000e+02  -99.000  -99.000  -999
OBS: 6000269  53673.285   -25.00   0.0000e+00   0.0000e+00   0.0000e+00   0  Y  0.00  1   !  -9.99000e+02  -99.000  -99.000  -999
OBS: 6000269  53675.285   -23.00   0.0000e+00   0.0000e+00   0.0000e+00   0  Y  0.00  1   !  -9.99000e+02  -99.000  -99.000  -999
OBS: 6000269  53677.285   -21.00   0.0000e+00   6.7548e+02   4.0658e+02   0  Y  0.00  1   !  -9.99000e+02  -99.000  -99.000  -999
OBS: 6000269  53679.285   -19.00   0.0000e+00   6.6992e+02   4.0323e+02   0  Y  0.00  1   !  -9.99000e+02  -99.000  -99.000  -999
OBS: 6000269  53681.285   -17.00   0.0000e+00   6.6724e+02   4.0162e+02   0  Y  0.00  1   !  -9.99000e+02  -99.000  -99.000  -999
OBS: 6000269  53683.285   -15.00   0.0000e+00   9.3707e+02   1.9775e+02   0  Y  0.00  1   !  -9.99000e+02  -99.000  -99.000  -999
OBS: 6000269  53685.285   -13.00   0.0000e+00   1.5047e+03   1.1429e+02   0  Y  0.00  1   !  -9.99000e+02  -99.000  -99.000  -999
OBS: 6000269  53687.285   -11.00   0.0000e+00   2.0894e+03   8.1160e+01   0  Y  0.00  1   !  -9.99000e+02  -99.000  -99.000  -999
OBS: 6000269  53689.285    -9.00   0.0000e+00   2.6306e+03   7.0378e+01   0  Y  0.00  1   !  -9.99000e+02  -99.000  -99.000  -999
OBS: 6000269  53691.285    -7.00   0.0000e+00   3.1275e+03   7.4004e+01   0  Y  0.00  1   !  -9.99000e+02  -99.000  -99.000  -999
OBS: 6000269  53693.285    -5.00   0.0000e+00   3.4041e+03   8.7142e+01   0  Y  0.00  1   !  -9.99000e+02  -99.000  -99.000  -999
OBS: 6000269  53695.285    -3.00   0.0000e+00   3.4339e+03   8.8757e+01   0  Y  0.00  1   !  -9.99000e+02  -99.000  -99.000  -999
OBS: 6000269  53697.285    -1.00   0.0000e+00   3.1517e+03   7.7537e+01   0  Y  0.00  1   !  -9.99000e+02  -99.000  -99.000  -999
OBS: 6000269  53699.285     1.00   0.0000e+00   2.8075e+03   8.2365e+01   0  Y  0.00  1   !  -9.99000e+02  -99.000  -99.000  -999
OBS: 6000269  53701.285     3.00   0.0000e+00   2.5757e+03   9.8281e+01   0  Y  0.00  1   !  -9.99000e+02  -99.000  -99.000  -999
OBS: 6000269  53703.285     5.00   0.0000e+00   2.3409e+03   9.8678e+01   0  Y  0.00  1   !  -9.99000e+02  -99.000  -99.000  -999
OBS: 6000269  53705.285     7.00   0.0000e+00   2.1077e+03   8.8617e+01   0  Y  0.00  1   !  -9.99000e+02  -99.000  -99.000  -999
OBS: 6000269  53707.285     9.00   0.0000e+00   1.9604e+03   9.0867e+01   0  Y  0.00  1   !  -9.99000e+02  -99.000  -99.000  -999
OBS: 6000269  53709.285    11.00   0.0000e+00   1.8785e+03   1.0216e+02   0  Y  0.00  1   !  -9.99000e+02  -99.000  -99.000  -999
OBS: 6000269  53711.285    13.00   0.0000e+00   1.8352e+03   1.0288e+02   0  Y  0.00  1   !  -9.99000e+02  -99.000  -99.000  -999
OBS: 6000269  53713.285    15.00   0.0000e+00   1.8862e+03   9.9276e+01   0  Y  0.00  1   !  -9.99000e+02  -99.000  -99.000  -999
OBS: 6000269  53715.285    17.00   0.0000e+00   2.0104e+03   9.4428e+01   0  Y  0.00  1   !  -9.99000e+02  -99.000  -99.000  -999
OBS: 6000269  53717.285    19.00   0.0000e+00   2.1498e+03   9.4280e+01   0  Y  0.00  1   !  -9.99000e+02  -99.000  -99.000  -999
OBS: 6000269  53719.285    21.00   0.0000e+00   2.3028e+03   8.4415e+01   0  Y  0.00  1   !  -9.99000e+02  -99.000  -99.000  -999
OBS: 6000269  53721.285    23.00   0.0000e+00   2.3861e+03   7.2448e+01   0  Y  0.00  1   !  -9.99000e+02  -99.000  -99.000  -999
OBS: 6000269  53723.285    25.00   0.0000e+00   2.5084e+03   7.4987e+01   0  Y  0.00  1   !  -9.99000e+02  -99.000  -99.000  -999
OBS: 6000269  53725.285    27.00   0.0000e+00   2.7844e+03   8.5646e+01   0  Y  0.00  1   !  -9.99000e+02  -99.000  -99.000  -999
OBS: 6000269  53727.285    29.00   0.0000e+00   3.0337e+03   8.6720e+01   0  Y  0.00  1   !  -9.99000e+02  -99.000  -99.000  -999
OBS: 6000269  53729.285    31.00   0.0000e+00   3.1481e+03   8.5076e+01   0  Y  0.00  1   !  -9.99000e+02  -99.000  -99.000  -999
OBS: 6000269  53731.285    33.00   0.0000e+00   3.2134e+03   9.5394e+01   0  Y  0.00  1   !  -9.99000e+02  -99.000  -99.000  -999
OBS: 6000269  53733.285    35.00   0.0000e+00   3.1841e+03   1.0638e+02   0  Y  0.00  1   !  -9.99000e+02  -99.000  -99.000  -999
OBS: 6000269  53735.285    37.00   0.0000e+00   3.0783e+03   1.0511e+02   0  Y  0.00  1   !  -9.99000e+02  -99.000  -99.000  -999
OBS: 6000269  53737.285    39.00   0.0000e+00   3.0129e+03   9.9338e+01   0  Y  0.00  1   !  -9.99000e+02  -99.000  -99.000  -999
OBS: 6000269  53739.285    41.00   0.0000e+00   2.9287e+03   1.0480e+02   0  Y  0.00  1   !  -9.99000e+02  -99.000  -99.000  -999
OBS: 6000269  53741.285    43.00   0.0000e+00   2.7666e+03   1.1244e+02   0  Y  0.00  1   !  -9.99000e+02  -99.000  -99.000  -999
OBS: 6000269  53743.285    45.00   0.0000e+00   2.5508e+03   1.0677e+02   0  Y  0.00  1   !  -9.99000e+02  -99.000  -99.000  -999
OBS: 6000269  53745.285    47.00   0.0000e+00   2.3213e+03   8.7703e+01   0  Y  0.00  1   !  -9.99000e+02  -99.000  -99.000  -999
OBS: 6000269  53747.285    49.00   0.0000e+00   2.1061e+03   6.8392e+01   0  Y  0.00  1   !  -9.99000e+02  -99.000  -99.000  -999
OBS: 6000269  53749.285    51.00   0.0000e+00   1.9234e+03   5.7284e+01   0  Y  0.00  1   !  -9.99000e+02  -99.000  -99.000  -999
OBS: 6000269  53751.285    53.00   0.0000e+00   1.7603e+03   5.2985e+01   0  Y  0.00  1   !  -9.99000e+02  -99.000  -99.000  -999
OBS: 6000269  53753.285    55.00   0.0000e+00   1.5804e+03   9.5127e+02   0  Y  0.00  1   !  -9.99000e+02  -99.000  -99.000  -999
OBS: 6000269  53755.285    57.00   0.0000e+00   1.4044e+03   8.4530e+02   0  Y  0.00  1   !  -9.99000e+02  -99.000  -99.000  -999
OBS: 6000269  53757.285    59.00   0.0000e+00   1.2872e+03   7.7479e+02   0  Y  0.00  1   !  -9.99000e+02  -99.000  -99.000  -999
OBS: 6000269  53759.285    61.00   0.0000e+00   1.1733e+03   7.0623e+02   0  Y  0.00  1   !  -9.99000e+02  -99.000  -99.000  -999
OBS: 6000269  53761.285    63.00   0.0000e+00   1.0744e+03   6.4666e+02   0  Y  0.00  1   !  -9.99000e+02  -99.000  -99.000  -999
OBS: 6000269  53763.285    65.00   0.0000e+00   9.4934e+02   5.7142e+02   0  Y  0.00  1   !  -9.99000e+02  -99.000  -99.000  -999
OBS: 6000269  53765.285    67.00   0.0000e+00   7.9204e+02   4.7674e+02   0  Y  0.00  1   !  -9.99000e+02  -99.000  -99.000  -999
OBS: 6000269  53767.285    69.00   0.0000e+00   6.7293e+02   4.0505e+02   0  Y  0.00  1   !  -9.99000e+02  -99.000  -99.000  -999
OBS: 6000269  53769.285    71.00   0.0000e+00   5.8418e+02   3.5162e+02   0  Y  0.00  1   !  -9.99000e+02  -99.000  -99.000  -999
OBS: 6000269  53771.285    73.00   0.0000e+00   5.1701e+02   3.1119e+02   0  Y  0.00  1   !  -9.99000e+02  -99.000  -99.000  -999
OBS: 6000269  53773.285    75.00   0.0000e+00   4.6532e+02   2.8008e+02   0  Y  0.00  1   !  -9.99000e+02  -99.000  -99.000  -999
OBS: 6000269  53775.285    77.00   0.0000e+00   4.2382e+02   2.5510e+02   0  Y  0.00  1   !  -9.99000e+02  -99.000  -99.000  -999
OBS: 6000269  53777.285    79.00   0.0000e+00   3.9098e+02   2.3533e+02   0  Y  0.00  1   !  -9.99000e+02  -99.000  -99.000  -999
OBS: 6000269  53779.285    81.00   0.0000e+00   3.4549e+02   2.0795e+02   0  Y  0.00  1   !  -9.99000e+02  -99.000  -99.000  -999
OBS: 6000269  53781.285    83.00   0.0000e+00   3.0509e+02   1.8364e+02   0  Y  0.00  1   !  -9.99000e+02  -99.000  -99.000  -999
OBS: 6000269  53783.285    85.00   0.0000e+00   2.6994e+02   1.6248e+02   0  Y  0.00  1   !  -9.99000e+02  -99.000  -99.000  -999
OBS: 6000269  53785.285    87.00   0.0000e+00   2.3925e+02   1.4401e+02   0  Y  0.00  1   !  -9.99000e+02  -99.000  -99.000  -999
OBS: 6000269  53787.285    89.00   0.0000e+00   2.1262e+02   1.2798e+02   0  Y  0.00  1   !  -9.99000e+02  -99.000  -99.000  -999
OBS: 6000269  53789.285    91.00   0.0000e+00   1.8931e+02   1.1395e+02   0  Y  0.00  1   !  -9.99000e+02  -99.000  -99.000  -999
OBS: 6000269  53791.285    93.00   0.0000e+00   1.6590e+02   9.9859e+01   0  Y  0.00  1   !  -9.99000e+02  -99.000  -99.000  -999
OBS: 6000269  53793.285    95.00   0.0000e+00   1.4539e+02   8.7510e+01   0  Y  0.00  1   !  -9.99000e+02  -99.000  -99.000  -999
OBS: 6000269  53795.285    97.00   0.0000e+00   1.2741e+02   7.6687e+01   0  Y  0.00  1   !  -9.99000e+02  -99.000  -99.000  -999
OBS: 6000269  53797.285    99.00   0.0000e+00   1.1165e+02   6.7201e+01   0  Y  0.00  1   !  -9.99000e+02  -99.000  -99.000  -999
OBS: 6000269  53799.285   101.00   0.0000e+00   9.7835e+01   5.8888e+01   0  Y  0.00  1   !  -9.99000e+02  -99.000  -99.000  -999
OBS: 6000269  53801.285   103.00   0.0000e+00   8.5729e+01   5.1601e+01   0  Y  0.00  1   !  -9.99000e+02  -99.000  -99.000  -999
OBS: 6000269  53803.285   105.00   0.0000e+00   7.5120e+01   4.5216e+01   0  Y  0.00  1   !  -9.99000e+02  -99.000  -99.000  -999
OBS: 6000269  53805.285   107.00   0.0000e+00   6.5828e+01   3.9623e+01   0  Y  0.00  1   !  -9.99000e+02  -99.000  -99.000  -999
OBS: 6000269  53807.285   109.00   0.0000e+00   5.7687e+01   3.4723e+01   0  Y  0.00  1   !  -9.99000e+02  -99.000  -99.000  -999
OBS: 6000269  53809.285   111.00   0.0000e+00   5.0546e+01   3.0424e+01   0  Y  0.00  1   !  -9.99000e+02  -99.000  -99.000  -999
OBS: 6000269  53811.285   113.00   0.0000e+00   4.4287e+01   2.6657e+01   0  Y  0.00  1   !  -9.99000e+02  -99.000  -99.000  -999
OBS: 6000269  53813.285   115.00   0.0000e+00   3.8803e+01   2.3356e+01   0  Y  0.00  1   !  -9.99000e+02  -99.000  -99.000  -999
OBS: 6000269  53815.285   117.00   0.0000e+00   3.3997e+01   2.0463e+01   0  Y  0.00  1   !  -9.99000e+02  -99.000  -99.000  -999
OBS: 6000269  53817.285   119.00   0.0000e+00   2.9786e+01   1.7929e+01   0  Y  0.00  1   !  -9.99000e+02  -99.000  -99.000  -999
OBS: 6000269  53819.285   121.00   0.0000e+00   2.6096e+01   1.5707e+01   0  Y  0.00  1   !  -9.99000e+02  -99.000  -99.000  -999
OBS: 6000269  53821.285   123.00   0.0000e+00   2.2863e+01   1.3761e+01   0  Y  0.00  1   !  -9.99000e+02  -99.000  -99.000  -999
OBS: 6000269  53823.285   125.00   0.0000e+00   2.0034e+01   1.2059e+01   0  Y  0.00  1   !  -9.99000e+02  -99.000  -99.000  -999
OBS: 6000269  53825.285   127.00   0.0000e+00   1.7555e+01   1.0566e+01   0  Y  0.00  1   !  -9.99000e+02  -99.000  -99.000  -999
OBS: 6000269  53827.285   129.00   0.0000e+00   1.5379e+01   9.2567e+00   0  Y  0.00  1   !  -9.99000e+02  -99.000  -99.000  -999
OBS: 6000269  53829.285   131.00   0.0000e+00   1.3473e+01   8.1093e+00   0  Y  0.00  1   !  -9.99000e+02  -99.000  -99.000  -999
OBS: 6000269  53831.285   133.00   0.0000e+00   1.1802e+01   7.1039e+00   0  Y  0.00  1   !  -9.99000e+02  -99.000  -99.000  -999
OBS: 6000269  53833.285   135.00   0.0000e+00   1.0339e+01   6.2230e+00   0  Y  0.00  1   !  -9.99000e+02  -99.000  -99.000  -999
OBS: 6000269  53835.285   137.00   0.0000e+00   9.0567e+00   5.4513e+00   0  Y  0.00  1   !  -9.99000e+02  -99.000  -99.000  -999
OBS: 6000269  53837.285   139.00   0.0000e+00   7.9334e+00   4.7752e+00   0  Y  0.00  1   !  -9.99000e+02  -99.000  -99.000  -999
OBS: 6000269  53688.520    -9.77   2.4615e+03   2.9936e+03   1.1501e+03   1  H  0.10  1   H  2.31595e+18  -0.211  -3.954  1.00000e+11
OBS: 6000269  53688.531    -9.76   2.4639e+03   2.6637e+03   1.3382e+03   1  H  0.00  1   H  2.06104e+18  -0.211  -3.946  1.00000e+11
OBS: 6000269  53691.531    -6.76   2.9560e+03   5.5770e+02   1.3817e+03   1  H  3.53  1   H  4.40496e+17  -0.189  -2.167  1.00000e+11
OBS: 6000269  53691.531    -6.76   2.9560e+03   3.4273e+03   1.5894e+03   1  H  0.03  1   H  2.70705e+18  -0.189  -2.167  1.00000e+11
OBS: 6000269  53693.531    -4.76   3.0310e+03   4.0479e+03   2.1597e+03   1  H  0.14  1   H  3.24028e+18  -0.174  -1.584  1.00000e+11
OBS: 6000269  53693.539    -4.75   3.0309e+03   6.3617e+03   2.0428e+03   1  H  2.33  1   H  5.09285e+18  -0.174  -1.582  1.00000e+11
OBS: 6000269  53696.480    -1.81   2.7873e+03   2.5372e+03   1.0548e+03   1  H  0.17  1   H  2.12684e+18  -0.124  -0.972  1.00000e+11
OBS: 6000269  53696.488    -1.80   2.7855e+03   3.3513e+03   1.0966e+03   1  H  0.12  1   H  2.81025e+18  -0.124  -0.970  1.00000e+11
OBS: 6000269  53701.531     3.24   2.1586e+03   4.0664e+02   1.4205e+03   1  H  1.78  1   H  3.78320e+17  -0.011  0.072  1.00000e+11
OBS: 6000269  53701.539     3.25   2.1574e+03   1.0354e+03   1.6610e+03   1  H  0.58  1   H  9.63572e+17  -0.011  0.072  1.00000e+11
OBS: 6000269  53705.488     7.20   1.6962e+03   1.6030e+03   1.0490e+03   1  H  0.04  1   H  1.71192e+18  0.139  -0.804  1.00000e+11
OBS: 6000269  53705.488     7.20   1.6962e+03   1.2816e+03   1.2433e+03   1  H  0.18  1   H  1.36861e+18  0.139  -0.804  1.00000e+11
OBS: 6000269  53710.520    12.23   1.4067e+03   1.7106e+03   1.3628e+03   1  H  0.02  1   H  2.01935e+18  0.248  -2.151  1.00000e+11
OBS: 6000269  53710.520    12.23   1.4067e+03   3.4372e+03   1.4733e+03   1  H  1.72  1   H  4.05754e+18  0.248  -2.151  1.00000e+11
OBS: 6000269  53714.539    16.25   1.4911e+03   4.2898e+03   1.6862e+03   1  H  2.55  1   H  5.09621e+18  0.255  -2.417  1.00000e+11
OBS: 6000269  53714.551    16.26   1.4916e+03   1.1855e+03   1.6902e+03   1  H  0.06  1   H  1.40821e+18  0.255  -2.417  1.00000e+11
OBS: 6000269  53639.285   -59.00   0.0000e+00   0.0000e+00   0.0000e+00   0  H  0.00  1   !  -9.99000e+02  -99.000  -99.000  -999
OBS: 6000269  53641.285   -57.00   0.0000e+00   0.0000e+00   0.0000e+00   0  H  0.00  1   !  -9.99000e+02  -99.000  -99.000  -999
OBS: 6000269  53643.285   -55.00   0.0000e+00   0.0000e+00   0.0000e+00   0  H  0.00  1   !  -9.99000e+02  -99.000  -99.000  -999
OBS: 6000269  53645.285   -53.00   0.0000e+00   0.0000e+00   0.0000e+00   0  H  0.00  1   !  -9.99000e+02  -99.000  -99.000  -999
OBS: 6000269  53647.285   -51.00   0.0000e+00   0.0000e+00   0.0000e+00   0  H  0.00  1   !  -9.99000e+02  -99.000  -99.000  -999
OBS: 6000269  53649.285   -49.00   0.0000e+00   0.0000e+00   0.0000e+00   0  H  0.00  1   !  -9.99000e+02  -99.000  -99.000  -999
OBS: 6000269  53651.285   -47.00   0.0000e+00   0.0000e+00   0.0000e+00   0  H  0.00  1   !  -9.99000e+02  -99.000  -99.000  -999
OBS: 6000269  53653.285   -45.00   0.0000e+00   0.0000e+00   0.0000e+00   0  H  0.00  1   !  -9.99000e+02  -99.000  -99.000  -999
OBS: 6000269  53655.285   -43.00   0.0000e+00   0.0000e+00   0.0000e+00   0  H  0.00  1   !  -9.99000e+02  -99.000  -99.000  -999
OBS: 6000269  53657.285   -41.00   0.0000e+00   0.0000e+00   0.0000e+00   0  H  0.00  1   !  -9.99000e+02  -99.000  -99.000  -999
OBS: 6000269  53659.285   -39.00   0.0000e+00   0.0000e+00   0.0000e+00   0  H  0.00  1   !  -9.99000e+02  -99.000  -99.000  -999
OBS: 6000269  53661.285   -37.00   0.0000e+00   0.0000e+00   0.0000e+00   0  H  0.00  1   !  -9.99000e+02  -99.000  -99.000  -999
OBS: 6000269  53663.285   -35.00   0.0000e+00   0.0000e+00   0.0000e+00   0  H  0.00  1   !  -9.99000e+02  -99.000  -99.000  -999
OBS: 6000269  53665.285   -33.00   0.0000e+00   0.0000e+00   0.0000e+00   0  H  0.00  1   !  -9.99000e+02  -99.000  -99.000  -999
OBS: 6000269  53667.285   -31.00   0.0000e+00   0.0000e+00   0.0000e+00   0  H  0.00  1   !  -9.99000e+02  -99.000  -99.000  -999
OBS: 6000269  53669.285   -29.00   0.0000e+00   0.0000e+00   0.0000e+00   0  H  0.00  1   !  -9.99000e+02  -99.000  -99.000  -999
OBS: 6000269  53671.285   -27.00   0.0000e+00   0.0000e+00   0.0000e+00   0  H  0.00  1   !  -9.99000e+02  -99.000  -99.000  -999
OBS: 6000269  53673.285   -25.00   0.0000e+00   0.0000e+00   0.0000e+00   0  H  0.00  1   !  -9.99000e+02  -99.000  -99.000  -999
OBS: 6000269  53675.285   -23.00   0.0000e+00   0.0000e+00   0.0000e+00   0  H  0.00  1   !  -9.99000e+02  -99.000  -99.000  -999
OBS: 6000269  53677.285   -21.00   0.0000e+00   7.1143e+02   4.2822e+02   0  H  0.00  1   !  -9.99000e+02  -99.000  -99.000  -999
OBS: 6000269  53679.285   -19.00   0.0000e+00   8.1318e+02   4.8946e+02   0  H  0.00  1   !  -9.99000e+02  -99.000  -99.000  -999
OBS: 6000269  53681.285   -17.00   0.0000e+00   8.1519e+02   4.9067e+02   0  H  0.00  1   !  -9.99000e+02  -99.000  -99.000  -999
OBS: 6000269  53683.285   -15.00   0.0000e+00   1.0929e+03   6.5781e+02   0  H  0.00  1   !  -9.99000e+02  -99.000  -99.000  -999
OBS: 6000269  53685.285   -13.00   0.0000e+00   1.7112e+03   1.5152e+02   0  H  0.00  1   !  -9.99000e+02  -99.000  -99.000  -999
OBS: 6000269  53687.285   -11.00   0.0000e+00   2.3167e+03   1.1453e+02   0  H  0.00  1   !  -9.99000e+02  -99.000  -99.000  -999
OBS: 6000269  53689.285    -9.00   0.0000e+00   2.7994e+03   9.4609e+01   0  H  0.00  1   !  -9.99000e+02  -99.000  -99.000  -999
OBS: 6000269  53691.285    -7.00   0.0000e+00   3.1339e+03   8.7304e+01   0  H  0.00  1   !  -9.99000e+02  -99.000  -99.000  -999
OBS: 6000269  53693.285    -5.00   0.0000e+00   3.2422e+03   9.7592e+01   0  H  0.00  1   !  -9.99000e+02  -99.000  -99.000  -999
OBS: 6000269  53695.285    -3.00   0.0000e+00   3.1419e+03   9.5019e+01   0  H  0.00  1   !  -9.99000e+02  -99.000  -99.000  -999
OBS: 6000269  53697.285    -1.00   0.0000e+00   2.8334e+03   7.8846e+01   0  H  0.00  1   !  -9.99000e+02  -99.000  -99.000  -999
OBS: 6000269  53699.285     1.00   0.0000e+00   2.5436e+03   7.4820e+01   0  H  0.00  1   !  -9.99000e+02  -99.000  -99.000  -999
OBS: 6000269  53701.285     3.00   0.0000e+00   2.3313e+03   8.3326e+01   0  H  0.00  1   !  -9.99000e+02  -99.000  -99.000  -999
OBS: 6000269  53703.285     5.00   0.0000e+00   2.0858e+03   8.3755e+01   0  H  0.00  1   !  -9.99000e+02  -99.000  -99.000  -999
OBS: 6000269  53705.285     7.00   0.0000e+00   1.8370e+03   7.9197e+01   0  H  0.00  1   !  -9.99000e+02  -99.000  -99.000  -999
OBS: 6000269  53707.285     9.00   0.0000e+00   1.6338e+03   7.4738e+01   0  H  0.00  1   !  -9.99000e+02  -99.000  -99.000  -999
OBS: 6000269  53709.285    11.00   0.0000e+00   1.5267e+03   7.0801e+01   0  H  0.00  1   !  -9.99000e+02  -99.000  -99.000  -999
OBS: 6000269  53711.285    13.00   0.0000e+00   1.4975e+03   6.4183e+01   0  H  0.00  1   !  -9.99000e+02  -99.000  -99.000  -999
OBS: 6000269  53713.285    15.00   0.0000e+00   1.5361e+03   6.1206e+01   0  H  0.00  1   !  -9.99000e+02  -99.000  -99.000  -999
OBS: 6000269  53715.285    17.00   0.0000e+00   1.6317e+03   6.5015e+01   0  H  0.00  1   !  -9.99000e+02  -99.000  -99.000  -999
OBS: 6000269  53717.285    19.00   0.0000e+00   1.7271e+03   6.2357e+01   0  H  0.00  1   !  -9.99000e+02  -99.000  -99.000  -999
OBS: 6000269  53719.285    21.00   0.0000e+00   1.8117e+03   5.6691e+01   0  H  0.00  1   !  -9.99000e+02  -99.000  -99.000  -999
OBS: 6000269  53721.285    23.00   0.0000e+00   1.8731e+03   5.2933e+01   0  H  0.00  1   !  -9.99000e+02  -99.000  -99.000  -999
OBS: 6000269  53723.285    25.00   0.0000e+00   1.9379e+03   5.6283e+01   0  H  0.00  1   !  -9.99000e+02  -99.000  -99.000  -999
OBS: 6000269  53725.285    27.00   0.0000e+00   2.0298e+03   6.3451e+01   0  H  0.00  1   !  -9.99000e+02  -99.000  -99.000  -999
OBS: 6000269  53727.285    29.00   0.0000e+00   2.1128e+03   6.3989e+01   0  H  0.00  1   !  -9.99000e+02  -99.000  -99.000  -999
OBS: 6000269  53729.285    31.00   0.0000e+00   2.2109e+03   6.3516e+01   0  H  0.00  1   !  -9.99000e+02  -99.000  -99.000  -999
OBS: 6000269  53731.285    33.00   0.0000e+00   2.2975e+03   7.6816e+01   0  H  0.00  1   !  -9.99000e+02  -99.000  -99.000  -999
OBS: 6000269  53733.285    35.00   0.0000e+00   2.3793e+03   9.7588e+01   0  H  0.00  1   !  -9.99000e+02  -99.000  -99.000  -999
OBS: 6000269  53735.285    37.00   0.0000e+00   2.4203e+03   1.1158e+02   0  H  0.00  1   !  -9.99000e+02  -99.000  -99.000  -999
OBS: 6000269  53737.285    39.00   0.0000e+00   2.3536e+03   1.1755e+02   0  H  0.00  1   !  -9.99000e+02  -99.000  -99.000  -999
OBS: 6000269  53739.285    41.00   0.0000e+00   2.2048e+03   1.3067e+02   0  H  0.00  1   !  -9.99000e+02  -99.000  -99.000  -999
OBS: 6000269  53741.285    43.00   0.0000e+00   1.9757e+03   1.4427e+02   0  H  0.00  1   !  -9.99000e+02  -99.000  -99.000  -999
OBS: 6000269  53743.285    45.00   0.0000e+00   1.6984e+03   1.3893e+02   0  H  0.00  1   !  -9.99000e+02  -99.000  -99.000  -999
OBS: 6000269  53745.285    47.00   0.0000e+00   1.4474e+03   1.1655e+02   0  H  0.00  1   !  -9.99000e+02  -99.000  -99.000  -999
OBS: 6000269  53747.285    49.00   0.0000e+00   1.2716e+03   9.1380e+01   0  H  0.00  1   !  -9.99000e+02  -99.000  -99.000  -999
OBS: 6000269  53749.285    51.00   0.0000e+00   1.1731e+03   7.7774e+01   0  H  0.00  1   !  -9.99000e+02  -99.000  -99.000  -999
OBS: 6000269  53751.285    53.00   0.0000e+00   1.1125e+03   6.6484e+01   0  H  0.00  1   !  -9.99000e+02  -99.000  -99.000  -999
OBS: 6000269  53753.285    55.00   0.0000e+00   1.0600e+03   3.9687e+02   0  H  0.00  1   !  -9.99000e+02  -99.000  -99.000  -999
OBS: 6000269  53755.285    57.00   0.0000e+00   1.0069e+03   6.0608e+02   0  H  0.00  1   !  -9.99000e+02  -99.000  -99.000  -999
OBS: 6000269  53757.285    59.00   0.0000e+00   9.6314e+02   5.7973e+02   0  H  0.00  1   !  -9.99000e+02  -99.000  -99.000  -999
OBS: 6000269  53759.285    61.00   0.0000e+00   9.1912e+02   5.5323e+02   0  H  0.00  1   !  -9.99000e+02  -99.000  -99.000  -999
OBS: 6000269  53761.285    63.00   0.0000e+00   8.7648e+02   5.2757e+02   0  H  0.00  1   !  -9.99000e+02  -99.000  -99.000  -999
OBS: 6000269  53763.285    65.00   0.0000e+00   8.1926e+02   4.9312e+02   0  H  0.00  1   !  -9.99000e+02  -99.000  -99.000  -999
OBS: 6000269  53765.285    67.00   0.0000e+00   7.4660e+02   4.4938e+02   0  H  0.00  1   !  -9.99000e+02  -99.000  -99.000  -999
OBS: 6000269  53767.285    69.00   0.0000e+00   6.8519e+02   4.1242e+02   0  H  0.00  1   !  -9.99000e+02  -99.000  -99.000  -999
OBS: 6000269  53769.285    71.00   0.0000e+00   6.3530e+02   3.8239e+02   0  H  0.00  1   !  -9.99000e+02  -99.000  -99.000  -999
OBS: 6000269  53771.285    73.00   0.0000e+00   5.9657e+02   3.5908e+02   0  H  0.00  1   !  -9.99000e+02  -99.000  -99.000  -999
OBS: 6000269  53773.285    75.00   0.0000e+00   5.6711e+02   3.4135e+02   0  H  0.00  1   !  -9.99000e+02  -99.000  -99.000  -999
OBS: 6000269  53775.285    77.00   0.0000e+00   5.3910e+02   3.2449e+02   0  H  0.00  1   !  -9.99000e+02  -99.000  -99.000  -999
OBS: 6000269  53777.285    79.00   0.0000e+00   5.1073e+02   3.0742e+02   0  H  0.00  1   !  -9.99000e+02  -99.000  -99.000  -999
OBS: 6000269  53779.285    81.00   0.0000e+00   4.9273e+02   2.9658e+02   0  H  0.00  1   !  -9.99000e+02  -99.000  -99.000  -999
OBS: 6000269  53781.285    83.00   0.0000e+00   4.7591e+02   2.8646e+02   0  H  0.00  1   !  -9.99000e+02  -99.000  -99.000  -999
OBS: 6000269  53783.285    85.00   0.0000e+00   4.5993e+02   2.7684e+02   0  H  0.00  1   !  -9.99000e+02  -99.000  -99.000  -999
OBS: 6000269  53785.285    87.00   0.0000e+00   4.4484e+02   2.6775e+02   0  H  0.00  1   !  -9.99000e+02  -99.000  -99.000  -999
OBS: 6000269  53787.285    89.00   0.0000e+00   4.3083e+02   2.5932e+02   0  H  0.00  1   !  -9.99000e+02  -99.000  -99.000  -999
OBS: 6000269  53789.285    91.00   0.0000e+00   4.1769e+02   2.5141e+02   0  H  0.00  1   !  -9.99000e+02  -99.000  -99.000  -999
OBS: 6000269  53791.285    93.00   0.0000e+00   4.0163e+02   2.4175e+02   0  H  0.00  1   !  -9.99000e+02  -99.000  -99.000  -999
OBS: 6000269  53793.285    95.00   0.0000e+00   3.8620e+02   2.3246e+02   0  H  0.00  1   !  -9.99000e+02  -99.000  -99.000  -999
OBS: 6000269  53795.285    97.00   0.0000e+00   3.7135e+02   2.2352e+02   0  H  0.00  1   !  -9.99000e+02  -99.000  -99.000  -999
OBS: 6000269  53797.285    99.00   0.0000e+00   3.5709e+02   2.1493e+02   0  H  0.00  1   !  -9.99000e+02  -99.000  -99.000  -999
OBS: 6000269  53799.285   101.00   0.0000e+00   3.4337e+02   2.0668e+02   0  H  0.00  1   !  -9.99000e+02  -99.000  -99.000  -999
OBS: 6000269  53801.285   103.00   0.0000e+00   3.3018e+02   1.9874e+02   0  H  0.00  1   !  -9.99000e+02  -99.000  -99.000  -999
OBS: 6000269  53803.285   105.00   0.0000e+00   3.1750e+02   1.9111e+02   0  H  0.00  1   !  -9.99000e+02  -99.000  -99.000  -999
OBS: 6000269  53805.285   107.00   0.0000e+00   3.0531e+02   1.8377e+02   0  H  0.00  1   !  -9.99000e+02  -99.000  -99.000  -999
OBS: 6000269  53807.285   109.00   0.0000e+00   2.9358e+02   1.7671e+02   0  H  0.00  1   !  -9.99000e+02  -99.000  -99.000  -999
OBS: 6000269  53809.285   111.00   0.0000e+00   2.8231e+02   1.6993e+02   0  H  0.00  1   !  -9.99000e+02  -99.000  -99.000  -999
OBS: 6000269  53811.285   113.00   0.0000e+00   2.7148e+02   1.6340e+02   0  H  0.00  1   !  -9.99000e+02  -99.000  -99.000  -999
OBS: 6000269  53813.285   115.00   0.0000e+00   2.6106e+02   1.5713e+02   0  H  0.00  1   !  -9.99000e+02  -99.000  -99.000  -999
OBS: 6000269  53815.285   117.00   0.0000e+00   2.5104e+02   1.5110e+02   0  H  0.00  1   !  -9.99000e+02  -99.000  -99.000  -999
OBS: 6000269  53817.285   119.00   0.0000e+00   2.4141e+02   1.4530e+02   0  H  0.00  1   !  -9.99000e+02  -99.000  -99.000  -999
OBS: 6000269  53819.285   121.00   0.0000e+00   2.3214e+02   1.3973e+02   0  H  0.00  1   !  -9.99000e+02  -99.000  -99.000  -999
OBS: 6000269  53821.285   123.00   0.0000e+00   2.2324e+02   1.3437e+02   0  H  0.00  1   !  -9.99000e+02  -99.000  -99.000  -999
OBS: 6000269  53823.285   125.00   0.0000e+00   2.1467e+02   1.2922e+02   0  H  0.00  1   !  -9.99000e+02  -99.000  -99.000  -999
OBS: 6000269  53825.285   127.00   0.0000e+00   2.0644e+02   1.2426e+02   0  H  0.00  1   !  -9.99000e+02  -99.000  -99.000  -999
OBS: 6000269  53827.285   129.00   0.0000e+00   1.9853e+02   1.1949e+02   0  H  0.00  1   !  -9.99000e+02  -99.000  -99.000  -999
OBS: 6000269  53829.285   131.00   0.0000e+00   1.9091e+02   1.1491e+02   0  H  0.00  1   !  -9.99000e+02  -99.000  -99.000  -999
OBS: 6000269  53831.285   133.00   0.0000e+00   1.8359e+02   1.1051e+02   0  H  0.00  1   !  -9.99000e+02  -99.000  -99.000  -999
OBS: 6000269  53833.285   135.00   0.0000e+00   1.7656e+02   1.0627e+02   0  H  0.00  1   !  -9.99000e+02  -99.000  -99.000  -999
OBS: 6000269  53835.285   137.00   0.0000e+00   1.6979e+02   1.0220e+02   0  H  0.00  1   !  -9.99000e+02  -99.000  -99.000  -999
OBS: 6000269  53837.285   139.00   0.0000e+00   1.6328e+02   9.8282e+01   0  H  0.00  1   !  -9.99000e+02  -99.000  -99.000  -999
