VARNAMES: CID MJD Tobs SIM_FLUXCAL FLUXCAL FLUXCAL_ERR DATAFLAG BAND CHI2 IFIT BAND_REST FLUX_REST KCOR AVWARP SIM_FLUX_REST 
OBS: 5999387  53269.680     4.75   1.8848e+03   2.3047e+03   4.2908e+02   1  J  1.84  1   J  2.33992e+18  -0.148  -0.249  1.00000e+11
OBS: 5999387  53269.699     4.77   1.8816e+03   1.8658e+03   3.4244e+02   1  J  0.20  1   J  1.89378e+18  -0.148  -0.244  1.00000e+11
OBS: 5999387  53277.629    12.70   9.8081e+02   1.0820e+03   1.5398e+02   1  J  1.12  1   J  1.03248e+18  -0.215  1.929  1.00000e+11
OBS: 5999387  53277.641    12.71   9.8047e+02   1.2856e+03   1.6468e+02   1  J  4.35  1   J  1.22666e+18  -0.215  1.932  1.00000e+11
OBS: 5999387  53281.590    16.66   1.0246e+03   8.7810e+02   1.3654e+02   1  J  0.12  1   J  7.98575e+17  -0.267  3.294  1.00000e+11
OBS: 5999387  53281.602    16.67   1.0248e+03   1.0864e+03   1.4672e+02   1  J  0.86  1   J  9.88029e+17  -0.267  3.297  1.00000e+11
OBS: 5999387  53205.926   -59.00   0.0000e+00   0.0000e+00   0.0000e+00   0  J  0.00  1   !  -9.99000e+02  -99.000  -99.000  -999
OBS: 5999387  53207.926   -57.00   0.0000e+00   0.0000e+00   0.0000e+00   0  J  0.00  1   !  -9.99000e+02  -99.000  -99.000  -999
OBS: 5999387  53209.926   -55.00   0.0000e+00   0.0000e+00   0.0000e+00   0  J  0.00  1   !  -9.99000e+02  -99.000  -99.000  -999
OBS: 5999387  53211.926   -53.00   0.0000e+00   0.0000e+00   0.0000e+00   0  J  0.00  1   !  -9.99000e+02  -99.000  -99.000  -999
OBS: 5999387  53213.926   -51.00   0.0000e+00   0.0000e+00   0.0000e+00   0  J  0.00  1   !  -9.99000e+02  -99.000  -99.000  -999
OBS: 5999387  53215.926   -49.00   0.0000e+00   0.0000e+00   0.0000e+00   0  J  0.00  1   !  -9.99000e+02  -99.000  -99.000  -999
OBS: 5999387  53217.926   -47.00   0.0000e+00   0.0000e+00   0.0000e+00   0  J  0.00  1   !  -9.99000e+02  -99.000  -99.000  -999
OBS: 5999387  53219.926   -45.00   0.0000e+00   0.0000e+00   0.0000e+00   0  J  0.00  1   !  -9.99000e+02  -99.000  -99.000  -999
OBS: 5999387  53221.926   -43.00   0.0000e+00   0.0000e+00   0.0000e+00   0  J  0.00  1   !  -9.99000e+02  -99.000  -99.000  -999
OBS: 5999387  53223.926   -41.00   0.0000e+00   0.0000e+00   0.0000e+00   0  J  0.00  1   !  -9.99000e+02  -99.000  -99.000  -999
OBS: 5999387  53225.926   -39.00   0.0000e+00   0.0000e+00   0.0000e+00   0  J  0.00  1   !  -9.99000e+02  -99.000  -99.000  -999
OBS: 5999387  53227.926   -37.00   0.0000e+00   0.0000e+00   0.0000e+00   0  J  0.00  1   !  -9.99000e+02  -99.000  -99.000  -999
OBS: 5999387  53229.926   -35.00   0.0000e+00   0.0000e+00   0.0000e+00   0  J  0.00  1   !  -9.99000e+02  -99.000  -99.000  -999
OBS: 5999387  53231.926   -33.00   0.0000e+00   0.0000e+00   0.0000e+00   0  J  0.00  1   !  -9.99000e+02  -99.000  -99.000  -999
OBS: 5999387  53233.926   -31.00   0.0000e+00   0.0000e+00   0.0000e+00   0  J  0.00  1   !  -9.99000e+02  -99.000  -99.000  -999
OBS: 5999387  53235.926   -29.00   0.0000e+00   0.0000e+00   0.0000e+00   0  J  0.00  1   !  -9.99000e+02  -99.000  -99.000  -999
OBS: 5999387  53237.926   -27.00   0.0000e+00   0.0000e+00   0.0000e+00   0  J  0.00  1   !  -9.99000e+02  -99.000  -99.000  -999
OBS: 5999387  53239.926   -25.00   0.0000e+00   0.0000e+00   0.0000e+00   0  J  0.00  1   !  -9.99000e+02  -99.000  -99.000  -999
OBS: 5999387  53241.926   -23.00   0.0000e+00   0.0000e+00   0.0000e+00   0  J  0.00  1   !  -9.99000e+02  -99.000  -99.000  -999
OBS: 5999387  53243.926   -21.00   0.0000e+00   1.1119e+03   6.6926e+02   0  J  0.00  1   !  -9.99000e+02  -99.000  -99.000  -999
OBS: 5999387  53245.926   -19.00   0.0000e+00   1.1455e+03   6.8948e+02   0  J  0.00  1   !  -9.99000e+02  -99.000  -99.000  -999
OBS: 5999387  53247.926   -17.00   0.0000e+00   1.1423e+03   6.8755e+02   0  J  0.00  1   !  -9.99000e+02  -99.000  -99.000  -999
OBS: 5999387  53249.926   -15.00   0.0000e+00   1.4617e+03   1.4418e+02   0  J  0.00  1   !  -9.99000e+02  -99.000  -99.000  -999
OBS: 5999387  53251.926   -13.00   0.0000e+00   2.0808e+03   6.4072e+01   0  J  0.00  1   !  -9.99000e+02  -99.000  -99.000  -999
OBS: 5999387  53253.926   -11.00   0.0000e+00   2.6244e+03   7.3610e+01   0  J  0.00  1   !  -9.99000e+02  -99.000  -99.000  -999
OBS: 5999387  53255.926    -9.00   0.0000e+00   2.9490e+03   8.1622e+01   0  J  0.00  1   !  -9.99000e+02  -99.000  -99.000  -999
OBS: 5999387  53257.926    -7.00   0.0000e+00   3.0836e+03   7.4748e+01   0  J  0.00  1   !  -9.99000e+02  -99.000  -99.000  -999
OBS: 5999387  53259.926    -5.00   0.0000e+00   3.1202e+03   6.9544e+01   0  J  0.00  1   !  -9.99000e+02  -99.000  -99.000  -999
OBS: 5999387  53261.926    -3.00   0.0000e+00   3.0159e+03   7.7418e+01   0  J  0.00  1   !  -9.99000e+02  -99.000  -99.000  -999
OBS: 5999387  53263.926    -1.00   0.0000e+00   2.7988e+03   8.0662e+01   0  J  0.00  1   !  -9.99000e+02  -99.000  -99.000  -999
OBS: 5999387  53265.926     1.00   0.0000e+00   2.4209e+03   8.1333e+01   0  J  0.00  1   !  -9.99000e+02  -99.000  -99.000  -999
OBS: 5999387  53267.926     3.00   0.0000e+00   2.0061e+03   7.8536e+01   0  J  0.00  1   !  -9.99000e+02  -99.000  -99.000  -999
OBS: 5999387  53269.926     5.00   0.0000e+00   1.6776e+03   7.5017e+01   0  J  0.00  1   !  -9.99000e+02  -99.000  -99.000  -999
OBS: 5999387  53271.926     7.00   0.0000e+00   1.3907e+03   7.4846e+01   0  J  0.00  1   !  -9.99000e+02  -99.000  -99.000  -999
OBS: 5999387  53273.926     9.00   0.0000e+00   1.1452e+03   8.2954e+01   0  J  0.00  1   !  -9.99000e+02  -99.000  -99.000  -999
OBS: 5999387  53275.926    11.00   0.0000e+00   9.7383e+02   9.3453e+01   0  J  0.00  1   !  -9.99000e+02  -99.000  -99.000  -999
OBS: 5999387  53277.926    13.00   0.0000e+00   8.8674e+02   9.2179e+01   0  J  0.00  1   !  -9.99000e+02  -99.000  -99.000  -999
OBS: 5999387  53279.926    15.00   0.0000e+00   9.0233e+02   9.0291e+01   0  J  0.00  1   !  -9.99000e+02  -99.000  -99.000  -999
OBS: 5999387  53281.926    17.00   0.0000e+00   9.3887e+02   7.6526e+01   0  J  0.00  1   !  -9.99000e+02  -99.000  -99.000  -999
OBS: 5999387  53283.926    19.00   0.0000e+00   9.9094e+02   6.8865e+01   0  J  0.00  1   !  -9.99000e+02  -99.000  -99.000  -999
OBS: 5999387  53285.926    21.00   0.0000e+00   1.0469e+03   8.2404e+01   0  J  0.00  1   !  -9.99000e+02  -99.000  -99.000  -999
OBS: 5999387  53287.926    23.00   0.0000e+00   1.1270e+03   9.9966e+01   0  J  0.00  1   !  -9.99000e+02  -99.000  -99.000  -999
OBS: 5999387  53289.926    25.00   0.0000e+00   1.2157e+03   1.0940e+02   0  J  0.00  1   !  -9.99000e+02  -99.000  -99.000  -999
OBS: 5999387  53291.926    27.00   0.0000e+00   1.2975e+03   1.1540e+02   0  J  0.00  1   !  -9.99000e+02  -99.000  -99.000  -999
OBS: 5999387  53293.926    29.00   0.0000e+00   1.3905e+03   1.1944e+02   0  J  0.00  1   !  -9.99000e+02  -99.000  -99.000  -999
OBS: 5999387  53295.926    31.00   0.0000e+00   1.4818e+03   1.3068e+02   0  J  0.00  1   !  -9.99000e+02  -99.000  -99.000  -999
OBS: 5999387  53297.926    33.00   0.0000e+00   1.5917e+03   1.5860e+02   0  J  0.00  1   !  -9.99000e+02  -99.000  -99.000  -999
OBS: 5999387  53299.926    35.00   0.0000e+00   1.7168e+03   1.8771e+02   0  J  0.00  1   !  -9.99000e+02  -99.000  -99.000  -999
OBS: 5999387  53301.926    37.00   0.0000e+00   1.7729e+03   2.0378e+02   0  J  0.00  1   !  -9.99000e+02  -99.000  -99.000  -999
OBS: 5999387  53303.926    39.00   0.0000e+00   1.7074e+03   2.1056e+02   0  J  0.00  1   !  -9.99000e+02  -99.000  -99.000  -999
OBS: 5999387  53305.926    41.00   0.0000e+00   1.5390e+03   2.0023e+02   0  J  0.00  1   !  -9.99000e+02  -99.000  -99.000  -999
OBS: 5999387  53307.926    43.00   0.0000e+00   1.3189e+03   1.6861e+02   0  J  0.00  1   !  -9.99000e+02  -99.000  -99.000  -999
OBS: 5999387  53309.926    45.00   0.0000e+00   1.0947e+03   1.3002e+02   0  J  0.00  1   !  -9.99000e+02  -99.000  -99.000  -999
OBS: 5999387  53311.926    47.00   0.0000e+00   9.2729e+02   1.0244e+02   0  J  0.00  1   !  -9.99000e+02  -99.000  -99.000  -999
OBS: 5999387  53313.926    49.00   0.0000e+00   8.4236e+02   1.3086e+02   0  J  0.00  1   !  -9.99000e+02  -99.000  -99.000  -999
OBS: 5999387  53315.926    51.00   0.0000e+00   7.9934e+02   2.1395e+02   0  J  0.00  1   !  -9.99000e+02  -99.000  -99.000  -999
OBS: 5999387  53317.926    53.00   0.0000e+00   7.5724e+02   2.9099e+02   0  J  0.00  1   !  -9.99000e+02  -99.000  -99.000  -999
OBS: 5999387  53319.926    55.00   0.0000e+00   7.0914e+02   4.2684e+02   0  J  0.00  1   !  -9.99000e+02  -99.000  -99.000  -999
OBS: 5999387  53321.926    57.00   0.0000e+00   6.5872e+02   3.9649e+02   0  J  0.00  1   !  -9.99000e+02  -99.000  -99.000  -999
OBS: 5999387  53323.926    59.00   0.0000e+00   5.9257e+02   3.5668e+02   0  J  0.00  1   !  -9.99000e+02  -99.000  -99.000  -999
OBS: 5999387  53325.926    61.00   0.0000e+00   5.3551e+02   3.2233e+02   0  J  0.00  1   !  -9.99000e+02  -99.000  -99.000  -999
OBS: 5999387  53327.926    63.00   0.0000e+00   4.8683e+02   2.9303e+02   0  J  0.00  1   !  -9.99000e+02  -99.000  -99.000  -999
OBS: 5999387  53329.926    65.00   0.0000e+00   4.3196e+02   2.6000e+02   0  J  0.00  1   !  -9.99000e+02  -99.000  -99.000  -999
OBS: 5999387  53331.926    67.00   0.0000e+00   3.6414e+02   2.1918e+02   0  J  0.00  1   !  -9.99000e+02  -99.000  -99.000  -999
OBS: 5999387  53333.926    69.00   0.0000e+00   3.1379e+02   1.8888e+02   0  J  0.00  1   !  -9.99000e+02  -99.000  -99.000  -999
OBS: 5999387  53335.926    71.00   0.0000e+00   2.8240e+02   1.6998e+02   0  J  0.00  1   !  -9.99000e+02  -99.000  -99.000  -999
OBS: 5999387  53337.926    73.00   0.0000e+00   2.5654e+02   1.5441e+02   0  J  0.00  1   !  -9.99000e+02  -99.000  -99.000  -999
OBS: 5999387  53339.926    75.00   0.0000e+00   2.3282e+02   1.4014e+02   0  J  0.00  1   !  -9.99000e+02  -99.000  -99.000  -999
OBS: 5999387  53341.926    77.00   0.0000e+00   2.0804e+02   1.2522e+02   0  J  0.00  1   !  -9.99000e+02  -99.000  -99.000  -999
OBS: 5999387  53343.926    79.00   0.0000e+00   1.8098e+02   1.0893e+02   0  J  0.00  1   !  -9.99000e+02  -99.000  -99.000  -999
OBS: 5999387  53345.926    81.00   0.0000e+00   1.6821e+02   1.0125e+02   0  J  0.00  1   !  -9.99000e+02  -99.000  -99.000  -999
OBS: 5999387  53347.926    83.00   0.0000e+00   1.5896e+02   9.5682e+01   0  J  0.00  1   !  -9.99000e+02  -99.000  -99.000  -999
OBS: 5999387  53349.926    85.00   0.0000e+00   1.5031e+02   9.0472e+01   0  J  0.00  1   !  -9.99000e+02  -99.000  -99.000  -999
OBS: 5999387  53351.926    87.00   0.0000e+00   1.4216e+02   8.5568e+01   0  J  0.00  1   !  -9.99000e+02  -99.000  -99.000  -999
OBS: 5999387  53353.926    89.00   0.0000e+00   1.3423e+02   8.0792e+01   0  J  0.00  1   !  -9.99000e+02  -99.000  -99.000  -999
OBS: 5999387  53355.926    91.00   0.0000e+00   1.2632e+02   7.6036e+01   0  J  0.00  1   !  -9.99000e+02  -99.000  -99.000  -999
OBS: 5999387  53357.926    93.00   0.0000e+00   1.2079e+02   7.2705e+01   0  J  0.00  1   !  -9.99000e+02  -99.000  -99.000  -999
OBS: 5999387  53359.926    95.00   0.0000e+00   1.1565e+02   6.9614e+01   0  J  0.00  1   !  -9.99000e+02  -99.000  -99.000  -999
OBS: 5999387  53361.926    97.00   0.0000e+00   1.1074e+02   6.6654e+01   0  J  0.00  1   !  -9.99000e+02  -99.000  -99.000  -999
OBS: 5999387  53363.926    99.00   0.0000e+00   1.0603e+02   6.3819e+01   0  J  0.00  1   !  -9.99000e+02  -99.000  -99.000  -999
OBS: 5999387  53365.926   101.00   0.0000e+00   1.0152e+02   6.1105e+01   0  J  0.00  1   !  -9.99000e+02  -99.000  -99.000  -999
OBS: 5999387  53367.926   103.00   0.0000e+00   9.7202e+01   5.8507e+01   0  J  0.00  1   !  -9.99000e+02  -99.000  -99.000  -999
OBS: 5999387  53369.926   105.00   0.0000e+00   9.3069e+01   5.6019e+01   0  J  0.00  1   !  -9.99000e+02  -99.000  -99.000  -999
OBS: 5999387  53371.926   107.00   0.0000e+00   8.9111e+01   5.3637e+01   0  J  0.00  1   !  -9.99000e+02  -99.000  -99.000  -999
OBS: 5999387  53373.926   109.00   0.0000e+00   8.5322e+01   5.1356e+01   0  J  0.00  1   !  -9.99000e+02  -99.000  -99.000  -999
OBS: 5999387  53375.926   111.00   0.0000e+00   8.1694e+01   4.9173e+01   0  J  0.00  1   !  -9.99000e+02  -99.000  -99.000  -999
OBS: 5999387  53377.926   113.00   0.0000e+00   7.8220e+01   4.7082e+01   0  J  0.00  1   !  -9.99000e+02  -99.000  -99.000  -999
OBS: 5999387  53379.926   115.00   0.0000e+00   7.4894e+01   4.5080e+01   0  J  0.00  1   !  -9.99000e+02  -99.000  -99.000  -999
OBS: 5999387  53381.926   117.00   0.0000e+00   7.1709e+01   4.3163e+01   0  J  0.00  1   !  -9.99000e+02  -99.000  -99.000  -999
OBS: 5999387  53383.926   119.00   0.0000e+00   6.8660e+01   4.1327e+01   0  J  0.00  1   !  -9.99000e+02  -99.000  -99.000  -999
OBS: 5999387  53385.926   121.00   0.0000e+00   6.5740e+01   3.9570e+01   0  J  0.00  1   !  -9.99000e+02  -99.000  -99.000  -999
OBS: 5999387  53387.926   123.00   0.0000e+00   6.2945e+01   3.7887e+01   0  J  0.00  1   !  -9.99000e+02  -99.000  -99.000  -999
OBS: 5999387  53389.926   125.00   0.0000e+00   6.0268e+01   3.6276e+01   0  J  0.00  1   !  -9.99000e+02  -99.000  -99.000  -999
OBS: 5999387  53391.926   127.00   0.0000e+00   5.7706e+01   3.4734e+01   0  J  0.00  1   !  -9.99000e+02  -99.000  -99.000  -999
OBS: 5999387  53393.926   129.00   0.0000e+00   5.5252e+01   3.3257e+01   0  J  0.00  1   !  -9.99000e+02  -99.000  -99.000  -999
OBS: 5999387  53395.926   131.00   0.0000e+00   5.2902e+01   3.1843e+01   0  J  0.00  1   !  -9.99000e+02  -99.000  -99.000  -999
OBS: 5999387  53397.926   133.00   0.0000e+00   5.0653e+01   3.0489e+01   0  J  0.00  1   !  -9.99000e+02  -99.000  -99.000  -999
OBS: 5999387  53399.926   135.00   0.0000e+00   4.8499e+01   2.9192e+01   0  J  0.00  1   !  -9.99000e+02  -99.000  -99.000  -999
OBS: 5999387  53401.926   137.00   0.0000e+00   4.6437e+01   2.7951e+01   0  J  0.00  1   !  -9.99000e+02  -99.000  -99.000  -999
OBS: 5999387  53403.926   139.00   0.0000e+00   4.4462e+01   2.6762e+01   0  J  0.00  1   !  -9.99000e+02  -99.000  -99.000  -999
OBS: 5999387  53269.699     4.77   1.9221e+03   1.8808e+03   2.4733e+02   1  y  0.15  1   Y  1.53399e+18  -0.385  -1.499  1.00000e+11
OBS: 5999387  53277.629    12.70   1.5043e+03   1.3507e+03   1.5163e+02   1  y  1.32  1   Y  1.06222e+18  -0.425  -1.803  1.00000e+11
OBS: 5999387  53281.590    16.66   1.6549e+03   1.7447e+03   1.5557e+02   1  y  0.05  1   Y  1.36347e+18  -0.432  -1.347  1.00000e+11
OBS: 5999387  53281.602    16.67   1.6555e+03   1.4111e+03   1.5638e+02   1  y  2.85  1   Y  1.10274e+18  -0.432  -1.346  1.00000e+11
OBS: 5999387  53328.578    63.65   8.0372e+02   7.9421e+02   1.0094e+02  -1  y  0.00  1   !  -9.99000e+02  -99.000  -99.000  -999
OBS: 5999387  53328.590    63.66   8.0346e+02   7.9812e+02   1.1611e+02  -1  y  0.00  1   !  -9.99000e+02  -99.000  -99.000  -999
OBS: 5999387  53205.926   -59.00   0.0000e+00   0.0000e+00   0.0000e+00   0  y  0.00  1   !  -9.99000e+02  -99.000  -99.000  -999
OBS: 5999387  53207.926   -57.00   0.0000e+00   0.0000e+00   0.0000e+00   0  y  0.00  1   !  -9.99000e+02  -99.000  -99.000  -999
OBS: 5999387  53209.926   -55.00   0.0000e+00   0.0000e+00   0.0000e+00   0  y  0.00  1   !  -9.99000e+02  -99.000  -99.000  -999
OBS: 5999387  53211.926   -53.00   0.0000e+00   0.0000e+00   0.0000e+00   0  y  0.00  1   !  -9.99000e+02  -99.000  -99.000  -999
OBS: 5999387  53213.926   -51.00   0.0000e+00   0.0000e+00   0.0000e+00   0  y  0.00  1   !  -9.99000e+02  -99.000  -99.000  -999
OBS: 5999387  53215.926   -49.00   0.0000e+00   0.0000e+00   0.0000e+00   0  y  0.00  1   !  -9.99000e+02  -99.000  -99.000  -999
OBS: 5999387  53217.926   -47.00   0.0000e+00   0.0000e+00   0.0000e+00   0  y  0.00  1   !  -9.99000e+02  -99.000  -99.000  -999
OBS: 5999387  53219.926   -45.00   0.0000e+00   0.0000e+00   0.0000e+00   0  y  0.00  1   !  -9.99000e+02  -99.000  -99.000  -999
OBS: 5999387  53221.926   -43.00   0.0000e+00   0.0000e+00   0.0000e+00   0  y  0.00  1   !  -9.99000e+02  -99.000  -99.000  -999
OBS: 5999387  53223.926   -41.00   0.0000e+00   0.0000e+00   0.0000e+00   0  y  0.00  1   !  -9.99000e+02  -99.000  -99.000  -999
OBS: 5999387  53225.926   -39.00   0.0000e+00   0.0000e+00   0.0000e+00   0  y  0.00  1   !  -9.99000e+02  -99.000  -99.000  -999
OBS: 5999387  53227.926   -37.00   0.0000e+00   0.0000e+00   0.0000e+00   0  y  0.00  1   !  -9.99000e+02  -99.000  -99.000  -999
OBS: 5999387  53229.926   -35.00   0.0000e+00   0.0000e+00   0.0000e+00   0  y  0.00  1   !  -9.99000e+02  -99.000  -99.000  -999
OBS: 5999387  53231.926   -33.00   0.0000e+00   0.0000e+00   0.0000e+00   0  y  0.00  1   !  -9.99000e+02  -99.000  -99.000  -999
OBS: 5999387  53233.926   -31.00   0.0000e+00   0.0000e+00   0.0000e+00   0  y  0.00  1   !  -9.99000e+02  -99.000  -99.000  -999
OBS: 5999387  53235.926   -29.00   0.0000e+00   0.0000e+00   0.0000e+00   0  y  0.00  1   !  -9.99000e+02  -99.000  -99.000  -999
OBS: 5999387  53237.926   -27.00   0.0000e+00   0.0000e+00   0.0000e+00   0  y  0.00  1   !  -9.99000e+02  -99.000  -99.000  -999
OBS: 5999387  53239.926   -25.00   0.0000e+00   0.0000e+00   0.0000e+00   0  y  0.00  1   !  -9.99000e+02  -99.000  -99.000  -999
OBS: 5999387  53241.926   -23.00   0.0000e+00   0.0000e+00   0.0000e+00   0  y  0.00  1   !  -9.99000e+02  -99.000  -99.000  -999
OBS: 5999387  53243.926   -21.00   0.0000e+00   4.9795e+02   2.9972e+02   0  y  0.00  1   !  -9.99000e+02  -99.000  -99.000  -999
OBS: 5999387  53245.926   -19.00   0.0000e+00   4.9857e+02   3.0009e+02   0  y  0.00  1   !  -9.99000e+02  -99.000  -99.000  -999
OBS: 5999387  53247.926   -17.00   0.0000e+00   4.9637e+02   2.9877e+02   0  y  0.00  1   !  -9.99000e+02  -99.000  -99.000  -999
OBS: 5999387  53249.926   -15.00   0.0000e+00   7.4016e+02   1.6494e+02   0  y  0.00  1   !  -9.99000e+02  -99.000  -99.000  -999
OBS: 5999387  53251.926   -13.00   0.0000e+00   1.2337e+03   1.0411e+02   0  y  0.00  1   !  -9.99000e+02  -99.000  -99.000  -999
OBS: 5999387  53253.926   -11.00   0.0000e+00   1.7574e+03   7.0590e+01   0  y  0.00  1   !  -9.99000e+02  -99.000  -99.000  -999
OBS: 5999387  53255.926    -9.00   0.0000e+00   2.2558e+03   6.0874e+01   0  y  0.00  1   !  -9.99000e+02  -99.000  -99.000  -999
OBS: 5999387  53257.926    -7.00   0.0000e+00   2.7036e+03   6.3973e+01   0  y  0.00  1   !  -9.99000e+02  -99.000  -99.000  -999
OBS: 5999387  53259.926    -5.00   0.0000e+00   2.9403e+03   7.5310e+01   0  y  0.00  1   !  -9.99000e+02  -99.000  -99.000  -999
OBS: 5999387  53261.926    -3.00   0.0000e+00   2.9568e+03   7.6374e+01   0  y  0.00  1   !  -9.99000e+02  -99.000  -99.000  -999
OBS: 5999387  53263.926    -1.00   0.0000e+00   2.6953e+03   6.6325e+01   0  y  0.00  1   !  -9.99000e+02  -99.000  -99.000  -999
OBS: 5999387  53265.926     1.00   0.0000e+00   2.3776e+03   7.1612e+01   0  y  0.00  1   !  -9.99000e+02  -99.000  -99.000  -999
OBS: 5999387  53267.926     3.00   0.0000e+00   2.1654e+03   8.4395e+01   0  y  0.00  1   !  -9.99000e+02  -99.000  -99.000  -999
OBS: 5999387  53269.926     5.00   0.0000e+00   1.9579e+03   8.1390e+01   0  y  0.00  1   !  -9.99000e+02  -99.000  -99.000  -999
OBS: 5999387  53271.926     7.00   0.0000e+00   1.7613e+03   7.4271e+01   0  y  0.00  1   !  -9.99000e+02  -99.000  -99.000  -999
OBS: 5999387  53273.926     9.00   0.0000e+00   1.6423e+03   7.8958e+01   0  y  0.00  1   !  -9.99000e+02  -99.000  -99.000  -999
OBS: 5999387  53275.926    11.00   0.0000e+00   1.5816e+03   8.7881e+01   0  y  0.00  1   !  -9.99000e+02  -99.000  -99.000  -999
OBS: 5999387  53277.926    13.00   0.0000e+00   1.5541e+03   8.6846e+01   0  y  0.00  1   !  -9.99000e+02  -99.000  -99.000  -999
OBS: 5999387  53279.926    15.00   0.0000e+00   1.6087e+03   8.0792e+01   0  y  0.00  1   !  -9.99000e+02  -99.000  -99.000  -999
OBS: 5999387  53281.926    17.00   0.0000e+00   1.7298e+03   7.9796e+01   0  y  0.00  1   !  -9.99000e+02  -99.000  -99.000  -999
OBS: 5999387  53283.926    19.00   0.0000e+00   1.8734e+03   7.8073e+01   0  y  0.00  1   !  -9.99000e+02  -99.000  -99.000  -999
OBS: 5999387  53285.926    21.00   0.0000e+00   2.0301e+03   6.8256e+01   0  y  0.00  1   !  -9.99000e+02  -99.000  -99.000  -999
OBS: 5999387  53287.926    23.00   0.0000e+00   2.1217e+03   6.2707e+01   0  y  0.00  1   !  -9.99000e+02  -99.000  -99.000  -999
OBS: 5999387  53289.926    25.00   0.0000e+00   2.2292e+03   6.8192e+01   0  y  0.00  1   !  -9.99000e+02  -99.000  -99.000  -999
OBS: 5999387  53291.926    27.00   0.0000e+00   2.4855e+03   7.4264e+01   0  y  0.00  1   !  -9.99000e+02  -99.000  -99.000  -999
OBS: 5999387  53293.926    29.00   0.0000e+00   2.7346e+03   7.6074e+01   0  y  0.00  1   !  -9.99000e+02  -99.000  -99.000  -999
OBS: 5999387  53295.926    31.00   0.0000e+00   2.8462e+03   8.1270e+01   0  y  0.00  1   !  -9.99000e+02  -99.000  -99.000  -999
OBS: 5999387  53297.926    33.00   0.0000e+00   2.8929e+03   9.2403e+01   0  y  0.00  1   !  -9.99000e+02  -99.000  -99.000  -999
OBS: 5999387  53299.926    35.00   0.0000e+00   2.8358e+03   9.7487e+01   0  y  0.00  1   !  -9.99000e+02  -99.000  -99.000  -999
OBS: 5999387  53301.926    37.00   0.0000e+00   2.7155e+03   9.0679e+01   0  y  0.00  1   !  -9.99000e+02  -99.000  -99.000  -999
OBS: 5999387  53303.926    39.00   0.0000e+00   2.6149e+03   8.9421e+01   0  y  0.00  1   !  -9.99000e+02  -99.000  -99.000  -999
OBS: 5999387  53305.926    41.00   0.0000e+00   2.4951e+03   9.8796e+01   0  y  0.00  1   !  -9.99000e+02  -99.000  -99.000  -999
OBS: 5999387  53307.926    43.00   0.0000e+00   2.3145e+03   9.7937e+01   0  y  0.00  1   !  -9.99000e+02  -99.000  -99.000  -999
OBS: 5999387  53309.926    45.00   0.0000e+00   2.1041e+03   8.1633e+01   0  y  0.00  1   !  -9.99000e+02  -99.000  -99.000  -999
OBS: 5999387  53311.926    47.00   0.0000e+00   1.9122e+03   6.3870e+01   0  y  0.00  1   !  -9.99000e+02  -99.000  -99.000  -999
OBS: 5999387  53313.926    49.00   0.0000e+00   1.7515e+03   5.2526e+01   0  y  0.00  1   !  -9.99000e+02  -99.000  -99.000  -999
OBS: 5999387  53315.926    51.00   0.0000e+00   1.6059e+03   4.7635e+01   0  y  0.00  1   !  -9.99000e+02  -99.000  -99.000  -999
OBS: 5999387  53317.926    53.00   0.0000e+00   1.4532e+03   5.1507e+01   0  y  0.00  1   !  -9.99000e+02  -99.000  -99.000  -999
OBS: 5999387  53319.926    55.00   0.0000e+00   1.2807e+03   7.7089e+02   0  y  0.00  1   !  -9.99000e+02  -99.000  -99.000  -999
OBS: 5999387  53321.926    57.00   0.0000e+00   1.1108e+03   6.6860e+02   0  y  0.00  1   !  -9.99000e+02  -99.000  -99.000  -999
OBS: 5999387  53323.926    59.00   0.0000e+00   1.0069e+03   6.0604e+02   0  y  0.00  1   !  -9.99000e+02  -99.000  -99.000  -999
OBS: 5999387  53325.926    61.00   0.0000e+00   9.1635e+02   5.5156e+02   0  y  0.00  1   !  -9.99000e+02  -99.000  -99.000  -999
OBS: 5999387  53327.926    63.00   0.0000e+00   8.4626e+02   5.0938e+02   0  y  0.00  1   !  -9.99000e+02  -99.000  -99.000  -999
OBS: 5999387  53329.926    65.00   0.0000e+00   7.6717e+02   4.6177e+02   0  y  0.00  1   !  -9.99000e+02  -99.000  -99.000  -999
OBS: 5999387  53331.926    67.00   0.0000e+00   6.5093e+02   3.9180e+02   0  y  0.00  1   !  -9.99000e+02  -99.000  -99.000  -999
OBS: 5999387  53333.926    69.00   0.0000e+00   5.6148e+02   3.3796e+02   0  y  0.00  1   !  -9.99000e+02  -99.000  -99.000  -999
OBS: 5999387  53335.926    71.00   0.0000e+00   4.9313e+02   2.9682e+02   0  y  0.00  1   !  -9.99000e+02  -99.000  -99.000  -999
OBS: 5999387  53337.926    73.00   0.0000e+00   4.4002e+02   2.6485e+02   0  y  0.00  1   !  -9.99000e+02  -99.000  -99.000  -999
OBS: 5999387  53339.926    75.00   0.0000e+00   3.9849e+02   2.3986e+02   0  y  0.00  1   !  -9.99000e+02  -99.000  -99.000  -999
OBS: 5999387  53341.926    77.00   0.0000e+00   3.6521e+02   2.1982e+02   0  y  0.00  1   !  -9.99000e+02  -99.000  -99.000  -999
OBS: 5999387  53343.926    79.00   0.0000e+00   3.3896e+02   2.0402e+02   0  y  0.00  1   !  -9.99000e+02  -99.000  -99.000  -999
OBS: 5999387  53345.926    81.00   0.0000e+00   3.0352e+02   1.8269e+02   0  y  0.00  1   !  -9.99000e+02  -99.000  -99.000  -999
OBS: 5999387  53347.926    83.00   0.0000e+00   2.6973e+02   1.6235e+02   0  y  0.00  1   !  -9.99000e+02  -99.000  -99.000  -999
OBS: 5999387  53349.926    85.00   0.0000e+00   2.4014e+02   1.4455e+02   0  y  0.00  1   !  -9.99000e+02  -99.000  -99.000  -999
OBS: 5999387  53351.926    87.00   0.0000e+00   2.1417e+02   1.2891e+02   0  y  0.00  1   !  -9.99000e+02  -99.000  -99.000  -999
OBS: 5999387  53353.926    89.00   0.0000e+00   1.9151e+02   1.1527e+02   0  y  0.00  1   !  -9.99000e+02  -99.000  -99.000  -999
OBS: 5999387  53355.926    91.00   0.0000e+00   1.7187e+02   1.0345e+02   0  y  0.00  1   !  -9.99000e+02  -99.000  -99.000  -999
OBS: 5999387  53357.926    93.00   0.0000e+00   1.5183e+02   9.1389e+01   0  y  0.00  1   !  -9.99000e+02  -99.000  -99.000  -999
OBS: 5999387  53359.926    95.00   0.0000e+00   1.3394e+02   8.0623e+01   0  y  0.00  1   !  -9.99000e+02  -99.000  -99.000  -999
OBS: 5999387  53361.926    97.00   0.0000e+00   1.1816e+02   7.1123e+01   0  y  0.00  1   !  -9.99000e+02  -99.000  -99.000  -999
OBS: 5999387  53363.926    99.00   0.0000e+00   1.0424e+02   6.2741e+01   0  y  0.00  1   !  -9.99000e+02  -99.000  -99.000  -999
OBS: 5999387  53365.926   101.00   0.0000e+00   9.1951e+01   5.5347e+01   0  y  0.00  1   !  -9.99000e+02  -99.000  -99.000  -999
OBS: 5999387  53367.926   103.00   0.0000e+00   8.1119e+01   4.8826e+01   0  y  0.00  1   !  -9.99000e+02  -99.000  -99.000  -999
OBS: 5999387  53369.926   105.00   0.0000e+00   7.1554e+01   4.3069e+01   0  y  0.00  1   !  -9.99000e+02  -99.000  -99.000  -999
OBS: 5999387  53371.926   107.00   0.0000e+00   6.3115e+01   3.7990e+01   0  y  0.00  1   !  -9.99000e+02  -99.000  -99.000  -999
OBS: 5999387  53373.926   109.00   0.0000e+00   5.5670e+01   3.3508e+01   0  y  0.00  1   !  -9.99000e+02  -99.000  -99.000  -999
OBS: 5999387  53375.926   111.00   0.0000e+00   4.9102e+01   2.9555e+01   0  y  0.00  1   !  -9.99000e+02  -99.000  -99.000  -999
OBS: 5999387  53377.926   113.00   0.0000e+00   4.3308e+01   2.6068e+01   0  y  0.00  1   !  -9.99000e+02  -99.000  -99.000  -999
OBS: 5999387  53379.926   115.00   0.0000e+00   3.8200e+01   2.2993e+01   0  y  0.00  1   !  -9.99000e+02  -99.000  -99.000  -999
OBS: 5999387  53381.926   117.00   0.0000e+00   3.3698e+01   2.0283e+01   0  y  0.00  1   !  -9.99000e+02  -99.000  -99.000  -999
OBS: 5999387  53383.926   119.00   0.0000e+00   2.9720e+01   1.7889e+01   0  y  0.00  1   !  -9.99000e+02  -99.000  -99.000  -999
OBS: 5999387  53385.926   121.00   0.0000e+00   2.6211e+01   1.5776e+01   0  y  0.00  1   !  -9.99000e+02  -99.000  -99.000  -999
OBS: 5999387  53387.926   123.00   0.0000e+00   2.3115e+01   1.3913e+01   0  y  0.00  1   !  -9.99000e+02  -99.000  -99.000  -999
OBS: 5999387  53389.926   125.00   0.0000e+00   2.0385e+01   1.2270e+01   0  y  0.00  1   !  -9.99000e+02  -99.000  -99.000  -999
OBS: 5999387  53391.926   127.00   0.0000e+00   1.7977e+01   1.0820e+01   0  y  0.00  1   !  -9.99000e+02  -99.000  -99.000  -999
OBS: 5999387  53393.926   129.00   0.0000e+00   1.5855e+01   9.5436e+00   0  y  0.00  1   !  -9.99000e+02  -99.000  -99.000  -999
OBS: 5999387  53395.926   131.00   0.0000e+00   1.3986e+01   8.4181e+00   0  y  0.00  1   !  -9.99000e+02  -99.000  -99.000  -999
OBS: 5999387  53397.926   133.00   0.0000e+00   1.2333e+01   7.4232e+00   0  y  0.00  1   !  -9.99000e+02  -99.000  -99.000  -999
OBS: 5999387  53399.926   135.00   0.0000e+00   1.0875e+01   6.5457e+00   0  y  0.00  1   !  -9.99000e+02  -99.000  -99.000  -999
OBS: 5999387  53401.926   137.00   0.0000e+00   9.5893e+00   5.7719e+00   0  y  0.00  1   !  -9.99000e+02  -99.000  -99.000  -999
OBS: 5999387  53403.926   139.00   0.0000e+00   8.4554e+00   5.0894e+00   0  y  0.00  1   !  -9.99000e+02  -99.000  -99.000  -999
OBS: 5999387  53269.699     4.77   1.9084e+03   1.8442e+03   6.8328e+02   1  H  0.04  1   H  2.22317e+18  0.039  0.277  1.00000e+11
OBS: 5999387  53277.629    12.70   1.3582e+03   1.2169e+03   3.6523e+02   1  H  0.00  1   H  1.80684e+18  0.265  -1.757  1.00000e+11
OBS: 5999387  53277.641    12.71   1.3582e+03   1.3441e+03   3.5849e+02   1  H  0.12  1   H  1.99588e+18  0.265  -1.758  1.00000e+11
OBS: 5999387  53281.590    16.66   1.4863e+03   1.5328e+03   2.7286e+02   1  H  0.51  1   H  2.27790e+18  0.266  -2.138  1.00000e+11
OBS: 5999387  53281.602    16.67   1.4868e+03   1.1161e+03   2.9165e+02   1  H  0.54  1   H  1.65859e+18  0.266  -2.139  1.00000e+11
OBS: 5999387  53205.926   -59.00   0.0000e+00   0.0000e+00   0.0000e+00   0  H  0.00  1   !  -9.99000e+02  -99.000  -99.000  -999
OBS: 5999387  53207.926   -57.00   0.0000e+00   0.0000e+00   0.0000e+00   0  H  0.00  1   !  -9.99000e+02  -99.000  -99.000  -999
OBS: 5999387  53209.926   -55.00   0.0000e+00   0.0000e+00   0.0000e+00   0  H  0.00  1   !  -9.99000e+02  -99.000  -99.000  -999
OBS: 5999387  53211.926   -53.00   0.0000e+00   0.0000e+00   0.0000e+00   0  H  0.00  1   !  -9.99000e+02  -99.000  -99.000  -999
OBS: 5999387  53213.926   -51.00   0.0000e+00   0.0000e+00   0.0000e+00   0  H  0.00  1   !  -9.99000e+02  -99.000  -99.000  -999
OBS: 5999387  53215.926   -49.00   0.0000e+00   0.0000e+00   0.0000e+00   0  H  0.00  1   !  -9.99000e+02  -99.000  -99.000  -999
OBS: 5999387  53217.926   -47.00   0.0000e+00   0.0000e+00   0.0000e+00   0  H  0.00  1   !  -9.99000e+02  -99.000  -99.000  -999
OBS: 5999387  53219.926   -45.00   0.0000e+00   0.0000e+00   0.0000e+00   0  H  0.00  1   !  -9.99000e+02  -99.000  -99.000  -999
OBS: 5999387  53221.926   -43.00   0.0000e+00   0.0000e+00   0.0000e+00   0  H  0.00  1   !  -9.99000e+02  -99.000  -99.000  -999
OBS: 5999387  53223.926   -41.00   0.0000e+00   0.0000e+00   0.0000e+00   0  H  0.00  1   !  -9.99000e+02  -99.000  -99.000  -999
OBS: 5999387  53225.926   -39.00   0.0000e+00   0.0000e+00   0.0000e+00   0  H  0.00  1   !  -9.99000e+02  -99.000  -99.000  -999
OBS: 5999387  53227.926   -37.00   0.0000e+00   0.0000e+00   0.0000e+00   0  H  0.00  1   !  -9.99000e+02  -99.000  -99.000  -999
OBS: 5999387  53229.926   -35.00   0.0000e+00   0.0000e+00   0.0000e+00   0  H  0.00  1   !  -9.99000e+02  -99.000  -99.000  -999
OBS: 5999387  53231.926   -33.00   0.0000e+00   0.0000e+00   0.0000e+00   0  H  0.00  1   !  -9.99000e+02  -99.000  -99.000  -999
OBS: 5999387  53233.926   -31.00   0.0000e+00   0.0000e+00   0.0000e+00   0  H  0.00  1   !  -9.99000e+02  -99.000  -99.000  -999
OBS: 5999387  53235.926   -29.00   0.0000e+00   0.0000e+00   0.0000e+00   0  H  0.00  1   !  -9.99000e+02  -99.000  -99.000  -999
OBS: 5999387  53237.926   -27.00   0.0000e+00   0.0000e+00   0.0000e+00   0  H  0.00  1   !  -9.99000e+02  -99.000  -99.000  -999
OBS: 5999387  53239.926   -25.00   0.0000e+00   0.0000e+00   0.0000e+00   0  H  0.00  1   !  -9.99000e+02  -99.000  -99.000  -999
OBS: 5999387  53241.926   -23.00   0.0000e+00   0.0000e+00   0.0000e+00   0  H  0.00  1   !  -9.99000e+02  -99.000  -99.000  -999
OBS: 5999387  53243.926   -21.00   0.0000e+00   5.4172e+02   3.2606e+02   0  H  0.00  1   !  -9.99000e+02  -99.000  -99.000  -999
OBS: 5999387  53245.926   -19.00   0.0000e+00   6.2778e+02   3.7786e+02   0  H  0.00  1   !  -9.99000e+02  -99.000  -99.000  -999
OBS: 5999387  53247.926   -17.00   0.0000e+00   6.2963e+02   3.7898e+02   0  H  0.00  1   !  -9.99000e+02  -99.000  -99.000  -999
OBS: 5999387  53249.926   -15.00   0.0000e+00   8.7614e+02   5.2438e+02   0  H  0.00  1   !  -9.99000e+02  -99.000  -99.000  -999
OBS: 5999387  53251.926   -13.00   0.0000e+00   1.4014e+03   1.2740e+02   0  H  0.00  1   !  -9.99000e+02  -99.000  -99.000  -999
OBS: 5999387  53253.926   -11.00   0.0000e+00   1.9061e+03   9.3819e+01   0  H  0.00  1   !  -9.99000e+02  -99.000  -99.000  -999
OBS: 5999387  53255.926    -9.00   0.0000e+00   2.3190e+03   7.6752e+01   0  H  0.00  1   !  -9.99000e+02  -99.000  -99.000  -999
OBS: 5999387  53257.926    -7.00   0.0000e+00   2.5996e+03   7.3460e+01   0  H  0.00  1   !  -9.99000e+02  -99.000  -99.000  -999
OBS: 5999387  53259.926    -5.00   0.0000e+00   2.6826e+03   8.0823e+01   0  H  0.00  1   !  -9.99000e+02  -99.000  -99.000  -999
OBS: 5999387  53261.926    -3.00   0.0000e+00   2.5854e+03   7.7724e+01   0  H  0.00  1   !  -9.99000e+02  -99.000  -99.000  -999
OBS: 5999387  53263.926    -1.00   0.0000e+00   2.3178e+03   6.4569e+01   0  H  0.00  1   !  -9.99000e+02  -99.000  -99.000  -999
OBS: 5999387  53265.926     1.00   0.0000e+00   2.0745e+03   6.2720e+01   0  H  0.00  1   !  -9.99000e+02  -99.000  -99.000  -999
OBS: 5999387  53267.926     3.00   0.0000e+00   1.8962e+03   6.9442e+01   0  H  0.00  1   !  -9.99000e+02  -99.000  -99.000  -999
OBS: 5999387  53269.926     5.00   0.0000e+00   1.6896e+03   6.9255e+01   0  H  0.00  1   !  -9.99000e+02  -99.000  -99.000  -999
OBS: 5999387  53271.926     7.00   0.0000e+00   1.4780e+03   6.4661e+01   0  H  0.00  1   !  -9.99000e+02  -99.000  -99.000  -999
OBS: 5999387  53273.926     9.00   0.0000e+00   1.3073e+03   6.0418e+01   0  H  0.00  1   !  -9.99000e+02  -99.000  -99.000  -999
OBS: 5999387  53275.926    11.00   0.0000e+00   1.2282e+03   5.5712e+01   0  H  0.00  1   !  -9.99000e+02  -99.000  -99.000  -999
OBS: 5999387  53277.926    13.00   0.0000e+00   1.2209e+03   5.0581e+01   0  H  0.00  1   !  -9.99000e+02  -99.000  -99.000  -999
OBS: 5999387  53279.926    15.00   0.0000e+00   1.2634e+03   5.0349e+01   0  H  0.00  1   !  -9.99000e+02  -99.000  -99.000  -999
OBS: 5999387  53281.926    17.00   0.0000e+00   1.3493e+03   5.2771e+01   0  H  0.00  1   !  -9.99000e+02  -99.000  -99.000  -999
OBS: 5999387  53283.926    19.00   0.0000e+00   1.4287e+03   4.8371e+01   0  H  0.00  1   !  -9.99000e+02  -99.000  -99.000  -999
OBS: 5999387  53285.926    21.00   0.0000e+00   1.4994e+03   4.4098e+01   0  H  0.00  1   !  -9.99000e+02  -99.000  -99.000  -999
OBS: 5999387  53287.926    23.00   0.0000e+00   1.5502e+03   4.3777e+01   0  H  0.00  1   !  -9.99000e+02  -99.000  -99.000  -999
OBS: 5999387  53289.926    25.00   0.0000e+00   1.5943e+03   4.8270e+01   0  H  0.00  1   !  -9.99000e+02  -99.000  -99.000  -999
OBS: 5999387  53291.926    27.00   0.0000e+00   1.6573e+03   5.1552e+01   0  H  0.00  1   !  -9.99000e+02  -99.000  -99.000  -999
OBS: 5999387  53293.926    29.00   0.0000e+00   1.7118e+03   5.0108e+01   0  H  0.00  1   !  -9.99000e+02  -99.000  -99.000  -999
OBS: 5999387  53295.926    31.00   0.0000e+00   1.7875e+03   5.5510e+01   0  H  0.00  1   !  -9.99000e+02  -99.000  -99.000  -999
OBS: 5999387  53297.926    33.00   0.0000e+00   1.8503e+03   7.0851e+01   0  H  0.00  1   !  -9.99000e+02  -99.000  -99.000  -999
OBS: 5999387  53299.926    35.00   0.0000e+00   1.8952e+03   8.5190e+01   0  H  0.00  1   !  -9.99000e+02  -99.000  -99.000  -999
OBS: 5999387  53301.926    37.00   0.0000e+00   1.8929e+03   9.2015e+01   0  H  0.00  1   !  -9.99000e+02  -99.000  -99.000  -999
OBS: 5999387  53303.926    39.00   0.0000e+00   1.8042e+03   1.0184e+02   0  H  0.00  1   !  -9.99000e+02  -99.000  -99.000  -999
OBS: 5999387  53305.926    41.00   0.0000e+00   1.6541e+03   1.1631e+02   0  H  0.00  1   !  -9.99000e+02  -99.000  -99.000  -999
OBS: 5999387  53307.926    43.00   0.0000e+00   1.4558e+03   1.1797e+02   0  H  0.00  1   !  -9.99000e+02  -99.000  -99.000  -999
OBS: 5999387  53309.926    45.00   0.0000e+00   1.2347e+03   1.0060e+02   0  H  0.00  1   !  -9.99000e+02  -99.000  -99.000  -999
OBS: 5999387  53311.926    47.00   0.0000e+00   1.0626e+03   7.7570e+01   0  H  0.00  1   !  -9.99000e+02  -99.000  -99.000  -999
OBS: 5999387  53313.926    49.00   0.0000e+00   9.6271e+02   6.4470e+01   0  H  0.00  1   !  -9.99000e+02  -99.000  -99.000  -999
OBS: 5999387  53315.926    51.00   0.0000e+00   9.1069e+02   5.5121e+01   0  H  0.00  1   !  -9.99000e+02  -99.000  -99.000  -999
OBS: 5999387  53317.926    53.00   0.0000e+00   8.6865e+02   5.2623e+01   0  H  0.00  1   !  -9.99000e+02  -99.000  -99.000  -999
OBS: 5999387  53319.926    55.00   0.0000e+00   8.2318e+02   2.3177e+02   0  H  0.00  1   !  -9.99000e+02  -99.000  -99.000  -999
OBS: 5999387  53321.926    57.00   0.0000e+00   7.7660e+02   4.6745e+02   0  H  0.00  1   !  -9.99000e+02  -99.000  -99.000  -999
OBS: 5999387  53323.926    59.00   0.0000e+00   7.3987e+02   4.4534e+02   0  H  0.00  1   !  -9.99000e+02  -99.000  -99.000  -999
OBS: 5999387  53325.926    61.00   0.0000e+00   7.0468e+02   4.2416e+02   0  H  0.00  1   !  -9.99000e+02  -99.000  -99.000  -999
OBS: 5999387  53327.926    63.00   0.0000e+00   6.7053e+02   4.0360e+02   0  H  0.00  1   !  -9.99000e+02  -99.000  -99.000  -999
OBS: 5999387  53329.926    65.00   0.0000e+00   6.2549e+02   3.7649e+02   0  H  0.00  1   !  -9.99000e+02  -99.000  -99.000  -999
OBS: 5999387  53331.926    67.00   0.0000e+00   5.5935e+02   3.3668e+02   0  H  0.00  1   !  -9.99000e+02  -99.000  -99.000  -999
OBS: 5999387  53333.926    69.00   0.0000e+00   5.0624e+02   3.0471e+02   0  H  0.00  1   !  -9.99000e+02  -99.000  -99.000  -999
OBS: 5999387  53335.926    71.00   0.0000e+00   4.6525e+02   2.8004e+02   0  H  0.00  1   !  -9.99000e+02  -99.000  -99.000  -999
OBS: 5999387  53337.926    73.00   0.0000e+00   4.3438e+02   2.6146e+02   0  H  0.00  1   !  -9.99000e+02  -99.000  -99.000  -999
OBS: 5999387  53339.926    75.00   0.0000e+00   4.1183e+02   2.4789e+02   0  H  0.00  1   !  -9.99000e+02  -99.000  -99.000  -999
OBS: 5999387  53341.926    77.00   0.0000e+00   3.9110e+02   2.3541e+02   0  H  0.00  1   !  -9.99000e+02  -99.000  -99.000  -999
OBS: 5999387  53343.926    79.00   0.0000e+00   3.7041e+02   2.2296e+02   0  H  0.00  1   !  -9.99000e+02  -99.000  -99.000  -999
OBS: 5999387  53345.926    81.00   0.0000e+00   3.5552e+02   2.1399e+02   0  H  0.00  1   !  -9.99000e+02  -99.000  -99.000  -999
OBS: 5999387  53347.926    83.00   0.0000e+00   3.4246e+02   2.0613e+02   0  H  0.00  1   !  -9.99000e+02  -99.000  -99.000  -999
OBS: 5999387  53349.926    85.00   0.0000e+00   3.3009e+02   1.9869e+02   0  H  0.00  1   !  -9.99000e+02  -99.000  -99.000  -999
OBS: 5999387  53351.926    87.00   0.0000e+00   3.1843e+02   1.9167e+02   0  H  0.00  1   !  -9.99000e+02  -99.000  -99.000  -999
OBS: 5999387  53353.926    89.00   0.0000e+00   3.0762e+02   1.8516e+02   0  H  0.00  1   !  -9.99000e+02  -99.000  -99.000  -999
OBS: 5999387  53355.926    91.00   0.0000e+00   2.9785e+02   1.7928e+02   0  H  0.00  1   !  -9.99000e+02  -99.000  -99.000  -999
OBS: 5999387  53357.926    93.00   0.0000e+00   2.8572e+02   1.7198e+02   0  H  0.00  1   !  -9.99000e+02  -99.000  -99.000  -999
OBS: 5999387  53359.926    95.00   0.0000e+00   2.7387e+02   1.6484e+02   0  H  0.00  1   !  -9.99000e+02  -99.000  -99.000  -999
OBS: 5999387  53361.926    97.00   0.0000e+00   2.6251e+02   1.5801e+02   0  H  0.00  1   !  -9.99000e+02  -99.000  -99.000  -999
OBS: 5999387  53363.926    99.00   0.0000e+00   2.5162e+02   1.5145e+02   0  H  0.00  1   !  -9.99000e+02  -99.000  -99.000  -999
OBS: 5999387  53365.926   101.00   0.0000e+00   2.4119e+02   1.4517e+02   0  H  0.00  1   !  -9.99000e+02  -99.000  -99.000  -999
OBS: 5999387  53367.926   103.00   0.0000e+00   2.3118e+02   1.3915e+02   0  H  0.00  1   !  -9.99000e+02  -99.000  -99.000  -999
OBS: 5999387  53369.926   105.00   0.0000e+00   2.2160e+02   1.3338e+02   0  H  0.00  1   !  -9.99000e+02  -99.000  -99.000  -999
OBS: 5999387  53371.926   107.00   0.0000e+00   2.1241e+02   1.2785e+02   0  H  0.00  1   !  -9.99000e+02  -99.000  -99.000  -999
OBS: 5999387  53373.926   109.00   0.0000e+00   2.0360e+02   1.2255e+02   0  H  0.00  1   !  -9.99000e+02  -99.000  -99.000  -999
OBS: 5999387  53375.926   111.00   0.0000e+00   1.9515e+02   1.1747e+02   0  H  0.00  1   !  -9.99000e+02  -99.000  -99.000  -999
OBS: 5999387  53377.926   113.00   0.0000e+00   1.8706e+02   1.1259e+02   0  H  0.00  1   !  -9.99000e+02  -99.000  -99.000  -999
OBS: 5999387  53379.926   115.00   0.0000e+00   1.7930e+02   1.0792e+02   0  H  0.00  1   !  -9.99000e+02  -99.000  -99.000  -999
OBS: 5999387  53381.926   117.00   0.0000e+00   1.7187e+02   1.0345e+02   0  H  0.00  1   !  -9.99000e+02  -99.000  -99.000  -999
OBS: 5999387  53383.926   119.00   0.0000e+00   1.6474e+02   9.9157e+01   0  H  0.00  1   !  -9.99000e+02  -99.000  -99.000  -999
OBS: 5999387  53385.926   121.00   0.0000e+00   1.5790e+02   9.5044e+01   0  H  0.00  1   !  -9.99000e+02  -99.000  -99.000  -999
OBS: 5999387  53387.926   123.00   0.0000e+00   1.5136e+02   9.1102e+01   0  H  0.00  1   !  -9.99000e+02  -99.000  -99.000  -999
OBS: 5999387  53389.926   125.00   0.0000e+00   1.4508e+02   8.7324e+01   0  H  0.00  1   !  -9.99000e+02  -99.000  -99.000  -999
OBS: 5999387  53391.926   127.00   0.0000e+00   1.3906e+02   8.3702e+01   0  H  0.00  1   !  -9.99000e+02  -99.000  -99.000  -999
OBS: 5999387  53393.926   129.00   0.0000e+00   1.3329e+02   8.0230e+01   0  H  0.00  1   !  -9.99000e+02  -99.000  -99.000  -999
OBS: 5999387  53395.926   131.00   0.0000e+00   1.2776e+02   7.6902e+01   0  H  0.00  1   !  -9.99000e+02  -99.000  -99.000  -999
OBS: 5999387  53397.926   133.00   0.0000e+00   1.2246e+02   7.3713e+01   0  H  0.00  1   !  -9.99000e+02  -99.000  -99.000  -999
OBS: 5999387  53399.926   135.00   0.0000e+00   1.1738e+02   7.0655e+01   0  H  0.00  1   !  -9.99000e+02  -99.000  -99.000  -999
OBS: 5999387  53401.926   137.00   0.0000e+00   1.1252e+02   6.7724e+01   0  H  0.00  1   !  -9.99000e+02  -99.000  -99.000  -999
OBS: 5999387  53403.926   139.00   0.0000e+00   1.0785e+02   6.4915e+01   0  H  0.00  1   !  -9.99000e+02  -99.000  -99.000  -999
