VARNAMES: CID MJD Tobs SIM_FLUXCAL FLUXCAL FLUXCAL_ERR DATAFLAG BAND CHI2 IFIT BAND_REST FLUX_REST KCOR AVWARP SIM_FLUX_REST 
OBS: 6000090  53696.809    -9.25   8.8726e+03   8.5455e+03   6.3426e+02   1  J  0.46  1   J  2.19290e+18  -0.086  0.557  1.00000e+11
OBS: 6000090  53696.820    -9.24   8.8799e+03   8.7267e+03   5.3989e+02   1  J  0.23  1   J  2.23952e+18  -0.086  0.555  1.00000e+11
OBS: 6000090  53701.809    -4.25   1.0918e+04   1.0347e+04   5.7727e+02   1  J  1.54  1   J  2.66223e+18  -0.084  0.100  1.00000e+11
OBS: 6000090  53701.809    -4.25   1.0918e+04   1.0957e+04   4.9642e+02   1  J  0.07  1   J  2.81915e+18  -0.084  0.100  1.00000e+11
OBS: 6000090  53705.828    -0.23   9.7025e+03   9.2209e+03   8.6405e+02   1  J  0.52  1   J  2.36127e+18  -0.089  0.328  1.00000e+11
OBS: 6000090  53708.840     2.78   7.8374e+03   7.5582e+03   7.0375e+02   1  J  0.31  1   J  1.99303e+18  -0.057  0.952  1.00000e+11
OBS: 6000090  53708.840     2.78   7.8374e+03   8.0437e+03   6.6607e+02   1  J  0.01  1   J  2.12106e+18  -0.057  0.952  1.00000e+11
OBS: 6000090  53709.828     3.77   7.1890e+03   7.0545e+03   5.4174e+02   1  J  0.19  1   J  1.86223e+18  -0.056  1.142  1.00000e+11
OBS: 6000090  53709.840     3.78   7.1826e+03   6.6680e+03   5.9154e+02   1  J  1.04  1   J  1.76018e+18  -0.056  1.144  1.00000e+11
OBS: 6000090  53714.852     8.79   3.9653e+03   3.6817e+03   4.2873e+02   1  J  0.55  1   J  9.34829e+17  -0.098  1.204  1.00000e+11
OBS: 6000090  53714.852     8.79   3.9653e+03   3.7386e+03   3.9350e+02   1  J  0.45  1   J  9.49274e+17  -0.098  1.204  1.00000e+11
OBS: 6000090  53715.840     9.78   3.5082e+03   3.4967e+03   4.6533e+02   1  J  0.02  1   J  8.79637e+17  -0.108  0.977  1.00000e+11
OBS: 6000090  53715.840     9.78   3.5082e+03   3.4473e+03   4.1159e+02   1  J  0.07  1   J  8.67216e+17  -0.108  0.977  1.00000e+11
OBS: 6000090  53724.852    18.79   2.7146e+03   2.8943e+03   4.6817e+02   1  J  0.07  1   J  6.80826e+17  -0.181  0.326  1.00000e+11
OBS: 6000090  53724.859    18.80   2.7152e+03   2.3452e+03   8.9877e+02   1  J  0.20  1   J  5.51651e+17  -0.181  0.326  1.00000e+11
OBS: 6000090  53732.859    26.80   3.7796e+03   2.6075e+03   4.3892e+02   1  J  6.32  1   J  5.75044e+17  -0.251  0.160  1.00000e+11
OBS: 6000090  53732.859    26.80   3.7796e+03   4.2532e+03   4.5732e+02   1  J  0.66  1   J  9.37963e+17  -0.251  0.160  1.00000e+11
OBS: 6000090  53750.852    44.79   2.1963e+03   2.1615e+03   1.1813e+02   1  J  0.05  1   J  4.31847e+17  -0.358  -1.972  1.00000e+11
OBS: 6000090  53750.859    44.80   2.1951e+03   2.0945e+03   1.1573e+02   1  J  0.21  1   J  4.18451e+17  -0.358  -1.972  1.00000e+11
OBS: 6000090  53756.820    50.76   1.6489e+03   1.5080e+03   2.3495e+02  -1  J  0.10  1   !  -9.99000e+02  -99.000  -99.000  -999
OBS: 6000090  53756.828    50.77   1.6478e+03   1.7180e+03   1.7370e+02  -1  J  0.01  1   !  -9.99000e+02  -99.000  -99.000  -999
OBS: 6000090  53647.059   -59.00   0.0000e+00   0.0000e+00   0.0000e+00   0  J  0.00  1   !  -9.99000e+02  -99.000  -99.000  -999
OBS: 6000090  53649.059   -57.00   0.0000e+00   0.0000e+00   0.0000e+00   0  J  0.00  1   !  -9.99000e+02  -99.000  -99.000  -999
OBS: 6000090  53651.059   -55.00   0.0000e+00   0.0000e+00   0.0000e+00   0  J  0.00  1   !  -9.99000e+02  -99.000  -99.000  -999
OBS: 6000090  53653.059   -53.00   0.0000e+00   0.0000e+00   0.0000e+00   0  J  0.00  1   !  -9.99000e+02  -99.000  -99.000  -999
OBS: 6000090  53655.059   -51.00   0.0000e+00   0.0000e+00   0.0000e+00   0  J  0.00  1   !  -9.99000e+02  -99.000  -99.000  -999
OBS: 6000090  53657.059   -49.00   0.0000e+00   0.0000e+00   0.0000e+00   0  J  0.00  1   !  -9.99000e+02  -99.000  -99.000  -999
OBS: 6000090  53659.059   -47.00   0.0000e+00   0.0000e+00   0.0000e+00   0  J  0.00  1   !  -9.99000e+02  -99.000  -99.000  -999
OBS: 6000090  53661.059   -45.00   0.0000e+00   0.0000e+00   0.0000e+00   0  J  0.00  1   !  -9.99000e+02  -99.000  -99.000  -999
OBS: 6000090  53663.059   -43.00   0.0000e+00   0.0000e+00   0.0000e+00   0  J  0.00  1   !  -9.99000e+02  -99.000  -99.000  -999
OBS: 6000090  53665.059   -41.00   0.0000e+00   0.0000e+00   0.0000e+00   0  J  0.00  1   !  -9.99000e+02  -99.000  -99.000  -999
OBS: 6000090  53667.059   -39.00   0.0000e+00   0.0000e+00   0.0000e+00   0  J  0.00  1   !  -9.99000e+02  -99.000  -99.000  -999
OBS: 6000090  53669.059   -37.00   0.0000e+00   0.0000e+00   0.0000e+00   0  J  0.00  1   !  -9.99000e+02  -99.000  -99.000  -999
OBS: 6000090  53671.059   -35.00   0.0000e+00   0.0000e+00   0.0000e+00   0  J  0.00  1   !  -9.99000e+02  -99.000  -99.000  -999
OBS: 6000090  53673.059   -33.00   0.0000e+00   0.0000e+00   0.0000e+00   0  J  0.00  1   !  -9.99000e+02  -99.000  -99.000  -999
OBS: 6000090  53675.059   -31.00   0.0000e+00   0.0000e+00   0.0000e+00   0  J  0.00  1   !  -9.99000e+02  -99.000  -99.000  -999
OBS: 6000090  53677.059   -29.00   0.0000e+00   0.0000e+00   0.0000e+00   0  J  0.00  1   !  -9.99000e+02  -99.000  -99.000  -999
OBS: 6000090  53679.059   -27.00   0.0000e+00   0.0000e+00   0.0000e+00   0  J  0.00  1   !  -9.99000e+02  -99.000  -99.000  -999
OBS: 6000090  53681.059   -25.00   0.0000e+00   0.0000e+00   0.0000e+00   0  J  0.00  1   !  -9.99000e+02  -99.000  -99.000  -999
OBS: 6000090  53683.059   -23.00   0.0000e+00   0.0000e+00   0.0000e+00   0  J  0.00  1   !  -9.99000e+02  -99.000  -99.000  -999
OBS: 6000090  53685.059   -21.00   0.0000e+00   0.0000e+00   0.0000e+00   0  J  0.00  1   !  -9.99000e+02  -99.000  -99.000  -999
OBS: 6000090  53687.059   -19.00   0.0000e+00   1.9278e+03   1.1603e+03   0  J  0.00  1   !  -9.99000e+02  -99.000  -99.000  -999
OBS: 6000090  53689.059   -17.00   0.0000e+00   1.9787e+03   1.1910e+03   0  J  0.00  1   !  -9.99000e+02  -99.000  -99.000  -999
OBS: 6000090  53691.059   -15.00   0.0000e+00   2.4962e+03   1.0601e+03   0  J  0.00  1   !  -9.99000e+02  -99.000  -99.000  -999
OBS: 6000090  53693.059   -13.00   0.0000e+00   4.8460e+03   3.4216e+02   0  J  0.00  1   !  -9.99000e+02  -99.000  -99.000  -999
OBS: 6000090  53695.059   -11.00   0.0000e+00   7.2547e+03   2.4927e+02   0  J  0.00  1   !  -9.99000e+02  -99.000  -99.000  -999
OBS: 6000090  53697.059    -9.00   0.0000e+00   9.1996e+03   2.7059e+02   0  J  0.00  1   !  -9.99000e+02  -99.000  -99.000  -999
OBS: 6000090  53699.059    -7.00   0.0000e+00   1.0457e+04   2.0305e+02   0  J  0.00  1   !  -9.99000e+02  -99.000  -99.000  -999
OBS: 6000090  53701.059    -5.00   0.0000e+00   1.1045e+04   1.6560e+02   0  J  0.00  1   !  -9.99000e+02  -99.000  -99.000  -999
OBS: 6000090  53703.059    -3.00   0.0000e+00   1.0926e+04   1.8077e+02   0  J  0.00  1   !  -9.99000e+02  -99.000  -99.000  -999
OBS: 6000090  53705.059    -1.00   0.0000e+00   1.0251e+04   1.8481e+02   0  J  0.00  1   !  -9.99000e+02  -99.000  -99.000  -999
OBS: 6000090  53707.059     1.00   0.0000e+00   9.1213e+03   1.7836e+02   0  J  0.00  1   !  -9.99000e+02  -99.000  -99.000  -999
OBS: 6000090  53709.059     3.00   0.0000e+00   7.8207e+03   1.7149e+02   0  J  0.00  1   !  -9.99000e+02  -99.000  -99.000  -999
OBS: 6000090  53711.059     5.00   0.0000e+00   6.4937e+03   1.6767e+02   0  J  0.00  1   !  -9.99000e+02  -99.000  -99.000  -999
OBS: 6000090  53713.059     7.00   0.0000e+00   5.1151e+03   1.7108e+02   0  J  0.00  1   !  -9.99000e+02  -99.000  -99.000  -999
OBS: 6000090  53715.059     9.00   0.0000e+00   3.9207e+03   1.8630e+02   0  J  0.00  1   !  -9.99000e+02  -99.000  -99.000  -999
OBS: 6000090  53717.059    11.00   0.0000e+00   3.1228e+03   2.0280e+02   0  J  0.00  1   !  -9.99000e+02  -99.000  -99.000  -999
OBS: 6000090  53719.059    13.00   0.0000e+00   2.7071e+03   2.0797e+02   0  J  0.00  1   !  -9.99000e+02  -99.000  -99.000  -999
OBS: 6000090  53721.059    15.00   0.0000e+00   2.5921e+03   2.0735e+02   0  J  0.00  1   !  -9.99000e+02  -99.000  -99.000  -999
OBS: 6000090  53723.059    17.00   0.0000e+00   2.6490e+03   2.2772e+02   0  J  0.00  1   !  -9.99000e+02  -99.000  -99.000  -999
OBS: 6000090  53725.059    19.00   0.0000e+00   2.7704e+03   2.4092e+02   0  J  0.00  1   !  -9.99000e+02  -99.000  -99.000  -999
OBS: 6000090  53727.059    21.00   0.0000e+00   2.9313e+03   2.3072e+02   0  J  0.00  1   !  -9.99000e+02  -99.000  -99.000  -999
OBS: 6000090  53729.059    23.00   0.0000e+00   3.2266e+03   2.4719e+02   0  J  0.00  1   !  -9.99000e+02  -99.000  -99.000  -999
OBS: 6000090  53731.059    25.00   0.0000e+00   3.5672e+03   2.3369e+02   0  J  0.00  1   !  -9.99000e+02  -99.000  -99.000  -999
OBS: 6000090  53733.059    27.00   0.0000e+00   3.8697e+03   2.2151e+02   0  J  0.00  1   !  -9.99000e+02  -99.000  -99.000  -999
OBS: 6000090  53735.059    29.00   0.0000e+00   4.0851e+03   2.5059e+02   0  J  0.00  1   !  -9.99000e+02  -99.000  -99.000  -999
OBS: 6000090  53737.059    31.00   0.0000e+00   4.2848e+03   2.5114e+02   0  J  0.00  1   !  -9.99000e+02  -99.000  -99.000  -999
OBS: 6000090  53739.059    33.00   0.0000e+00   4.5128e+03   2.4143e+02   0  J  0.00  1   !  -9.99000e+02  -99.000  -99.000  -999
OBS: 6000090  53741.059    35.00   0.0000e+00   4.6218e+03   2.4619e+02   0  J  0.00  1   !  -9.99000e+02  -99.000  -99.000  -999
OBS: 6000090  53743.059    37.00   0.0000e+00   4.3873e+03   2.7390e+02   0  J  0.00  1   !  -9.99000e+02  -99.000  -99.000  -999
OBS: 6000090  53745.059    39.00   0.0000e+00   3.8610e+03   2.9903e+02   0  J  0.00  1   !  -9.99000e+02  -99.000  -99.000  -999
OBS: 6000090  53747.059    41.00   0.0000e+00   3.2261e+03   2.8605e+02   0  J  0.00  1   !  -9.99000e+02  -99.000  -99.000  -999
OBS: 6000090  53749.059    43.00   0.0000e+00   2.6078e+03   2.7901e+02   0  J  0.00  1   !  -9.99000e+02  -99.000  -99.000  -999
OBS: 6000090  53751.059    45.00   0.0000e+00   2.2054e+03   2.7598e+02   0  J  0.00  1   !  -9.99000e+02  -99.000  -99.000  -999
OBS: 6000090  53753.059    47.00   0.0000e+00   2.0180e+03   2.8347e+02   0  J  0.00  1   !  -9.99000e+02  -99.000  -99.000  -999
OBS: 6000090  53755.059    49.00   0.0000e+00   1.8546e+03   3.6057e+02   0  J  0.00  1   !  -9.99000e+02  -99.000  -99.000  -999
OBS: 6000090  53757.059    51.00   0.0000e+00   1.6490e+03   4.7983e+02   0  J  0.00  1   !  -9.99000e+02  -99.000  -99.000  -999
OBS: 6000090  53759.059    53.00   0.0000e+00   1.4493e+03   8.7236e+02   0  J  0.00  1   !  -9.99000e+02  -99.000  -99.000  -999
OBS: 6000090  53761.059    55.00   0.0000e+00   1.3014e+03   7.8334e+02   0  J  0.00  1   !  -9.99000e+02  -99.000  -99.000  -999
OBS: 6000090  53763.059    57.00   0.0000e+00   1.1693e+03   7.0383e+02   0  J  0.00  1   !  -9.99000e+02  -99.000  -99.000  -999
OBS: 6000090  53765.059    59.00   0.0000e+00   1.0493e+03   6.3160e+02   0  J  0.00  1   !  -9.99000e+02  -99.000  -99.000  -999
OBS: 6000090  53767.059    61.00   0.0000e+00   9.4689e+02   5.6994e+02   0  J  0.00  1   !  -9.99000e+02  -99.000  -99.000  -999
OBS: 6000090  53769.059    63.00   0.0000e+00   8.1511e+02   4.9063e+02   0  J  0.00  1   !  -9.99000e+02  -99.000  -99.000  -999
OBS: 6000090  53771.059    65.00   0.0000e+00   6.5879e+02   3.9653e+02   0  J  0.00  1   !  -9.99000e+02  -99.000  -99.000  -999
OBS: 6000090  53773.059    67.00   0.0000e+00   5.5940e+02   3.3671e+02   0  J  0.00  1   !  -9.99000e+02  -99.000  -99.000  -999
OBS: 6000090  53775.059    69.00   0.0000e+00   4.8850e+02   2.9403e+02   0  J  0.00  1   !  -9.99000e+02  -99.000  -99.000  -999
OBS: 6000090  53777.059    71.00   0.0000e+00   4.2992e+02   2.5877e+02   0  J  0.00  1   !  -9.99000e+02  -99.000  -99.000  -999
OBS: 6000090  53779.059    73.00   0.0000e+00   3.7614e+02   2.2640e+02   0  J  0.00  1   !  -9.99000e+02  -99.000  -99.000  -999
OBS: 6000090  53781.059    75.00   0.0000e+00   3.2538e+02   1.9585e+02   0  J  0.00  1   !  -9.99000e+02  -99.000  -99.000  -999
OBS: 6000090  53783.059    77.00   0.0000e+00   2.8035e+02   1.6875e+02   0  J  0.00  1   !  -9.99000e+02  -99.000  -99.000  -999
OBS: 6000090  53785.059    79.00   0.0000e+00   2.5156e+02   1.5142e+02   0  J  0.00  1   !  -9.99000e+02  -99.000  -99.000  -999
OBS: 6000090  53787.059    81.00   0.0000e+00   2.2567e+02   1.3584e+02   0  J  0.00  1   !  -9.99000e+02  -99.000  -99.000  -999
OBS: 6000090  53789.059    83.00   0.0000e+00   2.0237e+02   1.2181e+02   0  J  0.00  1   !  -9.99000e+02  -99.000  -99.000  -999
OBS: 6000090  53791.059    85.00   0.0000e+00   1.8137e+02   1.0917e+02   0  J  0.00  1   !  -9.99000e+02  -99.000  -99.000  -999
OBS: 6000090  53793.059    87.00   0.0000e+00   1.6239e+02   9.7747e+01   0  J  0.00  1   !  -9.99000e+02  -99.000  -99.000  -999
OBS: 6000090  53795.059    89.00   0.0000e+00   1.4580e+02   8.7757e+01   0  J  0.00  1   !  -9.99000e+02  -99.000  -99.000  -999
OBS: 6000090  53797.059    91.00   0.0000e+00   1.3144e+02   7.9113e+01   0  J  0.00  1   !  -9.99000e+02  -99.000  -99.000  -999
OBS: 6000090  53799.059    93.00   0.0000e+00   1.1850e+02   7.1324e+01   0  J  0.00  1   !  -9.99000e+02  -99.000  -99.000  -999
OBS: 6000090  53801.059    95.00   0.0000e+00   1.0683e+02   6.4304e+01   0  J  0.00  1   !  -9.99000e+02  -99.000  -99.000  -999
OBS: 6000090  53803.059    97.00   0.0000e+00   9.6324e+01   5.7979e+01   0  J  0.00  1   !  -9.99000e+02  -99.000  -99.000  -999
OBS: 6000090  53805.059    99.00   0.0000e+00   8.6854e+01   5.2278e+01   0  J  0.00  1   !  -9.99000e+02  -99.000  -99.000  -999
OBS: 6000090  53807.059   101.00   0.0000e+00   7.8317e+01   4.7140e+01   0  J  0.00  1   !  -9.99000e+02  -99.000  -99.000  -999
OBS: 6000090  53809.059   103.00   0.0000e+00   7.0622e+01   4.2508e+01   0  J  0.00  1   !  -9.99000e+02  -99.000  -99.000  -999
OBS: 6000090  53811.059   105.00   0.0000e+00   6.3686e+01   3.8334e+01   0  J  0.00  1   !  -9.99000e+02  -99.000  -99.000  -999
OBS: 6000090  53813.059   107.00   0.0000e+00   5.7434e+01   3.4570e+01   0  J  0.00  1   !  -9.99000e+02  -99.000  -99.000  -999
OBS: 6000090  53815.059   109.00   0.0000e+00   5.1797e+01   3.1177e+01   0  J  0.00  1   !  -9.99000e+02  -99.000  -99.000  -999
OBS: 6000090  53817.059   111.00   0.0000e+00   4.6715e+01   2.8118e+01   0  J  0.00  1   !  -9.99000e+02  -99.000  -99.000  -999
OBS: 6000090  53819.059   113.00   0.0000e+00   4.2135e+01   2.5361e+01   0  J  0.00  1   !  -9.99000e+02  -99.000  -99.000  -999
OBS: 6000090  53821.059   115.00   0.0000e+00   3.8004e+01   2.2875e+01   0  J  0.00  1   !  -9.99000e+02  -99.000  -99.000  -999
OBS: 6000090  53823.059   117.00   0.0000e+00   3.4278e+01   2.0632e+01   0  J  0.00  1   !  -9.99000e+02  -99.000  -99.000  -999
OBS: 6000090  53825.059   119.00   0.0000e+00   3.0918e+01   1.8610e+01   0  J  0.00  1   !  -9.99000e+02  -99.000  -99.000  -999
OBS: 6000090  53827.059   121.00   0.0000e+00   2.7890e+01   1.6787e+01   0  J  0.00  1   !  -9.99000e+02  -99.000  -99.000  -999
OBS: 6000090  53829.059   123.00   0.0000e+00   2.5160e+01   1.5144e+01   0  J  0.00  1   !  -9.99000e+02  -99.000  -99.000  -999
OBS: 6000090  53831.059   125.00   0.0000e+00   2.2697e+01   1.3662e+01   0  J  0.00  1   !  -9.99000e+02  -99.000  -99.000  -999
OBS: 6000090  53833.059   127.00   0.0000e+00   2.0476e+01   1.2325e+01   0  J  0.00  1   !  -9.99000e+02  -99.000  -99.000  -999
OBS: 6000090  53835.059   129.00   0.0000e+00   1.8373e+01   1.1059e+01   0  J  0.00  1   !  -9.99000e+02  -99.000  -99.000  -999
OBS: 6000090  53837.059   131.00   0.0000e+00   1.6361e+01   9.8479e+00   0  J  0.00  1   !  -9.99000e+02  -99.000  -99.000  -999
OBS: 6000090  53839.059   133.00   0.0000e+00   1.4574e+01   8.7720e+00   0  J  0.00  1   !  -9.99000e+02  -99.000  -99.000  -999
OBS: 6000090  53841.059   135.00   0.0000e+00   1.3173e+01   7.9288e+00   0  J  0.00  1   !  -9.99000e+02  -99.000  -99.000  -999
OBS: 6000090  53843.059   137.00   0.0000e+00   1.1906e+01   7.1666e+00   0  J  0.00  1   !  -9.99000e+02  -99.000  -99.000  -999
OBS: 6000090  53845.059   139.00   0.0000e+00   1.0762e+01   6.4777e+00   0  J  0.00  1   !  -9.99000e+02  -99.000  -99.000  -999
OBS: 6000090  53696.809    -9.25   7.9954e+03   7.6626e+03   3.6053e+02   1  Y  0.25  1   Y  1.98717e+18  -0.075  -0.522  1.00000e+11
OBS: 6000090  53696.820    -9.24   8.0041e+03   8.2143e+03   3.2979e+02   1  Y  0.57  1   Y  2.12987e+18  -0.075  -0.523  1.00000e+11
OBS: 6000090  53701.809    -4.25   1.0475e+04   1.0119e+04   3.6124e+02   1  Y  0.26  1   Y  2.44947e+18  -0.150  -1.170  1.00000e+11
OBS: 6000090  53701.809    -4.25   1.0475e+04   1.1026e+04   3.3893e+02   1  Y  3.00  1   Y  2.66911e+18  -0.150  -1.170  1.00000e+11
OBS: 6000090  53704.828    -1.23   9.1335e+03   9.6770e+03   4.5356e+02   1  Y  1.71  1   Y  2.35403e+18  -0.144  -1.570  1.00000e+11
OBS: 6000090  53708.840     2.78   6.9764e+03   7.1689e+03   2.8318e+02   1  Y  0.65  1   Y  1.70076e+18  -0.172  -1.724  1.00000e+11
OBS: 6000090  53708.840     2.78   6.9764e+03   6.7500e+03   3.1654e+02   1  Y  0.12  1   Y  1.60139e+18  -0.172  -1.724  1.00000e+11
OBS: 6000090  53709.828     3.77   6.6113e+03   6.5104e+03   3.4745e+02   1  Y  0.00  1   Y  1.52083e+18  -0.188  -1.722  1.00000e+11
OBS: 6000090  53709.840     3.78   6.6076e+03   6.8836e+03   3.0084e+02   1  Y  0.95  1   Y  1.60781e+18  -0.189  -1.722  1.00000e+11
OBS: 6000090  53714.852     8.79   5.2971e+03   5.0901e+03   2.7113e+02   1  Y  0.14  1   Y  1.14349e+18  -0.231  -1.785  1.00000e+11
OBS: 6000090  53714.852     8.79   5.2971e+03   5.1350e+03   2.7385e+02   1  Y  0.06  1   Y  1.15359e+18  -0.231  -1.785  1.00000e+11
OBS: 6000090  53715.840     9.78   5.2118e+03   5.3134e+03   3.0547e+02   1  Y  0.20  1   Y  1.18792e+18  -0.236  -1.690  1.00000e+11
OBS: 6000090  53719.859    13.80   5.4000e+03   5.4204e+03   2.7671e+02   1  Y  0.07  1   Y  1.23342e+18  -0.217  -1.070  1.00000e+11
OBS: 6000090  53719.871    13.81   5.4017e+03   5.7226e+03   3.6809e+02   1  Y  0.81  1   Y  1.30222e+18  -0.217  -1.069  1.00000e+11
OBS: 6000090  53724.852    18.79   6.5141e+03   6.5696e+03   4.2033e+02   1  Y  0.09  1   Y  1.48914e+18  -0.221  -0.794  1.00000e+11
OBS: 6000090  53724.859    18.80   6.5164e+03   7.0358e+03   4.1267e+02   1  Y  1.54  1   Y  1.59486e+18  -0.221  -0.794  1.00000e+11
OBS: 6000090  53732.859    26.80   9.3077e+03   9.6008e+03   3.6308e+02   1  Y  0.83  1   Y  2.30119e+18  -0.160  -0.868  1.00000e+11
OBS: 6000090  53732.859    26.80   9.3077e+03   9.0958e+03   4.4989e+02   1  Y  0.02  1   Y  2.18016e+18  -0.160  -0.868  1.00000e+11
OBS: 6000090  53647.059   -59.00   0.0000e+00   0.0000e+00   0.0000e+00   0  Y  0.00  1   !  -9.99000e+02  -99.000  -99.000  -999
OBS: 6000090  53649.059   -57.00   0.0000e+00   0.0000e+00   0.0000e+00   0  Y  0.00  1   !  -9.99000e+02  -99.000  -99.000  -999
OBS: 6000090  53651.059   -55.00   0.0000e+00   0.0000e+00   0.0000e+00   0  Y  0.00  1   !  -9.99000e+02  -99.000  -99.000  -999
OBS: 6000090  53653.059   -53.00   0.0000e+00   0.0000e+00   0.0000e+00   0  Y  0.00  1   !  -9.99000e+02  -99.000  -99.000  -999
OBS: 6000090  53655.059   -51.00   0.0000e+00   0.0000e+00   0.0000e+00   0  Y  0.00  1   !  -9.99000e+02  -99.000  -99.000  -999
OBS: 6000090  53657.059   -49.00   0.0000e+00   0.0000e+00   0.0000e+00   0  Y  0.00  1   !  -9.99000e+02  -99.000  -99.000  -999
OBS: 6000090  53659.059   -47.00   0.0000e+00   0.0000e+00   0.0000e+00   0  Y  0.00  1   !  -9.99000e+02  -99.000  -99.000  -999
OBS: 6000090  53661.059   -45.00   0.0000e+00   0.0000e+00   0.0000e+00   0  Y  0.00  1   !  -9.99000e+02  -99.000  -99.000  -999
OBS: 6000090  53663.059   -43.00   0.0000e+00   0.0000e+00   0.0000e+00   0  Y  0.00  1   !  -9.99000e+02  -99.000  -99.000  -999
OBS: 6000090  53665.059   -41.00   0.0000e+00   0.0000e+00   0.0000e+00   0  Y  0.00  1   !  -9.99000e+02  -99.000  -99.000  -999
OBS: 6000090  53667.059   -39.00   0.0000e+00   0.0000e+00   0.0000e+00   0  Y  0.00  1   !  -9.99000e+02  -99.000  -99.000  -999
OBS: 6000090  53669.059   -37.00   0.0000e+00   0.0000e+00   0.0000e+00   0  Y  0.00  1   !  -9.99000e+02  -99.000  -99.000  -999
OBS: 6000090  53671.059   -35.00   0.0000e+00   0.0000e+00   0.0000e+00   0  Y  0.00  1   !  -9.99000e+02  -99.000  -99.000  -999
OBS: 6000090  53673.059   -33.00   0.0000e+00   0.0000e+00   0.0000e+00   0  Y  0.00  1   !  -9.99000e+02  -99.000  -99.000  -999
OBS: 6000090  53675.059   -31.00   0.0000e+00   0.0000e+00   0.0000e+00   0  Y  0.00  1   !  -9.99000e+02  -99.000  -99.000  -999
OBS: 6000090  53677.059   -29.00   0.0000e+00   0.0000e+00   0.0000e+00   0  Y  0.00  1   !  -9.99000e+02  -99.000  -99.000  -999
OBS: 6000090  53679.059   -27.00   0.0000e+00   0.0000e+00   0.0000e+00   0  Y  0.00  1   !  -9.99000e+02  -99.000  -99.000  -999
OBS: 6000090  53681.059   -25.00   0.0000e+00   0.0000e+00   0.0000e+00   0  Y  0.00  1   !  -9.99000e+02  -99.000  -99.000  -999
OBS: 6000090  53683.059   -23.00   0.0000e+00   0.0000e+00   0.0000e+00   0  Y  0.00  1   !  -9.99000e+02  -99.000  -99.000  -999
OBS: 6000090  53685.059   -21.00   0.0000e+00   0.0000e+00   0.0000e+00   0  Y  0.00  1   !  -9.99000e+02  -99.000  -99.000  -999
OBS: 6000090  53687.059   -19.00   0.0000e+00   1.5510e+03   9.3355e+02   0  Y  0.00  1   !  -9.99000e+02  -99.000  -99.000  -999
OBS: 6000090  53689.059   -17.00   0.0000e+00   1.5099e+03   9.0881e+02   0  Y  0.00  1   !  -9.99000e+02  -99.000  -99.000  -999
OBS: 6000090  53691.059   -15.00   0.0000e+00   1.9760e+03   8.3426e+02   0  Y  0.00  1   !  -9.99000e+02  -99.000  -99.000  -999
OBS: 6000090  53693.059   -13.00   0.0000e+00   4.0603e+03   3.1853e+02   0  Y  0.00  1   !  -9.99000e+02  -99.000  -99.000  -999
OBS: 6000090  53695.059   -11.00   0.0000e+00   6.1528e+03   2.5550e+02   0  Y  0.00  1   !  -9.99000e+02  -99.000  -99.000  -999
OBS: 6000090  53697.059    -9.00   0.0000e+00   8.1009e+03   2.6393e+02   0  Y  0.00  1   !  -9.99000e+02  -99.000  -99.000  -999
OBS: 6000090  53699.059    -7.00   0.0000e+00   9.6884e+03   2.2153e+02   0  Y  0.00  1   !  -9.99000e+02  -99.000  -99.000  -999
OBS: 6000090  53701.059    -5.00   0.0000e+00   1.0330e+04   2.0452e+02   0  Y  0.00  1   !  -9.99000e+02  -99.000  -99.000  -999
OBS: 6000090  53703.059    -3.00   0.0000e+00   1.0040e+04   2.3184e+02   0  Y  0.00  1   !  -9.99000e+02  -99.000  -99.000  -999
OBS: 6000090  53705.059    -1.00   0.0000e+00   8.8549e+03   2.3619e+02   0  Y  0.00  1   !  -9.99000e+02  -99.000  -99.000  -999
OBS: 6000090  53707.059     1.00   0.0000e+00   7.6397e+03   2.1260e+02   0  Y  0.00  1   !  -9.99000e+02  -99.000  -99.000  -999
OBS: 6000090  53709.059     3.00   0.0000e+00   6.8043e+03   2.1889e+02   0  Y  0.00  1   !  -9.99000e+02  -99.000  -99.000  -999
OBS: 6000090  53711.059     5.00   0.0000e+00   6.0796e+03   2.3378e+02   0  Y  0.00  1   !  -9.99000e+02  -99.000  -99.000  -999
OBS: 6000090  53713.059     7.00   0.0000e+00   5.5154e+03   2.4485e+02   0  Y  0.00  1   !  -9.99000e+02  -99.000  -99.000  -999
OBS: 6000090  53715.059     9.00   0.0000e+00   5.2040e+03   2.3875e+02   0  Y  0.00  1   !  -9.99000e+02  -99.000  -99.000  -999
OBS: 6000090  53717.059    11.00   0.0000e+00   5.0745e+03   2.2572e+02   0  Y  0.00  1   !  -9.99000e+02  -99.000  -99.000  -999
OBS: 6000090  53719.059    13.00   0.0000e+00   5.2051e+03   2.3679e+02   0  Y  0.00  1   !  -9.99000e+02  -99.000  -99.000  -999
OBS: 6000090  53721.059    15.00   0.0000e+00   5.5499e+03   2.4042e+02   0  Y  0.00  1   !  -9.99000e+02  -99.000  -99.000  -999
OBS: 6000090  53723.059    17.00   0.0000e+00   6.0171e+03   2.4887e+02   0  Y  0.00  1   !  -9.99000e+02  -99.000  -99.000  -999
OBS: 6000090  53725.059    19.00   0.0000e+00   6.4713e+03   2.6768e+02   0  Y  0.00  1   !  -9.99000e+02  -99.000  -99.000  -999
OBS: 6000090  53727.059    21.00   0.0000e+00   6.8663e+03   3.0482e+02   0  Y  0.00  1   !  -9.99000e+02  -99.000  -99.000  -999
OBS: 6000090  53729.059    23.00   0.0000e+00   7.2435e+03   3.2347e+02   0  Y  0.00  1   !  -9.99000e+02  -99.000  -99.000  -999
OBS: 6000090  53731.059    25.00   0.0000e+00   8.0741e+03   3.1239e+02   0  Y  0.00  1   !  -9.99000e+02  -99.000  -99.000  -999
OBS: 6000090  53733.059    27.00   0.0000e+00   9.3060e+03   2.8127e+02   0  Y  0.00  1   !  -9.99000e+02  -99.000  -99.000  -999
OBS: 6000090  53735.059    29.00   0.0000e+00   1.0376e+04   2.8026e+02   0  Y  0.00  1   !  -9.99000e+02  -99.000  -99.000  -999
OBS: 6000090  53737.059    31.00   0.0000e+00   1.0967e+04   2.7842e+02   0  Y  0.00  1   !  -9.99000e+02  -99.000  -99.000  -999
OBS: 6000090  53739.059    33.00   0.0000e+00   1.1050e+04   2.7991e+02   0  Y  0.00  1   !  -9.99000e+02  -99.000  -99.000  -999
OBS: 6000090  53741.059    35.00   0.0000e+00   1.0795e+04   2.7765e+02   0  Y  0.00  1   !  -9.99000e+02  -99.000  -99.000  -999
OBS: 6000090  53743.059    37.00   0.0000e+00   1.0344e+04   2.7705e+02   0  Y  0.00  1   !  -9.99000e+02  -99.000  -99.000  -999
OBS: 6000090  53745.059    39.00   0.0000e+00   9.7027e+03   2.7571e+02   0  Y  0.00  1   !  -9.99000e+02  -99.000  -99.000  -999
OBS: 6000090  53747.059    41.00   0.0000e+00   8.7895e+03   2.8053e+02   0  Y  0.00  1   !  -9.99000e+02  -99.000  -99.000  -999
OBS: 6000090  53749.059    43.00   0.0000e+00   7.8718e+03   2.9903e+02   0  Y  0.00  1   !  -9.99000e+02  -99.000  -99.000  -999
OBS: 6000090  53751.059    45.00   0.0000e+00   7.1300e+03   2.6189e+02   0  Y  0.00  1   !  -9.99000e+02  -99.000  -99.000  -999
OBS: 6000090  53753.059    47.00   0.0000e+00   6.5306e+03   2.1621e+02   0  Y  0.00  1   !  -9.99000e+02  -99.000  -99.000  -999
OBS: 6000090  53755.059    49.00   0.0000e+00   5.9364e+03   2.2413e+02   0  Y  0.00  1   !  -9.99000e+02  -99.000  -99.000  -999
OBS: 6000090  53757.059    51.00   0.0000e+00   5.3175e+03   2.5184e+02   0  Y  0.00  1   !  -9.99000e+02  -99.000  -99.000  -999
OBS: 6000090  53759.059    53.00   0.0000e+00   4.6892e+03   2.8225e+03   0  Y  0.00  1   !  -9.99000e+02  -99.000  -99.000  -999
OBS: 6000090  53761.059    55.00   0.0000e+00   4.0968e+03   2.4659e+03   0  Y  0.00  1   !  -9.99000e+02  -99.000  -99.000  -999
OBS: 6000090  53763.059    57.00   0.0000e+00   3.6639e+03   2.2053e+03   0  Y  0.00  1   !  -9.99000e+02  -99.000  -99.000  -999
OBS: 6000090  53765.059    59.00   0.0000e+00   3.2943e+03   1.9829e+03   0  Y  0.00  1   !  -9.99000e+02  -99.000  -99.000  -999
OBS: 6000090  53767.059    61.00   0.0000e+00   3.0052e+03   1.8089e+03   0  Y  0.00  1   !  -9.99000e+02  -99.000  -99.000  -999
OBS: 6000090  53769.059    63.00   0.0000e+00   2.6566e+03   1.5991e+03   0  Y  0.00  1   !  -9.99000e+02  -99.000  -99.000  -999
OBS: 6000090  53771.059    65.00   0.0000e+00   2.2222e+03   1.3375e+03   0  Y  0.00  1   !  -9.99000e+02  -99.000  -99.000  -999
OBS: 6000090  53773.059    67.00   0.0000e+00   1.8921e+03   1.1389e+03   0  Y  0.00  1   !  -9.99000e+02  -99.000  -99.000  -999
OBS: 6000090  53775.059    69.00   0.0000e+00   1.6406e+03   9.8750e+02   0  Y  0.00  1   !  -9.99000e+02  -99.000  -99.000  -999
OBS: 6000090  53777.059    71.00   0.0000e+00   1.4499e+03   8.7274e+02   0  Y  0.00  1   !  -9.99000e+02  -99.000  -99.000  -999
OBS: 6000090  53779.059    73.00   0.0000e+00   1.3020e+03   7.8372e+02   0  Y  0.00  1   !  -9.99000e+02  -99.000  -99.000  -999
OBS: 6000090  53781.059    75.00   0.0000e+00   1.1789e+03   7.0960e+02   0  Y  0.00  1   !  -9.99000e+02  -99.000  -99.000  -999
OBS: 6000090  53783.059    77.00   0.0000e+00   1.0701e+03   6.4412e+02   0  Y  0.00  1   !  -9.99000e+02  -99.000  -99.000  -999
OBS: 6000090  53785.059    79.00   0.0000e+00   9.4962e+02   5.7159e+02   0  Y  0.00  1   !  -9.99000e+02  -99.000  -99.000  -999
OBS: 6000090  53787.059    81.00   0.0000e+00   8.4362e+02   5.0779e+02   0  Y  0.00  1   !  -9.99000e+02  -99.000  -99.000  -999
OBS: 6000090  53789.059    83.00   0.0000e+00   7.5076e+02   4.5189e+02   0  Y  0.00  1   !  -9.99000e+02  -99.000  -99.000  -999
OBS: 6000090  53791.059    85.00   0.0000e+00   6.6947e+02   4.0296e+02   0  Y  0.00  1   !  -9.99000e+02  -99.000  -99.000  -999
OBS: 6000090  53793.059    87.00   0.0000e+00   5.9868e+02   3.6035e+02   0  Y  0.00  1   !  -9.99000e+02  -99.000  -99.000  -999
OBS: 6000090  53795.059    89.00   0.0000e+00   5.3292e+02   3.2077e+02   0  Y  0.00  1   !  -9.99000e+02  -99.000  -99.000  -999
OBS: 6000090  53797.059    91.00   0.0000e+00   4.7036e+02   2.8311e+02   0  Y  0.00  1   !  -9.99000e+02  -99.000  -99.000  -999
OBS: 6000090  53799.059    93.00   0.0000e+00   4.1513e+02   2.4987e+02   0  Y  0.00  1   !  -9.99000e+02  -99.000  -99.000  -999
OBS: 6000090  53801.059    95.00   0.0000e+00   3.6638e+02   2.2053e+02   0  Y  0.00  1   !  -9.99000e+02  -99.000  -99.000  -999
OBS: 6000090  53803.059    97.00   0.0000e+00   3.2335e+02   1.9463e+02   0  Y  0.00  1   !  -9.99000e+02  -99.000  -99.000  -999
OBS: 6000090  53805.059    99.00   0.0000e+00   2.8537e+02   1.7177e+02   0  Y  0.00  1   !  -9.99000e+02  -99.000  -99.000  -999
OBS: 6000090  53807.059   101.00   0.0000e+00   2.5185e+02   1.5159e+02   0  Y  0.00  1   !  -9.99000e+02  -99.000  -99.000  -999
OBS: 6000090  53809.059   103.00   0.0000e+00   2.2227e+02   1.3378e+02   0  Y  0.00  1   !  -9.99000e+02  -99.000  -99.000  -999
OBS: 6000090  53811.059   105.00   0.0000e+00   1.9617e+02   1.1807e+02   0  Y  0.00  1   !  -9.99000e+02  -99.000  -99.000  -999
OBS: 6000090  53813.059   107.00   0.0000e+00   1.7313e+02   1.0421e+02   0  Y  0.00  1   !  -9.99000e+02  -99.000  -99.000  -999
OBS: 6000090  53815.059   109.00   0.0000e+00   1.5279e+02   9.1963e+01   0  Y  0.00  1   !  -9.99000e+02  -99.000  -99.000  -999
OBS: 6000090  53817.059   111.00   0.0000e+00   1.3483e+02   8.1157e+01   0  Y  0.00  1   !  -9.99000e+02  -99.000  -99.000  -999
OBS: 6000090  53819.059   113.00   0.0000e+00   1.1899e+02   7.1619e+01   0  Y  0.00  1   !  -9.99000e+02  -99.000  -99.000  -999
OBS: 6000090  53821.059   115.00   0.0000e+00   1.0500e+02   6.3201e+01   0  Y  0.00  1   !  -9.99000e+02  -99.000  -99.000  -999
OBS: 6000090  53823.059   117.00   0.0000e+00   9.2659e+01   5.5772e+01   0  Y  0.00  1   !  -9.99000e+02  -99.000  -99.000  -999
OBS: 6000090  53825.059   119.00   0.0000e+00   8.1766e+01   4.9216e+01   0  Y  0.00  1   !  -9.99000e+02  -99.000  -99.000  -999
OBS: 6000090  53827.059   121.00   0.0000e+00   7.2163e+01   4.3436e+01   0  Y  0.00  1   !  -9.99000e+02  -99.000  -99.000  -999
OBS: 6000090  53829.059   123.00   0.0000e+00   6.3685e+01   3.8333e+01   0  Y  0.00  1   !  -9.99000e+02  -99.000  -99.000  -999
OBS: 6000090  53831.059   125.00   0.0000e+00   5.6197e+01   3.3826e+01   0  Y  0.00  1   !  -9.99000e+02  -99.000  -99.000  -999
OBS: 6000090  53833.059   127.00   0.0000e+00   4.9589e+01   2.9848e+01   0  Y  0.00  1   !  -9.99000e+02  -99.000  -99.000  -999
OBS: 6000090  53835.059   129.00   0.0000e+00   4.3756e+01   2.6337e+01   0  Y  0.00  1   !  -9.99000e+02  -99.000  -99.000  -999
OBS: 6000090  53837.059   131.00   0.0000e+00   3.8607e+01   2.3238e+01   0  Y  0.00  1   !  -9.99000e+02  -99.000  -99.000  -999
OBS: 6000090  53839.059   133.00   0.0000e+00   3.4063e+01   2.0503e+01   0  Y  0.00  1   !  -9.99000e+02  -99.000  -99.000  -999
OBS: 6000090  53841.059   135.00   0.0000e+00   3.0057e+01   1.8092e+01   0  Y  0.00  1   !  -9.99000e+02  -99.000  -99.000  -999
OBS: 6000090  53843.059   137.00   0.0000e+00   2.6527e+01   1.5967e+01   0  Y  0.00  1   !  -9.99000e+02  -99.000  -99.000  -999
OBS: 6000090  53845.059   139.00   0.0000e+00   2.3409e+01   1.4090e+01   0  Y  0.00  1   !  -9.99000e+02  -99.000  -99.000  -999
OBS: 6000090  53750.852    44.79   7.6257e+03   7.5099e+03   1.7844e+02   1  y  0.00  1   Y  1.90032e+18  -0.102  -0.360  1.00000e+11
OBS: 6000090  53756.820    50.76   5.7187e+03   5.8596e+03   1.9034e+02  -1  y  0.52  1   !  -9.99000e+02  -99.000  -99.000  -999
OBS: 6000090  53756.828    50.77   5.7152e+03   5.8059e+03   2.1399e+02  -1  y  0.29  1   !  -9.99000e+02  -99.000  -99.000  -999
OBS: 6000090  53647.059   -59.00   0.0000e+00   0.0000e+00   0.0000e+00   0  y  0.00  1   !  -9.99000e+02  -99.000  -99.000  -999
OBS: 6000090  53649.059   -57.00   0.0000e+00   0.0000e+00   0.0000e+00   0  y  0.00  1   !  -9.99000e+02  -99.000  -99.000  -999
OBS: 6000090  53651.059   -55.00   0.0000e+00   0.0000e+00   0.0000e+00   0  y  0.00  1   !  -9.99000e+02  -99.000  -99.000  -999
OBS: 6000090  53653.059   -53.00   0.0000e+00   0.0000e+00   0.0000e+00   0  y  0.00  1   !  -9.99000e+02  -99.000  -99.000  -999
OBS: 6000090  53655.059   -51.00   0.0000e+00   0.0000e+00   0.0000e+00   0  y  0.00  1   !  -9.99000e+02  -99.000  -99.000  -999
OBS: 6000090  53657.059   -49.00   0.0000e+00   0.0000e+00   0.0000e+00   0  y  0.00  1   !  -9.99000e+02  -99.000  -99.000  -999
OBS: 6000090  53659.059   -47.00   0.0000e+00   0.0000e+00   0.0000e+00   0  y  0.00  1   !  -9.99000e+02  -99.000  -99.000  -999
OBS: 6000090  53661.059   -45.00   0.0000e+00   0.0000e+00   0.0000e+00   0  y  0.00  1   !  -9.99000e+02  -99.000  -99.000  -999
OBS: 6000090  53663.059   -43.00   0.0000e+00   0.0000e+00   0.0000e+00   0  y  0.00  1   !  -9.99000e+02  -99.000  -99.000  -999
OBS: 6000090  53665.059   -41.00   0.0000e+00   0.0000e+00   0.0000e+00   0  y  0.00  1   !  -9.99000e+02  -99.000  -99.000  -999
OBS: 6000090  53667.059   -39.00   0.0000e+00   0.0000e+00   0.0000e+00   0  y  0.00  1   !  -9.99000e+02  -99.000  -99.000  -999
OBS: 6000090  53669.059   -37.00   0.0000e+00   0.0000e+00   0.0000e+00   0  y  0.00  1   !  -9.99000e+02  -99.000  -99.000  -999
OBS: 6000090  53671.059   -35.00   0.0000e+00   0.0000e+00   0.0000e+00   0  y  0.00  1   !  -9.99000e+02  -99.000  -99.000  -999
OBS: 6000090  53673.059   -33.00   0.0000e+00   0.0000e+00   0.0000e+00   0  y  0.00  1   !  -9.99000e+02  -99.000  -99.000  -999
OBS: 6000090  53675.059   -31.00   0.0000e+00   0.0000e+00   0.0000e+00   0  y  0.00  1   !  -9.99000e+02  -99.000  -99.000  -999
OBS: 6000090  53677.059   -29.00   0.0000e+00   0.0000e+00   0.0000e+00   0  y  0.00  1   !  -9.99000e+02  -99.000  -99.000  -999
OBS: 6000090  53679.059   -27.00   0.0000e+00   0.0000e+00   0.0000e+00   0  y  0.00  1   !  -9.99000e+02  -99.000  -99.000  -999
OBS: 6000090  53681.059   -25.00   0.0000e+00   0.0000e+00   0.0000e+00   0  y  0.00  1   !  -9.99000e+02  -99.000  -99.000  -999
OBS: 6000090  53683.059   -23.00   0.0000e+00   0.0000e+00   0.0000e+00   0  y  0.00  1   !  -9.99000e+02  -99.000  -99.000  -999
OBS: 6000090  53685.059   -21.00   0.0000e+00   0.0000e+00   0.0000e+00   0  y  0.00  1   !  -9.99000e+02  -99.000  -99.000  -999
OBS: 6000090  53687.059   -19.00   0.0000e+00   1.6269e+03   9.7928e+02   0  y  0.00  1   !  -9.99000e+02  -99.000  -99.000  -999
OBS: 6000090  53689.059   -17.00   0.0000e+00   1.5884e+03   9.5610e+02   0  y  0.00  1   !  -9.99000e+02  -99.000  -99.000  -999
OBS: 6000090  53691.059   -15.00   0.0000e+00   2.0446e+03   8.6323e+02   0  y  0.00  1   !  -9.99000e+02  -99.000  -99.000  -999
OBS: 6000090  53693.059   -13.00   0.0000e+00   4.0692e+03   3.1923e+02   0  y  0.00  1   !  -9.99000e+02  -99.000  -99.000  -999
OBS: 6000090  53695.059   -11.00   0.0000e+00   6.1209e+03   2.5418e+02   0  y  0.00  1   !  -9.99000e+02  -99.000  -99.000  -999
OBS: 6000090  53697.059    -9.00   0.0000e+00   8.0452e+03   2.6212e+02   0  y  0.00  1   !  -9.99000e+02  -99.000  -99.000  -999
OBS: 6000090  53699.059    -7.00   0.0000e+00   9.5388e+03   2.1810e+02   0  y  0.00  1   !  -9.99000e+02  -99.000  -99.000  -999
OBS: 6000090  53701.059    -5.00   0.0000e+00   1.0090e+04   1.9978e+02   0  y  0.00  1   !  -9.99000e+02  -99.000  -99.000  -999
OBS: 6000090  53703.059    -3.00   0.0000e+00   9.7382e+03   2.2486e+02   0  y  0.00  1   !  -9.99000e+02  -99.000  -99.000  -999
OBS: 6000090  53705.059    -1.00   0.0000e+00   8.6034e+03   2.2948e+02   0  y  0.00  1   !  -9.99000e+02  -99.000  -99.000  -999
OBS: 6000090  53707.059     1.00   0.0000e+00   7.4151e+03   2.0635e+02   0  y  0.00  1   !  -9.99000e+02  -99.000  -99.000  -999
OBS: 6000090  53709.059     3.00   0.0000e+00   6.5252e+03   2.0991e+02   0  y  0.00  1   !  -9.99000e+02  -99.000  -99.000  -999
OBS: 6000090  53711.059     5.00   0.0000e+00   5.7943e+03   2.2281e+02   0  y  0.00  1   !  -9.99000e+02  -99.000  -99.000  -999
OBS: 6000090  53713.059     7.00   0.0000e+00   5.2659e+03   2.3377e+02   0  y  0.00  1   !  -9.99000e+02  -99.000  -99.000  -999
OBS: 6000090  53715.059     9.00   0.0000e+00   4.9896e+03   2.2891e+02   0  y  0.00  1   !  -9.99000e+02  -99.000  -99.000  -999
OBS: 6000090  53717.059    11.00   0.0000e+00   4.9153e+03   2.1864e+02   0  y  0.00  1   !  -9.99000e+02  -99.000  -99.000  -999
OBS: 6000090  53719.059    13.00   0.0000e+00   5.0828e+03   2.3123e+02   0  y  0.00  1   !  -9.99000e+02  -99.000  -99.000  -999
OBS: 6000090  53721.059    15.00   0.0000e+00   5.4258e+03   2.3505e+02   0  y  0.00  1   !  -9.99000e+02  -99.000  -99.000  -999
OBS: 6000090  53723.059    17.00   0.0000e+00   5.8727e+03   2.4290e+02   0  y  0.00  1   !  -9.99000e+02  -99.000  -99.000  -999
OBS: 6000090  53725.059    19.00   0.0000e+00   6.3234e+03   2.6156e+02   0  y  0.00  1   !  -9.99000e+02  -99.000  -99.000  -999
OBS: 6000090  53727.059    21.00   0.0000e+00   6.7434e+03   2.9936e+02   0  y  0.00  1   !  -9.99000e+02  -99.000  -99.000  -999
OBS: 6000090  53729.059    23.00   0.0000e+00   7.1818e+03   3.2071e+02   0  y  0.00  1   !  -9.99000e+02  -99.000  -99.000  -999
OBS: 6000090  53731.059    25.00   0.0000e+00   8.0209e+03   3.1033e+02   0  y  0.00  1   !  -9.99000e+02  -99.000  -99.000  -999
OBS: 6000090  53733.059    27.00   0.0000e+00   9.2356e+03   2.7915e+02   0  y  0.00  1   !  -9.99000e+02  -99.000  -99.000  -999
OBS: 6000090  53735.059    29.00   0.0000e+00   1.0376e+04   2.8025e+02   0  y  0.00  1   !  -9.99000e+02  -99.000  -99.000  -999
OBS: 6000090  53737.059    31.00   0.0000e+00   1.1063e+04   2.8086e+02   0  y  0.00  1   !  -9.99000e+02  -99.000  -99.000  -999
OBS: 6000090  53739.059    33.00   0.0000e+00   1.1212e+04   2.8402e+02   0  y  0.00  1   !  -9.99000e+02  -99.000  -99.000  -999
OBS: 6000090  53741.059    35.00   0.0000e+00   1.1020e+04   2.8343e+02   0  y  0.00  1   !  -9.99000e+02  -99.000  -99.000  -999
OBS: 6000090  53743.059    37.00   0.0000e+00   1.0633e+04   2.8478e+02   0  y  0.00  1   !  -9.99000e+02  -99.000  -99.000  -999
OBS: 6000090  53745.059    39.00   0.0000e+00   1.0021e+04   2.8476e+02   0  y  0.00  1   !  -9.99000e+02  -99.000  -99.000  -999
OBS: 6000090  53747.059    41.00   0.0000e+00   9.1135e+03   2.9087e+02   0  y  0.00  1   !  -9.99000e+02  -99.000  -99.000  -999
OBS: 6000090  53749.059    43.00   0.0000e+00   8.1895e+03   3.1110e+02   0  y  0.00  1   !  -9.99000e+02  -99.000  -99.000  -999
OBS: 6000090  53751.059    45.00   0.0000e+00   7.4355e+03   2.7311e+02   0  y  0.00  1   !  -9.99000e+02  -99.000  -99.000  -999
OBS: 6000090  53753.059    47.00   0.0000e+00   6.8117e+03   2.2552e+02   0  y  0.00  1   !  -9.99000e+02  -99.000  -99.000  -999
OBS: 6000090  53755.059    49.00   0.0000e+00   6.1917e+03   2.3377e+02   0  y  0.00  1   !  -9.99000e+02  -99.000  -99.000  -999
OBS: 6000090  53757.059    51.00   0.0000e+00   5.5474e+03   2.6272e+02   0  y  0.00  1   !  -9.99000e+02  -99.000  -99.000  -999
OBS: 6000090  53759.059    53.00   0.0000e+00   4.8923e+03   2.9447e+03   0  y  0.00  1   !  -9.99000e+02  -99.000  -99.000  -999
OBS: 6000090  53761.059    55.00   0.0000e+00   4.2648e+03   2.5670e+03   0  y  0.00  1   !  -9.99000e+02  -99.000  -99.000  -999
OBS: 6000090  53763.059    57.00   0.0000e+00   3.7828e+03   2.2769e+03   0  y  0.00  1   !  -9.99000e+02  -99.000  -99.000  -999
OBS: 6000090  53765.059    59.00   0.0000e+00   3.3760e+03   2.0321e+03   0  y  0.00  1   !  -9.99000e+02  -99.000  -99.000  -999
OBS: 6000090  53767.059    61.00   0.0000e+00   3.0600e+03   1.8418e+03   0  y  0.00  1   !  -9.99000e+02  -99.000  -99.000  -999
OBS: 6000090  53769.059    63.00   0.0000e+00   2.6891e+03   1.6186e+03   0  y  0.00  1   !  -9.99000e+02  -99.000  -99.000  -999
OBS: 6000090  53771.059    65.00   0.0000e+00   2.2443e+03   1.3508e+03   0  y  0.00  1   !  -9.99000e+02  -99.000  -99.000  -999
OBS: 6000090  53773.059    67.00   0.0000e+00   1.9061e+03   1.1473e+03   0  y  0.00  1   !  -9.99000e+02  -99.000  -99.000  -999
OBS: 6000090  53775.059    69.00   0.0000e+00   1.6480e+03   9.9196e+02   0  y  0.00  1   !  -9.99000e+02  -99.000  -99.000  -999
OBS: 6000090  53777.059    71.00   0.0000e+00   1.4519e+03   8.7390e+02   0  y  0.00  1   !  -9.99000e+02  -99.000  -99.000  -999
OBS: 6000090  53779.059    73.00   0.0000e+00   1.2992e+03   7.8199e+02   0  y  0.00  1   !  -9.99000e+02  -99.000  -99.000  -999
OBS: 6000090  53781.059    75.00   0.0000e+00   1.1709e+03   7.0479e+02   0  y  0.00  1   !  -9.99000e+02  -99.000  -99.000  -999
OBS: 6000090  53783.059    77.00   0.0000e+00   1.0576e+03   6.3657e+02   0  y  0.00  1   !  -9.99000e+02  -99.000  -99.000  -999
OBS: 6000090  53785.059    79.00   0.0000e+00   9.3675e+02   5.6384e+02   0  y  0.00  1   !  -9.99000e+02  -99.000  -99.000  -999
OBS: 6000090  53787.059    81.00   0.0000e+00   8.3035e+02   4.9980e+02   0  y  0.00  1   !  -9.99000e+02  -99.000  -99.000  -999
OBS: 6000090  53789.059    83.00   0.0000e+00   7.3689e+02   4.4354e+02   0  y  0.00  1   !  -9.99000e+02  -99.000  -99.000  -999
OBS: 6000090  53791.059    85.00   0.0000e+00   6.5487e+02   3.9418e+02   0  y  0.00  1   !  -9.99000e+02  -99.000  -99.000  -999
OBS: 6000090  53793.059    87.00   0.0000e+00   5.8320e+02   3.5104e+02   0  y  0.00  1   !  -9.99000e+02  -99.000  -99.000  -999
OBS: 6000090  53795.059    89.00   0.0000e+00   5.1771e+02   3.1162e+02   0  y  0.00  1   !  -9.99000e+02  -99.000  -99.000  -999
OBS: 6000090  53797.059    91.00   0.0000e+00   4.5681e+02   2.7496e+02   0  y  0.00  1   !  -9.99000e+02  -99.000  -99.000  -999
OBS: 6000090  53799.059    93.00   0.0000e+00   4.0306e+02   2.4261e+02   0  y  0.00  1   !  -9.99000e+02  -99.000  -99.000  -999
OBS: 6000090  53801.059    95.00   0.0000e+00   3.5564e+02   2.1407e+02   0  y  0.00  1   !  -9.99000e+02  -99.000  -99.000  -999
OBS: 6000090  53803.059    97.00   0.0000e+00   3.1380e+02   1.8888e+02   0  y  0.00  1   !  -9.99000e+02  -99.000  -99.000  -999
OBS: 6000090  53805.059    99.00   0.0000e+00   2.7689e+02   1.6666e+02   0  y  0.00  1   !  -9.99000e+02  -99.000  -99.000  -999
OBS: 6000090  53807.059   101.00   0.0000e+00   2.4431e+02   1.4705e+02   0  y  0.00  1   !  -9.99000e+02  -99.000  -99.000  -999
OBS: 6000090  53809.059   103.00   0.0000e+00   2.1557e+02   1.2975e+02   0  y  0.00  1   !  -9.99000e+02  -99.000  -99.000  -999
OBS: 6000090  53811.059   105.00   0.0000e+00   1.9021e+02   1.1449e+02   0  y  0.00  1   !  -9.99000e+02  -99.000  -99.000  -999
OBS: 6000090  53813.059   107.00   0.0000e+00   1.6784e+02   1.0102e+02   0  y  0.00  1   !  -9.99000e+02  -99.000  -99.000  -999
OBS: 6000090  53815.059   109.00   0.0000e+00   1.4809e+02   8.9140e+01   0  y  0.00  1   !  -9.99000e+02  -99.000  -99.000  -999
OBS: 6000090  53817.059   111.00   0.0000e+00   1.3067e+02   7.8653e+01   0  y  0.00  1   !  -9.99000e+02  -99.000  -99.000  -999
OBS: 6000090  53819.059   113.00   0.0000e+00   1.1530e+02   6.9400e+01   0  y  0.00  1   !  -9.99000e+02  -99.000  -99.000  -999
OBS: 6000090  53821.059   115.00   0.0000e+00   1.0173e+02   6.1235e+01   0  y  0.00  1   !  -9.99000e+02  -99.000  -99.000  -999
OBS: 6000090  53823.059   117.00   0.0000e+00   8.9765e+01   5.4030e+01   0  y  0.00  1   !  -9.99000e+02  -99.000  -99.000  -999
OBS: 6000090  53825.059   119.00   0.0000e+00   7.9204e+01   4.7674e+01   0  y  0.00  1   !  -9.99000e+02  -99.000  -99.000  -999
OBS: 6000090  53827.059   121.00   0.0000e+00   6.9890e+01   4.2068e+01   0  y  0.00  1   !  -9.99000e+02  -99.000  -99.000  -999
OBS: 6000090  53829.059   123.00   0.0000e+00   6.1671e+01   3.7121e+01   0  y  0.00  1   !  -9.99000e+02  -99.000  -99.000  -999
OBS: 6000090  53831.059   125.00   0.0000e+00   5.4416e+01   3.2754e+01   0  y  0.00  1   !  -9.99000e+02  -99.000  -99.000  -999
OBS: 6000090  53833.059   127.00   0.0000e+00   4.8014e+01   2.8900e+01   0  y  0.00  1   !  -9.99000e+02  -99.000  -99.000  -999
OBS: 6000090  53835.059   129.00   0.0000e+00   4.2325e+01   2.5476e+01   0  y  0.00  1   !  -9.99000e+02  -99.000  -99.000  -999
OBS: 6000090  53837.059   131.00   0.0000e+00   3.7259e+01   2.2426e+01   0  y  0.00  1   !  -9.99000e+02  -99.000  -99.000  -999
OBS: 6000090  53839.059   133.00   0.0000e+00   3.2800e+01   1.9743e+01   0  y  0.00  1   !  -9.99000e+02  -99.000  -99.000  -999
OBS: 6000090  53841.059   135.00   0.0000e+00   2.8950e+01   1.7425e+01   0  y  0.00  1   !  -9.99000e+02  -99.000  -99.000  -999
OBS: 6000090  53843.059   137.00   0.0000e+00   2.5555e+01   1.5382e+01   0  y  0.00  1   !  -9.99000e+02  -99.000  -99.000  -999
OBS: 6000090  53845.059   139.00   0.0000e+00   2.2557e+01   1.3577e+01   0  y  0.00  1   !  -9.99000e+02  -99.000  -99.000  -999
OBS: 6000090  53697.828    -8.23   8.0911e+03   8.8089e+03   1.2227e+03   1  H  0.27  1   H  2.28479e+18  -0.075  -0.979  1.00000e+11
OBS: 6000090  53701.809    -4.25   9.2751e+03   8.6844e+03   8.1543e+02   1  H  0.66  1   H  2.25489e+18  -0.074  -0.721  1.00000e+11
OBS: 6000090  53708.840     2.78   7.1785e+03   8.0446e+03   9.2811e+02   1  H  0.73  1   H  2.25947e+18  0.012  -0.476  1.00000e+11
OBS: 6000090  53708.840     2.78   7.1785e+03   8.6386e+03   1.1874e+03   1  H  1.36  1   H  2.42632e+18  0.012  -0.476  1.00000e+11
OBS: 6000090  53709.828     3.77   6.8980e+03   6.2779e+03   1.0852e+03   1  H  0.38  1   H  1.78774e+18  0.027  -0.509  1.00000e+11
OBS: 6000090  53709.840     3.78   6.8950e+03   7.4011e+03   1.3320e+03   1  H  0.11  1   H  2.10796e+18  0.027  -0.509  1.00000e+11
OBS: 6000090  53714.852     8.79   5.4427e+03   5.3480e+03   6.5906e+02   1  H  0.04  1   H  1.69483e+18  0.143  -0.856  1.00000e+11
OBS: 6000090  53715.840     9.78   5.2705e+03   5.5188e+03   9.1501e+02   1  H  0.05  1   H  1.77367e+18  0.158  -0.765  1.00000e+11
OBS: 6000090  53715.840     9.78   5.2705e+03   6.2606e+03   7.8126e+02   1  H  1.40  1   H  2.01206e+18  0.158  -0.765  1.00000e+11
OBS: 6000090  53717.859    11.80   5.0358e+03   3.7133e+03   7.5244e+02   1  H  3.19  1   H  1.23450e+18  0.195  -0.403  1.00000e+11
OBS: 6000090  53717.871    11.81   5.0355e+03   4.9042e+03   9.0975e+02   1  H  0.04  1   H  1.63058e+18  0.195  -0.401  1.00000e+11
OBS: 6000090  53719.859    13.80   5.1081e+03   3.2505e+03   8.9020e+02   1  H  4.46  1   H  1.08976e+18  0.204  0.163  1.00000e+11
OBS: 6000090  53719.871    13.81   5.1093e+03   4.0538e+03   9.2062e+02   1  H  1.40  1   H  1.35903e+18  0.204  0.166  1.00000e+11
OBS: 6000090  53750.852    44.79   4.4706e+03   4.5758e+03   2.2519e+02   1  H  0.05  1   H  1.29633e+18  0.021  0.188  1.00000e+11
OBS: 6000090  53750.859    44.80   4.4682e+03   4.2747e+03   2.5873e+02   1  H  0.46  1   H  1.21112e+18  0.021  0.186  1.00000e+11
OBS: 6000090  53756.820    50.76   3.4365e+03   3.6308e+03   3.6889e+02  -1  H  0.13  1   !  -9.99000e+02  -99.000  -99.000  -999
OBS: 6000090  53756.828    50.77   3.4349e+03   3.9759e+03   3.8979e+02  -1  H  1.16  1   !  -9.99000e+02  -99.000  -99.000  -999
OBS: 6000090  53647.059   -59.00   0.0000e+00   0.0000e+00   0.0000e+00   0  H  0.00  1   !  -9.99000e+02  -99.000  -99.000  -999
OBS: 6000090  53649.059   -57.00   0.0000e+00   0.0000e+00   0.0000e+00   0  H  0.00  1   !  -9.99000e+02  -99.000  -99.000  -999
OBS: 6000090  53651.059   -55.00   0.0000e+00   0.0000e+00   0.0000e+00   0  H  0.00  1   !  -9.99000e+02  -99.000  -99.000  -999
OBS: 6000090  53653.059   -53.00   0.0000e+00   0.0000e+00   0.0000e+00   0  H  0.00  1   !  -9.99000e+02  -99.000  -99.000  -999
OBS: 6000090  53655.059   -51.00   0.0000e+00   0.0000e+00   0.0000e+00   0  H  0.00  1   !  -9.99000e+02  -99.000  -99.000  -999
OBS: 6000090  53657.059   -49.00   0.0000e+00   0.0000e+00   0.0000e+00   0  H  0.00  1   !  -9.99000e+02  -99.000  -99.000  -999
OBS: 6000090  53659.059   -47.00   0.0000e+00   0.0000e+00   0.0000e+00   0  H  0.00  1   !  -9.99000e+02  -99.000  -99.000  -999
OBS: 6000090  53661.059   -45.00   0.0000e+00   0.0000e+00   0.0000e+00   0  H  0.00  1   !  -9.99000e+02  -99.000  -99.000  -999
OBS: 6000090  53663.059   -43.00   0.0000e+00   0.0000e+00   0.0000e+00   0  H  0.00  1   !  -9.99000e+02  -99.000  -99.000  -999
OBS: 6000090  53665.059   -41.00   0.0000e+00   0.0000e+00   0.0000e+00   0  H  0.00  1   !  -9.99000e+02  -99.000  -99.000  -999
OBS: 6000090  53667.059   -39.00   0.0000e+00   0.0000e+00   0.0000e+00   0  H  0.00  1   !  -9.99000e+02  -99.000  -99.000  -999
OBS: 6000090  53669.059   -37.00   0.0000e+00   0.0000e+00   0.0000e+00   0  H  0.00  1   !  -9.99000e+02  -99.000  -99.000  -999
OBS: 6000090  53671.059   -35.00   0.0000e+00   0.0000e+00   0.0000e+00   0  H  0.00  1   !  -9.99000e+02  -99.000  -99.000  -999
OBS: 6000090  53673.059   -33.00   0.0000e+00   0.0000e+00   0.0000e+00   0  H  0.00  1   !  -9.99000e+02  -99.000  -99.000  -999
OBS: 6000090  53675.059   -31.00   0.0000e+00   0.0000e+00   0.0000e+00   0  H  0.00  1   !  -9.99000e+02  -99.000  -99.000  -999
OBS: 6000090  53677.059   -29.00   0.0000e+00   0.0000e+00   0.0000e+00   0  H  0.00  1   !  -9.99000e+02  -99.000  -99.000  -999
OBS: 6000090  53679.059   -27.00   0.0000e+00   0.0000e+00   0.0000e+00   0  H  0.00  1   !  -9.99000e+02  -99.000  -99.000  -999
OBS: 6000090  53681.059   -25.00   0.0000e+00   0.0000e+00   0.0000e+00   0  H  0.00  1   !  -9.99000e+02  -99.000  -99.000  -999
OBS: 6000090  53683.059   -23.00   0.0000e+00   0.0000e+00   0.0000e+00   0  H  0.00  1   !  -9.99000e+02  -99.000  -99.000  -999
OBS: 6000090  53685.059   -21.00   0.0000e+00   0.0000e+00   0.0000e+00   0  H  0.00  1   !  -9.99000e+02  -99.000  -99.000  -999
OBS: 6000090  53687.059   -19.00   0.0000e+00   1.4684e+03   8.8387e+02   0  H  0.00  1   !  -9.99000e+02  -99.000  -99.000  -999
OBS: 6000090  53689.059   -17.00   0.0000e+00   1.4243e+03   8.5730e+02   0  H  0.00  1   !  -9.99000e+02  -99.000  -99.000  -999
OBS: 6000090  53691.059   -15.00   0.0000e+00   1.8332e+03   8.1886e+02   0  H  0.00  1   !  -9.99000e+02  -99.000  -99.000  -999
OBS: 6000090  53693.059   -13.00   0.0000e+00   3.7457e+03   3.9853e+02   0  H  0.00  1   !  -9.99000e+02  -99.000  -99.000  -999
OBS: 6000090  53695.059   -11.00   0.0000e+00   5.7708e+03   2.6575e+02   0  H  0.00  1   !  -9.99000e+02  -99.000  -99.000  -999
OBS: 6000090  53697.059    -9.00   0.0000e+00   7.5758e+03   2.4800e+02   0  H  0.00  1   !  -9.99000e+02  -99.000  -99.000  -999
OBS: 6000090  53699.059    -7.00   0.0000e+00   8.8439e+03   2.0046e+02   0  H  0.00  1   !  -9.99000e+02  -99.000  -99.000  -999
OBS: 6000090  53701.059    -5.00   0.0000e+00   9.3542e+03   1.6064e+02   0  H  0.00  1   !  -9.99000e+02  -99.000  -99.000  -999
OBS: 6000090  53703.059    -3.00   0.0000e+00   9.1663e+03   1.6277e+02   0  H  0.00  1   !  -9.99000e+02  -99.000  -99.000  -999
OBS: 6000090  53705.059    -1.00   0.0000e+00   8.4278e+03   1.6255e+02   0  H  0.00  1   !  -9.99000e+02  -99.000  -99.000  -999
OBS: 6000090  53707.059     1.00   0.0000e+00   7.7154e+03   1.6331e+02   0  H  0.00  1   !  -9.99000e+02  -99.000  -99.000  -999
OBS: 6000090  53709.059     3.00   0.0000e+00   7.1869e+03   1.6919e+02   0  H  0.00  1   !  -9.99000e+02  -99.000  -99.000  -999
OBS: 6000090  53711.059     5.00   0.0000e+00   6.5596e+03   1.7852e+02   0  H  0.00  1   !  -9.99000e+02  -99.000  -99.000  -999
OBS: 6000090  53713.059     7.00   0.0000e+00   5.9355e+03   1.8100e+02   0  H  0.00  1   !  -9.99000e+02  -99.000  -99.000  -999
OBS: 6000090  53715.059     9.00   0.0000e+00   5.4496e+03   1.6986e+02   0  H  0.00  1   !  -9.99000e+02  -99.000  -99.000  -999
OBS: 6000090  53717.059    11.00   0.0000e+00   5.1424e+03   1.4474e+02   0  H  0.00  1   !  -9.99000e+02  -99.000  -99.000  -999
OBS: 6000090  53719.059    13.00   0.0000e+00   5.0868e+03   1.3424e+02   0  H  0.00  1   !  -9.99000e+02  -99.000  -99.000  -999
OBS: 6000090  53721.059    15.00   0.0000e+00   5.3089e+03   1.4110e+02   0  H  0.00  1   !  -9.99000e+02  -99.000  -99.000  -999
OBS: 6000090  53723.059    17.00   0.0000e+00   5.6594e+03   1.6328e+02   0  H  0.00  1   !  -9.99000e+02  -99.000  -99.000  -999
OBS: 6000090  53725.059    19.00   0.0000e+00   6.1061e+03   1.8567e+02   0  H  0.00  1   !  -9.99000e+02  -99.000  -99.000  -999
OBS: 6000090  53727.059    21.00   0.0000e+00   6.5343e+03   1.9158e+02   0  H  0.00  1   !  -9.99000e+02  -99.000  -99.000  -999
OBS: 6000090  53729.059    23.00   0.0000e+00   6.8384e+03   1.8618e+02   0  H  0.00  1   !  -9.99000e+02  -99.000  -99.000  -999
OBS: 6000090  53731.059    25.00   0.0000e+00   7.1352e+03   1.7311e+02   0  H  0.00  1   !  -9.99000e+02  -99.000  -99.000  -999
OBS: 6000090  53733.059    27.00   0.0000e+00   7.3735e+03   1.5628e+02   0  H  0.00  1   !  -9.99000e+02  -99.000  -99.000  -999
OBS: 6000090  53735.059    29.00   0.0000e+00   7.5315e+03   1.7202e+02   0  H  0.00  1   !  -9.99000e+02  -99.000  -99.000  -999
OBS: 6000090  53737.059    31.00   0.0000e+00   7.5792e+03   2.0389e+02   0  H  0.00  1   !  -9.99000e+02  -99.000  -99.000  -999
OBS: 6000090  53739.059    33.00   0.0000e+00   7.5116e+03   2.1527e+02   0  H  0.00  1   !  -9.99000e+02  -99.000  -99.000  -999
OBS: 6000090  53741.059    35.00   0.0000e+00   7.3221e+03   2.1877e+02   0  H  0.00  1   !  -9.99000e+02  -99.000  -99.000  -999
OBS: 6000090  53743.059    37.00   0.0000e+00   6.9431e+03   2.3527e+02   0  H  0.00  1   !  -9.99000e+02  -99.000  -99.000  -999
OBS: 6000090  53745.059    39.00   0.0000e+00   6.3725e+03   2.4318e+02   0  H  0.00  1   !  -9.99000e+02  -99.000  -99.000  -999
OBS: 6000090  53747.059    41.00   0.0000e+00   5.7345e+03   2.3226e+02   0  H  0.00  1   !  -9.99000e+02  -99.000  -99.000  -999
OBS: 6000090  53749.059    43.00   0.0000e+00   5.0283e+03   2.3132e+02   0  H  0.00  1   !  -9.99000e+02  -99.000  -99.000  -999
OBS: 6000090  53751.059    45.00   0.0000e+00   4.4579e+03   2.1655e+02   0  H  0.00  1   !  -9.99000e+02  -99.000  -99.000  -999
OBS: 6000090  53753.059    47.00   0.0000e+00   4.0557e+03   2.0528e+02   0  H  0.00  1   !  -9.99000e+02  -99.000  -99.000  -999
OBS: 6000090  53755.059    49.00   0.0000e+00   3.7359e+03   2.3602e+02   0  H  0.00  1   !  -9.99000e+02  -99.000  -99.000  -999
OBS: 6000090  53757.059    51.00   0.0000e+00   3.4268e+03   2.7863e+02   0  H  0.00  1   !  -9.99000e+02  -99.000  -99.000  -999
OBS: 6000090  53759.059    53.00   0.0000e+00   3.1291e+03   1.8834e+03   0  H  0.00  1   !  -9.99000e+02  -99.000  -99.000  -999
OBS: 6000090  53761.059    55.00   0.0000e+00   2.8596e+03   1.7212e+03   0  H  0.00  1   !  -9.99000e+02  -99.000  -99.000  -999
OBS: 6000090  53763.059    57.00   0.0000e+00   2.6280e+03   1.5818e+03   0  H  0.00  1   !  -9.99000e+02  -99.000  -99.000  -999
OBS: 6000090  53765.059    59.00   0.0000e+00   2.4195e+03   1.4563e+03   0  H  0.00  1   !  -9.99000e+02  -99.000  -99.000  -999
OBS: 6000090  53767.059    61.00   0.0000e+00   2.2408e+03   1.3487e+03   0  H  0.00  1   !  -9.99000e+02  -99.000  -99.000  -999
OBS: 6000090  53769.059    63.00   0.0000e+00   1.9666e+03   1.1837e+03   0  H  0.00  1   !  -9.99000e+02  -99.000  -99.000  -999
OBS: 6000090  53771.059    65.00   0.0000e+00   1.6078e+03   9.6776e+02   0  H  0.00  1   !  -9.99000e+02  -99.000  -99.000  -999
OBS: 6000090  53773.059    67.00   0.0000e+00   1.3478e+03   8.1123e+02   0  H  0.00  1   !  -9.99000e+02  -99.000  -99.000  -999
OBS: 6000090  53775.059    69.00   0.0000e+00   1.1689e+03   7.0357e+02   0  H  0.00  1   !  -9.99000e+02  -99.000  -99.000  -999
OBS: 6000090  53777.059    71.00   0.0000e+00   1.0459e+03   6.2953e+02   0  H  0.00  1   !  -9.99000e+02  -99.000  -99.000  -999
OBS: 6000090  53779.059    73.00   0.0000e+00   9.5465e+02   5.7462e+02   0  H  0.00  1   !  -9.99000e+02  -99.000  -99.000  -999
OBS: 6000090  53781.059    75.00   0.0000e+00   8.7098e+02   5.2425e+02   0  H  0.00  1   !  -9.99000e+02  -99.000  -99.000  -999
OBS: 6000090  53783.059    77.00   0.0000e+00   7.9445e+02   4.7819e+02   0  H  0.00  1   !  -9.99000e+02  -99.000  -99.000  -999
OBS: 6000090  53785.059    79.00   0.0000e+00   7.3415e+02   4.4190e+02   0  H  0.00  1   !  -9.99000e+02  -99.000  -99.000  -999
OBS: 6000090  53787.059    81.00   0.0000e+00   6.7848e+02   4.0838e+02   0  H  0.00  1   !  -9.99000e+02  -99.000  -99.000  -999
OBS: 6000090  53789.059    83.00   0.0000e+00   6.2706e+02   3.7743e+02   0  H  0.00  1   !  -9.99000e+02  -99.000  -99.000  -999
OBS: 6000090  53791.059    85.00   0.0000e+00   5.7960e+02   3.4887e+02   0  H  0.00  1   !  -9.99000e+02  -99.000  -99.000  -999
OBS: 6000090  53793.059    87.00   0.0000e+00   5.3588e+02   3.2255e+02   0  H  0.00  1   !  -9.99000e+02  -99.000  -99.000  -999
OBS: 6000090  53795.059    89.00   0.0000e+00   4.9516e+02   2.9804e+02   0  H  0.00  1   !  -9.99000e+02  -99.000  -99.000  -999
OBS: 6000090  53797.059    91.00   0.0000e+00   4.5708e+02   2.7512e+02   0  H  0.00  1   !  -9.99000e+02  -99.000  -99.000  -999
OBS: 6000090  53799.059    93.00   0.0000e+00   4.2193e+02   2.5396e+02   0  H  0.00  1   !  -9.99000e+02  -99.000  -99.000  -999
OBS: 6000090  53801.059    95.00   0.0000e+00   3.8947e+02   2.3443e+02   0  H  0.00  1   !  -9.99000e+02  -99.000  -99.000  -999
OBS: 6000090  53803.059    97.00   0.0000e+00   3.5951e+02   2.1639e+02   0  H  0.00  1   !  -9.99000e+02  -99.000  -99.000  -999
OBS: 6000090  53805.059    99.00   0.0000e+00   3.3184e+02   1.9974e+02   0  H  0.00  1   !  -9.99000e+02  -99.000  -99.000  -999
OBS: 6000090  53807.059   101.00   0.0000e+00   3.0630e+02   1.8437e+02   0  H  0.00  1   !  -9.99000e+02  -99.000  -99.000  -999
OBS: 6000090  53809.059   103.00   0.0000e+00   2.8273e+02   1.7018e+02   0  H  0.00  1   !  -9.99000e+02  -99.000  -99.000  -999
OBS: 6000090  53811.059   105.00   0.0000e+00   2.6096e+02   1.5708e+02   0  H  0.00  1   !  -9.99000e+02  -99.000  -99.000  -999
OBS: 6000090  53813.059   107.00   0.0000e+00   2.4087e+02   1.4498e+02   0  H  0.00  1   !  -9.99000e+02  -99.000  -99.000  -999
OBS: 6000090  53815.059   109.00   0.0000e+00   2.2232e+02   1.3382e+02   0  H  0.00  1   !  -9.99000e+02  -99.000  -99.000  -999
OBS: 6000090  53817.059   111.00   0.0000e+00   2.0519e+02   1.2351e+02   0  H  0.00  1   !  -9.99000e+02  -99.000  -99.000  -999
OBS: 6000090  53819.059   113.00   0.0000e+00   1.8938e+02   1.1399e+02   0  H  0.00  1   !  -9.99000e+02  -99.000  -99.000  -999
OBS: 6000090  53821.059   115.00   0.0000e+00   1.7479e+02   1.0521e+02   0  H  0.00  1   !  -9.99000e+02  -99.000  -99.000  -999
OBS: 6000090  53823.059   117.00   0.0000e+00   1.6132e+02   9.7098e+01   0  H  0.00  1   !  -9.99000e+02  -99.000  -99.000  -999
OBS: 6000090  53825.059   119.00   0.0000e+00   1.4888e+02   8.9614e+01   0  H  0.00  1   !  -9.99000e+02  -99.000  -99.000  -999
OBS: 6000090  53827.059   121.00   0.0000e+00   1.3741e+02   8.2706e+01   0  H  0.00  1   !  -9.99000e+02  -99.000  -99.000  -999
OBS: 6000090  53829.059   123.00   0.0000e+00   1.2681e+02   7.6329e+01   0  H  0.00  1   !  -9.99000e+02  -99.000  -99.000  -999
OBS: 6000090  53831.059   125.00   0.0000e+00   1.1703e+02   7.0443e+01   0  H  0.00  1   !  -9.99000e+02  -99.000  -99.000  -999
OBS: 6000090  53833.059   127.00   0.0000e+00   1.0801e+02   6.5010e+01   0  H  0.00  1   !  -9.99000e+02  -99.000  -99.000  -999
OBS: 6000090  53835.059   129.00   0.0000e+00   9.9674e+01   5.9995e+01   0  H  0.00  1   !  -9.99000e+02  -99.000  -99.000  -999
OBS: 6000090  53837.059   131.00   0.0000e+00   9.1984e+01   5.5366e+01   0  H  0.00  1   !  -9.99000e+02  -99.000  -99.000  -999
OBS: 6000090  53839.059   133.00   0.0000e+00   8.4886e+01   5.1094e+01   0  H  0.00  1   !  -9.99000e+02  -99.000  -99.000  -999
OBS: 6000090  53841.059   135.00   0.0000e+00   7.8398e+01   4.7189e+01   0  H  0.00  1   !  -9.99000e+02  -99.000  -99.000  -999
OBS: 6000090  53843.059   137.00   0.0000e+00   7.2405e+01   4.3581e+01   0  H  0.00  1   !  -9.99000e+02  -99.000  -99.000  -999
OBS: 6000090  53845.059   139.00   0.0000e+00   6.6910e+01   4.0274e+01   0  H  0.00  1   !  -9.99000e+02  -99.000  -99.000  -999
