VARNAMES: CID MJD Tobs SIM_FLUXCAL FLUXCAL FLUXCAL_ERR DATAFLAG BAND CHI2 IFIT BAND_REST FLUX_REST KCOR AVWARP SIM_FLUX_REST 
OBS: 6000402  54363.840    -3.23   7.8058e+03   7.5031e+03   1.7596e+02   1  J  0.03  1   J  3.30456e+18  -0.087  1.217  1.00000e+11
OBS: 6000402  54363.840    -3.23   7.8058e+03   7.9047e+03   1.7651e+02   1  J  3.03  1   J  3.48140e+18  -0.087  1.217  1.00000e+11
OBS: 6000402  54365.898    -1.17   7.2722e+03   7.5002e+03   1.2708e+02   1  J  5.44  1   J  3.23784e+18  -0.108  0.628  1.00000e+11
OBS: 6000402  54377.801    10.73   2.5005e+03   2.9297e+03   4.3159e+02   1  J  1.24  1   J  1.25891e+18  -0.113  2.504  1.00000e+11
OBS: 6000402  54387.801    20.73   2.3723e+03   2.1700e+03   4.9986e+02   1  J  0.03  1   J  8.95284e+17  -0.158  4.259  1.00000e+11
OBS: 6000402  54422.801    55.73   1.5764e+03   1.5070e+03   1.1732e+02  -1  J  0.00  1   !  -9.99000e+02  -99.000  -99.000  -999
OBS: 6000402  54425.711    58.64   1.3797e+03   1.4529e+03   1.3948e+02  -1  J  0.03  1   !  -9.99000e+02  -99.000  -99.000  -999
OBS: 6000402  54425.719    58.65   1.3791e+03   1.2549e+03   1.2113e+02  -1  J  0.01  1   !  -9.99000e+02  -99.000  -99.000  -999
OBS: 6000402  54308.070   -59.00   0.0000e+00   0.0000e+00   0.0000e+00   0  J  0.00  1   !  -9.99000e+02  -99.000  -99.000  -999
OBS: 6000402  54310.070   -57.00   0.0000e+00   0.0000e+00   0.0000e+00   0  J  0.00  1   !  -9.99000e+02  -99.000  -99.000  -999
OBS: 6000402  54312.070   -55.00   0.0000e+00   0.0000e+00   0.0000e+00   0  J  0.00  1   !  -9.99000e+02  -99.000  -99.000  -999
OBS: 6000402  54314.070   -53.00   0.0000e+00   0.0000e+00   0.0000e+00   0  J  0.00  1   !  -9.99000e+02  -99.000  -99.000  -999
OBS: 6000402  54316.070   -51.00   0.0000e+00   0.0000e+00   0.0000e+00   0  J  0.00  1   !  -9.99000e+02  -99.000  -99.000  -999
OBS: 6000402  54318.070   -49.00   0.0000e+00   0.0000e+00   0.0000e+00   0  J  0.00  1   !  -9.99000e+02  -99.000  -99.000  -999
OBS: 6000402  54320.070   -47.00   0.0000e+00   0.0000e+00   0.0000e+00   0  J  0.00  1   !  -9.99000e+02  -99.000  -99.000  -999
OBS: 6000402  54322.070   -45.00   0.0000e+00   0.0000e+00   0.0000e+00   0  J  0.00  1   !  -9.99000e+02  -99.000  -99.000  -999
OBS: 6000402  54324.070   -43.00   0.0000e+00   0.0000e+00   0.0000e+00   0  J  0.00  1   !  -9.99000e+02  -99.000  -99.000  -999
OBS: 6000402  54326.070   -41.00   0.0000e+00   0.0000e+00   0.0000e+00   0  J  0.00  1   !  -9.99000e+02  -99.000  -99.000  -999
OBS: 6000402  54328.070   -39.00   0.0000e+00   0.0000e+00   0.0000e+00   0  J  0.00  1   !  -9.99000e+02  -99.000  -99.000  -999
OBS: 6000402  54330.070   -37.00   0.0000e+00   0.0000e+00   0.0000e+00   0  J  0.00  1   !  -9.99000e+02  -99.000  -99.000  -999
OBS: 6000402  54332.070   -35.00   0.0000e+00   0.0000e+00   0.0000e+00   0  J  0.00  1   !  -9.99000e+02  -99.000  -99.000  -999
OBS: 6000402  54334.070   -33.00   0.0000e+00   0.0000e+00   0.0000e+00   0  J  0.00  1   !  -9.99000e+02  -99.000  -99.000  -999
OBS: 6000402  54336.070   -31.00   0.0000e+00   0.0000e+00   0.0000e+00   0  J  0.00  1   !  -9.99000e+02  -99.000  -99.000  -999
OBS: 6000402  54338.070   -29.00   0.0000e+00   0.0000e+00   0.0000e+00   0  J  0.00  1   !  -9.99000e+02  -99.000  -99.000  -999
OBS: 6000402  54340.070   -27.00   0.0000e+00   0.0000e+00   0.0000e+00   0  J  0.00  1   !  -9.99000e+02  -99.000  -99.000  -999
OBS: 6000402  54342.070   -25.00   0.0000e+00   0.0000e+00   0.0000e+00   0  J  0.00  1   !  -9.99000e+02  -99.000  -99.000  -999
OBS: 6000402  54344.070   -23.00   0.0000e+00   0.0000e+00   0.0000e+00   0  J  0.00  1   !  -9.99000e+02  -99.000  -99.000  -999
OBS: 6000402  54346.070   -21.00   0.0000e+00   0.0000e+00   0.0000e+00   0  J  0.00  1   !  -9.99000e+02  -99.000  -99.000  -999
OBS: 6000402  54348.070   -19.00   0.0000e+00   3.4935e+03   2.1028e+03   0  J  0.00  1   !  -9.99000e+02  -99.000  -99.000  -999
OBS: 6000402  54350.070   -17.00   0.0000e+00   3.5253e+03   2.1219e+03   0  J  0.00  1   !  -9.99000e+02  -99.000  -99.000  -999
OBS: 6000402  54352.070   -15.00   0.0000e+00   4.0670e+03   1.0855e+03   0  J  0.00  1   !  -9.99000e+02  -99.000  -99.000  -999
OBS: 6000402  54354.070   -13.00   0.0000e+00   5.5503e+03   1.5536e+02   0  J  0.00  1   !  -9.99000e+02  -99.000  -99.000  -999
OBS: 6000402  54356.070   -11.00   0.0000e+00   6.6585e+03   1.8789e+02   0  J  0.00  1   !  -9.99000e+02  -99.000  -99.000  -999
OBS: 6000402  54358.070    -9.00   0.0000e+00   7.3029e+03   1.9819e+02   0  J  0.00  1   !  -9.99000e+02  -99.000  -99.000  -999
OBS: 6000402  54360.070    -7.00   0.0000e+00   7.5802e+03   1.8149e+02   0  J  0.00  1   !  -9.99000e+02  -99.000  -99.000  -999
OBS: 6000402  54362.070    -5.00   0.0000e+00   7.6523e+03   1.6993e+02   0  J  0.00  1   !  -9.99000e+02  -99.000  -99.000  -999
OBS: 6000402  54364.070    -3.00   0.0000e+00   7.4099e+03   1.8946e+02   0  J  0.00  1   !  -9.99000e+02  -99.000  -99.000  -999
OBS: 6000402  54366.070    -1.00   0.0000e+00   6.8994e+03   1.9861e+02   0  J  0.00  1   !  -9.99000e+02  -99.000  -99.000  -999
OBS: 6000402  54368.070     1.00   0.0000e+00   6.0144e+03   1.9757e+02   0  J  0.00  1   !  -9.99000e+02  -99.000  -99.000  -999
OBS: 6000402  54370.070     3.00   0.0000e+00   5.0288e+03   1.9359e+02   0  J  0.00  1   !  -9.99000e+02  -99.000  -99.000  -999
OBS: 6000402  54372.070     5.00   0.0000e+00   4.2095e+03   1.8330e+02   0  J  0.00  1   !  -9.99000e+02  -99.000  -99.000  -999
OBS: 6000402  54374.070     7.00   0.0000e+00   3.4740e+03   1.7737e+02   0  J  0.00  1   !  -9.99000e+02  -99.000  -99.000  -999
OBS: 6000402  54376.070     9.00   0.0000e+00   2.8286e+03   1.8912e+02   0  J  0.00  1   !  -9.99000e+02  -99.000  -99.000  -999
OBS: 6000402  54378.070    11.00   0.0000e+00   2.3401e+03   2.1063e+02   0  J  0.00  1   !  -9.99000e+02  -99.000  -99.000  -999
OBS: 6000402  54380.070    13.00   0.0000e+00   2.0906e+03   2.1669e+02   0  J  0.00  1   !  -9.99000e+02  -99.000  -99.000  -999
OBS: 6000402  54382.070    15.00   0.0000e+00   2.0533e+03   2.0901e+02   0  J  0.00  1   !  -9.99000e+02  -99.000  -99.000  -999
OBS: 6000402  54384.070    17.00   0.0000e+00   2.0884e+03   1.8996e+02   0  J  0.00  1   !  -9.99000e+02  -99.000  -99.000  -999
OBS: 6000402  54386.070    19.00   0.0000e+00   2.1802e+03   1.5679e+02   0  J  0.00  1   !  -9.99000e+02  -99.000  -99.000  -999
OBS: 6000402  54388.070    21.00   0.0000e+00   2.2803e+03   1.6330e+02   0  J  0.00  1   !  -9.99000e+02  -99.000  -99.000  -999
OBS: 6000402  54390.070    23.00   0.0000e+00   2.4128e+03   2.0569e+02   0  J  0.00  1   !  -9.99000e+02  -99.000  -99.000  -999
OBS: 6000402  54392.070    25.00   0.0000e+00   2.5303e+03   2.2754e+02   0  J  0.00  1   !  -9.99000e+02  -99.000  -99.000  -999
OBS: 6000402  54394.070    27.00   0.0000e+00   2.6496e+03   2.3707e+02   0  J  0.00  1   !  -9.99000e+02  -99.000  -99.000  -999
OBS: 6000402  54396.070    29.00   0.0000e+00   2.7638e+03   2.4289e+02   0  J  0.00  1   !  -9.99000e+02  -99.000  -99.000  -999
OBS: 6000402  54398.070    31.00   0.0000e+00   2.8946e+03   2.4864e+02   0  J  0.00  1   !  -9.99000e+02  -99.000  -99.000  -999
OBS: 6000402  54400.070    33.00   0.0000e+00   3.1260e+03   2.8347e+02   0  J  0.00  1   !  -9.99000e+02  -99.000  -99.000  -999
OBS: 6000402  54402.070    35.00   0.0000e+00   3.4633e+03   3.5392e+02   0  J  0.00  1   !  -9.99000e+02  -99.000  -99.000  -999
OBS: 6000402  54404.070    37.00   0.0000e+00   3.7377e+03   4.1304e+02   0  J  0.00  1   !  -9.99000e+02  -99.000  -99.000  -999
OBS: 6000402  54406.070    39.00   0.0000e+00   3.7835e+03   4.3729e+02   0  J  0.00  1   !  -9.99000e+02  -99.000  -99.000  -999
OBS: 6000402  54408.070    41.00   0.0000e+00   3.5882e+03   4.4540e+02   0  J  0.00  1   !  -9.99000e+02  -99.000  -99.000  -999
OBS: 6000402  54410.070    43.00   0.0000e+00   3.2117e+03   4.1817e+02   0  J  0.00  1   !  -9.99000e+02  -99.000  -99.000  -999
OBS: 6000402  54412.070    45.00   0.0000e+00   2.7193e+03   3.4772e+02   0  J  0.00  1   !  -9.99000e+02  -99.000  -99.000  -999
OBS: 6000402  54414.070    47.00   0.0000e+00   2.2222e+03   2.6473e+02   0  J  0.00  1   !  -9.99000e+02  -99.000  -99.000  -999
OBS: 6000402  54416.070    49.00   0.0000e+00   1.8704e+03   2.0711e+02   0  J  0.00  1   !  -9.99000e+02  -99.000  -99.000  -999
OBS: 6000402  54418.070    51.00   0.0000e+00   1.6921e+03   2.4557e+02   0  J  0.00  1   !  -9.99000e+02  -99.000  -99.000  -999
OBS: 6000402  54420.070    53.00   0.0000e+00   1.6096e+03   7.0594e+02   0  J  0.00  1   !  -9.99000e+02  -99.000  -99.000  -999
OBS: 6000402  54422.070    55.00   0.0000e+00   1.5426e+03   9.2854e+02   0  J  0.00  1   !  -9.99000e+02  -99.000  -99.000  -999
OBS: 6000402  54424.070    57.00   0.0000e+00   1.4277e+03   8.5935e+02   0  J  0.00  1   !  -9.99000e+02  -99.000  -99.000  -999
OBS: 6000402  54426.070    59.00   0.0000e+00   1.3015e+03   7.8336e+02   0  J  0.00  1   !  -9.99000e+02  -99.000  -99.000  -999
OBS: 6000402  54428.070    61.00   0.0000e+00   1.1919e+03   7.1742e+02   0  J  0.00  1   !  -9.99000e+02  -99.000  -99.000  -999
OBS: 6000402  54430.070    63.00   0.0000e+00   1.0968e+03   6.6017e+02   0  J  0.00  1   !  -9.99000e+02  -99.000  -99.000  -999
OBS: 6000402  54432.070    65.00   0.0000e+00   9.4278e+02   5.6747e+02   0  J  0.00  1   !  -9.99000e+02  -99.000  -99.000  -999
OBS: 6000402  54434.070    67.00   0.0000e+00   8.1799e+02   4.9236e+02   0  J  0.00  1   !  -9.99000e+02  -99.000  -99.000  -999
OBS: 6000402  54436.070    69.00   0.0000e+00   7.3379e+02   4.4168e+02   0  J  0.00  1   !  -9.99000e+02  -99.000  -99.000  -999
OBS: 6000402  54438.070    71.00   0.0000e+00   6.6449e+02   3.9996e+02   0  J  0.00  1   !  -9.99000e+02  -99.000  -99.000  -999
OBS: 6000402  54440.070    73.00   0.0000e+00   6.1305e+02   3.6900e+02   0  J  0.00  1   !  -9.99000e+02  -99.000  -99.000  -999
OBS: 6000402  54442.070    75.00   0.0000e+00   5.6536e+02   3.4029e+02   0  J  0.00  1   !  -9.99000e+02  -99.000  -99.000  -999
OBS: 6000402  54444.070    77.00   0.0000e+00   5.1235e+02   3.0839e+02   0  J  0.00  1   !  -9.99000e+02  -99.000  -99.000  -999
OBS: 6000402  54446.070    79.00   0.0000e+00   4.8032e+02   2.8911e+02   0  J  0.00  1   !  -9.99000e+02  -99.000  -99.000  -999
OBS: 6000402  54448.070    81.00   0.0000e+00   4.6074e+02   2.7733e+02   0  J  0.00  1   !  -9.99000e+02  -99.000  -99.000  -999
OBS: 6000402  54450.070    83.00   0.0000e+00   4.4208e+02   2.6609e+02   0  J  0.00  1   !  -9.99000e+02  -99.000  -99.000  -999
OBS: 6000402  54452.070    85.00   0.0000e+00   4.2424e+02   2.5535e+02   0  J  0.00  1   !  -9.99000e+02  -99.000  -99.000  -999
OBS: 6000402  54454.070    87.00   0.0000e+00   4.0664e+02   2.4476e+02   0  J  0.00  1   !  -9.99000e+02  -99.000  -99.000  -999
OBS: 6000402  54456.070    89.00   0.0000e+00   3.8894e+02   2.3411e+02   0  J  0.00  1   !  -9.99000e+02  -99.000  -99.000  -999
OBS: 6000402  54458.070    91.00   0.0000e+00   3.7583e+02   2.2622e+02   0  J  0.00  1   !  -9.99000e+02  -99.000  -99.000  -999
OBS: 6000402  54460.070    93.00   0.0000e+00   3.6366e+02   2.1889e+02   0  J  0.00  1   !  -9.99000e+02  -99.000  -99.000  -999
OBS: 6000402  54462.070    95.00   0.0000e+00   3.5189e+02   2.1181e+02   0  J  0.00  1   !  -9.99000e+02  -99.000  -99.000  -999
OBS: 6000402  54464.070    97.00   0.0000e+00   3.4050e+02   2.0495e+02   0  J  0.00  1   !  -9.99000e+02  -99.000  -99.000  -999
OBS: 6000402  54466.070    99.00   0.0000e+00   3.2948e+02   1.9832e+02   0  J  0.00  1   !  -9.99000e+02  -99.000  -99.000  -999
OBS: 6000402  54468.070   101.00   0.0000e+00   3.1882e+02   1.9190e+02   0  J  0.00  1   !  -9.99000e+02  -99.000  -99.000  -999
OBS: 6000402  54470.070   103.00   0.0000e+00   3.0850e+02   1.8569e+02   0  J  0.00  1   !  -9.99000e+02  -99.000  -99.000  -999
OBS: 6000402  54472.070   105.00   0.0000e+00   2.9851e+02   1.7968e+02   0  J  0.00  1   !  -9.99000e+02  -99.000  -99.000  -999
OBS: 6000402  54474.070   107.00   0.0000e+00   2.8885e+02   1.7386e+02   0  J  0.00  1   !  -9.99000e+02  -99.000  -99.000  -999
OBS: 6000402  54476.070   109.00   0.0000e+00   2.7950e+02   1.6823e+02   0  J  0.00  1   !  -9.99000e+02  -99.000  -99.000  -999
OBS: 6000402  54478.070   111.00   0.0000e+00   2.7045e+02   1.6279e+02   0  J  0.00  1   !  -9.99000e+02  -99.000  -99.000  -999
OBS: 6000402  54480.070   113.00   0.0000e+00   2.6170e+02   1.5752e+02   0  J  0.00  1   !  -9.99000e+02  -99.000  -99.000  -999
OBS: 6000402  54482.070   115.00   0.0000e+00   2.5323e+02   1.5242e+02   0  J  0.00  1   !  -9.99000e+02  -99.000  -99.000  -999
OBS: 6000402  54484.070   117.00   0.0000e+00   2.4503e+02   1.4749e+02   0  J  0.00  1   !  -9.99000e+02  -99.000  -99.000  -999
OBS: 6000402  54486.070   119.00   0.0000e+00   2.3710e+02   1.4271e+02   0  J  0.00  1   !  -9.99000e+02  -99.000  -99.000  -999
OBS: 6000402  54488.070   121.00   0.0000e+00   2.2942e+02   1.3809e+02   0  J  0.00  1   !  -9.99000e+02  -99.000  -99.000  -999
OBS: 6000402  54490.070   123.00   0.0000e+00   2.2200e+02   1.3362e+02   0  J  0.00  1   !  -9.99000e+02  -99.000  -99.000  -999
OBS: 6000402  54492.070   125.00   0.0000e+00   2.1481e+02   1.2930e+02   0  J  0.00  1   !  -9.99000e+02  -99.000  -99.000  -999
OBS: 6000402  54494.070   127.00   0.0000e+00   2.0786e+02   1.2511e+02   0  J  0.00  1   !  -9.99000e+02  -99.000  -99.000  -999
OBS: 6000402  54496.070   129.00   0.0000e+00   2.0113e+02   1.2106e+02   0  J  0.00  1   !  -9.99000e+02  -99.000  -99.000  -999
OBS: 6000402  54498.070   131.00   0.0000e+00   1.9462e+02   1.1714e+02   0  J  0.00  1   !  -9.99000e+02  -99.000  -99.000  -999
OBS: 6000402  54500.070   133.00   0.0000e+00   1.8832e+02   1.1335e+02   0  J  0.00  1   !  -9.99000e+02  -99.000  -99.000  -999
OBS: 6000402  54502.070   135.00   0.0000e+00   1.8223e+02   1.0968e+02   0  J  0.00  1   !  -9.99000e+02  -99.000  -99.000  -999
OBS: 6000402  54504.070   137.00   0.0000e+00   1.7633e+02   1.0613e+02   0  J  0.00  1   !  -9.99000e+02  -99.000  -99.000  -999
OBS: 6000402  54506.070   139.00   0.0000e+00   1.7062e+02   1.0270e+02   0  J  0.00  1   !  -9.99000e+02  -99.000  -99.000  -999
OBS: 6000402  54377.789    10.72   3.3638e+03   3.2719e+03   1.8296e+02   1  Y  0.48  1   Y  1.14424e+18  -0.337  -1.992  1.00000e+11
OBS: 6000402  54377.801    10.73   3.3628e+03   3.3019e+03   1.8992e+02   1  Y  0.32  1   Y  1.15486e+18  -0.337  -1.992  1.00000e+11
OBS: 6000402  54386.828    19.76   3.8361e+03   3.7249e+03   3.1781e+02   1  Y  0.31  1   Y  1.33100e+18  -0.314  -1.288  1.00000e+11
OBS: 6000402  54386.859    19.79   3.8402e+03   3.8380e+03   1.5454e+02   1  Y  0.16  1   Y  1.37174e+18  -0.313  -1.285  1.00000e+11
OBS: 6000402  54396.730    29.66   5.5752e+03   5.7477e+03   1.4872e+02   1  Y  0.04  1   Y  2.27914e+18  -0.201  -1.067  1.00000e+11
OBS: 6000402  54396.762    29.69   5.5800e+03   5.6757e+03   1.7370e+02   1  Y  0.02  1   Y  2.25153e+18  -0.200  -1.068  1.00000e+11
OBS: 6000402  54399.781    32.71   6.0157e+03   5.6915e+03   1.7153e+02   1  Y  3.56  1   Y  2.35625e+18  -0.154  -1.126  1.00000e+11
OBS: 6000402  54399.809    32.74   6.0182e+03   5.8794e+03   1.9224e+02   1  Y  1.13  1   Y  2.43524e+18  -0.153  -1.127  1.00000e+11
OBS: 6000402  54308.070   -59.00   0.0000e+00   0.0000e+00   0.0000e+00   0  Y  0.00  1   !  -9.99000e+02  -99.000  -99.000  -999
OBS: 6000402  54310.070   -57.00   0.0000e+00   0.0000e+00   0.0000e+00   0  Y  0.00  1   !  -9.99000e+02  -99.000  -99.000  -999
OBS: 6000402  54312.070   -55.00   0.0000e+00   0.0000e+00   0.0000e+00   0  Y  0.00  1   !  -9.99000e+02  -99.000  -99.000  -999
OBS: 6000402  54314.070   -53.00   0.0000e+00   0.0000e+00   0.0000e+00   0  Y  0.00  1   !  -9.99000e+02  -99.000  -99.000  -999
OBS: 6000402  54316.070   -51.00   0.0000e+00   0.0000e+00   0.0000e+00   0  Y  0.00  1   !  -9.99000e+02  -99.000  -99.000  -999
OBS: 6000402  54318.070   -49.00   0.0000e+00   0.0000e+00   0.0000e+00   0  Y  0.00  1   !  -9.99000e+02  -99.000  -99.000  -999
OBS: 6000402  54320.070   -47.00   0.0000e+00   0.0000e+00   0.0000e+00   0  Y  0.00  1   !  -9.99000e+02  -99.000  -99.000  -999
OBS: 6000402  54322.070   -45.00   0.0000e+00   0.0000e+00   0.0000e+00   0  Y  0.00  1   !  -9.99000e+02  -99.000  -99.000  -999
OBS: 6000402  54324.070   -43.00   0.0000e+00   0.0000e+00   0.0000e+00   0  Y  0.00  1   !  -9.99000e+02  -99.000  -99.000  -999
OBS: 6000402  54326.070   -41.00   0.0000e+00   0.0000e+00   0.0000e+00   0  Y  0.00  1   !  -9.99000e+02  -99.000  -99.000  -999
OBS: 6000402  54328.070   -39.00   0.0000e+00   0.0000e+00   0.0000e+00   0  Y  0.00  1   !  -9.99000e+02  -99.000  -99.000  -999
OBS: 6000402  54330.070   -37.00   0.0000e+00   0.0000e+00   0.0000e+00   0  Y  0.00  1   !  -9.99000e+02  -99.000  -99.000  -999
OBS: 6000402  54332.070   -35.00   0.0000e+00   0.0000e+00   0.0000e+00   0  Y  0.00  1   !  -9.99000e+02  -99.000  -99.000  -999
OBS: 6000402  54334.070   -33.00   0.0000e+00   0.0000e+00   0.0000e+00   0  Y  0.00  1   !  -9.99000e+02  -99.000  -99.000  -999
OBS: 6000402  54336.070   -31.00   0.0000e+00   0.0000e+00   0.0000e+00   0  Y  0.00  1   !  -9.99000e+02  -99.000  -99.000  -999
OBS: 6000402  54338.070   -29.00   0.0000e+00   0.0000e+00   0.0000e+00   0  Y  0.00  1   !  -9.99000e+02  -99.000  -99.000  -999
OBS: 6000402  54340.070   -27.00   0.0000e+00   0.0000e+00   0.0000e+00   0  Y  0.00  1   !  -9.99000e+02  -99.000  -99.000  -999
OBS: 6000402  54342.070   -25.00   0.0000e+00   0.0000e+00   0.0000e+00   0  Y  0.00  1   !  -9.99000e+02  -99.000  -99.000  -999
OBS: 6000402  54344.070   -23.00   0.0000e+00   0.0000e+00   0.0000e+00   0  Y  0.00  1   !  -9.99000e+02  -99.000  -99.000  -999
OBS: 6000402  54346.070   -21.00   0.0000e+00   0.0000e+00   0.0000e+00   0  Y  0.00  1   !  -9.99000e+02  -99.000  -99.000  -999
OBS: 6000402  54348.070   -19.00   0.0000e+00   1.4756e+03   8.8819e+02   0  Y  0.00  1   !  -9.99000e+02  -99.000  -99.000  -999
OBS: 6000402  54350.070   -17.00   0.0000e+00   1.4589e+03   8.7815e+02   0  Y  0.00  1   !  -9.99000e+02  -99.000  -99.000  -999
OBS: 6000402  54352.070   -15.00   0.0000e+00   1.8213e+03   5.9273e+02   0  Y  0.00  1   !  -9.99000e+02  -99.000  -99.000  -999
OBS: 6000402  54354.070   -13.00   0.0000e+00   2.9104e+03   2.2268e+02   0  Y  0.00  1   !  -9.99000e+02  -99.000  -99.000  -999
OBS: 6000402  54356.070   -11.00   0.0000e+00   4.0288e+03   1.5622e+02   0  Y  0.00  1   !  -9.99000e+02  -99.000  -99.000  -999
OBS: 6000402  54358.070    -9.00   0.0000e+00   5.0584e+03   1.3365e+02   0  Y  0.00  1   !  -9.99000e+02  -99.000  -99.000  -999
OBS: 6000402  54360.070    -7.00   0.0000e+00   5.9637e+03   1.4112e+02   0  Y  0.00  1   !  -9.99000e+02  -99.000  -99.000  -999
OBS: 6000402  54362.070    -5.00   0.0000e+00   6.4252e+03   1.6403e+02   0  Y  0.00  1   !  -9.99000e+02  -99.000  -99.000  -999
OBS: 6000402  54364.070    -3.00   0.0000e+00   6.4467e+03   1.6717e+02   0  Y  0.00  1   !  -9.99000e+02  -99.000  -99.000  -999
OBS: 6000402  54366.070    -1.00   0.0000e+00   5.9011e+03   1.4483e+02   0  Y  0.00  1   !  -9.99000e+02  -99.000  -99.000  -999
OBS: 6000402  54368.070     1.00   0.0000e+00   5.2652e+03   1.5034e+02   0  Y  0.00  1   !  -9.99000e+02  -99.000  -99.000  -999
OBS: 6000402  54370.070     3.00   0.0000e+00   4.8164e+03   1.8068e+02   0  Y  0.00  1   !  -9.99000e+02  -99.000  -99.000  -999
OBS: 6000402  54372.070     5.00   0.0000e+00   4.3436e+03   1.8025e+02   0  Y  0.00  1   !  -9.99000e+02  -99.000  -99.000  -999
OBS: 6000402  54374.070     7.00   0.0000e+00   3.9076e+03   1.6244e+02   0  Y  0.00  1   !  -9.99000e+02  -99.000  -99.000  -999
OBS: 6000402  54376.070     9.00   0.0000e+00   3.6235e+03   1.6404e+02   0  Y  0.00  1   !  -9.99000e+02  -99.000  -99.000  -999
OBS: 6000402  54378.070    11.00   0.0000e+00   3.4224e+03   1.8329e+02   0  Y  0.00  1   !  -9.99000e+02  -99.000  -99.000  -999
OBS: 6000402  54380.070    13.00   0.0000e+00   3.3378e+03   1.8759e+02   0  Y  0.00  1   !  -9.99000e+02  -99.000  -99.000  -999
OBS: 6000402  54382.070    15.00   0.0000e+00   3.4107e+03   1.8242e+02   0  Y  0.00  1   !  -9.99000e+02  -99.000  -99.000  -999
OBS: 6000402  54384.070    17.00   0.0000e+00   3.5979e+03   1.7253e+02   0  Y  0.00  1   !  -9.99000e+02  -99.000  -99.000  -999
OBS: 6000402  54386.070    19.00   0.0000e+00   3.8222e+03   1.7106e+02   0  Y  0.00  1   !  -9.99000e+02  -99.000  -99.000  -999
OBS: 6000402  54388.070    21.00   0.0000e+00   4.0843e+03   1.5559e+02   0  Y  0.00  1   !  -9.99000e+02  -99.000  -99.000  -999
OBS: 6000402  54390.070    23.00   0.0000e+00   4.2978e+03   1.3197e+02   0  Y  0.00  1   !  -9.99000e+02  -99.000  -99.000  -999
OBS: 6000402  54392.070    25.00   0.0000e+00   4.6575e+03   1.3765e+02   0  Y  0.00  1   !  -9.99000e+02  -99.000  -99.000  -999
OBS: 6000402  54394.070    27.00   0.0000e+00   5.1730e+03   1.5729e+02   0  Y  0.00  1   !  -9.99000e+02  -99.000  -99.000  -999
OBS: 6000402  54396.070    29.00   0.0000e+00   5.5957e+03   1.6381e+02   0  Y  0.00  1   !  -9.99000e+02  -99.000  -99.000  -999
OBS: 6000402  54398.070    31.00   0.0000e+00   5.9164e+03   1.6215e+02   0  Y  0.00  1   !  -9.99000e+02  -99.000  -99.000  -999
OBS: 6000402  54400.070    33.00   0.0000e+00   6.1758e+03   1.7664e+02   0  Y  0.00  1   !  -9.99000e+02  -99.000  -99.000  -999
OBS: 6000402  54402.070    35.00   0.0000e+00   6.2644e+03   2.0206e+02   0  Y  0.00  1   !  -9.99000e+02  -99.000  -99.000  -999
OBS: 6000402  54404.070    37.00   0.0000e+00   6.2218e+03   2.1447e+02   0  Y  0.00  1   !  -9.99000e+02  -99.000  -99.000  -999
OBS: 6000402  54406.070    39.00   0.0000e+00   6.2249e+03   2.0974e+02   0  Y  0.00  1   !  -9.99000e+02  -99.000  -99.000  -999
OBS: 6000402  54408.070    41.00   0.0000e+00   6.1169e+03   2.0788e+02   0  Y  0.00  1   !  -9.99000e+02  -99.000  -99.000  -999
OBS: 6000402  54410.070    43.00   0.0000e+00   5.8526e+03   2.2862e+02   0  Y  0.00  1   !  -9.99000e+02  -99.000  -99.000  -999
OBS: 6000402  54412.070    45.00   0.0000e+00   5.4585e+03   2.3100e+02   0  Y  0.00  1   !  -9.99000e+02  -99.000  -99.000  -999
OBS: 6000402  54414.070    47.00   0.0000e+00   4.9999e+03   1.9760e+02   0  Y  0.00  1   !  -9.99000e+02  -99.000  -99.000  -999
OBS: 6000402  54416.070    49.00   0.0000e+00   4.5277e+03   1.5608e+02   0  Y  0.00  1   !  -9.99000e+02  -99.000  -99.000  -999
OBS: 6000402  54418.070    51.00   0.0000e+00   4.1408e+03   1.2529e+02   0  Y  0.00  1   !  -9.99000e+02  -99.000  -99.000  -999
OBS: 6000402  54420.070    53.00   0.0000e+00   3.8086e+03   1.4246e+03   0  Y  0.00  1   !  -9.99000e+02  -99.000  -99.000  -999
OBS: 6000402  54422.070    55.00   0.0000e+00   3.4744e+03   2.0913e+03   0  Y  0.00  1   !  -9.99000e+02  -99.000  -99.000  -999
OBS: 6000402  54424.070    57.00   0.0000e+00   3.1968e+03   1.9242e+03   0  Y  0.00  1   !  -9.99000e+02  -99.000  -99.000  -999
OBS: 6000402  54426.070    59.00   0.0000e+00   2.9279e+03   1.7623e+03   0  Y  0.00  1   !  -9.99000e+02  -99.000  -99.000  -999
OBS: 6000402  54428.070    61.00   0.0000e+00   2.6549e+03   1.5980e+03   0  Y  0.00  1   !  -9.99000e+02  -99.000  -99.000  -999
OBS: 6000402  54430.070    63.00   0.0000e+00   2.4048e+03   1.4475e+03   0  Y  0.00  1   !  -9.99000e+02  -99.000  -99.000  -999
OBS: 6000402  54432.070    65.00   0.0000e+00   1.9757e+03   1.1892e+03   0  Y  0.00  1   !  -9.99000e+02  -99.000  -99.000  -999
OBS: 6000402  54434.070    67.00   0.0000e+00   1.6376e+03   9.8571e+02   0  Y  0.00  1   !  -9.99000e+02  -99.000  -99.000  -999
OBS: 6000402  54436.070    69.00   0.0000e+00   1.3874e+03   8.3509e+02   0  Y  0.00  1   !  -9.99000e+02  -99.000  -99.000  -999
OBS: 6000402  54438.070    71.00   0.0000e+00   1.2018e+03   7.2337e+02   0  Y  0.00  1   !  -9.99000e+02  -99.000  -99.000  -999
OBS: 6000402  54440.070    73.00   0.0000e+00   1.0641e+03   6.4052e+02   0  Y  0.00  1   !  -9.99000e+02  -99.000  -99.000  -999
OBS: 6000402  54442.070    75.00   0.0000e+00   9.5534e+02   5.7503e+02   0  Y  0.00  1   !  -9.99000e+02  -99.000  -99.000  -999
OBS: 6000402  54444.070    77.00   0.0000e+00   8.6670e+02   5.2168e+02   0  Y  0.00  1   !  -9.99000e+02  -99.000  -99.000  -999
OBS: 6000402  54446.070    79.00   0.0000e+00   7.7052e+02   4.6378e+02   0  Y  0.00  1   !  -9.99000e+02  -99.000  -99.000  -999
OBS: 6000402  54448.070    81.00   0.0000e+00   6.7652e+02   4.0721e+02   0  Y  0.00  1   !  -9.99000e+02  -99.000  -99.000  -999
OBS: 6000402  54450.070    83.00   0.0000e+00   5.9497e+02   3.5812e+02   0  Y  0.00  1   !  -9.99000e+02  -99.000  -99.000  -999
OBS: 6000402  54452.070    85.00   0.0000e+00   5.2417e+02   3.1550e+02   0  Y  0.00  1   !  -9.99000e+02  -99.000  -99.000  -999
OBS: 6000402  54454.070    87.00   0.0000e+00   4.6306e+02   2.7872e+02   0  Y  0.00  1   !  -9.99000e+02  -99.000  -99.000  -999
OBS: 6000402  54456.070    89.00   0.0000e+00   4.1056e+02   2.4712e+02   0  Y  0.00  1   !  -9.99000e+02  -99.000  -99.000  -999
OBS: 6000402  54458.070    91.00   0.0000e+00   3.5873e+02   2.1593e+02   0  Y  0.00  1   !  -9.99000e+02  -99.000  -99.000  -999
OBS: 6000402  54460.070    93.00   0.0000e+00   3.1281e+02   1.8829e+02   0  Y  0.00  1   !  -9.99000e+02  -99.000  -99.000  -999
OBS: 6000402  54462.070    95.00   0.0000e+00   2.7276e+02   1.6418e+02   0  Y  0.00  1   !  -9.99000e+02  -99.000  -99.000  -999
OBS: 6000402  54464.070    97.00   0.0000e+00   2.3784e+02   1.4316e+02   0  Y  0.00  1   !  -9.99000e+02  -99.000  -99.000  -999
OBS: 6000402  54466.070    99.00   0.0000e+00   2.0739e+02   1.2483e+02   0  Y  0.00  1   !  -9.99000e+02  -99.000  -99.000  -999
OBS: 6000402  54468.070   101.00   0.0000e+00   1.8084e+02   1.0885e+02   0  Y  0.00  1   !  -9.99000e+02  -99.000  -99.000  -999
OBS: 6000402  54470.070   103.00   0.0000e+00   1.5770e+02   9.4919e+01   0  Y  0.00  1   !  -9.99000e+02  -99.000  -99.000  -999
OBS: 6000402  54472.070   105.00   0.0000e+00   1.3751e+02   8.2768e+01   0  Y  0.00  1   !  -9.99000e+02  -99.000  -99.000  -999
OBS: 6000402  54474.070   107.00   0.0000e+00   1.1990e+02   7.2170e+01   0  Y  0.00  1   !  -9.99000e+02  -99.000  -99.000  -999
OBS: 6000402  54476.070   109.00   0.0000e+00   1.0455e+02   6.2929e+01   0  Y  0.00  1   !  -9.99000e+02  -99.000  -99.000  -999
OBS: 6000402  54478.070   111.00   0.0000e+00   9.1160e+01   5.4870e+01   0  Y  0.00  1   !  -9.99000e+02  -99.000  -99.000  -999
OBS: 6000402  54480.070   113.00   0.0000e+00   7.9485e+01   4.7843e+01   0  Y  0.00  1   !  -9.99000e+02  -99.000  -99.000  -999
OBS: 6000402  54482.070   115.00   0.0000e+00   6.9305e+01   4.1715e+01   0  Y  0.00  1   !  -9.99000e+02  -99.000  -99.000  -999
OBS: 6000402  54484.070   117.00   0.0000e+00   6.0428e+01   3.6372e+01   0  Y  0.00  1   !  -9.99000e+02  -99.000  -99.000  -999
OBS: 6000402  54486.070   119.00   0.0000e+00   5.2687e+01   3.1713e+01   0  Y  0.00  1   !  -9.99000e+02  -99.000  -99.000  -999
OBS: 6000402  54488.070   121.00   0.0000e+00   4.5938e+01   2.7650e+01   0  Y  0.00  1   !  -9.99000e+02  -99.000  -99.000  -999
OBS: 6000402  54490.070   123.00   0.0000e+00   4.0053e+01   2.4108e+01   0  Y  0.00  1   !  -9.99000e+02  -99.000  -99.000  -999
OBS: 6000402  54492.070   125.00   0.0000e+00   3.4921e+01   2.1019e+01   0  Y  0.00  1   !  -9.99000e+02  -99.000  -99.000  -999
OBS: 6000402  54494.070   127.00   0.0000e+00   3.0447e+01   1.8327e+01   0  Y  0.00  1   !  -9.99000e+02  -99.000  -99.000  -999
OBS: 6000402  54496.070   129.00   0.0000e+00   2.6549e+01   1.5980e+01   0  Y  0.00  1   !  -9.99000e+02  -99.000  -99.000  -999
OBS: 6000402  54498.070   131.00   0.0000e+00   2.3151e+01   1.3935e+01   0  Y  0.00  1   !  -9.99000e+02  -99.000  -99.000  -999
OBS: 6000402  54500.070   133.00   0.0000e+00   2.0186e+01   1.2150e+01   0  Y  0.00  1   !  -9.99000e+02  -99.000  -99.000  -999
OBS: 6000402  54502.070   135.00   0.0000e+00   1.7600e+01   1.0593e+01   0  Y  0.00  1   !  -9.99000e+02  -99.000  -99.000  -999
OBS: 6000402  54504.070   137.00   0.0000e+00   1.5344e+01   9.2358e+00   0  Y  0.00  1   !  -9.99000e+02  -99.000  -99.000  -999
OBS: 6000402  54506.070   139.00   0.0000e+00   1.3378e+01   8.0522e+00   0  Y  0.00  1   !  -9.99000e+02  -99.000  -99.000  -999
OBS: 6000402  54363.840    -3.23   6.1899e+03   6.0725e+03   1.5172e+02   1  y  1.34  1   Y  2.40416e+18  -0.202  -1.145  1.00000e+11
OBS: 6000402  54363.840    -3.23   6.1899e+03   6.3956e+03   2.1775e+02   1  y  0.05  1   Y  2.53209e+18  -0.202  -1.145  1.00000e+11
OBS: 6000402  54365.898    -1.17   5.6965e+03   5.5982e+03   9.2294e+01   1  y  1.95  1   Y  2.24881e+18  -0.187  -1.327  1.00000e+11
OBS: 6000402  54422.801    55.73   3.4175e+03   3.4473e+03   8.1540e+01  -1  y  0.00  1   !  -9.99000e+02  -99.000  -99.000  -999
OBS: 6000402  54422.828    55.76   3.4135e+03   3.3141e+03   8.9223e+01  -1  y  0.01  1   !  -9.99000e+02  -99.000  -99.000  -999
OBS: 6000402  54425.711    58.64   3.0129e+03   3.0714e+03   6.6552e+01  -1  y  0.00  1   !  -9.99000e+02  -99.000  -99.000  -999
OBS: 6000402  54425.719    58.65   3.0115e+03   2.9996e+03   7.3529e+01  -1  y  0.00  1   !  -9.99000e+02  -99.000  -99.000  -999
OBS: 6000402  54308.070   -59.00   0.0000e+00   0.0000e+00   0.0000e+00   0  y  0.00  1   !  -9.99000e+02  -99.000  -99.000  -999
OBS: 6000402  54310.070   -57.00   0.0000e+00   0.0000e+00   0.0000e+00   0  y  0.00  1   !  -9.99000e+02  -99.000  -99.000  -999
OBS: 6000402  54312.070   -55.00   0.0000e+00   0.0000e+00   0.0000e+00   0  y  0.00  1   !  -9.99000e+02  -99.000  -99.000  -999
OBS: 6000402  54314.070   -53.00   0.0000e+00   0.0000e+00   0.0000e+00   0  y  0.00  1   !  -9.99000e+02  -99.000  -99.000  -999
OBS: 6000402  54316.070   -51.00   0.0000e+00   0.0000e+00   0.0000e+00   0  y  0.00  1   !  -9.99000e+02  -99.000  -99.000  -999
OBS: 6000402  54318.070   -49.00   0.0000e+00   0.0000e+00   0.0000e+00   0  y  0.00  1   !  -9.99000e+02  -99.000  -99.000  -999
OBS: 6000402  54320.070   -47.00   0.0000e+00   0.0000e+00   0.0000e+00   0  y  0.00  1   !  -9.99000e+02  -99.000  -99.000  -999
OBS: 6000402  54322.070   -45.00   0.0000e+00   0.0000e+00   0.0000e+00   0  y  0.00  1   !  -9.99000e+02  -99.000  -99.000  -999
OBS: 6000402  54324.070   -43.00   0.0000e+00   0.0000e+00   0.0000e+00   0  y  0.00  1   !  -9.99000e+02  -99.000  -99.000  -999
OBS: 6000402  54326.070   -41.00   0.0000e+00   0.0000e+00   0.0000e+00   0  y  0.00  1   !  -9.99000e+02  -99.000  -99.000  -999
OBS: 6000402  54328.070   -39.00   0.0000e+00   0.0000e+00   0.0000e+00   0  y  0.00  1   !  -9.99000e+02  -99.000  -99.000  -999
OBS: 6000402  54330.070   -37.00   0.0000e+00   0.0000e+00   0.0000e+00   0  y  0.00  1   !  -9.99000e+02  -99.000  -99.000  -999
OBS: 6000402  54332.070   -35.00   0.0000e+00   0.0000e+00   0.0000e+00   0  y  0.00  1   !  -9.99000e+02  -99.000  -99.000  -999
OBS: 6000402  54334.070   -33.00   0.0000e+00   0.0000e+00   0.0000e+00   0  y  0.00  1   !  -9.99000e+02  -99.000  -99.000  -999
OBS: 6000402  54336.070   -31.00   0.0000e+00   0.0000e+00   0.0000e+00   0  y  0.00  1   !  -9.99000e+02  -99.000  -99.000  -999
OBS: 6000402  54338.070   -29.00   0.0000e+00   0.0000e+00   0.0000e+00   0  y  0.00  1   !  -9.99000e+02  -99.000  -99.000  -999
OBS: 6000402  54340.070   -27.00   0.0000e+00   0.0000e+00   0.0000e+00   0  y  0.00  1   !  -9.99000e+02  -99.000  -99.000  -999
OBS: 6000402  54342.070   -25.00   0.0000e+00   0.0000e+00   0.0000e+00   0  y  0.00  1   !  -9.99000e+02  -99.000  -99.000  -999
OBS: 6000402  54344.070   -23.00   0.0000e+00   0.0000e+00   0.0000e+00   0  y  0.00  1   !  -9.99000e+02  -99.000  -99.000  -999
OBS: 6000402  54346.070   -21.00   0.0000e+00   0.0000e+00   0.0000e+00   0  y  0.00  1   !  -9.99000e+02  -99.000  -99.000  -999
OBS: 6000402  54348.070   -19.00   0.0000e+00   1.4786e+03   8.9000e+02   0  y  0.00  1   !  -9.99000e+02  -99.000  -99.000  -999
OBS: 6000402  54350.070   -17.00   0.0000e+00   1.4612e+03   8.7952e+02   0  y  0.00  1   !  -9.99000e+02  -99.000  -99.000  -999
OBS: 6000402  54352.070   -15.00   0.0000e+00   1.8160e+03   5.9103e+02   0  y  0.00  1   !  -9.99000e+02  -99.000  -99.000  -999
OBS: 6000402  54354.070   -13.00   0.0000e+00   2.8865e+03   2.2085e+02   0  y  0.00  1   !  -9.99000e+02  -99.000  -99.000  -999
OBS: 6000402  54356.070   -11.00   0.0000e+00   3.9996e+03   1.5508e+02   0  y  0.00  1   !  -9.99000e+02  -99.000  -99.000  -999
OBS: 6000402  54358.070    -9.00   0.0000e+00   5.0329e+03   1.3297e+02   0  y  0.00  1   !  -9.99000e+02  -99.000  -99.000  -999
OBS: 6000402  54360.070    -7.00   0.0000e+00   5.8977e+03   1.3955e+02   0  y  0.00  1   !  -9.99000e+02  -99.000  -99.000  -999
OBS: 6000402  54362.070    -5.00   0.0000e+00   6.3075e+03   1.6102e+02   0  y  0.00  1   !  -9.99000e+02  -99.000  -99.000  -999
OBS: 6000402  54364.070    -3.00   0.0000e+00   6.3010e+03   1.6340e+02   0  y  0.00  1   !  -9.99000e+02  -99.000  -99.000  -999
OBS: 6000402  54366.070    -1.00   0.0000e+00   5.7814e+03   1.4189e+02   0  y  0.00  1   !  -9.99000e+02  -99.000  -99.000  -999
OBS: 6000402  54368.070     1.00   0.0000e+00   5.1552e+03   1.4720e+02   0  y  0.00  1   !  -9.99000e+02  -99.000  -99.000  -999
OBS: 6000402  54370.070     3.00   0.0000e+00   4.6750e+03   1.7537e+02   0  y  0.00  1   !  -9.99000e+02  -99.000  -99.000  -999
OBS: 6000402  54372.070     5.00   0.0000e+00   4.1977e+03   1.7419e+02   0  y  0.00  1   !  -9.99000e+02  -99.000  -99.000  -999
OBS: 6000402  54374.070     7.00   0.0000e+00   3.7829e+03   1.5725e+02   0  y  0.00  1   !  -9.99000e+02  -99.000  -99.000  -999
OBS: 6000402  54376.070     9.00   0.0000e+00   3.5100e+03   1.5891e+02   0  y  0.00  1   !  -9.99000e+02  -99.000  -99.000  -999
OBS: 6000402  54378.070    11.00   0.0000e+00   3.3203e+03   1.7782e+02   0  y  0.00  1   !  -9.99000e+02  -99.000  -99.000  -999
OBS: 6000402  54380.070    13.00   0.0000e+00   3.2464e+03   1.8245e+02   0  y  0.00  1   !  -9.99000e+02  -99.000  -99.000  -999
OBS: 6000402  54382.070    15.00   0.0000e+00   3.3129e+03   1.7719e+02   0  y  0.00  1   !  -9.99000e+02  -99.000  -99.000  -999
OBS: 6000402  54384.070    17.00   0.0000e+00   3.4914e+03   1.6742e+02   0  y  0.00  1   !  -9.99000e+02  -99.000  -99.000  -999
OBS: 6000402  54386.070    19.00   0.0000e+00   3.7182e+03   1.6641e+02   0  y  0.00  1   !  -9.99000e+02  -99.000  -99.000  -999
OBS: 6000402  54388.070    21.00   0.0000e+00   3.9956e+03   1.5221e+02   0  y  0.00  1   !  -9.99000e+02  -99.000  -99.000  -999
OBS: 6000402  54390.070    23.00   0.0000e+00   4.2563e+03   1.3069e+02   0  y  0.00  1   !  -9.99000e+02  -99.000  -99.000  -999
OBS: 6000402  54392.070    25.00   0.0000e+00   4.6386e+03   1.3710e+02   0  y  0.00  1   !  -9.99000e+02  -99.000  -99.000  -999
OBS: 6000402  54394.070    27.00   0.0000e+00   5.1460e+03   1.5647e+02   0  y  0.00  1   !  -9.99000e+02  -99.000  -99.000  -999
OBS: 6000402  54396.070    29.00   0.0000e+00   5.5959e+03   1.6381e+02   0  y  0.00  1   !  -9.99000e+02  -99.000  -99.000  -999
OBS: 6000402  54398.070    31.00   0.0000e+00   5.9837e+03   1.6399e+02   0  y  0.00  1   !  -9.99000e+02  -99.000  -99.000  -999
OBS: 6000402  54400.070    33.00   0.0000e+00   6.3045e+03   1.8033e+02   0  y  0.00  1   !  -9.99000e+02  -99.000  -99.000  -999
OBS: 6000402  54402.070    35.00   0.0000e+00   6.4336e+03   2.0752e+02   0  y  0.00  1   !  -9.99000e+02  -99.000  -99.000  -999
OBS: 6000402  54404.070    37.00   0.0000e+00   6.4267e+03   2.2153e+02   0  y  0.00  1   !  -9.99000e+02  -99.000  -99.000  -999
OBS: 6000402  54406.070    39.00   0.0000e+00   6.4478e+03   2.1725e+02   0  y  0.00  1   !  -9.99000e+02  -99.000  -99.000  -999
OBS: 6000402  54408.070    41.00   0.0000e+00   6.3531e+03   2.1590e+02   0  y  0.00  1   !  -9.99000e+02  -99.000  -99.000  -999
OBS: 6000402  54410.070    43.00   0.0000e+00   6.0862e+03   2.3775e+02   0  y  0.00  1   !  -9.99000e+02  -99.000  -99.000  -999
OBS: 6000402  54412.070    45.00   0.0000e+00   5.6789e+03   2.4033e+02   0  y  0.00  1   !  -9.99000e+02  -99.000  -99.000  -999
OBS: 6000402  54414.070    47.00   0.0000e+00   5.2008e+03   2.0555e+02   0  y  0.00  1   !  -9.99000e+02  -99.000  -99.000  -999
OBS: 6000402  54416.070    49.00   0.0000e+00   4.7111e+03   1.6241e+02   0  y  0.00  1   !  -9.99000e+02  -99.000  -99.000  -999
OBS: 6000402  54418.070    51.00   0.0000e+00   4.3095e+03   1.3039e+02   0  y  0.00  1   !  -9.99000e+02  -99.000  -99.000  -999
OBS: 6000402  54420.070    53.00   0.0000e+00   3.9660e+03   1.4835e+03   0  y  0.00  1   !  -9.99000e+02  -99.000  -99.000  -999
OBS: 6000402  54422.070    55.00   0.0000e+00   3.6195e+03   2.1786e+03   0  y  0.00  1   !  -9.99000e+02  -99.000  -99.000  -999
OBS: 6000402  54424.070    57.00   0.0000e+00   3.3206e+03   1.9987e+03   0  y  0.00  1   !  -9.99000e+02  -99.000  -99.000  -999
OBS: 6000402  54426.070    59.00   0.0000e+00   3.0272e+03   1.8221e+03   0  y  0.00  1   !  -9.99000e+02  -99.000  -99.000  -999
OBS: 6000402  54428.070    61.00   0.0000e+00   2.7312e+03   1.6439e+03   0  y  0.00  1   !  -9.99000e+02  -99.000  -99.000  -999
OBS: 6000402  54430.070    63.00   0.0000e+00   2.4612e+03   1.4814e+03   0  y  0.00  1   !  -9.99000e+02  -99.000  -99.000  -999
OBS: 6000402  54432.070    65.00   0.0000e+00   2.0137e+03   1.2121e+03   0  y  0.00  1   !  -9.99000e+02  -99.000  -99.000  -999
OBS: 6000402  54434.070    67.00   0.0000e+00   1.6658e+03   1.0026e+03   0  y  0.00  1   !  -9.99000e+02  -99.000  -99.000  -999
OBS: 6000402  54436.070    69.00   0.0000e+00   1.4086e+03   8.4787e+02   0  y  0.00  1   !  -9.99000e+02  -99.000  -99.000  -999
OBS: 6000402  54438.070    71.00   0.0000e+00   1.2179e+03   7.3305e+02   0  y  0.00  1   !  -9.99000e+02  -99.000  -99.000  -999
OBS: 6000402  54440.070    73.00   0.0000e+00   1.0760e+03   6.4767e+02   0  y  0.00  1   !  -9.99000e+02  -99.000  -99.000  -999
OBS: 6000402  54442.070    75.00   0.0000e+00   9.6325e+02   5.7979e+02   0  y  0.00  1   !  -9.99000e+02  -99.000  -99.000  -999
OBS: 6000402  54444.070    77.00   0.0000e+00   8.7060e+02   5.2403e+02   0  y  0.00  1   !  -9.99000e+02  -99.000  -99.000  -999
OBS: 6000402  54446.070    79.00   0.0000e+00   7.7250e+02   4.6498e+02   0  y  0.00  1   !  -9.99000e+02  -99.000  -99.000  -999
OBS: 6000402  54448.070    81.00   0.0000e+00   6.7768e+02   4.0790e+02   0  y  0.00  1   !  -9.99000e+02  -99.000  -99.000  -999
OBS: 6000402  54450.070    83.00   0.0000e+00   5.9534e+02   3.5834e+02   0  y  0.00  1   !  -9.99000e+02  -99.000  -99.000  -999
OBS: 6000402  54452.070    85.00   0.0000e+00   5.2382e+02   3.1529e+02   0  y  0.00  1   !  -9.99000e+02  -99.000  -99.000  -999
OBS: 6000402  54454.070    87.00   0.0000e+00   4.6198e+02   2.7807e+02   0  y  0.00  1   !  -9.99000e+02  -99.000  -99.000  -999
OBS: 6000402  54456.070    89.00   0.0000e+00   4.0874e+02   2.4602e+02   0  y  0.00  1   !  -9.99000e+02  -99.000  -99.000  -999
OBS: 6000402  54458.070    91.00   0.0000e+00   3.5716e+02   2.1498e+02   0  y  0.00  1   !  -9.99000e+02  -99.000  -99.000  -999
OBS: 6000402  54460.070    93.00   0.0000e+00   3.1155e+02   1.8753e+02   0  y  0.00  1   !  -9.99000e+02  -99.000  -99.000  -999
OBS: 6000402  54462.070    95.00   0.0000e+00   2.7176e+02   1.6358e+02   0  y  0.00  1   !  -9.99000e+02  -99.000  -99.000  -999
OBS: 6000402  54464.070    97.00   0.0000e+00   2.3705e+02   1.4268e+02   0  y  0.00  1   !  -9.99000e+02  -99.000  -99.000  -999
OBS: 6000402  54466.070    99.00   0.0000e+00   2.0678e+02   1.2446e+02   0  y  0.00  1   !  -9.99000e+02  -99.000  -99.000  -999
OBS: 6000402  54468.070   101.00   0.0000e+00   1.8037e+02   1.0857e+02   0  y  0.00  1   !  -9.99000e+02  -99.000  -99.000  -999
OBS: 6000402  54470.070   103.00   0.0000e+00   1.5734e+02   9.4704e+01   0  y  0.00  1   !  -9.99000e+02  -99.000  -99.000  -999
OBS: 6000402  54472.070   105.00   0.0000e+00   1.3725e+02   8.2609e+01   0  y  0.00  1   !  -9.99000e+02  -99.000  -99.000  -999
OBS: 6000402  54474.070   107.00   0.0000e+00   1.1971e+02   7.2057e+01   0  y  0.00  1   !  -9.99000e+02  -99.000  -99.000  -999
OBS: 6000402  54476.070   109.00   0.0000e+00   1.0442e+02   6.2853e+01   0  y  0.00  1   !  -9.99000e+02  -99.000  -99.000  -999
OBS: 6000402  54478.070   111.00   0.0000e+00   9.1082e+01   5.4824e+01   0  y  0.00  1   !  -9.99000e+02  -99.000  -99.000  -999
OBS: 6000402  54480.070   113.00   0.0000e+00   7.9446e+01   4.7820e+01   0  y  0.00  1   !  -9.99000e+02  -99.000  -99.000  -999
OBS: 6000402  54482.070   115.00   0.0000e+00   6.9296e+01   4.1710e+01   0  y  0.00  1   !  -9.99000e+02  -99.000  -99.000  -999
OBS: 6000402  54484.070   117.00   0.0000e+00   6.0443e+01   3.6381e+01   0  y  0.00  1   !  -9.99000e+02  -99.000  -99.000  -999
OBS: 6000402  54486.070   119.00   0.0000e+00   5.2720e+01   3.1733e+01   0  y  0.00  1   !  -9.99000e+02  -99.000  -99.000  -999
OBS: 6000402  54488.070   121.00   0.0000e+00   4.5983e+01   2.7678e+01   0  y  0.00  1   !  -9.99000e+02  -99.000  -99.000  -999
OBS: 6000402  54490.070   123.00   0.0000e+00   4.0107e+01   2.4141e+01   0  y  0.00  1   !  -9.99000e+02  -99.000  -99.000  -999
OBS: 6000402  54492.070   125.00   0.0000e+00   3.4982e+01   2.1056e+01   0  y  0.00  1   !  -9.99000e+02  -99.000  -99.000  -999
OBS: 6000402  54494.070   127.00   0.0000e+00   3.0512e+01   1.8365e+01   0  y  0.00  1   !  -9.99000e+02  -99.000  -99.000  -999
OBS: 6000402  54496.070   129.00   0.0000e+00   2.6615e+01   1.6020e+01   0  y  0.00  1   !  -9.99000e+02  -99.000  -99.000  -999
OBS: 6000402  54498.070   131.00   0.0000e+00   2.3216e+01   1.3974e+01   0  y  0.00  1   !  -9.99000e+02  -99.000  -99.000  -999
OBS: 6000402  54500.070   133.00   0.0000e+00   2.0250e+01   1.2189e+01   0  y  0.00  1   !  -9.99000e+02  -99.000  -99.000  -999
OBS: 6000402  54502.070   135.00   0.0000e+00   1.7662e+01   1.0631e+01   0  y  0.00  1   !  -9.99000e+02  -99.000  -99.000  -999
OBS: 6000402  54504.070   137.00   0.0000e+00   1.5404e+01   9.2721e+00   0  y  0.00  1   !  -9.99000e+02  -99.000  -99.000  -999
OBS: 6000402  54506.070   139.00   0.0000e+00   1.3435e+01   8.0869e+00   0  y  0.00  1   !  -9.99000e+02  -99.000  -99.000  -999
OBS: 6000402  54363.840    -3.23   6.6204e+03   6.9452e+03   3.0393e+02   1  H  4.49  1   H  2.99223e+18  -0.111  -1.420  1.00000e+11
OBS: 6000402  54308.070   -59.00   0.0000e+00   0.0000e+00   0.0000e+00   0  H  0.00  1   !  -9.99000e+02  -99.000  -99.000  -999
OBS: 6000402  54310.070   -57.00   0.0000e+00   0.0000e+00   0.0000e+00   0  H  0.00  1   !  -9.99000e+02  -99.000  -99.000  -999
OBS: 6000402  54312.070   -55.00   0.0000e+00   0.0000e+00   0.0000e+00   0  H  0.00  1   !  -9.99000e+02  -99.000  -99.000  -999
OBS: 6000402  54314.070   -53.00   0.0000e+00   0.0000e+00   0.0000e+00   0  H  0.00  1   !  -9.99000e+02  -99.000  -99.000  -999
OBS: 6000402  54316.070   -51.00   0.0000e+00   0.0000e+00   0.0000e+00   0  H  0.00  1   !  -9.99000e+02  -99.000  -99.000  -999
OBS: 6000402  54318.070   -49.00   0.0000e+00   0.0000e+00   0.0000e+00   0  H  0.00  1   !  -9.99000e+02  -99.000  -99.000  -999
OBS: 6000402  54320.070   -47.00   0.0000e+00   0.0000e+00   0.0000e+00   0  H  0.00  1   !  -9.99000e+02  -99.000  -99.000  -999
OBS: 6000402  54322.070   -45.00   0.0000e+00   0.0000e+00   0.0000e+00   0  H  0.00  1   !  -9.99000e+02  -99.000  -99.000  -999
OBS: 6000402  54324.070   -43.00   0.0000e+00   0.0000e+00   0.0000e+00   0  H  0.00  1   !  -9.99000e+02  -99.000  -99.000  -999
OBS: 6000402  54326.070   -41.00   0.0000e+00   0.0000e+00   0.0000e+00   0  H  0.00  1   !  -9.99000e+02  -99.000  -99.000  -999
OBS: 6000402  54328.070   -39.00   0.0000e+00   0.0000e+00   0.0000e+00   0  H  0.00  1   !  -9.99000e+02  -99.000  -99.000  -999
OBS: 6000402  54330.070   -37.00   0.0000e+00   0.0000e+00   0.0000e+00   0  H  0.00  1   !  -9.99000e+02  -99.000  -99.000  -999
OBS: 6000402  54332.070   -35.00   0.0000e+00   0.0000e+00   0.0000e+00   0  H  0.00  1   !  -9.99000e+02  -99.000  -99.000  -999
OBS: 6000402  54334.070   -33.00   0.0000e+00   0.0000e+00   0.0000e+00   0  H  0.00  1   !  -9.99000e+02  -99.000  -99.000  -999
OBS: 6000402  54336.070   -31.00   0.0000e+00   0.0000e+00   0.0000e+00   0  H  0.00  1   !  -9.99000e+02  -99.000  -99.000  -999
OBS: 6000402  54338.070   -29.00   0.0000e+00   0.0000e+00   0.0000e+00   0  H  0.00  1   !  -9.99000e+02  -99.000  -99.000  -999
OBS: 6000402  54340.070   -27.00   0.0000e+00   0.0000e+00   0.0000e+00   0  H  0.00  1   !  -9.99000e+02  -99.000  -99.000  -999
OBS: 6000402  54342.070   -25.00   0.0000e+00   0.0000e+00   0.0000e+00   0  H  0.00  1   !  -9.99000e+02  -99.000  -99.000  -999
OBS: 6000402  54344.070   -23.00   0.0000e+00   0.0000e+00   0.0000e+00   0  H  0.00  1   !  -9.99000e+02  -99.000  -99.000  -999
OBS: 6000402  54346.070   -21.00   0.0000e+00   0.0000e+00   0.0000e+00   0  H  0.00  1   !  -9.99000e+02  -99.000  -99.000  -999
OBS: 6000402  54348.070   -19.00   0.0000e+00   1.6744e+03   1.0079e+03   0  H  0.00  1   !  -9.99000e+02  -99.000  -99.000  -999
OBS: 6000402  54350.070   -17.00   0.0000e+00   1.6568e+03   9.9725e+02   0  H  0.00  1   !  -9.99000e+02  -99.000  -99.000  -999
OBS: 6000402  54352.070   -15.00   0.0000e+00   2.0321e+03   1.2232e+03   0  H  0.00  1   !  -9.99000e+02  -99.000  -99.000  -999
OBS: 6000402  54354.070   -13.00   0.0000e+00   3.1888e+03   2.9805e+02   0  H  0.00  1   !  -9.99000e+02  -99.000  -99.000  -999
OBS: 6000402  54356.070   -11.00   0.0000e+00   4.3805e+03   2.2072e+02   0  H  0.00  1   !  -9.99000e+02  -99.000  -99.000  -999
OBS: 6000402  54358.070    -9.00   0.0000e+00   5.3389e+03   1.8528e+02   0  H  0.00  1   !  -9.99000e+02  -99.000  -99.000  -999
OBS: 6000402  54360.070    -7.00   0.0000e+00   6.0130e+03   1.6751e+02   0  H  0.00  1   !  -9.99000e+02  -99.000  -99.000  -999
OBS: 6000402  54362.070    -5.00   0.0000e+00   6.2774e+03   1.8679e+02   0  H  0.00  1   !  -9.99000e+02  -99.000  -99.000  -999
OBS: 6000402  54364.070    -3.00   0.0000e+00   6.1455e+03   1.8972e+02   0  H  0.00  1   !  -9.99000e+02  -99.000  -99.000  -999
OBS: 6000402  54366.070    -1.00   0.0000e+00   5.6169e+03   1.5625e+02   0  H  0.00  1   !  -9.99000e+02  -99.000  -99.000  -999
OBS: 6000402  54368.070     1.00   0.0000e+00   5.0818e+03   1.4547e+02   0  H  0.00  1   !  -9.99000e+02  -99.000  -99.000  -999
OBS: 6000402  54370.070     3.00   0.0000e+00   4.6713e+03   1.6330e+02   0  H  0.00  1   !  -9.99000e+02  -99.000  -99.000  -999
OBS: 6000402  54372.070     5.00   0.0000e+00   4.2223e+03   1.6930e+02   0  H  0.00  1   !  -9.99000e+02  -99.000  -99.000  -999
OBS: 6000402  54374.070     7.00   0.0000e+00   3.7961e+03   1.6218e+02   0  H  0.00  1   !  -9.99000e+02  -99.000  -99.000  -999
OBS: 6000402  54376.070     9.00   0.0000e+00   3.4582e+03   1.5612e+02   0  H  0.00  1   !  -9.99000e+02  -99.000  -99.000  -999
OBS: 6000402  54378.070    11.00   0.0000e+00   3.2340e+03   1.5116e+02   0  H  0.00  1   !  -9.99000e+02  -99.000  -99.000  -999
OBS: 6000402  54380.070    13.00   0.0000e+00   3.1419e+03   1.3664e+02   0  H  0.00  1   !  -9.99000e+02  -99.000  -99.000  -999
OBS: 6000402  54382.070    15.00   0.0000e+00   3.2301e+03   1.3068e+02   0  H  0.00  1   !  -9.99000e+02  -99.000  -99.000  -999
OBS: 6000402  54384.070    17.00   0.0000e+00   3.4014e+03   1.3789e+02   0  H  0.00  1   !  -9.99000e+02  -99.000  -99.000  -999
OBS: 6000402  54386.070    19.00   0.0000e+00   3.5949e+03   1.3549e+02   0  H  0.00  1   !  -9.99000e+02  -99.000  -99.000  -999
OBS: 6000402  54388.070    21.00   0.0000e+00   3.7735e+03   1.2371e+02   0  H  0.00  1   !  -9.99000e+02  -99.000  -99.000  -999
OBS: 6000402  54390.070    23.00   0.0000e+00   3.9123e+03   1.1289e+02   0  H  0.00  1   !  -9.99000e+02  -99.000  -99.000  -999
OBS: 6000402  54392.070    25.00   0.0000e+00   4.1031e+03   1.1715e+02   0  H  0.00  1   !  -9.99000e+02  -99.000  -99.000  -999
OBS: 6000402  54394.070    27.00   0.0000e+00   4.3268e+03   1.3321e+02   0  H  0.00  1   !  -9.99000e+02  -99.000  -99.000  -999
OBS: 6000402  54396.070    29.00   0.0000e+00   4.5289e+03   1.4109e+02   0  H  0.00  1   !  -9.99000e+02  -99.000  -99.000  -999
OBS: 6000402  54398.070    31.00   0.0000e+00   4.7019e+03   1.3683e+02   0  H  0.00  1   !  -9.99000e+02  -99.000  -99.000  -999
OBS: 6000402  54400.070    33.00   0.0000e+00   4.8646e+03   1.5153e+02   0  H  0.00  1   !  -9.99000e+02  -99.000  -99.000  -999
OBS: 6000402  54402.070    35.00   0.0000e+00   5.0413e+03   1.9414e+02   0  H  0.00  1   !  -9.99000e+02  -99.000  -99.000  -999
OBS: 6000402  54404.070    37.00   0.0000e+00   5.1308e+03   2.2898e+02   0  H  0.00  1   !  -9.99000e+02  -99.000  -99.000  -999
OBS: 6000402  54406.070    39.00   0.0000e+00   4.9867e+03   2.3938e+02   0  H  0.00  1   !  -9.99000e+02  -99.000  -99.000  -999
OBS: 6000402  54408.070    41.00   0.0000e+00   4.7046e+03   2.5886e+02   0  H  0.00  1   !  -9.99000e+02  -99.000  -99.000  -999
OBS: 6000402  54410.070    43.00   0.0000e+00   4.2312e+03   2.8527e+02   0  H  0.00  1   !  -9.99000e+02  -99.000  -99.000  -999
OBS: 6000402  54412.070    45.00   0.0000e+00   3.7068e+03   2.9484e+02   0  H  0.00  1   !  -9.99000e+02  -99.000  -99.000  -999
OBS: 6000402  54414.070    47.00   0.0000e+00   3.2117e+03   2.6300e+02   0  H  0.00  1   !  -9.99000e+02  -99.000  -99.000  -999
OBS: 6000402  54416.070    49.00   0.0000e+00   2.8350e+03   2.1419e+02   0  H  0.00  1   !  -9.99000e+02  -99.000  -99.000  -999
OBS: 6000402  54418.070    51.00   0.0000e+00   2.5856e+03   1.7677e+02   0  H  0.00  1   !  -9.99000e+02  -99.000  -99.000  -999
OBS: 6000402  54420.070    53.00   0.0000e+00   2.4364e+03   1.5326e+02   0  H  0.00  1   !  -9.99000e+02  -99.000  -99.000  -999
OBS: 6000402  54422.070    55.00   0.0000e+00   2.3302e+03   1.4026e+03   0  H  0.00  1   !  -9.99000e+02  -99.000  -99.000  -999
OBS: 6000402  54424.070    57.00   0.0000e+00   2.2411e+03   1.3489e+03   0  H  0.00  1   !  -9.99000e+02  -99.000  -99.000  -999
OBS: 6000402  54426.070    59.00   0.0000e+00   2.1512e+03   1.2948e+03   0  H  0.00  1   !  -9.99000e+02  -99.000  -99.000  -999
OBS: 6000402  54428.070    61.00   0.0000e+00   2.0602e+03   1.2401e+03   0  H  0.00  1   !  -9.99000e+02  -99.000  -99.000  -999
OBS: 6000402  54430.070    63.00   0.0000e+00   1.9683e+03   1.1847e+03   0  H  0.00  1   !  -9.99000e+02  -99.000  -99.000  -999
OBS: 6000402  54432.070    65.00   0.0000e+00   1.8051e+03   1.0865e+03   0  H  0.00  1   !  -9.99000e+02  -99.000  -99.000  -999
OBS: 6000402  54434.070    67.00   0.0000e+00   1.6533e+03   9.9515e+02   0  H  0.00  1   !  -9.99000e+02  -99.000  -99.000  -999
OBS: 6000402  54436.070    69.00   0.0000e+00   1.5199e+03   9.1483e+02   0  H  0.00  1   !  -9.99000e+02  -99.000  -99.000  -999
OBS: 6000402  54438.070    71.00   0.0000e+00   1.4062e+03   8.4641e+02   0  H  0.00  1   !  -9.99000e+02  -99.000  -99.000  -999
OBS: 6000402  54440.070    73.00   0.0000e+00   1.3135e+03   7.9062e+02   0  H  0.00  1   !  -9.99000e+02  -99.000  -99.000  -999
OBS: 6000402  54442.070    75.00   0.0000e+00   1.2317e+03   7.4140e+02   0  H  0.00  1   !  -9.99000e+02  -99.000  -99.000  -999
OBS: 6000402  54444.070    77.00   0.0000e+00   1.1503e+03   6.9240e+02   0  H  0.00  1   !  -9.99000e+02  -99.000  -99.000  -999
OBS: 6000402  54446.070    79.00   0.0000e+00   1.0873e+03   6.5446e+02   0  H  0.00  1   !  -9.99000e+02  -99.000  -99.000  -999
OBS: 6000402  54448.070    81.00   0.0000e+00   1.0353e+03   6.2315e+02   0  H  0.00  1   !  -9.99000e+02  -99.000  -99.000  -999
OBS: 6000402  54450.070    83.00   0.0000e+00   9.8594e+02   5.9345e+02   0  H  0.00  1   !  -9.99000e+02  -99.000  -99.000  -999
OBS: 6000402  54452.070    85.00   0.0000e+00   9.3912e+02   5.6527e+02   0  H  0.00  1   !  -9.99000e+02  -99.000  -99.000  -999
OBS: 6000402  54454.070    87.00   0.0000e+00   8.9497e+02   5.3869e+02   0  H  0.00  1   !  -9.99000e+02  -99.000  -99.000  -999
OBS: 6000402  54456.070    89.00   0.0000e+00   8.5352e+02   5.1374e+02   0  H  0.00  1   !  -9.99000e+02  -99.000  -99.000  -999
OBS: 6000402  54458.070    91.00   0.0000e+00   8.1149e+02   4.8845e+02   0  H  0.00  1   !  -9.99000e+02  -99.000  -99.000  -999
OBS: 6000402  54460.070    93.00   0.0000e+00   7.6923e+02   4.6301e+02   0  H  0.00  1   !  -9.99000e+02  -99.000  -99.000  -999
OBS: 6000402  54462.070    95.00   0.0000e+00   7.2877e+02   4.3866e+02   0  H  0.00  1   !  -9.99000e+02  -99.000  -99.000  -999
OBS: 6000402  54464.070    97.00   0.0000e+00   6.9027e+02   4.1548e+02   0  H  0.00  1   !  -9.99000e+02  -99.000  -99.000  -999
OBS: 6000402  54466.070    99.00   0.0000e+00   6.5394e+02   3.9361e+02   0  H  0.00  1   !  -9.99000e+02  -99.000  -99.000  -999
OBS: 6000402  54468.070   101.00   0.0000e+00   6.1952e+02   3.7290e+02   0  H  0.00  1   !  -9.99000e+02  -99.000  -99.000  -999
OBS: 6000402  54470.070   103.00   0.0000e+00   5.8691e+02   3.5327e+02   0  H  0.00  1   !  -9.99000e+02  -99.000  -99.000  -999
OBS: 6000402  54472.070   105.00   0.0000e+00   5.5602e+02   3.3467e+02   0  H  0.00  1   !  -9.99000e+02  -99.000  -99.000  -999
OBS: 6000402  54474.070   107.00   0.0000e+00   5.2675e+02   3.1706e+02   0  H  0.00  1   !  -9.99000e+02  -99.000  -99.000  -999
OBS: 6000402  54476.070   109.00   0.0000e+00   4.9903e+02   3.0037e+02   0  H  0.00  1   !  -9.99000e+02  -99.000  -99.000  -999
OBS: 6000402  54478.070   111.00   0.0000e+00   4.7276e+02   2.8456e+02   0  H  0.00  1   !  -9.99000e+02  -99.000  -99.000  -999
OBS: 6000402  54480.070   113.00   0.0000e+00   4.4788e+02   2.6958e+02   0  H  0.00  1   !  -9.99000e+02  -99.000  -99.000  -999
OBS: 6000402  54482.070   115.00   0.0000e+00   4.2430e+02   2.5539e+02   0  H  0.00  1   !  -9.99000e+02  -99.000  -99.000  -999
OBS: 6000402  54484.070   117.00   0.0000e+00   4.0197e+02   2.4195e+02   0  H  0.00  1   !  -9.99000e+02  -99.000  -99.000  -999
OBS: 6000402  54486.070   119.00   0.0000e+00   3.8081e+02   2.2922e+02   0  H  0.00  1   !  -9.99000e+02  -99.000  -99.000  -999
OBS: 6000402  54488.070   121.00   0.0000e+00   3.6077e+02   2.1715e+02   0  H  0.00  1   !  -9.99000e+02  -99.000  -99.000  -999
OBS: 6000402  54490.070   123.00   0.0000e+00   3.4178e+02   2.0572e+02   0  H  0.00  1   !  -9.99000e+02  -99.000  -99.000  -999
OBS: 6000402  54492.070   125.00   0.0000e+00   3.2379e+02   1.9489e+02   0  H  0.00  1   !  -9.99000e+02  -99.000  -99.000  -999
OBS: 6000402  54494.070   127.00   0.0000e+00   3.0675e+02   1.8464e+02   0  H  0.00  1   !  -9.99000e+02  -99.000  -99.000  -999
OBS: 6000402  54496.070   129.00   0.0000e+00   2.9060e+02   1.7492e+02   0  H  0.00  1   !  -9.99000e+02  -99.000  -99.000  -999
OBS: 6000402  54498.070   131.00   0.0000e+00   2.7531e+02   1.6571e+02   0  H  0.00  1   !  -9.99000e+02  -99.000  -99.000  -999
OBS: 6000402  54500.070   133.00   0.0000e+00   2.6082e+02   1.5699e+02   0  H  0.00  1   !  -9.99000e+02  -99.000  -99.000  -999
OBS: 6000402  54502.070   135.00   0.0000e+00   2.4709e+02   1.4873e+02   0  H  0.00  1   !  -9.99000e+02  -99.000  -99.000  -999
OBS: 6000402  54504.070   137.00   0.0000e+00   2.3408e+02   1.4090e+02   0  H  0.00  1   !  -9.99000e+02  -99.000  -99.000  -999
OBS: 6000402  54506.070   139.00   0.0000e+00   2.2176e+02   1.3348e+02   0  H  0.00  1   !  -9.99000e+02  -99.000  -99.000  -999
