VARNAMES: CID MJD Tobs SIM_FLUXCAL FLUXCAL FLUXCAL_ERR DATAFLAG BAND CHI2 IFIT BAND_REST FLUX_REST KCOR AVWARP SIM_FLUX_REST 
OBS: 6000235  53647.801    -7.23   3.7118e+03   3.6827e+03   5.8136e+02   1  J  0.47  1   J  2.46604e+18  -0.128  0.598  1.00000e+11
OBS: 6000235  53653.871    -1.16   3.5808e+03   4.9252e+03   4.4986e+02   1  J  4.68  1   J  3.27875e+18  -0.134  0.237  1.00000e+11
OBS: 6000235  53656.711     1.68   2.9729e+03   1.7832e+03   4.4299e+02   1  J  10.96  1   J  1.22545e+18  -0.100  0.583  1.00000e+11
OBS: 6000235  53656.719     1.69   2.9705e+03   3.3448e+03   4.3714e+02   1  J  0.03  1   J  2.29889e+18  -0.100  0.584  1.00000e+11
OBS: 6000235  53660.699     5.67   2.0974e+03   2.5408e+03   4.7642e+02   1  J  0.24  1   J  1.72934e+18  -0.110  1.250  1.00000e+11
OBS: 6000235  53660.711     5.68   2.0952e+03   1.4256e+03   4.5747e+02   1  J  3.60  1   J  9.70172e+17  -0.110  1.252  1.00000e+11
OBS: 6000235  53664.711     9.68   1.3411e+03   9.0242e+02   3.8057e+02   1  J  2.16  1   J  5.76166e+17  -0.180  1.288  1.00000e+11
OBS: 6000235  53668.738    13.71   1.0164e+03   1.1863e+03   4.7988e+02   1  J  0.02  1   J  7.12741e+17  -0.246  0.796  1.00000e+11
OBS: 6000235  53668.738    13.71   1.0164e+03  -2.6553e+02   5.5406e+02   1  J  6.08  1   J  -1.59538e+17  -0.246  0.796  1.00000e+11
OBS: 6000235  53672.762    17.73   1.0544e+03   5.7651e+02   5.5530e+02   1  J  1.07  1   J  3.29093e+17  -0.301  1.232  1.00000e+11
OBS: 6000235  53677.770    22.74   1.2282e+03   1.9842e+03   7.2066e+02   1  J  0.75  1   J  1.06701e+18  -0.366  1.130  1.00000e+11
OBS: 6000235  53677.770    22.74   1.2282e+03   1.8708e+03   5.3804e+02   1  J  0.89  1   J  1.00600e+18  -0.366  1.130  1.00000e+11
OBS: 6000235  53686.762    31.73   1.7935e+03   2.8196e+03   4.7447e+02   1  J  2.97  1   J  1.39266e+18  -0.458  0.926  1.00000e+11
OBS: 6000235  53686.770    31.74   1.7940e+03   1.3231e+03   3.8213e+02   1  J  2.64  1   J  6.53575e+17  -0.458  0.929  1.00000e+11
OBS: 6000235  53692.691    37.66   1.9450e+03   1.9379e+03   6.0808e+02   1  J  0.11  1   J  9.28535e+17  -0.491  1.824  1.00000e+11
OBS: 6000235  53692.699    37.67   1.9444e+03   3.5656e+03   5.6589e+02   1  J  5.95  1   J  1.70815e+18  -0.491  1.821  1.00000e+11
OBS: 6000235  53701.660    46.63   1.0162e+03  -1.3885e+01   4.2258e+02   1  J  6.52  1   J  -5.50535e+15  -0.697  -2.170  1.00000e+11
OBS: 6000235  53701.672    46.64   1.0157e+03   5.3891e+02   4.4656e+02   1  J  1.54  1   J  2.13661e+17  -0.697  -2.171  1.00000e+11
OBS: 6000235  53710.699    55.67   6.7970e+02   1.3143e+03   4.1637e+02  -1  J  0.85  1   !  -9.99000e+02  -99.000  -99.000  -999
OBS: 6000235  53596.031   -59.00   0.0000e+00   0.0000e+00   0.0000e+00   0  J  0.00  1   !  -9.99000e+02  -99.000  -99.000  -999
OBS: 6000235  53598.031   -57.00   0.0000e+00   0.0000e+00   0.0000e+00   0  J  0.00  1   !  -9.99000e+02  -99.000  -99.000  -999
OBS: 6000235  53600.031   -55.00   0.0000e+00   0.0000e+00   0.0000e+00   0  J  0.00  1   !  -9.99000e+02  -99.000  -99.000  -999
OBS: 6000235  53602.031   -53.00   0.0000e+00   0.0000e+00   0.0000e+00   0  J  0.00  1   !  -9.99000e+02  -99.000  -99.000  -999
OBS: 6000235  53604.031   -51.00   0.0000e+00   0.0000e+00   0.0000e+00   0  J  0.00  1   !  -9.99000e+02  -99.000  -99.000  -999
OBS: 6000235  53606.031   -49.00   0.0000e+00   0.0000e+00   0.0000e+00   0  J  0.00  1   !  -9.99000e+02  -99.000  -99.000  -999
OBS: 6000235  53608.031   -47.00   0.0000e+00   0.0000e+00   0.0000e+00   0  J  0.00  1   !  -9.99000e+02  -99.000  -99.000  -999
OBS: 6000235  53610.031   -45.00   0.0000e+00   0.0000e+00   0.0000e+00   0  J  0.00  1   !  -9.99000e+02  -99.000  -99.000  -999
OBS: 6000235  53612.031   -43.00   0.0000e+00   0.0000e+00   0.0000e+00   0  J  0.00  1   !  -9.99000e+02  -99.000  -99.000  -999
OBS: 6000235  53614.031   -41.00   0.0000e+00   0.0000e+00   0.0000e+00   0  J  0.00  1   !  -9.99000e+02  -99.000  -99.000  -999
OBS: 6000235  53616.031   -39.00   0.0000e+00   0.0000e+00   0.0000e+00   0  J  0.00  1   !  -9.99000e+02  -99.000  -99.000  -999
OBS: 6000235  53618.031   -37.00   0.0000e+00   0.0000e+00   0.0000e+00   0  J  0.00  1   !  -9.99000e+02  -99.000  -99.000  -999
OBS: 6000235  53620.031   -35.00   0.0000e+00   0.0000e+00   0.0000e+00   0  J  0.00  1   !  -9.99000e+02  -99.000  -99.000  -999
OBS: 6000235  53622.031   -33.00   0.0000e+00   0.0000e+00   0.0000e+00   0  J  0.00  1   !  -9.99000e+02  -99.000  -99.000  -999
OBS: 6000235  53624.031   -31.00   0.0000e+00   0.0000e+00   0.0000e+00   0  J  0.00  1   !  -9.99000e+02  -99.000  -99.000  -999
OBS: 6000235  53626.031   -29.00   0.0000e+00   0.0000e+00   0.0000e+00   0  J  0.00  1   !  -9.99000e+02  -99.000  -99.000  -999
OBS: 6000235  53628.031   -27.00   0.0000e+00   0.0000e+00   0.0000e+00   0  J  0.00  1   !  -9.99000e+02  -99.000  -99.000  -999
OBS: 6000235  53630.031   -25.00   0.0000e+00   0.0000e+00   0.0000e+00   0  J  0.00  1   !  -9.99000e+02  -99.000  -99.000  -999
OBS: 6000235  53632.031   -23.00   0.0000e+00   0.0000e+00   0.0000e+00   0  J  0.00  1   !  -9.99000e+02  -99.000  -99.000  -999
OBS: 6000235  53634.031   -21.00   0.0000e+00   8.2683e+02   4.9768e+02   0  J  0.00  1   !  -9.99000e+02  -99.000  -99.000  -999
OBS: 6000235  53636.031   -19.00   0.0000e+00   9.3232e+02   5.6118e+02   0  J  0.00  1   !  -9.99000e+02  -99.000  -99.000  -999
OBS: 6000235  53638.031   -17.00   0.0000e+00   9.3511e+02   5.6285e+02   0  J  0.00  1   !  -9.99000e+02  -99.000  -99.000  -999
OBS: 6000235  53640.031   -15.00   0.0000e+00   1.3297e+03   3.0252e+02   0  J  0.00  1   !  -9.99000e+02  -99.000  -99.000  -999
OBS: 6000235  53642.031   -13.00   0.0000e+00   2.2511e+03   1.1466e+02   0  J  0.00  1   !  -9.99000e+02  -99.000  -99.000  -999
OBS: 6000235  53644.031   -11.00   0.0000e+00   3.1267e+03   1.0273e+02   0  J  0.00  1   !  -9.99000e+02  -99.000  -99.000  -999
OBS: 6000235  53646.031    -9.00   0.0000e+00   3.7581e+03   1.0722e+02   0  J  0.00  1   !  -9.99000e+02  -99.000  -99.000  -999
OBS: 6000235  53648.031    -7.00   0.0000e+00   4.1126e+03   8.1643e+01   0  J  0.00  1   !  -9.99000e+02  -99.000  -99.000  -999
OBS: 6000235  53650.031    -5.00   0.0000e+00   4.2610e+03   7.0166e+01   0  J  0.00  1   !  -9.99000e+02  -99.000  -99.000  -999
OBS: 6000235  53652.031    -3.00   0.0000e+00   4.1759e+03   7.2733e+01   0  J  0.00  1   !  -9.99000e+02  -99.000  -99.000  -999
OBS: 6000235  53654.031    -1.00   0.0000e+00   3.9125e+03   7.3685e+01   0  J  0.00  1   !  -9.99000e+02  -99.000  -99.000  -999
OBS: 6000235  53656.031     1.00   0.0000e+00   3.4489e+03   7.2767e+01   0  J  0.00  1   !  -9.99000e+02  -99.000  -99.000  -999
OBS: 6000235  53658.031     3.00   0.0000e+00   2.9284e+03   6.8593e+01   0  J  0.00  1   !  -9.99000e+02  -99.000  -99.000  -999
OBS: 6000235  53660.031     5.00   0.0000e+00   2.4594e+03   6.7459e+01   0  J  0.00  1   !  -9.99000e+02  -99.000  -99.000  -999
OBS: 6000235  53662.031     7.00   0.0000e+00   1.9964e+03   7.0116e+01   0  J  0.00  1   !  -9.99000e+02  -99.000  -99.000  -999
OBS: 6000235  53664.031     9.00   0.0000e+00   1.5865e+03   7.9581e+01   0  J  0.00  1   !  -9.99000e+02  -99.000  -99.000  -999
OBS: 6000235  53666.031    11.00   0.0000e+00   1.2946e+03   8.7703e+01   0  J  0.00  1   !  -9.99000e+02  -99.000  -99.000  -999
OBS: 6000235  53668.031    13.00   0.0000e+00   1.1364e+03   8.9543e+01   0  J  0.00  1   !  -9.99000e+02  -99.000  -99.000  -999
OBS: 6000235  53670.031    15.00   0.0000e+00   1.1164e+03   9.0314e+01   0  J  0.00  1   !  -9.99000e+02  -99.000  -99.000  -999
OBS: 6000235  53672.031    17.00   0.0000e+00   1.1422e+03   9.4267e+01   0  J  0.00  1   !  -9.99000e+02  -99.000  -99.000  -999
OBS: 6000235  53674.031    19.00   0.0000e+00   1.1953e+03   1.0028e+02   0  J  0.00  1   !  -9.99000e+02  -99.000  -99.000  -999
OBS: 6000235  53676.031    21.00   0.0000e+00   1.2556e+03   1.0099e+02   0  J  0.00  1   !  -9.99000e+02  -99.000  -99.000  -999
OBS: 6000235  53678.031    23.00   0.0000e+00   1.3702e+03   1.0791e+02   0  J  0.00  1   !  -9.99000e+02  -99.000  -99.000  -999
OBS: 6000235  53680.031    25.00   0.0000e+00   1.5203e+03   1.0631e+02   0  J  0.00  1   !  -9.99000e+02  -99.000  -99.000  -999
OBS: 6000235  53682.031    27.00   0.0000e+00   1.6733e+03   1.0041e+02   0  J  0.00  1   !  -9.99000e+02  -99.000  -99.000  -999
OBS: 6000235  53684.031    29.00   0.0000e+00   1.8176e+03   1.1081e+02   0  J  0.00  1   !  -9.99000e+02  -99.000  -99.000  -999
OBS: 6000235  53686.031    31.00   0.0000e+00   1.9334e+03   1.2174e+02   0  J  0.00  1   !  -9.99000e+02  -99.000  -99.000  -999
OBS: 6000235  53688.031    33.00   0.0000e+00   2.0461e+03   1.2614e+02   0  J  0.00  1   !  -9.99000e+02  -99.000  -99.000  -999
OBS: 6000235  53690.031    35.00   0.0000e+00   2.1707e+03   1.3443e+02   0  J  0.00  1   !  -9.99000e+02  -99.000  -99.000  -999
OBS: 6000235  53692.031    37.00   0.0000e+00   2.1771e+03   1.4095e+02   0  J  0.00  1   !  -9.99000e+02  -99.000  -99.000  -999
OBS: 6000235  53694.031    39.00   0.0000e+00   2.0207e+03   1.5680e+02   0  J  0.00  1   !  -9.99000e+02  -99.000  -99.000  -999
OBS: 6000235  53696.031    41.00   0.0000e+00   1.7688e+03   1.4993e+02   0  J  0.00  1   !  -9.99000e+02  -99.000  -99.000  -999
OBS: 6000235  53698.031    43.00   0.0000e+00   1.4839e+03   1.4337e+02   0  J  0.00  1   !  -9.99000e+02  -99.000  -99.000  -999
OBS: 6000235  53700.031    45.00   0.0000e+00   1.2386e+03   1.3738e+02   0  J  0.00  1   !  -9.99000e+02  -99.000  -99.000  -999
OBS: 6000235  53702.031    47.00   0.0000e+00   1.0998e+03   1.3451e+02   0  J  0.00  1   !  -9.99000e+02  -99.000  -99.000  -999
OBS: 6000235  53704.031    49.00   0.0000e+00   1.0240e+03   1.5568e+02   0  J  0.00  1   !  -9.99000e+02  -99.000  -99.000  -999
OBS: 6000235  53706.031    51.00   0.0000e+00   9.4649e+02   2.3176e+02   0  J  0.00  1   !  -9.99000e+02  -99.000  -99.000  -999
OBS: 6000235  53708.031    53.00   0.0000e+00   8.5429e+02   2.8960e+02   0  J  0.00  1   !  -9.99000e+02  -99.000  -99.000  -999
OBS: 6000235  53710.031    55.00   0.0000e+00   7.7176e+02   4.6453e+02   0  J  0.00  1   !  -9.99000e+02  -99.000  -99.000  -999
OBS: 6000235  53712.031    57.00   0.0000e+00   6.9850e+02   4.2044e+02   0  J  0.00  1   !  -9.99000e+02  -99.000  -99.000  -999
OBS: 6000235  53714.031    59.00   0.0000e+00   6.2319e+02   3.7510e+02   0  J  0.00  1   !  -9.99000e+02  -99.000  -99.000  -999
OBS: 6000235  53716.031    61.00   0.0000e+00   5.5692e+02   3.3522e+02   0  J  0.00  1   !  -9.99000e+02  -99.000  -99.000  -999
OBS: 6000235  53718.031    63.00   0.0000e+00   5.0370e+02   3.0318e+02   0  J  0.00  1   !  -9.99000e+02  -99.000  -99.000  -999
OBS: 6000235  53720.031    65.00   0.0000e+00   4.2662e+02   2.5679e+02   0  J  0.00  1   !  -9.99000e+02  -99.000  -99.000  -999
OBS: 6000235  53722.031    67.00   0.0000e+00   3.5228e+02   2.1204e+02   0  J  0.00  1   !  -9.99000e+02  -99.000  -99.000  -999
OBS: 6000235  53724.031    69.00   0.0000e+00   3.0045e+02   1.8084e+02   0  J  0.00  1   !  -9.99000e+02  -99.000  -99.000  -999
OBS: 6000235  53726.031    71.00   0.0000e+00   2.6063e+02   1.5688e+02   0  J  0.00  1   !  -9.99000e+02  -99.000  -99.000  -999
OBS: 6000235  53728.031    73.00   0.0000e+00   2.2720e+02   1.3675e+02   0  J  0.00  1   !  -9.99000e+02  -99.000  -99.000  -999
OBS: 6000235  53730.031    75.00   0.0000e+00   1.9685e+02   1.1849e+02   0  J  0.00  1   !  -9.99000e+02  -99.000  -99.000  -999
OBS: 6000235  53732.031    77.00   0.0000e+00   1.6779e+02   1.0100e+02   0  J  0.00  1   !  -9.99000e+02  -99.000  -99.000  -999
OBS: 6000235  53734.031    79.00   0.0000e+00   1.4184e+02   8.5372e+01   0  J  0.00  1   !  -9.99000e+02  -99.000  -99.000  -999
OBS: 6000235  53736.031    81.00   0.0000e+00   1.2754e+02   7.6769e+01   0  J  0.00  1   !  -9.99000e+02  -99.000  -99.000  -999
OBS: 6000235  53738.031    83.00   0.0000e+00   1.1464e+02   6.9002e+01   0  J  0.00  1   !  -9.99000e+02  -99.000  -99.000  -999
OBS: 6000235  53740.031    85.00   0.0000e+00   1.0297e+02   6.1977e+01   0  J  0.00  1   !  -9.99000e+02  -99.000  -99.000  -999
OBS: 6000235  53742.031    87.00   0.0000e+00   9.2381e+01   5.5605e+01   0  J  0.00  1   !  -9.99000e+02  -99.000  -99.000  -999
OBS: 6000235  53744.031    89.00   0.0000e+00   8.2699e+01   4.9777e+01   0  J  0.00  1   !  -9.99000e+02  -99.000  -99.000  -999
OBS: 6000235  53746.031    91.00   0.0000e+00   7.4275e+01   4.4707e+01   0  J  0.00  1   !  -9.99000e+02  -99.000  -99.000  -999
OBS: 6000235  53748.031    93.00   0.0000e+00   6.7480e+01   4.0617e+01   0  J  0.00  1   !  -9.99000e+02  -99.000  -99.000  -999
OBS: 6000235  53750.031    95.00   0.0000e+00   6.1599e+01   3.7077e+01   0  J  0.00  1   !  -9.99000e+02  -99.000  -99.000  -999
OBS: 6000235  53752.031    97.00   0.0000e+00   5.6544e+01   3.4035e+01   0  J  0.00  1   !  -9.99000e+02  -99.000  -99.000  -999
OBS: 6000235  53754.031    99.00   0.0000e+00   5.2035e+01   3.1320e+01   0  J  0.00  1   !  -9.99000e+02  -99.000  -99.000  -999
OBS: 6000235  53756.031   101.00   0.0000e+00   4.7885e+01   2.8823e+01   0  J  0.00  1   !  -9.99000e+02  -99.000  -99.000  -999
OBS: 6000235  53758.031   103.00   0.0000e+00   4.4066e+01   2.6524e+01   0  J  0.00  1   !  -9.99000e+02  -99.000  -99.000  -999
OBS: 6000235  53760.031   105.00   0.0000e+00   4.0552e+01   2.4409e+01   0  J  0.00  1   !  -9.99000e+02  -99.000  -99.000  -999
OBS: 6000235  53762.031   107.00   0.0000e+00   3.7318e+01   2.2462e+01   0  J  0.00  1   !  -9.99000e+02  -99.000  -99.000  -999
OBS: 6000235  53764.031   109.00   0.0000e+00   3.4342e+01   2.0671e+01   0  J  0.00  1   !  -9.99000e+02  -99.000  -99.000  -999
OBS: 6000235  53766.031   111.00   0.0000e+00   3.1603e+01   1.9022e+01   0  J  0.00  1   !  -9.99000e+02  -99.000  -99.000  -999
OBS: 6000235  53768.031   113.00   0.0000e+00   2.9083e+01   1.7505e+01   0  J  0.00  1   !  -9.99000e+02  -99.000  -99.000  -999
OBS: 6000235  53770.031   115.00   0.0000e+00   2.6764e+01   1.6109e+01   0  J  0.00  1   !  -9.99000e+02  -99.000  -99.000  -999
OBS: 6000235  53772.031   117.00   0.0000e+00   2.4629e+01   1.4825e+01   0  J  0.00  1   !  -9.99000e+02  -99.000  -99.000  -999
OBS: 6000235  53774.031   119.00   0.0000e+00   2.2665e+01   1.3642e+01   0  J  0.00  1   !  -9.99000e+02  -99.000  -99.000  -999
OBS: 6000235  53776.031   121.00   0.0000e+00   2.0858e+01   1.2555e+01   0  J  0.00  1   !  -9.99000e+02  -99.000  -99.000  -999
OBS: 6000235  53778.031   123.00   0.0000e+00   1.9194e+01   1.1553e+01   0  J  0.00  1   !  -9.99000e+02  -99.000  -99.000  -999
OBS: 6000235  53780.031   125.00   0.0000e+00   1.7664e+01   1.0632e+01   0  J  0.00  1   !  -9.99000e+02  -99.000  -99.000  -999
OBS: 6000235  53782.031   127.00   0.0000e+00   1.6255e+01   9.7841e+00   0  J  0.00  1   !  -9.99000e+02  -99.000  -99.000  -999
OBS: 6000235  53784.031   129.00   0.0000e+00   1.4959e+01   9.0038e+00   0  J  0.00  1   !  -9.99000e+02  -99.000  -99.000  -999
OBS: 6000235  53786.031   131.00   0.0000e+00   1.3766e+01   8.2858e+00   0  J  0.00  1   !  -9.99000e+02  -99.000  -99.000  -999
OBS: 6000235  53788.031   133.00   0.0000e+00   1.2668e+01   7.6250e+00   0  J  0.00  1   !  -9.99000e+02  -99.000  -99.000  -999
OBS: 6000235  53790.031   135.00   0.0000e+00   1.1658e+01   7.0169e+00   0  J  0.00  1   !  -9.99000e+02  -99.000  -99.000  -999
OBS: 6000235  53792.031   137.00   0.0000e+00   1.0728e+01   6.4573e+00   0  J  0.00  1   !  -9.99000e+02  -99.000  -99.000  -999
OBS: 6000235  53794.031   139.00   0.0000e+00   9.8725e+00   5.9424e+00   0  J  0.00  1   !  -9.99000e+02  -99.000  -99.000  -999
OBS: 6000235  53647.801    -7.23   3.7473e+03   3.9709e+03   2.4053e+02   1  Y  0.37  1   Y  2.43911e+18  -0.222  -0.839  1.00000e+11
OBS: 6000235  53648.672    -6.36   3.9403e+03   3.8877e+03   5.6745e+02   1  Y  0.04  1   Y  2.34412e+18  -0.242  -0.934  1.00000e+11
OBS: 6000235  53656.711     1.68   3.0182e+03   3.2182e+03   2.4547e+02   1  Y  0.33  1   Y  1.84162e+18  -0.298  -1.700  1.00000e+11
OBS: 6000235  53656.719     1.69   3.0165e+03   3.1117e+03   2.4297e+02   1  Y  0.03  1   Y  1.78039e+18  -0.299  -1.700  1.00000e+11
OBS: 6000235  53660.699     5.67   2.4959e+03   2.2926e+03   2.4918e+02   1  Y  0.82  1   Y  1.21469e+18  -0.382  -1.775  1.00000e+11
OBS: 6000235  53660.711     5.68   2.4946e+03   2.2693e+03   2.2088e+02   1  Y  1.20  1   Y  1.20220e+18  -0.382  -1.776  1.00000e+11
OBS: 6000235  53664.699     9.67   2.1694e+03   2.1141e+03   2.0457e+02   1  Y  0.16  1   Y  1.07798e+18  -0.424  -1.816  1.00000e+11
OBS: 6000235  53664.711     9.68   2.1690e+03   2.3784e+03   1.3467e+02   1  Y  0.98  1   Y  1.21282e+18  -0.424  -1.815  1.00000e+11
OBS: 6000235  53668.738    13.71   2.1535e+03   2.5803e+03   2.0291e+02   1  Y  2.88  1   Y  1.35449e+18  -0.392  -1.329  1.00000e+11
OBS: 6000235  53668.738    13.71   2.1535e+03   2.2327e+03   2.5811e+02   1  Y  0.02  1   Y  1.17201e+18  -0.392  -1.329  1.00000e+11
OBS: 6000235  53672.762    17.73   2.4742e+03   2.6893e+03   2.5054e+02   1  Y  0.40  1   Y  1.39662e+18  -0.404  -0.981  1.00000e+11
OBS: 6000235  53672.770    17.74   2.4751e+03   2.2493e+03   2.5588e+02   1  Y  0.94  1   Y  1.16808e+18  -0.404  -0.980  1.00000e+11
OBS: 6000235  53677.770    22.74   2.7638e+03   2.9279e+03   2.6811e+02   1  Y  0.16  1   Y  1.64614e+18  -0.318  -0.990  1.00000e+11
OBS: 6000235  53677.770    22.74   2.7638e+03   2.6625e+03   2.9630e+02   1  Y  0.21  1   Y  1.49696e+18  -0.318  -0.990  1.00000e+11
OBS: 6000235  53680.730    25.70   3.0937e+03   3.0232e+03   3.0543e+02   1  Y  0.14  1   Y  1.77871e+18  -0.268  -1.032  1.00000e+11
OBS: 6000235  53686.762    31.73   4.0425e+03   4.3663e+03   3.2651e+02   1  Y  0.55  1   Y  2.73715e+18  -0.199  -0.789  1.00000e+11
OBS: 6000235  53686.770    31.74   4.0429e+03   3.5952e+03   3.8528e+02   1  Y  1.64  1   Y  2.25427e+18  -0.199  -0.788  1.00000e+11
OBS: 6000235  53692.691    37.66   3.7028e+03   3.4810e+03   3.0074e+02   1  Y  0.79  1   Y  2.51326e+18  -0.046  -0.365  1.00000e+11
OBS: 6000235  53692.699    37.67   3.7021e+03   3.6611e+03   2.7726e+02   1  Y  0.12  1   Y  2.64347e+18  -0.046  -0.365  1.00000e+11
OBS: 6000235  53701.660    46.63   2.5985e+03   2.8458e+03   3.1026e+02   1  Y  0.40  1   Y  2.06853e+18  -0.039  -0.237  1.00000e+11
OBS: 6000235  53701.672    46.64   2.5974e+03   2.9915e+03   3.1595e+02   1  Y  1.13  1   Y  2.17444e+18  -0.039  -0.237  1.00000e+11
OBS: 6000235  53705.641    50.61   2.1622e+03   2.4965e+03   2.7299e+02  -1  Y  1.09  1   !  -9.99000e+02  -99.000  -99.000  -999
OBS: 6000235  53705.648    50.62   2.1610e+03   2.4129e+03   2.5733e+02  -1  Y  0.63  1   !  -9.99000e+02  -99.000  -99.000  -999
OBS: 6000235  53710.699    55.67   1.5426e+03   1.6615e+03   2.4989e+02  -1  Y  0.01  1   !  -9.99000e+02  -99.000  -99.000  -999
OBS: 6000235  53710.711    55.68   1.5414e+03   1.7994e+03   2.3096e+02  -1  Y  0.06  1   !  -9.99000e+02  -99.000  -99.000  -999
OBS: 6000235  53596.031   -59.00   0.0000e+00   0.0000e+00   0.0000e+00   0  Y  0.00  1   !  -9.99000e+02  -99.000  -99.000  -999
OBS: 6000235  53598.031   -57.00   0.0000e+00   0.0000e+00   0.0000e+00   0  Y  0.00  1   !  -9.99000e+02  -99.000  -99.000  -999
OBS: 6000235  53600.031   -55.00   0.0000e+00   0.0000e+00   0.0000e+00   0  Y  0.00  1   !  -9.99000e+02  -99.000  -99.000  -999
OBS: 6000235  53602.031   -53.00   0.0000e+00   0.0000e+00   0.0000e+00   0  Y  0.00  1   !  -9.99000e+02  -99.000  -99.000  -999
OBS: 6000235  53604.031   -51.00   0.0000e+00   0.0000e+00   0.0000e+00   0  Y  0.00  1   !  -9.99000e+02  -99.000  -99.000  -999
OBS: 6000235  53606.031   -49.00   0.0000e+00   0.0000e+00   0.0000e+00   0  Y  0.00  1   !  -9.99000e+02  -99.000  -99.000  -999
OBS: 6000235  53608.031   -47.00   0.0000e+00   0.0000e+00   0.0000e+00   0  Y  0.00  1   !  -9.99000e+02  -99.000  -99.000  -999
OBS: 6000235  53610.031   -45.00   0.0000e+00   0.0000e+00   0.0000e+00   0  Y  0.00  1   !  -9.99000e+02  -99.000  -99.000  -999
OBS: 6000235  53612.031   -43.00   0.0000e+00   0.0000e+00   0.0000e+00   0  Y  0.00  1   !  -9.99000e+02  -99.000  -99.000  -999
OBS: 6000235  53614.031   -41.00   0.0000e+00   0.0000e+00   0.0000e+00   0  Y  0.00  1   !  -9.99000e+02  -99.000  -99.000  -999
OBS: 6000235  53616.031   -39.00   0.0000e+00   0.0000e+00   0.0000e+00   0  Y  0.00  1   !  -9.99000e+02  -99.000  -99.000  -999
OBS: 6000235  53618.031   -37.00   0.0000e+00   0.0000e+00   0.0000e+00   0  Y  0.00  1   !  -9.99000e+02  -99.000  -99.000  -999
OBS: 6000235  53620.031   -35.00   0.0000e+00   0.0000e+00   0.0000e+00   0  Y  0.00  1   !  -9.99000e+02  -99.000  -99.000  -999
OBS: 6000235  53622.031   -33.00   0.0000e+00   0.0000e+00   0.0000e+00   0  Y  0.00  1   !  -9.99000e+02  -99.000  -99.000  -999
OBS: 6000235  53624.031   -31.00   0.0000e+00   0.0000e+00   0.0000e+00   0  Y  0.00  1   !  -9.99000e+02  -99.000  -99.000  -999
OBS: 6000235  53626.031   -29.00   0.0000e+00   0.0000e+00   0.0000e+00   0  Y  0.00  1   !  -9.99000e+02  -99.000  -99.000  -999
OBS: 6000235  53628.031   -27.00   0.0000e+00   0.0000e+00   0.0000e+00   0  Y  0.00  1   !  -9.99000e+02  -99.000  -99.000  -999
OBS: 6000235  53630.031   -25.00   0.0000e+00   0.0000e+00   0.0000e+00   0  Y  0.00  1   !  -9.99000e+02  -99.000  -99.000  -999
OBS: 6000235  53632.031   -23.00   0.0000e+00   0.0000e+00   0.0000e+00   0  Y  0.00  1   !  -9.99000e+02  -99.000  -99.000  -999
OBS: 6000235  53634.031   -21.00   0.0000e+00   6.5313e+02   3.9312e+02   0  Y  0.00  1   !  -9.99000e+02  -99.000  -99.000  -999
OBS: 6000235  53636.031   -19.00   0.0000e+00   5.9239e+02   3.5657e+02   0  Y  0.00  1   !  -9.99000e+02  -99.000  -99.000  -999
OBS: 6000235  53638.031   -17.00   0.0000e+00   5.8974e+02   3.5497e+02   0  Y  0.00  1   !  -9.99000e+02  -99.000  -99.000  -999
OBS: 6000235  53640.031   -15.00   0.0000e+00   9.3124e+02   2.3145e+02   0  Y  0.00  1   !  -9.99000e+02  -99.000  -99.000  -999
OBS: 6000235  53642.031   -13.00   0.0000e+00   1.7071e+03   1.2870e+02   0  Y  0.00  1   !  -9.99000e+02  -99.000  -99.000  -999
OBS: 6000235  53644.031   -11.00   0.0000e+00   2.4909e+03   1.1631e+02   0  Y  0.00  1   !  -9.99000e+02  -99.000  -99.000  -999
OBS: 6000235  53646.031    -9.00   0.0000e+00   3.2184e+03   1.1284e+02   0  Y  0.00  1   !  -9.99000e+02  -99.000  -99.000  -999
OBS: 6000235  53648.031    -7.00   0.0000e+00   3.8639e+03   9.3569e+01   0  Y  0.00  1   !  -9.99000e+02  -99.000  -99.000  -999
OBS: 6000235  53650.031    -5.00   0.0000e+00   4.1740e+03   8.9011e+01   0  Y  0.00  1   !  -9.99000e+02  -99.000  -99.000  -999
OBS: 6000235  53652.031    -3.00   0.0000e+00   4.1181e+03   1.0616e+02   0  Y  0.00  1   !  -9.99000e+02  -99.000  -99.000  -999
OBS: 6000235  53654.031    -1.00   0.0000e+00   3.6657e+03   1.0530e+02   0  Y  0.00  1   !  -9.99000e+02  -99.000  -99.000  -999
OBS: 6000235  53656.031     1.00   0.0000e+00   3.1889e+03   9.2577e+01   0  Y  0.00  1   !  -9.99000e+02  -99.000  -99.000  -999
OBS: 6000235  53658.031     3.00   0.0000e+00   2.8961e+03   9.4161e+01   0  Y  0.00  1   !  -9.99000e+02  -99.000  -99.000  -999
OBS: 6000235  53660.031     5.00   0.0000e+00   2.6278e+03   1.0202e+02   0  Y  0.00  1   !  -9.99000e+02  -99.000  -99.000  -999
OBS: 6000235  53662.031     7.00   0.0000e+00   2.3750e+03   1.0760e+02   0  Y  0.00  1   !  -9.99000e+02  -99.000  -99.000  -999
OBS: 6000235  53664.031     9.00   0.0000e+00   2.2259e+03   1.1102e+02   0  Y  0.00  1   !  -9.99000e+02  -99.000  -99.000  -999
OBS: 6000235  53666.031    11.00   0.0000e+00   2.1569e+03   1.0831e+02   0  Y  0.00  1   !  -9.99000e+02  -99.000  -99.000  -999
OBS: 6000235  53668.031    13.00   0.0000e+00   2.1563e+03   1.0681e+02   0  Y  0.00  1   !  -9.99000e+02  -99.000  -99.000  -999
OBS: 6000235  53670.031    15.00   0.0000e+00   2.2682e+03   1.0612e+02   0  Y  0.00  1   !  -9.99000e+02  -99.000  -99.000  -999
OBS: 6000235  53672.031    17.00   0.0000e+00   2.4513e+03   1.0486e+02   0  Y  0.00  1   !  -9.99000e+02  -99.000  -99.000  -999
OBS: 6000235  53674.031    19.00   0.0000e+00   2.6205e+03   1.0904e+02   0  Y  0.00  1   !  -9.99000e+02  -99.000  -99.000  -999
OBS: 6000235  53676.031    21.00   0.0000e+00   2.7629e+03   1.2151e+02   0  Y  0.00  1   !  -9.99000e+02  -99.000  -99.000  -999
OBS: 6000235  53678.031    23.00   0.0000e+00   2.8188e+03   1.2778e+02   0  Y  0.00  1   !  -9.99000e+02  -99.000  -99.000  -999
OBS: 6000235  53680.031    25.00   0.0000e+00   3.0054e+03   1.2266e+02   0  Y  0.00  1   !  -9.99000e+02  -99.000  -99.000  -999
OBS: 6000235  53682.031    27.00   0.0000e+00   3.4516e+03   1.1502e+02   0  Y  0.00  1   !  -9.99000e+02  -99.000  -99.000  -999
OBS: 6000235  53684.031    29.00   0.0000e+00   3.8871e+03   1.1523e+02   0  Y  0.00  1   !  -9.99000e+02  -99.000  -99.000  -999
OBS: 6000235  53686.031    31.00   0.0000e+00   4.0829e+03   1.1485e+02   0  Y  0.00  1   !  -9.99000e+02  -99.000  -99.000  -999
OBS: 6000235  53688.031    33.00   0.0000e+00   4.1092e+03   1.1242e+02   0  Y  0.00  1   !  -9.99000e+02  -99.000  -99.000  -999
OBS: 6000235  53690.031    35.00   0.0000e+00   4.0010e+03   1.1146e+02   0  Y  0.00  1   !  -9.99000e+02  -99.000  -99.000  -999
OBS: 6000235  53692.031    37.00   0.0000e+00   3.8158e+03   1.0630e+02   0  Y  0.00  1   !  -9.99000e+02  -99.000  -99.000  -999
OBS: 6000235  53694.031    39.00   0.0000e+00   3.6639e+03   1.0207e+02   0  Y  0.00  1   !  -9.99000e+02  -99.000  -99.000  -999
OBS: 6000235  53696.031    41.00   0.0000e+00   3.4309e+03   1.0393e+02   0  Y  0.00  1   !  -9.99000e+02  -99.000  -99.000  -999
OBS: 6000235  53698.031    43.00   0.0000e+00   3.1245e+03   1.1318e+02   0  Y  0.00  1   !  -9.99000e+02  -99.000  -99.000  -999
OBS: 6000235  53700.031    45.00   0.0000e+00   2.8332e+03   1.1352e+02   0  Y  0.00  1   !  -9.99000e+02  -99.000  -99.000  -999
OBS: 6000235  53702.031    47.00   0.0000e+00   2.6013e+03   9.5994e+01   0  Y  0.00  1   !  -9.99000e+02  -99.000  -99.000  -999
OBS: 6000235  53704.031    49.00   0.0000e+00   2.3829e+03   8.5971e+01   0  Y  0.00  1   !  -9.99000e+02  -99.000  -99.000  -999
OBS: 6000235  53706.031    51.00   0.0000e+00   2.1519e+03   8.9942e+01   0  Y  0.00  1   !  -9.99000e+02  -99.000  -99.000  -999
OBS: 6000235  53708.031    53.00   0.0000e+00   1.9025e+03   9.5768e+01   0  Y  0.00  1   !  -9.99000e+02  -99.000  -99.000  -999
OBS: 6000235  53710.031    55.00   0.0000e+00   1.6488e+03   9.9244e+02   0  Y  0.00  1   !  -9.99000e+02  -99.000  -99.000  -999
OBS: 6000235  53712.031    57.00   0.0000e+00   1.4409e+03   8.6727e+02   0  Y  0.00  1   !  -9.99000e+02  -99.000  -99.000  -999
OBS: 6000235  53714.031    59.00   0.0000e+00   1.3043e+03   7.8506e+02   0  Y  0.00  1   !  -9.99000e+02  -99.000  -99.000  -999
OBS: 6000235  53716.031    61.00   0.0000e+00   1.1913e+03   7.1705e+02   0  Y  0.00  1   !  -9.99000e+02  -99.000  -99.000  -999
OBS: 6000235  53718.031    63.00   0.0000e+00   1.1062e+03   6.6584e+02   0  Y  0.00  1   !  -9.99000e+02  -99.000  -99.000  -999
OBS: 6000235  53720.031    65.00   0.0000e+00   9.7524e+02   5.8701e+02   0  Y  0.00  1   !  -9.99000e+02  -99.000  -99.000  -999
OBS: 6000235  53722.031    67.00   0.0000e+00   8.2519e+02   4.9669e+02   0  Y  0.00  1   !  -9.99000e+02  -99.000  -99.000  -999
OBS: 6000235  53724.031    69.00   0.0000e+00   7.1085e+02   4.2787e+02   0  Y  0.00  1   !  -9.99000e+02  -99.000  -99.000  -999
OBS: 6000235  53726.031    71.00   0.0000e+00   6.2244e+02   3.7465e+02   0  Y  0.00  1   !  -9.99000e+02  -99.000  -99.000  -999
OBS: 6000235  53728.031    73.00   0.0000e+00   5.5467e+02   3.3386e+02   0  Y  0.00  1   !  -9.99000e+02  -99.000  -99.000  -999
OBS: 6000235  53730.031    75.00   0.0000e+00   5.0202e+02   3.0217e+02   0  Y  0.00  1   !  -9.99000e+02  -99.000  -99.000  -999
OBS: 6000235  53732.031    77.00   0.0000e+00   4.5935e+02   2.7649e+02   0  Y  0.00  1   !  -9.99000e+02  -99.000  -99.000  -999
OBS: 6000235  53734.031    79.00   0.0000e+00   4.2171e+02   2.5383e+02   0  Y  0.00  1   !  -9.99000e+02  -99.000  -99.000  -999
OBS: 6000235  53736.031    81.00   0.0000e+00   3.7331e+02   2.2470e+02   0  Y  0.00  1   !  -9.99000e+02  -99.000  -99.000  -999
OBS: 6000235  53738.031    83.00   0.0000e+00   3.3082e+02   1.9912e+02   0  Y  0.00  1   !  -9.99000e+02  -99.000  -99.000  -999
OBS: 6000235  53740.031    85.00   0.0000e+00   2.9375e+02   1.7681e+02   0  Y  0.00  1   !  -9.99000e+02  -99.000  -99.000  -999
OBS: 6000235  53742.031    87.00   0.0000e+00   2.6136e+02   1.5732e+02   0  Y  0.00  1   !  -9.99000e+02  -99.000  -99.000  -999
OBS: 6000235  53744.031    89.00   0.0000e+00   2.3320e+02   1.4037e+02   0  Y  0.00  1   !  -9.99000e+02  -99.000  -99.000  -999
OBS: 6000235  53746.031    91.00   0.0000e+00   2.0760e+02   1.2496e+02   0  Y  0.00  1   !  -9.99000e+02  -99.000  -99.000  -999
OBS: 6000235  53748.031    93.00   0.0000e+00   1.8255e+02   1.0988e+02   0  Y  0.00  1   !  -9.99000e+02  -99.000  -99.000  -999
OBS: 6000235  53750.031    95.00   0.0000e+00   1.6051e+02   9.6613e+01   0  Y  0.00  1   !  -9.99000e+02  -99.000  -99.000  -999
OBS: 6000235  53752.031    97.00   0.0000e+00   1.4113e+02   8.4948e+01   0  Y  0.00  1   !  -9.99000e+02  -99.000  -99.000  -999
OBS: 6000235  53754.031    99.00   0.0000e+00   1.2409e+02   7.4690e+01   0  Y  0.00  1   !  -9.99000e+02  -99.000  -99.000  -999
OBS: 6000235  53756.031   101.00   0.0000e+00   1.0911e+02   6.5673e+01   0  Y  0.00  1   !  -9.99000e+02  -99.000  -99.000  -999
OBS: 6000235  53758.031   103.00   0.0000e+00   9.5932e+01   5.7742e+01   0  Y  0.00  1   !  -9.99000e+02  -99.000  -99.000  -999
OBS: 6000235  53760.031   105.00   0.0000e+00   8.4340e+01   5.0765e+01   0  Y  0.00  1   !  -9.99000e+02  -99.000  -99.000  -999
OBS: 6000235  53762.031   107.00   0.0000e+00   7.4148e+01   4.4630e+01   0  Y  0.00  1   !  -9.99000e+02  -99.000  -99.000  -999
OBS: 6000235  53764.031   109.00   0.0000e+00   6.5185e+01   3.9236e+01   0  Y  0.00  1   !  -9.99000e+02  -99.000  -99.000  -999
OBS: 6000235  53766.031   111.00   0.0000e+00   5.7304e+01   3.4492e+01   0  Y  0.00  1   !  -9.99000e+02  -99.000  -99.000  -999
OBS: 6000235  53768.031   113.00   0.0000e+00   5.0378e+01   3.0323e+01   0  Y  0.00  1   !  -9.99000e+02  -99.000  -99.000  -999
OBS: 6000235  53770.031   115.00   0.0000e+00   4.4295e+01   2.6662e+01   0  Y  0.00  1   !  -9.99000e+02  -99.000  -99.000  -999
OBS: 6000235  53772.031   117.00   0.0000e+00   3.8938e+01   2.3437e+01   0  Y  0.00  1   !  -9.99000e+02  -99.000  -99.000  -999
OBS: 6000235  53774.031   119.00   0.0000e+00   3.4227e+01   2.0602e+01   0  Y  0.00  1   !  -9.99000e+02  -99.000  -99.000  -999
OBS: 6000235  53776.031   121.00   0.0000e+00   3.0086e+01   1.8109e+01   0  Y  0.00  1   !  -9.99000e+02  -99.000  -99.000  -999
OBS: 6000235  53778.031   123.00   0.0000e+00   2.6445e+01   1.5917e+01   0  Y  0.00  1   !  -9.99000e+02  -99.000  -99.000  -999
OBS: 6000235  53780.031   125.00   0.0000e+00   2.3244e+01   1.3991e+01   0  Y  0.00  1   !  -9.99000e+02  -99.000  -99.000  -999
OBS: 6000235  53782.031   127.00   0.0000e+00   2.0435e+01   1.2300e+01   0  Y  0.00  1   !  -9.99000e+02  -99.000  -99.000  -999
OBS: 6000235  53784.031   129.00   0.0000e+00   1.7964e+01   1.0813e+01   0  Y  0.00  1   !  -9.99000e+02  -99.000  -99.000  -999
OBS: 6000235  53786.031   131.00   0.0000e+00   1.5789e+01   9.5034e+00   0  Y  0.00  1   !  -9.99000e+02  -99.000  -99.000  -999
OBS: 6000235  53788.031   133.00   0.0000e+00   1.3876e+01   8.3524e+00   0  Y  0.00  1   !  -9.99000e+02  -99.000  -99.000  -999
OBS: 6000235  53790.031   135.00   0.0000e+00   1.2196e+01   7.3407e+00   0  Y  0.00  1   !  -9.99000e+02  -99.000  -99.000  -999
OBS: 6000235  53792.031   137.00   0.0000e+00   1.0718e+01   6.4513e+00   0  Y  0.00  1   !  -9.99000e+02  -99.000  -99.000  -999
OBS: 6000235  53794.031   139.00   0.0000e+00   9.4201e+00   5.6701e+00   0  Y  0.00  1   !  -9.99000e+02  -99.000  -99.000  -999
OBS: 6000235  53653.871    -1.16   3.5763e+03   4.0363e+03   1.9918e+02   1  y  3.17  1   Y  2.37366e+18  -0.269  -1.568  1.00000e+11
OBS: 6000235  53596.031   -59.00   0.0000e+00   0.0000e+00   0.0000e+00   0  y  0.00  1   !  -9.99000e+02  -99.000  -99.000  -999
OBS: 6000235  53598.031   -57.00   0.0000e+00   0.0000e+00   0.0000e+00   0  y  0.00  1   !  -9.99000e+02  -99.000  -99.000  -999
OBS: 6000235  53600.031   -55.00   0.0000e+00   0.0000e+00   0.0000e+00   0  y  0.00  1   !  -9.99000e+02  -99.000  -99.000  -999
OBS: 6000235  53602.031   -53.00   0.0000e+00   0.0000e+00   0.0000e+00   0  y  0.00  1   !  -9.99000e+02  -99.000  -99.000  -999
OBS: 6000235  53604.031   -51.00   0.0000e+00   0.0000e+00   0.0000e+00   0  y  0.00  1   !  -9.99000e+02  -99.000  -99.000  -999
OBS: 6000235  53606.031   -49.00   0.0000e+00   0.0000e+00   0.0000e+00   0  y  0.00  1   !  -9.99000e+02  -99.000  -99.000  -999
OBS: 6000235  53608.031   -47.00   0.0000e+00   0.0000e+00   0.0000e+00   0  y  0.00  1   !  -9.99000e+02  -99.000  -99.000  -999
OBS: 6000235  53610.031   -45.00   0.0000e+00   0.0000e+00   0.0000e+00   0  y  0.00  1   !  -9.99000e+02  -99.000  -99.000  -999
OBS: 6000235  53612.031   -43.00   0.0000e+00   0.0000e+00   0.0000e+00   0  y  0.00  1   !  -9.99000e+02  -99.000  -99.000  -999
OBS: 6000235  53614.031   -41.00   0.0000e+00   0.0000e+00   0.0000e+00   0  y  0.00  1   !  -9.99000e+02  -99.000  -99.000  -999
OBS: 6000235  53616.031   -39.00   0.0000e+00   0.0000e+00   0.0000e+00   0  y  0.00  1   !  -9.99000e+02  -99.000  -99.000  -999
OBS: 6000235  53618.031   -37.00   0.0000e+00   0.0000e+00   0.0000e+00   0  y  0.00  1   !  -9.99000e+02  -99.000  -99.000  -999
OBS: 6000235  53620.031   -35.00   0.0000e+00   0.0000e+00   0.0000e+00   0  y  0.00  1   !  -9.99000e+02  -99.000  -99.000  -999
OBS: 6000235  53622.031   -33.00   0.0000e+00   0.0000e+00   0.0000e+00   0  y  0.00  1   !  -9.99000e+02  -99.000  -99.000  -999
OBS: 6000235  53624.031   -31.00   0.0000e+00   0.0000e+00   0.0000e+00   0  y  0.00  1   !  -9.99000e+02  -99.000  -99.000  -999
OBS: 6000235  53626.031   -29.00   0.0000e+00   0.0000e+00   0.0000e+00   0  y  0.00  1   !  -9.99000e+02  -99.000  -99.000  -999
OBS: 6000235  53628.031   -27.00   0.0000e+00   0.0000e+00   0.0000e+00   0  y  0.00  1   !  -9.99000e+02  -99.000  -99.000  -999
OBS: 6000235  53630.031   -25.00   0.0000e+00   0.0000e+00   0.0000e+00   0  y  0.00  1   !  -9.99000e+02  -99.000  -99.000  -999
OBS: 6000235  53632.031   -23.00   0.0000e+00   0.0000e+00   0.0000e+00   0  y  0.00  1   !  -9.99000e+02  -99.000  -99.000  -999
OBS: 6000235  53634.031   -21.00   0.0000e+00   6.6773e+02   4.0192e+02   0  y  0.00  1   !  -9.99000e+02  -99.000  -99.000  -999
OBS: 6000235  53636.031   -19.00   0.0000e+00   5.9934e+02   3.6075e+02   0  y  0.00  1   !  -9.99000e+02  -99.000  -99.000  -999
OBS: 6000235  53638.031   -17.00   0.0000e+00   5.9646e+02   3.5902e+02   0  y  0.00  1   !  -9.99000e+02  -99.000  -99.000  -999
OBS: 6000235  53640.031   -15.00   0.0000e+00   9.2966e+02   2.3106e+02   0  y  0.00  1   !  -9.99000e+02  -99.000  -99.000  -999
OBS: 6000235  53642.031   -13.00   0.0000e+00   1.6888e+03   1.2733e+02   0  y  0.00  1   !  -9.99000e+02  -99.000  -99.000  -999
OBS: 6000235  53644.031   -11.00   0.0000e+00   2.4671e+03   1.1519e+02   0  y  0.00  1   !  -9.99000e+02  -99.000  -99.000  -999
OBS: 6000235  53646.031    -9.00   0.0000e+00   3.1997e+03   1.1219e+02   0  y  0.00  1   !  -9.99000e+02  -99.000  -99.000  -999
OBS: 6000235  53648.031    -7.00   0.0000e+00   3.8327e+03   9.2814e+01   0  y  0.00  1   !  -9.99000e+02  -99.000  -99.000  -999
OBS: 6000235  53650.031    -5.00   0.0000e+00   4.1147e+03   8.7746e+01   0  y  0.00  1   !  -9.99000e+02  -99.000  -99.000  -999
OBS: 6000235  53652.031    -3.00   0.0000e+00   4.0455e+03   1.0429e+02   0  y  0.00  1   !  -9.99000e+02  -99.000  -99.000  -999
OBS: 6000235  53654.031    -1.00   0.0000e+00   3.5939e+03   1.0323e+02   0  y  0.00  1   !  -9.99000e+02  -99.000  -99.000  -999
OBS: 6000235  53656.031     1.00   0.0000e+00   3.1157e+03   9.0451e+01   0  y  0.00  1   !  -9.99000e+02  -99.000  -99.000  -999
OBS: 6000235  53658.031     3.00   0.0000e+00   2.8127e+03   9.1451e+01   0  y  0.00  1   !  -9.99000e+02  -99.000  -99.000  -999
OBS: 6000235  53660.031     5.00   0.0000e+00   2.5419e+03   9.8683e+01   0  y  0.00  1   !  -9.99000e+02  -99.000  -99.000  -999
OBS: 6000235  53662.031     7.00   0.0000e+00   2.3003e+03   1.0422e+02   0  y  0.00  1   !  -9.99000e+02  -99.000  -99.000  -999
OBS: 6000235  53664.031     9.00   0.0000e+00   2.1584e+03   1.0766e+02   0  y  0.00  1   !  -9.99000e+02  -99.000  -99.000  -999
OBS: 6000235  53666.031    11.00   0.0000e+00   2.0879e+03   1.0485e+02   0  y  0.00  1   !  -9.99000e+02  -99.000  -99.000  -999
OBS: 6000235  53668.031    13.00   0.0000e+00   2.0877e+03   1.0341e+02   0  y  0.00  1   !  -9.99000e+02  -99.000  -99.000  -999
OBS: 6000235  53670.031    15.00   0.0000e+00   2.1915e+03   1.0253e+02   0  y  0.00  1   !  -9.99000e+02  -99.000  -99.000  -999
OBS: 6000235  53672.031    17.00   0.0000e+00   2.3641e+03   1.0113e+02   0  y  0.00  1   !  -9.99000e+02  -99.000  -99.000  -999
OBS: 6000235  53674.031    19.00   0.0000e+00   2.5289e+03   1.0523e+02   0  y  0.00  1   !  -9.99000e+02  -99.000  -99.000  -999
OBS: 6000235  53676.031    21.00   0.0000e+00   2.6742e+03   1.1761e+02   0  y  0.00  1   !  -9.99000e+02  -99.000  -99.000  -999
OBS: 6000235  53678.031    23.00   0.0000e+00   2.7527e+03   1.2478e+02   0  y  0.00  1   !  -9.99000e+02  -99.000  -99.000  -999
OBS: 6000235  53680.031    25.00   0.0000e+00   2.9568e+03   1.2067e+02   0  y  0.00  1   !  -9.99000e+02  -99.000  -99.000  -999
OBS: 6000235  53682.031    27.00   0.0000e+00   3.4067e+03   1.1352e+02   0  y  0.00  1   !  -9.99000e+02  -99.000  -99.000  -999
OBS: 6000235  53684.031    29.00   0.0000e+00   3.8614e+03   1.1447e+02   0  y  0.00  1   !  -9.99000e+02  -99.000  -99.000  -999
OBS: 6000235  53686.031    31.00   0.0000e+00   4.1088e+03   1.1558e+02   0  y  0.00  1   !  -9.99000e+02  -99.000  -99.000  -999
OBS: 6000235  53688.031    33.00   0.0000e+00   4.1848e+03   1.1449e+02   0  y  0.00  1   !  -9.99000e+02  -99.000  -99.000  -999
OBS: 6000235  53690.031    35.00   0.0000e+00   4.1017e+03   1.1426e+02   0  y  0.00  1   !  -9.99000e+02  -99.000  -99.000  -999
OBS: 6000235  53692.031    37.00   0.0000e+00   3.9386e+03   1.0972e+02   0  y  0.00  1   !  -9.99000e+02  -99.000  -99.000  -999
OBS: 6000235  53694.031    39.00   0.0000e+00   3.7947e+03   1.0571e+02   0  y  0.00  1   !  -9.99000e+02  -99.000  -99.000  -999
OBS: 6000235  53696.031    41.00   0.0000e+00   3.5601e+03   1.0784e+02   0  y  0.00  1   !  -9.99000e+02  -99.000  -99.000  -999
OBS: 6000235  53698.031    43.00   0.0000e+00   3.2453e+03   1.1756e+02   0  y  0.00  1   !  -9.99000e+02  -99.000  -99.000  -999
OBS: 6000235  53700.031    45.00   0.0000e+00   2.9446e+03   1.1798e+02   0  y  0.00  1   !  -9.99000e+02  -99.000  -99.000  -999
OBS: 6000235  53702.031    47.00   0.0000e+00   2.7056e+03   9.9841e+01   0  y  0.00  1   !  -9.99000e+02  -99.000  -99.000  -999
OBS: 6000235  53704.031    49.00   0.0000e+00   2.4803e+03   8.9487e+01   0  y  0.00  1   !  -9.99000e+02  -99.000  -99.000  -999
OBS: 6000235  53706.031    51.00   0.0000e+00   2.2403e+03   9.3635e+01   0  y  0.00  1   !  -9.99000e+02  -99.000  -99.000  -999
OBS: 6000235  53708.031    53.00   0.0000e+00   1.9800e+03   9.9671e+01   0  y  0.00  1   !  -9.99000e+02  -99.000  -99.000  -999
OBS: 6000235  53710.031    55.00   0.0000e+00   1.7151e+03   1.0323e+03   0  y  0.00  1   !  -9.99000e+02  -99.000  -99.000  -999
OBS: 6000235  53712.031    57.00   0.0000e+00   1.4960e+03   9.0049e+02   0  y  0.00  1   !  -9.99000e+02  -99.000  -99.000  -999
OBS: 6000235  53714.031    59.00   0.0000e+00   1.3497e+03   8.1237e+02   0  y  0.00  1   !  -9.99000e+02  -99.000  -99.000  -999
OBS: 6000235  53716.031    61.00   0.0000e+00   1.2290e+03   7.3972e+02   0  y  0.00  1   !  -9.99000e+02  -99.000  -99.000  -999
OBS: 6000235  53718.031    63.00   0.0000e+00   1.1381e+03   6.8501e+02   0  y  0.00  1   !  -9.99000e+02  -99.000  -99.000  -999
OBS: 6000235  53720.031    65.00   0.0000e+00   1.0004e+03   6.0214e+02   0  y  0.00  1   !  -9.99000e+02  -99.000  -99.000  -999
OBS: 6000235  53722.031    67.00   0.0000e+00   8.4565e+02   5.0901e+02   0  y  0.00  1   !  -9.99000e+02  -99.000  -99.000  -999
OBS: 6000235  53724.031    69.00   0.0000e+00   7.2788e+02   4.3812e+02   0  y  0.00  1   !  -9.99000e+02  -99.000  -99.000  -999
OBS: 6000235  53726.031    71.00   0.0000e+00   6.3683e+02   3.8331e+02   0  y  0.00  1   !  -9.99000e+02  -99.000  -99.000  -999
OBS: 6000235  53728.031    73.00   0.0000e+00   5.6692e+02   3.4124e+02   0  y  0.00  1   !  -9.99000e+02  -99.000  -99.000  -999
OBS: 6000235  53730.031    75.00   0.0000e+00   5.1248e+02   3.0846e+02   0  y  0.00  1   !  -9.99000e+02  -99.000  -99.000  -999
OBS: 6000235  53732.031    77.00   0.0000e+00   4.6822e+02   2.8182e+02   0  y  0.00  1   !  -9.99000e+02  -99.000  -99.000  -999
OBS: 6000235  53734.031    79.00   0.0000e+00   4.2920e+02   2.5834e+02   0  y  0.00  1   !  -9.99000e+02  -99.000  -99.000  -999
OBS: 6000235  53736.031    81.00   0.0000e+00   3.7970e+02   2.2855e+02   0  y  0.00  1   !  -9.99000e+02  -99.000  -99.000  -999
OBS: 6000235  53738.031    83.00   0.0000e+00   3.3626e+02   2.0240e+02   0  y  0.00  1   !  -9.99000e+02  -99.000  -99.000  -999
OBS: 6000235  53740.031    85.00   0.0000e+00   2.9836e+02   1.7959e+02   0  y  0.00  1   !  -9.99000e+02  -99.000  -99.000  -999
OBS: 6000235  53742.031    87.00   0.0000e+00   2.6527e+02   1.5967e+02   0  y  0.00  1   !  -9.99000e+02  -99.000  -99.000  -999
OBS: 6000235  53744.031    89.00   0.0000e+00   2.3650e+02   1.4235e+02   0  y  0.00  1   !  -9.99000e+02  -99.000  -99.000  -999
OBS: 6000235  53746.031    91.00   0.0000e+00   2.1040e+02   1.2664e+02   0  y  0.00  1   !  -9.99000e+02  -99.000  -99.000  -999
OBS: 6000235  53748.031    93.00   0.0000e+00   1.8500e+02   1.1135e+02   0  y  0.00  1   !  -9.99000e+02  -99.000  -99.000  -999
OBS: 6000235  53750.031    95.00   0.0000e+00   1.6266e+02   9.7905e+01   0  y  0.00  1   !  -9.99000e+02  -99.000  -99.000  -999
OBS: 6000235  53752.031    97.00   0.0000e+00   1.4301e+02   8.6080e+01   0  y  0.00  1   !  -9.99000e+02  -99.000  -99.000  -999
OBS: 6000235  53754.031    99.00   0.0000e+00   1.2574e+02   7.5682e+01   0  y  0.00  1   !  -9.99000e+02  -99.000  -99.000  -999
OBS: 6000235  53756.031   101.00   0.0000e+00   1.1055e+02   6.6542e+01   0  y  0.00  1   !  -9.99000e+02  -99.000  -99.000  -999
OBS: 6000235  53758.031   103.00   0.0000e+00   9.7197e+01   5.8504e+01   0  y  0.00  1   !  -9.99000e+02  -99.000  -99.000  -999
OBS: 6000235  53760.031   105.00   0.0000e+00   8.5450e+01   5.1433e+01   0  y  0.00  1   !  -9.99000e+02  -99.000  -99.000  -999
OBS: 6000235  53762.031   107.00   0.0000e+00   7.5121e+01   4.5216e+01   0  y  0.00  1   !  -9.99000e+02  -99.000  -99.000  -999
OBS: 6000235  53764.031   109.00   0.0000e+00   6.6039e+01   3.9750e+01   0  y  0.00  1   !  -9.99000e+02  -99.000  -99.000  -999
OBS: 6000235  53766.031   111.00   0.0000e+00   5.8054e+01   3.4943e+01   0  y  0.00  1   !  -9.99000e+02  -99.000  -99.000  -999
OBS: 6000235  53768.031   113.00   0.0000e+00   5.1036e+01   3.0719e+01   0  y  0.00  1   !  -9.99000e+02  -99.000  -99.000  -999
OBS: 6000235  53770.031   115.00   0.0000e+00   4.4871e+01   2.7009e+01   0  y  0.00  1   !  -9.99000e+02  -99.000  -99.000  -999
OBS: 6000235  53772.031   117.00   0.0000e+00   3.9444e+01   2.3742e+01   0  y  0.00  1   !  -9.99000e+02  -99.000  -99.000  -999
OBS: 6000235  53774.031   119.00   0.0000e+00   3.4672e+01   2.0869e+01   0  y  0.00  1   !  -9.99000e+02  -99.000  -99.000  -999
OBS: 6000235  53776.031   121.00   0.0000e+00   3.0477e+01   1.8344e+01   0  y  0.00  1   !  -9.99000e+02  -99.000  -99.000  -999
OBS: 6000235  53778.031   123.00   0.0000e+00   2.6788e+01   1.6124e+01   0  y  0.00  1   !  -9.99000e+02  -99.000  -99.000  -999
OBS: 6000235  53780.031   125.00   0.0000e+00   2.3546e+01   1.4173e+01   0  y  0.00  1   !  -9.99000e+02  -99.000  -99.000  -999
OBS: 6000235  53782.031   127.00   0.0000e+00   2.0700e+01   1.2459e+01   0  y  0.00  1   !  -9.99000e+02  -99.000  -99.000  -999
OBS: 6000235  53784.031   129.00   0.0000e+00   1.8197e+01   1.0953e+01   0  y  0.00  1   !  -9.99000e+02  -99.000  -99.000  -999
OBS: 6000235  53786.031   131.00   0.0000e+00   1.5993e+01   9.6266e+00   0  y  0.00  1   !  -9.99000e+02  -99.000  -99.000  -999
OBS: 6000235  53788.031   133.00   0.0000e+00   1.4057e+01   8.4608e+00   0  y  0.00  1   !  -9.99000e+02  -99.000  -99.000  -999
OBS: 6000235  53790.031   135.00   0.0000e+00   1.2354e+01   7.4360e+00   0  y  0.00  1   !  -9.99000e+02  -99.000  -99.000  -999
OBS: 6000235  53792.031   137.00   0.0000e+00   1.0858e+01   6.5353e+00   0  y  0.00  1   !  -9.99000e+02  -99.000  -99.000  -999
OBS: 6000235  53794.031   139.00   0.0000e+00   9.5428e+00   5.7439e+00   0  y  0.00  1   !  -9.99000e+02  -99.000  -99.000  -999
OBS: 6000235  53653.871    -1.16   2.9880e+03   3.4256e+03   6.7204e+02   1  H  0.05  1   H  2.39095e+18  -0.083  -0.651  1.00000e+11
OBS: 6000235  53656.711     1.68   2.6248e+03   3.1301e+03   7.0571e+02   1  H  0.13  1   H  2.30112e+18  -0.026  -0.378  1.00000e+11
OBS: 6000235  53656.719     1.69   2.6238e+03   2.4706e+03   6.5230e+02   1  H  0.38  1   H  1.81647e+18  -0.026  -0.377  1.00000e+11
OBS: 6000235  53660.699     5.67   2.1655e+03   4.3120e+02   7.9408e+02   1  H  5.91  1   H  3.48613e+17  0.077  -0.466  1.00000e+11
OBS: 6000235  53660.711     5.68   2.1641e+03   1.0213e+03   9.4915e+02   1  H  2.00  1   H  8.25979e+17  0.077  -0.467  1.00000e+11
OBS: 6000235  53664.711     9.68   1.7054e+03   2.0487e+03   7.4437e+02   1  H  0.06  1   H  1.90102e+18  0.226  -0.872  1.00000e+11
OBS: 6000235  53668.738    13.71   1.6056e+03   3.2811e+02   8.8233e+02   1  H  2.62  1   H  3.20853e+17  0.283  -0.442  1.00000e+11
OBS: 6000235  53672.762    17.73   1.7846e+03   2.8414e+03   9.7602e+02   1  H  0.82  1   H  2.75734e+18  0.275  -0.182  1.00000e+11
OBS: 6000235  53672.770    17.74   1.7853e+03   1.7559e+03   8.3426e+02   1  H  0.06  1   H  1.70391e+18  0.275  -0.182  1.00000e+11
OBS: 6000235  53677.770    22.74   2.0753e+03   1.8480e+03   1.2276e+03   1  H  0.12  1   H  1.82113e+18  0.292  0.940  1.00000e+11
OBS: 6000235  53680.730    25.70   2.2151e+03   4.9205e+03   1.4479e+03   1  H  2.96  1   H  4.82104e+18  0.285  0.948  1.00000e+11
OBS: 6000235  53692.691    37.66   2.4179e+03   2.9239e+03   9.1945e+02   1  H  0.09  1   H  2.23273e+18  0.015  -2.300  1.00000e+11
OBS: 6000235  53692.699    37.67   2.4171e+03   2.0191e+03   8.5169e+02   1  H  0.54  1   H  1.54164e+18  0.015  -2.300  1.00000e+11
OBS: 6000235  53596.031   -59.00   0.0000e+00   0.0000e+00   0.0000e+00   0  H  0.00  1   !  -9.99000e+02  -99.000  -99.000  -999
OBS: 6000235  53598.031   -57.00   0.0000e+00   0.0000e+00   0.0000e+00   0  H  0.00  1   !  -9.99000e+02  -99.000  -99.000  -999
OBS: 6000235  53600.031   -55.00   0.0000e+00   0.0000e+00   0.0000e+00   0  H  0.00  1   !  -9.99000e+02  -99.000  -99.000  -999
OBS: 6000235  53602.031   -53.00   0.0000e+00   0.0000e+00   0.0000e+00   0  H  0.00  1   !  -9.99000e+02  -99.000  -99.000  -999
OBS: 6000235  53604.031   -51.00   0.0000e+00   0.0000e+00   0.0000e+00   0  H  0.00  1   !  -9.99000e+02  -99.000  -99.000  -999
OBS: 6000235  53606.031   -49.00   0.0000e+00   0.0000e+00   0.0000e+00   0  H  0.00  1   !  -9.99000e+02  -99.000  -99.000  -999
OBS: 6000235  53608.031   -47.00   0.0000e+00   0.0000e+00   0.0000e+00   0  H  0.00  1   !  -9.99000e+02  -99.000  -99.000  -999
OBS: 6000235  53610.031   -45.00   0.0000e+00   0.0000e+00   0.0000e+00   0  H  0.00  1   !  -9.99000e+02  -99.000  -99.000  -999
OBS: 6000235  53612.031   -43.00   0.0000e+00   0.0000e+00   0.0000e+00   0  H  0.00  1   !  -9.99000e+02  -99.000  -99.000  -999
OBS: 6000235  53614.031   -41.00   0.0000e+00   0.0000e+00   0.0000e+00   0  H  0.00  1   !  -9.99000e+02  -99.000  -99.000  -999
OBS: 6000235  53616.031   -39.00   0.0000e+00   0.0000e+00   0.0000e+00   0  H  0.00  1   !  -9.99000e+02  -99.000  -99.000  -999
OBS: 6000235  53618.031   -37.00   0.0000e+00   0.0000e+00   0.0000e+00   0  H  0.00  1   !  -9.99000e+02  -99.000  -99.000  -999
OBS: 6000235  53620.031   -35.00   0.0000e+00   0.0000e+00   0.0000e+00   0  H  0.00  1   !  -9.99000e+02  -99.000  -99.000  -999
OBS: 6000235  53622.031   -33.00   0.0000e+00   0.0000e+00   0.0000e+00   0  H  0.00  1   !  -9.99000e+02  -99.000  -99.000  -999
OBS: 6000235  53624.031   -31.00   0.0000e+00   0.0000e+00   0.0000e+00   0  H  0.00  1   !  -9.99000e+02  -99.000  -99.000  -999
OBS: 6000235  53626.031   -29.00   0.0000e+00   0.0000e+00   0.0000e+00   0  H  0.00  1   !  -9.99000e+02  -99.000  -99.000  -999
OBS: 6000235  53628.031   -27.00   0.0000e+00   0.0000e+00   0.0000e+00   0  H  0.00  1   !  -9.99000e+02  -99.000  -99.000  -999
OBS: 6000235  53630.031   -25.00   0.0000e+00   0.0000e+00   0.0000e+00   0  H  0.00  1   !  -9.99000e+02  -99.000  -99.000  -999
OBS: 6000235  53632.031   -23.00   0.0000e+00   0.0000e+00   0.0000e+00   0  H  0.00  1   !  -9.99000e+02  -99.000  -99.000  -999
OBS: 6000235  53634.031   -21.00   0.0000e+00   5.0761e+02   3.0554e+02   0  H  0.00  1   !  -9.99000e+02  -99.000  -99.000  -999
OBS: 6000235  53636.031   -19.00   0.0000e+00   5.9343e+02   3.5719e+02   0  H  0.00  1   !  -9.99000e+02  -99.000  -99.000  -999
OBS: 6000235  53638.031   -17.00   0.0000e+00   5.9255e+02   3.5667e+02   0  H  0.00  1   !  -9.99000e+02  -99.000  -99.000  -999
OBS: 6000235  53640.031   -15.00   0.0000e+00   8.9362e+02   2.7132e+02   0  H  0.00  1   !  -9.99000e+02  -99.000  -99.000  -999
OBS: 6000235  53642.031   -13.00   0.0000e+00   1.6311e+03   1.5731e+02   0  H  0.00  1   !  -9.99000e+02  -99.000  -99.000  -999
OBS: 6000235  53644.031   -11.00   0.0000e+00   2.3952e+03   1.2205e+02   0  H  0.00  1   !  -9.99000e+02  -99.000  -99.000  -999
OBS: 6000235  53646.031    -9.00   0.0000e+00   3.0557e+03   1.1170e+02   0  H  0.00  1   !  -9.99000e+02  -99.000  -99.000  -999
OBS: 6000235  53648.031    -7.00   0.0000e+00   3.5110e+03   9.5749e+01   0  H  0.00  1   !  -9.99000e+02  -99.000  -99.000  -999
OBS: 6000235  53650.031    -5.00   0.0000e+00   3.6715e+03   8.5001e+01   0  H  0.00  1   !  -9.99000e+02  -99.000  -99.000  -999
OBS: 6000235  53652.031    -3.00   0.0000e+00   3.5728e+03   8.6207e+01   0  H  0.00  1   !  -9.99000e+02  -99.000  -99.000  -999
OBS: 6000235  53654.031    -1.00   0.0000e+00   3.2432e+03   8.6084e+01   0  H  0.00  1   !  -9.99000e+02  -99.000  -99.000  -999
OBS: 6000235  53656.031     1.00   0.0000e+00   2.9507e+03   8.3009e+01   0  H  0.00  1   !  -9.99000e+02  -99.000  -99.000  -999
OBS: 6000235  53658.031     3.00   0.0000e+00   2.7436e+03   8.5829e+01   0  H  0.00  1   !  -9.99000e+02  -99.000  -99.000  -999
OBS: 6000235  53660.031     5.00   0.0000e+00   2.4724e+03   8.5310e+01   0  H  0.00  1   !  -9.99000e+02  -99.000  -99.000  -999
OBS: 6000235  53662.031     7.00   0.0000e+00   2.1741e+03   8.2046e+01   0  H  0.00  1   !  -9.99000e+02  -99.000  -99.000  -999
OBS: 6000235  53664.031     9.00   0.0000e+00   1.9269e+03   7.6868e+01   0  H  0.00  1   !  -9.99000e+02  -99.000  -99.000  -999
OBS: 6000235  53666.031    11.00   0.0000e+00   1.7983e+03   6.8670e+01   0  H  0.00  1   !  -9.99000e+02  -99.000  -99.000  -999
OBS: 6000235  53668.031    13.00   0.0000e+00   1.7576e+03   6.1641e+01   0  H  0.00  1   !  -9.99000e+02  -99.000  -99.000  -999
OBS: 6000235  53670.031    15.00   0.0000e+00   1.7970e+03   6.0428e+01   0  H  0.00  1   !  -9.99000e+02  -99.000  -99.000  -999
OBS: 6000235  53672.031    17.00   0.0000e+00   1.9063e+03   6.5103e+01   0  H  0.00  1   !  -9.99000e+02  -99.000  -99.000  -999
OBS: 6000235  53674.031    19.00   0.0000e+00   2.0440e+03   7.2512e+01   0  H  0.00  1   !  -9.99000e+02  -99.000  -99.000  -999
OBS: 6000235  53676.031    21.00   0.0000e+00   2.1841e+03   7.5063e+01   0  H  0.00  1   !  -9.99000e+02  -99.000  -99.000  -999
OBS: 6000235  53678.031    23.00   0.0000e+00   2.2856e+03   7.4864e+01   0  H  0.00  1   !  -9.99000e+02  -99.000  -99.000  -999
OBS: 6000235  53680.031    25.00   0.0000e+00   2.3824e+03   7.2106e+01   0  H  0.00  1   !  -9.99000e+02  -99.000  -99.000  -999
OBS: 6000235  53682.031    27.00   0.0000e+00   2.4982e+03   6.6618e+01   0  H  0.00  1   !  -9.99000e+02  -99.000  -99.000  -999
OBS: 6000235  53684.031    29.00   0.0000e+00   2.6000e+03   6.7913e+01   0  H  0.00  1   !  -9.99000e+02  -99.000  -99.000  -999
OBS: 6000235  53686.031    31.00   0.0000e+00   2.7045e+03   7.9618e+01   0  H  0.00  1   !  -9.99000e+02  -99.000  -99.000  -999
OBS: 6000235  53688.031    33.00   0.0000e+00   2.7626e+03   9.2088e+01   0  H  0.00  1   !  -9.99000e+02  -99.000  -99.000  -999
OBS: 6000235  53690.031    35.00   0.0000e+00   2.7694e+03   9.8979e+01   0  H  0.00  1   !  -9.99000e+02  -99.000  -99.000  -999
OBS: 6000235  53692.031    37.00   0.0000e+00   2.6978e+03   1.0487e+02   0  H  0.00  1   !  -9.99000e+02  -99.000  -99.000  -999
OBS: 6000235  53694.031    39.00   0.0000e+00   2.5206e+03   1.1182e+02   0  H  0.00  1   !  -9.99000e+02  -99.000  -99.000  -999
OBS: 6000235  53696.031    41.00   0.0000e+00   2.3008e+03   1.0985e+02   0  H  0.00  1   !  -9.99000e+02  -99.000  -99.000  -999
OBS: 6000235  53698.031    43.00   0.0000e+00   2.0231e+03   1.0568e+02   0  H  0.00  1   !  -9.99000e+02  -99.000  -99.000  -999
OBS: 6000235  53700.031    45.00   0.0000e+00   1.7499e+03   1.0010e+02   0  H  0.00  1   !  -9.99000e+02  -99.000  -99.000  -999
OBS: 6000235  53702.031    47.00   0.0000e+00   1.5534e+03   9.1267e+01   0  H  0.00  1   !  -9.99000e+02  -99.000  -99.000  -999
OBS: 6000235  53704.031    49.00   0.0000e+00   1.4237e+03   9.0261e+01   0  H  0.00  1   !  -9.99000e+02  -99.000  -99.000  -999
OBS: 6000235  53706.031    51.00   0.0000e+00   1.3132e+03   1.0079e+02   0  H  0.00  1   !  -9.99000e+02  -99.000  -99.000  -999
OBS: 6000235  53708.031    53.00   0.0000e+00   1.2009e+03   1.1556e+02   0  H  0.00  1   !  -9.99000e+02  -99.000  -99.000  -999
OBS: 6000235  53710.031    55.00   0.0000e+00   1.0930e+03   6.5788e+02   0  H  0.00  1   !  -9.99000e+02  -99.000  -99.000  -999
OBS: 6000235  53712.031    57.00   0.0000e+00   1.0002e+03   6.0204e+02   0  H  0.00  1   !  -9.99000e+02  -99.000  -99.000  -999
OBS: 6000235  53714.031    59.00   0.0000e+00   9.2385e+02   5.5608e+02   0  H  0.00  1   !  -9.99000e+02  -99.000  -99.000  -999
OBS: 6000235  53716.031    61.00   0.0000e+00   8.5502e+02   5.1465e+02   0  H  0.00  1   !  -9.99000e+02  -99.000  -99.000  -999
OBS: 6000235  53718.031    63.00   0.0000e+00   7.9676e+02   4.7958e+02   0  H  0.00  1   !  -9.99000e+02  -99.000  -99.000  -999
OBS: 6000235  53720.031    65.00   0.0000e+00   6.9178e+02   4.1639e+02   0  H  0.00  1   !  -9.99000e+02  -99.000  -99.000  -999
OBS: 6000235  53722.031    67.00   0.0000e+00   5.7864e+02   3.4829e+02   0  H  0.00  1   !  -9.99000e+02  -99.000  -99.000  -999
OBS: 6000235  53724.031    69.00   0.0000e+00   4.9616e+02   2.9864e+02   0  H  0.00  1   !  -9.99000e+02  -99.000  -99.000  -999
OBS: 6000235  53726.031    71.00   0.0000e+00   4.3779e+02   2.6351e+02   0  H  0.00  1   !  -9.99000e+02  -99.000  -99.000  -999
OBS: 6000235  53728.031    73.00   0.0000e+00   3.9588e+02   2.3828e+02   0  H  0.00  1   !  -9.99000e+02  -99.000  -99.000  -999
OBS: 6000235  53730.031    75.00   0.0000e+00   3.6316e+02   2.1859e+02   0  H  0.00  1   !  -9.99000e+02  -99.000  -99.000  -999
OBS: 6000235  53732.031    77.00   0.0000e+00   3.3247e+02   2.0012e+02   0  H  0.00  1   !  -9.99000e+02  -99.000  -99.000  -999
OBS: 6000235  53734.031    79.00   0.0000e+00   3.0433e+02   1.8318e+02   0  H  0.00  1   !  -9.99000e+02  -99.000  -99.000  -999
OBS: 6000235  53736.031    81.00   0.0000e+00   2.8351e+02   1.7065e+02   0  H  0.00  1   !  -9.99000e+02  -99.000  -99.000  -999
OBS: 6000235  53738.031    83.00   0.0000e+00   2.6421e+02   1.5903e+02   0  H  0.00  1   !  -9.99000e+02  -99.000  -99.000  -999
OBS: 6000235  53740.031    85.00   0.0000e+00   2.4635e+02   1.4828e+02   0  H  0.00  1   !  -9.99000e+02  -99.000  -99.000  -999
OBS: 6000235  53742.031    87.00   0.0000e+00   2.2985e+02   1.3835e+02   0  H  0.00  1   !  -9.99000e+02  -99.000  -99.000  -999
OBS: 6000235  53744.031    89.00   0.0000e+00   2.1472e+02   1.2924e+02   0  H  0.00  1   !  -9.99000e+02  -99.000  -99.000  -999
OBS: 6000235  53746.031    91.00   0.0000e+00   2.0037e+02   1.2060e+02   0  H  0.00  1   !  -9.99000e+02  -99.000  -99.000  -999
OBS: 6000235  53748.031    93.00   0.0000e+00   1.8602e+02   1.1197e+02   0  H  0.00  1   !  -9.99000e+02  -99.000  -99.000  -999
OBS: 6000235  53750.031    95.00   0.0000e+00   1.7269e+02   1.0395e+02   0  H  0.00  1   !  -9.99000e+02  -99.000  -99.000  -999
OBS: 6000235  53752.031    97.00   0.0000e+00   1.6032e+02   9.6498e+01   0  H  0.00  1   !  -9.99000e+02  -99.000  -99.000  -999
OBS: 6000235  53754.031    99.00   0.0000e+00   1.4883e+02   8.9584e+01   0  H  0.00  1   !  -9.99000e+02  -99.000  -99.000  -999
OBS: 6000235  53756.031   101.00   0.0000e+00   1.3817e+02   8.3164e+01   0  H  0.00  1   !  -9.99000e+02  -99.000  -99.000  -999
OBS: 6000235  53758.031   103.00   0.0000e+00   1.2826e+02   7.7203e+01   0  H  0.00  1   !  -9.99000e+02  -99.000  -99.000  -999
OBS: 6000235  53760.031   105.00   0.0000e+00   1.1907e+02   7.1669e+01   0  H  0.00  1   !  -9.99000e+02  -99.000  -99.000  -999
OBS: 6000235  53762.031   107.00   0.0000e+00   1.1053e+02   6.6531e+01   0  H  0.00  1   !  -9.99000e+02  -99.000  -99.000  -999
OBS: 6000235  53764.031   109.00   0.0000e+00   1.0261e+02   6.1760e+01   0  H  0.00  1   !  -9.99000e+02  -99.000  -99.000  -999
OBS: 6000235  53766.031   111.00   0.0000e+00   9.5249e+01   5.7331e+01   0  H  0.00  1   !  -9.99000e+02  -99.000  -99.000  -999
OBS: 6000235  53768.031   113.00   0.0000e+00   8.8417e+01   5.3219e+01   0  H  0.00  1   !  -9.99000e+02  -99.000  -99.000  -999
OBS: 6000235  53770.031   115.00   0.0000e+00   8.2075e+01   4.9402e+01   0  H  0.00  1   !  -9.99000e+02  -99.000  -99.000  -999
OBS: 6000235  53772.031   117.00   0.0000e+00   7.6187e+01   4.5858e+01   0  H  0.00  1   !  -9.99000e+02  -99.000  -99.000  -999
OBS: 6000235  53774.031   119.00   0.0000e+00   7.0721e+01   4.2568e+01   0  H  0.00  1   !  -9.99000e+02  -99.000  -99.000  -999
OBS: 6000235  53776.031   121.00   0.0000e+00   6.5646e+01   3.9513e+01   0  H  0.00  1   !  -9.99000e+02  -99.000  -99.000  -999
OBS: 6000235  53778.031   123.00   0.0000e+00   6.0935e+01   3.6677e+01   0  H  0.00  1   !  -9.99000e+02  -99.000  -99.000  -999
OBS: 6000235  53780.031   125.00   0.0000e+00   5.6561e+01   3.4045e+01   0  H  0.00  1   !  -9.99000e+02  -99.000  -99.000  -999
OBS: 6000235  53782.031   127.00   0.0000e+00   5.2501e+01   3.1601e+01   0  H  0.00  1   !  -9.99000e+02  -99.000  -99.000  -999
OBS: 6000235  53784.031   129.00   0.0000e+00   4.8732e+01   2.9332e+01   0  H  0.00  1   !  -9.99000e+02  -99.000  -99.000  -999
OBS: 6000235  53786.031   131.00   0.0000e+00   4.5232e+01   2.7226e+01   0  H  0.00  1   !  -9.99000e+02  -99.000  -99.000  -999
OBS: 6000235  53788.031   133.00   0.0000e+00   4.1984e+01   2.5271e+01   0  H  0.00  1   !  -9.99000e+02  -99.000  -99.000  -999
OBS: 6000235  53790.031   135.00   0.0000e+00   3.8969e+01   2.3456e+01   0  H  0.00  1   !  -9.99000e+02  -99.000  -99.000  -999
OBS: 6000235  53792.031   137.00   0.0000e+00   3.6169e+01   2.1771e+01   0  H  0.00  1   !  -9.99000e+02  -99.000  -99.000  -999
OBS: 6000235  53794.031   139.00   0.0000e+00   3.3571e+01   2.0207e+01   0  H  0.00  1   !  -9.99000e+02  -99.000  -99.000  -999
