VARNAMES: CID MJD Tobs SIM_FLUXCAL FLUXCAL FLUXCAL_ERR DATAFLAG BAND CHI2 IFIT BAND_REST FLUX_REST KCOR AVWARP SIM_FLUX_REST 
OBS: 6000190  54198.551    -8.81   3.7975e+03   3.8965e+03   7.3132e+02   1  J  0.11  1   J  2.49782e+18  -0.133  0.173  1.00000e+11
OBS: 6000190  54198.559    -8.80   3.8008e+03   4.0258e+03   6.5774e+02   1  J  0.32  1   J  2.58092e+18  -0.133  0.172  1.00000e+11
OBS: 6000190  54201.559    -5.80   4.4195e+03   4.5902e+03   9.0166e+02   1  J  0.15  1   J  2.97661e+18  -0.120  0.015  1.00000e+11
OBS: 6000190  54201.570    -5.79   4.4206e+03   3.0755e+03   7.1237e+02   1  J  2.68  1   J  1.99437e+18  -0.120  0.015  1.00000e+11
OBS: 6000190  54205.590    -1.77   4.2606e+03   3.0837e+03   7.0802e+02   1  J  2.01  1   J  1.99785e+18  -0.121  0.063  1.00000e+11
OBS: 6000190  54205.602    -1.76   4.2591e+03   3.0661e+03   6.3802e+02   1  J  2.55  1   J  1.98638e+18  -0.121  0.064  1.00000e+11
OBS: 6000190  54208.480     1.12   3.6333e+03   4.0222e+03   6.6951e+02   1  J  0.62  1   J  2.66689e+18  -0.096  0.599  1.00000e+11
OBS: 6000190  54223.480    16.12   1.0835e+03   9.9510e+02   3.0055e+02   1  J  0.02  1   J  5.55716e+17  -0.282  -0.494  1.00000e+11
OBS: 6000190  54225.469    18.11   1.1298e+03   9.9447e+02   2.2044e+02   1  J  0.15  1   J  5.52881e+17  -0.287  -0.255  1.00000e+11
OBS: 6000190  54228.488    21.13   1.2426e+03   6.7249e+02   6.0956e+02   1  J  0.72  1   J  3.68379e+17  -0.303  -0.151  1.00000e+11
OBS: 6000190  54148.363   -59.00   0.0000e+00   0.0000e+00   0.0000e+00   0  J  0.00  1   !  -9.99000e+02  -99.000  -99.000  -999
OBS: 6000190  54150.363   -57.00   0.0000e+00   0.0000e+00   0.0000e+00   0  J  0.00  1   !  -9.99000e+02  -99.000  -99.000  -999
OBS: 6000190  54152.363   -55.00   0.0000e+00   0.0000e+00   0.0000e+00   0  J  0.00  1   !  -9.99000e+02  -99.000  -99.000  -999
OBS: 6000190  54154.363   -53.00   0.0000e+00   0.0000e+00   0.0000e+00   0  J  0.00  1   !  -9.99000e+02  -99.000  -99.000  -999
OBS: 6000190  54156.363   -51.00   0.0000e+00   0.0000e+00   0.0000e+00   0  J  0.00  1   !  -9.99000e+02  -99.000  -99.000  -999
OBS: 6000190  54158.363   -49.00   0.0000e+00   0.0000e+00   0.0000e+00   0  J  0.00  1   !  -9.99000e+02  -99.000  -99.000  -999
OBS: 6000190  54160.363   -47.00   0.0000e+00   0.0000e+00   0.0000e+00   0  J  0.00  1   !  -9.99000e+02  -99.000  -99.000  -999
OBS: 6000190  54162.363   -45.00   0.0000e+00   0.0000e+00   0.0000e+00   0  J  0.00  1   !  -9.99000e+02  -99.000  -99.000  -999
OBS: 6000190  54164.363   -43.00   0.0000e+00   0.0000e+00   0.0000e+00   0  J  0.00  1   !  -9.99000e+02  -99.000  -99.000  -999
OBS: 6000190  54166.363   -41.00   0.0000e+00   0.0000e+00   0.0000e+00   0  J  0.00  1   !  -9.99000e+02  -99.000  -99.000  -999
OBS: 6000190  54168.363   -39.00   0.0000e+00   0.0000e+00   0.0000e+00   0  J  0.00  1   !  -9.99000e+02  -99.000  -99.000  -999
OBS: 6000190  54170.363   -37.00   0.0000e+00   0.0000e+00   0.0000e+00   0  J  0.00  1   !  -9.99000e+02  -99.000  -99.000  -999
OBS: 6000190  54172.363   -35.00   0.0000e+00   0.0000e+00   0.0000e+00   0  J  0.00  1   !  -9.99000e+02  -99.000  -99.000  -999
OBS: 6000190  54174.363   -33.00   0.0000e+00   0.0000e+00   0.0000e+00   0  J  0.00  1   !  -9.99000e+02  -99.000  -99.000  -999
OBS: 6000190  54176.363   -31.00   0.0000e+00   0.0000e+00   0.0000e+00   0  J  0.00  1   !  -9.99000e+02  -99.000  -99.000  -999
OBS: 6000190  54178.363   -29.00   0.0000e+00   0.0000e+00   0.0000e+00   0  J  0.00  1   !  -9.99000e+02  -99.000  -99.000  -999
OBS: 6000190  54180.363   -27.00   0.0000e+00   0.0000e+00   0.0000e+00   0  J  0.00  1   !  -9.99000e+02  -99.000  -99.000  -999
OBS: 6000190  54182.363   -25.00   0.0000e+00   0.0000e+00   0.0000e+00   0  J  0.00  1   !  -9.99000e+02  -99.000  -99.000  -999
OBS: 6000190  54184.363   -23.00   0.0000e+00   0.0000e+00   0.0000e+00   0  J  0.00  1   !  -9.99000e+02  -99.000  -99.000  -999
OBS: 6000190  54186.363   -21.00   0.0000e+00   5.6156e+02   3.3801e+02   0  J  0.00  1   !  -9.99000e+02  -99.000  -99.000  -999
OBS: 6000190  54188.363   -19.00   0.0000e+00   6.8960e+02   4.1508e+02   0  J  0.00  1   !  -9.99000e+02  -99.000  -99.000  -999
OBS: 6000190  54190.363   -17.00   0.0000e+00   6.9511e+02   4.1839e+02   0  J  0.00  1   !  -9.99000e+02  -99.000  -99.000  -999
OBS: 6000190  54192.363   -15.00   0.0000e+00   1.0056e+03   3.3490e+02   0  J  0.00  1   !  -9.99000e+02  -99.000  -99.000  -999
OBS: 6000190  54194.363   -13.00   0.0000e+00   1.9261e+03   1.2771e+02   0  J  0.00  1   !  -9.99000e+02  -99.000  -99.000  -999
OBS: 6000190  54196.363   -11.00   0.0000e+00   2.8451e+03   9.7345e+01   0  J  0.00  1   !  -9.99000e+02  -99.000  -99.000  -999
OBS: 6000190  54198.363    -9.00   0.0000e+00   3.5897e+03   1.0261e+02   0  J  0.00  1   !  -9.99000e+02  -99.000  -99.000  -999
OBS: 6000190  54200.363    -7.00   0.0000e+00   4.0800e+03   7.4257e+01   0  J  0.00  1   !  -9.99000e+02  -99.000  -99.000  -999
OBS: 6000190  54202.363    -5.00   0.0000e+00   4.3050e+03   6.4544e+01   0  J  0.00  1   !  -9.99000e+02  -99.000  -99.000  -999
OBS: 6000190  54204.363    -3.00   0.0000e+00   4.2458e+03   6.7689e+01   0  J  0.00  1   !  -9.99000e+02  -99.000  -99.000  -999
OBS: 6000190  54206.363    -1.00   0.0000e+00   3.9777e+03   7.1606e+01   0  J  0.00  1   !  -9.99000e+02  -99.000  -99.000  -999
OBS: 6000190  54208.363     1.00   0.0000e+00   3.5213e+03   6.8670e+01   0  J  0.00  1   !  -9.99000e+02  -99.000  -99.000  -999
OBS: 6000190  54210.363     3.00   0.0000e+00   3.0129e+03   6.7684e+01   0  J  0.00  1   !  -9.99000e+02  -99.000  -99.000  -999
OBS: 6000190  54212.363     5.00   0.0000e+00   2.5214e+03   6.4928e+01   0  J  0.00  1   !  -9.99000e+02  -99.000  -99.000  -999
OBS: 6000190  54214.363     7.00   0.0000e+00   2.0103e+03   6.6116e+01   0  J  0.00  1   !  -9.99000e+02  -99.000  -99.000  -999
OBS: 6000190  54216.363     9.00   0.0000e+00   1.5580e+03   7.0080e+01   0  J  0.00  1   !  -9.99000e+02  -99.000  -99.000  -999
OBS: 6000190  54218.363    11.00   0.0000e+00   1.2403e+03   7.7584e+01   0  J  0.00  1   !  -9.99000e+02  -99.000  -99.000  -999
OBS: 6000190  54220.363    13.00   0.0000e+00   1.0729e+03   8.2663e+01   0  J  0.00  1   !  -9.99000e+02  -99.000  -99.000  -999
OBS: 6000190  54222.363    15.00   0.0000e+00   1.0370e+03   8.3419e+01   0  J  0.00  1   !  -9.99000e+02  -99.000  -99.000  -999
OBS: 6000190  54224.363    17.00   0.0000e+00   1.0566e+03   9.1434e+01   0  J  0.00  1   !  -9.99000e+02  -99.000  -99.000  -999
OBS: 6000190  54226.363    19.00   0.0000e+00   1.1132e+03   1.0016e+02   0  J  0.00  1   !  -9.99000e+02  -99.000  -99.000  -999
OBS: 6000190  54228.363    21.00   0.0000e+00   1.1876e+03   9.3419e+01   0  J  0.00  1   !  -9.99000e+02  -99.000  -99.000  -999
OBS: 6000190  54230.363    23.00   0.0000e+00   1.3260e+03   1.0163e+02   0  J  0.00  1   !  -9.99000e+02  -99.000  -99.000  -999
OBS: 6000190  54232.363    25.00   0.0000e+00   1.4912e+03   1.0264e+02   0  J  0.00  1   !  -9.99000e+02  -99.000  -99.000  -999
OBS: 6000190  54234.363    27.00   0.0000e+00   1.6402e+03   9.6548e+01   0  J  0.00  1   !  -9.99000e+02  -99.000  -99.000  -999
OBS: 6000190  54236.363    29.00   0.0000e+00   1.7405e+03   1.0707e+02   0  J  0.00  1   !  -9.99000e+02  -99.000  -99.000  -999
OBS: 6000190  54238.363    31.00   0.0000e+00   1.8009e+03   1.0783e+02   0  J  0.00  1   !  -9.99000e+02  -99.000  -99.000  -999
OBS: 6000190  54240.363    33.00   0.0000e+00   1.8614e+03   9.8683e+01   0  J  0.00  1   !  -9.99000e+02  -99.000  -99.000  -999
OBS: 6000190  54242.363    35.00   0.0000e+00   1.9202e+03   9.9667e+01   0  J  0.00  1   !  -9.99000e+02  -99.000  -99.000  -999
OBS: 6000190  54244.363    37.00   0.0000e+00   1.8746e+03   1.0487e+02   0  J  0.00  1   !  -9.99000e+02  -99.000  -99.000  -999
OBS: 6000190  54246.363    39.00   0.0000e+00   1.6949e+03   1.2768e+02   0  J  0.00  1   !  -9.99000e+02  -99.000  -99.000  -999
OBS: 6000190  54248.363    41.00   0.0000e+00   1.4565e+03   1.2622e+02   0  J  0.00  1   !  -9.99000e+02  -99.000  -99.000  -999
OBS: 6000190  54250.363    43.00   0.0000e+00   1.2047e+03   1.2394e+02   0  J  0.00  1   !  -9.99000e+02  -99.000  -99.000  -999
OBS: 6000190  54252.363    45.00   0.0000e+00   1.0056e+03   1.2490e+02   0  J  0.00  1   !  -9.99000e+02  -99.000  -99.000  -999
OBS: 6000190  54254.363    47.00   0.0000e+00   9.0570e+02   1.3037e+02   0  J  0.00  1   !  -9.99000e+02  -99.000  -99.000  -999
OBS: 6000190  54256.363    49.00   0.0000e+00   8.3978e+02   1.4224e+02   0  J  0.00  1   !  -9.99000e+02  -99.000  -99.000  -999
OBS: 6000190  54258.363    51.00   0.0000e+00   7.5948e+02   1.8777e+02   0  J  0.00  1   !  -9.99000e+02  -99.000  -99.000  -999
OBS: 6000190  54260.363    53.00   0.0000e+00   6.7134e+02   2.9164e+02   0  J  0.00  1   !  -9.99000e+02  -99.000  -99.000  -999
OBS: 6000190  54262.363    55.00   0.0000e+00   5.9918e+02   3.6065e+02   0  J  0.00  1   !  -9.99000e+02  -99.000  -99.000  -999
OBS: 6000190  54264.363    57.00   0.0000e+00   5.3634e+02   3.2283e+02   0  J  0.00  1   !  -9.99000e+02  -99.000  -99.000  -999
OBS: 6000190  54266.363    59.00   0.0000e+00   4.7793e+02   2.8767e+02   0  J  0.00  1   !  -9.99000e+02  -99.000  -99.000  -999
OBS: 6000190  54268.363    61.00   0.0000e+00   4.2441e+02   2.5546e+02   0  J  0.00  1   !  -9.99000e+02  -99.000  -99.000  -999
OBS: 6000190  54270.363    63.00   0.0000e+00   3.8481e+02   2.3162e+02   0  J  0.00  1   !  -9.99000e+02  -99.000  -99.000  -999
OBS: 6000190  54272.363    65.00   0.0000e+00   3.0562e+02   1.8396e+02   0  J  0.00  1   !  -9.99000e+02  -99.000  -99.000  -999
OBS: 6000190  54274.363    67.00   0.0000e+00   2.5109e+02   1.5113e+02   0  J  0.00  1   !  -9.99000e+02  -99.000  -99.000  -999
OBS: 6000190  54276.363    69.00   0.0000e+00   2.1436e+02   1.2903e+02   0  J  0.00  1   !  -9.99000e+02  -99.000  -99.000  -999
OBS: 6000190  54278.363    71.00   0.0000e+00   1.8579e+02   1.1183e+02   0  J  0.00  1   !  -9.99000e+02  -99.000  -99.000  -999
OBS: 6000190  54280.363    73.00   0.0000e+00   1.6103e+02   9.6927e+01   0  J  0.00  1   !  -9.99000e+02  -99.000  -99.000  -999
OBS: 6000190  54282.363    75.00   0.0000e+00   1.3801e+02   8.3068e+01   0  J  0.00  1   !  -9.99000e+02  -99.000  -99.000  -999
OBS: 6000190  54284.363    77.00   0.0000e+00   1.1605e+02   6.9850e+01   0  J  0.00  1   !  -9.99000e+02  -99.000  -99.000  -999
OBS: 6000190  54286.363    79.00   0.0000e+00   1.0006e+02   6.0227e+01   0  J  0.00  1   !  -9.99000e+02  -99.000  -99.000  -999
OBS: 6000190  54288.363    81.00   0.0000e+00   8.9085e+01   5.3622e+01   0  J  0.00  1   !  -9.99000e+02  -99.000  -99.000  -999
OBS: 6000190  54290.363    83.00   0.0000e+00   7.9258e+01   4.7706e+01   0  J  0.00  1   !  -9.99000e+02  -99.000  -99.000  -999
OBS: 6000190  54292.363    85.00   0.0000e+00   7.0453e+01   4.2407e+01   0  J  0.00  1   !  -9.99000e+02  -99.000  -99.000  -999
OBS: 6000190  54294.363    87.00   0.0000e+00   6.2526e+01   3.7635e+01   0  J  0.00  1   !  -9.99000e+02  -99.000  -99.000  -999
OBS: 6000190  54296.363    89.00   0.0000e+00   5.5359e+01   3.3321e+01   0  J  0.00  1   !  -9.99000e+02  -99.000  -99.000  -999
OBS: 6000190  54298.363    91.00   0.0000e+00   4.9499e+01   2.9794e+01   0  J  0.00  1   !  -9.99000e+02  -99.000  -99.000  -999
OBS: 6000190  54300.363    93.00   0.0000e+00   4.4413e+01   2.6733e+01   0  J  0.00  1   !  -9.99000e+02  -99.000  -99.000  -999
OBS: 6000190  54302.363    95.00   0.0000e+00   3.9850e+01   2.3986e+01   0  J  0.00  1   !  -9.99000e+02  -99.000  -99.000  -999
OBS: 6000190  54304.363    97.00   0.0000e+00   3.5757e+01   2.1522e+01   0  J  0.00  1   !  -9.99000e+02  -99.000  -99.000  -999
OBS: 6000190  54306.363    99.00   0.0000e+00   3.2084e+01   1.9312e+01   0  J  0.00  1   !  -9.99000e+02  -99.000  -99.000  -999
OBS: 6000190  54308.363   101.00   0.0000e+00   2.8790e+01   1.7329e+01   0  J  0.00  1   !  -9.99000e+02  -99.000  -99.000  -999
OBS: 6000190  54310.363   103.00   0.0000e+00   2.5834e+01   1.5550e+01   0  J  0.00  1   !  -9.99000e+02  -99.000  -99.000  -999
OBS: 6000190  54312.363   105.00   0.0000e+00   2.3182e+01   1.3953e+01   0  J  0.00  1   !  -9.99000e+02  -99.000  -99.000  -999
OBS: 6000190  54314.363   107.00   0.0000e+00   2.0803e+01   1.2521e+01   0  J  0.00  1   !  -9.99000e+02  -99.000  -99.000  -999
OBS: 6000190  54316.363   109.00   0.0000e+00   1.8668e+01   1.1236e+01   0  J  0.00  1   !  -9.99000e+02  -99.000  -99.000  -999
OBS: 6000190  54318.363   111.00   0.0000e+00   1.6752e+01   1.0083e+01   0  J  0.00  1   !  -9.99000e+02  -99.000  -99.000  -999
OBS: 6000190  54320.363   113.00   0.0000e+00   1.5034e+01   9.0489e+00   0  J  0.00  1   !  -9.99000e+02  -99.000  -99.000  -999
OBS: 6000190  54322.363   115.00   0.0000e+00   1.3492e+01   8.1207e+00   0  J  0.00  1   !  -9.99000e+02  -99.000  -99.000  -999
OBS: 6000190  54324.363   117.00   0.0000e+00   1.2108e+01   7.2879e+00   0  J  0.00  1   !  -9.99000e+02  -99.000  -99.000  -999
OBS: 6000190  54326.363   119.00   0.0000e+00   1.0866e+01   6.5406e+00   0  J  0.00  1   !  -9.99000e+02  -99.000  -99.000  -999
OBS: 6000190  54328.363   121.00   0.0000e+00   9.7523e+00   5.8700e+00   0  J  0.00  1   !  -9.99000e+02  -99.000  -99.000  -999
OBS: 6000190  54330.363   123.00   0.0000e+00   8.7526e+00   5.2683e+00   0  J  0.00  1   !  -9.99000e+02  -99.000  -99.000  -999
OBS: 6000190  54332.363   125.00   0.0000e+00   7.8555e+00   4.7283e+00   0  J  0.00  1   !  -9.99000e+02  -99.000  -99.000  -999
OBS: 6000190  54334.363   127.00   0.0000e+00   7.0505e+00   4.2438e+00   0  J  0.00  1   !  -9.99000e+02  -99.000  -99.000  -999
OBS: 6000190  54336.363   129.00   0.0000e+00   6.3281e+00   3.8090e+00   0  J  0.00  1   !  -9.99000e+02  -99.000  -99.000  -999
OBS: 6000190  54338.363   131.00   0.0000e+00   5.6798e+00   3.4188e+00   0  J  0.00  1   !  -9.99000e+02  -99.000  -99.000  -999
OBS: 6000190  54340.363   133.00   0.0000e+00   5.0981e+00   3.0686e+00   0  J  0.00  1   !  -9.99000e+02  -99.000  -99.000  -999
OBS: 6000190  54342.363   135.00   0.0000e+00   4.5760e+00   2.7543e+00   0  J  0.00  1   !  -9.99000e+02  -99.000  -99.000  -999
OBS: 6000190  54344.363   137.00   0.0000e+00   4.1074e+00   2.4723e+00   0  J  0.00  1   !  -9.99000e+02  -99.000  -99.000  -999
OBS: 6000190  54346.363   139.00   0.0000e+00   3.6869e+00   2.2192e+00   0  J  0.00  1   !  -9.99000e+02  -99.000  -99.000  -999
OBS: 6000190  54198.551    -8.81   3.2329e+03   3.5936e+03   3.1543e+02   1  Y  0.69  1   Y  2.30363e+18  -0.133  -0.574  1.00000e+11
OBS: 6000190  54198.559    -8.80   3.2367e+03   3.4599e+03   3.4323e+02   1  Y  0.15  1   Y  2.21743e+18  -0.133  -0.575  1.00000e+11
OBS: 6000190  54201.559    -5.80   4.0370e+03   4.4032e+03   3.5512e+02   1  Y  0.49  1   Y  2.63153e+18  -0.209  -0.963  1.00000e+11
OBS: 6000190  54201.570    -5.79   4.0383e+03   3.6898e+03   4.1812e+02   1  Y  1.16  1   Y  2.20475e+18  -0.209  -0.964  1.00000e+11
OBS: 6000190  54205.590    -1.77   3.7578e+03   3.8824e+03   3.7367e+02   1  Y  0.00  1   Y  2.24623e+18  -0.244  -1.498  1.00000e+11
OBS: 6000190  54205.602    -1.76   3.7549e+03   4.0007e+03   4.5680e+02   1  Y  0.09  1   Y  2.31500e+18  -0.244  -1.500  1.00000e+11
OBS: 6000190  54208.469     1.11   3.0266e+03   3.5367e+03   4.7145e+02   1  Y  0.79  1   Y  2.06805e+18  -0.233  -1.760  1.00000e+11
OBS: 6000190  54208.480     1.12   3.0247e+03   2.8903e+03   3.2746e+02   1  Y  0.42  1   Y  1.68979e+18  -0.233  -1.760  1.00000e+11
OBS: 6000190  54217.469    10.11   2.0924e+03   2.1416e+03   2.9040e+02   1  Y  0.00  1   Y  1.12666e+18  -0.347  -1.615  1.00000e+11
OBS: 6000190  54217.480    10.12   2.0921e+03   2.5727e+03   3.9350e+02   1  Y  1.09  1   Y  1.35352e+18  -0.347  -1.614  1.00000e+11
OBS: 6000190  54220.512    13.15   2.1033e+03   1.7945e+03   4.1244e+02   1  Y  0.74  1   Y  9.70597e+17  -0.317  -1.168  1.00000e+11
OBS: 6000190  54220.520    13.16   2.1038e+03   2.0407e+03   3.5574e+02   1  Y  0.11  1   Y  1.10380e+18  -0.317  -1.166  1.00000e+11
OBS: 6000190  54228.480    21.12   2.7905e+03   2.7932e+03   3.7958e+02   1  Y  0.03  1   Y  1.54095e+18  -0.296  -0.775  1.00000e+11
OBS: 6000190  54228.488    21.13   2.7909e+03   2.8125e+03   4.4940e+02   1  Y  0.01  1   Y  1.55203e+18  -0.295  -0.775  1.00000e+11
OBS: 6000190  54234.488    27.13   3.6422e+03   3.3639e+03   3.9084e+02   1  Y  0.84  1   Y  1.97997e+18  -0.225  -0.789  1.00000e+11
OBS: 6000190  54234.488    27.13   3.6422e+03   2.9377e+03   4.0843e+02   1  Y  3.52  1   Y  1.72909e+18  -0.225  -0.789  1.00000e+11
OBS: 6000190  54244.469    37.11   3.7705e+03   3.8267e+03   3.6273e+02   1  Y  0.01  1   Y  2.64627e+18  -0.050  -0.204  1.00000e+11
OBS: 6000190  54244.480    37.12   3.7695e+03   3.7297e+03   3.7308e+02   1  Y  0.13  1   Y  2.57939e+18  -0.050  -0.204  1.00000e+11
OBS: 6000190  54247.480    40.12   3.3840e+03   3.8236e+03   4.4777e+02   1  Y  0.58  1   Y  2.64933e+18  -0.048  -0.193  1.00000e+11
OBS: 6000190  54247.488    40.13   3.3822e+03   3.1982e+03   4.5618e+02   1  Y  0.34  1   Y  2.21598e+18  -0.048  -0.193  1.00000e+11
OBS: 6000190  54148.363   -59.00   0.0000e+00   0.0000e+00   0.0000e+00   0  Y  0.00  1   !  -9.99000e+02  -99.000  -99.000  -999
OBS: 6000190  54150.363   -57.00   0.0000e+00   0.0000e+00   0.0000e+00   0  Y  0.00  1   !  -9.99000e+02  -99.000  -99.000  -999
OBS: 6000190  54152.363   -55.00   0.0000e+00   0.0000e+00   0.0000e+00   0  Y  0.00  1   !  -9.99000e+02  -99.000  -99.000  -999
OBS: 6000190  54154.363   -53.00   0.0000e+00   0.0000e+00   0.0000e+00   0  Y  0.00  1   !  -9.99000e+02  -99.000  -99.000  -999
OBS: 6000190  54156.363   -51.00   0.0000e+00   0.0000e+00   0.0000e+00   0  Y  0.00  1   !  -9.99000e+02  -99.000  -99.000  -999
OBS: 6000190  54158.363   -49.00   0.0000e+00   0.0000e+00   0.0000e+00   0  Y  0.00  1   !  -9.99000e+02  -99.000  -99.000  -999
OBS: 6000190  54160.363   -47.00   0.0000e+00   0.0000e+00   0.0000e+00   0  Y  0.00  1   !  -9.99000e+02  -99.000  -99.000  -999
OBS: 6000190  54162.363   -45.00   0.0000e+00   0.0000e+00   0.0000e+00   0  Y  0.00  1   !  -9.99000e+02  -99.000  -99.000  -999
OBS: 6000190  54164.363   -43.00   0.0000e+00   0.0000e+00   0.0000e+00   0  Y  0.00  1   !  -9.99000e+02  -99.000  -99.000  -999
OBS: 6000190  54166.363   -41.00   0.0000e+00   0.0000e+00   0.0000e+00   0  Y  0.00  1   !  -9.99000e+02  -99.000  -99.000  -999
OBS: 6000190  54168.363   -39.00   0.0000e+00   0.0000e+00   0.0000e+00   0  Y  0.00  1   !  -9.99000e+02  -99.000  -99.000  -999
OBS: 6000190  54170.363   -37.00   0.0000e+00   0.0000e+00   0.0000e+00   0  Y  0.00  1   !  -9.99000e+02  -99.000  -99.000  -999
OBS: 6000190  54172.363   -35.00   0.0000e+00   0.0000e+00   0.0000e+00   0  Y  0.00  1   !  -9.99000e+02  -99.000  -99.000  -999
OBS: 6000190  54174.363   -33.00   0.0000e+00   0.0000e+00   0.0000e+00   0  Y  0.00  1   !  -9.99000e+02  -99.000  -99.000  -999
OBS: 6000190  54176.363   -31.00   0.0000e+00   0.0000e+00   0.0000e+00   0  Y  0.00  1   !  -9.99000e+02  -99.000  -99.000  -999
OBS: 6000190  54178.363   -29.00   0.0000e+00   0.0000e+00   0.0000e+00   0  Y  0.00  1   !  -9.99000e+02  -99.000  -99.000  -999
OBS: 6000190  54180.363   -27.00   0.0000e+00   0.0000e+00   0.0000e+00   0  Y  0.00  1   !  -9.99000e+02  -99.000  -99.000  -999
OBS: 6000190  54182.363   -25.00   0.0000e+00   0.0000e+00   0.0000e+00   0  Y  0.00  1   !  -9.99000e+02  -99.000  -99.000  -999
OBS: 6000190  54184.363   -23.00   0.0000e+00   0.0000e+00   0.0000e+00   0  Y  0.00  1   !  -9.99000e+02  -99.000  -99.000  -999
OBS: 6000190  54186.363   -21.00   0.0000e+00   5.7664e+02   3.4708e+02   0  Y  0.00  1   !  -9.99000e+02  -99.000  -99.000  -999
OBS: 6000190  54188.363   -19.00   0.0000e+00   5.0928e+02   3.0654e+02   0  Y  0.00  1   !  -9.99000e+02  -99.000  -99.000  -999
OBS: 6000190  54190.363   -17.00   0.0000e+00   5.0449e+02   3.0366e+02   0  Y  0.00  1   !  -9.99000e+02  -99.000  -99.000  -999
OBS: 6000190  54192.363   -15.00   0.0000e+00   7.9476e+02   2.5333e+02   0  Y  0.00  1   !  -9.99000e+02  -99.000  -99.000  -999
OBS: 6000190  54194.363   -13.00   0.0000e+00   1.6328e+03   1.1366e+02   0  Y  0.00  1   !  -9.99000e+02  -99.000  -99.000  -999
OBS: 6000190  54196.363   -11.00   0.0000e+00   2.4665e+03   9.5358e+01   0  Y  0.00  1   !  -9.99000e+02  -99.000  -99.000  -999
OBS: 6000190  54198.363    -9.00   0.0000e+00   3.2483e+03   9.9620e+01   0  Y  0.00  1   !  -9.99000e+02  -99.000  -99.000  -999
OBS: 6000190  54200.363    -7.00   0.0000e+00   3.9248e+03   8.8546e+01   0  Y  0.00  1   !  -9.99000e+02  -99.000  -99.000  -999
OBS: 6000190  54202.363    -5.00   0.0000e+00   4.2270e+03   8.3612e+01   0  Y  0.00  1   !  -9.99000e+02  -99.000  -99.000  -999
OBS: 6000190  54204.363    -3.00   0.0000e+00   4.1381e+03   9.4982e+01   0  Y  0.00  1   !  -9.99000e+02  -99.000  -99.000  -999
OBS: 6000190  54206.363    -1.00   0.0000e+00   3.6411e+03   9.4907e+01   0  Y  0.00  1   !  -9.99000e+02  -99.000  -99.000  -999
OBS: 6000190  54208.363     1.00   0.0000e+00   3.1334e+03   8.9680e+01   0  Y  0.00  1   !  -9.99000e+02  -99.000  -99.000  -999
OBS: 6000190  54210.363     3.00   0.0000e+00   2.8158e+03   9.4248e+01   0  Y  0.00  1   !  -9.99000e+02  -99.000  -99.000  -999
OBS: 6000190  54212.363     5.00   0.0000e+00   2.5417e+03   1.0138e+02   0  Y  0.00  1   !  -9.99000e+02  -99.000  -99.000  -999
OBS: 6000190  54214.363     7.00   0.0000e+00   2.3117e+03   1.0267e+02   0  Y  0.00  1   !  -9.99000e+02  -99.000  -99.000  -999
OBS: 6000190  54216.363     9.00   0.0000e+00   2.1843e+03   1.0021e+02   0  Y  0.00  1   !  -9.99000e+02  -99.000  -99.000  -999
OBS: 6000190  54218.363    11.00   0.0000e+00   2.1243e+03   9.5965e+01   0  Y  0.00  1   !  -9.99000e+02  -99.000  -99.000  -999
OBS: 6000190  54220.363    13.00   0.0000e+00   2.1523e+03   1.0072e+02   0  Y  0.00  1   !  -9.99000e+02  -99.000  -99.000  -999
OBS: 6000190  54222.363    15.00   0.0000e+00   2.2875e+03   1.0355e+02   0  Y  0.00  1   !  -9.99000e+02  -99.000  -99.000  -999
OBS: 6000190  54224.363    17.00   0.0000e+00   2.4925e+03   1.0609e+02   0  Y  0.00  1   !  -9.99000e+02  -99.000  -99.000  -999
OBS: 6000190  54226.363    19.00   0.0000e+00   2.6906e+03   1.1471e+02   0  Y  0.00  1   !  -9.99000e+02  -99.000  -99.000  -999
OBS: 6000190  54228.363    21.00   0.0000e+00   2.8595e+03   1.2851e+02   0  Y  0.00  1   !  -9.99000e+02  -99.000  -99.000  -999
OBS: 6000190  54230.363    23.00   0.0000e+00   2.9576e+03   1.3529e+02   0  Y  0.00  1   !  -9.99000e+02  -99.000  -99.000  -999
OBS: 6000190  54232.363    25.00   0.0000e+00   3.2228e+03   1.3394e+02   0  Y  0.00  1   !  -9.99000e+02  -99.000  -99.000  -999
OBS: 6000190  54234.363    27.00   0.0000e+00   3.7057e+03   1.2489e+02   0  Y  0.00  1   !  -9.99000e+02  -99.000  -99.000  -999
OBS: 6000190  54236.363    29.00   0.0000e+00   4.1171e+03   1.2003e+02   0  Y  0.00  1   !  -9.99000e+02  -99.000  -99.000  -999
OBS: 6000190  54238.363    31.00   0.0000e+00   4.2953e+03   1.1505e+02   0  Y  0.00  1   !  -9.99000e+02  -99.000  -99.000  -999
OBS: 6000190  54240.363    33.00   0.0000e+00   4.2878e+03   1.1094e+02   0  Y  0.00  1   !  -9.99000e+02  -99.000  -99.000  -999
OBS: 6000190  54242.363    35.00   0.0000e+00   4.1255e+03   1.0450e+02   0  Y  0.00  1   !  -9.99000e+02  -99.000  -99.000  -999
OBS: 6000190  54244.363    37.00   0.0000e+00   3.8815e+03   1.0208e+02   0  Y  0.00  1   !  -9.99000e+02  -99.000  -99.000  -999
OBS: 6000190  54246.363    39.00   0.0000e+00   3.6488e+03   1.0238e+02   0  Y  0.00  1   !  -9.99000e+02  -99.000  -99.000  -999
OBS: 6000190  54248.363    41.00   0.0000e+00   3.3194e+03   1.0070e+02   0  Y  0.00  1   !  -9.99000e+02  -99.000  -99.000  -999
OBS: 6000190  54250.363    43.00   0.0000e+00   2.9579e+03   1.0620e+02   0  Y  0.00  1   !  -9.99000e+02  -99.000  -99.000  -999
OBS: 6000190  54252.363    45.00   0.0000e+00   2.6522e+03   1.0371e+02   0  Y  0.00  1   !  -9.99000e+02  -99.000  -99.000  -999
OBS: 6000190  54254.363    47.00   0.0000e+00   2.4156e+03   8.9032e+01   0  Y  0.00  1   !  -9.99000e+02  -99.000  -99.000  -999
OBS: 6000190  54256.363    49.00   0.0000e+00   2.1941e+03   8.3517e+01   0  Y  0.00  1   !  -9.99000e+02  -99.000  -99.000  -999
OBS: 6000190  54258.363    51.00   0.0000e+00   1.9722e+03   8.9586e+01   0  Y  0.00  1   !  -9.99000e+02  -99.000  -99.000  -999
OBS: 6000190  54260.363    53.00   0.0000e+00   1.7496e+03   5.3354e+02   0  Y  0.00  1   !  -9.99000e+02  -99.000  -99.000  -999
OBS: 6000190  54262.363    55.00   0.0000e+00   1.5322e+03   9.2226e+02   0  Y  0.00  1   !  -9.99000e+02  -99.000  -99.000  -999
OBS: 6000190  54264.363    57.00   0.0000e+00   1.3714e+03   8.2545e+02   0  Y  0.00  1   !  -9.99000e+02  -99.000  -99.000  -999
OBS: 6000190  54266.363    59.00   0.0000e+00   1.2483e+03   7.5139e+02   0  Y  0.00  1   !  -9.99000e+02  -99.000  -99.000  -999
OBS: 6000190  54268.363    61.00   0.0000e+00   1.1447e+03   6.8902e+02   0  Y  0.00  1   !  -9.99000e+02  -99.000  -99.000  -999
OBS: 6000190  54270.363    63.00   0.0000e+00   1.0640e+03   6.4043e+02   0  Y  0.00  1   !  -9.99000e+02  -99.000  -99.000  -999
OBS: 6000190  54272.363    65.00   0.0000e+00   9.0420e+02   5.4425e+02   0  Y  0.00  1   !  -9.99000e+02  -99.000  -99.000  -999
OBS: 6000190  54274.363    67.00   0.0000e+00   7.6913e+02   4.6295e+02   0  Y  0.00  1   !  -9.99000e+02  -99.000  -99.000  -999
OBS: 6000190  54276.363    69.00   0.0000e+00   6.6637e+02   4.0109e+02   0  Y  0.00  1   !  -9.99000e+02  -99.000  -99.000  -999
OBS: 6000190  54278.363    71.00   0.0000e+00   5.8888e+02   3.5445e+02   0  Y  0.00  1   !  -9.99000e+02  -99.000  -99.000  -999
OBS: 6000190  54280.363    73.00   0.0000e+00   5.3159e+02   3.1997e+02   0  Y  0.00  1   !  -9.99000e+02  -99.000  -99.000  -999
OBS: 6000190  54282.363    75.00   0.0000e+00   4.8735e+02   2.9334e+02   0  Y  0.00  1   !  -9.99000e+02  -99.000  -99.000  -999
OBS: 6000190  54284.363    77.00   0.0000e+00   4.5151e+02   2.7177e+02   0  Y  0.00  1   !  -9.99000e+02  -99.000  -99.000  -999
OBS: 6000190  54286.363    79.00   0.0000e+00   4.1181e+02   2.4787e+02   0  Y  0.00  1   !  -9.99000e+02  -99.000  -99.000  -999
OBS: 6000190  54288.363    81.00   0.0000e+00   3.6910e+02   2.2217e+02   0  Y  0.00  1   !  -9.99000e+02  -99.000  -99.000  -999
OBS: 6000190  54290.363    83.00   0.0000e+00   3.3134e+02   1.9944e+02   0  Y  0.00  1   !  -9.99000e+02  -99.000  -99.000  -999
OBS: 6000190  54292.363    85.00   0.0000e+00   2.9799e+02   1.7936e+02   0  Y  0.00  1   !  -9.99000e+02  -99.000  -99.000  -999
OBS: 6000190  54294.363    87.00   0.0000e+00   2.6868e+02   1.6172e+02   0  Y  0.00  1   !  -9.99000e+02  -99.000  -99.000  -999
OBS: 6000190  54296.363    89.00   0.0000e+00   2.4308e+02   1.4631e+02   0  Y  0.00  1   !  -9.99000e+02  -99.000  -99.000  -999
OBS: 6000190  54298.363    91.00   0.0000e+00   2.1733e+02   1.3081e+02   0  Y  0.00  1   !  -9.99000e+02  -99.000  -99.000  -999
OBS: 6000190  54300.363    93.00   0.0000e+00   1.9347e+02   1.1645e+02   0  Y  0.00  1   !  -9.99000e+02  -99.000  -99.000  -999
OBS: 6000190  54302.363    95.00   0.0000e+00   1.7223e+02   1.0367e+02   0  Y  0.00  1   !  -9.99000e+02  -99.000  -99.000  -999
OBS: 6000190  54304.363    97.00   0.0000e+00   1.5332e+02   9.2288e+01   0  Y  0.00  1   !  -9.99000e+02  -99.000  -99.000  -999
OBS: 6000190  54306.363    99.00   0.0000e+00   1.3649e+02   8.2154e+01   0  Y  0.00  1   !  -9.99000e+02  -99.000  -99.000  -999
OBS: 6000190  54308.363   101.00   0.0000e+00   1.2150e+02   7.3131e+01   0  Y  0.00  1   !  -9.99000e+02  -99.000  -99.000  -999
OBS: 6000190  54310.363   103.00   0.0000e+00   1.0815e+02   6.5099e+01   0  Y  0.00  1   !  -9.99000e+02  -99.000  -99.000  -999
OBS: 6000190  54312.363   105.00   0.0000e+00   9.6273e+01   5.7948e+01   0  Y  0.00  1   !  -9.99000e+02  -99.000  -99.000  -999
OBS: 6000190  54314.363   107.00   0.0000e+00   8.5697e+01   5.1582e+01   0  Y  0.00  1   !  -9.99000e+02  -99.000  -99.000  -999
OBS: 6000190  54316.363   109.00   0.0000e+00   7.6281e+01   4.5914e+01   0  Y  0.00  1   !  -9.99000e+02  -99.000  -99.000  -999
OBS: 6000190  54318.363   111.00   0.0000e+00   6.7899e+01   4.0869e+01   0  Y  0.00  1   !  -9.99000e+02  -99.000  -99.000  -999
OBS: 6000190  54320.363   113.00   0.0000e+00   6.0440e+01   3.6380e+01   0  Y  0.00  1   !  -9.99000e+02  -99.000  -99.000  -999
OBS: 6000190  54322.363   115.00   0.0000e+00   5.3804e+01   3.2385e+01   0  Y  0.00  1   !  -9.99000e+02  -99.000  -99.000  -999
OBS: 6000190  54324.363   117.00   0.0000e+00   4.7893e+01   2.8827e+01   0  Y  0.00  1   !  -9.99000e+02  -99.000  -99.000  -999
OBS: 6000190  54326.363   119.00   0.0000e+00   4.2628e+01   2.5658e+01   0  Y  0.00  1   !  -9.99000e+02  -99.000  -99.000  -999
OBS: 6000190  54328.363   121.00   0.0000e+00   3.7942e+01   2.2837e+01   0  Y  0.00  1   !  -9.99000e+02  -99.000  -99.000  -999
OBS: 6000190  54330.363   123.00   0.0000e+00   3.3770e+01   2.0326e+01   0  Y  0.00  1   !  -9.99000e+02  -99.000  -99.000  -999
OBS: 6000190  54332.363   125.00   0.0000e+00   3.0056e+01   1.8091e+01   0  Y  0.00  1   !  -9.99000e+02  -99.000  -99.000  -999
OBS: 6000190  54334.363   127.00   0.0000e+00   2.6751e+01   1.6102e+01   0  Y  0.00  1   !  -9.99000e+02  -99.000  -99.000  -999
OBS: 6000190  54336.363   129.00   0.0000e+00   2.3809e+01   1.4331e+01   0  Y  0.00  1   !  -9.99000e+02  -99.000  -99.000  -999
OBS: 6000190  54338.363   131.00   0.0000e+00   2.1190e+01   1.2754e+01   0  Y  0.00  1   !  -9.99000e+02  -99.000  -99.000  -999
OBS: 6000190  54340.363   133.00   0.0000e+00   1.8861e+01   1.1353e+01   0  Y  0.00  1   !  -9.99000e+02  -99.000  -99.000  -999
OBS: 6000190  54342.363   135.00   0.0000e+00   1.6790e+01   1.0106e+01   0  Y  0.00  1   !  -9.99000e+02  -99.000  -99.000  -999
OBS: 6000190  54344.363   137.00   0.0000e+00   1.4944e+01   8.9948e+00   0  Y  0.00  1   !  -9.99000e+02  -99.000  -99.000  -999
OBS: 6000190  54346.363   139.00   0.0000e+00   1.3300e+01   8.0051e+00   0  Y  0.00  1   !  -9.99000e+02  -99.000  -99.000  -999
OBS: 6000190  54223.480    16.12   2.2750e+03   2.3050e+03   1.6649e+02   1  y  0.02  1   Y  1.27991e+18  -0.289  -0.769  1.00000e+11
OBS: 6000190  54225.469    18.11   2.4714e+03   2.5649e+03   2.6169e+02   1  y  0.01  1   Y  1.41911e+18  -0.293  -0.728  1.00000e+11
OBS: 6000190  54225.480    18.12   2.4723e+03   2.5994e+03   1.9410e+02   1  y  0.09  1   Y  1.43824e+18  -0.293  -0.728  1.00000e+11
OBS: 6000190  54148.363   -59.00   0.0000e+00   0.0000e+00   0.0000e+00   0  y  0.00  1   !  -9.99000e+02  -99.000  -99.000  -999
OBS: 6000190  54150.363   -57.00   0.0000e+00   0.0000e+00   0.0000e+00   0  y  0.00  1   !  -9.99000e+02  -99.000  -99.000  -999
OBS: 6000190  54152.363   -55.00   0.0000e+00   0.0000e+00   0.0000e+00   0  y  0.00  1   !  -9.99000e+02  -99.000  -99.000  -999
OBS: 6000190  54154.363   -53.00   0.0000e+00   0.0000e+00   0.0000e+00   0  y  0.00  1   !  -9.99000e+02  -99.000  -99.000  -999
OBS: 6000190  54156.363   -51.00   0.0000e+00   0.0000e+00   0.0000e+00   0  y  0.00  1   !  -9.99000e+02  -99.000  -99.000  -999
OBS: 6000190  54158.363   -49.00   0.0000e+00   0.0000e+00   0.0000e+00   0  y  0.00  1   !  -9.99000e+02  -99.000  -99.000  -999
OBS: 6000190  54160.363   -47.00   0.0000e+00   0.0000e+00   0.0000e+00   0  y  0.00  1   !  -9.99000e+02  -99.000  -99.000  -999
OBS: 6000190  54162.363   -45.00   0.0000e+00   0.0000e+00   0.0000e+00   0  y  0.00  1   !  -9.99000e+02  -99.000  -99.000  -999
OBS: 6000190  54164.363   -43.00   0.0000e+00   0.0000e+00   0.0000e+00   0  y  0.00  1   !  -9.99000e+02  -99.000  -99.000  -999
OBS: 6000190  54166.363   -41.00   0.0000e+00   0.0000e+00   0.0000e+00   0  y  0.00  1   !  -9.99000e+02  -99.000  -99.000  -999
OBS: 6000190  54168.363   -39.00   0.0000e+00   0.0000e+00   0.0000e+00   0  y  0.00  1   !  -9.99000e+02  -99.000  -99.000  -999
OBS: 6000190  54170.363   -37.00   0.0000e+00   0.0000e+00   0.0000e+00   0  y  0.00  1   !  -9.99000e+02  -99.000  -99.000  -999
OBS: 6000190  54172.363   -35.00   0.0000e+00   0.0000e+00   0.0000e+00   0  y  0.00  1   !  -9.99000e+02  -99.000  -99.000  -999
OBS: 6000190  54174.363   -33.00   0.0000e+00   0.0000e+00   0.0000e+00   0  y  0.00  1   !  -9.99000e+02  -99.000  -99.000  -999
OBS: 6000190  54176.363   -31.00   0.0000e+00   0.0000e+00   0.0000e+00   0  y  0.00  1   !  -9.99000e+02  -99.000  -99.000  -999
OBS: 6000190  54178.363   -29.00   0.0000e+00   0.0000e+00   0.0000e+00   0  y  0.00  1   !  -9.99000e+02  -99.000  -99.000  -999
OBS: 6000190  54180.363   -27.00   0.0000e+00   0.0000e+00   0.0000e+00   0  y  0.00  1   !  -9.99000e+02  -99.000  -99.000  -999
OBS: 6000190  54182.363   -25.00   0.0000e+00   0.0000e+00   0.0000e+00   0  y  0.00  1   !  -9.99000e+02  -99.000  -99.000  -999
OBS: 6000190  54184.363   -23.00   0.0000e+00   0.0000e+00   0.0000e+00   0  y  0.00  1   !  -9.99000e+02  -99.000  -99.000  -999
OBS: 6000190  54186.363   -21.00   0.0000e+00   5.9202e+02   3.5634e+02   0  y  0.00  1   !  -9.99000e+02  -99.000  -99.000  -999
OBS: 6000190  54188.363   -19.00   0.0000e+00   5.2500e+02   3.1601e+02   0  y  0.00  1   !  -9.99000e+02  -99.000  -99.000  -999
OBS: 6000190  54190.363   -17.00   0.0000e+00   5.1997e+02   3.1298e+02   0  y  0.00  1   !  -9.99000e+02  -99.000  -99.000  -999
OBS: 6000190  54192.363   -15.00   0.0000e+00   8.0467e+02   2.5649e+02   0  y  0.00  1   !  -9.99000e+02  -99.000  -99.000  -999
OBS: 6000190  54194.363   -13.00   0.0000e+00   1.6242e+03   1.1307e+02   0  y  0.00  1   !  -9.99000e+02  -99.000  -99.000  -999
OBS: 6000190  54196.363   -11.00   0.0000e+00   2.4492e+03   9.4689e+01   0  y  0.00  1   !  -9.99000e+02  -99.000  -99.000  -999
OBS: 6000190  54198.363    -9.00   0.0000e+00   3.2298e+03   9.9051e+01   0  y  0.00  1   !  -9.99000e+02  -99.000  -99.000  -999
OBS: 6000190  54200.363    -7.00   0.0000e+00   3.8796e+03   8.7525e+01   0  y  0.00  1   !  -9.99000e+02  -99.000  -99.000  -999
OBS: 6000190  54202.363    -5.00   0.0000e+00   4.1471e+03   8.2033e+01   0  y  0.00  1   !  -9.99000e+02  -99.000  -99.000  -999
OBS: 6000190  54204.363    -3.00   0.0000e+00   4.0417e+03   9.2770e+01   0  y  0.00  1   !  -9.99000e+02  -99.000  -99.000  -999
OBS: 6000190  54206.363    -1.00   0.0000e+00   3.5601e+03   9.2796e+01   0  y  0.00  1   !  -9.99000e+02  -99.000  -99.000  -999
OBS: 6000190  54208.363     1.00   0.0000e+00   3.0585e+03   8.7536e+01   0  y  0.00  1   !  -9.99000e+02  -99.000  -99.000  -999
OBS: 6000190  54210.363     3.00   0.0000e+00   2.7255e+03   9.1224e+01   0  y  0.00  1   !  -9.99000e+02  -99.000  -99.000  -999
OBS: 6000190  54212.363     5.00   0.0000e+00   2.4503e+03   9.7736e+01   0  y  0.00  1   !  -9.99000e+02  -99.000  -99.000  -999
OBS: 6000190  54214.363     7.00   0.0000e+00   2.2346e+03   9.9247e+01   0  y  0.00  1   !  -9.99000e+02  -99.000  -99.000  -999
OBS: 6000190  54216.363     9.00   0.0000e+00   2.1161e+03   9.7080e+01   0  y  0.00  1   !  -9.99000e+02  -99.000  -99.000  -999
OBS: 6000190  54218.363    11.00   0.0000e+00   2.0630e+03   9.3195e+01   0  y  0.00  1   !  -9.99000e+02  -99.000  -99.000  -999
OBS: 6000190  54220.363    13.00   0.0000e+00   2.0974e+03   9.8149e+01   0  y  0.00  1   !  -9.99000e+02  -99.000  -99.000  -999
OBS: 6000190  54222.363    15.00   0.0000e+00   2.2268e+03   1.0080e+02   0  y  0.00  1   !  -9.99000e+02  -99.000  -99.000  -999
OBS: 6000190  54224.363    17.00   0.0000e+00   2.4226e+03   1.0312e+02   0  y  0.00  1   !  -9.99000e+02  -99.000  -99.000  -999
OBS: 6000190  54226.363    19.00   0.0000e+00   2.6187e+03   1.1165e+02   0  y  0.00  1   !  -9.99000e+02  -99.000  -99.000  -999
OBS: 6000190  54228.363    21.00   0.0000e+00   2.7946e+03   1.2559e+02   0  y  0.00  1   !  -9.99000e+02  -99.000  -99.000  -999
OBS: 6000190  54230.363    23.00   0.0000e+00   2.9215e+03   1.3364e+02   0  y  0.00  1   !  -9.99000e+02  -99.000  -99.000  -999
OBS: 6000190  54232.363    25.00   0.0000e+00   3.2023e+03   1.3308e+02   0  y  0.00  1   !  -9.99000e+02  -99.000  -99.000  -999
OBS: 6000190  54234.363    27.00   0.0000e+00   3.6823e+03   1.2410e+02   0  y  0.00  1   !  -9.99000e+02  -99.000  -99.000  -999
OBS: 6000190  54236.363    29.00   0.0000e+00   4.1155e+03   1.1999e+02   0  y  0.00  1   !  -9.99000e+02  -99.000  -99.000  -999
OBS: 6000190  54238.363    31.00   0.0000e+00   4.3460e+03   1.1641e+02   0  y  0.00  1   !  -9.99000e+02  -99.000  -99.000  -999
OBS: 6000190  54240.363    33.00   0.0000e+00   4.3834e+03   1.1341e+02   0  y  0.00  1   !  -9.99000e+02  -99.000  -99.000  -999
OBS: 6000190  54242.363    35.00   0.0000e+00   4.2462e+03   1.0756e+02   0  y  0.00  1   !  -9.99000e+02  -99.000  -99.000  -999
OBS: 6000190  54244.363    37.00   0.0000e+00   4.0211e+03   1.0576e+02   0  y  0.00  1   !  -9.99000e+02  -99.000  -99.000  -999
OBS: 6000190  54246.363    39.00   0.0000e+00   3.7896e+03   1.0633e+02   0  y  0.00  1   !  -9.99000e+02  -99.000  -99.000  -999
OBS: 6000190  54248.363    41.00   0.0000e+00   3.4524e+03   1.0473e+02   0  y  0.00  1   !  -9.99000e+02  -99.000  -99.000  -999
OBS: 6000190  54250.363    43.00   0.0000e+00   3.0760e+03   1.1044e+02   0  y  0.00  1   !  -9.99000e+02  -99.000  -99.000  -999
OBS: 6000190  54252.363    45.00   0.0000e+00   2.7573e+03   1.0782e+02   0  y  0.00  1   !  -9.99000e+02  -99.000  -99.000  -999
OBS: 6000190  54254.363    47.00   0.0000e+00   2.5109e+03   9.2545e+01   0  y  0.00  1   !  -9.99000e+02  -99.000  -99.000  -999
OBS: 6000190  54256.363    49.00   0.0000e+00   2.2816e+03   8.6848e+01   0  y  0.00  1   !  -9.99000e+02  -99.000  -99.000  -999
OBS: 6000190  54258.363    51.00   0.0000e+00   2.0507e+03   9.3152e+01   0  y  0.00  1   !  -9.99000e+02  -99.000  -99.000  -999
OBS: 6000190  54260.363    53.00   0.0000e+00   1.8188e+03   5.5466e+02   0  y  0.00  1   !  -9.99000e+02  -99.000  -99.000  -999
OBS: 6000190  54262.363    55.00   0.0000e+00   1.5921e+03   9.5831e+02   0  y  0.00  1   !  -9.99000e+02  -99.000  -99.000  -999
OBS: 6000190  54264.363    57.00   0.0000e+00   1.4205e+03   8.5504e+02   0  y  0.00  1   !  -9.99000e+02  -99.000  -99.000  -999
OBS: 6000190  54266.363    59.00   0.0000e+00   1.2875e+03   7.7497e+02   0  y  0.00  1   !  -9.99000e+02  -99.000  -99.000  -999
OBS: 6000190  54268.363    61.00   0.0000e+00   1.1758e+03   7.0770e+02   0  y  0.00  1   !  -9.99000e+02  -99.000  -99.000  -999
OBS: 6000190  54270.363    63.00   0.0000e+00   1.0884e+03   6.5513e+02   0  y  0.00  1   !  -9.99000e+02  -99.000  -99.000  -999
OBS: 6000190  54272.363    65.00   0.0000e+00   9.2165e+02   5.5475e+02   0  y  0.00  1   !  -9.99000e+02  -99.000  -99.000  -999
OBS: 6000190  54274.363    67.00   0.0000e+00   7.8280e+02   4.7118e+02   0  y  0.00  1   !  -9.99000e+02  -99.000  -99.000  -999
OBS: 6000190  54276.363    69.00   0.0000e+00   6.7730e+02   4.0768e+02   0  y  0.00  1   !  -9.99000e+02  -99.000  -99.000  -999
OBS: 6000190  54278.363    71.00   0.0000e+00   5.9766e+02   3.5974e+02   0  y  0.00  1   !  -9.99000e+02  -99.000  -99.000  -999
OBS: 6000190  54280.363    73.00   0.0000e+00   5.3848e+02   3.2412e+02   0  y  0.00  1   !  -9.99000e+02  -99.000  -99.000  -999
OBS: 6000190  54282.363    75.00   0.0000e+00   4.9241e+02   2.9638e+02   0  y  0.00  1   !  -9.99000e+02  -99.000  -99.000  -999
OBS: 6000190  54284.363    77.00   0.0000e+00   4.5468e+02   2.7368e+02   0  y  0.00  1   !  -9.99000e+02  -99.000  -99.000  -999
OBS: 6000190  54286.363    79.00   0.0000e+00   4.1383e+02   2.4909e+02   0  y  0.00  1   !  -9.99000e+02  -99.000  -99.000  -999
OBS: 6000190  54288.363    81.00   0.0000e+00   3.7059e+02   2.2306e+02   0  y  0.00  1   !  -9.99000e+02  -99.000  -99.000  -999
OBS: 6000190  54290.363    83.00   0.0000e+00   3.3234e+02   2.0004e+02   0  y  0.00  1   !  -9.99000e+02  -99.000  -99.000  -999
OBS: 6000190  54292.363    85.00   0.0000e+00   2.9852e+02   1.7968e+02   0  y  0.00  1   !  -9.99000e+02  -99.000  -99.000  -999
OBS: 6000190  54294.363    87.00   0.0000e+00   2.6876e+02   1.6177e+02   0  y  0.00  1   !  -9.99000e+02  -99.000  -99.000  -999
OBS: 6000190  54296.363    89.00   0.0000e+00   2.4271e+02   1.4609e+02   0  y  0.00  1   !  -9.99000e+02  -99.000  -99.000  -999
OBS: 6000190  54298.363    91.00   0.0000e+00   2.1692e+02   1.3057e+02   0  y  0.00  1   !  -9.99000e+02  -99.000  -99.000  -999
OBS: 6000190  54300.363    93.00   0.0000e+00   1.9314e+02   1.1625e+02   0  y  0.00  1   !  -9.99000e+02  -99.000  -99.000  -999
OBS: 6000190  54302.363    95.00   0.0000e+00   1.7198e+02   1.0351e+02   0  y  0.00  1   !  -9.99000e+02  -99.000  -99.000  -999
OBS: 6000190  54304.363    97.00   0.0000e+00   1.5313e+02   9.2169e+01   0  y  0.00  1   !  -9.99000e+02  -99.000  -99.000  -999
OBS: 6000190  54306.363    99.00   0.0000e+00   1.3634e+02   8.2064e+01   0  y  0.00  1   !  -9.99000e+02  -99.000  -99.000  -999
OBS: 6000190  54308.363   101.00   0.0000e+00   1.2139e+02   7.3067e+01   0  y  0.00  1   !  -9.99000e+02  -99.000  -99.000  -999
OBS: 6000190  54310.363   103.00   0.0000e+00   1.0808e+02   6.5055e+01   0  y  0.00  1   !  -9.99000e+02  -99.000  -99.000  -999
OBS: 6000190  54312.363   105.00   0.0000e+00   9.6229e+01   5.7921e+01   0  y  0.00  1   !  -9.99000e+02  -99.000  -99.000  -999
OBS: 6000190  54314.363   107.00   0.0000e+00   8.5675e+01   5.1569e+01   0  y  0.00  1   !  -9.99000e+02  -99.000  -99.000  -999
OBS: 6000190  54316.363   109.00   0.0000e+00   7.6278e+01   4.5913e+01   0  y  0.00  1   !  -9.99000e+02  -99.000  -99.000  -999
OBS: 6000190  54318.363   111.00   0.0000e+00   6.7911e+01   4.0877e+01   0  y  0.00  1   !  -9.99000e+02  -99.000  -99.000  -999
OBS: 6000190  54320.363   113.00   0.0000e+00   6.0464e+01   3.6394e+01   0  y  0.00  1   !  -9.99000e+02  -99.000  -99.000  -999
OBS: 6000190  54322.363   115.00   0.0000e+00   5.3836e+01   3.2404e+01   0  y  0.00  1   !  -9.99000e+02  -99.000  -99.000  -999
OBS: 6000190  54324.363   117.00   0.0000e+00   4.7932e+01   2.8851e+01   0  y  0.00  1   !  -9.99000e+02  -99.000  -99.000  -999
OBS: 6000190  54326.363   119.00   0.0000e+00   4.2672e+01   2.5685e+01   0  y  0.00  1   !  -9.99000e+02  -99.000  -99.000  -999
OBS: 6000190  54328.363   121.00   0.0000e+00   3.7990e+01   2.2866e+01   0  y  0.00  1   !  -9.99000e+02  -99.000  -99.000  -999
OBS: 6000190  54330.363   123.00   0.0000e+00   3.3820e+01   2.0357e+01   0  y  0.00  1   !  -9.99000e+02  -99.000  -99.000  -999
OBS: 6000190  54332.363   125.00   0.0000e+00   3.0108e+01   1.8123e+01   0  y  0.00  1   !  -9.99000e+02  -99.000  -99.000  -999
OBS: 6000190  54334.363   127.00   0.0000e+00   2.6804e+01   1.6133e+01   0  y  0.00  1   !  -9.99000e+02  -99.000  -99.000  -999
OBS: 6000190  54336.363   129.00   0.0000e+00   2.3861e+01   1.4362e+01   0  y  0.00  1   !  -9.99000e+02  -99.000  -99.000  -999
OBS: 6000190  54338.363   131.00   0.0000e+00   2.1242e+01   1.2786e+01   0  y  0.00  1   !  -9.99000e+02  -99.000  -99.000  -999
OBS: 6000190  54340.363   133.00   0.0000e+00   1.8911e+01   1.1383e+01   0  y  0.00  1   !  -9.99000e+02  -99.000  -99.000  -999
OBS: 6000190  54342.363   135.00   0.0000e+00   1.6838e+01   1.0135e+01   0  y  0.00  1   !  -9.99000e+02  -99.000  -99.000  -999
OBS: 6000190  54344.363   137.00   0.0000e+00   1.4990e+01   9.0227e+00   0  y  0.00  1   !  -9.99000e+02  -99.000  -99.000  -999
OBS: 6000190  54346.363   139.00   0.0000e+00   1.3344e+01   8.0319e+00   0  y  0.00  1   !  -9.99000e+02  -99.000  -99.000  -999
OBS: 6000190  54198.551    -8.81   3.2343e+03   3.7782e+03   1.4896e+03   1  H  0.23  1   H  2.48253e+18  -0.106  -0.728  1.00000e+11
OBS: 6000190  54198.559    -8.80   3.2375e+03   1.2727e+03   1.4597e+03   1  H  1.50  1   H  8.36261e+17  -0.106  -0.727  1.00000e+11
OBS: 6000190  54201.559    -5.80   3.8330e+03   1.5494e+03   1.8206e+03   1  H  1.31  1   H  1.01266e+18  -0.112  -0.640  1.00000e+11
OBS: 6000190  54201.570    -5.79   3.8338e+03   2.8364e+03   1.9514e+03   1  H  0.17  1   H  1.85387e+18  -0.112  -0.640  1.00000e+11
OBS: 6000190  54220.520    13.16   1.9169e+03   2.6358e+03   1.1622e+03   1  H  0.50  1   H  2.43849e+18  0.266  0.224  1.00000e+11
OBS: 6000190  54223.480    16.12   2.0557e+03   3.2918e+03   3.6608e+02   1  H  13.24  1   H  3.05101e+18  0.268  0.931  1.00000e+11
OBS: 6000190  54225.469    18.11   2.2153e+03   3.0573e+03   4.0548e+02   1  H  5.49  1   H  2.82664e+18  0.265  1.111  1.00000e+11
OBS: 6000190  54225.480    18.12   2.2162e+03   2.8708e+03   4.7192e+02   1  H  2.64  1   H  2.65421e+18  0.265  1.112  1.00000e+11
OBS: 6000190  54234.488    27.13   2.7659e+03   5.1721e+03   1.5639e+03   1  H  2.66  1   H  4.63594e+18  0.231  0.681  1.00000e+11
OBS: 6000190  54148.363   -59.00   0.0000e+00   0.0000e+00   0.0000e+00   0  H  0.00  1   !  -9.99000e+02  -99.000  -99.000  -999
OBS: 6000190  54150.363   -57.00   0.0000e+00   0.0000e+00   0.0000e+00   0  H  0.00  1   !  -9.99000e+02  -99.000  -99.000  -999
OBS: 6000190  54152.363   -55.00   0.0000e+00   0.0000e+00   0.0000e+00   0  H  0.00  1   !  -9.99000e+02  -99.000  -99.000  -999
OBS: 6000190  54154.363   -53.00   0.0000e+00   0.0000e+00   0.0000e+00   0  H  0.00  1   !  -9.99000e+02  -99.000  -99.000  -999
OBS: 6000190  54156.363   -51.00   0.0000e+00   0.0000e+00   0.0000e+00   0  H  0.00  1   !  -9.99000e+02  -99.000  -99.000  -999
OBS: 6000190  54158.363   -49.00   0.0000e+00   0.0000e+00   0.0000e+00   0  H  0.00  1   !  -9.99000e+02  -99.000  -99.000  -999
OBS: 6000190  54160.363   -47.00   0.0000e+00   0.0000e+00   0.0000e+00   0  H  0.00  1   !  -9.99000e+02  -99.000  -99.000  -999
OBS: 6000190  54162.363   -45.00   0.0000e+00   0.0000e+00   0.0000e+00   0  H  0.00  1   !  -9.99000e+02  -99.000  -99.000  -999
OBS: 6000190  54164.363   -43.00   0.0000e+00   0.0000e+00   0.0000e+00   0  H  0.00  1   !  -9.99000e+02  -99.000  -99.000  -999
OBS: 6000190  54166.363   -41.00   0.0000e+00   0.0000e+00   0.0000e+00   0  H  0.00  1   !  -9.99000e+02  -99.000  -99.000  -999
OBS: 6000190  54168.363   -39.00   0.0000e+00   0.0000e+00   0.0000e+00   0  H  0.00  1   !  -9.99000e+02  -99.000  -99.000  -999
OBS: 6000190  54170.363   -37.00   0.0000e+00   0.0000e+00   0.0000e+00   0  H  0.00  1   !  -9.99000e+02  -99.000  -99.000  -999
OBS: 6000190  54172.363   -35.00   0.0000e+00   0.0000e+00   0.0000e+00   0  H  0.00  1   !  -9.99000e+02  -99.000  -99.000  -999
OBS: 6000190  54174.363   -33.00   0.0000e+00   0.0000e+00   0.0000e+00   0  H  0.00  1   !  -9.99000e+02  -99.000  -99.000  -999
OBS: 6000190  54176.363   -31.00   0.0000e+00   0.0000e+00   0.0000e+00   0  H  0.00  1   !  -9.99000e+02  -99.000  -99.000  -999
OBS: 6000190  54178.363   -29.00   0.0000e+00   0.0000e+00   0.0000e+00   0  H  0.00  1   !  -9.99000e+02  -99.000  -99.000  -999
OBS: 6000190  54180.363   -27.00   0.0000e+00   0.0000e+00   0.0000e+00   0  H  0.00  1   !  -9.99000e+02  -99.000  -99.000  -999
OBS: 6000190  54182.363   -25.00   0.0000e+00   0.0000e+00   0.0000e+00   0  H  0.00  1   !  -9.99000e+02  -99.000  -99.000  -999
OBS: 6000190  54184.363   -23.00   0.0000e+00   0.0000e+00   0.0000e+00   0  H  0.00  1   !  -9.99000e+02  -99.000  -99.000  -999
OBS: 6000190  54186.363   -21.00   0.0000e+00   4.9776e+02   2.9961e+02   0  H  0.00  1   !  -9.99000e+02  -99.000  -99.000  -999
OBS: 6000190  54188.363   -19.00   0.0000e+00   5.6410e+02   3.3954e+02   0  H  0.00  1   !  -9.99000e+02  -99.000  -99.000  -999
OBS: 6000190  54190.363   -17.00   0.0000e+00   5.5949e+02   3.3676e+02   0  H  0.00  1   !  -9.99000e+02  -99.000  -99.000  -999
OBS: 6000190  54192.363   -15.00   0.0000e+00   8.0633e+02   2.8436e+02   0  H  0.00  1   !  -9.99000e+02  -99.000  -99.000  -999
OBS: 6000190  54194.363   -13.00   0.0000e+00   1.5519e+03   1.3889e+02   0  H  0.00  1   !  -9.99000e+02  -99.000  -99.000  -999
OBS: 6000190  54196.363   -11.00   0.0000e+00   2.3249e+03   9.6203e+01   0  H  0.00  1   !  -9.99000e+02  -99.000  -99.000  -999
OBS: 6000190  54198.363    -9.00   0.0000e+00   3.0067e+03   9.0796e+01   0  H  0.00  1   !  -9.99000e+02  -99.000  -99.000  -999
OBS: 6000190  54200.363    -7.00   0.0000e+00   3.4877e+03   7.4642e+01   0  H  0.00  1   !  -9.99000e+02  -99.000  -99.000  -999
OBS: 6000190  54202.363    -5.00   0.0000e+00   3.6723e+03   6.0854e+01   0  H  0.00  1   !  -9.99000e+02  -99.000  -99.000  -999
OBS: 6000190  54204.363    -3.00   0.0000e+00   3.5814e+03   6.0209e+01   0  H  0.00  1   !  -9.99000e+02  -99.000  -99.000  -999
OBS: 6000190  54206.363    -1.00   0.0000e+00   3.2543e+03   5.9279e+01   0  H  0.00  1   !  -9.99000e+02  -99.000  -99.000  -999
OBS: 6000190  54208.363     1.00   0.0000e+00   2.9500e+03   6.0016e+01   0  H  0.00  1   !  -9.99000e+02  -99.000  -99.000  -999
OBS: 6000190  54210.363     3.00   0.0000e+00   2.7294e+03   5.9744e+01   0  H  0.00  1   !  -9.99000e+02  -99.000  -99.000  -999
OBS: 6000190  54212.363     5.00   0.0000e+00   2.4590e+03   6.1262e+01   0  H  0.00  1   !  -9.99000e+02  -99.000  -99.000  -999
OBS: 6000190  54214.363     7.00   0.0000e+00   2.1823e+03   6.1352e+01   0  H  0.00  1   !  -9.99000e+02  -99.000  -99.000  -999
OBS: 6000190  54216.363     9.00   0.0000e+00   1.9641e+03   5.7131e+01   0  H  0.00  1   !  -9.99000e+02  -99.000  -99.000  -999
OBS: 6000190  54218.363    11.00   0.0000e+00   1.8446e+03   5.0682e+01   0  H  0.00  1   !  -9.99000e+02  -99.000  -99.000  -999
OBS: 6000190  54220.363    13.00   0.0000e+00   1.8126e+03   4.9061e+01   0  H  0.00  1   !  -9.99000e+02  -99.000  -99.000  -999
OBS: 6000190  54222.363    15.00   0.0000e+00   1.8799e+03   5.0854e+01   0  H  0.00  1   !  -9.99000e+02  -99.000  -99.000  -999
OBS: 6000190  54224.363    17.00   0.0000e+00   2.0078e+03   5.6191e+01   0  H  0.00  1   !  -9.99000e+02  -99.000  -99.000  -999
OBS: 6000190  54226.363    19.00   0.0000e+00   2.1715e+03   6.4178e+01   0  H  0.00  1   !  -9.99000e+02  -99.000  -99.000  -999
OBS: 6000190  54228.363    21.00   0.0000e+00   2.3334e+03   6.7076e+01   0  H  0.00  1   !  -9.99000e+02  -99.000  -99.000  -999
OBS: 6000190  54230.363    23.00   0.0000e+00   2.4386e+03   6.6175e+01   0  H  0.00  1   !  -9.99000e+02  -99.000  -99.000  -999
OBS: 6000190  54232.363    25.00   0.0000e+00   2.5309e+03   6.5023e+01   0  H  0.00  1   !  -9.99000e+02  -99.000  -99.000  -999
OBS: 6000190  54234.363    27.00   0.0000e+00   2.6141e+03   6.3007e+01   0  H  0.00  1   !  -9.99000e+02  -99.000  -99.000  -999
OBS: 6000190  54236.363    29.00   0.0000e+00   2.6708e+03   6.4609e+01   0  H  0.00  1   !  -9.99000e+02  -99.000  -99.000  -999
OBS: 6000190  54238.363    31.00   0.0000e+00   2.7075e+03   7.0872e+01   0  H  0.00  1   !  -9.99000e+02  -99.000  -99.000  -999
OBS: 6000190  54240.363    33.00   0.0000e+00   2.7015e+03   7.2974e+01   0  H  0.00  1   !  -9.99000e+02  -99.000  -99.000  -999
OBS: 6000190  54242.363    35.00   0.0000e+00   2.6586e+03   7.2387e+01   0  H  0.00  1   !  -9.99000e+02  -99.000  -99.000  -999
OBS: 6000190  54244.363    37.00   0.0000e+00   2.5593e+03   7.6984e+01   0  H  0.00  1   !  -9.99000e+02  -99.000  -99.000  -999
OBS: 6000190  54246.363    39.00   0.0000e+00   2.3716e+03   8.6467e+01   0  H  0.00  1   !  -9.99000e+02  -99.000  -99.000  -999
OBS: 6000190  54248.363    41.00   0.0000e+00   2.1570e+03   8.2489e+01   0  H  0.00  1   !  -9.99000e+02  -99.000  -99.000  -999
OBS: 6000190  54250.363    43.00   0.0000e+00   1.8838e+03   7.9481e+01   0  H  0.00  1   !  -9.99000e+02  -99.000  -99.000  -999
OBS: 6000190  54252.363    45.00   0.0000e+00   1.6418e+03   7.7654e+01   0  H  0.00  1   !  -9.99000e+02  -99.000  -99.000  -999
OBS: 6000190  54254.363    47.00   0.0000e+00   1.4681e+03   7.4016e+01   0  H  0.00  1   !  -9.99000e+02  -99.000  -99.000  -999
OBS: 6000190  54256.363    49.00   0.0000e+00   1.3439e+03   8.2953e+01   0  H  0.00  1   !  -9.99000e+02  -99.000  -99.000  -999
OBS: 6000190  54258.363    51.00   0.0000e+00   1.2304e+03   9.4231e+01   0  H  0.00  1   !  -9.99000e+02  -99.000  -99.000  -999
OBS: 6000190  54260.363    53.00   0.0000e+00   1.1183e+03   3.5924e+02   0  H  0.00  1   !  -9.99000e+02  -99.000  -99.000  -999
OBS: 6000190  54262.363    55.00   0.0000e+00   1.0152e+03   6.1106e+02   0  H  0.00  1   !  -9.99000e+02  -99.000  -99.000  -999
OBS: 6000190  54264.363    57.00   0.0000e+00   9.2846e+02   5.5885e+02   0  H  0.00  1   !  -9.99000e+02  -99.000  -99.000  -999
OBS: 6000190  54266.363    59.00   0.0000e+00   8.5304e+02   5.1345e+02   0  H  0.00  1   !  -9.99000e+02  -99.000  -99.000  -999
OBS: 6000190  54268.363    61.00   0.0000e+00   7.8481e+02   4.7239e+02   0  H  0.00  1   !  -9.99000e+02  -99.000  -99.000  -999
OBS: 6000190  54270.363    63.00   0.0000e+00   7.2962e+02   4.3916e+02   0  H  0.00  1   !  -9.99000e+02  -99.000  -99.000  -999
OBS: 6000190  54272.363    65.00   0.0000e+00   5.9340e+02   3.5718e+02   0  H  0.00  1   !  -9.99000e+02  -99.000  -99.000  -999
OBS: 6000190  54274.363    67.00   0.0000e+00   4.8710e+02   2.9319e+02   0  H  0.00  1   !  -9.99000e+02  -99.000  -99.000  -999
OBS: 6000190  54276.363    69.00   0.0000e+00   4.1277e+02   2.4845e+02   0  H  0.00  1   !  -9.99000e+02  -99.000  -99.000  -999
OBS: 6000190  54278.363    71.00   0.0000e+00   3.6235e+02   2.1810e+02   0  H  0.00  1   !  -9.99000e+02  -99.000  -99.000  -999
OBS: 6000190  54280.363    73.00   0.0000e+00   3.2659e+02   1.9658e+02   0  H  0.00  1   !  -9.99000e+02  -99.000  -99.000  -999
OBS: 6000190  54282.363    75.00   0.0000e+00   2.9729e+02   1.7894e+02   0  H  0.00  1   !  -9.99000e+02  -99.000  -99.000  -999
OBS: 6000190  54284.363    77.00   0.0000e+00   2.6932e+02   1.6211e+02   0  H  0.00  1   !  -9.99000e+02  -99.000  -99.000  -999
OBS: 6000190  54286.363    79.00   0.0000e+00   2.4638e+02   1.4830e+02   0  H  0.00  1   !  -9.99000e+02  -99.000  -99.000  -999
OBS: 6000190  54288.363    81.00   0.0000e+00   2.2777e+02   1.3710e+02   0  H  0.00  1   !  -9.99000e+02  -99.000  -99.000  -999
OBS: 6000190  54290.363    83.00   0.0000e+00   2.1061e+02   1.2677e+02   0  H  0.00  1   !  -9.99000e+02  -99.000  -99.000  -999
OBS: 6000190  54292.363    85.00   0.0000e+00   1.9479e+02   1.1725e+02   0  H  0.00  1   !  -9.99000e+02  -99.000  -99.000  -999
OBS: 6000190  54294.363    87.00   0.0000e+00   1.8026e+02   1.0850e+02   0  H  0.00  1   !  -9.99000e+02  -99.000  -99.000  -999
OBS: 6000190  54296.363    89.00   0.0000e+00   1.6695e+02   1.0049e+02   0  H  0.00  1   !  -9.99000e+02  -99.000  -99.000  -999
OBS: 6000190  54298.363    91.00   0.0000e+00   1.5413e+02   9.2774e+01   0  H  0.00  1   !  -9.99000e+02  -99.000  -99.000  -999
OBS: 6000190  54300.363    93.00   0.0000e+00   1.4214e+02   8.5555e+01   0  H  0.00  1   !  -9.99000e+02  -99.000  -99.000  -999
OBS: 6000190  54302.363    95.00   0.0000e+00   1.3108e+02   7.8896e+01   0  H  0.00  1   !  -9.99000e+02  -99.000  -99.000  -999
OBS: 6000190  54304.363    97.00   0.0000e+00   1.2087e+02   7.2751e+01   0  H  0.00  1   !  -9.99000e+02  -99.000  -99.000  -999
OBS: 6000190  54306.363    99.00   0.0000e+00   1.1144e+02   6.7080e+01   0  H  0.00  1   !  -9.99000e+02  -99.000  -99.000  -999
OBS: 6000190  54308.363   101.00   0.0000e+00   1.0276e+02   6.1852e+01   0  H  0.00  1   !  -9.99000e+02  -99.000  -99.000  -999
OBS: 6000190  54310.363   103.00   0.0000e+00   9.4749e+01   5.7030e+01   0  H  0.00  1   !  -9.99000e+02  -99.000  -99.000  -999
OBS: 6000190  54312.363   105.00   0.0000e+00   8.7360e+01   5.2583e+01   0  H  0.00  1   !  -9.99000e+02  -99.000  -99.000  -999
OBS: 6000190  54314.363   107.00   0.0000e+00   8.0545e+01   4.8481e+01   0  H  0.00  1   !  -9.99000e+02  -99.000  -99.000  -999
OBS: 6000190  54316.363   109.00   0.0000e+00   7.4260e+01   4.4698e+01   0  H  0.00  1   !  -9.99000e+02  -99.000  -99.000  -999
OBS: 6000190  54318.363   111.00   0.0000e+00   6.8463e+01   4.1209e+01   0  H  0.00  1   !  -9.99000e+02  -99.000  -99.000  -999
OBS: 6000190  54320.363   113.00   0.0000e+00   6.3117e+01   3.7991e+01   0  H  0.00  1   !  -9.99000e+02  -99.000  -99.000  -999
OBS: 6000190  54322.363   115.00   0.0000e+00   5.8330e+01   3.5110e+01   0  H  0.00  1   !  -9.99000e+02  -99.000  -99.000  -999
OBS: 6000190  54324.363   117.00   0.0000e+00   5.3929e+01   3.2460e+01   0  H  0.00  1   !  -9.99000e+02  -99.000  -99.000  -999
OBS: 6000190  54326.363   119.00   0.0000e+00   4.9931e+01   3.0054e+01   0  H  0.00  1   !  -9.99000e+02  -99.000  -99.000  -999
OBS: 6000190  54328.363   121.00   0.0000e+00   4.6230e+01   2.7826e+01   0  H  0.00  1   !  -9.99000e+02  -99.000  -99.000  -999
OBS: 6000190  54330.363   123.00   0.0000e+00   4.2803e+01   2.5764e+01   0  H  0.00  1   !  -9.99000e+02  -99.000  -99.000  -999
OBS: 6000190  54332.363   125.00   0.0000e+00   3.9631e+01   2.3854e+01   0  H  0.00  1   !  -9.99000e+02  -99.000  -99.000  -999
OBS: 6000190  54334.363   127.00   0.0000e+00   3.6693e+01   2.2086e+01   0  H  0.00  1   !  -9.99000e+02  -99.000  -99.000  -999
OBS: 6000190  54336.363   129.00   0.0000e+00   3.3973e+01   2.0449e+01   0  H  0.00  1   !  -9.99000e+02  -99.000  -99.000  -999
OBS: 6000190  54338.363   131.00   0.0000e+00   3.1455e+01   1.8933e+01   0  H  0.00  1   !  -9.99000e+02  -99.000  -99.000  -999
OBS: 6000190  54340.363   133.00   0.0000e+00   2.9124e+01   1.7530e+01   0  H  0.00  1   !  -9.99000e+02  -99.000  -99.000  -999
OBS: 6000190  54342.363   135.00   0.0000e+00   2.6965e+01   1.6230e+01   0  H  0.00  1   !  -9.99000e+02  -99.000  -99.000  -999
OBS: 6000190  54344.363   137.00   0.0000e+00   2.4966e+01   1.5027e+01   0  H  0.00  1   !  -9.99000e+02  -99.000  -99.000  -999
OBS: 6000190  54346.363   139.00   0.0000e+00   2.3116e+01   1.3913e+01   0  H  0.00  1   !  -9.99000e+02  -99.000  -99.000  -999
