VARNAMES: CID MJD Tobs SIM_FLUXCAL FLUXCAL FLUXCAL_ERR DATAFLAG BAND CHI2 IFIT BAND_REST FLUX_REST KCOR AVWARP SIM_FLUX_REST 
OBS: 5999833  54528.809    -6.22   1.6473e+03   1.8201e+03   4.5250e+02   1  J  0.52  1   J  1.96586e+18  -0.165  -0.061  1.00000e+11
OBS: 5999833  54528.820    -6.21   1.6482e+03   2.2955e+03   6.0042e+02   1  J  0.06  1   J  2.47948e+18  -0.165  -0.062  1.00000e+11
OBS: 5999833  54536.820     1.79   1.2513e+03   1.0023e+03   4.1325e+02   1  J  2.29  1   J  1.10770e+18  -0.140  -0.384  1.00000e+11
OBS: 5999833  54536.828     1.80   1.2500e+03   1.4829e+03   4.7693e+02   1  J  0.09  1   J  1.63921e+18  -0.140  -0.382  1.00000e+11
OBS: 5999833  54539.820     4.79   9.0333e+02   1.1636e+03   5.1793e+02   1  J  0.00  1   J  1.29270e+18  -0.135  0.304  1.00000e+11
OBS: 5999833  54544.801     9.77   4.7804e+02   7.5135e+02   4.5850e+02   1  J  0.08  1   J  6.97103e+17  -0.330  -1.458  1.00000e+11
OBS: 5999833  54544.809     9.78   4.7762e+02   1.3126e+03   4.1916e+02   1  J  2.68  1   J  1.21743e+18  -0.331  -1.463  1.00000e+11
OBS: 5999833  54476.027   -59.00   0.0000e+00   0.0000e+00   0.0000e+00   0  J  0.00  1   !  -9.99000e+02  -99.000  -99.000  -999
OBS: 5999833  54478.027   -57.00   0.0000e+00   0.0000e+00   0.0000e+00   0  J  0.00  1   !  -9.99000e+02  -99.000  -99.000  -999
OBS: 5999833  54480.027   -55.00   0.0000e+00   0.0000e+00   0.0000e+00   0  J  0.00  1   !  -9.99000e+02  -99.000  -99.000  -999
OBS: 5999833  54482.027   -53.00   0.0000e+00   0.0000e+00   0.0000e+00   0  J  0.00  1   !  -9.99000e+02  -99.000  -99.000  -999
OBS: 5999833  54484.027   -51.00   0.0000e+00   0.0000e+00   0.0000e+00   0  J  0.00  1   !  -9.99000e+02  -99.000  -99.000  -999
OBS: 5999833  54486.027   -49.00   0.0000e+00   0.0000e+00   0.0000e+00   0  J  0.00  1   !  -9.99000e+02  -99.000  -99.000  -999
OBS: 5999833  54488.027   -47.00   0.0000e+00   0.0000e+00   0.0000e+00   0  J  0.00  1   !  -9.99000e+02  -99.000  -99.000  -999
OBS: 5999833  54490.027   -45.00   0.0000e+00   0.0000e+00   0.0000e+00   0  J  0.00  1   !  -9.99000e+02  -99.000  -99.000  -999
OBS: 5999833  54492.027   -43.00   0.0000e+00   0.0000e+00   0.0000e+00   0  J  0.00  1   !  -9.99000e+02  -99.000  -99.000  -999
OBS: 5999833  54494.027   -41.00   0.0000e+00   0.0000e+00   0.0000e+00   0  J  0.00  1   !  -9.99000e+02  -99.000  -99.000  -999
OBS: 5999833  54496.027   -39.00   0.0000e+00   0.0000e+00   0.0000e+00   0  J  0.00  1   !  -9.99000e+02  -99.000  -99.000  -999
OBS: 5999833  54498.027   -37.00   0.0000e+00   0.0000e+00   0.0000e+00   0  J  0.00  1   !  -9.99000e+02  -99.000  -99.000  -999
OBS: 5999833  54500.027   -35.00   0.0000e+00   0.0000e+00   0.0000e+00   0  J  0.00  1   !  -9.99000e+02  -99.000  -99.000  -999
OBS: 5999833  54502.027   -33.00   0.0000e+00   0.0000e+00   0.0000e+00   0  J  0.00  1   !  -9.99000e+02  -99.000  -99.000  -999
OBS: 5999833  54504.027   -31.00   0.0000e+00   0.0000e+00   0.0000e+00   0  J  0.00  1   !  -9.99000e+02  -99.000  -99.000  -999
OBS: 5999833  54506.027   -29.00   0.0000e+00   0.0000e+00   0.0000e+00   0  J  0.00  1   !  -9.99000e+02  -99.000  -99.000  -999
OBS: 5999833  54508.027   -27.00   0.0000e+00   0.0000e+00   0.0000e+00   0  J  0.00  1   !  -9.99000e+02  -99.000  -99.000  -999
OBS: 5999833  54510.027   -25.00   0.0000e+00   0.0000e+00   0.0000e+00   0  J  0.00  1   !  -9.99000e+02  -99.000  -99.000  -999
OBS: 5999833  54512.027   -23.00   0.0000e+00   0.0000e+00   0.0000e+00   0  J  0.00  1   !  -9.99000e+02  -99.000  -99.000  -999
OBS: 5999833  54514.027   -21.00   0.0000e+00   0.0000e+00   0.0000e+00   0  J  0.00  1   !  -9.99000e+02  -99.000  -99.000  -999
OBS: 5999833  54516.027   -19.00   0.0000e+00   0.0000e+00   0.0000e+00   0  J  0.00  1   !  -9.99000e+02  -99.000  -99.000  -999
OBS: 5999833  54518.027   -17.00   0.0000e+00   0.0000e+00   0.0000e+00   0  J  0.00  1   !  -9.99000e+02  -99.000  -99.000  -999
OBS: 5999833  54520.027   -15.00   0.0000e+00   1.4343e+02   8.3800e+01   0  J  0.00  1   !  -9.99000e+02  -99.000  -99.000  -999
OBS: 5999833  54522.027   -13.00   0.0000e+00   6.1494e+02   9.8359e+01   0  J  0.00  1   !  -9.99000e+02  -99.000  -99.000  -999
OBS: 5999833  54524.027   -11.00   0.0000e+00   1.1538e+03   6.7780e+01   0  J  0.00  1   !  -9.99000e+02  -99.000  -99.000  -999
OBS: 5999833  54526.027    -9.00   0.0000e+00   1.6466e+03   5.6856e+01   0  J  0.00  1   !  -9.99000e+02  -99.000  -99.000  -999
OBS: 5999833  54528.027    -7.00   0.0000e+00   2.0329e+03   5.1457e+01   0  J  0.00  1   !  -9.99000e+02  -99.000  -99.000  -999
OBS: 5999833  54530.027    -5.00   0.0000e+00   2.2604e+03   4.2846e+01   0  J  0.00  1   !  -9.99000e+02  -99.000  -99.000  -999
OBS: 5999833  54532.027    -3.00   0.0000e+00   2.2644e+03   4.4731e+01   0  J  0.00  1   !  -9.99000e+02  -99.000  -99.000  -999
OBS: 5999833  54534.027    -1.00   0.0000e+00   2.0909e+03   4.6272e+01   0  J  0.00  1   !  -9.99000e+02  -99.000  -99.000  -999
OBS: 5999833  54536.027     1.00   0.0000e+00   1.7692e+03   4.3229e+01   0  J  0.00  1   !  -9.99000e+02  -99.000  -99.000  -999
OBS: 5999833  54538.027     3.00   0.0000e+00   1.4329e+03   3.9821e+01   0  J  0.00  1   !  -9.99000e+02  -99.000  -99.000  -999
OBS: 5999833  54540.027     5.00   0.0000e+00   1.1504e+03   4.5959e+01   0  J  0.00  1   !  -9.99000e+02  -99.000  -99.000  -999
OBS: 5999833  54542.027     7.00   0.0000e+00   8.8945e+02   4.4240e+01   0  J  0.00  1   !  -9.99000e+02  -99.000  -99.000  -999
OBS: 5999833  54544.027     9.00   0.0000e+00   6.7990e+02   4.2785e+01   0  J  0.00  1   !  -9.99000e+02  -99.000  -99.000  -999
OBS: 5999833  54546.027    11.00   0.0000e+00   5.6459e+02   5.1271e+01   0  J  0.00  1   !  -9.99000e+02  -99.000  -99.000  -999
OBS: 5999833  54548.027    13.00   0.0000e+00   5.4521e+02   6.0112e+01   0  J  0.00  1   !  -9.99000e+02  -99.000  -99.000  -999
OBS: 5999833  54550.027    15.00   0.0000e+00   6.0316e+02   6.4544e+01   0  J  0.00  1   !  -9.99000e+02  -99.000  -99.000  -999
OBS: 5999833  54552.027    17.00   0.0000e+00   6.6055e+02   5.8772e+01   0  J  0.00  1   !  -9.99000e+02  -99.000  -99.000  -999
OBS: 5999833  54554.027    19.00   0.0000e+00   7.1872e+02   5.9868e+01   0  J  0.00  1   !  -9.99000e+02  -99.000  -99.000  -999
OBS: 5999833  54556.027    21.00   0.0000e+00   7.9122e+02   7.1799e+01   0  J  0.00  1   !  -9.99000e+02  -99.000  -99.000  -999
OBS: 5999833  54558.027    23.00   0.0000e+00   9.0349e+02   7.9057e+01   0  J  0.00  1   !  -9.99000e+02  -99.000  -99.000  -999
OBS: 5999833  54560.027    25.00   0.0000e+00   1.0268e+03   7.7588e+01   0  J  0.00  1   !  -9.99000e+02  -99.000  -99.000  -999
OBS: 5999833  54562.027    27.00   0.0000e+00   1.0824e+03   7.3944e+01   0  J  0.00  1   !  -9.99000e+02  -99.000  -99.000  -999
OBS: 5999833  54564.027    29.00   0.0000e+00   1.0417e+03   8.0113e+01   0  J  0.00  1   !  -9.99000e+02  -99.000  -99.000  -999
OBS: 5999833  54566.027    31.00   0.0000e+00   9.0932e+02   8.1113e+01   0  J  0.00  1   !  -9.99000e+02  -99.000  -99.000  -999
OBS: 5999833  54568.027    33.00   0.0000e+00   7.6026e+02   7.2911e+01   0  J  0.00  1   !  -9.99000e+02  -99.000  -99.000  -999
OBS: 5999833  54570.027    35.00   0.0000e+00   6.5542e+02   7.0427e+01   0  J  0.00  1   !  -9.99000e+02  -99.000  -99.000  -999
OBS: 5999833  54572.027    37.00   0.0000e+00   5.9229e+02   7.2865e+01   0  J  0.00  1   !  -9.99000e+02  -99.000  -99.000  -999
OBS: 5999833  54574.027    39.00   0.0000e+00   5.4252e+02   8.6618e+01   0  J  0.00  1   !  -9.99000e+02  -99.000  -99.000  -999
OBS: 5999833  54576.027    41.00   0.0000e+00   4.8211e+02   1.0986e+02   0  J  0.00  1   !  -9.99000e+02  -99.000  -99.000  -999
OBS: 5999833  54578.027    43.00   0.0000e+00   4.1321e+02   1.1205e+02   0  J  0.00  1   !  -9.99000e+02  -99.000  -99.000  -999
OBS: 5999833  54580.027    45.00   0.0000e+00   3.4889e+02   1.0073e+02   0  J  0.00  1   !  -9.99000e+02  -99.000  -99.000  -999
OBS: 5999833  54582.027    47.00   0.0000e+00   3.0565e+02   1.1408e+02   0  J  0.00  1   !  -9.99000e+02  -99.000  -99.000  -999
OBS: 5999833  54584.027    49.00   0.0000e+00   2.8285e+02   1.2899e+02   0  J  0.00  1   !  -9.99000e+02  -99.000  -99.000  -999
OBS: 5999833  54586.027    51.00   0.0000e+00   2.6248e+02   1.2570e+02   0  J  0.00  1   !  -9.99000e+02  -99.000  -99.000  -999
OBS: 5999833  54588.027    53.00   0.0000e+00   2.3361e+02   1.1505e+02   0  J  0.00  1   !  -9.99000e+02  -99.000  -99.000  -999
OBS: 5999833  54590.027    55.00   0.0000e+00   2.0347e+02   1.1232e+02   0  J  0.00  1   !  -9.99000e+02  -99.000  -99.000  -999
OBS: 5999833  54592.027    57.00   0.0000e+00   1.8193e+02   1.0951e+02   0  J  0.00  1   !  -9.99000e+02  -99.000  -99.000  -999
OBS: 5999833  54594.027    59.00   0.0000e+00   1.6095e+02   9.6878e+01   0  J  0.00  1   !  -9.99000e+02  -99.000  -99.000  -999
OBS: 5999833  54596.027    61.00   0.0000e+00   1.4072e+02   8.4701e+01   0  J  0.00  1   !  -9.99000e+02  -99.000  -99.000  -999
OBS: 5999833  54598.027    63.00   0.0000e+00   1.1891e+02   7.1571e+01   0  J  0.00  1   !  -9.99000e+02  -99.000  -99.000  -999
OBS: 5999833  54600.027    65.00   0.0000e+00   9.2809e+01   5.5863e+01   0  J  0.00  1   !  -9.99000e+02  -99.000  -99.000  -999
OBS: 5999833  54602.027    67.00   0.0000e+00   5.9204e+01   3.5635e+01   0  J  0.00  1   !  -9.99000e+02  -99.000  -99.000  -999
OBS: 5999833  54604.027    69.00   0.0000e+00   4.6187e+01   2.7800e+01   0  J  0.00  1   !  -9.99000e+02  -99.000  -99.000  -999
OBS: 5999833  54606.027    71.00   0.0000e+00   3.8953e+01   2.3446e+01   0  J  0.00  1   !  -9.99000e+02  -99.000  -99.000  -999
OBS: 5999833  54608.027    73.00   0.0000e+00   3.1615e+01   1.9029e+01   0  J  0.00  1   !  -9.99000e+02  -99.000  -99.000  -999
OBS: 5999833  54610.027    75.00   0.0000e+00   2.4151e+01   1.4537e+01   0  J  0.00  1   !  -9.99000e+02  -99.000  -99.000  -999
OBS: 5999833  54612.027    77.00   0.0000e+00   1.7767e+01   1.0694e+01   0  J  0.00  1   !  -9.99000e+02  -99.000  -99.000  -999
OBS: 5999833  54614.027    79.00   0.0000e+00   1.2745e+01   7.6711e+00   0  J  0.00  1   !  -9.99000e+02  -99.000  -99.000  -999
OBS: 5999833  54616.027    81.00   0.0000e+00   9.5112e+00   5.7249e+00   0  J  0.00  1   !  -9.99000e+02  -99.000  -99.000  -999
OBS: 5999833  54618.027    83.00   0.0000e+00   7.3430e+00   4.4198e+00   0  J  0.00  1   !  -9.99000e+02  -99.000  -99.000  -999
OBS: 5999833  54620.027    85.00   0.0000e+00   5.6737e+00   3.4150e+00   0  J  0.00  1   !  -9.99000e+02  -99.000  -99.000  -999
OBS: 5999833  54622.027    87.00   0.0000e+00   4.3869e+00   2.6405e+00   0  J  0.00  1   !  -9.99000e+02  -99.000  -99.000  -999
OBS: 5999833  54624.027    89.00   0.0000e+00   3.3875e+00   2.0390e+00   0  J  0.00  1   !  -9.99000e+02  -99.000  -99.000  -999
OBS: 5999833  54626.027    91.00   0.0000e+00   2.6082e+00   1.5699e+00   0  J  0.00  1   !  -9.99000e+02  -99.000  -99.000  -999
OBS: 5999833  54628.027    93.00   0.0000e+00   2.0309e+00   1.2224e+00   0  J  0.00  1   !  -9.99000e+02  -99.000  -99.000  -999
OBS: 5999833  54630.027    95.00   0.0000e+00   1.5904e+00   9.5730e-01   0  J  0.00  1   !  -9.99000e+02  -99.000  -99.000  -999
OBS: 5999833  54632.027    97.00   0.0000e+00   1.2455e+00   7.4970e-01   0  J  0.00  1   !  -9.99000e+02  -99.000  -99.000  -999
OBS: 5999833  54634.027    99.00   0.0000e+00   9.7541e-01   5.8711e-01   0  J  0.00  1   !  -9.99000e+02  -99.000  -99.000  -999
OBS: 5999833  54636.027   101.00   0.0000e+00   7.6388e-01   4.5979e-01   0  J  0.00  1   !  -9.99000e+02  -99.000  -99.000  -999
OBS: 5999833  54638.027   103.00   0.0000e+00   5.9822e-01   3.6008e-01   0  J  0.00  1   !  -9.99000e+02  -99.000  -99.000  -999
OBS: 5999833  54640.027   105.00   0.0000e+00   4.6849e-01   2.8199e-01   0  J  0.00  1   !  -9.99000e+02  -99.000  -99.000  -999
OBS: 5999833  54642.027   107.00   0.0000e+00   3.6689e-01   2.2083e-01   0  J  0.00  1   !  -9.99000e+02  -99.000  -99.000  -999
OBS: 5999833  54644.027   109.00   0.0000e+00   2.8732e-01   1.7294e-01   0  J  0.00  1   !  -9.99000e+02  -99.000  -99.000  -999
OBS: 5999833  54646.027   111.00   0.0000e+00   2.2501e-01   1.3544e-01   0  J  0.00  1   !  -9.99000e+02  -99.000  -99.000  -999
OBS: 5999833  54648.027   113.00   0.0000e+00   1.7621e-01   1.0607e-01   0  J  0.00  1   !  -9.99000e+02  -99.000  -99.000  -999
OBS: 5999833  54650.027   115.00   0.0000e+00   1.3800e-01   8.3064e-02   0  J  0.00  1   !  -9.99000e+02  -99.000  -99.000  -999
OBS: 5999833  54652.027   117.00   0.0000e+00   1.0807e-01   6.5050e-02   0  J  0.00  1   !  -9.99000e+02  -99.000  -99.000  -999
OBS: 5999833  54654.027   119.00   0.0000e+00   8.4635e-02   5.0943e-02   0  J  0.00  1   !  -9.99000e+02  -99.000  -99.000  -999
OBS: 5999833  54656.027   121.00   0.0000e+00   6.6281e-02   3.9895e-02   0  J  0.00  1   !  -9.99000e+02  -99.000  -99.000  -999
OBS: 5999833  54658.027   123.00   0.0000e+00   5.1907e-02   3.1243e-02   0  J  0.00  1   !  -9.99000e+02  -99.000  -99.000  -999
OBS: 5999833  54660.027   125.00   0.0000e+00   4.0650e-02   2.4468e-02   0  J  0.00  1   !  -9.99000e+02  -99.000  -99.000  -999
OBS: 5999833  54662.027   127.00   0.0000e+00   3.1834e-02   1.9161e-02   0  J  0.00  1   !  -9.99000e+02  -99.000  -99.000  -999
OBS: 5999833  54664.027   129.00   0.0000e+00   2.4930e-02   1.5006e-02   0  J  0.00  1   !  -9.99000e+02  -99.000  -99.000  -999
OBS: 5999833  54666.027   131.00   0.0000e+00   1.9524e-02   1.1752e-02   0  J  0.00  1   !  -9.99000e+02  -99.000  -99.000  -999
OBS: 5999833  54668.027   133.00   0.0000e+00   1.5290e-02   9.2031e-03   0  J  0.00  1   !  -9.99000e+02  -99.000  -99.000  -999
OBS: 5999833  54670.027   135.00   0.0000e+00   1.1974e-02   7.2073e-03   0  J  0.00  1   !  -9.99000e+02  -99.000  -99.000  -999
OBS: 5999833  54672.027   137.00   0.0000e+00   9.3772e-03   5.6443e-03   0  J  0.00  1   !  -9.99000e+02  -99.000  -99.000  -999
OBS: 5999833  54674.027   139.00   0.0000e+00   7.3436e-03   4.4202e-03   0  J  0.00  1   !  -9.99000e+02  -99.000  -99.000  -999
OBS: 5999833  54528.809    -6.22   2.0987e+03   1.9416e+03   2.7205e+02   1  Y  0.76  1   Y  1.87527e+18  -0.287  -0.794  1.00000e+11
OBS: 5999833  54528.820    -6.21   2.1002e+03   2.4278e+03   2.0413e+02   1  Y  1.34  1   Y  2.34437e+18  -0.287  -0.794  1.00000e+11
OBS: 5999833  54536.820     1.79   1.6740e+03   1.7715e+03   2.3932e+02   1  Y  0.01  1   Y  1.58038e+18  -0.373  -1.559  1.00000e+11
OBS: 5999833  54536.828     1.80   1.6728e+03   1.7938e+03   1.9632e+02   1  Y  0.07  1   Y  1.59990e+18  -0.373  -1.559  1.00000e+11
OBS: 5999833  54539.820     4.79   1.3501e+03   1.4340e+03   1.8783e+02   1  Y  0.02  1   Y  1.18694e+18  -0.454  -1.588  1.00000e+11
OBS: 5999833  54539.820     4.79   1.3501e+03   1.5652e+03   1.9929e+02   1  Y  0.60  1   Y  1.29554e+18  -0.454  -1.588  1.00000e+11
OBS: 5999833  54544.801     9.77   1.0867e+03   1.2828e+03   2.0102e+02   1  Y  0.54  1   Y  1.01511e+18  -0.503  -1.525  1.00000e+11
OBS: 5999833  54544.809     9.78   1.0868e+03   1.1943e+03   2.0272e+02   1  Y  0.09  1   Y  9.45073e+17  -0.503  -1.525  1.00000e+11
OBS: 5999833  54559.750    24.72   2.0807e+03   2.0008e+03   2.1074e+02   1  Y  0.58  1   Y  1.91788e+18  -0.295  -0.009  1.00000e+11
OBS: 5999833  54559.762    24.73   2.0808e+03   1.8405e+03   2.6381e+02   1  Y  1.46  1   Y  1.76492e+18  -0.294  -0.007  1.00000e+11
OBS: 5999833  54581.691    46.66   6.2721e+02   6.8308e+02   1.9203e+02   1  Y  0.03  1   Y  8.04173e+17  -0.072  -1.526  1.00000e+11
OBS: 5999833  54581.699    46.67   6.2684e+02   7.0087e+02   2.1748e+02   1  Y  0.05  1   Y  8.25114e+17  -0.072  -1.527  1.00000e+11
OBS: 5999833  54588.680    53.65   4.0542e+02   5.5142e+02   1.9961e+02  -1  Y  0.39  1   !  -9.99000e+02  -99.000  -99.000  -999
OBS: 5999833  54588.691    53.66   4.0517e+02   2.0235e+02   1.7378e+02  -1  Y  1.40  1   !  -9.99000e+02  -99.000  -99.000  -999
OBS: 5999833  54593.691    58.66   3.2404e+02   9.5471e+01   2.1865e+02  -1  Y  0.65  1   !  -9.99000e+02  -99.000  -99.000  -999
OBS: 5999833  54476.027   -59.00   0.0000e+00   0.0000e+00   0.0000e+00   0  Y  0.00  1   !  -9.99000e+02  -99.000  -99.000  -999
OBS: 5999833  54478.027   -57.00   0.0000e+00   0.0000e+00   0.0000e+00   0  Y  0.00  1   !  -9.99000e+02  -99.000  -99.000  -999
OBS: 5999833  54480.027   -55.00   0.0000e+00   0.0000e+00   0.0000e+00   0  Y  0.00  1   !  -9.99000e+02  -99.000  -99.000  -999
OBS: 5999833  54482.027   -53.00   0.0000e+00   0.0000e+00   0.0000e+00   0  Y  0.00  1   !  -9.99000e+02  -99.000  -99.000  -999
OBS: 5999833  54484.027   -51.00   0.0000e+00   0.0000e+00   0.0000e+00   0  Y  0.00  1   !  -9.99000e+02  -99.000  -99.000  -999
OBS: 5999833  54486.027   -49.00   0.0000e+00   0.0000e+00   0.0000e+00   0  Y  0.00  1   !  -9.99000e+02  -99.000  -99.000  -999
OBS: 5999833  54488.027   -47.00   0.0000e+00   0.0000e+00   0.0000e+00   0  Y  0.00  1   !  -9.99000e+02  -99.000  -99.000  -999
OBS: 5999833  54490.027   -45.00   0.0000e+00   0.0000e+00   0.0000e+00   0  Y  0.00  1   !  -9.99000e+02  -99.000  -99.000  -999
OBS: 5999833  54492.027   -43.00   0.0000e+00   0.0000e+00   0.0000e+00   0  Y  0.00  1   !  -9.99000e+02  -99.000  -99.000  -999
OBS: 5999833  54494.027   -41.00   0.0000e+00   0.0000e+00   0.0000e+00   0  Y  0.00  1   !  -9.99000e+02  -99.000  -99.000  -999
OBS: 5999833  54496.027   -39.00   0.0000e+00   0.0000e+00   0.0000e+00   0  Y  0.00  1   !  -9.99000e+02  -99.000  -99.000  -999
OBS: 5999833  54498.027   -37.00   0.0000e+00   0.0000e+00   0.0000e+00   0  Y  0.00  1   !  -9.99000e+02  -99.000  -99.000  -999
OBS: 5999833  54500.027   -35.00   0.0000e+00   0.0000e+00   0.0000e+00   0  Y  0.00  1   !  -9.99000e+02  -99.000  -99.000  -999
OBS: 5999833  54502.027   -33.00   0.0000e+00   0.0000e+00   0.0000e+00   0  Y  0.00  1   !  -9.99000e+02  -99.000  -99.000  -999
OBS: 5999833  54504.027   -31.00   0.0000e+00   0.0000e+00   0.0000e+00   0  Y  0.00  1   !  -9.99000e+02  -99.000  -99.000  -999
OBS: 5999833  54506.027   -29.00   0.0000e+00   0.0000e+00   0.0000e+00   0  Y  0.00  1   !  -9.99000e+02  -99.000  -99.000  -999
OBS: 5999833  54508.027   -27.00   0.0000e+00   0.0000e+00   0.0000e+00   0  Y  0.00  1   !  -9.99000e+02  -99.000  -99.000  -999
OBS: 5999833  54510.027   -25.00   0.0000e+00   0.0000e+00   0.0000e+00   0  Y  0.00  1   !  -9.99000e+02  -99.000  -99.000  -999
OBS: 5999833  54512.027   -23.00   0.0000e+00   0.0000e+00   0.0000e+00   0  Y  0.00  1   !  -9.99000e+02  -99.000  -99.000  -999
OBS: 5999833  54514.027   -21.00   0.0000e+00   0.0000e+00   0.0000e+00   0  Y  0.00  1   !  -9.99000e+02  -99.000  -99.000  -999
OBS: 5999833  54516.027   -19.00   0.0000e+00   0.0000e+00   0.0000e+00   0  Y  0.00  1   !  -9.99000e+02  -99.000  -99.000  -999
OBS: 5999833  54518.027   -17.00   0.0000e+00   0.0000e+00   0.0000e+00   0  Y  0.00  1   !  -9.99000e+02  -99.000  -99.000  -999
OBS: 5999833  54520.027   -15.00   0.0000e+00   5.7070e-05   5.7070e-05   0  Y  0.00  1   !  -9.99000e+02  -99.000  -99.000  -999
OBS: 5999833  54522.027   -13.00   0.0000e+00   4.9218e+02   1.4653e+02   0  Y  0.00  1   !  -9.99000e+02  -99.000  -99.000  -999
OBS: 5999833  54524.027   -11.00   0.0000e+00   1.0003e+03   1.0110e+02   0  Y  0.00  1   !  -9.99000e+02  -99.000  -99.000  -999
OBS: 5999833  54526.027    -9.00   0.0000e+00   1.5187e+03   6.7405e+01   0  Y  0.00  1   !  -9.99000e+02  -99.000  -99.000  -999
OBS: 5999833  54528.027    -7.00   0.0000e+00   2.0266e+03   5.3851e+01   0  Y  0.00  1   !  -9.99000e+02  -99.000  -99.000  -999
OBS: 5999833  54530.027    -5.00   0.0000e+00   2.3565e+03   4.8799e+01   0  Y  0.00  1   !  -9.99000e+02  -99.000  -99.000  -999
OBS: 5999833  54532.027    -3.00   0.0000e+00   2.4134e+03   4.9617e+01   0  Y  0.00  1   !  -9.99000e+02  -99.000  -99.000  -999
OBS: 5999833  54534.027    -1.00   0.0000e+00   2.1727e+03   5.1671e+01   0  Y  0.00  1   !  -9.99000e+02  -99.000  -99.000  -999
OBS: 5999833  54536.027     1.00   0.0000e+00   1.8515e+03   4.9790e+01   0  Y  0.00  1   !  -9.99000e+02  -99.000  -99.000  -999
OBS: 5999833  54538.027     3.00   0.0000e+00   1.6068e+03   5.0417e+01   0  Y  0.00  1   !  -9.99000e+02  -99.000  -99.000  -999
OBS: 5999833  54540.027     5.00   0.0000e+00   1.3820e+03   5.6067e+01   0  Y  0.00  1   !  -9.99000e+02  -99.000  -99.000  -999
OBS: 5999833  54542.027     7.00   0.0000e+00   1.1990e+03   5.6554e+01   0  Y  0.00  1   !  -9.99000e+02  -99.000  -99.000  -999
OBS: 5999833  54544.027     9.00   0.0000e+00   1.1250e+03   5.0361e+01   0  Y  0.00  1   !  -9.99000e+02  -99.000  -99.000  -999
OBS: 5999833  54546.027    11.00   0.0000e+00   1.1497e+03   4.7339e+01   0  Y  0.00  1   !  -9.99000e+02  -99.000  -99.000  -999
OBS: 5999833  54548.027    13.00   0.0000e+00   1.2266e+03   5.1251e+01   0  Y  0.00  1   !  -9.99000e+02  -99.000  -99.000  -999
OBS: 5999833  54550.027    15.00   0.0000e+00   1.3814e+03   5.4041e+01   0  Y  0.00  1   !  -9.99000e+02  -99.000  -99.000  -999
OBS: 5999833  54552.027    17.00   0.0000e+00   1.5977e+03   5.7401e+01   0  Y  0.00  1   !  -9.99000e+02  -99.000  -99.000  -999
OBS: 5999833  54554.027    19.00   0.0000e+00   1.8278e+03   5.9794e+01   0  Y  0.00  1   !  -9.99000e+02  -99.000  -99.000  -999
OBS: 5999833  54556.027    21.00   0.0000e+00   2.0484e+03   6.0593e+01   0  Y  0.00  1   !  -9.99000e+02  -99.000  -99.000  -999
OBS: 5999833  54558.027    23.00   0.0000e+00   2.1482e+03   5.5573e+01   0  Y  0.00  1   !  -9.99000e+02  -99.000  -99.000  -999
OBS: 5999833  54560.027    25.00   0.0000e+00   2.1788e+03   5.3003e+01   0  Y  0.00  1   !  -9.99000e+02  -99.000  -99.000  -999
OBS: 5999833  54562.027    27.00   0.0000e+00   2.2523e+03   5.1944e+01   0  Y  0.00  1   !  -9.99000e+02  -99.000  -99.000  -999
OBS: 5999833  54564.027    29.00   0.0000e+00   2.1525e+03   4.9049e+01   0  Y  0.00  1   !  -9.99000e+02  -99.000  -99.000  -999
OBS: 5999833  54566.027    31.00   0.0000e+00   1.8452e+03   4.8530e+01   0  Y  0.00  1   !  -9.99000e+02  -99.000  -99.000  -999
OBS: 5999833  54568.027    33.00   0.0000e+00   1.5391e+03   4.8718e+01   0  Y  0.00  1   !  -9.99000e+02  -99.000  -99.000  -999
OBS: 5999833  54570.027    35.00   0.0000e+00   1.2850e+03   4.5429e+01   0  Y  0.00  1   !  -9.99000e+02  -99.000  -99.000  -999
OBS: 5999833  54572.027    37.00   0.0000e+00   1.0894e+03   4.6247e+01   0  Y  0.00  1   !  -9.99000e+02  -99.000  -99.000  -999
OBS: 5999833  54574.027    39.00   0.0000e+00   9.6241e+02   4.8282e+01   0  Y  0.00  1   !  -9.99000e+02  -99.000  -99.000  -999
OBS: 5999833  54576.027    41.00   0.0000e+00   8.7522e+02   4.8012e+01   0  Y  0.00  1   !  -9.99000e+02  -99.000  -99.000  -999
OBS: 5999833  54578.027    43.00   0.0000e+00   7.9340e+02   4.7282e+01   0  Y  0.00  1   !  -9.99000e+02  -99.000  -99.000  -999
OBS: 5999833  54580.027    45.00   0.0000e+00   7.1432e+02   5.1653e+01   0  Y  0.00  1   !  -9.99000e+02  -99.000  -99.000  -999
OBS: 5999833  54582.027    47.00   0.0000e+00   6.3795e+02   5.9384e+01   0  Y  0.00  1   !  -9.99000e+02  -99.000  -99.000  -999
OBS: 5999833  54584.027    49.00   0.0000e+00   5.6449e+02   6.6603e+01   0  Y  0.00  1   !  -9.99000e+02  -99.000  -99.000  -999
OBS: 5999833  54586.027    51.00   0.0000e+00   4.9600e+02   6.7074e+01   0  Y  0.00  1   !  -9.99000e+02  -99.000  -99.000  -999
OBS: 5999833  54588.027    53.00   0.0000e+00   4.3789e+02   6.2121e+01   0  Y  0.00  1   !  -9.99000e+02  -99.000  -99.000  -999
OBS: 5999833  54590.027    55.00   0.0000e+00   3.8788e+02   2.3347e+02   0  Y  0.00  1   !  -9.99000e+02  -99.000  -99.000  -999
OBS: 5999833  54592.027    57.00   0.0000e+00   3.4794e+02   2.0943e+02   0  Y  0.00  1   !  -9.99000e+02  -99.000  -99.000  -999
OBS: 5999833  54594.027    59.00   0.0000e+00   3.3435e+02   2.0125e+02   0  Y  0.00  1   !  -9.99000e+02  -99.000  -99.000  -999
OBS: 5999833  54596.027    61.00   0.0000e+00   3.2103e+02   1.9323e+02   0  Y  0.00  1   !  -9.99000e+02  -99.000  -99.000  -999
OBS: 5999833  54598.027    63.00   0.0000e+00   3.0175e+02   1.8163e+02   0  Y  0.00  1   !  -9.99000e+02  -99.000  -99.000  -999
OBS: 5999833  54600.027    65.00   0.0000e+00   2.6960e+02   1.6227e+02   0  Y  0.00  1   !  -9.99000e+02  -99.000  -99.000  -999
OBS: 5999833  54602.027    67.00   0.0000e+00   2.0738e+02   1.2482e+02   0  Y  0.00  1   !  -9.99000e+02  -99.000  -99.000  -999
OBS: 5999833  54604.027    69.00   0.0000e+00   1.6284e+02   9.8015e+01   0  Y  0.00  1   !  -9.99000e+02  -99.000  -99.000  -999
OBS: 5999833  54606.027    71.00   0.0000e+00   1.3555e+02   8.1589e+01   0  Y  0.00  1   !  -9.99000e+02  -99.000  -99.000  -999
OBS: 5999833  54608.027    73.00   0.0000e+00   1.1988e+02   7.2154e+01   0  Y  0.00  1   !  -9.99000e+02  -99.000  -99.000  -999
OBS: 5999833  54610.027    75.00   0.0000e+00   1.1115e+02   6.6905e+01   0  Y  0.00  1   !  -9.99000e+02  -99.000  -99.000  -999
OBS: 5999833  54612.027    77.00   0.0000e+00   1.0545e+02   6.3474e+01   0  Y  0.00  1   !  -9.99000e+02  -99.000  -99.000  -999
OBS: 5999833  54614.027    79.00   0.0000e+00   1.0120e+02   6.0911e+01   0  Y  0.00  1   !  -9.99000e+02  -99.000  -99.000  -999
OBS: 5999833  54616.027    81.00   0.0000e+00   9.4937e+01   5.7143e+01   0  Y  0.00  1   !  -9.99000e+02  -99.000  -99.000  -999
OBS: 5999833  54618.027    83.00   0.0000e+00   8.7634e+01   5.2748e+01   0  Y  0.00  1   !  -9.99000e+02  -99.000  -99.000  -999
OBS: 5999833  54620.027    85.00   0.0000e+00   8.1034e+01   4.8775e+01   0  Y  0.00  1   !  -9.99000e+02  -99.000  -99.000  -999
OBS: 5999833  54622.027    87.00   0.0000e+00   7.5045e+01   4.5171e+01   0  Y  0.00  1   !  -9.99000e+02  -99.000  -99.000  -999
OBS: 5999833  54624.027    89.00   0.0000e+00   6.9672e+01   4.1936e+01   0  Y  0.00  1   !  -9.99000e+02  -99.000  -99.000  -999
OBS: 5999833  54626.027    91.00   0.0000e+00   6.4876e+01   3.9050e+01   0  Y  0.00  1   !  -9.99000e+02  -99.000  -99.000  -999
OBS: 5999833  54628.027    93.00   0.0000e+00   5.9767e+01   3.5974e+01   0  Y  0.00  1   !  -9.99000e+02  -99.000  -99.000  -999
OBS: 5999833  54630.027    95.00   0.0000e+00   5.4748e+01   3.2954e+01   0  Y  0.00  1   !  -9.99000e+02  -99.000  -99.000  -999
OBS: 5999833  54632.027    97.00   0.0000e+00   5.0151e+01   3.0186e+01   0  Y  0.00  1   !  -9.99000e+02  -99.000  -99.000  -999
OBS: 5999833  54634.027    99.00   0.0000e+00   4.5938e+01   2.7651e+01   0  Y  0.00  1   !  -9.99000e+02  -99.000  -99.000  -999
OBS: 5999833  54636.027   101.00   0.0000e+00   4.2079e+01   2.5328e+01   0  Y  0.00  1   !  -9.99000e+02  -99.000  -99.000  -999
OBS: 5999833  54638.027   103.00   0.0000e+00   3.8545e+01   2.3201e+01   0  Y  0.00  1   !  -9.99000e+02  -99.000  -99.000  -999
OBS: 5999833  54640.027   105.00   0.0000e+00   3.5309e+01   2.1253e+01   0  Y  0.00  1   !  -9.99000e+02  -99.000  -99.000  -999
OBS: 5999833  54642.027   107.00   0.0000e+00   3.2343e+01   1.9467e+01   0  Y  0.00  1   !  -9.99000e+02  -99.000  -99.000  -999
OBS: 5999833  54644.027   109.00   0.0000e+00   2.9624e+01   1.7831e+01   0  Y  0.00  1   !  -9.99000e+02  -99.000  -99.000  -999
OBS: 5999833  54646.027   111.00   0.0000e+00   2.7134e+01   1.6332e+01   0  Y  0.00  1   !  -9.99000e+02  -99.000  -99.000  -999
OBS: 5999833  54648.027   113.00   0.0000e+00   2.4853e+01   1.4959e+01   0  Y  0.00  1   !  -9.99000e+02  -99.000  -99.000  -999
OBS: 5999833  54650.027   115.00   0.0000e+00   2.2763e+01   1.3701e+01   0  Y  0.00  1   !  -9.99000e+02  -99.000  -99.000  -999
OBS: 5999833  54652.027   117.00   0.0000e+00   2.0848e+01   1.2549e+01   0  Y  0.00  1   !  -9.99000e+02  -99.000  -99.000  -999
OBS: 5999833  54654.027   119.00   0.0000e+00   1.9094e+01   1.1493e+01   0  Y  0.00  1   !  -9.99000e+02  -99.000  -99.000  -999
OBS: 5999833  54656.027   121.00   0.0000e+00   1.7488e+01   1.0526e+01   0  Y  0.00  1   !  -9.99000e+02  -99.000  -99.000  -999
OBS: 5999833  54658.027   123.00   0.0000e+00   1.6016e+01   9.6402e+00   0  Y  0.00  1   !  -9.99000e+02  -99.000  -99.000  -999
OBS: 5999833  54660.027   125.00   0.0000e+00   1.4668e+01   8.8290e+00   0  Y  0.00  1   !  -9.99000e+02  -99.000  -99.000  -999
OBS: 5999833  54662.027   127.00   0.0000e+00   1.3436e+01   8.0873e+00   0  Y  0.00  1   !  -9.99000e+02  -99.000  -99.000  -999
OBS: 5999833  54664.027   129.00   0.0000e+00   1.2308e+01   7.4081e+00   0  Y  0.00  1   !  -9.99000e+02  -99.000  -99.000  -999
OBS: 5999833  54666.027   131.00   0.0000e+00   1.1272e+01   6.7848e+00   0  Y  0.00  1   !  -9.99000e+02  -99.000  -99.000  -999
OBS: 5999833  54668.027   133.00   0.0000e+00   1.0323e+01   6.2134e+00   0  Y  0.00  1   !  -9.99000e+02  -99.000  -99.000  -999
OBS: 5999833  54670.027   135.00   0.0000e+00   9.4534e+00   5.6901e+00   0  Y  0.00  1   !  -9.99000e+02  -99.000  -99.000  -999
OBS: 5999833  54672.027   137.00   0.0000e+00   8.6571e+00   5.2108e+00   0  Y  0.00  1   !  -9.99000e+02  -99.000  -99.000  -999
OBS: 5999833  54674.027   139.00   0.0000e+00   7.9277e+00   4.7718e+00   0  Y  0.00  1   !  -9.99000e+02  -99.000  -99.000  -999
OBS: 5999833  54548.781    13.75   1.1783e+03   1.4451e+03   6.7980e+02   1  y  0.10  1   Y  1.20577e+18  -0.446  -1.360  1.00000e+11
OBS: 5999833  54555.801    20.77   1.8618e+03   2.3640e+03   8.1696e+02   1  y  0.27  1   Y  2.00311e+18  -0.429  -0.691  1.00000e+11
OBS: 5999833  54476.027   -59.00   0.0000e+00   0.0000e+00   0.0000e+00   0  y  0.00  1   !  -9.99000e+02  -99.000  -99.000  -999
OBS: 5999833  54478.027   -57.00   0.0000e+00   0.0000e+00   0.0000e+00   0  y  0.00  1   !  -9.99000e+02  -99.000  -99.000  -999
OBS: 5999833  54480.027   -55.00   0.0000e+00   0.0000e+00   0.0000e+00   0  y  0.00  1   !  -9.99000e+02  -99.000  -99.000  -999
OBS: 5999833  54482.027   -53.00   0.0000e+00   0.0000e+00   0.0000e+00   0  y  0.00  1   !  -9.99000e+02  -99.000  -99.000  -999
OBS: 5999833  54484.027   -51.00   0.0000e+00   0.0000e+00   0.0000e+00   0  y  0.00  1   !  -9.99000e+02  -99.000  -99.000  -999
OBS: 5999833  54486.027   -49.00   0.0000e+00   0.0000e+00   0.0000e+00   0  y  0.00  1   !  -9.99000e+02  -99.000  -99.000  -999
OBS: 5999833  54488.027   -47.00   0.0000e+00   0.0000e+00   0.0000e+00   0  y  0.00  1   !  -9.99000e+02  -99.000  -99.000  -999
OBS: 5999833  54490.027   -45.00   0.0000e+00   0.0000e+00   0.0000e+00   0  y  0.00  1   !  -9.99000e+02  -99.000  -99.000  -999
OBS: 5999833  54492.027   -43.00   0.0000e+00   0.0000e+00   0.0000e+00   0  y  0.00  1   !  -9.99000e+02  -99.000  -99.000  -999
OBS: 5999833  54494.027   -41.00   0.0000e+00   0.0000e+00   0.0000e+00   0  y  0.00  1   !  -9.99000e+02  -99.000  -99.000  -999
OBS: 5999833  54496.027   -39.00   0.0000e+00   0.0000e+00   0.0000e+00   0  y  0.00  1   !  -9.99000e+02  -99.000  -99.000  -999
OBS: 5999833  54498.027   -37.00   0.0000e+00   0.0000e+00   0.0000e+00   0  y  0.00  1   !  -9.99000e+02  -99.000  -99.000  -999
OBS: 5999833  54500.027   -35.00   0.0000e+00   0.0000e+00   0.0000e+00   0  y  0.00  1   !  -9.99000e+02  -99.000  -99.000  -999
OBS: 5999833  54502.027   -33.00   0.0000e+00   0.0000e+00   0.0000e+00   0  y  0.00  1   !  -9.99000e+02  -99.000  -99.000  -999
OBS: 5999833  54504.027   -31.00   0.0000e+00   0.0000e+00   0.0000e+00   0  y  0.00  1   !  -9.99000e+02  -99.000  -99.000  -999
OBS: 5999833  54506.027   -29.00   0.0000e+00   0.0000e+00   0.0000e+00   0  y  0.00  1   !  -9.99000e+02  -99.000  -99.000  -999
OBS: 5999833  54508.027   -27.00   0.0000e+00   0.0000e+00   0.0000e+00   0  y  0.00  1   !  -9.99000e+02  -99.000  -99.000  -999
OBS: 5999833  54510.027   -25.00   0.0000e+00   0.0000e+00   0.0000e+00   0  y  0.00  1   !  -9.99000e+02  -99.000  -99.000  -999
OBS: 5999833  54512.027   -23.00   0.0000e+00   0.0000e+00   0.0000e+00   0  y  0.00  1   !  -9.99000e+02  -99.000  -99.000  -999
OBS: 5999833  54514.027   -21.00   0.0000e+00   0.0000e+00   0.0000e+00   0  y  0.00  1   !  -9.99000e+02  -99.000  -99.000  -999
OBS: 5999833  54516.027   -19.00   0.0000e+00   0.0000e+00   0.0000e+00   0  y  0.00  1   !  -9.99000e+02  -99.000  -99.000  -999
OBS: 5999833  54518.027   -17.00   0.0000e+00   0.0000e+00   0.0000e+00   0  y  0.00  1   !  -9.99000e+02  -99.000  -99.000  -999
OBS: 5999833  54520.027   -15.00   0.0000e+00   5.4269e-05   5.4269e-05   0  y  0.00  1   !  -9.99000e+02  -99.000  -99.000  -999
OBS: 5999833  54522.027   -13.00   0.0000e+00   4.8262e+02   1.4368e+02   0  y  0.00  1   !  -9.99000e+02  -99.000  -99.000  -999
OBS: 5999833  54524.027   -11.00   0.0000e+00   9.8844e+02   9.9905e+01   0  y  0.00  1   !  -9.99000e+02  -99.000  -99.000  -999
OBS: 5999833  54526.027    -9.00   0.0000e+00   1.5129e+03   6.7147e+01   0  y  0.00  1   !  -9.99000e+02  -99.000  -99.000  -999
OBS: 5999833  54528.027    -7.00   0.0000e+00   2.0240e+03   5.3782e+01   0  y  0.00  1   !  -9.99000e+02  -99.000  -99.000  -999
OBS: 5999833  54530.027    -5.00   0.0000e+00   2.3434e+03   4.8528e+01   0  y  0.00  1   !  -9.99000e+02  -99.000  -99.000  -999
OBS: 5999833  54532.027    -3.00   0.0000e+00   2.3947e+03   4.9232e+01   0  y  0.00  1   !  -9.99000e+02  -99.000  -99.000  -999
OBS: 5999833  54534.027    -1.00   0.0000e+00   2.1402e+03   5.0898e+01   0  y  0.00  1   !  -9.99000e+02  -99.000  -99.000  -999
OBS: 5999833  54536.027     1.00   0.0000e+00   1.8099e+03   4.8671e+01   0  y  0.00  1   !  -9.99000e+02  -99.000  -99.000  -999
OBS: 5999833  54538.027     3.00   0.0000e+00   1.5650e+03   4.9105e+01   0  y  0.00  1   !  -9.99000e+02  -99.000  -99.000  -999
OBS: 5999833  54540.027     5.00   0.0000e+00   1.3414e+03   5.4422e+01   0  y  0.00  1   !  -9.99000e+02  -99.000  -99.000  -999
OBS: 5999833  54542.027     7.00   0.0000e+00   1.1634e+03   5.4873e+01   0  y  0.00  1   !  -9.99000e+02  -99.000  -99.000  -999
OBS: 5999833  54544.027     9.00   0.0000e+00   1.0916e+03   4.8864e+01   0  y  0.00  1   !  -9.99000e+02  -99.000  -99.000  -999
OBS: 5999833  54546.027    11.00   0.0000e+00   1.1087e+03   4.5651e+01   0  y  0.00  1   !  -9.99000e+02  -99.000  -99.000  -999
OBS: 5999833  54548.027    13.00   0.0000e+00   1.1761e+03   4.9141e+01   0  y  0.00  1   !  -9.99000e+02  -99.000  -99.000  -999
OBS: 5999833  54550.027    15.00   0.0000e+00   1.3216e+03   5.1701e+01   0  y  0.00  1   !  -9.99000e+02  -99.000  -99.000  -999
OBS: 5999833  54552.027    17.00   0.0000e+00   1.5253e+03   5.4799e+01   0  y  0.00  1   !  -9.99000e+02  -99.000  -99.000  -999
OBS: 5999833  54554.027    19.00   0.0000e+00   1.7451e+03   5.7088e+01   0  y  0.00  1   !  -9.99000e+02  -99.000  -99.000  -999
OBS: 5999833  54556.027    21.00   0.0000e+00   1.9603e+03   5.7986e+01   0  y  0.00  1   !  -9.99000e+02  -99.000  -99.000  -999
OBS: 5999833  54558.027    23.00   0.0000e+00   2.0715e+03   5.3590e+01   0  y  0.00  1   !  -9.99000e+02  -99.000  -99.000  -999
OBS: 5999833  54560.027    25.00   0.0000e+00   2.1194e+03   5.1559e+01   0  y  0.00  1   !  -9.99000e+02  -99.000  -99.000  -999
OBS: 5999833  54562.027    27.00   0.0000e+00   2.2112e+03   5.0996e+01   0  y  0.00  1   !  -9.99000e+02  -99.000  -99.000  -999
OBS: 5999833  54564.027    29.00   0.0000e+00   2.1313e+03   4.8567e+01   0  y  0.00  1   !  -9.99000e+02  -99.000  -99.000  -999
OBS: 5999833  54566.027    31.00   0.0000e+00   1.8481e+03   4.8607e+01   0  y  0.00  1   !  -9.99000e+02  -99.000  -99.000  -999
OBS: 5999833  54568.027    33.00   0.0000e+00   1.5583e+03   4.9325e+01   0  y  0.00  1   !  -9.99000e+02  -99.000  -99.000  -999
OBS: 5999833  54570.027    35.00   0.0000e+00   1.3081e+03   4.6246e+01   0  y  0.00  1   !  -9.99000e+02  -99.000  -99.000  -999
OBS: 5999833  54572.027    37.00   0.0000e+00   1.1141e+03   4.7296e+01   0  y  0.00  1   !  -9.99000e+02  -99.000  -99.000  -999
OBS: 5999833  54574.027    39.00   0.0000e+00   9.8690e+02   4.9510e+01   0  y  0.00  1   !  -9.99000e+02  -99.000  -99.000  -999
OBS: 5999833  54576.027    41.00   0.0000e+00   8.9811e+02   4.9267e+01   0  y  0.00  1   !  -9.99000e+02  -99.000  -99.000  -999
OBS: 5999833  54578.027    43.00   0.0000e+00   8.1478e+02   4.8557e+01   0  y  0.00  1   !  -9.99000e+02  -99.000  -99.000  -999
OBS: 5999833  54580.027    45.00   0.0000e+00   7.3434e+02   5.3101e+01   0  y  0.00  1   !  -9.99000e+02  -99.000  -99.000  -999
OBS: 5999833  54582.027    47.00   0.0000e+00   6.5666e+02   6.1126e+01   0  y  0.00  1   !  -9.99000e+02  -99.000  -99.000  -999
OBS: 5999833  54584.027    49.00   0.0000e+00   5.8177e+02   6.8641e+01   0  y  0.00  1   !  -9.99000e+02  -99.000  -99.000  -999
OBS: 5999833  54586.027    51.00   0.0000e+00   5.1147e+02   6.9165e+01   0  y  0.00  1   !  -9.99000e+02  -99.000  -99.000  -999
OBS: 5999833  54588.027    53.00   0.0000e+00   4.5175e+02   6.4087e+01   0  y  0.00  1   !  -9.99000e+02  -99.000  -99.000  -999
OBS: 5999833  54590.027    55.00   0.0000e+00   4.0058e+02   2.4112e+02   0  y  0.00  1   !  -9.99000e+02  -99.000  -99.000  -999
OBS: 5999833  54592.027    57.00   0.0000e+00   3.5979e+02   2.1656e+02   0  y  0.00  1   !  -9.99000e+02  -99.000  -99.000  -999
OBS: 5999833  54594.027    59.00   0.0000e+00   3.4539e+02   2.0790e+02   0  y  0.00  1   !  -9.99000e+02  -99.000  -99.000  -999
OBS: 5999833  54596.027    61.00   0.0000e+00   3.3118e+02   1.9934e+02   0  y  0.00  1   !  -9.99000e+02  -99.000  -99.000  -999
OBS: 5999833  54598.027    63.00   0.0000e+00   3.1061e+02   1.8696e+02   0  y  0.00  1   !  -9.99000e+02  -99.000  -99.000  -999
OBS: 5999833  54600.027    65.00   0.0000e+00   2.7662e+02   1.6650e+02   0  y  0.00  1   !  -9.99000e+02  -99.000  -99.000  -999
OBS: 5999833  54602.027    67.00   0.0000e+00   2.1209e+02   1.2766e+02   0  y  0.00  1   !  -9.99000e+02  -99.000  -99.000  -999
OBS: 5999833  54604.027    69.00   0.0000e+00   1.6631e+02   1.0010e+02   0  y  0.00  1   !  -9.99000e+02  -99.000  -99.000  -999
OBS: 5999833  54606.027    71.00   0.0000e+00   1.3840e+02   8.3307e+01   0  y  0.00  1   !  -9.99000e+02  -99.000  -99.000  -999
OBS: 5999833  54608.027    73.00   0.0000e+00   1.2247e+02   7.3716e+01   0  y  0.00  1   !  -9.99000e+02  -99.000  -99.000  -999
OBS: 5999833  54610.027    75.00   0.0000e+00   1.1367e+02   6.8418e+01   0  y  0.00  1   !  -9.99000e+02  -99.000  -99.000  -999
OBS: 5999833  54612.027    77.00   0.0000e+00   1.0797e+02   6.4988e+01   0  y  0.00  1   !  -9.99000e+02  -99.000  -99.000  -999
OBS: 5999833  54614.027    79.00   0.0000e+00   1.0378e+02   6.2468e+01   0  y  0.00  1   !  -9.99000e+02  -99.000  -99.000  -999
OBS: 5999833  54616.027    81.00   0.0000e+00   9.7436e+01   5.8648e+01   0  y  0.00  1   !  -9.99000e+02  -99.000  -99.000  -999
OBS: 5999833  54618.027    83.00   0.0000e+00   8.9948e+01   5.4140e+01   0  y  0.00  1   !  -9.99000e+02  -99.000  -99.000  -999
OBS: 5999833  54620.027    85.00   0.0000e+00   8.3182e+01   5.0068e+01   0  y  0.00  1   !  -9.99000e+02  -99.000  -99.000  -999
OBS: 5999833  54622.027    87.00   0.0000e+00   7.7054e+01   4.6379e+01   0  y  0.00  1   !  -9.99000e+02  -99.000  -99.000  -999
OBS: 5999833  54624.027    89.00   0.0000e+00   7.1562e+01   4.3074e+01   0  y  0.00  1   !  -9.99000e+02  -99.000  -99.000  -999
OBS: 5999833  54626.027    91.00   0.0000e+00   6.6674e+01   4.0132e+01   0  y  0.00  1   !  -9.99000e+02  -99.000  -99.000  -999
OBS: 5999833  54628.027    93.00   0.0000e+00   6.1445e+01   3.6984e+01   0  y  0.00  1   !  -9.99000e+02  -99.000  -99.000  -999
OBS: 5999833  54630.027    95.00   0.0000e+00   5.6299e+01   3.3887e+01   0  y  0.00  1   !  -9.99000e+02  -99.000  -99.000  -999
OBS: 5999833  54632.027    97.00   0.0000e+00   5.1583e+01   3.1048e+01   0  y  0.00  1   !  -9.99000e+02  -99.000  -99.000  -999
OBS: 5999833  54634.027    99.00   0.0000e+00   4.7262e+01   2.8447e+01   0  y  0.00  1   !  -9.99000e+02  -99.000  -99.000  -999
OBS: 5999833  54636.027   101.00   0.0000e+00   4.3302e+01   2.6064e+01   0  y  0.00  1   !  -9.99000e+02  -99.000  -99.000  -999
OBS: 5999833  54638.027   103.00   0.0000e+00   3.9675e+01   2.3881e+01   0  y  0.00  1   !  -9.99000e+02  -99.000  -99.000  -999
OBS: 5999833  54640.027   105.00   0.0000e+00   3.6352e+01   2.1881e+01   0  y  0.00  1   !  -9.99000e+02  -99.000  -99.000  -999
OBS: 5999833  54642.027   107.00   0.0000e+00   3.3306e+01   2.0047e+01   0  y  0.00  1   !  -9.99000e+02  -99.000  -99.000  -999
OBS: 5999833  54644.027   109.00   0.0000e+00   3.0514e+01   1.8367e+01   0  y  0.00  1   !  -9.99000e+02  -99.000  -99.000  -999
OBS: 5999833  54646.027   111.00   0.0000e+00   2.7956e+01   1.6827e+01   0  y  0.00  1   !  -9.99000e+02  -99.000  -99.000  -999
OBS: 5999833  54648.027   113.00   0.0000e+00   2.5612e+01   1.5416e+01   0  y  0.00  1   !  -9.99000e+02  -99.000  -99.000  -999
OBS: 5999833  54650.027   115.00   0.0000e+00   2.3464e+01   1.4123e+01   0  y  0.00  1   !  -9.99000e+02  -99.000  -99.000  -999
OBS: 5999833  54652.027   117.00   0.0000e+00   2.1496e+01   1.2938e+01   0  y  0.00  1   !  -9.99000e+02  -99.000  -99.000  -999
OBS: 5999833  54654.027   119.00   0.0000e+00   1.9692e+01   1.1853e+01   0  y  0.00  1   !  -9.99000e+02  -99.000  -99.000  -999
OBS: 5999833  54656.027   121.00   0.0000e+00   1.8040e+01   1.0858e+01   0  y  0.00  1   !  -9.99000e+02  -99.000  -99.000  -999
OBS: 5999833  54658.027   123.00   0.0000e+00   1.6526e+01   9.9472e+00   0  y  0.00  1   !  -9.99000e+02  -99.000  -99.000  -999
OBS: 5999833  54660.027   125.00   0.0000e+00   1.5139e+01   9.1124e+00   0  y  0.00  1   !  -9.99000e+02  -99.000  -99.000  -999
OBS: 5999833  54662.027   127.00   0.0000e+00   1.3871e+01   8.3490e+00   0  y  0.00  1   !  -9.99000e+02  -99.000  -99.000  -999
OBS: 5999833  54664.027   129.00   0.0000e+00   1.2709e+01   7.6495e+00   0  y  0.00  1   !  -9.99000e+02  -99.000  -99.000  -999
OBS: 5999833  54666.027   131.00   0.0000e+00   1.1642e+01   7.0077e+00   0  y  0.00  1   !  -9.99000e+02  -99.000  -99.000  -999
OBS: 5999833  54668.027   133.00   0.0000e+00   1.0665e+01   6.4192e+00   0  y  0.00  1   !  -9.99000e+02  -99.000  -99.000  -999
OBS: 5999833  54670.027   135.00   0.0000e+00   9.7691e+00   5.8801e+00   0  y  0.00  1   !  -9.99000e+02  -99.000  -99.000  -999
OBS: 5999833  54672.027   137.00   0.0000e+00   8.9485e+00   5.3862e+00   0  y  0.00  1   !  -9.99000e+02  -99.000  -99.000  -999
OBS: 5999833  54674.027   139.00   0.0000e+00   8.1968e+00   4.9338e+00   0  y  0.00  1   !  -9.99000e+02  -99.000  -99.000  -999
OBS: 5999833  54528.820    -6.21   1.5156e+03   1.2575e+03   8.4407e+02   1  H  0.67  1   H  1.35082e+18  -0.171  -0.162  1.00000e+11
OBS: 5999833  54536.828     1.80   1.1110e+03   3.1169e+03   9.1248e+02   1  H  3.42  1   H  3.71691e+18  -0.058  -0.267  1.00000e+11
OBS: 5999833  54542.852     7.82   6.7370e+02   7.8348e+02   1.8149e+03   1  H  0.00  1   H  1.16942e+18  0.186  0.070  1.00000e+11
OBS: 5999833  54542.859     7.83   6.7319e+02   1.0734e+03   1.5385e+03   1  H  0.02  1   H  1.60316e+18  0.187  0.076  1.00000e+11
OBS: 5999833  54548.781    13.75   6.1634e+02   1.5040e+03   1.3368e+03   1  H  0.28  1   H  2.58312e+18  0.338  0.786  1.00000e+11
OBS: 5999833  54555.801    20.77   7.4727e+02  -4.3655e+03   1.8842e+03   1  H  7.98  1   H  -7.22628e+18  0.298  -0.487  1.00000e+11
OBS: 5999833  54555.820    20.79   7.4763e+02   3.5700e+03   1.5670e+03   1  H  2.77  1   H  5.90961e+18  0.298  -0.486  1.00000e+11
OBS: 5999833  54476.027   -59.00   0.0000e+00   0.0000e+00   0.0000e+00   0  H  0.00  1   !  -9.99000e+02  -99.000  -99.000  -999
OBS: 5999833  54478.027   -57.00   0.0000e+00   0.0000e+00   0.0000e+00   0  H  0.00  1   !  -9.99000e+02  -99.000  -99.000  -999
OBS: 5999833  54480.027   -55.00   0.0000e+00   0.0000e+00   0.0000e+00   0  H  0.00  1   !  -9.99000e+02  -99.000  -99.000  -999
OBS: 5999833  54482.027   -53.00   0.0000e+00   0.0000e+00   0.0000e+00   0  H  0.00  1   !  -9.99000e+02  -99.000  -99.000  -999
OBS: 5999833  54484.027   -51.00   0.0000e+00   0.0000e+00   0.0000e+00   0  H  0.00  1   !  -9.99000e+02  -99.000  -99.000  -999
OBS: 5999833  54486.027   -49.00   0.0000e+00   0.0000e+00   0.0000e+00   0  H  0.00  1   !  -9.99000e+02  -99.000  -99.000  -999
OBS: 5999833  54488.027   -47.00   0.0000e+00   0.0000e+00   0.0000e+00   0  H  0.00  1   !  -9.99000e+02  -99.000  -99.000  -999
OBS: 5999833  54490.027   -45.00   0.0000e+00   0.0000e+00   0.0000e+00   0  H  0.00  1   !  -9.99000e+02  -99.000  -99.000  -999
OBS: 5999833  54492.027   -43.00   0.0000e+00   0.0000e+00   0.0000e+00   0  H  0.00  1   !  -9.99000e+02  -99.000  -99.000  -999
OBS: 5999833  54494.027   -41.00   0.0000e+00   0.0000e+00   0.0000e+00   0  H  0.00  1   !  -9.99000e+02  -99.000  -99.000  -999
OBS: 5999833  54496.027   -39.00   0.0000e+00   0.0000e+00   0.0000e+00   0  H  0.00  1   !  -9.99000e+02  -99.000  -99.000  -999
OBS: 5999833  54498.027   -37.00   0.0000e+00   0.0000e+00   0.0000e+00   0  H  0.00  1   !  -9.99000e+02  -99.000  -99.000  -999
OBS: 5999833  54500.027   -35.00   0.0000e+00   0.0000e+00   0.0000e+00   0  H  0.00  1   !  -9.99000e+02  -99.000  -99.000  -999
OBS: 5999833  54502.027   -33.00   0.0000e+00   0.0000e+00   0.0000e+00   0  H  0.00  1   !  -9.99000e+02  -99.000  -99.000  -999
OBS: 5999833  54504.027   -31.00   0.0000e+00   0.0000e+00   0.0000e+00   0  H  0.00  1   !  -9.99000e+02  -99.000  -99.000  -999
OBS: 5999833  54506.027   -29.00   0.0000e+00   0.0000e+00   0.0000e+00   0  H  0.00  1   !  -9.99000e+02  -99.000  -99.000  -999
OBS: 5999833  54508.027   -27.00   0.0000e+00   0.0000e+00   0.0000e+00   0  H  0.00  1   !  -9.99000e+02  -99.000  -99.000  -999
OBS: 5999833  54510.027   -25.00   0.0000e+00   0.0000e+00   0.0000e+00   0  H  0.00  1   !  -9.99000e+02  -99.000  -99.000  -999
OBS: 5999833  54512.027   -23.00   0.0000e+00   0.0000e+00   0.0000e+00   0  H  0.00  1   !  -9.99000e+02  -99.000  -99.000  -999
OBS: 5999833  54514.027   -21.00   0.0000e+00   3.2957e+02   1.9837e+02   0  H  0.00  1   !  -9.99000e+02  -99.000  -99.000  -999
OBS: 5999833  54516.027   -19.00   0.0000e+00   2.8652e+02   1.7246e+02   0  H  0.00  1   !  -9.99000e+02  -99.000  -99.000  -999
OBS: 5999833  54518.027   -17.00   0.0000e+00   2.8733e+02   1.7295e+02   0  H  0.00  1   !  -9.99000e+02  -99.000  -99.000  -999
OBS: 5999833  54520.027   -15.00   0.0000e+00   4.5232e+02   1.6578e+02   0  H  0.00  1   !  -9.99000e+02  -99.000  -99.000  -999
OBS: 5999833  54522.027   -13.00   0.0000e+00   7.8860e+02   1.3534e+02   0  H  0.00  1   !  -9.99000e+02  -99.000  -99.000  -999
OBS: 5999833  54524.027   -11.00   0.0000e+00   1.1882e+03   1.0460e+02   0  H  0.00  1   !  -9.99000e+02  -99.000  -99.000  -999
OBS: 5999833  54526.027    -9.00   0.0000e+00   1.5589e+03   7.6749e+01   0  H  0.00  1   !  -9.99000e+02  -99.000  -99.000  -999
OBS: 5999833  54528.027    -7.00   0.0000e+00   1.8662e+03   5.7231e+01   0  H  0.00  1   !  -9.99000e+02  -99.000  -99.000  -999
OBS: 5999833  54530.027    -5.00   0.0000e+00   2.0152e+03   4.5418e+01   0  H  0.00  1   !  -9.99000e+02  -99.000  -99.000  -999
OBS: 5999833  54532.027    -3.00   0.0000e+00   1.9764e+03   4.8735e+01   0  H  0.00  1   !  -9.99000e+02  -99.000  -99.000  -999
OBS: 5999833  54534.027    -1.00   0.0000e+00   1.7484e+03   5.3484e+01   0  H  0.00  1   !  -9.99000e+02  -99.000  -99.000  -999
OBS: 5999833  54536.027     1.00   0.0000e+00   1.5092e+03   5.0958e+01   0  H  0.00  1   !  -9.99000e+02  -99.000  -99.000  -999
OBS: 5999833  54538.027     3.00   0.0000e+00   1.3170e+03   4.7453e+01   0  H  0.00  1   !  -9.99000e+02  -99.000  -99.000  -999
OBS: 5999833  54540.027     5.00   0.0000e+00   1.1137e+03   4.5464e+01   0  H  0.00  1   !  -9.99000e+02  -99.000  -99.000  -999
OBS: 5999833  54542.027     7.00   0.0000e+00   9.2796e+02   3.8846e+01   0  H  0.00  1   !  -9.99000e+02  -99.000  -99.000  -999
OBS: 5999833  54544.027     9.00   0.0000e+00   7.9904e+02   3.0207e+01   0  H  0.00  1   !  -9.99000e+02  -99.000  -99.000  -999
OBS: 5999833  54546.027    11.00   0.0000e+00   7.5711e+02   2.7127e+01   0  H  0.00  1   !  -9.99000e+02  -99.000  -99.000  -999
OBS: 5999833  54548.027    13.00   0.0000e+00   7.7839e+02   2.7919e+01   0  H  0.00  1   !  -9.99000e+02  -99.000  -99.000  -999
OBS: 5999833  54550.027    15.00   0.0000e+00   8.1961e+02   3.0702e+01   0  H  0.00  1   !  -9.99000e+02  -99.000  -99.000  -999
OBS: 5999833  54552.027    17.00   0.0000e+00   8.7133e+02   3.5968e+01   0  H  0.00  1   !  -9.99000e+02  -99.000  -99.000  -999
OBS: 5999833  54554.027    19.00   0.0000e+00   9.1659e+02   4.1402e+01   0  H  0.00  1   !  -9.99000e+02  -99.000  -99.000  -999
OBS: 5999833  54556.027    21.00   0.0000e+00   9.6492e+02   4.3313e+01   0  H  0.00  1   !  -9.99000e+02  -99.000  -99.000  -999
OBS: 5999833  54558.027    23.00   0.0000e+00   9.9279e+02   4.4997e+01   0  H  0.00  1   !  -9.99000e+02  -99.000  -99.000  -999
OBS: 5999833  54560.027    25.00   0.0000e+00   9.7511e+02   4.8436e+01   0  H  0.00  1   !  -9.99000e+02  -99.000  -99.000  -999
OBS: 5999833  54562.027    27.00   0.0000e+00   9.1426e+02   4.9641e+01   0  H  0.00  1   !  -9.99000e+02  -99.000  -99.000  -999
OBS: 5999833  54564.027    29.00   0.0000e+00   8.1675e+02   4.6309e+01   0  H  0.00  1   !  -9.99000e+02  -99.000  -99.000  -999
OBS: 5999833  54566.027    31.00   0.0000e+00   7.4091e+02   4.1574e+01   0  H  0.00  1   !  -9.99000e+02  -99.000  -99.000  -999
OBS: 5999833  54568.027    33.00   0.0000e+00   6.8649e+02   3.9123e+01   0  H  0.00  1   !  -9.99000e+02  -99.000  -99.000  -999
OBS: 5999833  54570.027    35.00   0.0000e+00   6.5617e+02   3.9191e+01   0  H  0.00  1   !  -9.99000e+02  -99.000  -99.000  -999
OBS: 5999833  54572.027    37.00   0.0000e+00   6.4214e+02   4.2697e+01   0  H  0.00  1   !  -9.99000e+02  -99.000  -99.000  -999
OBS: 5999833  54574.027    39.00   0.0000e+00   6.2020e+02   5.0670e+01   0  H  0.00  1   !  -9.99000e+02  -99.000  -99.000  -999
OBS: 5999833  54576.027    41.00   0.0000e+00   5.7657e+02   5.5939e+01   0  H  0.00  1   !  -9.99000e+02  -99.000  -99.000  -999
OBS: 5999833  54578.027    43.00   0.0000e+00   5.1191e+02   5.4510e+01   0  H  0.00  1   !  -9.99000e+02  -99.000  -99.000  -999
OBS: 5999833  54580.027    45.00   0.0000e+00   4.3448e+02   5.0730e+01   0  H  0.00  1   !  -9.99000e+02  -99.000  -99.000  -999
OBS: 5999833  54582.027    47.00   0.0000e+00   3.7344e+02   5.2988e+01   0  H  0.00  1   !  -9.99000e+02  -99.000  -99.000  -999
OBS: 5999833  54584.027    49.00   0.0000e+00   3.3223e+02   6.0031e+01   0  H  0.00  1   !  -9.99000e+02  -99.000  -99.000  -999
OBS: 5999833  54586.027    51.00   0.0000e+00   3.0289e+02   6.2165e+01   0  H  0.00  1   !  -9.99000e+02  -99.000  -99.000  -999
OBS: 5999833  54588.027    53.00   0.0000e+00   2.7388e+02   5.7252e+01   0  H  0.00  1   !  -9.99000e+02  -99.000  -99.000  -999
OBS: 5999833  54590.027    55.00   0.0000e+00   2.4436e+02   1.4708e+02   0  H  0.00  1   !  -9.99000e+02  -99.000  -99.000  -999
OBS: 5999833  54592.027    57.00   0.0000e+00   2.1668e+02   1.3042e+02   0  H  0.00  1   !  -9.99000e+02  -99.000  -99.000  -999
OBS: 5999833  54594.027    59.00   0.0000e+00   1.9271e+02   1.1599e+02   0  H  0.00  1   !  -9.99000e+02  -99.000  -99.000  -999
OBS: 5999833  54596.027    61.00   0.0000e+00   1.6775e+02   1.0097e+02   0  H  0.00  1   !  -9.99000e+02  -99.000  -99.000  -999
OBS: 5999833  54598.027    63.00   0.0000e+00   1.4265e+02   8.5865e+01   0  H  0.00  1   !  -9.99000e+02  -99.000  -99.000  -999
OBS: 5999833  54600.027    65.00   0.0000e+00   1.1547e+02   6.9502e+01   0  H  0.00  1   !  -9.99000e+02  -99.000  -99.000  -999
OBS: 5999833  54602.027    67.00   0.0000e+00   7.4828e+01   4.5040e+01   0  H  0.00  1   !  -9.99000e+02  -99.000  -99.000  -999
OBS: 5999833  54604.027    69.00   0.0000e+00   5.4764e+01   3.2963e+01   0  H  0.00  1   !  -9.99000e+02  -99.000  -99.000  -999
OBS: 5999833  54606.027    71.00   0.0000e+00   4.4809e+01   2.6971e+01   0  H  0.00  1   !  -9.99000e+02  -99.000  -99.000  -999
OBS: 5999833  54608.027    73.00   0.0000e+00   3.8569e+01   2.3215e+01   0  H  0.00  1   !  -9.99000e+02  -99.000  -99.000  -999
OBS: 5999833  54610.027    75.00   0.0000e+00   3.3434e+01   2.0124e+01   0  H  0.00  1   !  -9.99000e+02  -99.000  -99.000  -999
OBS: 5999833  54612.027    77.00   0.0000e+00   2.8787e+01   1.7327e+01   0  H  0.00  1   !  -9.99000e+02  -99.000  -99.000  -999
OBS: 5999833  54614.027    79.00   0.0000e+00   2.4679e+01   1.4855e+01   0  H  0.00  1   !  -9.99000e+02  -99.000  -99.000  -999
OBS: 5999833  54616.027    81.00   0.0000e+00   2.1585e+01   1.2992e+01   0  H  0.00  1   !  -9.99000e+02  -99.000  -99.000  -999
OBS: 5999833  54618.027    83.00   0.0000e+00   1.9331e+01   1.1636e+01   0  H  0.00  1   !  -9.99000e+02  -99.000  -99.000  -999
OBS: 5999833  54620.027    85.00   0.0000e+00   1.7324e+01   1.0427e+01   0  H  0.00  1   !  -9.99000e+02  -99.000  -99.000  -999
OBS: 5999833  54622.027    87.00   0.0000e+00   1.5539e+01   9.3532e+00   0  H  0.00  1   !  -9.99000e+02  -99.000  -99.000  -999
OBS: 5999833  54624.027    89.00   0.0000e+00   1.3960e+01   8.4026e+00   0  H  0.00  1   !  -9.99000e+02  -99.000  -99.000  -999
OBS: 5999833  54626.027    91.00   0.0000e+00   1.2570e+01   7.5658e+00   0  H  0.00  1   !  -9.99000e+02  -99.000  -99.000  -999
OBS: 5999833  54628.027    93.00   0.0000e+00   1.1237e+01   6.7639e+00   0  H  0.00  1   !  -9.99000e+02  -99.000  -99.000  -999
OBS: 5999833  54630.027    95.00   0.0000e+00   1.0010e+01   6.0250e+00   0  H  0.00  1   !  -9.99000e+02  -99.000  -99.000  -999
OBS: 5999833  54632.027    97.00   0.0000e+00   8.9162e+00   5.3668e+00   0  H  0.00  1   !  -9.99000e+02  -99.000  -99.000  -999
OBS: 5999833  54634.027    99.00   0.0000e+00   7.9422e+00   4.7805e+00   0  H  0.00  1   !  -9.99000e+02  -99.000  -99.000  -999
OBS: 5999833  54636.027   101.00   0.0000e+00   7.0745e+00   4.2582e+00   0  H  0.00  1   !  -9.99000e+02  -99.000  -99.000  -999
OBS: 5999833  54638.027   103.00   0.0000e+00   6.3016e+00   3.7930e+00   0  H  0.00  1   !  -9.99000e+02  -99.000  -99.000  -999
OBS: 5999833  54640.027   105.00   0.0000e+00   5.6132e+00   3.3787e+00   0  H  0.00  1   !  -9.99000e+02  -99.000  -99.000  -999
OBS: 5999833  54642.027   107.00   0.0000e+00   5.0000e+00   3.0095e+00   0  H  0.00  1   !  -9.99000e+02  -99.000  -99.000  -999
OBS: 5999833  54644.027   109.00   0.0000e+00   4.4538e+00   2.6808e+00   0  H  0.00  1   !  -9.99000e+02  -99.000  -99.000  -999
OBS: 5999833  54646.027   111.00   0.0000e+00   3.9672e+00   2.3879e+00   0  H  0.00  1   !  -9.99000e+02  -99.000  -99.000  -999
OBS: 5999833  54648.027   113.00   0.0000e+00   3.5338e+00   2.1270e+00   0  H  0.00  1   !  -9.99000e+02  -99.000  -99.000  -999
OBS: 5999833  54650.027   115.00   0.0000e+00   3.1477e+00   1.8947e+00   0  H  0.00  1   !  -9.99000e+02  -99.000  -99.000  -999
OBS: 5999833  54652.027   117.00   0.0000e+00   2.8039e+00   1.6877e+00   0  H  0.00  1   !  -9.99000e+02  -99.000  -99.000  -999
OBS: 5999833  54654.027   119.00   0.0000e+00   2.4975e+00   1.5033e+00   0  H  0.00  1   !  -9.99000e+02  -99.000  -99.000  -999
OBS: 5999833  54656.027   121.00   0.0000e+00   2.2247e+00   1.3391e+00   0  H  0.00  1   !  -9.99000e+02  -99.000  -99.000  -999
OBS: 5999833  54658.027   123.00   0.0000e+00   1.9817e+00   1.1928e+00   0  H  0.00  1   !  -9.99000e+02  -99.000  -99.000  -999
OBS: 5999833  54660.027   125.00   0.0000e+00   1.7652e+00   1.0625e+00   0  H  0.00  1   !  -9.99000e+02  -99.000  -99.000  -999
OBS: 5999833  54662.027   127.00   0.0000e+00   1.5723e+00   9.4640e-01   0  H  0.00  1   !  -9.99000e+02  -99.000  -99.000  -999
OBS: 5999833  54664.027   129.00   0.0000e+00   1.4006e+00   8.4301e-01   0  H  0.00  1   !  -9.99000e+02  -99.000  -99.000  -999
OBS: 5999833  54666.027   131.00   0.0000e+00   1.2476e+00   7.5091e-01   0  H  0.00  1   !  -9.99000e+02  -99.000  -99.000  -999
OBS: 5999833  54668.027   133.00   0.0000e+00   1.1113e+00   6.6888e-01   0  H  0.00  1   !  -9.99000e+02  -99.000  -99.000  -999
OBS: 5999833  54670.027   135.00   0.0000e+00   9.8986e-01   5.9581e-01   0  H  0.00  1   !  -9.99000e+02  -99.000  -99.000  -999
OBS: 5999833  54672.027   137.00   0.0000e+00   8.8172e-01   5.3072e-01   0  H  0.00  1   !  -9.99000e+02  -99.000  -99.000  -999
OBS: 5999833  54674.027   139.00   0.0000e+00   7.8540e-01   4.7274e-01   0  H  0.00  1   !  -9.99000e+02  -99.000  -99.000  -999
