VARNAMES: CID MJD Tobs SIM_FLUXCAL FLUXCAL FLUXCAL_ERR DATAFLAG BAND CHI2 IFIT BAND_REST FLUX_REST KCOR AVWARP SIM_FLUX_REST 
OBS: 6000345  54546.789    -8.35   5.1104e+03   5.7458e+03   5.5710e+02   1  J  1.82  1   J  2.79856e+18  -0.133  0.097  1.00000e+11
OBS: 6000345  54546.801    -8.34   5.1136e+03   5.6798e+03   5.0335e+02   1  J  1.83  1   J  2.76661e+18  -0.133  0.097  1.00000e+11
OBS: 6000345  54550.781    -4.36   5.8329e+03   6.6316e+03   4.1045e+02   1  J  5.15  1   J  3.26191e+18  -0.122  -0.016  1.00000e+11
OBS: 6000345  54550.781    -4.36   5.8329e+03   6.8783e+03   4.6411e+02   1  J  6.44  1   J  3.38329e+18  -0.122  -0.016  1.00000e+11
OBS: 6000345  54553.770    -1.37   5.4432e+03   5.9084e+03   3.4194e+02   1  J  2.93  1   J  2.89802e+18  -0.125  0.091  1.00000e+11
OBS: 6000345  54553.781    -1.36   5.4412e+03   4.9278e+03   3.4604e+02   1  J  1.08  1   J  2.41695e+18  -0.125  0.093  1.00000e+11
OBS: 6000345  54554.750    -0.39   5.1977e+03   5.3525e+03   3.2524e+02   1  J  0.74  1   J  2.63239e+18  -0.122  0.250  1.00000e+11
OBS: 6000345  54554.762    -0.38   5.1950e+03   5.1533e+03   3.2799e+02   1  J  0.07  1   J  2.53457e+18  -0.122  0.252  1.00000e+11
OBS: 6000345  54561.719     6.58   2.8587e+03   3.3027e+03   5.2655e+02   1  J  0.94  1   J  1.64741e+18  -0.107  1.484  1.00000e+11
OBS: 6000345  54561.730     6.59   2.8552e+03   2.5823e+03   4.2632e+02   1  J  0.21  1   J  1.28787e+18  -0.107  1.484  1.00000e+11
OBS: 6000345  54496.145   -59.00   0.0000e+00   0.0000e+00   0.0000e+00   0  J  0.00  1   !  -9.99000e+02  -99.000  -99.000  -999
OBS: 6000345  54498.145   -57.00   0.0000e+00   0.0000e+00   0.0000e+00   0  J  0.00  1   !  -9.99000e+02  -99.000  -99.000  -999
OBS: 6000345  54500.145   -55.00   0.0000e+00   0.0000e+00   0.0000e+00   0  J  0.00  1   !  -9.99000e+02  -99.000  -99.000  -999
OBS: 6000345  54502.145   -53.00   0.0000e+00   0.0000e+00   0.0000e+00   0  J  0.00  1   !  -9.99000e+02  -99.000  -99.000  -999
OBS: 6000345  54504.145   -51.00   0.0000e+00   0.0000e+00   0.0000e+00   0  J  0.00  1   !  -9.99000e+02  -99.000  -99.000  -999
OBS: 6000345  54506.145   -49.00   0.0000e+00   0.0000e+00   0.0000e+00   0  J  0.00  1   !  -9.99000e+02  -99.000  -99.000  -999
OBS: 6000345  54508.145   -47.00   0.0000e+00   0.0000e+00   0.0000e+00   0  J  0.00  1   !  -9.99000e+02  -99.000  -99.000  -999
OBS: 6000345  54510.145   -45.00   0.0000e+00   0.0000e+00   0.0000e+00   0  J  0.00  1   !  -9.99000e+02  -99.000  -99.000  -999
OBS: 6000345  54512.145   -43.00   0.0000e+00   0.0000e+00   0.0000e+00   0  J  0.00  1   !  -9.99000e+02  -99.000  -99.000  -999
OBS: 6000345  54514.145   -41.00   0.0000e+00   0.0000e+00   0.0000e+00   0  J  0.00  1   !  -9.99000e+02  -99.000  -99.000  -999
OBS: 6000345  54516.145   -39.00   0.0000e+00   0.0000e+00   0.0000e+00   0  J  0.00  1   !  -9.99000e+02  -99.000  -99.000  -999
OBS: 6000345  54518.145   -37.00   0.0000e+00   0.0000e+00   0.0000e+00   0  J  0.00  1   !  -9.99000e+02  -99.000  -99.000  -999
OBS: 6000345  54520.145   -35.00   0.0000e+00   0.0000e+00   0.0000e+00   0  J  0.00  1   !  -9.99000e+02  -99.000  -99.000  -999
OBS: 6000345  54522.145   -33.00   0.0000e+00   0.0000e+00   0.0000e+00   0  J  0.00  1   !  -9.99000e+02  -99.000  -99.000  -999
OBS: 6000345  54524.145   -31.00   0.0000e+00   0.0000e+00   0.0000e+00   0  J  0.00  1   !  -9.99000e+02  -99.000  -99.000  -999
OBS: 6000345  54526.145   -29.00   0.0000e+00   0.0000e+00   0.0000e+00   0  J  0.00  1   !  -9.99000e+02  -99.000  -99.000  -999
OBS: 6000345  54528.145   -27.00   0.0000e+00   0.0000e+00   0.0000e+00   0  J  0.00  1   !  -9.99000e+02  -99.000  -99.000  -999
OBS: 6000345  54530.145   -25.00   0.0000e+00   0.0000e+00   0.0000e+00   0  J  0.00  1   !  -9.99000e+02  -99.000  -99.000  -999
OBS: 6000345  54532.145   -23.00   0.0000e+00   0.0000e+00   0.0000e+00   0  J  0.00  1   !  -9.99000e+02  -99.000  -99.000  -999
OBS: 6000345  54534.145   -21.00   0.0000e+00   7.1776e+02   4.3203e+02   0  J  0.00  1   !  -9.99000e+02  -99.000  -99.000  -999
OBS: 6000345  54536.145   -19.00   0.0000e+00   8.8875e+02   5.3495e+02   0  J  0.00  1   !  -9.99000e+02  -99.000  -99.000  -999
OBS: 6000345  54538.145   -17.00   0.0000e+00   8.9390e+02   5.3805e+02   0  J  0.00  1   !  -9.99000e+02  -99.000  -99.000  -999
OBS: 6000345  54540.145   -15.00   0.0000e+00   1.3140e+03   4.2969e+02   0  J  0.00  1   !  -9.99000e+02  -99.000  -99.000  -999
OBS: 6000345  54542.145   -13.00   0.0000e+00   2.5247e+03   1.6678e+02   0  J  0.00  1   !  -9.99000e+02  -99.000  -99.000  -999
OBS: 6000345  54544.145   -11.00   0.0000e+00   3.7337e+03   1.2770e+02   0  J  0.00  1   !  -9.99000e+02  -99.000  -99.000  -999
OBS: 6000345  54546.145    -9.00   0.0000e+00   4.7150e+03   1.3447e+02   0  J  0.00  1   !  -9.99000e+02  -99.000  -99.000  -999
OBS: 6000345  54548.145    -7.00   0.0000e+00   5.3629e+03   9.7424e+01   0  J  0.00  1   !  -9.99000e+02  -99.000  -99.000  -999
OBS: 6000345  54550.145    -5.00   0.0000e+00   5.6617e+03   8.4884e+01   0  J  0.00  1   !  -9.99000e+02  -99.000  -99.000  -999
OBS: 6000345  54552.145    -3.00   0.0000e+00   5.5798e+03   8.8987e+01   0  J  0.00  1   !  -9.99000e+02  -99.000  -99.000  -999
OBS: 6000345  54554.145    -1.00   0.0000e+00   5.2258e+03   9.4073e+01   0  J  0.00  1   !  -9.99000e+02  -99.000  -99.000  -999
OBS: 6000345  54556.145     1.00   0.0000e+00   4.6234e+03   9.0155e+01   0  J  0.00  1   !  -9.99000e+02  -99.000  -99.000  -999
OBS: 6000345  54558.145     3.00   0.0000e+00   3.9564e+03   8.8868e+01   0  J  0.00  1   !  -9.99000e+02  -99.000  -99.000  -999
OBS: 6000345  54560.145     5.00   0.0000e+00   3.3124e+03   8.5264e+01   0  J  0.00  1   !  -9.99000e+02  -99.000  -99.000  -999
OBS: 6000345  54562.145     7.00   0.0000e+00   2.6425e+03   8.6792e+01   0  J  0.00  1   !  -9.99000e+02  -99.000  -99.000  -999
OBS: 6000345  54564.145     9.00   0.0000e+00   2.0498e+03   9.2025e+01   0  J  0.00  1   !  -9.99000e+02  -99.000  -99.000  -999
OBS: 6000345  54566.145    11.00   0.0000e+00   1.6321e+03   1.0186e+02   0  J  0.00  1   !  -9.99000e+02  -99.000  -99.000  -999
OBS: 6000345  54568.145    13.00   0.0000e+00   1.4111e+03   1.0896e+02   0  J  0.00  1   !  -9.99000e+02  -99.000  -99.000  -999
OBS: 6000345  54570.145    15.00   0.0000e+00   1.3646e+03   1.0978e+02   0  J  0.00  1   !  -9.99000e+02  -99.000  -99.000  -999
OBS: 6000345  54572.145    17.00   0.0000e+00   1.3906e+03   1.2021e+02   0  J  0.00  1   !  -9.99000e+02  -99.000  -99.000  -999
OBS: 6000345  54574.145    19.00   0.0000e+00   1.4678e+03   1.3323e+02   0  J  0.00  1   !  -9.99000e+02  -99.000  -99.000  -999
OBS: 6000345  54576.145    21.00   0.0000e+00   1.5687e+03   1.2376e+02   0  J  0.00  1   !  -9.99000e+02  -99.000  -99.000  -999
OBS: 6000345  54578.145    23.00   0.0000e+00   1.7545e+03   1.3448e+02   0  J  0.00  1   !  -9.99000e+02  -99.000  -99.000  -999
OBS: 6000345  54580.145    25.00   0.0000e+00   1.9758e+03   1.3680e+02   0  J  0.00  1   !  -9.99000e+02  -99.000  -99.000  -999
OBS: 6000345  54582.145    27.00   0.0000e+00   2.1748e+03   1.2885e+02   0  J  0.00  1   !  -9.99000e+02  -99.000  -99.000  -999
OBS: 6000345  54584.145    29.00   0.0000e+00   2.3084e+03   1.4269e+02   0  J  0.00  1   !  -9.99000e+02  -99.000  -99.000  -999
OBS: 6000345  54586.145    31.00   0.0000e+00   2.3844e+03   1.4406e+02   0  J  0.00  1   !  -9.99000e+02  -99.000  -99.000  -999
OBS: 6000345  54588.145    33.00   0.0000e+00   2.4574e+03   1.3053e+02   0  J  0.00  1   !  -9.99000e+02  -99.000  -99.000  -999
OBS: 6000345  54590.145    35.00   0.0000e+00   2.5321e+03   1.3143e+02   0  J  0.00  1   !  -9.99000e+02  -99.000  -99.000  -999
OBS: 6000345  54592.145    37.00   0.0000e+00   2.4757e+03   1.3743e+02   0  J  0.00  1   !  -9.99000e+02  -99.000  -99.000  -999
OBS: 6000345  54594.145    39.00   0.0000e+00   2.2413e+03   1.6821e+02   0  J  0.00  1   !  -9.99000e+02  -99.000  -99.000  -999
OBS: 6000345  54596.145    41.00   0.0000e+00   1.9278e+03   1.6805e+02   0  J  0.00  1   !  -9.99000e+02  -99.000  -99.000  -999
OBS: 6000345  54598.145    43.00   0.0000e+00   1.5979e+03   1.6470e+02   0  J  0.00  1   !  -9.99000e+02  -99.000  -99.000  -999
OBS: 6000345  54600.145    45.00   0.0000e+00   1.3340e+03   1.6638e+02   0  J  0.00  1   !  -9.99000e+02  -99.000  -99.000  -999
OBS: 6000345  54602.145    47.00   0.0000e+00   1.1988e+03   1.7455e+02   0  J  0.00  1   !  -9.99000e+02  -99.000  -99.000  -999
OBS: 6000345  54604.145    49.00   0.0000e+00   1.1115e+03   1.8803e+02   0  J  0.00  1   !  -9.99000e+02  -99.000  -99.000  -999
OBS: 6000345  54606.145    51.00   0.0000e+00   1.0064e+03   2.4541e+02   0  J  0.00  1   !  -9.99000e+02  -99.000  -99.000  -999
OBS: 6000345  54608.145    53.00   0.0000e+00   8.8981e+02   3.6807e+02   0  J  0.00  1   !  -9.99000e+02  -99.000  -99.000  -999
OBS: 6000345  54610.145    55.00   0.0000e+00   7.9351e+02   4.7762e+02   0  J  0.00  1   !  -9.99000e+02  -99.000  -99.000  -999
OBS: 6000345  54612.145    57.00   0.0000e+00   7.1029e+02   4.2753e+02   0  J  0.00  1   !  -9.99000e+02  -99.000  -99.000  -999
OBS: 6000345  54614.145    59.00   0.0000e+00   6.3242e+02   3.8066e+02   0  J  0.00  1   !  -9.99000e+02  -99.000  -99.000  -999
OBS: 6000345  54616.145    61.00   0.0000e+00   5.6099e+02   3.3766e+02   0  J  0.00  1   !  -9.99000e+02  -99.000  -99.000  -999
OBS: 6000345  54618.145    63.00   0.0000e+00   5.0758e+02   3.0552e+02   0  J  0.00  1   !  -9.99000e+02  -99.000  -99.000  -999
OBS: 6000345  54620.145    65.00   0.0000e+00   4.0468e+02   2.4358e+02   0  J  0.00  1   !  -9.99000e+02  -99.000  -99.000  -999
OBS: 6000345  54622.145    67.00   0.0000e+00   3.3132e+02   1.9942e+02   0  J  0.00  1   !  -9.99000e+02  -99.000  -99.000  -999
OBS: 6000345  54624.145    69.00   0.0000e+00   2.8220e+02   1.6986e+02   0  J  0.00  1   !  -9.99000e+02  -99.000  -99.000  -999
OBS: 6000345  54626.145    71.00   0.0000e+00   2.4424e+02   1.4701e+02   0  J  0.00  1   !  -9.99000e+02  -99.000  -99.000  -999
OBS: 6000345  54628.145    73.00   0.0000e+00   2.1141e+02   1.2725e+02   0  J  0.00  1   !  -9.99000e+02  -99.000  -99.000  -999
OBS: 6000345  54630.145    75.00   0.0000e+00   1.8110e+02   1.0900e+02   0  J  0.00  1   !  -9.99000e+02  -99.000  -99.000  -999
OBS: 6000345  54632.145    77.00   0.0000e+00   1.5220e+02   9.1610e+01   0  J  0.00  1   !  -9.99000e+02  -99.000  -99.000  -999
OBS: 6000345  54634.145    79.00   0.0000e+00   1.3056e+02   7.8587e+01   0  J  0.00  1   !  -9.99000e+02  -99.000  -99.000  -999
OBS: 6000345  54636.145    81.00   0.0000e+00   1.1617e+02   6.9924e+01   0  J  0.00  1   !  -9.99000e+02  -99.000  -99.000  -999
OBS: 6000345  54638.145    83.00   0.0000e+00   1.0329e+02   6.2170e+01   0  J  0.00  1   !  -9.99000e+02  -99.000  -99.000  -999
OBS: 6000345  54640.145    85.00   0.0000e+00   9.1750e+01   5.5226e+01   0  J  0.00  1   !  -9.99000e+02  -99.000  -99.000  -999
OBS: 6000345  54642.145    87.00   0.0000e+00   8.1369e+01   4.8977e+01   0  J  0.00  1   !  -9.99000e+02  -99.000  -99.000  -999
OBS: 6000345  54644.145    89.00   0.0000e+00   7.1988e+01   4.3330e+01   0  J  0.00  1   !  -9.99000e+02  -99.000  -99.000  -999
OBS: 6000345  54646.145    91.00   0.0000e+00   6.4270e+01   3.8685e+01   0  J  0.00  1   !  -9.99000e+02  -99.000  -99.000  -999
OBS: 6000345  54648.145    93.00   0.0000e+00   5.7637e+01   3.4692e+01   0  J  0.00  1   !  -9.99000e+02  -99.000  -99.000  -999
OBS: 6000345  54650.145    95.00   0.0000e+00   5.1689e+01   3.1112e+01   0  J  0.00  1   !  -9.99000e+02  -99.000  -99.000  -999
OBS: 6000345  54652.145    97.00   0.0000e+00   4.6356e+01   2.7902e+01   0  J  0.00  1   !  -9.99000e+02  -99.000  -99.000  -999
OBS: 6000345  54654.145    99.00   0.0000e+00   4.1573e+01   2.5023e+01   0  J  0.00  1   !  -9.99000e+02  -99.000  -99.000  -999
OBS: 6000345  54656.145   101.00   0.0000e+00   3.7284e+01   2.2442e+01   0  J  0.00  1   !  -9.99000e+02  -99.000  -99.000  -999
OBS: 6000345  54658.145   103.00   0.0000e+00   3.3438e+01   2.0127e+01   0  J  0.00  1   !  -9.99000e+02  -99.000  -99.000  -999
OBS: 6000345  54660.145   105.00   0.0000e+00   2.9989e+01   1.8051e+01   0  J  0.00  1   !  -9.99000e+02  -99.000  -99.000  -999
OBS: 6000345  54662.145   107.00   0.0000e+00   2.6896e+01   1.6189e+01   0  J  0.00  1   !  -9.99000e+02  -99.000  -99.000  -999
OBS: 6000345  54664.145   109.00   0.0000e+00   2.4122e+01   1.4519e+01   0  J  0.00  1   !  -9.99000e+02  -99.000  -99.000  -999
OBS: 6000345  54666.145   111.00   0.0000e+00   2.1634e+01   1.3022e+01   0  J  0.00  1   !  -9.99000e+02  -99.000  -99.000  -999
OBS: 6000345  54668.145   113.00   0.0000e+00   1.9404e+01   1.1679e+01   0  J  0.00  1   !  -9.99000e+02  -99.000  -99.000  -999
OBS: 6000345  54670.145   115.00   0.0000e+00   1.7403e+01   1.0475e+01   0  J  0.00  1   !  -9.99000e+02  -99.000  -99.000  -999
OBS: 6000345  54672.145   117.00   0.0000e+00   1.5609e+01   9.3953e+00   0  J  0.00  1   !  -9.99000e+02  -99.000  -99.000  -999
OBS: 6000345  54674.145   119.00   0.0000e+00   1.4000e+01   8.4269e+00   0  J  0.00  1   !  -9.99000e+02  -99.000  -99.000  -999
OBS: 6000345  54676.145   121.00   0.0000e+00   1.2557e+01   7.5583e+00   0  J  0.00  1   !  -9.99000e+02  -99.000  -99.000  -999
OBS: 6000345  54678.145   123.00   0.0000e+00   1.1263e+01   6.7794e+00   0  J  0.00  1   !  -9.99000e+02  -99.000  -99.000  -999
OBS: 6000345  54680.145   125.00   0.0000e+00   1.0102e+01   6.0808e+00   0  J  0.00  1   !  -9.99000e+02  -99.000  -99.000  -999
OBS: 6000345  54682.145   127.00   0.0000e+00   9.0615e+00   5.4542e+00   0  J  0.00  1   !  -9.99000e+02  -99.000  -99.000  -999
OBS: 6000345  54684.145   129.00   0.0000e+00   8.1279e+00   4.8923e+00   0  J  0.00  1   !  -9.99000e+02  -99.000  -99.000  -999
OBS: 6000345  54686.145   131.00   0.0000e+00   7.2905e+00   4.3883e+00   0  J  0.00  1   !  -9.99000e+02  -99.000  -99.000  -999
OBS: 6000345  54688.145   133.00   0.0000e+00   6.5395e+00   3.9362e+00   0  J  0.00  1   !  -9.99000e+02  -99.000  -99.000  -999
OBS: 6000345  54690.145   135.00   0.0000e+00   5.8659e+00   3.5308e+00   0  J  0.00  1   !  -9.99000e+02  -99.000  -99.000  -999
OBS: 6000345  54692.145   137.00   0.0000e+00   5.2618e+00   3.1671e+00   0  J  0.00  1   !  -9.99000e+02  -99.000  -99.000  -999
OBS: 6000345  54694.145   139.00   0.0000e+00   4.7199e+00   2.8410e+00   0  J  0.00  1   !  -9.99000e+02  -99.000  -99.000  -999
OBS: 6000345  54546.789    -8.35   4.4520e+03   4.4514e+03   5.2241e+02   1  Y  0.09  1   Y  2.13476e+18  -0.150  -0.635  1.00000e+11
OBS: 6000345  54546.801    -8.34   4.4563e+03   5.1884e+03   5.2996e+02   1  Y  1.10  1   Y  2.48739e+18  -0.150  -0.637  1.00000e+11
OBS: 6000345  54550.781    -4.36   5.4139e+03   5.4054e+03   2.2508e+02   1  Y  0.67  1   Y  2.38361e+18  -0.241  -1.147  1.00000e+11
OBS: 6000345  54550.781    -4.36   5.4139e+03   5.6294e+03   2.0905e+02   1  Y  0.01  1   Y  2.48241e+18  -0.241  -1.147  1.00000e+11
OBS: 6000345  54561.719     6.58   3.0012e+03   3.0692e+03   2.4982e+02   1  Y  0.02  1   Y  1.24650e+18  -0.330  -1.818  1.00000e+11
OBS: 6000345  54561.730     6.59   2.9999e+03   2.7937e+03   2.3040e+02   1  Y  1.40  1   Y  1.13454e+18  -0.330  -1.819  1.00000e+11
OBS: 6000345  54585.699    30.56   5.4386e+03   5.2199e+03   2.8894e+02   1  Y  1.60  1   Y  2.41913e+18  -0.187  -0.606  1.00000e+11
OBS: 6000345  54585.711    30.57   5.4392e+03   5.5089e+03   2.8293e+02   1  Y  0.16  1   Y  2.55352e+18  -0.187  -0.605  1.00000e+11
OBS: 6000345  54596.629    41.49   4.0695e+03   3.6954e+03   2.2137e+02   1  Y  4.05  1   Y  1.94187e+18  -0.050  -0.283  1.00000e+11
OBS: 6000345  54596.629    41.49   4.0695e+03   4.2973e+03   2.4424e+02   1  Y  0.09  1   Y  2.25815e+18  -0.050  -0.283  1.00000e+11
OBS: 6000345  54496.145   -59.00   0.0000e+00   0.0000e+00   0.0000e+00   0  Y  0.00  1   !  -9.99000e+02  -99.000  -99.000  -999
OBS: 6000345  54498.145   -57.00   0.0000e+00   0.0000e+00   0.0000e+00   0  Y  0.00  1   !  -9.99000e+02  -99.000  -99.000  -999
OBS: 6000345  54500.145   -55.00   0.0000e+00   0.0000e+00   0.0000e+00   0  Y  0.00  1   !  -9.99000e+02  -99.000  -99.000  -999
OBS: 6000345  54502.145   -53.00   0.0000e+00   0.0000e+00   0.0000e+00   0  Y  0.00  1   !  -9.99000e+02  -99.000  -99.000  -999
OBS: 6000345  54504.145   -51.00   0.0000e+00   0.0000e+00   0.0000e+00   0  Y  0.00  1   !  -9.99000e+02  -99.000  -99.000  -999
OBS: 6000345  54506.145   -49.00   0.0000e+00   0.0000e+00   0.0000e+00   0  Y  0.00  1   !  -9.99000e+02  -99.000  -99.000  -999
OBS: 6000345  54508.145   -47.00   0.0000e+00   0.0000e+00   0.0000e+00   0  Y  0.00  1   !  -9.99000e+02  -99.000  -99.000  -999
OBS: 6000345  54510.145   -45.00   0.0000e+00   0.0000e+00   0.0000e+00   0  Y  0.00  1   !  -9.99000e+02  -99.000  -99.000  -999
OBS: 6000345  54512.145   -43.00   0.0000e+00   0.0000e+00   0.0000e+00   0  Y  0.00  1   !  -9.99000e+02  -99.000  -99.000  -999
OBS: 6000345  54514.145   -41.00   0.0000e+00   0.0000e+00   0.0000e+00   0  Y  0.00  1   !  -9.99000e+02  -99.000  -99.000  -999
OBS: 6000345  54516.145   -39.00   0.0000e+00   0.0000e+00   0.0000e+00   0  Y  0.00  1   !  -9.99000e+02  -99.000  -99.000  -999
OBS: 6000345  54518.145   -37.00   0.0000e+00   0.0000e+00   0.0000e+00   0  Y  0.00  1   !  -9.99000e+02  -99.000  -99.000  -999
OBS: 6000345  54520.145   -35.00   0.0000e+00   0.0000e+00   0.0000e+00   0  Y  0.00  1   !  -9.99000e+02  -99.000  -99.000  -999
OBS: 6000345  54522.145   -33.00   0.0000e+00   0.0000e+00   0.0000e+00   0  Y  0.00  1   !  -9.99000e+02  -99.000  -99.000  -999
OBS: 6000345  54524.145   -31.00   0.0000e+00   0.0000e+00   0.0000e+00   0  Y  0.00  1   !  -9.99000e+02  -99.000  -99.000  -999
OBS: 6000345  54526.145   -29.00   0.0000e+00   0.0000e+00   0.0000e+00   0  Y  0.00  1   !  -9.99000e+02  -99.000  -99.000  -999
OBS: 6000345  54528.145   -27.00   0.0000e+00   0.0000e+00   0.0000e+00   0  Y  0.00  1   !  -9.99000e+02  -99.000  -99.000  -999
OBS: 6000345  54530.145   -25.00   0.0000e+00   0.0000e+00   0.0000e+00   0  Y  0.00  1   !  -9.99000e+02  -99.000  -99.000  -999
OBS: 6000345  54532.145   -23.00   0.0000e+00   0.0000e+00   0.0000e+00   0  Y  0.00  1   !  -9.99000e+02  -99.000  -99.000  -999
OBS: 6000345  54534.145   -21.00   0.0000e+00   7.4823e+02   4.5037e+02   0  Y  0.00  1   !  -9.99000e+02  -99.000  -99.000  -999
OBS: 6000345  54536.145   -19.00   0.0000e+00   6.5566e+02   3.9465e+02   0  Y  0.00  1   !  -9.99000e+02  -99.000  -99.000  -999
OBS: 6000345  54538.145   -17.00   0.0000e+00   6.5083e+02   3.9174e+02   0  Y  0.00  1   !  -9.99000e+02  -99.000  -99.000  -999
OBS: 6000345  54540.145   -15.00   0.0000e+00   1.0411e+03   3.2330e+02   0  Y  0.00  1   !  -9.99000e+02  -99.000  -99.000  -999
OBS: 6000345  54542.145   -13.00   0.0000e+00   2.1486e+03   1.4729e+02   0  Y  0.00  1   !  -9.99000e+02  -99.000  -99.000  -999
OBS: 6000345  54544.145   -11.00   0.0000e+00   3.2506e+03   1.2445e+02   0  Y  0.00  1   !  -9.99000e+02  -99.000  -99.000  -999
OBS: 6000345  54546.145    -9.00   0.0000e+00   4.2831e+03   1.3101e+02   0  Y  0.00  1   !  -9.99000e+02  -99.000  -99.000  -999
OBS: 6000345  54548.145    -7.00   0.0000e+00   5.1803e+03   1.1798e+02   0  Y  0.00  1   !  -9.99000e+02  -99.000  -99.000  -999
OBS: 6000345  54550.145    -5.00   0.0000e+00   5.5851e+03   1.1067e+02   0  Y  0.00  1   !  -9.99000e+02  -99.000  -99.000  -999
OBS: 6000345  54552.145    -3.00   0.0000e+00   5.4680e+03   1.2239e+02   0  Y  0.00  1   !  -9.99000e+02  -99.000  -99.000  -999
OBS: 6000345  54554.145    -1.00   0.0000e+00   4.8103e+03   1.2226e+02   0  Y  0.00  1   !  -9.99000e+02  -99.000  -99.000  -999
OBS: 6000345  54556.145     1.00   0.0000e+00   4.1380e+03   1.1843e+02   0  Y  0.00  1   !  -9.99000e+02  -99.000  -99.000  -999
OBS: 6000345  54558.145     3.00   0.0000e+00   3.7183e+03   1.2701e+02   0  Y  0.00  1   !  -9.99000e+02  -99.000  -99.000  -999
OBS: 6000345  54560.145     5.00   0.0000e+00   3.3599e+03   1.3455e+02   0  Y  0.00  1   !  -9.99000e+02  -99.000  -99.000  -999
OBS: 6000345  54562.145     7.00   0.0000e+00   3.0540e+03   1.3559e+02   0  Y  0.00  1   !  -9.99000e+02  -99.000  -99.000  -999
OBS: 6000345  54564.145     9.00   0.0000e+00   2.8867e+03   1.3244e+02   0  Y  0.00  1   !  -9.99000e+02  -99.000  -99.000  -999
OBS: 6000345  54566.145    11.00   0.0000e+00   2.8092e+03   1.2893e+02   0  Y  0.00  1   !  -9.99000e+02  -99.000  -99.000  -999
OBS: 6000345  54568.145    13.00   0.0000e+00   2.8435e+03   1.3381e+02   0  Y  0.00  1   !  -9.99000e+02  -99.000  -99.000  -999
OBS: 6000345  54570.145    15.00   0.0000e+00   3.0215e+03   1.3741e+02   0  Y  0.00  1   !  -9.99000e+02  -99.000  -99.000  -999
OBS: 6000345  54572.145    17.00   0.0000e+00   3.2959e+03   1.4233e+02   0  Y  0.00  1   !  -9.99000e+02  -99.000  -99.000  -999
OBS: 6000345  54574.145    19.00   0.0000e+00   3.5629e+03   1.5434e+02   0  Y  0.00  1   !  -9.99000e+02  -99.000  -99.000  -999
OBS: 6000345  54576.145    21.00   0.0000e+00   3.7909e+03   1.7041e+02   0  Y  0.00  1   !  -9.99000e+02  -99.000  -99.000  -999
OBS: 6000345  54578.145    23.00   0.0000e+00   3.9184e+03   1.7696e+02   0  Y  0.00  1   !  -9.99000e+02  -99.000  -99.000  -999
OBS: 6000345  54580.145    25.00   0.0000e+00   4.2594e+03   1.7747e+02   0  Y  0.00  1   !  -9.99000e+02  -99.000  -99.000  -999
OBS: 6000345  54582.145    27.00   0.0000e+00   4.8905e+03   1.6769e+02   0  Y  0.00  1   !  -9.99000e+02  -99.000  -99.000  -999
OBS: 6000345  54584.145    29.00   0.0000e+00   5.4307e+03   1.6046e+02   0  Y  0.00  1   !  -9.99000e+02  -99.000  -99.000  -999
OBS: 6000345  54586.145    31.00   0.0000e+00   5.6556e+03   1.5557e+02   0  Y  0.00  1   !  -9.99000e+02  -99.000  -99.000  -999
OBS: 6000345  54588.145    33.00   0.0000e+00   5.6373e+03   1.4604e+02   0  Y  0.00  1   !  -9.99000e+02  -99.000  -99.000  -999
OBS: 6000345  54590.145    35.00   0.0000e+00   5.4121e+03   1.3709e+02   0  Y  0.00  1   !  -9.99000e+02  -99.000  -99.000  -999
OBS: 6000345  54592.145    37.00   0.0000e+00   5.0755e+03   1.3331e+02   0  Y  0.00  1   !  -9.99000e+02  -99.000  -99.000  -999
OBS: 6000345  54594.145    39.00   0.0000e+00   4.7648e+03   1.3680e+02   0  Y  0.00  1   !  -9.99000e+02  -99.000  -99.000  -999
OBS: 6000345  54596.145    41.00   0.0000e+00   4.3318e+03   1.3136e+02   0  Y  0.00  1   !  -9.99000e+02  -99.000  -99.000  -999
OBS: 6000345  54598.145    43.00   0.0000e+00   3.8565e+03   1.3780e+02   0  Y  0.00  1   !  -9.99000e+02  -99.000  -99.000  -999
OBS: 6000345  54600.145    45.00   0.0000e+00   3.4510e+03   1.3662e+02   0  Y  0.00  1   !  -9.99000e+02  -99.000  -99.000  -999
OBS: 6000345  54602.145    47.00   0.0000e+00   3.1390e+03   1.1827e+02   0  Y  0.00  1   !  -9.99000e+02  -99.000  -99.000  -999
OBS: 6000345  54604.145    49.00   0.0000e+00   2.8486e+03   1.1121e+02   0  Y  0.00  1   !  -9.99000e+02  -99.000  -99.000  -999
OBS: 6000345  54606.145    51.00   0.0000e+00   2.5623e+03   1.1846e+02   0  Y  0.00  1   !  -9.99000e+02  -99.000  -99.000  -999
OBS: 6000345  54608.145    53.00   0.0000e+00   2.2738e+03   6.0286e+02   0  Y  0.00  1   !  -9.99000e+02  -99.000  -99.000  -999
OBS: 6000345  54610.145    55.00   0.0000e+00   1.9923e+03   1.1992e+03   0  Y  0.00  1   !  -9.99000e+02  -99.000  -99.000  -999
OBS: 6000345  54612.145    57.00   0.0000e+00   1.7830e+03   1.0732e+03   0  Y  0.00  1   !  -9.99000e+02  -99.000  -99.000  -999
OBS: 6000345  54614.145    59.00   0.0000e+00   1.6253e+03   9.7831e+02   0  Y  0.00  1   !  -9.99000e+02  -99.000  -99.000  -999
OBS: 6000345  54616.145    61.00   0.0000e+00   1.4922e+03   8.9815e+02   0  Y  0.00  1   !  -9.99000e+02  -99.000  -99.000  -999
OBS: 6000345  54618.145    63.00   0.0000e+00   1.3880e+03   8.3544e+02   0  Y  0.00  1   !  -9.99000e+02  -99.000  -99.000  -999
OBS: 6000345  54620.145    65.00   0.0000e+00   1.1850e+03   7.1325e+02   0  Y  0.00  1   !  -9.99000e+02  -99.000  -99.000  -999
OBS: 6000345  54622.145    67.00   0.0000e+00   1.0071e+03   6.0618e+02   0  Y  0.00  1   !  -9.99000e+02  -99.000  -99.000  -999
OBS: 6000345  54624.145    69.00   0.0000e+00   8.7209e+02   5.2492e+02   0  Y  0.00  1   !  -9.99000e+02  -99.000  -99.000  -999
OBS: 6000345  54626.145    71.00   0.0000e+00   7.7070e+02   4.6389e+02   0  Y  0.00  1   !  -9.99000e+02  -99.000  -99.000  -999
OBS: 6000345  54628.145    73.00   0.0000e+00   6.9556e+02   4.1866e+02   0  Y  0.00  1   !  -9.99000e+02  -99.000  -99.000  -999
OBS: 6000345  54630.145    75.00   0.0000e+00   6.3870e+02   3.8444e+02   0  Y  0.00  1   !  -9.99000e+02  -99.000  -99.000  -999
OBS: 6000345  54632.145    77.00   0.0000e+00   5.9267e+02   3.5674e+02   0  Y  0.00  1   !  -9.99000e+02  -99.000  -99.000  -999
OBS: 6000345  54634.145    79.00   0.0000e+00   5.4272e+02   3.2667e+02   0  Y  0.00  1   !  -9.99000e+02  -99.000  -99.000  -999
OBS: 6000345  54636.145    81.00   0.0000e+00   4.8719e+02   2.9324e+02   0  Y  0.00  1   !  -9.99000e+02  -99.000  -99.000  -999
OBS: 6000345  54638.145    83.00   0.0000e+00   4.3799e+02   2.6363e+02   0  Y  0.00  1   !  -9.99000e+02  -99.000  -99.000  -999
OBS: 6000345  54640.145    85.00   0.0000e+00   3.9449e+02   2.3745e+02   0  Y  0.00  1   !  -9.99000e+02  -99.000  -99.000  -999
OBS: 6000345  54642.145    87.00   0.0000e+00   3.5619e+02   2.1439e+02   0  Y  0.00  1   !  -9.99000e+02  -99.000  -99.000  -999
OBS: 6000345  54644.145    89.00   0.0000e+00   3.2267e+02   1.9422e+02   0  Y  0.00  1   !  -9.99000e+02  -99.000  -99.000  -999
OBS: 6000345  54646.145    91.00   0.0000e+00   2.8924e+02   1.7410e+02   0  Y  0.00  1   !  -9.99000e+02  -99.000  -99.000  -999
OBS: 6000345  54648.145    93.00   0.0000e+00   2.5788e+02   1.5522e+02   0  Y  0.00  1   !  -9.99000e+02  -99.000  -99.000  -999
OBS: 6000345  54650.145    95.00   0.0000e+00   2.2993e+02   1.3840e+02   0  Y  0.00  1   !  -9.99000e+02  -99.000  -99.000  -999
OBS: 6000345  54652.145    97.00   0.0000e+00   2.0501e+02   1.2340e+02   0  Y  0.00  1   !  -9.99000e+02  -99.000  -99.000  -999
OBS: 6000345  54654.145    99.00   0.0000e+00   1.8278e+02   1.1002e+02   0  Y  0.00  1   !  -9.99000e+02  -99.000  -99.000  -999
OBS: 6000345  54656.145   101.00   0.0000e+00   1.6296e+02   9.8085e+01   0  Y  0.00  1   !  -9.99000e+02  -99.000  -99.000  -999
OBS: 6000345  54658.145   103.00   0.0000e+00   1.4528e+02   8.7447e+01   0  Y  0.00  1   !  -9.99000e+02  -99.000  -99.000  -999
OBS: 6000345  54660.145   105.00   0.0000e+00   1.2952e+02   7.7961e+01   0  Y  0.00  1   !  -9.99000e+02  -99.000  -99.000  -999
OBS: 6000345  54662.145   107.00   0.0000e+00   1.1547e+02   6.9503e+01   0  Y  0.00  1   !  -9.99000e+02  -99.000  -99.000  -999
OBS: 6000345  54664.145   109.00   0.0000e+00   1.0294e+02   6.1962e+01   0  Y  0.00  1   !  -9.99000e+02  -99.000  -99.000  -999
OBS: 6000345  54666.145   111.00   0.0000e+00   9.1772e+01   5.5238e+01   0  Y  0.00  1   !  -9.99000e+02  -99.000  -99.000  -999
OBS: 6000345  54668.145   113.00   0.0000e+00   8.1816e+01   4.9246e+01   0  Y  0.00  1   !  -9.99000e+02  -99.000  -99.000  -999
OBS: 6000345  54670.145   115.00   0.0000e+00   7.2946e+01   4.3907e+01   0  Y  0.00  1   !  -9.99000e+02  -99.000  -99.000  -999
OBS: 6000345  54672.145   117.00   0.0000e+00   6.5032e+01   3.9144e+01   0  Y  0.00  1   !  -9.99000e+02  -99.000  -99.000  -999
OBS: 6000345  54674.145   119.00   0.0000e+00   5.7973e+01   3.4894e+01   0  Y  0.00  1   !  -9.99000e+02  -99.000  -99.000  -999
OBS: 6000345  54676.145   121.00   0.0000e+00   5.1678e+01   3.1106e+01   0  Y  0.00  1   !  -9.99000e+02  -99.000  -99.000  -999
OBS: 6000345  54678.145   123.00   0.0000e+00   4.6067e+01   2.7728e+01   0  Y  0.00  1   !  -9.99000e+02  -99.000  -99.000  -999
OBS: 6000345  54680.145   125.00   0.0000e+00   4.1065e+01   2.4717e+01   0  Y  0.00  1   !  -9.99000e+02  -99.000  -99.000  -999
OBS: 6000345  54682.145   127.00   0.0000e+00   3.6605e+01   2.2033e+01   0  Y  0.00  1   !  -9.99000e+02  -99.000  -99.000  -999
OBS: 6000345  54684.145   129.00   0.0000e+00   3.2629e+01   1.9640e+01   0  Y  0.00  1   !  -9.99000e+02  -99.000  -99.000  -999
OBS: 6000345  54686.145   131.00   0.0000e+00   2.9085e+01   1.7506e+01   0  Y  0.00  1   !  -9.99000e+02  -99.000  -99.000  -999
OBS: 6000345  54688.145   133.00   0.0000e+00   2.5928e+01   1.5606e+01   0  Y  0.00  1   !  -9.99000e+02  -99.000  -99.000  -999
OBS: 6000345  54690.145   135.00   0.0000e+00   2.3116e+01   1.3914e+01   0  Y  0.00  1   !  -9.99000e+02  -99.000  -99.000  -999
OBS: 6000345  54692.145   137.00   0.0000e+00   2.0607e+01   1.2403e+01   0  Y  0.00  1   !  -9.99000e+02  -99.000  -99.000  -999
OBS: 6000345  54694.145   139.00   0.0000e+00   1.8367e+01   1.1056e+01   0  Y  0.00  1   !  -9.99000e+02  -99.000  -99.000  -999
OBS: 6000345  54553.770    -1.37   4.6723e+03   5.1263e+03   4.0435e+02   1  y  0.46  1   Y  2.30349e+18  -0.220  -1.553  1.00000e+11
OBS: 6000345  54553.781    -1.36   4.6688e+03   4.5550e+03   4.0882e+02   1  y  0.44  1   Y  2.04702e+18  -0.220  -1.555  1.00000e+11
OBS: 6000345  54554.750    -0.39   4.3294e+03   3.9907e+03   2.8534e+02   1  y  2.56  1   Y  1.80802e+18  -0.211  -1.666  1.00000e+11
OBS: 6000345  54554.762    -0.38   4.3260e+03   4.0732e+03   3.0061e+02   1  y  1.60  1   Y  1.84549e+18  -0.211  -1.667  1.00000e+11
OBS: 6000345  54496.145   -59.00   0.0000e+00   0.0000e+00   0.0000e+00   0  y  0.00  1   !  -9.99000e+02  -99.000  -99.000  -999
OBS: 6000345  54498.145   -57.00   0.0000e+00   0.0000e+00   0.0000e+00   0  y  0.00  1   !  -9.99000e+02  -99.000  -99.000  -999
OBS: 6000345  54500.145   -55.00   0.0000e+00   0.0000e+00   0.0000e+00   0  y  0.00  1   !  -9.99000e+02  -99.000  -99.000  -999
OBS: 6000345  54502.145   -53.00   0.0000e+00   0.0000e+00   0.0000e+00   0  y  0.00  1   !  -9.99000e+02  -99.000  -99.000  -999
OBS: 6000345  54504.145   -51.00   0.0000e+00   0.0000e+00   0.0000e+00   0  y  0.00  1   !  -9.99000e+02  -99.000  -99.000  -999
OBS: 6000345  54506.145   -49.00   0.0000e+00   0.0000e+00   0.0000e+00   0  y  0.00  1   !  -9.99000e+02  -99.000  -99.000  -999
OBS: 6000345  54508.145   -47.00   0.0000e+00   0.0000e+00   0.0000e+00   0  y  0.00  1   !  -9.99000e+02  -99.000  -99.000  -999
OBS: 6000345  54510.145   -45.00   0.0000e+00   0.0000e+00   0.0000e+00   0  y  0.00  1   !  -9.99000e+02  -99.000  -99.000  -999
OBS: 6000345  54512.145   -43.00   0.0000e+00   0.0000e+00   0.0000e+00   0  y  0.00  1   !  -9.99000e+02  -99.000  -99.000  -999
OBS: 6000345  54514.145   -41.00   0.0000e+00   0.0000e+00   0.0000e+00   0  y  0.00  1   !  -9.99000e+02  -99.000  -99.000  -999
OBS: 6000345  54516.145   -39.00   0.0000e+00   0.0000e+00   0.0000e+00   0  y  0.00  1   !  -9.99000e+02  -99.000  -99.000  -999
OBS: 6000345  54518.145   -37.00   0.0000e+00   0.0000e+00   0.0000e+00   0  y  0.00  1   !  -9.99000e+02  -99.000  -99.000  -999
OBS: 6000345  54520.145   -35.00   0.0000e+00   0.0000e+00   0.0000e+00   0  y  0.00  1   !  -9.99000e+02  -99.000  -99.000  -999
OBS: 6000345  54522.145   -33.00   0.0000e+00   0.0000e+00   0.0000e+00   0  y  0.00  1   !  -9.99000e+02  -99.000  -99.000  -999
OBS: 6000345  54524.145   -31.00   0.0000e+00   0.0000e+00   0.0000e+00   0  y  0.00  1   !  -9.99000e+02  -99.000  -99.000  -999
OBS: 6000345  54526.145   -29.00   0.0000e+00   0.0000e+00   0.0000e+00   0  y  0.00  1   !  -9.99000e+02  -99.000  -99.000  -999
OBS: 6000345  54528.145   -27.00   0.0000e+00   0.0000e+00   0.0000e+00   0  y  0.00  1   !  -9.99000e+02  -99.000  -99.000  -999
OBS: 6000345  54530.145   -25.00   0.0000e+00   0.0000e+00   0.0000e+00   0  y  0.00  1   !  -9.99000e+02  -99.000  -99.000  -999
OBS: 6000345  54532.145   -23.00   0.0000e+00   0.0000e+00   0.0000e+00   0  y  0.00  1   !  -9.99000e+02  -99.000  -99.000  -999
OBS: 6000345  54534.145   -21.00   0.0000e+00   7.6774e+02   4.6211e+02   0  y  0.00  1   !  -9.99000e+02  -99.000  -99.000  -999
OBS: 6000345  54536.145   -19.00   0.0000e+00   6.7542e+02   4.0655e+02   0  y  0.00  1   !  -9.99000e+02  -99.000  -99.000  -999
OBS: 6000345  54538.145   -17.00   0.0000e+00   6.7032e+02   4.0347e+02   0  y  0.00  1   !  -9.99000e+02  -99.000  -99.000  -999
OBS: 6000345  54540.145   -15.00   0.0000e+00   1.0534e+03   3.2711e+02   0  y  0.00  1   !  -9.99000e+02  -99.000  -99.000  -999
OBS: 6000345  54542.145   -13.00   0.0000e+00   2.1360e+03   1.4643e+02   0  y  0.00  1   !  -9.99000e+02  -99.000  -99.000  -999
OBS: 6000345  54544.145   -11.00   0.0000e+00   3.2265e+03   1.2353e+02   0  y  0.00  1   !  -9.99000e+02  -99.000  -99.000  -999
OBS: 6000345  54546.145    -9.00   0.0000e+00   4.2581e+03   1.3025e+02   0  y  0.00  1   !  -9.99000e+02  -99.000  -99.000  -999
OBS: 6000345  54548.145    -7.00   0.0000e+00   5.1223e+03   1.1666e+02   0  y  0.00  1   !  -9.99000e+02  -99.000  -99.000  -999
OBS: 6000345  54550.145    -5.00   0.0000e+00   5.4824e+03   1.0864e+02   0  y  0.00  1   !  -9.99000e+02  -99.000  -99.000  -999
OBS: 6000345  54552.145    -3.00   0.0000e+00   5.3441e+03   1.1962e+02   0  y  0.00  1   !  -9.99000e+02  -99.000  -99.000  -999
OBS: 6000345  54554.145    -1.00   0.0000e+00   4.7044e+03   1.1957e+02   0  y  0.00  1   !  -9.99000e+02  -99.000  -99.000  -999
OBS: 6000345  54556.145     1.00   0.0000e+00   4.0390e+03   1.1559e+02   0  y  0.00  1   !  -9.99000e+02  -99.000  -99.000  -999
OBS: 6000345  54558.145     3.00   0.0000e+00   3.6000e+03   1.2297e+02   0  y  0.00  1   !  -9.99000e+02  -99.000  -99.000  -999
OBS: 6000345  54560.145     5.00   0.0000e+00   3.2401e+03   1.2976e+02   0  y  0.00  1   !  -9.99000e+02  -99.000  -99.000  -999
OBS: 6000345  54562.145     7.00   0.0000e+00   2.9527e+03   1.3110e+02   0  y  0.00  1   !  -9.99000e+02  -99.000  -99.000  -999
OBS: 6000345  54564.145     9.00   0.0000e+00   2.7971e+03   1.2832e+02   0  y  0.00  1   !  -9.99000e+02  -99.000  -99.000  -999
OBS: 6000345  54566.145    11.00   0.0000e+00   2.7273e+03   1.2518e+02   0  y  0.00  1   !  -9.99000e+02  -99.000  -99.000  -999
OBS: 6000345  54568.145    13.00   0.0000e+00   2.7693e+03   1.3032e+02   0  y  0.00  1   !  -9.99000e+02  -99.000  -99.000  -999
OBS: 6000345  54570.145    15.00   0.0000e+00   2.9390e+03   1.3365e+02   0  y  0.00  1   !  -9.99000e+02  -99.000  -99.000  -999
OBS: 6000345  54572.145    17.00   0.0000e+00   3.2007e+03   1.3822e+02   0  y  0.00  1   !  -9.99000e+02  -99.000  -99.000  -999
OBS: 6000345  54574.145    19.00   0.0000e+00   3.4645e+03   1.5007e+02   0  y  0.00  1   !  -9.99000e+02  -99.000  -99.000  -999
OBS: 6000345  54576.145    21.00   0.0000e+00   3.7008e+03   1.6636e+02   0  y  0.00  1   !  -9.99000e+02  -99.000  -99.000  -999
OBS: 6000345  54578.145    23.00   0.0000e+00   3.8656e+03   1.7457e+02   0  y  0.00  1   !  -9.99000e+02  -99.000  -99.000  -999
OBS: 6000345  54580.145    25.00   0.0000e+00   4.2281e+03   1.7616e+02   0  y  0.00  1   !  -9.99000e+02  -99.000  -99.000  -999
OBS: 6000345  54582.145    27.00   0.0000e+00   4.8566e+03   1.6653e+02   0  y  0.00  1   !  -9.99000e+02  -99.000  -99.000  -999
OBS: 6000345  54584.145    29.00   0.0000e+00   5.4254e+03   1.6030e+02   0  y  0.00  1   !  -9.99000e+02  -99.000  -99.000  -999
OBS: 6000345  54586.145    31.00   0.0000e+00   5.7196e+03   1.5733e+02   0  y  0.00  1   !  -9.99000e+02  -99.000  -99.000  -999
OBS: 6000345  54588.145    33.00   0.0000e+00   5.7612e+03   1.4925e+02   0  y  0.00  1   !  -9.99000e+02  -99.000  -99.000  -999
OBS: 6000345  54590.145    35.00   0.0000e+00   5.5687e+03   1.4106e+02   0  y  0.00  1   !  -9.99000e+02  -99.000  -99.000  -999
OBS: 6000345  54592.145    37.00   0.0000e+00   5.2567e+03   1.3807e+02   0  y  0.00  1   !  -9.99000e+02  -99.000  -99.000  -999
OBS: 6000345  54594.145    39.00   0.0000e+00   4.9474e+03   1.4204e+02   0  y  0.00  1   !  -9.99000e+02  -99.000  -99.000  -999
OBS: 6000345  54596.145    41.00   0.0000e+00   4.5039e+03   1.3658e+02   0  y  0.00  1   !  -9.99000e+02  -99.000  -99.000  -999
OBS: 6000345  54598.145    43.00   0.0000e+00   4.0095e+03   1.4327e+02   0  y  0.00  1   !  -9.99000e+02  -99.000  -99.000  -999
OBS: 6000345  54600.145    45.00   0.0000e+00   3.5869e+03   1.4199e+02   0  y  0.00  1   !  -9.99000e+02  -99.000  -99.000  -999
OBS: 6000345  54602.145    47.00   0.0000e+00   3.2622e+03   1.2291e+02   0  y  0.00  1   !  -9.99000e+02  -99.000  -99.000  -999
OBS: 6000345  54604.145    49.00   0.0000e+00   2.9617e+03   1.1563e+02   0  y  0.00  1   !  -9.99000e+02  -99.000  -99.000  -999
OBS: 6000345  54606.145    51.00   0.0000e+00   2.6640e+03   1.2316e+02   0  y  0.00  1   !  -9.99000e+02  -99.000  -99.000  -999
OBS: 6000345  54608.145    53.00   0.0000e+00   2.3635e+03   6.2665e+02   0  y  0.00  1   !  -9.99000e+02  -99.000  -99.000  -999
OBS: 6000345  54610.145    55.00   0.0000e+00   2.0701e+03   1.2460e+03   0  y  0.00  1   !  -9.99000e+02  -99.000  -99.000  -999
OBS: 6000345  54612.145    57.00   0.0000e+00   1.8472e+03   1.1119e+03   0  y  0.00  1   !  -9.99000e+02  -99.000  -99.000  -999
OBS: 6000345  54614.145    59.00   0.0000e+00   1.6769e+03   1.0093e+03   0  y  0.00  1   !  -9.99000e+02  -99.000  -99.000  -999
OBS: 6000345  54616.145    61.00   0.0000e+00   1.5334e+03   9.2297e+02   0  y  0.00  1   !  -9.99000e+02  -99.000  -99.000  -999
OBS: 6000345  54618.145    63.00   0.0000e+00   1.4208e+03   8.5517e+02   0  y  0.00  1   !  -9.99000e+02  -99.000  -99.000  -999
OBS: 6000345  54620.145    65.00   0.0000e+00   1.2086e+03   7.2750e+02   0  y  0.00  1   !  -9.99000e+02  -99.000  -99.000  -999
OBS: 6000345  54622.145    67.00   0.0000e+00   1.0257e+03   6.1738e+02   0  y  0.00  1   !  -9.99000e+02  -99.000  -99.000  -999
OBS: 6000345  54624.145    69.00   0.0000e+00   8.8709e+02   5.3395e+02   0  y  0.00  1   !  -9.99000e+02  -99.000  -99.000  -999
OBS: 6000345  54626.145    71.00   0.0000e+00   7.8291e+02   4.7124e+02   0  y  0.00  1   !  -9.99000e+02  -99.000  -99.000  -999
OBS: 6000345  54628.145    73.00   0.0000e+00   7.0534e+02   4.2455e+02   0  y  0.00  1   !  -9.99000e+02  -99.000  -99.000  -999
OBS: 6000345  54630.145    75.00   0.0000e+00   6.4616e+02   3.8893e+02   0  y  0.00  1   !  -9.99000e+02  -99.000  -99.000  -999
OBS: 6000345  54632.145    77.00   0.0000e+00   5.9778e+02   3.5981e+02   0  y  0.00  1   !  -9.99000e+02  -99.000  -99.000  -999
OBS: 6000345  54634.145    79.00   0.0000e+00   5.4626e+02   3.2880e+02   0  y  0.00  1   !  -9.99000e+02  -99.000  -99.000  -999
OBS: 6000345  54636.145    81.00   0.0000e+00   4.8998e+02   2.9492e+02   0  y  0.00  1   !  -9.99000e+02  -99.000  -99.000  -999
OBS: 6000345  54638.145    83.00   0.0000e+00   4.4008e+02   2.6489e+02   0  y  0.00  1   !  -9.99000e+02  -99.000  -99.000  -999
OBS: 6000345  54640.145    85.00   0.0000e+00   3.9594e+02   2.3832e+02   0  y  0.00  1   !  -9.99000e+02  -99.000  -99.000  -999
OBS: 6000345  54642.145    87.00   0.0000e+00   3.5701e+02   2.1489e+02   0  y  0.00  1   !  -9.99000e+02  -99.000  -99.000  -999
OBS: 6000345  54644.145    89.00   0.0000e+00   3.2289e+02   1.9435e+02   0  y  0.00  1   !  -9.99000e+02  -99.000  -99.000  -999
OBS: 6000345  54646.145    91.00   0.0000e+00   2.8932e+02   1.7414e+02   0  y  0.00  1   !  -9.99000e+02  -99.000  -99.000  -999
OBS: 6000345  54648.145    93.00   0.0000e+00   2.5800e+02   1.5530e+02   0  y  0.00  1   !  -9.99000e+02  -99.000  -99.000  -999
OBS: 6000345  54650.145    95.00   0.0000e+00   2.3008e+02   1.3849e+02   0  y  0.00  1   !  -9.99000e+02  -99.000  -99.000  -999
OBS: 6000345  54652.145    97.00   0.0000e+00   2.0518e+02   1.2350e+02   0  y  0.00  1   !  -9.99000e+02  -99.000  -99.000  -999
OBS: 6000345  54654.145    99.00   0.0000e+00   1.8297e+02   1.1013e+02   0  y  0.00  1   !  -9.99000e+02  -99.000  -99.000  -999
OBS: 6000345  54656.145   101.00   0.0000e+00   1.6316e+02   9.8208e+01   0  y  0.00  1   !  -9.99000e+02  -99.000  -99.000  -999
OBS: 6000345  54658.145   103.00   0.0000e+00   1.4549e+02   8.7574e+01   0  y  0.00  1   !  -9.99000e+02  -99.000  -99.000  -999
OBS: 6000345  54660.145   105.00   0.0000e+00   1.2974e+02   7.8091e+01   0  y  0.00  1   !  -9.99000e+02  -99.000  -99.000  -999
OBS: 6000345  54662.145   107.00   0.0000e+00   1.1569e+02   6.9634e+01   0  y  0.00  1   !  -9.99000e+02  -99.000  -99.000  -999
OBS: 6000345  54664.145   109.00   0.0000e+00   1.0316e+02   6.2092e+01   0  y  0.00  1   !  -9.99000e+02  -99.000  -99.000  -999
OBS: 6000345  54666.145   111.00   0.0000e+00   9.1984e+01   5.5366e+01   0  y  0.00  1   !  -9.99000e+02  -99.000  -99.000  -999
OBS: 6000345  54668.145   113.00   0.0000e+00   8.2023e+01   4.9370e+01   0  y  0.00  1   !  -9.99000e+02  -99.000  -99.000  -999
OBS: 6000345  54670.145   115.00   0.0000e+00   7.3144e+01   4.4026e+01   0  y  0.00  1   !  -9.99000e+02  -99.000  -99.000  -999
OBS: 6000345  54672.145   117.00   0.0000e+00   6.5223e+01   3.9258e+01   0  y  0.00  1   !  -9.99000e+02  -99.000  -99.000  -999
OBS: 6000345  54674.145   119.00   0.0000e+00   5.8156e+01   3.5005e+01   0  y  0.00  1   !  -9.99000e+02  -99.000  -99.000  -999
OBS: 6000345  54676.145   121.00   0.0000e+00   5.1854e+01   3.1211e+01   0  y  0.00  1   !  -9.99000e+02  -99.000  -99.000  -999
OBS: 6000345  54678.145   123.00   0.0000e+00   4.6234e+01   2.7829e+01   0  y  0.00  1   !  -9.99000e+02  -99.000  -99.000  -999
OBS: 6000345  54680.145   125.00   0.0000e+00   4.1223e+01   2.4812e+01   0  y  0.00  1   !  -9.99000e+02  -99.000  -99.000  -999
OBS: 6000345  54682.145   127.00   0.0000e+00   3.6754e+01   2.2123e+01   0  y  0.00  1   !  -9.99000e+02  -99.000  -99.000  -999
OBS: 6000345  54684.145   129.00   0.0000e+00   3.2770e+01   1.9725e+01   0  y  0.00  1   !  -9.99000e+02  -99.000  -99.000  -999
OBS: 6000345  54686.145   131.00   0.0000e+00   2.9217e+01   1.7586e+01   0  y  0.00  1   !  -9.99000e+02  -99.000  -99.000  -999
OBS: 6000345  54688.145   133.00   0.0000e+00   2.6052e+01   1.5681e+01   0  y  0.00  1   !  -9.99000e+02  -99.000  -99.000  -999
OBS: 6000345  54690.145   135.00   0.0000e+00   2.3231e+01   1.3983e+01   0  y  0.00  1   !  -9.99000e+02  -99.000  -99.000  -999
OBS: 6000345  54692.145   137.00   0.0000e+00   2.0714e+01   1.2468e+01   0  y  0.00  1   !  -9.99000e+02  -99.000  -99.000  -999
OBS: 6000345  54694.145   139.00   0.0000e+00   1.8468e+01   1.1116e+01   0  y  0.00  1   !  -9.99000e+02  -99.000  -99.000  -999
OBS: 6000345  54546.789    -8.35   4.3425e+03   4.4095e+03   9.7958e+02   1  H  0.04  1   H  2.19529e+18  -0.109  -0.643  1.00000e+11
OBS: 6000345  54546.801    -8.34   4.3456e+03   3.0409e+03   9.5271e+02   1  H  1.50  1   H  1.51387e+18  -0.109  -0.643  1.00000e+11
OBS: 6000345  54550.781    -4.36   4.9832e+03   6.1534e+03   8.8574e+02   1  H  2.19  1   H  3.05302e+18  -0.113  -0.635  1.00000e+11
OBS: 6000345  54585.699    30.56   3.6308e+03   7.6478e+03   1.7012e+03   1  H  5.87  1   H  4.96108e+18  0.178  0.128  1.00000e+11
OBS: 6000345  54585.711    30.57   3.6309e+03   2.7800e+03   1.3766e+03   1  H  0.29  1   H  1.80303e+18  0.178  0.125  1.00000e+11
OBS: 6000345  54496.145   -59.00   0.0000e+00   0.0000e+00   0.0000e+00   0  H  0.00  1   !  -9.99000e+02  -99.000  -99.000  -999
OBS: 6000345  54498.145   -57.00   0.0000e+00   0.0000e+00   0.0000e+00   0  H  0.00  1   !  -9.99000e+02  -99.000  -99.000  -999
OBS: 6000345  54500.145   -55.00   0.0000e+00   0.0000e+00   0.0000e+00   0  H  0.00  1   !  -9.99000e+02  -99.000  -99.000  -999
OBS: 6000345  54502.145   -53.00   0.0000e+00   0.0000e+00   0.0000e+00   0  H  0.00  1   !  -9.99000e+02  -99.000  -99.000  -999
OBS: 6000345  54504.145   -51.00   0.0000e+00   0.0000e+00   0.0000e+00   0  H  0.00  1   !  -9.99000e+02  -99.000  -99.000  -999
OBS: 6000345  54506.145   -49.00   0.0000e+00   0.0000e+00   0.0000e+00   0  H  0.00  1   !  -9.99000e+02  -99.000  -99.000  -999
OBS: 6000345  54508.145   -47.00   0.0000e+00   0.0000e+00   0.0000e+00   0  H  0.00  1   !  -9.99000e+02  -99.000  -99.000  -999
OBS: 6000345  54510.145   -45.00   0.0000e+00   0.0000e+00   0.0000e+00   0  H  0.00  1   !  -9.99000e+02  -99.000  -99.000  -999
OBS: 6000345  54512.145   -43.00   0.0000e+00   0.0000e+00   0.0000e+00   0  H  0.00  1   !  -9.99000e+02  -99.000  -99.000  -999
OBS: 6000345  54514.145   -41.00   0.0000e+00   0.0000e+00   0.0000e+00   0  H  0.00  1   !  -9.99000e+02  -99.000  -99.000  -999
OBS: 6000345  54516.145   -39.00   0.0000e+00   0.0000e+00   0.0000e+00   0  H  0.00  1   !  -9.99000e+02  -99.000  -99.000  -999
OBS: 6000345  54518.145   -37.00   0.0000e+00   0.0000e+00   0.0000e+00   0  H  0.00  1   !  -9.99000e+02  -99.000  -99.000  -999
OBS: 6000345  54520.145   -35.00   0.0000e+00   0.0000e+00   0.0000e+00   0  H  0.00  1   !  -9.99000e+02  -99.000  -99.000  -999
OBS: 6000345  54522.145   -33.00   0.0000e+00   0.0000e+00   0.0000e+00   0  H  0.00  1   !  -9.99000e+02  -99.000  -99.000  -999
OBS: 6000345  54524.145   -31.00   0.0000e+00   0.0000e+00   0.0000e+00   0  H  0.00  1   !  -9.99000e+02  -99.000  -99.000  -999
OBS: 6000345  54526.145   -29.00   0.0000e+00   0.0000e+00   0.0000e+00   0  H  0.00  1   !  -9.99000e+02  -99.000  -99.000  -999
OBS: 6000345  54528.145   -27.00   0.0000e+00   0.0000e+00   0.0000e+00   0  H  0.00  1   !  -9.99000e+02  -99.000  -99.000  -999
OBS: 6000345  54530.145   -25.00   0.0000e+00   0.0000e+00   0.0000e+00   0  H  0.00  1   !  -9.99000e+02  -99.000  -99.000  -999
OBS: 6000345  54532.145   -23.00   0.0000e+00   0.0000e+00   0.0000e+00   0  H  0.00  1   !  -9.99000e+02  -99.000  -99.000  -999
OBS: 6000345  54534.145   -21.00   0.0000e+00   6.6152e+02   3.9818e+02   0  H  0.00  1   !  -9.99000e+02  -99.000  -99.000  -999
OBS: 6000345  54536.145   -19.00   0.0000e+00   7.4085e+02   4.4593e+02   0  H  0.00  1   !  -9.99000e+02  -99.000  -99.000  -999
OBS: 6000345  54538.145   -17.00   0.0000e+00   7.3679e+02   4.4348e+02   0  H  0.00  1   !  -9.99000e+02  -99.000  -99.000  -999
OBS: 6000345  54540.145   -15.00   0.0000e+00   1.0718e+03   3.6834e+02   0  H  0.00  1   !  -9.99000e+02  -99.000  -99.000  -999
OBS: 6000345  54542.145   -13.00   0.0000e+00   2.0524e+03   1.7987e+02   0  H  0.00  1   !  -9.99000e+02  -99.000  -99.000  -999
OBS: 6000345  54544.145   -11.00   0.0000e+00   3.0670e+03   1.2430e+02   0  H  0.00  1   !  -9.99000e+02  -99.000  -99.000  -999
OBS: 6000345  54546.145    -9.00   0.0000e+00   3.9622e+03   1.1946e+02   0  H  0.00  1   !  -9.99000e+02  -99.000  -99.000  -999
OBS: 6000345  54548.145    -7.00   0.0000e+00   4.5944e+03   9.8167e+01   0  H  0.00  1   !  -9.99000e+02  -99.000  -99.000  -999
OBS: 6000345  54550.145    -5.00   0.0000e+00   4.8371e+03   8.2386e+01   0  H  0.00  1   !  -9.99000e+02  -99.000  -99.000  -999
OBS: 6000345  54552.145    -3.00   0.0000e+00   4.7153e+03   8.1790e+01   0  H  0.00  1   !  -9.99000e+02  -99.000  -99.000  -999
OBS: 6000345  54554.145    -1.00   0.0000e+00   4.2797e+03   8.0574e+01   0  H  0.00  1   !  -9.99000e+02  -99.000  -99.000  -999
OBS: 6000345  54556.145     1.00   0.0000e+00   3.8762e+03   7.8854e+01   0  H  0.00  1   !  -9.99000e+02  -99.000  -99.000  -999
OBS: 6000345  54558.145     3.00   0.0000e+00   3.5825e+03   7.8532e+01   0  H  0.00  1   !  -9.99000e+02  -99.000  -99.000  -999
OBS: 6000345  54560.145     5.00   0.0000e+00   3.2249e+03   8.0310e+01   0  H  0.00  1   !  -9.99000e+02  -99.000  -99.000  -999
OBS: 6000345  54562.145     7.00   0.0000e+00   2.8571e+03   8.0282e+01   0  H  0.00  1   !  -9.99000e+02  -99.000  -99.000  -999
OBS: 6000345  54564.145     9.00   0.0000e+00   2.5668e+03   7.4635e+01   0  H  0.00  1   !  -9.99000e+02  -99.000  -99.000  -999
OBS: 6000345  54566.145    11.00   0.0000e+00   2.4108e+03   6.6313e+01   0  H  0.00  1   !  -9.99000e+02  -99.000  -99.000  -999
OBS: 6000345  54568.145    13.00   0.0000e+00   2.3692e+03   6.4737e+01   0  H  0.00  1   !  -9.99000e+02  -99.000  -99.000  -999
OBS: 6000345  54570.145    15.00   0.0000e+00   2.4560e+03   6.6906e+01   0  H  0.00  1   !  -9.99000e+02  -99.000  -99.000  -999
OBS: 6000345  54572.145    17.00   0.0000e+00   2.6246e+03   7.3407e+01   0  H  0.00  1   !  -9.99000e+02  -99.000  -99.000  -999
OBS: 6000345  54574.145    19.00   0.0000e+00   2.8391e+03   8.3911e+01   0  H  0.00  1   !  -9.99000e+02  -99.000  -99.000  -999
OBS: 6000345  54576.145    21.00   0.0000e+00   3.0496e+03   8.7732e+01   0  H  0.00  1   !  -9.99000e+02  -99.000  -99.000  -999
OBS: 6000345  54578.145    23.00   0.0000e+00   3.1883e+03   8.6598e+01   0  H  0.00  1   !  -9.99000e+02  -99.000  -99.000  -999
OBS: 6000345  54580.145    25.00   0.0000e+00   3.3050e+03   8.7366e+01   0  H  0.00  1   !  -9.99000e+02  -99.000  -99.000  -999
OBS: 6000345  54582.145    27.00   0.0000e+00   3.4091e+03   8.4728e+01   0  H  0.00  1   !  -9.99000e+02  -99.000  -99.000  -999
OBS: 6000345  54584.145    29.00   0.0000e+00   3.4785e+03   8.5351e+01   0  H  0.00  1   !  -9.99000e+02  -99.000  -99.000  -999
OBS: 6000345  54586.145    31.00   0.0000e+00   3.5246e+03   9.3471e+01   0  H  0.00  1   !  -9.99000e+02  -99.000  -99.000  -999
OBS: 6000345  54588.145    33.00   0.0000e+00   3.5149e+03   9.4947e+01   0  H  0.00  1   !  -9.99000e+02  -99.000  -99.000  -999
OBS: 6000345  54590.145    35.00   0.0000e+00   3.4609e+03   9.4104e+01   0  H  0.00  1   !  -9.99000e+02  -99.000  -99.000  -999
OBS: 6000345  54592.145    37.00   0.0000e+00   3.3330e+03   9.9759e+01   0  H  0.00  1   !  -9.99000e+02  -99.000  -99.000  -999
OBS: 6000345  54594.145    39.00   0.0000e+00   3.0909e+03   1.1268e+02   0  H  0.00  1   !  -9.99000e+02  -99.000  -99.000  -999
OBS: 6000345  54596.145    41.00   0.0000e+00   2.8117e+03   1.0949e+02   0  H  0.00  1   !  -9.99000e+02  -99.000  -99.000  -999
OBS: 6000345  54598.145    43.00   0.0000e+00   2.4560e+03   1.0467e+02   0  H  0.00  1   !  -9.99000e+02  -99.000  -99.000  -999
OBS: 6000345  54600.145    45.00   0.0000e+00   2.1371e+03   1.0201e+02   0  H  0.00  1   !  -9.99000e+02  -99.000  -99.000  -999
OBS: 6000345  54602.145    47.00   0.0000e+00   1.9078e+03   9.8240e+01   0  H  0.00  1   !  -9.99000e+02  -99.000  -99.000  -999
OBS: 6000345  54604.145    49.00   0.0000e+00   1.7452e+03   1.1025e+02   0  H  0.00  1   !  -9.99000e+02  -99.000  -99.000  -999
OBS: 6000345  54606.145    51.00   0.0000e+00   1.5965e+03   1.2380e+02   0  H  0.00  1   !  -9.99000e+02  -99.000  -99.000  -999
OBS: 6000345  54608.145    53.00   0.0000e+00   1.4513e+03   4.1230e+02   0  H  0.00  1   !  -9.99000e+02  -99.000  -99.000  -999
OBS: 6000345  54610.145    55.00   0.0000e+00   1.3167e+03   7.9255e+02   0  H  0.00  1   !  -9.99000e+02  -99.000  -99.000  -999
OBS: 6000345  54612.145    57.00   0.0000e+00   1.2032e+03   7.2420e+02   0  H  0.00  1   !  -9.99000e+02  -99.000  -99.000  -999
OBS: 6000345  54614.145    59.00   0.0000e+00   1.1052e+03   6.6522e+02   0  H  0.00  1   !  -9.99000e+02  -99.000  -99.000  -999
OBS: 6000345  54616.145    61.00   0.0000e+00   1.0165e+03   6.1185e+02   0  H  0.00  1   !  -9.99000e+02  -99.000  -99.000  -999
OBS: 6000345  54618.145    63.00   0.0000e+00   9.4392e+02   5.6815e+02   0  H  0.00  1   !  -9.99000e+02  -99.000  -99.000  -999
OBS: 6000345  54620.145    65.00   0.0000e+00   7.7099e+02   4.6407e+02   0  H  0.00  1   !  -9.99000e+02  -99.000  -99.000  -999
OBS: 6000345  54622.145    67.00   0.0000e+00   6.3171e+02   3.8024e+02   0  H  0.00  1   !  -9.99000e+02  -99.000  -99.000  -999
OBS: 6000345  54624.145    69.00   0.0000e+00   5.3403e+02   3.2144e+02   0  H  0.00  1   !  -9.99000e+02  -99.000  -99.000  -999
OBS: 6000345  54626.145    71.00   0.0000e+00   4.6797e+02   2.8168e+02   0  H  0.00  1   !  -9.99000e+02  -99.000  -99.000  -999
OBS: 6000345  54628.145    73.00   0.0000e+00   4.2115e+02   2.5349e+02   0  H  0.00  1   !  -9.99000e+02  -99.000  -99.000  -999
OBS: 6000345  54630.145    75.00   0.0000e+00   3.8336e+02   2.3075e+02   0  H  0.00  1   !  -9.99000e+02  -99.000  -99.000  -999
OBS: 6000345  54632.145    77.00   0.0000e+00   3.4731e+02   2.0905e+02   0  H  0.00  1   !  -9.99000e+02  -99.000  -99.000  -999
OBS: 6000345  54634.145    79.00   0.0000e+00   3.1729e+02   1.9098e+02   0  H  0.00  1   !  -9.99000e+02  -99.000  -99.000  -999
OBS: 6000345  54636.145    81.00   0.0000e+00   2.9330e+02   1.7654e+02   0  H  0.00  1   !  -9.99000e+02  -99.000  -99.000  -999
OBS: 6000345  54638.145    83.00   0.0000e+00   2.7119e+02   1.6323e+02   0  H  0.00  1   !  -9.99000e+02  -99.000  -99.000  -999
OBS: 6000345  54640.145    85.00   0.0000e+00   2.5081e+02   1.5097e+02   0  H  0.00  1   !  -9.99000e+02  -99.000  -99.000  -999
OBS: 6000345  54642.145    87.00   0.0000e+00   2.3210e+02   1.3970e+02   0  H  0.00  1   !  -9.99000e+02  -99.000  -99.000  -999
OBS: 6000345  54644.145    89.00   0.0000e+00   2.1496e+02   1.2939e+02   0  H  0.00  1   !  -9.99000e+02  -99.000  -99.000  -999
OBS: 6000345  54646.145    91.00   0.0000e+00   1.9849e+02   1.1947e+02   0  H  0.00  1   !  -9.99000e+02  -99.000  -99.000  -999
OBS: 6000345  54648.145    93.00   0.0000e+00   1.8300e+02   1.1015e+02   0  H  0.00  1   !  -9.99000e+02  -99.000  -99.000  -999
OBS: 6000345  54650.145    95.00   0.0000e+00   1.6871e+02   1.0155e+02   0  H  0.00  1   !  -9.99000e+02  -99.000  -99.000  -999
OBS: 6000345  54652.145    97.00   0.0000e+00   1.5553e+02   9.3614e+01   0  H  0.00  1   !  -9.99000e+02  -99.000  -99.000  -999
OBS: 6000345  54654.145    99.00   0.0000e+00   1.4337e+02   8.6299e+01   0  H  0.00  1   !  -9.99000e+02  -99.000  -99.000  -999
OBS: 6000345  54656.145   101.00   0.0000e+00   1.3217e+02   7.9554e+01   0  H  0.00  1   !  -9.99000e+02  -99.000  -99.000  -999
OBS: 6000345  54658.145   103.00   0.0000e+00   1.2183e+02   7.3334e+01   0  H  0.00  1   !  -9.99000e+02  -99.000  -99.000  -999
OBS: 6000345  54660.145   105.00   0.0000e+00   1.1231e+02   6.7598e+01   0  H  0.00  1   !  -9.99000e+02  -99.000  -99.000  -999
OBS: 6000345  54662.145   107.00   0.0000e+00   1.0352e+02   6.2309e+01   0  H  0.00  1   !  -9.99000e+02  -99.000  -99.000  -999
OBS: 6000345  54664.145   109.00   0.0000e+00   9.5415e+01   5.7432e+01   0  H  0.00  1   !  -9.99000e+02  -99.000  -99.000  -999
OBS: 6000345  54666.145   111.00   0.0000e+00   8.7965e+01   5.2947e+01   0  H  0.00  1   !  -9.99000e+02  -99.000  -99.000  -999
OBS: 6000345  54668.145   113.00   0.0000e+00   8.1325e+01   4.8950e+01   0  H  0.00  1   !  -9.99000e+02  -99.000  -99.000  -999
OBS: 6000345  54670.145   115.00   0.0000e+00   7.5228e+01   4.5280e+01   0  H  0.00  1   !  -9.99000e+02  -99.000  -99.000  -999
OBS: 6000345  54672.145   117.00   0.0000e+00   6.9659e+01   4.1928e+01   0  H  0.00  1   !  -9.99000e+02  -99.000  -99.000  -999
OBS: 6000345  54674.145   119.00   0.0000e+00   6.4502e+01   3.8824e+01   0  H  0.00  1   !  -9.99000e+02  -99.000  -99.000  -999
OBS: 6000345  54676.145   121.00   0.0000e+00   5.9727e+01   3.5950e+01   0  H  0.00  1   !  -9.99000e+02  -99.000  -99.000  -999
OBS: 6000345  54678.145   123.00   0.0000e+00   5.5305e+01   3.3289e+01   0  H  0.00  1   !  -9.99000e+02  -99.000  -99.000  -999
OBS: 6000345  54680.145   125.00   0.0000e+00   5.1211e+01   3.0824e+01   0  H  0.00  1   !  -9.99000e+02  -99.000  -99.000  -999
OBS: 6000345  54682.145   127.00   0.0000e+00   4.7419e+01   2.8542e+01   0  H  0.00  1   !  -9.99000e+02  -99.000  -99.000  -999
OBS: 6000345  54684.145   129.00   0.0000e+00   4.3909e+01   2.6429e+01   0  H  0.00  1   !  -9.99000e+02  -99.000  -99.000  -999
OBS: 6000345  54686.145   131.00   0.0000e+00   4.0658e+01   2.4473e+01   0  H  0.00  1   !  -9.99000e+02  -99.000  -99.000  -999
OBS: 6000345  54688.145   133.00   0.0000e+00   3.7648e+01   2.2661e+01   0  H  0.00  1   !  -9.99000e+02  -99.000  -99.000  -999
OBS: 6000345  54690.145   135.00   0.0000e+00   3.4861e+01   2.0983e+01   0  H  0.00  1   !  -9.99000e+02  -99.000  -99.000  -999
OBS: 6000345  54692.145   137.00   0.0000e+00   3.2280e+01   1.9430e+01   0  H  0.00  1   !  -9.99000e+02  -99.000  -99.000  -999
OBS: 6000345  54694.145   139.00   0.0000e+00   2.9891e+01   1.7991e+01   0  H  0.00  1   !  -9.99000e+02  -99.000  -99.000  -999
