VARNAMES: CID MJD Tobs SIM_FLUXCAL FLUXCAL FLUXCAL_ERR DATAFLAG BAND CHI2 IFIT BAND_REST FLUX_REST KCOR AVWARP SIM_FLUX_REST 
OBS: 6000214  54013.770    -8.57   2.9122e+03   2.9235e+03   1.5889e+02   1  J  0.27  1   J  2.76337e+18  -0.134  0.981  1.00000e+11
OBS: 6000214  54013.781    -8.56   2.9140e+03   3.0010e+03   1.5385e+02   1  J  0.95  1   J  2.83673e+18  -0.134  0.978  1.00000e+11
OBS: 6000214  54037.691    15.35   8.4882e+02   9.1845e+02   1.0826e+02   1  J  0.53  1   J  7.45261e+17  -0.299  0.904  1.00000e+11
OBS: 6000214  54037.699    15.36   8.4888e+02   8.3433e+02   1.1237e+02   1  J  0.00  1   J  6.76931e+17  -0.299  0.905  1.00000e+11
OBS: 6000214  54048.699    26.36   1.2305e+03   1.3580e+03   1.3071e+02   1  J  1.12  1   J  9.55997e+17  -0.454  0.872  1.00000e+11
OBS: 6000214  54048.711    26.37   1.2311e+03   1.1895e+03   1.3349e+02   1  J  0.00  1   J  8.37210e+17  -0.454  0.870  1.00000e+11
OBS: 6000214  53963.336   -59.00   0.0000e+00   0.0000e+00   0.0000e+00   0  J  0.00  1   !  -9.99000e+02  -99.000  -99.000  -999
OBS: 6000214  53965.336   -57.00   0.0000e+00   0.0000e+00   0.0000e+00   0  J  0.00  1   !  -9.99000e+02  -99.000  -99.000  -999
OBS: 6000214  53967.336   -55.00   0.0000e+00   0.0000e+00   0.0000e+00   0  J  0.00  1   !  -9.99000e+02  -99.000  -99.000  -999
OBS: 6000214  53969.336   -53.00   0.0000e+00   0.0000e+00   0.0000e+00   0  J  0.00  1   !  -9.99000e+02  -99.000  -99.000  -999
OBS: 6000214  53971.336   -51.00   0.0000e+00   0.0000e+00   0.0000e+00   0  J  0.00  1   !  -9.99000e+02  -99.000  -99.000  -999
OBS: 6000214  53973.336   -49.00   0.0000e+00   0.0000e+00   0.0000e+00   0  J  0.00  1   !  -9.99000e+02  -99.000  -99.000  -999
OBS: 6000214  53975.336   -47.00   0.0000e+00   0.0000e+00   0.0000e+00   0  J  0.00  1   !  -9.99000e+02  -99.000  -99.000  -999
OBS: 6000214  53977.336   -45.00   0.0000e+00   0.0000e+00   0.0000e+00   0  J  0.00  1   !  -9.99000e+02  -99.000  -99.000  -999
OBS: 6000214  53979.336   -43.00   0.0000e+00   0.0000e+00   0.0000e+00   0  J  0.00  1   !  -9.99000e+02  -99.000  -99.000  -999
OBS: 6000214  53981.336   -41.00   0.0000e+00   0.0000e+00   0.0000e+00   0  J  0.00  1   !  -9.99000e+02  -99.000  -99.000  -999
OBS: 6000214  53983.336   -39.00   0.0000e+00   0.0000e+00   0.0000e+00   0  J  0.00  1   !  -9.99000e+02  -99.000  -99.000  -999
OBS: 6000214  53985.336   -37.00   0.0000e+00   0.0000e+00   0.0000e+00   0  J  0.00  1   !  -9.99000e+02  -99.000  -99.000  -999
OBS: 6000214  53987.336   -35.00   0.0000e+00   0.0000e+00   0.0000e+00   0  J  0.00  1   !  -9.99000e+02  -99.000  -99.000  -999
OBS: 6000214  53989.336   -33.00   0.0000e+00   0.0000e+00   0.0000e+00   0  J  0.00  1   !  -9.99000e+02  -99.000  -99.000  -999
OBS: 6000214  53991.336   -31.00   0.0000e+00   0.0000e+00   0.0000e+00   0  J  0.00  1   !  -9.99000e+02  -99.000  -99.000  -999
OBS: 6000214  53993.336   -29.00   0.0000e+00   0.0000e+00   0.0000e+00   0  J  0.00  1   !  -9.99000e+02  -99.000  -99.000  -999
OBS: 6000214  53995.336   -27.00   0.0000e+00   0.0000e+00   0.0000e+00   0  J  0.00  1   !  -9.99000e+02  -99.000  -99.000  -999
OBS: 6000214  53997.336   -25.00   0.0000e+00   0.0000e+00   0.0000e+00   0  J  0.00  1   !  -9.99000e+02  -99.000  -99.000  -999
OBS: 6000214  53999.336   -23.00   0.0000e+00   0.0000e+00   0.0000e+00   0  J  0.00  1   !  -9.99000e+02  -99.000  -99.000  -999
OBS: 6000214  54001.336   -21.00   0.0000e+00   6.0214e+02   3.6244e+02   0  J  0.00  1   !  -9.99000e+02  -99.000  -99.000  -999
OBS: 6000214  54003.336   -19.00   0.0000e+00   6.8995e+02   4.1529e+02   0  J  0.00  1   !  -9.99000e+02  -99.000  -99.000  -999
OBS: 6000214  54005.336   -17.00   0.0000e+00   6.9198e+02   4.1651e+02   0  J  0.00  1   !  -9.99000e+02  -99.000  -99.000  -999
OBS: 6000214  54007.336   -15.00   0.0000e+00   9.9139e+02   2.0860e+02   0  J  0.00  1   !  -9.99000e+02  -99.000  -99.000  -999
OBS: 6000214  54009.336   -13.00   0.0000e+00   1.6648e+03   8.2965e+01   0  J  0.00  1   !  -9.99000e+02  -99.000  -99.000  -999
OBS: 6000214  54011.336   -11.00   0.0000e+00   2.3006e+03   7.5206e+01   0  J  0.00  1   !  -9.99000e+02  -99.000  -99.000  -999
OBS: 6000214  54013.336    -9.00   0.0000e+00   2.7551e+03   7.8350e+01   0  J  0.00  1   !  -9.99000e+02  -99.000  -99.000  -999
OBS: 6000214  54015.336    -7.00   0.0000e+00   3.0061e+03   5.9556e+01   0  J  0.00  1   !  -9.99000e+02  -99.000  -99.000  -999
OBS: 6000214  54017.336    -5.00   0.0000e+00   3.1110e+03   5.1230e+01   0  J  0.00  1   !  -9.99000e+02  -99.000  -99.000  -999
OBS: 6000214  54019.336    -3.00   0.0000e+00   3.0453e+03   5.3389e+01   0  J  0.00  1   !  -9.99000e+02  -99.000  -99.000  -999
OBS: 6000214  54021.336    -1.00   0.0000e+00   2.8534e+03   5.3818e+01   0  J  0.00  1   !  -9.99000e+02  -99.000  -99.000  -999
OBS: 6000214  54023.336     1.00   0.0000e+00   2.5133e+03   5.3024e+01   0  J  0.00  1   !  -9.99000e+02  -99.000  -99.000  -999
OBS: 6000214  54025.336     3.00   0.0000e+00   2.1332e+03   5.0200e+01   0  J  0.00  1   !  -9.99000e+02  -99.000  -99.000  -999
OBS: 6000214  54027.336     5.00   0.0000e+00   1.7927e+03   5.0067e+01   0  J  0.00  1   !  -9.99000e+02  -99.000  -99.000  -999
OBS: 6000214  54029.336     7.00   0.0000e+00   1.4584e+03   5.1169e+01   0  J  0.00  1   !  -9.99000e+02  -99.000  -99.000  -999
OBS: 6000214  54031.336     9.00   0.0000e+00   1.1628e+03   5.8787e+01   0  J  0.00  1   !  -9.99000e+02  -99.000  -99.000  -999
OBS: 6000214  54033.336    11.00   0.0000e+00   9.5159e+02   6.4853e+01   0  J  0.00  1   !  -9.99000e+02  -99.000  -99.000  -999
OBS: 6000214  54035.336    13.00   0.0000e+00   8.3666e+02   6.5993e+01   0  J  0.00  1   !  -9.99000e+02  -99.000  -99.000  -999
OBS: 6000214  54037.336    15.00   0.0000e+00   8.2355e+02   6.6673e+01   0  J  0.00  1   !  -9.99000e+02  -99.000  -99.000  -999
OBS: 6000214  54039.336    17.00   0.0000e+00   8.4329e+02   6.9557e+01   0  J  0.00  1   !  -9.99000e+02  -99.000  -99.000  -999
OBS: 6000214  54041.336    19.00   0.0000e+00   8.8267e+02   7.3575e+01   0  J  0.00  1   !  -9.99000e+02  -99.000  -99.000  -999
OBS: 6000214  54043.336    21.00   0.0000e+00   9.2750e+02   7.4654e+01   0  J  0.00  1   !  -9.99000e+02  -99.000  -99.000  -999
OBS: 6000214  54045.336    23.00   0.0000e+00   1.0113e+03   7.9911e+01   0  J  0.00  1   !  -9.99000e+02  -99.000  -99.000  -999
OBS: 6000214  54047.336    25.00   0.0000e+00   1.1219e+03   7.9065e+01   0  J  0.00  1   !  -9.99000e+02  -99.000  -99.000  -999
OBS: 6000214  54049.336    27.00   0.0000e+00   1.2350e+03   7.4685e+01   0  J  0.00  1   !  -9.99000e+02  -99.000  -99.000  -999
OBS: 6000214  54051.336    29.00   0.0000e+00   1.3442e+03   8.1866e+01   0  J  0.00  1   !  -9.99000e+02  -99.000  -99.000  -999
OBS: 6000214  54053.336    31.00   0.0000e+00   1.4319e+03   9.0323e+01   0  J  0.00  1   !  -9.99000e+02  -99.000  -99.000  -999
OBS: 6000214  54055.336    33.00   0.0000e+00   1.5158e+03   9.4342e+01   0  J  0.00  1   !  -9.99000e+02  -99.000  -99.000  -999
OBS: 6000214  54057.336    35.00   0.0000e+00   1.6096e+03   1.0139e+02   0  J  0.00  1   !  -9.99000e+02  -99.000  -99.000  -999
OBS: 6000214  54059.336    37.00   0.0000e+00   1.6195e+03   1.0629e+02   0  J  0.00  1   !  -9.99000e+02  -99.000  -99.000  -999
OBS: 6000214  54061.336    39.00   0.0000e+00   1.5097e+03   1.1774e+02   0  J  0.00  1   !  -9.99000e+02  -99.000  -99.000  -999
OBS: 6000214  54063.336    41.00   0.0000e+00   1.3252e+03   1.1275e+02   0  J  0.00  1   !  -9.99000e+02  -99.000  -99.000  -999
OBS: 6000214  54065.336    43.00   0.0000e+00   1.1155e+03   1.0765e+02   0  J  0.00  1   !  -9.99000e+02  -99.000  -99.000  -999
OBS: 6000214  54067.336    45.00   0.0000e+00   9.3127e+02   1.0233e+02   0  J  0.00  1   !  -9.99000e+02  -99.000  -99.000  -999
OBS: 6000214  54069.336    47.00   0.0000e+00   8.2507e+02   9.9633e+01   0  J  0.00  1   !  -9.99000e+02  -99.000  -99.000  -999
OBS: 6000214  54071.336    49.00   0.0000e+00   7.6822e+02   1.1472e+02   0  J  0.00  1   !  -9.99000e+02  -99.000  -99.000  -999
OBS: 6000214  54073.336    51.00   0.0000e+00   7.1158e+02   1.7232e+02   0  J  0.00  1   !  -9.99000e+02  -99.000  -99.000  -999
OBS: 6000214  54075.336    53.00   0.0000e+00   6.4386e+02   2.1730e+02   0  J  0.00  1   !  -9.99000e+02  -99.000  -99.000  -999
OBS: 6000214  54077.336    55.00   0.0000e+00   5.8222e+02   3.5044e+02   0  J  0.00  1   !  -9.99000e+02  -99.000  -99.000  -999
OBS: 6000214  54079.336    57.00   0.0000e+00   5.2774e+02   3.1765e+02   0  J  0.00  1   !  -9.99000e+02  -99.000  -99.000  -999
OBS: 6000214  54081.336    59.00   0.0000e+00   4.7037e+02   2.8312e+02   0  J  0.00  1   !  -9.99000e+02  -99.000  -99.000  -999
OBS: 6000214  54083.336    61.00   0.0000e+00   4.2025e+02   2.5295e+02   0  J  0.00  1   !  -9.99000e+02  -99.000  -99.000  -999
OBS: 6000214  54085.336    63.00   0.0000e+00   3.7933e+02   2.2832e+02   0  J  0.00  1   !  -9.99000e+02  -99.000  -99.000  -999
OBS: 6000214  54087.336    65.00   0.0000e+00   3.2370e+02   1.9484e+02   0  J  0.00  1   !  -9.99000e+02  -99.000  -99.000  -999
OBS: 6000214  54089.336    67.00   0.0000e+00   2.6725e+02   1.6086e+02   0  J  0.00  1   !  -9.99000e+02  -99.000  -99.000  -999
OBS: 6000214  54091.336    69.00   0.0000e+00   2.2747e+02   1.3692e+02   0  J  0.00  1   !  -9.99000e+02  -99.000  -99.000  -999
OBS: 6000214  54093.336    71.00   0.0000e+00   1.9705e+02   1.1861e+02   0  J  0.00  1   !  -9.99000e+02  -99.000  -99.000  -999
OBS: 6000214  54095.336    73.00   0.0000e+00   1.7173e+02   1.0337e+02   0  J  0.00  1   !  -9.99000e+02  -99.000  -99.000  -999
OBS: 6000214  54097.336    75.00   0.0000e+00   1.4873e+02   8.9523e+01   0  J  0.00  1   !  -9.99000e+02  -99.000  -99.000  -999
OBS: 6000214  54099.336    77.00   0.0000e+00   1.2674e+02   7.6285e+01   0  J  0.00  1   !  -9.99000e+02  -99.000  -99.000  -999
OBS: 6000214  54101.336    79.00   0.0000e+00   1.0635e+02   6.4010e+01   0  J  0.00  1   !  -9.99000e+02  -99.000  -99.000  -999
OBS: 6000214  54103.336    81.00   0.0000e+00   9.5535e+01   5.7504e+01   0  J  0.00  1   !  -9.99000e+02  -99.000  -99.000  -999
OBS: 6000214  54105.336    83.00   0.0000e+00   8.5789e+01   5.1638e+01   0  J  0.00  1   !  -9.99000e+02  -99.000  -99.000  -999
OBS: 6000214  54107.336    85.00   0.0000e+00   7.6981e+01   4.6336e+01   0  J  0.00  1   !  -9.99000e+02  -99.000  -99.000  -999
OBS: 6000214  54109.336    87.00   0.0000e+00   6.8994e+01   4.1528e+01   0  J  0.00  1   !  -9.99000e+02  -99.000  -99.000  -999
OBS: 6000214  54111.336    89.00   0.0000e+00   6.1714e+01   3.7146e+01   0  J  0.00  1   !  -9.99000e+02  -99.000  -99.000  -999
OBS: 6000214  54113.336    91.00   0.0000e+00   5.5302e+01   3.3287e+01   0  J  0.00  1   !  -9.99000e+02  -99.000  -99.000  -999
OBS: 6000214  54115.336    93.00   0.0000e+00   5.0206e+01   3.0220e+01   0  J  0.00  1   !  -9.99000e+02  -99.000  -99.000  -999
OBS: 6000214  54117.336    95.00   0.0000e+00   4.6157e+01   2.7783e+01   0  J  0.00  1   !  -9.99000e+02  -99.000  -99.000  -999
OBS: 6000214  54119.336    97.00   0.0000e+00   4.2445e+01   2.5548e+01   0  J  0.00  1   !  -9.99000e+02  -99.000  -99.000  -999
OBS: 6000214  54121.336    99.00   0.0000e+00   3.9069e+01   2.3516e+01   0  J  0.00  1   !  -9.99000e+02  -99.000  -99.000  -999
OBS: 6000214  54123.336   101.00   0.0000e+00   3.5962e+01   2.1646e+01   0  J  0.00  1   !  -9.99000e+02  -99.000  -99.000  -999
OBS: 6000214  54125.336   103.00   0.0000e+00   3.3102e+01   1.9924e+01   0  J  0.00  1   !  -9.99000e+02  -99.000  -99.000  -999
OBS: 6000214  54127.336   105.00   0.0000e+00   3.0469e+01   1.8340e+01   0  J  0.00  1   !  -9.99000e+02  -99.000  -99.000  -999
OBS: 6000214  54129.336   107.00   0.0000e+00   2.8046e+01   1.6881e+01   0  J  0.00  1   !  -9.99000e+02  -99.000  -99.000  -999
OBS: 6000214  54131.336   109.00   0.0000e+00   2.5815e+01   1.5539e+01   0  J  0.00  1   !  -9.99000e+02  -99.000  -99.000  -999
OBS: 6000214  54133.336   111.00   0.0000e+00   2.3762e+01   1.4303e+01   0  J  0.00  1   !  -9.99000e+02  -99.000  -99.000  -999
OBS: 6000214  54135.336   113.00   0.0000e+00   2.1872e+01   1.3165e+01   0  J  0.00  1   !  -9.99000e+02  -99.000  -99.000  -999
OBS: 6000214  54137.336   115.00   0.0000e+00   2.0133e+01   1.2118e+01   0  J  0.00  1   !  -9.99000e+02  -99.000  -99.000  -999
OBS: 6000214  54139.336   117.00   0.0000e+00   1.8531e+01   1.1154e+01   0  J  0.00  1   !  -9.99000e+02  -99.000  -99.000  -999
OBS: 6000214  54141.336   119.00   0.0000e+00   1.7058e+01   1.0267e+01   0  J  0.00  1   !  -9.99000e+02  -99.000  -99.000  -999
OBS: 6000214  54143.336   121.00   0.0000e+00   1.5701e+01   9.4506e+00   0  J  0.00  1   !  -9.99000e+02  -99.000  -99.000  -999
OBS: 6000214  54145.336   123.00   0.0000e+00   1.4452e+01   8.6989e+00   0  J  0.00  1   !  -9.99000e+02  -99.000  -99.000  -999
OBS: 6000214  54147.336   125.00   0.0000e+00   1.3303e+01   8.0071e+00   0  J  0.00  1   !  -9.99000e+02  -99.000  -99.000  -999
OBS: 6000214  54149.336   127.00   0.0000e+00   1.2245e+01   7.3702e+00   0  J  0.00  1   !  -9.99000e+02  -99.000  -99.000  -999
OBS: 6000214  54151.336   129.00   0.0000e+00   1.1271e+01   6.7841e+00   0  J  0.00  1   !  -9.99000e+02  -99.000  -99.000  -999
OBS: 6000214  54153.336   131.00   0.0000e+00   1.0374e+01   6.2445e+00   0  J  0.00  1   !  -9.99000e+02  -99.000  -99.000  -999
OBS: 6000214  54155.336   133.00   0.0000e+00   9.5494e+00   5.7479e+00   0  J  0.00  1   !  -9.99000e+02  -99.000  -99.000  -999
OBS: 6000214  54157.336   135.00   0.0000e+00   8.7899e+00   5.2907e+00   0  J  0.00  1   !  -9.99000e+02  -99.000  -99.000  -999
OBS: 6000214  54159.336   137.00   0.0000e+00   8.0908e+00   4.8699e+00   0  J  0.00  1   !  -9.99000e+02  -99.000  -99.000  -999
OBS: 6000214  54161.336   139.00   0.0000e+00   7.4473e+00   4.4826e+00   0  J  0.00  1   !  -9.99000e+02  -99.000  -99.000  -999
OBS: 6000214  54013.770    -8.57   2.4531e+03   2.2912e+03   1.6834e+02   1  y  1.12  1   Y  2.08311e+18  -0.176  -0.685  1.00000e+11
OBS: 6000214  54013.781    -8.56   2.4559e+03   2.2546e+03   1.7829e+02   1  y  1.46  1   Y  2.04925e+18  -0.176  -0.686  1.00000e+11
OBS: 6000214  54037.691    15.35   1.6250e+03   1.5116e+03   1.2538e+02   1  y  0.84  1   Y  1.15355e+18  -0.366  -1.106  1.00000e+11
OBS: 6000214  54040.680    18.34   1.8146e+03   1.6561e+03   1.3676e+02   1  y  1.34  1   Y  1.25240e+18  -0.376  -0.986  1.00000e+11
OBS: 6000214  54040.691    18.35   1.8151e+03   1.8075e+03   1.4183e+02   1  y  0.04  1   Y  1.36698e+18  -0.376  -0.986  1.00000e+11
OBS: 6000214  54048.699    26.36   2.3647e+03   2.4324e+03   2.0414e+02   1  y  0.03  1   Y  2.03936e+18  -0.264  -1.028  1.00000e+11
OBS: 6000214  54048.711    26.37   2.3664e+03   2.3715e+03   2.0736e+02   1  y  0.01  1   Y  1.98818e+18  -0.264  -1.028  1.00000e+11
OBS: 6000214  53963.336   -59.00   0.0000e+00   0.0000e+00   0.0000e+00   0  y  0.00  1   !  -9.99000e+02  -99.000  -99.000  -999
OBS: 6000214  53965.336   -57.00   0.0000e+00   0.0000e+00   0.0000e+00   0  y  0.00  1   !  -9.99000e+02  -99.000  -99.000  -999
OBS: 6000214  53967.336   -55.00   0.0000e+00   0.0000e+00   0.0000e+00   0  y  0.00  1   !  -9.99000e+02  -99.000  -99.000  -999
OBS: 6000214  53969.336   -53.00   0.0000e+00   0.0000e+00   0.0000e+00   0  y  0.00  1   !  -9.99000e+02  -99.000  -99.000  -999
OBS: 6000214  53971.336   -51.00   0.0000e+00   0.0000e+00   0.0000e+00   0  y  0.00  1   !  -9.99000e+02  -99.000  -99.000  -999
OBS: 6000214  53973.336   -49.00   0.0000e+00   0.0000e+00   0.0000e+00   0  y  0.00  1   !  -9.99000e+02  -99.000  -99.000  -999
OBS: 6000214  53975.336   -47.00   0.0000e+00   0.0000e+00   0.0000e+00   0  y  0.00  1   !  -9.99000e+02  -99.000  -99.000  -999
OBS: 6000214  53977.336   -45.00   0.0000e+00   0.0000e+00   0.0000e+00   0  y  0.00  1   !  -9.99000e+02  -99.000  -99.000  -999
OBS: 6000214  53979.336   -43.00   0.0000e+00   0.0000e+00   0.0000e+00   0  y  0.00  1   !  -9.99000e+02  -99.000  -99.000  -999
OBS: 6000214  53981.336   -41.00   0.0000e+00   0.0000e+00   0.0000e+00   0  y  0.00  1   !  -9.99000e+02  -99.000  -99.000  -999
OBS: 6000214  53983.336   -39.00   0.0000e+00   0.0000e+00   0.0000e+00   0  y  0.00  1   !  -9.99000e+02  -99.000  -99.000  -999
OBS: 6000214  53985.336   -37.00   0.0000e+00   0.0000e+00   0.0000e+00   0  y  0.00  1   !  -9.99000e+02  -99.000  -99.000  -999
OBS: 6000214  53987.336   -35.00   0.0000e+00   0.0000e+00   0.0000e+00   0  y  0.00  1   !  -9.99000e+02  -99.000  -99.000  -999
OBS: 6000214  53989.336   -33.00   0.0000e+00   0.0000e+00   0.0000e+00   0  y  0.00  1   !  -9.99000e+02  -99.000  -99.000  -999
OBS: 6000214  53991.336   -31.00   0.0000e+00   0.0000e+00   0.0000e+00   0  y  0.00  1   !  -9.99000e+02  -99.000  -99.000  -999
OBS: 6000214  53993.336   -29.00   0.0000e+00   0.0000e+00   0.0000e+00   0  y  0.00  1   !  -9.99000e+02  -99.000  -99.000  -999
OBS: 6000214  53995.336   -27.00   0.0000e+00   0.0000e+00   0.0000e+00   0  y  0.00  1   !  -9.99000e+02  -99.000  -99.000  -999
OBS: 6000214  53997.336   -25.00   0.0000e+00   0.0000e+00   0.0000e+00   0  y  0.00  1   !  -9.99000e+02  -99.000  -99.000  -999
OBS: 6000214  53999.336   -23.00   0.0000e+00   0.0000e+00   0.0000e+00   0  y  0.00  1   !  -9.99000e+02  -99.000  -99.000  -999
OBS: 6000214  54001.336   -21.00   0.0000e+00   4.7943e+02   2.8857e+02   0  y  0.00  1   !  -9.99000e+02  -99.000  -99.000  -999
OBS: 6000214  54003.336   -19.00   0.0000e+00   4.4278e+02   2.6652e+02   0  y  0.00  1   !  -9.99000e+02  -99.000  -99.000  -999
OBS: 6000214  54005.336   -17.00   0.0000e+00   4.4066e+02   2.6524e+02   0  y  0.00  1   !  -9.99000e+02  -99.000  -99.000  -999
OBS: 6000214  54007.336   -15.00   0.0000e+00   6.9567e+02   1.6380e+02   0  y  0.00  1   !  -9.99000e+02  -99.000  -99.000  -999
OBS: 6000214  54009.336   -13.00   0.0000e+00   1.2550e+03   9.4394e+01   0  y  0.00  1   !  -9.99000e+02  -99.000  -99.000  -999
OBS: 6000214  54011.336   -11.00   0.0000e+00   1.8291e+03   8.6524e+01   0  y  0.00  1   !  -9.99000e+02  -99.000  -99.000  -999
OBS: 6000214  54013.336    -9.00   0.0000e+00   2.3686e+03   8.3442e+01   0  y  0.00  1   !  -9.99000e+02  -99.000  -99.000  -999
OBS: 6000214  54015.336    -7.00   0.0000e+00   2.8385e+03   6.9277e+01   0  y  0.00  1   !  -9.99000e+02  -99.000  -99.000  -999
OBS: 6000214  54017.336    -5.00   0.0000e+00   3.0500e+03   6.6248e+01   0  y  0.00  1   !  -9.99000e+02  -99.000  -99.000  -999
OBS: 6000214  54019.336    -3.00   0.0000e+00   3.0038e+03   7.7559e+01   0  y  0.00  1   !  -9.99000e+02  -99.000  -99.000  -999
OBS: 6000214  54021.336    -1.00   0.0000e+00   2.6701e+03   7.6855e+01   0  y  0.00  1   !  -9.99000e+02  -99.000  -99.000  -999
OBS: 6000214  54023.336     1.00   0.0000e+00   2.3164e+03   6.8523e+01   0  y  0.00  1   !  -9.99000e+02  -99.000  -99.000  -999
OBS: 6000214  54025.336     3.00   0.0000e+00   2.0938e+03   6.8106e+01   0  y  0.00  1   !  -9.99000e+02  -99.000  -99.000  -999
OBS: 6000214  54027.336     5.00   0.0000e+00   1.8943e+03   7.3540e+01   0  y  0.00  1   !  -9.99000e+02  -99.000  -99.000  -999
OBS: 6000214  54029.336     7.00   0.0000e+00   1.7129e+03   7.7585e+01   0  y  0.00  1   !  -9.99000e+02  -99.000  -99.000  -999
OBS: 6000214  54031.336     9.00   0.0000e+00   1.6062e+03   8.0515e+01   0  y  0.00  1   !  -9.99000e+02  -99.000  -99.000  -999
OBS: 6000214  54033.336    11.00   0.0000e+00   1.5531e+03   7.8897e+01   0  y  0.00  1   !  -9.99000e+02  -99.000  -99.000  -999
OBS: 6000214  54035.336    13.00   0.0000e+00   1.5496e+03   7.7843e+01   0  y  0.00  1   !  -9.99000e+02  -99.000  -99.000  -999
OBS: 6000214  54037.336    15.00   0.0000e+00   1.6253e+03   7.7065e+01   0  y  0.00  1   !  -9.99000e+02  -99.000  -99.000  -999
OBS: 6000214  54039.336    17.00   0.0000e+00   1.7539e+03   7.6147e+01   0  y  0.00  1   !  -9.99000e+02  -99.000  -99.000  -999
OBS: 6000214  54041.336    19.00   0.0000e+00   1.8754e+03   7.8275e+01   0  y  0.00  1   !  -9.99000e+02  -99.000  -99.000  -999
OBS: 6000214  54043.336    21.00   0.0000e+00   1.9837e+03   8.7861e+01   0  y  0.00  1   !  -9.99000e+02  -99.000  -99.000  -999
OBS: 6000214  54045.336    23.00   0.0000e+00   2.0383e+03   9.2528e+01   0  y  0.00  1   !  -9.99000e+02  -99.000  -99.000  -999
OBS: 6000214  54047.336    25.00   0.0000e+00   2.1796e+03   8.9956e+01   0  y  0.00  1   !  -9.99000e+02  -99.000  -99.000  -999
OBS: 6000214  54049.336    27.00   0.0000e+00   2.5097e+03   8.4110e+01   0  y  0.00  1   !  -9.99000e+02  -99.000  -99.000  -999
OBS: 6000214  54051.336    29.00   0.0000e+00   2.8483e+03   8.6056e+01   0  y  0.00  1   !  -9.99000e+02  -99.000  -99.000  -999
OBS: 6000214  54053.336    31.00   0.0000e+00   3.0283e+03   8.6744e+01   0  y  0.00  1   !  -9.99000e+02  -99.000  -99.000  -999
OBS: 6000214  54055.336    33.00   0.0000e+00   3.0820e+03   8.5946e+01   0  y  0.00  1   !  -9.99000e+02  -99.000  -99.000  -999
OBS: 6000214  54057.336    35.00   0.0000e+00   3.0179e+03   8.4156e+01   0  y  0.00  1   !  -9.99000e+02  -99.000  -99.000  -999
OBS: 6000214  54059.336    37.00   0.0000e+00   2.8964e+03   8.0770e+01   0  y  0.00  1   !  -9.99000e+02  -99.000  -99.000  -999
OBS: 6000214  54061.336    39.00   0.0000e+00   2.7895e+03   7.7758e+01   0  y  0.00  1   !  -9.99000e+02  -99.000  -99.000  -999
OBS: 6000214  54063.336    41.00   0.0000e+00   2.6206e+03   7.9692e+01   0  y  0.00  1   !  -9.99000e+02  -99.000  -99.000  -999
OBS: 6000214  54065.336    43.00   0.0000e+00   2.3927e+03   8.6114e+01   0  y  0.00  1   !  -9.99000e+02  -99.000  -99.000  -999
OBS: 6000214  54067.336    45.00   0.0000e+00   2.1710e+03   8.7909e+01   0  y  0.00  1   !  -9.99000e+02  -99.000  -99.000  -999
OBS: 6000214  54069.336    47.00   0.0000e+00   1.9944e+03   7.3939e+01   0  y  0.00  1   !  -9.99000e+02  -99.000  -99.000  -999
OBS: 6000214  54071.336    49.00   0.0000e+00   1.8293e+03   6.6607e+01   0  y  0.00  1   !  -9.99000e+02  -99.000  -99.000  -999
OBS: 6000214  54073.336    51.00   0.0000e+00   1.6535e+03   6.9328e+01   0  y  0.00  1   !  -9.99000e+02  -99.000  -99.000  -999
OBS: 6000214  54075.336    53.00   0.0000e+00   1.4626e+03   7.3153e+01   0  y  0.00  1   !  -9.99000e+02  -99.000  -99.000  -999
OBS: 6000214  54077.336    55.00   0.0000e+00   1.2672e+03   7.6276e+02   0  y  0.00  1   !  -9.99000e+02  -99.000  -99.000  -999
OBS: 6000214  54079.336    57.00   0.0000e+00   1.1024e+03   6.6355e+02   0  y  0.00  1   !  -9.99000e+02  -99.000  -99.000  -999
OBS: 6000214  54081.336    59.00   0.0000e+00   9.9507e+02   5.9894e+02   0  y  0.00  1   !  -9.99000e+02  -99.000  -99.000  -999
OBS: 6000214  54083.336    61.00   0.0000e+00   9.0646e+02   5.4561e+02   0  y  0.00  1   !  -9.99000e+02  -99.000  -99.000  -999
OBS: 6000214  54085.336    63.00   0.0000e+00   8.3881e+02   5.0489e+02   0  y  0.00  1   !  -9.99000e+02  -99.000  -99.000  -999
OBS: 6000214  54087.336    65.00   0.0000e+00   7.4324e+02   4.4737e+02   0  y  0.00  1   !  -9.99000e+02  -99.000  -99.000  -999
OBS: 6000214  54089.336    67.00   0.0000e+00   6.2836e+02   3.7822e+02   0  y  0.00  1   !  -9.99000e+02  -99.000  -99.000  -999
OBS: 6000214  54091.336    69.00   0.0000e+00   5.4045e+02   3.2531e+02   0  y  0.00  1   !  -9.99000e+02  -99.000  -99.000  -999
OBS: 6000214  54093.336    71.00   0.0000e+00   4.7275e+02   2.8455e+02   0  y  0.00  1   !  -9.99000e+02  -99.000  -99.000  -999
OBS: 6000214  54095.336    73.00   0.0000e+00   4.2085e+02   2.5332e+02   0  y  0.00  1   !  -9.99000e+02  -99.000  -99.000  -999
OBS: 6000214  54097.336    75.00   0.0000e+00   3.8017e+02   2.2883e+02   0  y  0.00  1   !  -9.99000e+02  -99.000  -99.000  -999
OBS: 6000214  54099.336    77.00   0.0000e+00   3.4709e+02   2.0892e+02   0  y  0.00  1   !  -9.99000e+02  -99.000  -99.000  -999
OBS: 6000214  54101.336    79.00   0.0000e+00   3.1921e+02   1.9214e+02   0  y  0.00  1   !  -9.99000e+02  -99.000  -99.000  -999
OBS: 6000214  54103.336    81.00   0.0000e+00   2.8221e+02   1.6987e+02   0  y  0.00  1   !  -9.99000e+02  -99.000  -99.000  -999
OBS: 6000214  54105.336    83.00   0.0000e+00   2.4976e+02   1.5033e+02   0  y  0.00  1   !  -9.99000e+02  -99.000  -99.000  -999
OBS: 6000214  54107.336    85.00   0.0000e+00   2.2146e+02   1.3330e+02   0  y  0.00  1   !  -9.99000e+02  -99.000  -99.000  -999
OBS: 6000214  54109.336    87.00   0.0000e+00   1.9675e+02   1.1843e+02   0  y  0.00  1   !  -9.99000e+02  -99.000  -99.000  -999
OBS: 6000214  54111.336    89.00   0.0000e+00   1.7528e+02   1.0550e+02   0  y  0.00  1   !  -9.99000e+02  -99.000  -99.000  -999
OBS: 6000214  54113.336    91.00   0.0000e+00   1.5606e+02   9.3932e+01   0  y  0.00  1   !  -9.99000e+02  -99.000  -99.000  -999
OBS: 6000214  54115.336    93.00   0.0000e+00   1.3712e+02   8.2535e+01   0  y  0.00  1   !  -9.99000e+02  -99.000  -99.000  -999
OBS: 6000214  54117.336    95.00   0.0000e+00   1.2048e+02   7.2519e+01   0  y  0.00  1   !  -9.99000e+02  -99.000  -99.000  -999
OBS: 6000214  54119.336    97.00   0.0000e+00   1.0586e+02   6.3717e+01   0  y  0.00  1   !  -9.99000e+02  -99.000  -99.000  -999
OBS: 6000214  54121.336    99.00   0.0000e+00   9.3008e+01   5.5983e+01   0  y  0.00  1   !  -9.99000e+02  -99.000  -99.000  -999
OBS: 6000214  54123.336   101.00   0.0000e+00   8.1722e+01   4.9189e+01   0  y  0.00  1   !  -9.99000e+02  -99.000  -99.000  -999
OBS: 6000214  54125.336   103.00   0.0000e+00   7.1800e+01   4.3217e+01   0  y  0.00  1   !  -9.99000e+02  -99.000  -99.000  -999
OBS: 6000214  54127.336   105.00   0.0000e+00   6.3080e+01   3.7968e+01   0  y  0.00  1   !  -9.99000e+02  -99.000  -99.000  -999
OBS: 6000214  54129.336   107.00   0.0000e+00   5.5417e+01   3.3356e+01   0  y  0.00  1   !  -9.99000e+02  -99.000  -99.000  -999
OBS: 6000214  54131.336   109.00   0.0000e+00   4.8684e+01   2.9304e+01   0  y  0.00  1   !  -9.99000e+02  -99.000  -99.000  -999
OBS: 6000214  54133.336   111.00   0.0000e+00   4.2768e+01   2.5743e+01   0  y  0.00  1   !  -9.99000e+02  -99.000  -99.000  -999
OBS: 6000214  54135.336   113.00   0.0000e+00   3.7575e+01   2.2617e+01   0  y  0.00  1   !  -9.99000e+02  -99.000  -99.000  -999
OBS: 6000214  54137.336   115.00   0.0000e+00   3.3012e+01   1.9870e+01   0  y  0.00  1   !  -9.99000e+02  -99.000  -99.000  -999
OBS: 6000214  54139.336   117.00   0.0000e+00   2.8999e+01   1.7455e+01   0  y  0.00  1   !  -9.99000e+02  -99.000  -99.000  -999
OBS: 6000214  54141.336   119.00   0.0000e+00   2.5473e+01   1.5332e+01   0  y  0.00  1   !  -9.99000e+02  -99.000  -99.000  -999
OBS: 6000214  54143.336   121.00   0.0000e+00   2.2375e+01   1.3468e+01   0  y  0.00  1   !  -9.99000e+02  -99.000  -99.000  -999
OBS: 6000214  54145.336   123.00   0.0000e+00   1.9654e+01   1.1830e+01   0  y  0.00  1   !  -9.99000e+02  -99.000  -99.000  -999
OBS: 6000214  54147.336   125.00   0.0000e+00   1.7264e+01   1.0391e+01   0  y  0.00  1   !  -9.99000e+02  -99.000  -99.000  -999
OBS: 6000214  54149.336   127.00   0.0000e+00   1.5168e+01   9.1298e+00   0  y  0.00  1   !  -9.99000e+02  -99.000  -99.000  -999
OBS: 6000214  54151.336   129.00   0.0000e+00   1.3323e+01   8.0190e+00   0  y  0.00  1   !  -9.99000e+02  -99.000  -99.000  -999
OBS: 6000214  54153.336   131.00   0.0000e+00   1.1701e+01   7.0431e+00   0  y  0.00  1   !  -9.99000e+02  -99.000  -99.000  -999
OBS: 6000214  54155.336   133.00   0.0000e+00   1.0277e+01   6.1859e+00   0  y  0.00  1   !  -9.99000e+02  -99.000  -99.000  -999
OBS: 6000214  54157.336   135.00   0.0000e+00   9.0261e+00   5.4329e+00   0  y  0.00  1   !  -9.99000e+02  -99.000  -99.000  -999
OBS: 6000214  54159.336   137.00   0.0000e+00   7.9272e+00   4.7714e+00   0  y  0.00  1   !  -9.99000e+02  -99.000  -99.000  -999
OBS: 6000214  54161.336   139.00   0.0000e+00   6.9640e+00   4.1917e+00   0  y  0.00  1   !  -9.99000e+02  -99.000  -99.000  -999
OBS: 6000214  54013.770    -8.57   2.4206e+03   1.8924e+03   3.9001e+02   1  H  1.11  1   H  1.75819e+18  -0.152  -1.465  1.00000e+11
OBS: 6000214  54013.781    -8.56   2.4229e+03   2.0951e+03   3.8199e+02   1  H  0.32  1   H  1.94660e+18  -0.152  -1.461  1.00000e+11
OBS: 6000214  54037.691    15.35   1.3636e+03   1.4629e+03   2.4705e+02   1  H  0.42  1   H  2.03868e+18  0.288  -0.297  1.00000e+11
OBS: 6000214  54037.699    15.36   1.3640e+03   2.0577e+03   2.6109e+02   1  H  8.18  1   H  2.86749e+18  0.288  -0.296  1.00000e+11
OBS: 6000214  54040.680    18.34   1.5014e+03   1.3217e+03   2.7599e+02   1  H  0.15  1   H  1.82524e+18  0.278  -0.188  1.00000e+11
OBS: 6000214  54040.691    18.35   1.5019e+03   1.9617e+03   2.5986e+02   1  H  4.01  1   H  2.70909e+18  0.278  -0.186  1.00000e+11
OBS: 6000214  54048.699    26.36   1.8490e+03   2.0113e+03   3.8840e+02   1  H  0.41  1   H  2.79470e+18  0.285  0.888  1.00000e+11
OBS: 6000214  54048.711    26.37   1.8494e+03   1.5441e+03   3.9592e+02   1  H  0.30  1   H  2.14533e+18  0.285  0.887  1.00000e+11
OBS: 6000214  53963.336   -59.00   0.0000e+00   0.0000e+00   0.0000e+00   0  H  0.00  1   !  -9.99000e+02  -99.000  -99.000  -999
OBS: 6000214  53965.336   -57.00   0.0000e+00   0.0000e+00   0.0000e+00   0  H  0.00  1   !  -9.99000e+02  -99.000  -99.000  -999
OBS: 6000214  53967.336   -55.00   0.0000e+00   0.0000e+00   0.0000e+00   0  H  0.00  1   !  -9.99000e+02  -99.000  -99.000  -999
OBS: 6000214  53969.336   -53.00   0.0000e+00   0.0000e+00   0.0000e+00   0  H  0.00  1   !  -9.99000e+02  -99.000  -99.000  -999
OBS: 6000214  53971.336   -51.00   0.0000e+00   0.0000e+00   0.0000e+00   0  H  0.00  1   !  -9.99000e+02  -99.000  -99.000  -999
OBS: 6000214  53973.336   -49.00   0.0000e+00   0.0000e+00   0.0000e+00   0  H  0.00  1   !  -9.99000e+02  -99.000  -99.000  -999
OBS: 6000214  53975.336   -47.00   0.0000e+00   0.0000e+00   0.0000e+00   0  H  0.00  1   !  -9.99000e+02  -99.000  -99.000  -999
OBS: 6000214  53977.336   -45.00   0.0000e+00   0.0000e+00   0.0000e+00   0  H  0.00  1   !  -9.99000e+02  -99.000  -99.000  -999
OBS: 6000214  53979.336   -43.00   0.0000e+00   0.0000e+00   0.0000e+00   0  H  0.00  1   !  -9.99000e+02  -99.000  -99.000  -999
OBS: 6000214  53981.336   -41.00   0.0000e+00   0.0000e+00   0.0000e+00   0  H  0.00  1   !  -9.99000e+02  -99.000  -99.000  -999
OBS: 6000214  53983.336   -39.00   0.0000e+00   0.0000e+00   0.0000e+00   0  H  0.00  1   !  -9.99000e+02  -99.000  -99.000  -999
OBS: 6000214  53985.336   -37.00   0.0000e+00   0.0000e+00   0.0000e+00   0  H  0.00  1   !  -9.99000e+02  -99.000  -99.000  -999
OBS: 6000214  53987.336   -35.00   0.0000e+00   0.0000e+00   0.0000e+00   0  H  0.00  1   !  -9.99000e+02  -99.000  -99.000  -999
OBS: 6000214  53989.336   -33.00   0.0000e+00   0.0000e+00   0.0000e+00   0  H  0.00  1   !  -9.99000e+02  -99.000  -99.000  -999
OBS: 6000214  53991.336   -31.00   0.0000e+00   0.0000e+00   0.0000e+00   0  H  0.00  1   !  -9.99000e+02  -99.000  -99.000  -999
OBS: 6000214  53993.336   -29.00   0.0000e+00   0.0000e+00   0.0000e+00   0  H  0.00  1   !  -9.99000e+02  -99.000  -99.000  -999
OBS: 6000214  53995.336   -27.00   0.0000e+00   0.0000e+00   0.0000e+00   0  H  0.00  1   !  -9.99000e+02  -99.000  -99.000  -999
OBS: 6000214  53997.336   -25.00   0.0000e+00   0.0000e+00   0.0000e+00   0  H  0.00  1   !  -9.99000e+02  -99.000  -99.000  -999
OBS: 6000214  53999.336   -23.00   0.0000e+00   0.0000e+00   0.0000e+00   0  H  0.00  1   !  -9.99000e+02  -99.000  -99.000  -999
OBS: 6000214  54001.336   -21.00   0.0000e+00   3.6558e+02   2.2005e+02   0  H  0.00  1   !  -9.99000e+02  -99.000  -99.000  -999
OBS: 6000214  54003.336   -19.00   0.0000e+00   4.3333e+02   2.6082e+02   0  H  0.00  1   !  -9.99000e+02  -99.000  -99.000  -999
OBS: 6000214  54005.336   -17.00   0.0000e+00   4.3274e+02   2.6047e+02   0  H  0.00  1   !  -9.99000e+02  -99.000  -99.000  -999
OBS: 6000214  54007.336   -15.00   0.0000e+00   6.5863e+02   1.9228e+02   0  H  0.00  1   !  -9.99000e+02  -99.000  -99.000  -999
OBS: 6000214  54009.336   -13.00   0.0000e+00   1.1914e+03   1.1446e+02   0  H  0.00  1   !  -9.99000e+02  -99.000  -99.000  -999
OBS: 6000214  54011.336   -11.00   0.0000e+00   1.7425e+03   8.9385e+01   0  H  0.00  1   !  -9.99000e+02  -99.000  -99.000  -999
OBS: 6000214  54013.336    -9.00   0.0000e+00   2.2185e+03   8.2122e+01   0  H  0.00  1   !  -9.99000e+02  -99.000  -99.000  -999
OBS: 6000214  54015.336    -7.00   0.0000e+00   2.5455e+03   7.0714e+01   0  H  0.00  1   !  -9.99000e+02  -99.000  -99.000  -999
OBS: 6000214  54017.336    -5.00   0.0000e+00   2.6598e+03   6.3012e+01   0  H  0.00  1   !  -9.99000e+02  -99.000  -99.000  -999
OBS: 6000214  54019.336    -3.00   0.0000e+00   2.5861e+03   6.3814e+01   0  H  0.00  1   !  -9.99000e+02  -99.000  -99.000  -999
OBS: 6000214  54021.336    -1.00   0.0000e+00   2.3457e+03   6.3552e+01   0  H  0.00  1   !  -9.99000e+02  -99.000  -99.000  -999
OBS: 6000214  54023.336     1.00   0.0000e+00   2.1334e+03   6.1246e+01   0  H  0.00  1   !  -9.99000e+02  -99.000  -99.000  -999
OBS: 6000214  54025.336     3.00   0.0000e+00   1.9837e+03   6.3141e+01   0  H  0.00  1   !  -9.99000e+02  -99.000  -99.000  -999
OBS: 6000214  54027.336     5.00   0.0000e+00   1.7865e+03   6.2612e+01   0  H  0.00  1   !  -9.99000e+02  -99.000  -99.000  -999
OBS: 6000214  54029.336     7.00   0.0000e+00   1.5671e+03   5.9983e+01   0  H  0.00  1   !  -9.99000e+02  -99.000  -99.000  -999
OBS: 6000214  54031.336     9.00   0.0000e+00   1.3851e+03   5.6441e+01   0  H  0.00  1   !  -9.99000e+02  -99.000  -99.000  -999
OBS: 6000214  54033.336    11.00   0.0000e+00   1.2910e+03   5.0748e+01   0  H  0.00  1   !  -9.99000e+02  -99.000  -99.000  -999
OBS: 6000214  54035.336    13.00   0.0000e+00   1.2616e+03   4.5524e+01   0  H  0.00  1   !  -9.99000e+02  -99.000  -99.000  -999
OBS: 6000214  54037.336    15.00   0.0000e+00   1.2874e+03   4.4692e+01   0  H  0.00  1   !  -9.99000e+02  -99.000  -99.000  -999
OBS: 6000214  54039.336    17.00   0.0000e+00   1.3653e+03   4.7431e+01   0  H  0.00  1   !  -9.99000e+02  -99.000  -99.000  -999
OBS: 6000214  54041.336    19.00   0.0000e+00   1.4629e+03   5.2038e+01   0  H  0.00  1   !  -9.99000e+02  -99.000  -99.000  -999
OBS: 6000214  54043.336    21.00   0.0000e+00   1.5623e+03   5.4613e+01   0  H  0.00  1   !  -9.99000e+02  -99.000  -99.000  -999
OBS: 6000214  54045.336    23.00   0.0000e+00   1.6346e+03   5.4510e+01   0  H  0.00  1   !  -9.99000e+02  -99.000  -99.000  -999
OBS: 6000214  54047.336    25.00   0.0000e+00   1.7023e+03   5.2658e+01   0  H  0.00  1   !  -9.99000e+02  -99.000  -99.000  -999
OBS: 6000214  54049.336    27.00   0.0000e+00   1.7852e+03   4.8743e+01   0  H  0.00  1   !  -9.99000e+02  -99.000  -99.000  -999
OBS: 6000214  54051.336    29.00   0.0000e+00   1.8580e+03   4.9429e+01   0  H  0.00  1   !  -9.99000e+02  -99.000  -99.000  -999
OBS: 6000214  54053.336    31.00   0.0000e+00   1.9364e+03   5.7805e+01   0  H  0.00  1   !  -9.99000e+02  -99.000  -99.000  -999
OBS: 6000214  54055.336    33.00   0.0000e+00   1.9827e+03   6.7069e+01   0  H  0.00  1   !  -9.99000e+02  -99.000  -99.000  -999
OBS: 6000214  54057.336    35.00   0.0000e+00   1.9914e+03   7.2075e+01   0  H  0.00  1   !  -9.99000e+02  -99.000  -99.000  -999
OBS: 6000214  54059.336    37.00   0.0000e+00   1.9437e+03   7.6627e+01   0  H  0.00  1   !  -9.99000e+02  -99.000  -99.000  -999
OBS: 6000214  54061.336    39.00   0.0000e+00   1.8189e+03   8.1696e+01   0  H  0.00  1   !  -9.99000e+02  -99.000  -99.000  -999
OBS: 6000214  54063.336    41.00   0.0000e+00   1.6613e+03   8.0587e+01   0  H  0.00  1   !  -9.99000e+02  -99.000  -99.000  -999
OBS: 6000214  54065.336    43.00   0.0000e+00   1.4625e+03   7.7399e+01   0  H  0.00  1   !  -9.99000e+02  -99.000  -99.000  -999
OBS: 6000214  54067.336    45.00   0.0000e+00   1.2623e+03   7.2900e+01   0  H  0.00  1   !  -9.99000e+02  -99.000  -99.000  -999
OBS: 6000214  54069.336    47.00   0.0000e+00   1.1182e+03   6.6864e+01   0  H  0.00  1   !  -9.99000e+02  -99.000  -99.000  -999
OBS: 6000214  54071.336    49.00   0.0000e+00   1.0239e+03   6.5521e+01   0  H  0.00  1   !  -9.99000e+02  -99.000  -99.000  -999
OBS: 6000214  54073.336    51.00   0.0000e+00   9.4501e+02   7.2437e+01   0  H  0.00  1   !  -9.99000e+02  -99.000  -99.000  -999
OBS: 6000214  54075.336    53.00   0.0000e+00   8.6471e+02   8.2884e+01   0  H  0.00  1   !  -9.99000e+02  -99.000  -99.000  -999
OBS: 6000214  54077.336    55.00   0.0000e+00   7.8713e+02   4.7378e+02   0  H  0.00  1   !  -9.99000e+02  -99.000  -99.000  -999
OBS: 6000214  54079.336    57.00   0.0000e+00   7.1981e+02   4.3326e+02   0  H  0.00  1   !  -9.99000e+02  -99.000  -99.000  -999
OBS: 6000214  54081.336    59.00   0.0000e+00   6.6528e+02   4.0044e+02   0  H  0.00  1   !  -9.99000e+02  -99.000  -99.000  -999
OBS: 6000214  54083.336    61.00   0.0000e+00   6.1610e+02   3.7084e+02   0  H  0.00  1   !  -9.99000e+02  -99.000  -99.000  -999
OBS: 6000214  54085.336    63.00   0.0000e+00   5.7385e+02   3.4541e+02   0  H  0.00  1   !  -9.99000e+02  -99.000  -99.000  -999
OBS: 6000214  54087.336    65.00   0.0000e+00   5.0261e+02   3.0253e+02   0  H  0.00  1   !  -9.99000e+02  -99.000  -99.000  -999
OBS: 6000214  54089.336    67.00   0.0000e+00   4.2099e+02   2.5340e+02   0  H  0.00  1   !  -9.99000e+02  -99.000  -99.000  -999
OBS: 6000214  54091.336    69.00   0.0000e+00   3.6111e+02   2.1736e+02   0  H  0.00  1   !  -9.99000e+02  -99.000  -99.000  -999
OBS: 6000214  54093.336    71.00   0.0000e+00   3.1846e+02   1.9169e+02   0  H  0.00  1   !  -9.99000e+02  -99.000  -99.000  -999
OBS: 6000214  54095.336    73.00   0.0000e+00   2.8792e+02   1.7330e+02   0  H  0.00  1   !  -9.99000e+02  -99.000  -99.000  -999
OBS: 6000214  54097.336    75.00   0.0000e+00   2.6459e+02   1.5926e+02   0  H  0.00  1   !  -9.99000e+02  -99.000  -99.000  -999
OBS: 6000214  54099.336    77.00   0.0000e+00   2.4296e+02   1.4624e+02   0  H  0.00  1   !  -9.99000e+02  -99.000  -99.000  -999
OBS: 6000214  54101.336    79.00   0.0000e+00   2.2269e+02   1.3404e+02   0  H  0.00  1   !  -9.99000e+02  -99.000  -99.000  -999
OBS: 6000214  54103.336    81.00   0.0000e+00   2.0789e+02   1.2513e+02   0  H  0.00  1   !  -9.99000e+02  -99.000  -99.000  -999
OBS: 6000214  54105.336    83.00   0.0000e+00   1.9416e+02   1.1687e+02   0  H  0.00  1   !  -9.99000e+02  -99.000  -99.000  -999
OBS: 6000214  54107.336    85.00   0.0000e+00   1.8143e+02   1.0921e+02   0  H  0.00  1   !  -9.99000e+02  -99.000  -99.000  -999
OBS: 6000214  54109.336    87.00   0.0000e+00   1.6966e+02   1.0212e+02   0  H  0.00  1   !  -9.99000e+02  -99.000  -99.000  -999
OBS: 6000214  54111.336    89.00   0.0000e+00   1.5885e+02   9.5614e+01   0  H  0.00  1   !  -9.99000e+02  -99.000  -99.000  -999
OBS: 6000214  54113.336    91.00   0.0000e+00   1.4868e+02   8.9489e+01   0  H  0.00  1   !  -9.99000e+02  -99.000  -99.000  -999
OBS: 6000214  54115.336    93.00   0.0000e+00   1.3829e+02   8.3236e+01   0  H  0.00  1   !  -9.99000e+02  -99.000  -99.000  -999
OBS: 6000214  54117.336    95.00   0.0000e+00   1.2862e+02   7.7419e+01   0  H  0.00  1   !  -9.99000e+02  -99.000  -99.000  -999
OBS: 6000214  54119.336    97.00   0.0000e+00   1.1963e+02   7.2007e+01   0  H  0.00  1   !  -9.99000e+02  -99.000  -99.000  -999
OBS: 6000214  54121.336    99.00   0.0000e+00   1.1127e+02   6.6973e+01   0  H  0.00  1   !  -9.99000e+02  -99.000  -99.000  -999
OBS: 6000214  54123.336   101.00   0.0000e+00   1.0349e+02   6.2290e+01   0  H  0.00  1   !  -9.99000e+02  -99.000  -99.000  -999
OBS: 6000214  54125.336   103.00   0.0000e+00   9.6249e+01   5.7934e+01   0  H  0.00  1   !  -9.99000e+02  -99.000  -99.000  -999
OBS: 6000214  54127.336   105.00   0.0000e+00   8.9517e+01   5.3881e+01   0  H  0.00  1   !  -9.99000e+02  -99.000  -99.000  -999
OBS: 6000214  54129.336   107.00   0.0000e+00   8.3254e+01   5.0112e+01   0  H  0.00  1   !  -9.99000e+02  -99.000  -99.000  -999
OBS: 6000214  54131.336   109.00   0.0000e+00   7.7429e+01   4.6605e+01   0  H  0.00  1   !  -9.99000e+02  -99.000  -99.000  -999
OBS: 6000214  54133.336   111.00   0.0000e+00   7.2010e+01   4.3344e+01   0  H  0.00  1   !  -9.99000e+02  -99.000  -99.000  -999
OBS: 6000214  54135.336   113.00   0.0000e+00   6.6970e+01   4.0310e+01   0  H  0.00  1   !  -9.99000e+02  -99.000  -99.000  -999
OBS: 6000214  54137.336   115.00   0.0000e+00   6.2282e+01   3.7488e+01   0  H  0.00  1   !  -9.99000e+02  -99.000  -99.000  -999
OBS: 6000214  54139.336   117.00   0.0000e+00   5.7921e+01   3.4863e+01   0  H  0.00  1   !  -9.99000e+02  -99.000  -99.000  -999
OBS: 6000214  54141.336   119.00   0.0000e+00   5.3865e+01   3.2422e+01   0  H  0.00  1   !  -9.99000e+02  -99.000  -99.000  -999
OBS: 6000214  54143.336   121.00   0.0000e+00   5.0092e+01   3.0151e+01   0  H  0.00  1   !  -9.99000e+02  -99.000  -99.000  -999
OBS: 6000214  54145.336   123.00   0.0000e+00   4.6583e+01   2.8039e+01   0  H  0.00  1   !  -9.99000e+02  -99.000  -99.000  -999
OBS: 6000214  54147.336   125.00   0.0000e+00   4.3320e+01   2.6075e+01   0  H  0.00  1   !  -9.99000e+02  -99.000  -99.000  -999
OBS: 6000214  54149.336   127.00   0.0000e+00   4.0284e+01   2.4247e+01   0  H  0.00  1   !  -9.99000e+02  -99.000  -99.000  -999
OBS: 6000214  54151.336   129.00   0.0000e+00   3.7461e+01   2.2548e+01   0  H  0.00  1   !  -9.99000e+02  -99.000  -99.000  -999
OBS: 6000214  54153.336   131.00   0.0000e+00   3.4835e+01   2.0968e+01   0  H  0.00  1   !  -9.99000e+02  -99.000  -99.000  -999
OBS: 6000214  54155.336   133.00   0.0000e+00   3.2393e+01   1.9498e+01   0  H  0.00  1   !  -9.99000e+02  -99.000  -99.000  -999
OBS: 6000214  54157.336   135.00   0.0000e+00   3.0121e+01   1.8130e+01   0  H  0.00  1   !  -9.99000e+02  -99.000  -99.000  -999
OBS: 6000214  54159.336   137.00   0.0000e+00   2.8009e+01   1.6859e+01   0  H  0.00  1   !  -9.99000e+02  -99.000  -99.000  -999
OBS: 6000214  54161.336   139.00   0.0000e+00   2.6044e+01   1.5676e+01   0  H  0.00  1   !  -9.99000e+02  -99.000  -99.000  -999
