VARNAMES: CID MJD Tobs SIM_FLUXCAL FLUXCAL FLUXCAL_ERR DATAFLAG BAND CHI2 IFIT BAND_REST FLUX_REST KCOR AVWARP SIM_FLUX_REST 
OBS: 5999494  54013.770    -8.57   2.8758e+03   3.0035e+03   1.5896e+02   1  J  0.49  1   J  2.66017e+18  -0.166  0.495  1.00000e+11
OBS: 5999494  54013.781    -8.56   2.8771e+03   2.9848e+03   1.5383e+02   1  J  0.36  1   J  2.64381e+18  -0.166  0.493  1.00000e+11
OBS: 5999494  54037.691    15.35   8.6682e+02   8.8937e+02   1.0824e+02   1  J  0.03  1   J  6.39399e+17  -0.392  0.073  1.00000e+11
OBS: 5999494  54037.699    15.36   8.6689e+02   7.5999e+02   1.1233e+02   1  J  0.68  1   J  5.46292e+17  -0.393  0.073  1.00000e+11
OBS: 5999494  54048.699    26.36   1.3094e+03   1.2779e+03   1.3065e+02   1  J  0.05  1   J  7.94801e+17  -0.550  0.540  1.00000e+11
OBS: 5999494  54048.711    26.37   1.3101e+03   1.4792e+03   1.3370e+02   1  J  1.11  1   J  9.19817e+17  -0.550  0.538  1.00000e+11
OBS: 5999494  53963.336   -59.00   0.0000e+00   0.0000e+00   0.0000e+00   0  J  0.00  1   !  -9.99000e+02  -99.000  -99.000  -999
OBS: 5999494  53965.336   -57.00   0.0000e+00   0.0000e+00   0.0000e+00   0  J  0.00  1   !  -9.99000e+02  -99.000  -99.000  -999
OBS: 5999494  53967.336   -55.00   0.0000e+00   0.0000e+00   0.0000e+00   0  J  0.00  1   !  -9.99000e+02  -99.000  -99.000  -999
OBS: 5999494  53969.336   -53.00   0.0000e+00   0.0000e+00   0.0000e+00   0  J  0.00  1   !  -9.99000e+02  -99.000  -99.000  -999
OBS: 5999494  53971.336   -51.00   0.0000e+00   0.0000e+00   0.0000e+00   0  J  0.00  1   !  -9.99000e+02  -99.000  -99.000  -999
OBS: 5999494  53973.336   -49.00   0.0000e+00   0.0000e+00   0.0000e+00   0  J  0.00  1   !  -9.99000e+02  -99.000  -99.000  -999
OBS: 5999494  53975.336   -47.00   0.0000e+00   0.0000e+00   0.0000e+00   0  J  0.00  1   !  -9.99000e+02  -99.000  -99.000  -999
OBS: 5999494  53977.336   -45.00   0.0000e+00   0.0000e+00   0.0000e+00   0  J  0.00  1   !  -9.99000e+02  -99.000  -99.000  -999
OBS: 5999494  53979.336   -43.00   0.0000e+00   0.0000e+00   0.0000e+00   0  J  0.00  1   !  -9.99000e+02  -99.000  -99.000  -999
OBS: 5999494  53981.336   -41.00   0.0000e+00   0.0000e+00   0.0000e+00   0  J  0.00  1   !  -9.99000e+02  -99.000  -99.000  -999
OBS: 5999494  53983.336   -39.00   0.0000e+00   0.0000e+00   0.0000e+00   0  J  0.00  1   !  -9.99000e+02  -99.000  -99.000  -999
OBS: 5999494  53985.336   -37.00   0.0000e+00   0.0000e+00   0.0000e+00   0  J  0.00  1   !  -9.99000e+02  -99.000  -99.000  -999
OBS: 5999494  53987.336   -35.00   0.0000e+00   0.0000e+00   0.0000e+00   0  J  0.00  1   !  -9.99000e+02  -99.000  -99.000  -999
OBS: 5999494  53989.336   -33.00   0.0000e+00   0.0000e+00   0.0000e+00   0  J  0.00  1   !  -9.99000e+02  -99.000  -99.000  -999
OBS: 5999494  53991.336   -31.00   0.0000e+00   0.0000e+00   0.0000e+00   0  J  0.00  1   !  -9.99000e+02  -99.000  -99.000  -999
OBS: 5999494  53993.336   -29.00   0.0000e+00   0.0000e+00   0.0000e+00   0  J  0.00  1   !  -9.99000e+02  -99.000  -99.000  -999
OBS: 5999494  53995.336   -27.00   0.0000e+00   0.0000e+00   0.0000e+00   0  J  0.00  1   !  -9.99000e+02  -99.000  -99.000  -999
OBS: 5999494  53997.336   -25.00   0.0000e+00   0.0000e+00   0.0000e+00   0  J  0.00  1   !  -9.99000e+02  -99.000  -99.000  -999
OBS: 5999494  53999.336   -23.00   0.0000e+00   0.0000e+00   0.0000e+00   0  J  0.00  1   !  -9.99000e+02  -99.000  -99.000  -999
OBS: 5999494  54001.336   -21.00   0.0000e+00   5.1899e+02   3.1239e+02   0  J  0.00  1   !  -9.99000e+02  -99.000  -99.000  -999
OBS: 5999494  54003.336   -19.00   0.0000e+00   6.2119e+02   3.7390e+02   0  J  0.00  1   !  -9.99000e+02  -99.000  -99.000  -999
OBS: 5999494  54005.336   -17.00   0.0000e+00   6.2280e+02   3.7487e+02   0  J  0.00  1   !  -9.99000e+02  -99.000  -99.000  -999
OBS: 5999494  54007.336   -15.00   0.0000e+00   9.7841e+02   1.7393e+02   0  J  0.00  1   !  -9.99000e+02  -99.000  -99.000  -999
OBS: 5999494  54009.336   -13.00   0.0000e+00   1.6682e+03   8.3160e+01   0  J  0.00  1   !  -9.99000e+02  -99.000  -99.000  -999
OBS: 5999494  54011.336   -11.00   0.0000e+00   2.3128e+03   7.8652e+01   0  J  0.00  1   !  -9.99000e+02  -99.000  -99.000  -999
OBS: 5999494  54013.336    -9.00   0.0000e+00   2.7958e+03   7.7114e+01   0  J  0.00  1   !  -9.99000e+02  -99.000  -99.000  -999
OBS: 5999494  54015.336    -7.00   0.0000e+00   3.0726e+03   5.6663e+01   0  J  0.00  1   !  -9.99000e+02  -99.000  -99.000  -999
OBS: 5999494  54017.336    -5.00   0.0000e+00   3.1860e+03   4.8719e+01   0  J  0.00  1   !  -9.99000e+02  -99.000  -99.000  -999
OBS: 5999494  54019.336    -3.00   0.0000e+00   3.1131e+03   5.1755e+01   0  J  0.00  1   !  -9.99000e+02  -99.000  -99.000  -999
OBS: 5999494  54021.336    -1.00   0.0000e+00   2.9118e+03   5.2575e+01   0  J  0.00  1   !  -9.99000e+02  -99.000  -99.000  -999
OBS: 5999494  54023.336     1.00   0.0000e+00   2.5682e+03   5.0146e+01   0  J  0.00  1   !  -9.99000e+02  -99.000  -99.000  -999
OBS: 5999494  54025.336     3.00   0.0000e+00   2.1915e+03   4.9288e+01   0  J  0.00  1   !  -9.99000e+02  -99.000  -99.000  -999
OBS: 5999494  54027.336     5.00   0.0000e+00   1.8552e+03   4.7568e+01   0  J  0.00  1   !  -9.99000e+02  -99.000  -99.000  -999
OBS: 5999494  54029.336     7.00   0.0000e+00   1.5228e+03   4.9702e+01   0  J  0.00  1   !  -9.99000e+02  -99.000  -99.000  -999
OBS: 5999494  54031.336     9.00   0.0000e+00   1.2218e+03   5.5811e+01   0  J  0.00  1   !  -9.99000e+02  -99.000  -99.000  -999
OBS: 5999494  54033.336    11.00   0.0000e+00   1.0035e+03   6.2774e+01   0  J  0.00  1   !  -9.99000e+02  -99.000  -99.000  -999
OBS: 5999494  54035.336    13.00   0.0000e+00   8.7994e+02   6.6918e+01   0  J  0.00  1   !  -9.99000e+02  -99.000  -99.000  -999
OBS: 5999494  54037.336    15.00   0.0000e+00   8.6629e+02   6.8561e+01   0  J  0.00  1   !  -9.99000e+02  -99.000  -99.000  -999
OBS: 5999494  54039.336    17.00   0.0000e+00   8.8778e+02   7.4222e+01   0  J  0.00  1   !  -9.99000e+02  -99.000  -99.000  -999
OBS: 5999494  54041.336    19.00   0.0000e+00   9.3385e+02   8.1702e+01   0  J  0.00  1   !  -9.99000e+02  -99.000  -99.000  -999
OBS: 5999494  54043.336    21.00   0.0000e+00   9.8991e+02   8.0653e+01   0  J  0.00  1   !  -9.99000e+02  -99.000  -99.000  -999
OBS: 5999494  54045.336    23.00   0.0000e+00   1.0884e+03   8.4893e+01   0  J  0.00  1   !  -9.99000e+02  -99.000  -99.000  -999
OBS: 5999494  54047.336    25.00   0.0000e+00   1.2228e+03   8.7436e+01   0  J  0.00  1   !  -9.99000e+02  -99.000  -99.000  -999
OBS: 5999494  54049.336    27.00   0.0000e+00   1.3562e+03   8.0454e+01   0  J  0.00  1   !  -9.99000e+02  -99.000  -99.000  -999
OBS: 5999494  54051.336    29.00   0.0000e+00   1.4826e+03   8.8334e+01   0  J  0.00  1   !  -9.99000e+02  -99.000  -99.000  -999
OBS: 5999494  54053.336    31.00   0.0000e+00   1.5712e+03   9.6380e+01   0  J  0.00  1   !  -9.99000e+02  -99.000  -99.000  -999
OBS: 5999494  54055.336    33.00   0.0000e+00   1.6456e+03   9.3751e+01   0  J  0.00  1   !  -9.99000e+02  -99.000  -99.000  -999
OBS: 5999494  54057.336    35.00   0.0000e+00   1.7275e+03   9.4270e+01   0  J  0.00  1   !  -9.99000e+02  -99.000  -99.000  -999
OBS: 5999494  54059.336    37.00   0.0000e+00   1.7435e+03   9.7041e+01   0  J  0.00  1   !  -9.99000e+02  -99.000  -99.000  -999
OBS: 5999494  54061.336    39.00   0.0000e+00   1.6448e+03   1.1203e+02   0  J  0.00  1   !  -9.99000e+02  -99.000  -99.000  -999
OBS: 5999494  54063.336    41.00   0.0000e+00   1.4602e+03   1.1651e+02   0  J  0.00  1   !  -9.99000e+02  -99.000  -99.000  -999
OBS: 5999494  54065.336    43.00   0.0000e+00   1.2457e+03   1.1434e+02   0  J  0.00  1   !  -9.99000e+02  -99.000  -99.000  -999
OBS: 5999494  54067.336    45.00   0.0000e+00   1.0459e+03   1.1453e+02   0  J  0.00  1   !  -9.99000e+02  -99.000  -99.000  -999
OBS: 5999494  54069.336    47.00   0.0000e+00   9.1982e+02   1.1537e+02   0  J  0.00  1   !  -9.99000e+02  -99.000  -99.000  -999
OBS: 5999494  54071.336    49.00   0.0000e+00   8.5121e+02   1.2003e+02   0  J  0.00  1   !  -9.99000e+02  -99.000  -99.000  -999
OBS: 5999494  54073.336    51.00   0.0000e+00   7.9031e+02   1.5985e+02   0  J  0.00  1   !  -9.99000e+02  -99.000  -99.000  -999
OBS: 5999494  54075.336    53.00   0.0000e+00   7.1656e+02   2.1266e+02   0  J  0.00  1   !  -9.99000e+02  -99.000  -99.000  -999
OBS: 5999494  54077.336    55.00   0.0000e+00   6.4518e+02   3.8834e+02   0  J  0.00  1   !  -9.99000e+02  -99.000  -99.000  -999
OBS: 5999494  54079.336    57.00   0.0000e+00   5.8736e+02   3.5354e+02   0  J  0.00  1   !  -9.99000e+02  -99.000  -99.000  -999
OBS: 5999494  54081.336    59.00   0.0000e+00   5.2016e+02   3.1309e+02   0  J  0.00  1   !  -9.99000e+02  -99.000  -99.000  -999
OBS: 5999494  54083.336    61.00   0.0000e+00   4.6115e+02   2.7757e+02   0  J  0.00  1   !  -9.99000e+02  -99.000  -99.000  -999
OBS: 5999494  54085.336    63.00   0.0000e+00   4.1132e+02   2.4758e+02   0  J  0.00  1   !  -9.99000e+02  -99.000  -99.000  -999
OBS: 5999494  54087.336    65.00   0.0000e+00   3.6095e+02   2.1726e+02   0  J  0.00  1   !  -9.99000e+02  -99.000  -99.000  -999
OBS: 5999494  54089.336    67.00   0.0000e+00   2.9153e+02   1.7548e+02   0  J  0.00  1   !  -9.99000e+02  -99.000  -99.000  -999
OBS: 5999494  54091.336    69.00   0.0000e+00   2.4385e+02   1.4678e+02   0  J  0.00  1   !  -9.99000e+02  -99.000  -99.000  -999
OBS: 5999494  54093.336    71.00   0.0000e+00   2.0867e+02   1.2560e+02   0  J  0.00  1   !  -9.99000e+02  -99.000  -99.000  -999
OBS: 5999494  54095.336    73.00   0.0000e+00   1.8025e+02   1.0849e+02   0  J  0.00  1   !  -9.99000e+02  -99.000  -99.000  -999
OBS: 5999494  54097.336    75.00   0.0000e+00   1.5529e+02   9.3472e+01   0  J  0.00  1   !  -9.99000e+02  -99.000  -99.000  -999
OBS: 5999494  54099.336    77.00   0.0000e+00   1.3196e+02   7.9429e+01   0  J  0.00  1   !  -9.99000e+02  -99.000  -99.000  -999
OBS: 5999494  54101.336    79.00   0.0000e+00   1.0933e+02   6.5804e+01   0  J  0.00  1   !  -9.99000e+02  -99.000  -99.000  -999
OBS: 5999494  54103.336    81.00   0.0000e+00   9.5336e+01   5.7384e+01   0  J  0.00  1   !  -9.99000e+02  -99.000  -99.000  -999
OBS: 5999494  54105.336    83.00   0.0000e+00   8.5137e+01   5.1245e+01   0  J  0.00  1   !  -9.99000e+02  -99.000  -99.000  -999
OBS: 5999494  54107.336    85.00   0.0000e+00   7.5966e+01   4.5725e+01   0  J  0.00  1   !  -9.99000e+02  -99.000  -99.000  -999
OBS: 5999494  54109.336    87.00   0.0000e+00   6.7719e+01   4.0761e+01   0  J  0.00  1   !  -9.99000e+02  -99.000  -99.000  -999
OBS: 5999494  54111.336    89.00   0.0000e+00   6.0248e+01   3.6264e+01   0  J  0.00  1   !  -9.99000e+02  -99.000  -99.000  -999
OBS: 5999494  54113.336    91.00   0.0000e+00   5.3451e+01   3.2173e+01   0  J  0.00  1   !  -9.99000e+02  -99.000  -99.000  -999
OBS: 5999494  54115.336    93.00   0.0000e+00   4.8097e+01   2.8950e+01   0  J  0.00  1   !  -9.99000e+02  -99.000  -99.000  -999
OBS: 5999494  54117.336    95.00   0.0000e+00   4.3437e+01   2.6145e+01   0  J  0.00  1   !  -9.99000e+02  -99.000  -99.000  -999
OBS: 5999494  54119.336    97.00   0.0000e+00   3.9232e+01   2.3614e+01   0  J  0.00  1   !  -9.99000e+02  -99.000  -99.000  -999
OBS: 5999494  54121.336    99.00   0.0000e+00   3.5439e+01   2.1331e+01   0  J  0.00  1   !  -9.99000e+02  -99.000  -99.000  -999
OBS: 5999494  54123.336   101.00   0.0000e+00   3.2015e+01   1.9270e+01   0  J  0.00  1   !  -9.99000e+02  -99.000  -99.000  -999
OBS: 5999494  54125.336   103.00   0.0000e+00   2.8926e+01   1.7411e+01   0  J  0.00  1   !  -9.99000e+02  -99.000  -99.000  -999
OBS: 5999494  54127.336   105.00   0.0000e+00   2.6139e+01   1.5733e+01   0  J  0.00  1   !  -9.99000e+02  -99.000  -99.000  -999
OBS: 5999494  54129.336   107.00   0.0000e+00   2.3623e+01   1.4219e+01   0  J  0.00  1   !  -9.99000e+02  -99.000  -99.000  -999
OBS: 5999494  54131.336   109.00   0.0000e+00   2.1351e+01   1.2851e+01   0  J  0.00  1   !  -9.99000e+02  -99.000  -99.000  -999
OBS: 5999494  54133.336   111.00   0.0000e+00   1.9297e+01   1.1615e+01   0  J  0.00  1   !  -9.99000e+02  -99.000  -99.000  -999
OBS: 5999494  54135.336   113.00   0.0000e+00   1.7441e+01   1.0498e+01   0  J  0.00  1   !  -9.99000e+02  -99.000  -99.000  -999
OBS: 5999494  54137.336   115.00   0.0000e+00   1.5767e+01   9.4901e+00   0  J  0.00  1   !  -9.99000e+02  -99.000  -99.000  -999
OBS: 5999494  54139.336   117.00   0.0000e+00   1.4256e+01   8.5807e+00   0  J  0.00  1   !  -9.99000e+02  -99.000  -99.000  -999
OBS: 5999494  54141.336   119.00   0.0000e+00   1.2891e+01   7.7593e+00   0  J  0.00  1   !  -9.99000e+02  -99.000  -99.000  -999
OBS: 5999494  54143.336   121.00   0.0000e+00   1.1658e+01   7.0172e+00   0  J  0.00  1   !  -9.99000e+02  -99.000  -99.000  -999
OBS: 5999494  54145.336   123.00   0.0000e+00   1.0455e+01   6.2929e+00   0  J  0.00  1   !  -9.99000e+02  -99.000  -99.000  -999
OBS: 5999494  54147.336   125.00   0.0000e+00   9.2245e+00   5.5523e+00   0  J  0.00  1   !  -9.99000e+02  -99.000  -99.000  -999
OBS: 5999494  54149.336   127.00   0.0000e+00   8.1845e+00   4.9264e+00   0  J  0.00  1   !  -9.99000e+02  -99.000  -99.000  -999
OBS: 5999494  54151.336   129.00   0.0000e+00   7.4498e+00   4.4841e+00   0  J  0.00  1   !  -9.99000e+02  -99.000  -99.000  -999
OBS: 5999494  54153.336   131.00   0.0000e+00   6.7809e+00   4.0815e+00   0  J  0.00  1   !  -9.99000e+02  -99.000  -99.000  -999
OBS: 5999494  54155.336   133.00   0.0000e+00   6.1721e+00   3.7151e+00   0  J  0.00  1   !  -9.99000e+02  -99.000  -99.000  -999
OBS: 5999494  54157.336   135.00   0.0000e+00   5.6180e+00   3.3816e+00   0  J  0.00  1   !  -9.99000e+02  -99.000  -99.000  -999
OBS: 5999494  54159.336   137.00   0.0000e+00   5.1136e+00   3.0780e+00   0  J  0.00  1   !  -9.99000e+02  -99.000  -99.000  -999
OBS: 5999494  54161.336   139.00   0.0000e+00   4.6546e+00   2.8016e+00   0  J  0.00  1   !  -9.99000e+02  -99.000  -99.000  -999
OBS: 5999494  54013.770    -8.57   2.5663e+03   2.5531e+03   1.6931e+02   1  y  0.23  1   Y  2.17588e+18  -0.208  -0.664  1.00000e+11
OBS: 5999494  54013.781    -8.56   2.5688e+03   2.7002e+03   1.8003e+02   1  y  0.08  1   Y  2.30043e+18  -0.208  -0.665  1.00000e+11
OBS: 5999494  54037.691    15.35   1.7435e+03   1.7183e+03   1.2597e+02   1  y  0.26  1   Y  1.20390e+18  -0.420  -0.945  1.00000e+11
OBS: 5999494  54040.680    18.34   1.9644e+03   1.8593e+03   1.3738e+02   1  y  1.01  1   Y  1.28500e+18  -0.435  -0.825  1.00000e+11
OBS: 5999494  54040.691    18.35   1.9650e+03   2.0670e+03   1.4265e+02   1  y  0.08  1   Y  1.42857e+18  -0.435  -0.825  1.00000e+11
OBS: 5999494  54048.699    26.36   2.4845e+03   2.4073e+03   2.0403e+02   1  y  0.44  1   Y  1.88069e+18  -0.302  -0.944  1.00000e+11
OBS: 5999494  54048.711    26.37   2.4863e+03   2.2734e+03   2.0692e+02   1  y  1.57  1   Y  1.77594e+18  -0.302  -0.944  1.00000e+11
OBS: 5999494  53963.336   -59.00   0.0000e+00   0.0000e+00   0.0000e+00   0  y  0.00  1   !  -9.99000e+02  -99.000  -99.000  -999
OBS: 5999494  53965.336   -57.00   0.0000e+00   0.0000e+00   0.0000e+00   0  y  0.00  1   !  -9.99000e+02  -99.000  -99.000  -999
OBS: 5999494  53967.336   -55.00   0.0000e+00   0.0000e+00   0.0000e+00   0  y  0.00  1   !  -9.99000e+02  -99.000  -99.000  -999
OBS: 5999494  53969.336   -53.00   0.0000e+00   0.0000e+00   0.0000e+00   0  y  0.00  1   !  -9.99000e+02  -99.000  -99.000  -999
OBS: 5999494  53971.336   -51.00   0.0000e+00   0.0000e+00   0.0000e+00   0  y  0.00  1   !  -9.99000e+02  -99.000  -99.000  -999
OBS: 5999494  53973.336   -49.00   0.0000e+00   0.0000e+00   0.0000e+00   0  y  0.00  1   !  -9.99000e+02  -99.000  -99.000  -999
OBS: 5999494  53975.336   -47.00   0.0000e+00   0.0000e+00   0.0000e+00   0  y  0.00  1   !  -9.99000e+02  -99.000  -99.000  -999
OBS: 5999494  53977.336   -45.00   0.0000e+00   0.0000e+00   0.0000e+00   0  y  0.00  1   !  -9.99000e+02  -99.000  -99.000  -999
OBS: 5999494  53979.336   -43.00   0.0000e+00   0.0000e+00   0.0000e+00   0  y  0.00  1   !  -9.99000e+02  -99.000  -99.000  -999
OBS: 5999494  53981.336   -41.00   0.0000e+00   0.0000e+00   0.0000e+00   0  y  0.00  1   !  -9.99000e+02  -99.000  -99.000  -999
OBS: 5999494  53983.336   -39.00   0.0000e+00   0.0000e+00   0.0000e+00   0  y  0.00  1   !  -9.99000e+02  -99.000  -99.000  -999
OBS: 5999494  53985.336   -37.00   0.0000e+00   0.0000e+00   0.0000e+00   0  y  0.00  1   !  -9.99000e+02  -99.000  -99.000  -999
OBS: 5999494  53987.336   -35.00   0.0000e+00   0.0000e+00   0.0000e+00   0  y  0.00  1   !  -9.99000e+02  -99.000  -99.000  -999
OBS: 5999494  53989.336   -33.00   0.0000e+00   0.0000e+00   0.0000e+00   0  y  0.00  1   !  -9.99000e+02  -99.000  -99.000  -999
OBS: 5999494  53991.336   -31.00   0.0000e+00   0.0000e+00   0.0000e+00   0  y  0.00  1   !  -9.99000e+02  -99.000  -99.000  -999
OBS: 5999494  53993.336   -29.00   0.0000e+00   0.0000e+00   0.0000e+00   0  y  0.00  1   !  -9.99000e+02  -99.000  -99.000  -999
OBS: 5999494  53995.336   -27.00   0.0000e+00   0.0000e+00   0.0000e+00   0  y  0.00  1   !  -9.99000e+02  -99.000  -99.000  -999
OBS: 5999494  53997.336   -25.00   0.0000e+00   0.0000e+00   0.0000e+00   0  y  0.00  1   !  -9.99000e+02  -99.000  -99.000  -999
OBS: 5999494  53999.336   -23.00   0.0000e+00   0.0000e+00   0.0000e+00   0  y  0.00  1   !  -9.99000e+02  -99.000  -99.000  -999
OBS: 5999494  54001.336   -21.00   0.0000e+00   4.8639e+02   2.9277e+02   0  y  0.00  1   !  -9.99000e+02  -99.000  -99.000  -999
OBS: 5999494  54003.336   -19.00   0.0000e+00   4.0799e+02   2.4557e+02   0  y  0.00  1   !  -9.99000e+02  -99.000  -99.000  -999
OBS: 5999494  54005.336   -17.00   0.0000e+00   4.0601e+02   2.4438e+02   0  y  0.00  1   !  -9.99000e+02  -99.000  -99.000  -999
OBS: 5999494  54007.336   -15.00   0.0000e+00   7.3588e+02   1.3075e+02   0  y  0.00  1   !  -9.99000e+02  -99.000  -99.000  -999
OBS: 5999494  54009.336   -13.00   0.0000e+00   1.3357e+03   8.3374e+01   0  y  0.00  1   !  -9.99000e+02  -99.000  -99.000  -999
OBS: 5999494  54011.336   -11.00   0.0000e+00   1.9408e+03   7.8175e+01   0  y  0.00  1   !  -9.99000e+02  -99.000  -99.000  -999
OBS: 5999494  54013.336    -9.00   0.0000e+00   2.5126e+03   7.9137e+01   0  y  0.00  1   !  -9.99000e+02  -99.000  -99.000  -999
OBS: 5999494  54015.336    -7.00   0.0000e+00   3.0150e+03   6.6489e+01   0  y  0.00  1   !  -9.99000e+02  -99.000  -99.000  -999
OBS: 5999494  54017.336    -5.00   0.0000e+00   3.2512e+03   6.5478e+01   0  y  0.00  1   !  -9.99000e+02  -99.000  -99.000  -999
OBS: 5999494  54019.336    -3.00   0.0000e+00   3.2039e+03   7.7482e+01   0  y  0.00  1   !  -9.99000e+02  -99.000  -99.000  -999
OBS: 5999494  54021.336    -1.00   0.0000e+00   2.8473e+03   7.6913e+01   0  y  0.00  1   !  -9.99000e+02  -99.000  -99.000  -999
OBS: 5999494  54023.336     1.00   0.0000e+00   2.4650e+03   6.8526e+01   0  y  0.00  1   !  -9.99000e+02  -99.000  -99.000  -999
OBS: 5999494  54025.336     3.00   0.0000e+00   2.2361e+03   7.0573e+01   0  y  0.00  1   !  -9.99000e+02  -99.000  -99.000  -999
OBS: 5999494  54027.336     5.00   0.0000e+00   2.0362e+03   7.6938e+01   0  y  0.00  1   !  -9.99000e+02  -99.000  -99.000  -999
OBS: 5999494  54029.336     7.00   0.0000e+00   1.8489e+03   8.0822e+01   0  y  0.00  1   !  -9.99000e+02  -99.000  -99.000  -999
OBS: 5999494  54031.336     9.00   0.0000e+00   1.7351e+03   8.1099e+01   0  y  0.00  1   !  -9.99000e+02  -99.000  -99.000  -999
OBS: 5999494  54033.336    11.00   0.0000e+00   1.6858e+03   7.5658e+01   0  y  0.00  1   !  -9.99000e+02  -99.000  -99.000  -999
OBS: 5999494  54035.336    13.00   0.0000e+00   1.6782e+03   7.5684e+01   0  y  0.00  1   !  -9.99000e+02  -99.000  -99.000  -999
OBS: 5999494  54037.336    15.00   0.0000e+00   1.7690e+03   7.8248e+01   0  y  0.00  1   !  -9.99000e+02  -99.000  -99.000  -999
OBS: 5999494  54039.336    17.00   0.0000e+00   1.9194e+03   7.8438e+01   0  y  0.00  1   !  -9.99000e+02  -99.000  -99.000  -999
OBS: 5999494  54041.336    19.00   0.0000e+00   2.0625e+03   8.3840e+01   0  y  0.00  1   !  -9.99000e+02  -99.000  -99.000  -999
OBS: 5999494  54043.336    21.00   0.0000e+00   2.1783e+03   9.2566e+01   0  y  0.00  1   !  -9.99000e+02  -99.000  -99.000  -999
OBS: 5999494  54045.336    23.00   0.0000e+00   2.2174e+03   9.9818e+01   0  y  0.00  1   !  -9.99000e+02  -99.000  -99.000  -999
OBS: 5999494  54047.336    25.00   0.0000e+00   2.3242e+03   9.7882e+01   0  y  0.00  1   !  -9.99000e+02  -99.000  -99.000  -999
OBS: 5999494  54049.336    27.00   0.0000e+00   2.6769e+03   8.9184e+01   0  y  0.00  1   !  -9.99000e+02  -99.000  -99.000  -999
OBS: 5999494  54051.336    29.00   0.0000e+00   3.0565e+03   8.5251e+01   0  y  0.00  1   !  -9.99000e+02  -99.000  -99.000  -999
OBS: 5999494  54053.336    31.00   0.0000e+00   3.2222e+03   8.4758e+01   0  y  0.00  1   !  -9.99000e+02  -99.000  -99.000  -999
OBS: 5999494  54055.336    33.00   0.0000e+00   3.2506e+03   8.2341e+01   0  y  0.00  1   !  -9.99000e+02  -99.000  -99.000  -999
OBS: 5999494  54057.336    35.00   0.0000e+00   3.1456e+03   7.9829e+01   0  y  0.00  1   !  -9.99000e+02  -99.000  -99.000  -999
OBS: 5999494  54059.336    37.00   0.0000e+00   2.9703e+03   7.7734e+01   0  y  0.00  1   !  -9.99000e+02  -99.000  -99.000  -999
OBS: 5999494  54061.336    39.00   0.0000e+00   2.8061e+03   7.5801e+01   0  y  0.00  1   !  -9.99000e+02  -99.000  -99.000  -999
OBS: 5999494  54063.336    41.00   0.0000e+00   2.6188e+03   7.3916e+01   0  y  0.00  1   !  -9.99000e+02  -99.000  -99.000  -999
OBS: 5999494  54065.336    43.00   0.0000e+00   2.3741e+03   8.0350e+01   0  y  0.00  1   !  -9.99000e+02  -99.000  -99.000  -999
OBS: 5999494  54067.336    45.00   0.0000e+00   2.1362e+03   8.2783e+01   0  y  0.00  1   !  -9.99000e+02  -99.000  -99.000  -999
OBS: 5999494  54069.336    47.00   0.0000e+00   1.9450e+03   6.9412e+01   0  y  0.00  1   !  -9.99000e+02  -99.000  -99.000  -999
OBS: 5999494  54071.336    49.00   0.0000e+00   1.7798e+03   5.8770e+01   0  y  0.00  1   !  -9.99000e+02  -99.000  -99.000  -999
OBS: 5999494  54073.336    51.00   0.0000e+00   1.6083e+03   6.1646e+01   0  y  0.00  1   !  -9.99000e+02  -99.000  -99.000  -999
OBS: 5999494  54075.336    53.00   0.0000e+00   1.4301e+03   6.8232e+01   0  y  0.00  1   !  -9.99000e+02  -99.000  -99.000  -999
OBS: 5999494  54077.336    55.00   0.0000e+00   1.2494e+03   7.5204e+02   0  y  0.00  1   !  -9.99000e+02  -99.000  -99.000  -999
OBS: 5999494  54079.336    57.00   0.0000e+00   1.0797e+03   6.4987e+02   0  y  0.00  1   !  -9.99000e+02  -99.000  -99.000  -999
OBS: 5999494  54081.336    59.00   0.0000e+00   9.8347e+02   5.9196e+02   0  y  0.00  1   !  -9.99000e+02  -99.000  -99.000  -999
OBS: 5999494  54083.336    61.00   0.0000e+00   8.9942e+02   5.4137e+02   0  y  0.00  1   !  -9.99000e+02  -99.000  -99.000  -999
OBS: 5999494  54085.336    63.00   0.0000e+00   8.3184e+02   5.0069e+02   0  y  0.00  1   !  -9.99000e+02  -99.000  -99.000  -999
OBS: 5999494  54087.336    65.00   0.0000e+00   7.6134e+02   4.5826e+02   0  y  0.00  1   !  -9.99000e+02  -99.000  -99.000  -999
OBS: 5999494  54089.336    67.00   0.0000e+00   6.4549e+02   3.8853e+02   0  y  0.00  1   !  -9.99000e+02  -99.000  -99.000  -999
OBS: 5999494  54091.336    69.00   0.0000e+00   5.5425e+02   3.3361e+02   0  y  0.00  1   !  -9.99000e+02  -99.000  -99.000  -999
OBS: 5999494  54093.336    71.00   0.0000e+00   4.8425e+02   2.9147e+02   0  y  0.00  1   !  -9.99000e+02  -99.000  -99.000  -999
OBS: 5999494  54095.336    73.00   0.0000e+00   4.3098e+02   2.5941e+02   0  y  0.00  1   !  -9.99000e+02  -99.000  -99.000  -999
OBS: 5999494  54097.336    75.00   0.0000e+00   3.9090e+02   2.3529e+02   0  y  0.00  1   !  -9.99000e+02  -99.000  -99.000  -999
OBS: 5999494  54099.336    77.00   0.0000e+00   3.5971e+02   2.1651e+02   0  y  0.00  1   !  -9.99000e+02  -99.000  -99.000  -999
OBS: 5999494  54101.336    79.00   0.0000e+00   3.3518e+02   2.0175e+02   0  y  0.00  1   !  -9.99000e+02  -99.000  -99.000  -999
OBS: 5999494  54103.336    81.00   0.0000e+00   3.0297e+02   1.8236e+02   0  y  0.00  1   !  -9.99000e+02  -99.000  -99.000  -999
OBS: 5999494  54105.336    83.00   0.0000e+00   2.7047e+02   1.6280e+02   0  y  0.00  1   !  -9.99000e+02  -99.000  -99.000  -999
OBS: 5999494  54107.336    85.00   0.0000e+00   2.4188e+02   1.4559e+02   0  y  0.00  1   !  -9.99000e+02  -99.000  -99.000  -999
OBS: 5999494  54109.336    87.00   0.0000e+00   2.1668e+02   1.3042e+02   0  y  0.00  1   !  -9.99000e+02  -99.000  -99.000  -999
OBS: 5999494  54111.336    89.00   0.0000e+00   1.9464e+02   1.1715e+02   0  y  0.00  1   !  -9.99000e+02  -99.000  -99.000  -999
OBS: 5999494  54113.336    91.00   0.0000e+00   1.7541e+02   1.0558e+02   0  y  0.00  1   !  -9.99000e+02  -99.000  -99.000  -999
OBS: 5999494  54115.336    93.00   0.0000e+00   1.5600e+02   9.3895e+01   0  y  0.00  1   !  -9.99000e+02  -99.000  -99.000  -999
OBS: 5999494  54117.336    95.00   0.0000e+00   1.3824e+02   8.3210e+01   0  y  0.00  1   !  -9.99000e+02  -99.000  -99.000  -999
OBS: 5999494  54119.336    97.00   0.0000e+00   1.2251e+02   7.3738e+01   0  y  0.00  1   !  -9.99000e+02  -99.000  -99.000  -999
OBS: 5999494  54121.336    99.00   0.0000e+00   1.0856e+02   6.5343e+01   0  y  0.00  1   !  -9.99000e+02  -99.000  -99.000  -999
OBS: 5999494  54123.336   101.00   0.0000e+00   9.6198e+01   5.7902e+01   0  y  0.00  1   !  -9.99000e+02  -99.000  -99.000  -999
OBS: 5999494  54125.336   103.00   0.0000e+00   8.5242e+01   5.1308e+01   0  y  0.00  1   !  -9.99000e+02  -99.000  -99.000  -999
OBS: 5999494  54127.336   105.00   0.0000e+00   7.5532e+01   4.5464e+01   0  y  0.00  1   !  -9.99000e+02  -99.000  -99.000  -999
OBS: 5999494  54129.336   107.00   0.0000e+00   6.6927e+01   4.0284e+01   0  y  0.00  1   !  -9.99000e+02  -99.000  -99.000  -999
OBS: 5999494  54131.336   109.00   0.0000e+00   5.9306e+01   3.5697e+01   0  y  0.00  1   !  -9.99000e+02  -99.000  -99.000  -999
OBS: 5999494  54133.336   111.00   0.0000e+00   5.2555e+01   3.1634e+01   0  y  0.00  1   !  -9.99000e+02  -99.000  -99.000  -999
OBS: 5999494  54135.336   113.00   0.0000e+00   4.6566e+01   2.8028e+01   0  y  0.00  1   !  -9.99000e+02  -99.000  -99.000  -999
OBS: 5999494  54137.336   115.00   0.0000e+00   4.1257e+01   2.4833e+01   0  y  0.00  1   !  -9.99000e+02  -99.000  -99.000  -999
OBS: 5999494  54139.336   117.00   0.0000e+00   3.6554e+01   2.2002e+01   0  y  0.00  1   !  -9.99000e+02  -99.000  -99.000  -999
OBS: 5999494  54141.336   119.00   0.0000e+00   3.2386e+01   1.9493e+01   0  y  0.00  1   !  -9.99000e+02  -99.000  -99.000  -999
OBS: 5999494  54143.336   121.00   0.0000e+00   2.8692e+01   1.7270e+01   0  y  0.00  1   !  -9.99000e+02  -99.000  -99.000  -999
OBS: 5999494  54145.336   123.00   0.0000e+00   2.5419e+01   1.5300e+01   0  y  0.00  1   !  -9.99000e+02  -99.000  -99.000  -999
OBS: 5999494  54147.336   125.00   0.0000e+00   2.2521e+01   1.3556e+01   0  y  0.00  1   !  -9.99000e+02  -99.000  -99.000  -999
OBS: 5999494  54149.336   127.00   0.0000e+00   1.9956e+01   1.2012e+01   0  y  0.00  1   !  -9.99000e+02  -99.000  -99.000  -999
OBS: 5999494  54151.336   129.00   0.0000e+00   1.7681e+01   1.0643e+01   0  y  0.00  1   !  -9.99000e+02  -99.000  -99.000  -999
OBS: 5999494  54153.336   131.00   0.0000e+00   1.5664e+01   9.4280e+00   0  y  0.00  1   !  -9.99000e+02  -99.000  -99.000  -999
OBS: 5999494  54155.336   133.00   0.0000e+00   1.3876e+01   8.3519e+00   0  y  0.00  1   !  -9.99000e+02  -99.000  -99.000  -999
OBS: 5999494  54157.336   135.00   0.0000e+00   1.2292e+01   7.3985e+00   0  y  0.00  1   !  -9.99000e+02  -99.000  -99.000  -999
OBS: 5999494  54159.336   137.00   0.0000e+00   1.0888e+01   6.5538e+00   0  y  0.00  1   !  -9.99000e+02  -99.000  -99.000  -999
OBS: 5999494  54161.336   139.00   0.0000e+00   9.6450e+00   5.8054e+00   0  y  0.00  1   !  -9.99000e+02  -99.000  -99.000  -999
OBS: 5999494  54013.770    -8.57   2.4385e+03   3.1231e+03   3.9090e+02   1  H  3.20  1   H  2.74952e+18  -0.172  -1.064  1.00000e+11
OBS: 5999494  54013.781    -8.56   2.4403e+03   2.1825e+03   3.8205e+02   1  H  0.35  1   H  1.92134e+18  -0.172  -1.062  1.00000e+11
OBS: 5999494  54037.691    15.35   1.2892e+03   1.1155e+03   2.4689e+02   1  H  0.40  1   H  1.55358e+18  0.326  0.256  1.00000e+11
OBS: 5999494  54037.699    15.36   1.2896e+03   1.3232e+03   2.6073e+02   1  H  0.04  1   H  1.84276e+18  0.326  0.257  1.00000e+11
OBS: 5999494  54040.680    18.34   1.4262e+03   1.5509e+03   2.7610e+02   1  H  0.26  1   H  2.14062e+18  0.316  0.477  1.00000e+11
OBS: 5999494  54040.691    18.35   1.4267e+03   1.4853e+03   2.5963e+02   1  H  0.08  1   H  2.05009e+18  0.316  0.479  1.00000e+11
OBS: 5999494  54048.699    26.36   1.7486e+03   1.9072e+03   3.8833e+02   1  H  0.22  1   H  2.65221e+18  0.324  0.994  1.00000e+11
OBS: 5999494  54048.711    26.37   1.7489e+03   2.1324e+03   3.9635e+02   1  H  1.04  1   H  2.96507e+18  0.324  0.992  1.00000e+11
OBS: 5999494  53963.336   -59.00   0.0000e+00   0.0000e+00   0.0000e+00   0  H  0.00  1   !  -9.99000e+02  -99.000  -99.000  -999
OBS: 5999494  53965.336   -57.00   0.0000e+00   0.0000e+00   0.0000e+00   0  H  0.00  1   !  -9.99000e+02  -99.000  -99.000  -999
OBS: 5999494  53967.336   -55.00   0.0000e+00   0.0000e+00   0.0000e+00   0  H  0.00  1   !  -9.99000e+02  -99.000  -99.000  -999
OBS: 5999494  53969.336   -53.00   0.0000e+00   0.0000e+00   0.0000e+00   0  H  0.00  1   !  -9.99000e+02  -99.000  -99.000  -999
OBS: 5999494  53971.336   -51.00   0.0000e+00   0.0000e+00   0.0000e+00   0  H  0.00  1   !  -9.99000e+02  -99.000  -99.000  -999
OBS: 5999494  53973.336   -49.00   0.0000e+00   0.0000e+00   0.0000e+00   0  H  0.00  1   !  -9.99000e+02  -99.000  -99.000  -999
OBS: 5999494  53975.336   -47.00   0.0000e+00   0.0000e+00   0.0000e+00   0  H  0.00  1   !  -9.99000e+02  -99.000  -99.000  -999
OBS: 5999494  53977.336   -45.00   0.0000e+00   0.0000e+00   0.0000e+00   0  H  0.00  1   !  -9.99000e+02  -99.000  -99.000  -999
OBS: 5999494  53979.336   -43.00   0.0000e+00   0.0000e+00   0.0000e+00   0  H  0.00  1   !  -9.99000e+02  -99.000  -99.000  -999
OBS: 5999494  53981.336   -41.00   0.0000e+00   0.0000e+00   0.0000e+00   0  H  0.00  1   !  -9.99000e+02  -99.000  -99.000  -999
OBS: 5999494  53983.336   -39.00   0.0000e+00   0.0000e+00   0.0000e+00   0  H  0.00  1   !  -9.99000e+02  -99.000  -99.000  -999
OBS: 5999494  53985.336   -37.00   0.0000e+00   0.0000e+00   0.0000e+00   0  H  0.00  1   !  -9.99000e+02  -99.000  -99.000  -999
OBS: 5999494  53987.336   -35.00   0.0000e+00   0.0000e+00   0.0000e+00   0  H  0.00  1   !  -9.99000e+02  -99.000  -99.000  -999
OBS: 5999494  53989.336   -33.00   0.0000e+00   0.0000e+00   0.0000e+00   0  H  0.00  1   !  -9.99000e+02  -99.000  -99.000  -999
OBS: 5999494  53991.336   -31.00   0.0000e+00   0.0000e+00   0.0000e+00   0  H  0.00  1   !  -9.99000e+02  -99.000  -99.000  -999
OBS: 5999494  53993.336   -29.00   0.0000e+00   0.0000e+00   0.0000e+00   0  H  0.00  1   !  -9.99000e+02  -99.000  -99.000  -999
OBS: 5999494  53995.336   -27.00   0.0000e+00   0.0000e+00   0.0000e+00   0  H  0.00  1   !  -9.99000e+02  -99.000  -99.000  -999
OBS: 5999494  53997.336   -25.00   0.0000e+00   0.0000e+00   0.0000e+00   0  H  0.00  1   !  -9.99000e+02  -99.000  -99.000  -999
OBS: 5999494  53999.336   -23.00   0.0000e+00   0.0000e+00   0.0000e+00   0  H  0.00  1   !  -9.99000e+02  -99.000  -99.000  -999
OBS: 5999494  54001.336   -21.00   0.0000e+00   3.8740e+02   2.3318e+02   0  H  0.00  1   !  -9.99000e+02  -99.000  -99.000  -999
OBS: 5999494  54003.336   -19.00   0.0000e+00   4.2793e+02   2.5757e+02   0  H  0.00  1   !  -9.99000e+02  -99.000  -99.000  -999
OBS: 5999494  54005.336   -17.00   0.0000e+00   4.2756e+02   2.5735e+02   0  H  0.00  1   !  -9.99000e+02  -99.000  -99.000  -999
OBS: 5999494  54007.336   -15.00   0.0000e+00   7.0023e+02   1.7072e+02   0  H  0.00  1   !  -9.99000e+02  -99.000  -99.000  -999
OBS: 5999494  54009.336   -13.00   0.0000e+00   1.2537e+03   1.0223e+02   0  H  0.00  1   !  -9.99000e+02  -99.000  -99.000  -999
OBS: 5999494  54011.336   -11.00   0.0000e+00   1.8196e+03   7.8994e+01   0  H  0.00  1   !  -9.99000e+02  -99.000  -99.000  -999
OBS: 5999494  54013.336    -9.00   0.0000e+00   2.3127e+03   7.2966e+01   0  H  0.00  1   !  -9.99000e+02  -99.000  -99.000  -999
OBS: 5999494  54015.336    -7.00   0.0000e+00   2.6590e+03   5.9978e+01   0  H  0.00  1   !  -9.99000e+02  -99.000  -99.000  -999
OBS: 5999494  54017.336    -5.00   0.0000e+00   2.7773e+03   4.9459e+01   0  H  0.00  1   !  -9.99000e+02  -99.000  -99.000  -999
OBS: 5999494  54019.336    -3.00   0.0000e+00   2.6948e+03   4.9603e+01   0  H  0.00  1   !  -9.99000e+02  -99.000  -99.000  -999
OBS: 5999494  54021.336    -1.00   0.0000e+00   2.4347e+03   4.9964e+01   0  H  0.00  1   !  -9.99000e+02  -99.000  -99.000  -999
OBS: 5999494  54023.336     1.00   0.0000e+00   2.2135e+03   4.8778e+01   0  H  0.00  1   !  -9.99000e+02  -99.000  -99.000  -999
OBS: 5999494  54025.336     3.00   0.0000e+00   2.0610e+03   5.0297e+01   0  H  0.00  1   !  -9.99000e+02  -99.000  -99.000  -999
OBS: 5999494  54027.336     5.00   0.0000e+00   1.8454e+03   5.1551e+01   0  H  0.00  1   !  -9.99000e+02  -99.000  -99.000  -999
OBS: 5999494  54029.336     7.00   0.0000e+00   1.6006e+03   5.0204e+01   0  H  0.00  1   !  -9.99000e+02  -99.000  -99.000  -999
OBS: 5999494  54031.336     9.00   0.0000e+00   1.3926e+03   4.5632e+01   0  H  0.00  1   !  -9.99000e+02  -99.000  -99.000  -999
OBS: 5999494  54033.336    11.00   0.0000e+00   1.2851e+03   3.8756e+01   0  H  0.00  1   !  -9.99000e+02  -99.000  -99.000  -999
OBS: 5999494  54035.336    13.00   0.0000e+00   1.2517e+03   3.3917e+01   0  H  0.00  1   !  -9.99000e+02  -99.000  -99.000  -999
OBS: 5999494  54037.336    15.00   0.0000e+00   1.2622e+03   3.4203e+01   0  H  0.00  1   !  -9.99000e+02  -99.000  -99.000  -999
OBS: 5999494  54039.336    17.00   0.0000e+00   1.3397e+03   3.8339e+01   0  H  0.00  1   !  -9.99000e+02  -99.000  -99.000  -999
OBS: 5999494  54041.336    19.00   0.0000e+00   1.4419e+03   4.4798e+01   0  H  0.00  1   !  -9.99000e+02  -99.000  -99.000  -999
OBS: 5999494  54043.336    21.00   0.0000e+00   1.5435e+03   4.7542e+01   0  H  0.00  1   !  -9.99000e+02  -99.000  -99.000  -999
OBS: 5999494  54045.336    23.00   0.0000e+00   1.6161e+03   4.6726e+01   0  H  0.00  1   !  -9.99000e+02  -99.000  -99.000  -999
OBS: 5999494  54047.336    25.00   0.0000e+00   1.6744e+03   4.4500e+01   0  H  0.00  1   !  -9.99000e+02  -99.000  -99.000  -999
OBS: 5999494  54049.336    27.00   0.0000e+00   1.7462e+03   3.9673e+01   0  H  0.00  1   !  -9.99000e+02  -99.000  -99.000  -999
OBS: 5999494  54051.336    29.00   0.0000e+00   1.8012e+03   3.9621e+01   0  H  0.00  1   !  -9.99000e+02  -99.000  -99.000  -999
OBS: 5999494  54053.336    31.00   0.0000e+00   1.8753e+03   4.6911e+01   0  H  0.00  1   !  -9.99000e+02  -99.000  -99.000  -999
OBS: 5999494  54055.336    33.00   0.0000e+00   1.9209e+03   5.4768e+01   0  H  0.00  1   !  -9.99000e+02  -99.000  -99.000  -999
OBS: 5999494  54057.336    35.00   0.0000e+00   1.9307e+03   5.8152e+01   0  H  0.00  1   !  -9.99000e+02  -99.000  -99.000  -999
OBS: 5999494  54059.336    37.00   0.0000e+00   1.8920e+03   6.0673e+01   0  H  0.00  1   !  -9.99000e+02  -99.000  -99.000  -999
OBS: 5999494  54061.336    39.00   0.0000e+00   1.7883e+03   6.5024e+01   0  H  0.00  1   !  -9.99000e+02  -99.000  -99.000  -999
OBS: 5999494  54063.336    41.00   0.0000e+00   1.6413e+03   6.5745e+01   0  H  0.00  1   !  -9.99000e+02  -99.000  -99.000  -999
OBS: 5999494  54065.336    43.00   0.0000e+00   1.4589e+03   6.2054e+01   0  H  0.00  1   !  -9.99000e+02  -99.000  -99.000  -999
OBS: 5999494  54067.336    45.00   0.0000e+00   1.2500e+03   6.0347e+01   0  H  0.00  1   !  -9.99000e+02  -99.000  -99.000  -999
OBS: 5999494  54069.336    47.00   0.0000e+00   1.0938e+03   5.4303e+01   0  H  0.00  1   !  -9.99000e+02  -99.000  -99.000  -999
OBS: 5999494  54071.336    49.00   0.0000e+00   9.8866e+02   5.1698e+01   0  H  0.00  1   !  -9.99000e+02  -99.000  -99.000  -999
OBS: 5999494  54073.336    51.00   0.0000e+00   9.0720e+02   5.8422e+01   0  H  0.00  1   !  -9.99000e+02  -99.000  -99.000  -999
OBS: 5999494  54075.336    53.00   0.0000e+00   8.2456e+02   6.8138e+01   0  H  0.00  1   !  -9.99000e+02  -99.000  -99.000  -999
OBS: 5999494  54077.336    55.00   0.0000e+00   7.4482e+02   4.4831e+02   0  H  0.00  1   !  -9.99000e+02  -99.000  -99.000  -999
OBS: 5999494  54079.336    57.00   0.0000e+00   6.7390e+02   4.0563e+02   0  H  0.00  1   !  -9.99000e+02  -99.000  -99.000  -999
OBS: 5999494  54081.336    59.00   0.0000e+00   6.2031e+02   3.7337e+02   0  H  0.00  1   !  -9.99000e+02  -99.000  -99.000  -999
OBS: 5999494  54083.336    61.00   0.0000e+00   5.7158e+02   3.4404e+02   0  H  0.00  1   !  -9.99000e+02  -99.000  -99.000  -999
OBS: 5999494  54085.336    63.00   0.0000e+00   5.2929e+02   3.1859e+02   0  H  0.00  1   !  -9.99000e+02  -99.000  -99.000  -999
OBS: 5999494  54087.336    65.00   0.0000e+00   4.7764e+02   2.8750e+02   0  H  0.00  1   !  -9.99000e+02  -99.000  -99.000  -999
OBS: 5999494  54089.336    67.00   0.0000e+00   3.9233e+02   2.3615e+02   0  H  0.00  1   !  -9.99000e+02  -99.000  -99.000  -999
OBS: 5999494  54091.336    69.00   0.0000e+00   3.3049e+02   1.9893e+02   0  H  0.00  1   !  -9.99000e+02  -99.000  -99.000  -999
OBS: 5999494  54093.336    71.00   0.0000e+00   2.8689e+02   1.7268e+02   0  H  0.00  1   !  -9.99000e+02  -99.000  -99.000  -999
OBS: 5999494  54095.336    73.00   0.0000e+00   2.5668e+02   1.5450e+02   0  H  0.00  1   !  -9.99000e+02  -99.000  -99.000  -999
OBS: 5999494  54097.336    75.00   0.0000e+00   2.3445e+02   1.4112e+02   0  H  0.00  1   !  -9.99000e+02  -99.000  -99.000  -999
OBS: 5999494  54099.336    77.00   0.0000e+00   2.1496e+02   1.2939e+02   0  H  0.00  1   !  -9.99000e+02  -99.000  -99.000  -999
OBS: 5999494  54101.336    79.00   0.0000e+00   1.9653e+02   1.1829e+02   0  H  0.00  1   !  -9.99000e+02  -99.000  -99.000  -999
OBS: 5999494  54103.336    81.00   0.0000e+00   1.8171e+02   1.0938e+02   0  H  0.00  1   !  -9.99000e+02  -99.000  -99.000  -999
OBS: 5999494  54105.336    83.00   0.0000e+00   1.6887e+02   1.0165e+02   0  H  0.00  1   !  -9.99000e+02  -99.000  -99.000  -999
OBS: 5999494  54107.336    85.00   0.0000e+00   1.5704e+02   9.4524e+01   0  H  0.00  1   !  -9.99000e+02  -99.000  -99.000  -999
OBS: 5999494  54109.336    87.00   0.0000e+00   1.4616e+02   8.7975e+01   0  H  0.00  1   !  -9.99000e+02  -99.000  -99.000  -999
OBS: 5999494  54111.336    89.00   0.0000e+00   1.3624e+02   8.2003e+01   0  H  0.00  1   !  -9.99000e+02  -99.000  -99.000  -999
OBS: 5999494  54113.336    91.00   0.0000e+00   1.2727e+02   7.6603e+01   0  H  0.00  1   !  -9.99000e+02  -99.000  -99.000  -999
OBS: 5999494  54115.336    93.00   0.0000e+00   1.1789e+02   7.0960e+01   0  H  0.00  1   !  -9.99000e+02  -99.000  -99.000  -999
OBS: 5999494  54117.336    95.00   0.0000e+00   1.0897e+02   6.5591e+01   0  H  0.00  1   !  -9.99000e+02  -99.000  -99.000  -999
OBS: 5999494  54119.336    97.00   0.0000e+00   1.0073e+02   6.0628e+01   0  H  0.00  1   !  -9.99000e+02  -99.000  -99.000  -999
OBS: 5999494  54121.336    99.00   0.0000e+00   9.3102e+01   5.6039e+01   0  H  0.00  1   !  -9.99000e+02  -99.000  -99.000  -999
OBS: 5999494  54123.336   101.00   0.0000e+00   8.6054e+01   5.1797e+01   0  H  0.00  1   !  -9.99000e+02  -99.000  -99.000  -999
OBS: 5999494  54125.336   103.00   0.0000e+00   7.9537e+01   4.7874e+01   0  H  0.00  1   !  -9.99000e+02  -99.000  -99.000  -999
OBS: 5999494  54127.336   105.00   0.0000e+00   7.3512e+01   4.4248e+01   0  H  0.00  1   !  -9.99000e+02  -99.000  -99.000  -999
OBS: 5999494  54129.336   107.00   0.0000e+00   6.7942e+01   4.0895e+01   0  H  0.00  1   !  -9.99000e+02  -99.000  -99.000  -999
OBS: 5999494  54131.336   109.00   0.0000e+00   6.2793e+01   3.7796e+01   0  H  0.00  1   !  -9.99000e+02  -99.000  -99.000  -999
OBS: 5999494  54133.336   111.00   0.0000e+00   5.8033e+01   3.4931e+01   0  H  0.00  1   !  -9.99000e+02  -99.000  -99.000  -999
OBS: 5999494  54135.336   113.00   0.0000e+00   5.3632e+01   3.2282e+01   0  H  0.00  1   !  -9.99000e+02  -99.000  -99.000  -999
OBS: 5999494  54137.336   115.00   0.0000e+00   4.9564e+01   2.9833e+01   0  H  0.00  1   !  -9.99000e+02  -99.000  -99.000  -999
OBS: 5999494  54139.336   117.00   0.0000e+00   4.5804e+01   2.7570e+01   0  H  0.00  1   !  -9.99000e+02  -99.000  -99.000  -999
OBS: 5999494  54141.336   119.00   0.0000e+00   4.2328e+01   2.5478e+01   0  H  0.00  1   !  -9.99000e+02  -99.000  -99.000  -999
OBS: 5999494  54143.336   121.00   0.0000e+00   3.9115e+01   2.3544e+01   0  H  0.00  1   !  -9.99000e+02  -99.000  -99.000  -999
OBS: 5999494  54145.336   123.00   0.0000e+00   3.6144e+01   2.1756e+01   0  H  0.00  1   !  -9.99000e+02  -99.000  -99.000  -999
OBS: 5999494  54147.336   125.00   0.0000e+00   3.3397e+01   2.0102e+01   0  H  0.00  1   !  -9.99000e+02  -99.000  -99.000  -999
OBS: 5999494  54149.336   127.00   0.0000e+00   3.0859e+01   1.8574e+01   0  H  0.00  1   !  -9.99000e+02  -99.000  -99.000  -999
OBS: 5999494  54151.336   129.00   0.0000e+00   2.8513e+01   1.7162e+01   0  H  0.00  1   !  -9.99000e+02  -99.000  -99.000  -999
OBS: 5999494  54153.336   131.00   0.0000e+00   2.6346e+01   1.5858e+01   0  H  0.00  1   !  -9.99000e+02  -99.000  -99.000  -999
OBS: 5999494  54155.336   133.00   0.0000e+00   2.4342e+01   1.4652e+01   0  H  0.00  1   !  -9.99000e+02  -99.000  -99.000  -999
OBS: 5999494  54157.336   135.00   0.0000e+00   2.2491e+01   1.3537e+01   0  H  0.00  1   !  -9.99000e+02  -99.000  -99.000  -999
OBS: 5999494  54159.336   137.00   0.0000e+00   2.0779e+01   1.2507e+01   0  H  0.00  1   !  -9.99000e+02  -99.000  -99.000  -999
OBS: 5999494  54161.336   139.00   0.0000e+00   1.9198e+01   1.1555e+01   0  H  0.00  1   !  -9.99000e+02  -99.000  -99.000  -999
