VARNAMES: CID MJD Tobs SIM_FLUXCAL FLUXCAL FLUXCAL_ERR DATAFLAG BAND CHI2 IFIT BAND_REST FLUX_REST KCOR AVWARP SIM_FLUX_REST 
OBS: 6000449  53688.520    -9.78   4.0667e+03   5.7851e+03   9.5746e+02   1  J  0.79  1   J  3.10297e+18  -0.080  3.004  1.00000e+11
OBS: 6000449  53688.531    -9.77   4.0697e+03   3.7934e+03   8.1244e+02   1  J  1.90  1   J  2.03459e+18  -0.080  2.997  1.00000e+11
OBS: 6000449  53691.531    -6.77   4.5461e+03   3.6416e+03   9.1169e+02   1  J  4.14  1   J  1.92408e+18  -0.097  1.303  1.00000e+11
OBS: 6000449  53691.531    -6.77   4.5461e+03   4.9401e+03   1.0255e+03   1  J  0.31  1   J  2.61012e+18  -0.097  1.303  1.00000e+11
OBS: 6000449  53693.531    -4.77   4.6225e+03   4.9060e+03   1.2732e+03   1  J  0.30  1   J  2.56600e+18  -0.108  0.741  1.00000e+11
OBS: 6000449  53693.539    -4.76   4.6224e+03   5.0040e+03   9.3489e+02   1  J  0.41  1   J  2.61714e+18  -0.108  0.739  1.00000e+11
OBS: 6000449  53696.480    -1.82   4.3290e+03   3.8517e+03   8.5033e+02   1  J  2.66  1   J  1.98483e+18  -0.124  0.176  1.00000e+11
OBS: 6000449  53696.488    -1.81   4.3273e+03   2.9305e+03   8.4928e+02   1  J  7.31  1   J  1.50999e+18  -0.124  0.174  1.00000e+11
OBS: 6000449  53701.531     3.23   2.9555e+03   2.3206e+03   9.5078e+02   1  J  1.75  1   J  1.21993e+18  -0.102  -0.040  1.00000e+11
OBS: 6000449  53701.539     3.24   2.9527e+03   2.5774e+03   1.0159e+03   1  J  0.97  1   J  1.35485e+18  -0.102  -0.038  1.00000e+11
OBS: 6000449  53705.488     7.19   1.9933e+03   1.8405e+03   8.1139e+02   1  J  0.50  1   J  9.37840e+17  -0.136  0.861  1.00000e+11
OBS: 6000449  53705.488     7.19   1.9933e+03   1.9127e+03   6.4404e+02   1  J  0.61  1   J  9.74589e+17  -0.136  0.861  1.00000e+11
OBS: 6000449  53710.520    12.22   1.2658e+03  -3.8209e+02   1.2112e+03   1  J  2.48  1   J  -1.90710e+17  -0.159  1.602  1.00000e+11
OBS: 6000449  53710.520    12.22   1.2658e+03   1.2752e+03   1.1648e+03   1  J  0.05  1   J  6.36464e+17  -0.159  1.602  1.00000e+11
OBS: 6000449  53714.539    16.24   1.2704e+03   1.6789e+03   8.8778e+02   1  J  0.02  1   J  7.98895e+17  -0.210  2.665  1.00000e+11
OBS: 6000449  53714.551    16.25   1.2706e+03   1.5411e+03   8.5921e+02   1  J  0.00  1   J  7.33341e+17  -0.210  2.668  1.00000e+11
OBS: 6000449  53718.531    20.23   1.3813e+03   4.2790e+02   7.7588e+02   1  J  2.52  1   J  1.98651e+17  -0.237  2.477  1.00000e+11
OBS: 6000449  53718.539    20.24   1.3816e+03   1.1864e+03   7.6469e+02   1  J  0.40  1   J  5.50689e+17  -0.237  2.473  1.00000e+11
OBS: 6000449  53639.305   -59.00   0.0000e+00   0.0000e+00   0.0000e+00   0  J  0.00  1   !  -9.99000e+02  -99.000  -99.000  -999
OBS: 6000449  53641.305   -57.00   0.0000e+00   0.0000e+00   0.0000e+00   0  J  0.00  1   !  -9.99000e+02  -99.000  -99.000  -999
OBS: 6000449  53643.305   -55.00   0.0000e+00   0.0000e+00   0.0000e+00   0  J  0.00  1   !  -9.99000e+02  -99.000  -99.000  -999
OBS: 6000449  53645.305   -53.00   0.0000e+00   0.0000e+00   0.0000e+00   0  J  0.00  1   !  -9.99000e+02  -99.000  -99.000  -999
OBS: 6000449  53647.305   -51.00   0.0000e+00   0.0000e+00   0.0000e+00   0  J  0.00  1   !  -9.99000e+02  -99.000  -99.000  -999
OBS: 6000449  53649.305   -49.00   0.0000e+00   0.0000e+00   0.0000e+00   0  J  0.00  1   !  -9.99000e+02  -99.000  -99.000  -999
OBS: 6000449  53651.305   -47.00   0.0000e+00   0.0000e+00   0.0000e+00   0  J  0.00  1   !  -9.99000e+02  -99.000  -99.000  -999
OBS: 6000449  53653.305   -45.00   0.0000e+00   0.0000e+00   0.0000e+00   0  J  0.00  1   !  -9.99000e+02  -99.000  -99.000  -999
OBS: 6000449  53655.305   -43.00   0.0000e+00   0.0000e+00   0.0000e+00   0  J  0.00  1   !  -9.99000e+02  -99.000  -99.000  -999
OBS: 6000449  53657.305   -41.00   0.0000e+00   0.0000e+00   0.0000e+00   0  J  0.00  1   !  -9.99000e+02  -99.000  -99.000  -999
OBS: 6000449  53659.305   -39.00   0.0000e+00   0.0000e+00   0.0000e+00   0  J  0.00  1   !  -9.99000e+02  -99.000  -99.000  -999
OBS: 6000449  53661.305   -37.00   0.0000e+00   0.0000e+00   0.0000e+00   0  J  0.00  1   !  -9.99000e+02  -99.000  -99.000  -999
OBS: 6000449  53663.305   -35.00   0.0000e+00   0.0000e+00   0.0000e+00   0  J  0.00  1   !  -9.99000e+02  -99.000  -99.000  -999
OBS: 6000449  53665.305   -33.00   0.0000e+00   0.0000e+00   0.0000e+00   0  J  0.00  1   !  -9.99000e+02  -99.000  -99.000  -999
OBS: 6000449  53667.305   -31.00   0.0000e+00   0.0000e+00   0.0000e+00   0  J  0.00  1   !  -9.99000e+02  -99.000  -99.000  -999
OBS: 6000449  53669.305   -29.00   0.0000e+00   0.0000e+00   0.0000e+00   0  J  0.00  1   !  -9.99000e+02  -99.000  -99.000  -999
OBS: 6000449  53671.305   -27.00   0.0000e+00   0.0000e+00   0.0000e+00   0  J  0.00  1   !  -9.99000e+02  -99.000  -99.000  -999
OBS: 6000449  53673.305   -25.00   0.0000e+00   0.0000e+00   0.0000e+00   0  J  0.00  1   !  -9.99000e+02  -99.000  -99.000  -999
OBS: 6000449  53675.305   -23.00   0.0000e+00   0.0000e+00   0.0000e+00   0  J  0.00  1   !  -9.99000e+02  -99.000  -99.000  -999
OBS: 6000449  53677.305   -21.00   0.0000e+00   1.6301e+03   9.8117e+02   0  J  0.00  1   !  -9.99000e+02  -99.000  -99.000  -999
OBS: 6000449  53679.305   -19.00   0.0000e+00   1.6493e+03   9.9275e+02   0  J  0.00  1   !  -9.99000e+02  -99.000  -99.000  -999
OBS: 6000449  53681.305   -17.00   0.0000e+00   1.6473e+03   9.9154e+02   0  J  0.00  1   !  -9.99000e+02  -99.000  -99.000  -999
OBS: 6000449  53683.305   -15.00   0.0000e+00   2.0689e+03   5.1923e+02   0  J  0.00  1   !  -9.99000e+02  -99.000  -99.000  -999
OBS: 6000449  53685.305   -13.00   0.0000e+00   3.2934e+03   1.3711e+02   0  J  0.00  1   !  -9.99000e+02  -99.000  -99.000  -999
OBS: 6000449  53687.305   -11.00   0.0000e+00   4.4348e+03   1.2267e+02   0  J  0.00  1   !  -9.99000e+02  -99.000  -99.000  -999
OBS: 6000449  53689.305    -9.00   0.0000e+00   5.1497e+03   1.4151e+02   0  J  0.00  1   !  -9.99000e+02  -99.000  -99.000  -999
OBS: 6000449  53691.305    -7.00   0.0000e+00   5.4885e+03   1.2349e+02   0  J  0.00  1   !  -9.99000e+02  -99.000  -99.000  -999
OBS: 6000449  53693.305    -5.00   0.0000e+00   5.6109e+03   1.1234e+02   0  J  0.00  1   !  -9.99000e+02  -99.000  -99.000  -999
OBS: 6000449  53695.305    -3.00   0.0000e+00   5.4614e+03   1.2133e+02   0  J  0.00  1   !  -9.99000e+02  -99.000  -99.000  -999
OBS: 6000449  53697.305    -1.00   0.0000e+00   5.0805e+03   1.2299e+02   0  J  0.00  1   !  -9.99000e+02  -99.000  -99.000  -999
OBS: 6000449  53699.305     1.00   0.0000e+00   4.4103e+03   1.2432e+02   0  J  0.00  1   !  -9.99000e+02  -99.000  -99.000  -999
OBS: 6000449  53701.305     3.00   0.0000e+00   3.6673e+03   1.1799e+02   0  J  0.00  1   !  -9.99000e+02  -99.000  -99.000  -999
OBS: 6000449  53703.305     5.00   0.0000e+00   3.0435e+03   1.1466e+02   0  J  0.00  1   !  -9.99000e+02  -99.000  -99.000  -999
OBS: 6000449  53705.305     7.00   0.0000e+00   2.4725e+03   1.1461e+02   0  J  0.00  1   !  -9.99000e+02  -99.000  -99.000  -999
OBS: 6000449  53707.305     9.00   0.0000e+00   1.9878e+03   1.3020e+02   0  J  0.00  1   !  -9.99000e+02  -99.000  -99.000  -999
OBS: 6000449  53709.305    11.00   0.0000e+00   1.6582e+03   1.4354e+02   0  J  0.00  1   !  -9.99000e+02  -99.000  -99.000  -999
OBS: 6000449  53711.305    13.00   0.0000e+00   1.5004e+03   1.3834e+02   0  J  0.00  1   !  -9.99000e+02  -99.000  -99.000  -999
OBS: 6000449  53713.305    15.00   0.0000e+00   1.5100e+03   1.3484e+02   0  J  0.00  1   !  -9.99000e+02  -99.000  -99.000  -999
OBS: 6000449  53715.305    17.00   0.0000e+00   1.5651e+03   1.1864e+02   0  J  0.00  1   !  -9.99000e+02  -99.000  -99.000  -999
OBS: 6000449  53717.305    19.00   0.0000e+00   1.6356e+03   1.1768e+02   0  J  0.00  1   !  -9.99000e+02  -99.000  -99.000  -999
OBS: 6000449  53719.305    21.00   0.0000e+00   1.7071e+03   1.3704e+02   0  J  0.00  1   !  -9.99000e+02  -99.000  -99.000  -999
OBS: 6000449  53721.305    23.00   0.0000e+00   1.8310e+03   1.5267e+02   0  J  0.00  1   !  -9.99000e+02  -99.000  -99.000  -999
OBS: 6000449  53723.305    25.00   0.0000e+00   1.9771e+03   1.5639e+02   0  J  0.00  1   !  -9.99000e+02  -99.000  -99.000  -999
OBS: 6000449  53725.305    27.00   0.0000e+00   2.1322e+03   1.5881e+02   0  J  0.00  1   !  -9.99000e+02  -99.000  -99.000  -999
OBS: 6000449  53727.305    29.00   0.0000e+00   2.2990e+03   1.6890e+02   0  J  0.00  1   !  -9.99000e+02  -99.000  -99.000  -999
OBS: 6000449  53729.305    31.00   0.0000e+00   2.4702e+03   1.9625e+02   0  J  0.00  1   !  -9.99000e+02  -99.000  -99.000  -999
OBS: 6000449  53731.305    33.00   0.0000e+00   2.6601e+03   2.3646e+02   0  J  0.00  1   !  -9.99000e+02  -99.000  -99.000  -999
OBS: 6000449  53733.305    35.00   0.0000e+00   2.8356e+03   2.6606e+02   0  J  0.00  1   !  -9.99000e+02  -99.000  -99.000  -999
OBS: 6000449  53735.305    37.00   0.0000e+00   2.8315e+03   2.8273e+02   0  J  0.00  1   !  -9.99000e+02  -99.000  -99.000  -999
OBS: 6000449  53737.305    39.00   0.0000e+00   2.5918e+03   2.8506e+02   0  J  0.00  1   !  -9.99000e+02  -99.000  -99.000  -999
OBS: 6000449  53739.305    41.00   0.0000e+00   2.2246e+03   2.4667e+02   0  J  0.00  1   !  -9.99000e+02  -99.000  -99.000  -999
OBS: 6000449  53741.305    43.00   0.0000e+00   1.8236e+03   1.9828e+02   0  J  0.00  1   !  -9.99000e+02  -99.000  -99.000  -999
OBS: 6000449  53743.305    45.00   0.0000e+00   1.5070e+03   1.6023e+02   0  J  0.00  1   !  -9.99000e+02  -99.000  -99.000  -999
OBS: 6000449  53745.305    47.00   0.0000e+00   1.3377e+03   1.7025e+02   0  J  0.00  1   !  -9.99000e+02  -99.000  -99.000  -999
OBS: 6000449  53747.305    49.00   0.0000e+00   1.2536e+03   2.6799e+02   0  J  0.00  1   !  -9.99000e+02  -99.000  -99.000  -999
OBS: 6000449  53749.305    51.00   0.0000e+00   1.1729e+03   3.8983e+02   0  J  0.00  1   !  -9.99000e+02  -99.000  -99.000  -999
OBS: 6000449  53751.305    53.00   0.0000e+00   1.0797e+03   4.8887e+02   0  J  0.00  1   !  -9.99000e+02  -99.000  -99.000  -999
OBS: 6000449  53753.305    55.00   0.0000e+00   9.9449e+02   5.9860e+02   0  J  0.00  1   !  -9.99000e+02  -99.000  -99.000  -999
OBS: 6000449  53755.305    57.00   0.0000e+00   9.1009e+02   5.4779e+02   0  J  0.00  1   !  -9.99000e+02  -99.000  -99.000  -999
OBS: 6000449  53757.305    59.00   0.0000e+00   8.2517e+02   4.9668e+02   0  J  0.00  1   !  -9.99000e+02  -99.000  -99.000  -999
OBS: 6000449  53759.305    61.00   0.0000e+00   7.5115e+02   4.5213e+02   0  J  0.00  1   !  -9.99000e+02  -99.000  -99.000  -999
OBS: 6000449  53761.305    63.00   0.0000e+00   6.9327e+02   4.1729e+02   0  J  0.00  1   !  -9.99000e+02  -99.000  -99.000  -999
OBS: 6000449  53763.305    65.00   0.0000e+00   5.9237e+02   3.5655e+02   0  J  0.00  1   !  -9.99000e+02  -99.000  -99.000  -999
OBS: 6000449  53765.305    67.00   0.0000e+00   5.0753e+02   3.0549e+02   0  J  0.00  1   !  -9.99000e+02  -99.000  -99.000  -999
OBS: 6000449  53767.305    69.00   0.0000e+00   4.4473e+02   2.6769e+02   0  J  0.00  1   !  -9.99000e+02  -99.000  -99.000  -999
OBS: 6000449  53769.305    71.00   0.0000e+00   3.9491e+02   2.3770e+02   0  J  0.00  1   !  -9.99000e+02  -99.000  -99.000  -999
OBS: 6000449  53771.305    73.00   0.0000e+00   3.5334e+02   2.1268e+02   0  J  0.00  1   !  -9.99000e+02  -99.000  -99.000  -999
OBS: 6000449  53773.305    75.00   0.0000e+00   3.1616e+02   1.9030e+02   0  J  0.00  1   !  -9.99000e+02  -99.000  -99.000  -999
OBS: 6000449  53775.305    77.00   0.0000e+00   2.8075e+02   1.6899e+02   0  J  0.00  1   !  -9.99000e+02  -99.000  -99.000  -999
OBS: 6000449  53777.305    79.00   0.0000e+00   2.5095e+02   1.5105e+02   0  J  0.00  1   !  -9.99000e+02  -99.000  -99.000  -999
OBS: 6000449  53779.305    81.00   0.0000e+00   2.3451e+02   1.4115e+02   0  J  0.00  1   !  -9.99000e+02  -99.000  -99.000  -999
OBS: 6000449  53781.305    83.00   0.0000e+00   2.1921e+02   1.3195e+02   0  J  0.00  1   !  -9.99000e+02  -99.000  -99.000  -999
OBS: 6000449  53783.305    85.00   0.0000e+00   2.0497e+02   1.2338e+02   0  J  0.00  1   !  -9.99000e+02  -99.000  -99.000  -999
OBS: 6000449  53785.305    87.00   0.0000e+00   1.9149e+02   1.1526e+02   0  J  0.00  1   !  -9.99000e+02  -99.000  -99.000  -999
OBS: 6000449  53787.305    89.00   0.0000e+00   1.7851e+02   1.0745e+02   0  J  0.00  1   !  -9.99000e+02  -99.000  -99.000  -999
OBS: 6000449  53789.305    91.00   0.0000e+00   1.6753e+02   1.0084e+02   0  J  0.00  1   !  -9.99000e+02  -99.000  -99.000  -999
OBS: 6000449  53791.305    93.00   0.0000e+00   1.5818e+02   9.5211e+01   0  J  0.00  1   !  -9.99000e+02  -99.000  -99.000  -999
OBS: 6000449  53793.305    95.00   0.0000e+00   1.4935e+02   8.9898e+01   0  J  0.00  1   !  -9.99000e+02  -99.000  -99.000  -999
OBS: 6000449  53795.305    97.00   0.0000e+00   1.4102e+02   8.4882e+01   0  J  0.00  1   !  -9.99000e+02  -99.000  -99.000  -999
OBS: 6000449  53797.305    99.00   0.0000e+00   1.3315e+02   8.0145e+01   0  J  0.00  1   !  -9.99000e+02  -99.000  -99.000  -999
OBS: 6000449  53799.305   101.00   0.0000e+00   1.2572e+02   7.5673e+01   0  J  0.00  1   !  -9.99000e+02  -99.000  -99.000  -999
OBS: 6000449  53801.305   103.00   0.0000e+00   1.1871e+02   7.1451e+01   0  J  0.00  1   !  -9.99000e+02  -99.000  -99.000  -999
OBS: 6000449  53803.305   105.00   0.0000e+00   1.1208e+02   6.7464e+01   0  J  0.00  1   !  -9.99000e+02  -99.000  -99.000  -999
OBS: 6000449  53805.305   107.00   0.0000e+00   1.0583e+02   6.3699e+01   0  J  0.00  1   !  -9.99000e+02  -99.000  -99.000  -999
OBS: 6000449  53807.305   109.00   0.0000e+00   9.9924e+01   6.0145e+01   0  J  0.00  1   !  -9.99000e+02  -99.000  -99.000  -999
OBS: 6000449  53809.305   111.00   0.0000e+00   9.4348e+01   5.6789e+01   0  J  0.00  1   !  -9.99000e+02  -99.000  -99.000  -999
OBS: 6000449  53811.305   113.00   0.0000e+00   8.9083e+01   5.3620e+01   0  J  0.00  1   !  -9.99000e+02  -99.000  -99.000  -999
OBS: 6000449  53813.305   115.00   0.0000e+00   8.4113e+01   5.0628e+01   0  J  0.00  1   !  -9.99000e+02  -99.000  -99.000  -999
OBS: 6000449  53815.305   117.00   0.0000e+00   7.9419e+01   4.7803e+01   0  J  0.00  1   !  -9.99000e+02  -99.000  -99.000  -999
OBS: 6000449  53817.305   119.00   0.0000e+00   7.4988e+01   4.5136e+01   0  J  0.00  1   !  -9.99000e+02  -99.000  -99.000  -999
OBS: 6000449  53819.305   121.00   0.0000e+00   7.0803e+01   4.2617e+01   0  J  0.00  1   !  -9.99000e+02  -99.000  -99.000  -999
OBS: 6000449  53821.305   123.00   0.0000e+00   6.6853e+01   4.0239e+01   0  J  0.00  1   !  -9.99000e+02  -99.000  -99.000  -999
OBS: 6000449  53823.305   125.00   0.0000e+00   6.3122e+01   3.7994e+01   0  J  0.00  1   !  -9.99000e+02  -99.000  -99.000  -999
OBS: 6000449  53825.305   127.00   0.0000e+00   5.9600e+01   3.5874e+01   0  J  0.00  1   !  -9.99000e+02  -99.000  -99.000  -999
OBS: 6000449  53827.305   129.00   0.0000e+00   5.6274e+01   3.3872e+01   0  J  0.00  1   !  -9.99000e+02  -99.000  -99.000  -999
OBS: 6000449  53829.305   131.00   0.0000e+00   5.3134e+01   3.1982e+01   0  J  0.00  1   !  -9.99000e+02  -99.000  -99.000  -999
OBS: 6000449  53831.305   133.00   0.0000e+00   5.0169e+01   3.0198e+01   0  J  0.00  1   !  -9.99000e+02  -99.000  -99.000  -999
OBS: 6000449  53833.305   135.00   0.0000e+00   4.7370e+01   2.8513e+01   0  J  0.00  1   !  -9.99000e+02  -99.000  -99.000  -999
OBS: 6000449  53835.305   137.00   0.0000e+00   4.4727e+01   2.6922e+01   0  J  0.00  1   !  -9.99000e+02  -99.000  -99.000  -999
OBS: 6000449  53837.305   139.00   0.0000e+00   4.2231e+01   2.5419e+01   0  J  0.00  1   !  -9.99000e+02  -99.000  -99.000  -999
OBS: 6000449  53688.520    -9.78   3.8546e+03   3.9862e+03   4.7791e+02   1  Y  0.62  1   Y  2.04078e+18  -0.131  -0.627  1.00000e+11
OBS: 6000449  53688.531    -9.77   3.8595e+03   3.8827e+03   4.6046e+02   1  Y  0.35  1   Y  1.98766e+18  -0.131  -0.628  1.00000e+11
OBS: 6000449  53691.531    -6.77   5.1579e+03   5.0295e+03   3.9122e+02   1  Y  0.28  1   Y  2.40100e+18  -0.207  -0.864  1.00000e+11
OBS: 6000449  53691.531    -6.77   5.1579e+03   4.8844e+03   4.7778e+02   1  Y  0.02  1   Y  2.33172e+18  -0.207  -0.864  1.00000e+11
OBS: 6000449  53693.531    -4.77   5.5324e+03   5.9777e+03   4.8454e+02   1  Y  2.59  1   Y  2.75370e+18  -0.246  -1.065  1.00000e+11
OBS: 6000449  53693.539    -4.76   5.5332e+03   5.6541e+03   5.5989e+02   1  Y  0.71  1   Y  2.60421e+18  -0.246  -1.067  1.00000e+11
OBS: 6000449  53696.480    -1.82   5.2007e+03   5.6557e+03   5.1809e+02   1  Y  2.19  1   Y  2.56441e+18  -0.263  -1.382  1.00000e+11
OBS: 6000449  53696.488    -1.81   5.1974e+03   5.2193e+03   3.7405e+02   1  Y  0.82  1   Y  2.36689e+18  -0.263  -1.383  1.00000e+11
OBS: 6000449  53701.531     3.23   3.8654e+03   3.4577e+03   5.9133e+02   1  Y  0.07  1   Y  1.51254e+18  -0.302  -1.538  1.00000e+11
OBS: 6000449  53701.539     3.24   3.8634e+03   3.7730e+03   4.3775e+02   1  Y  0.12  1   Y  1.65018e+18  -0.302  -1.538  1.00000e+11
OBS: 6000449  53705.488     7.19   3.1176e+03   2.7366e+03   4.0519e+02   1  Y  0.17  1   Y  1.14369e+18  -0.351  -1.850  1.00000e+11
OBS: 6000449  53705.488     7.19   3.1176e+03   3.1717e+03   4.4904e+02   1  Y  0.30  1   Y  1.32555e+18  -0.351  -1.850  1.00000e+11
OBS: 6000449  53710.520    12.22   2.8116e+03   3.4428e+03   4.3102e+02   1  Y  3.16  1   Y  1.42460e+18  -0.362  -1.777  1.00000e+11
OBS: 6000449  53710.520    12.22   2.8116e+03   2.6384e+03   4.1383e+02   1  Y  0.00  1   Y  1.09177e+18  -0.362  -1.777  1.00000e+11
OBS: 6000449  53714.539    16.24   3.0929e+03   3.2996e+03   4.0067e+02   1  Y  0.93  1   Y  1.36183e+18  -0.365  -1.304  1.00000e+11
OBS: 6000449  53714.551    16.25   3.0941e+03   3.0327e+03   3.4847e+02   1  Y  0.14  1   Y  1.25163e+18  -0.365  -1.303  1.00000e+11
OBS: 6000449  53718.531    20.23   3.6288e+03   3.6414e+03   3.3979e+02   1  Y  0.46  1   Y  1.52625e+18  -0.348  -1.066  1.00000e+11
OBS: 6000449  53718.539    20.24   3.6300e+03   3.5416e+03   3.6593e+02   1  Y  0.15  1   Y  1.48466e+18  -0.348  -1.065  1.00000e+11
OBS: 6000449  53639.305   -59.00   0.0000e+00   0.0000e+00   0.0000e+00   0  Y  0.00  1   !  -9.99000e+02  -99.000  -99.000  -999
OBS: 6000449  53641.305   -57.00   0.0000e+00   0.0000e+00   0.0000e+00   0  Y  0.00  1   !  -9.99000e+02  -99.000  -99.000  -999
OBS: 6000449  53643.305   -55.00   0.0000e+00   0.0000e+00   0.0000e+00   0  Y  0.00  1   !  -9.99000e+02  -99.000  -99.000  -999
OBS: 6000449  53645.305   -53.00   0.0000e+00   0.0000e+00   0.0000e+00   0  Y  0.00  1   !  -9.99000e+02  -99.000  -99.000  -999
OBS: 6000449  53647.305   -51.00   0.0000e+00   0.0000e+00   0.0000e+00   0  Y  0.00  1   !  -9.99000e+02  -99.000  -99.000  -999
OBS: 6000449  53649.305   -49.00   0.0000e+00   0.0000e+00   0.0000e+00   0  Y  0.00  1   !  -9.99000e+02  -99.000  -99.000  -999
OBS: 6000449  53651.305   -47.00   0.0000e+00   0.0000e+00   0.0000e+00   0  Y  0.00  1   !  -9.99000e+02  -99.000  -99.000  -999
OBS: 6000449  53653.305   -45.00   0.0000e+00   0.0000e+00   0.0000e+00   0  Y  0.00  1   !  -9.99000e+02  -99.000  -99.000  -999
OBS: 6000449  53655.305   -43.00   0.0000e+00   0.0000e+00   0.0000e+00   0  Y  0.00  1   !  -9.99000e+02  -99.000  -99.000  -999
OBS: 6000449  53657.305   -41.00   0.0000e+00   0.0000e+00   0.0000e+00   0  Y  0.00  1   !  -9.99000e+02  -99.000  -99.000  -999
OBS: 6000449  53659.305   -39.00   0.0000e+00   0.0000e+00   0.0000e+00   0  Y  0.00  1   !  -9.99000e+02  -99.000  -99.000  -999
OBS: 6000449  53661.305   -37.00   0.0000e+00   0.0000e+00   0.0000e+00   0  Y  0.00  1   !  -9.99000e+02  -99.000  -99.000  -999
OBS: 6000449  53663.305   -35.00   0.0000e+00   0.0000e+00   0.0000e+00   0  Y  0.00  1   !  -9.99000e+02  -99.000  -99.000  -999
OBS: 6000449  53665.305   -33.00   0.0000e+00   0.0000e+00   0.0000e+00   0  Y  0.00  1   !  -9.99000e+02  -99.000  -99.000  -999
OBS: 6000449  53667.305   -31.00   0.0000e+00   0.0000e+00   0.0000e+00   0  Y  0.00  1   !  -9.99000e+02  -99.000  -99.000  -999
OBS: 6000449  53669.305   -29.00   0.0000e+00   0.0000e+00   0.0000e+00   0  Y  0.00  1   !  -9.99000e+02  -99.000  -99.000  -999
OBS: 6000449  53671.305   -27.00   0.0000e+00   0.0000e+00   0.0000e+00   0  Y  0.00  1   !  -9.99000e+02  -99.000  -99.000  -999
OBS: 6000449  53673.305   -25.00   0.0000e+00   0.0000e+00   0.0000e+00   0  Y  0.00  1   !  -9.99000e+02  -99.000  -99.000  -999
OBS: 6000449  53675.305   -23.00   0.0000e+00   0.0000e+00   0.0000e+00   0  Y  0.00  1   !  -9.99000e+02  -99.000  -99.000  -999
OBS: 6000449  53677.305   -21.00   0.0000e+00   8.4617e+02   5.0932e+02   0  Y  0.00  1   !  -9.99000e+02  -99.000  -99.000  -999
OBS: 6000449  53679.305   -19.00   0.0000e+00   8.0388e+02   4.8386e+02   0  Y  0.00  1   !  -9.99000e+02  -99.000  -99.000  -999
OBS: 6000449  53681.305   -17.00   0.0000e+00   8.0042e+02   4.8178e+02   0  Y  0.00  1   !  -9.99000e+02  -99.000  -99.000  -999
OBS: 6000449  53683.305   -15.00   0.0000e+00   1.1421e+03   3.6412e+02   0  Y  0.00  1   !  -9.99000e+02  -99.000  -99.000  -999
OBS: 6000449  53685.305   -13.00   0.0000e+00   2.0623e+03   1.9370e+02   0  Y  0.00  1   !  -9.99000e+02  -99.000  -99.000  -999
OBS: 6000449  53687.305   -11.00   0.0000e+00   3.0295e+03   1.5041e+02   0  Y  0.00  1   !  -9.99000e+02  -99.000  -99.000  -999
OBS: 6000449  53689.305    -9.00   0.0000e+00   3.9427e+03   1.4129e+02   0  Y  0.00  1   !  -9.99000e+02  -99.000  -99.000  -999
OBS: 6000449  53691.305    -7.00   0.0000e+00   4.7486e+03   1.3442e+02   0  Y  0.00  1   !  -9.99000e+02  -99.000  -99.000  -999
OBS: 6000449  53693.305    -5.00   0.0000e+00   5.1485e+03   1.3849e+02   0  Y  0.00  1   !  -9.99000e+02  -99.000  -99.000  -999
OBS: 6000449  53695.305    -3.00   0.0000e+00   5.1232e+03   1.4304e+02   0  Y  0.00  1   !  -9.99000e+02  -99.000  -99.000  -999
OBS: 6000449  53697.305    -1.00   0.0000e+00   4.6068e+03   1.3442e+02   0  Y  0.00  1   !  -9.99000e+02  -99.000  -99.000  -999
OBS: 6000449  53699.305     1.00   0.0000e+00   4.0313e+03   1.3391e+02   0  Y  0.00  1   !  -9.99000e+02  -99.000  -99.000  -999
OBS: 6000449  53701.305     3.00   0.0000e+00   3.6492e+03   1.4338e+02   0  Y  0.00  1   !  -9.99000e+02  -99.000  -99.000  -999
OBS: 6000449  53703.305     5.00   0.0000e+00   3.2779e+03   1.4415e+02   0  Y  0.00  1   !  -9.99000e+02  -99.000  -99.000  -999
OBS: 6000449  53705.305     7.00   0.0000e+00   2.9415e+03   1.4295e+02   0  Y  0.00  1   !  -9.99000e+02  -99.000  -99.000  -999
OBS: 6000449  53707.305     9.00   0.0000e+00   2.7495e+03   1.5288e+02   0  Y  0.00  1   !  -9.99000e+02  -99.000  -99.000  -999
OBS: 6000449  53709.305    11.00   0.0000e+00   2.6524e+03   1.6137e+02   0  Y  0.00  1   !  -9.99000e+02  -99.000  -99.000  -999
OBS: 6000449  53711.305    13.00   0.0000e+00   2.6429e+03   1.5811e+02   0  Y  0.00  1   !  -9.99000e+02  -99.000  -99.000  -999
OBS: 6000449  53713.305    15.00   0.0000e+00   2.7599e+03   1.5288e+02   0  Y  0.00  1   !  -9.99000e+02  -99.000  -99.000  -999
OBS: 6000449  53715.305    17.00   0.0000e+00   2.9760e+03   1.5657e+02   0  Y  0.00  1   !  -9.99000e+02  -99.000  -99.000  -999
OBS: 6000449  53717.305    19.00   0.0000e+00   3.2194e+03   1.5590e+02   0  Y  0.00  1   !  -9.99000e+02  -99.000  -99.000  -999
OBS: 6000449  53719.305    21.00   0.0000e+00   3.4798e+03   1.5575e+02   0  Y  0.00  1   !  -9.99000e+02  -99.000  -99.000  -999
OBS: 6000449  53721.305    23.00   0.0000e+00   3.6329e+03   1.5348e+02   0  Y  0.00  1   !  -9.99000e+02  -99.000  -99.000  -999
OBS: 6000449  53723.305    25.00   0.0000e+00   3.9044e+03   1.5264e+02   0  Y  0.00  1   !  -9.99000e+02  -99.000  -99.000  -999
OBS: 6000449  53725.305    27.00   0.0000e+00   4.3990e+03   1.5388e+02   0  Y  0.00  1   !  -9.99000e+02  -99.000  -99.000  -999
OBS: 6000449  53727.305    29.00   0.0000e+00   4.8355e+03   1.5531e+02   0  Y  0.00  1   !  -9.99000e+02  -99.000  -99.000  -999
OBS: 6000449  53729.305    31.00   0.0000e+00   5.0452e+03   1.5837e+02   0  Y  0.00  1   !  -9.99000e+02  -99.000  -99.000  -999
OBS: 6000449  53731.305    33.00   0.0000e+00   5.0961e+03   1.6366e+02   0  Y  0.00  1   !  -9.99000e+02  -99.000  -99.000  -999
OBS: 6000449  53733.305    35.00   0.0000e+00   4.9988e+03   1.6000e+02   0  Y  0.00  1   !  -9.99000e+02  -99.000  -99.000  -999
OBS: 6000449  53735.305    37.00   0.0000e+00   4.8025e+03   1.5020e+02   0  Y  0.00  1   !  -9.99000e+02  -99.000  -99.000  -999
OBS: 6000449  53737.305    39.00   0.0000e+00   4.6379e+03   1.5617e+02   0  Y  0.00  1   !  -9.99000e+02  -99.000  -99.000  -999
OBS: 6000449  53739.305    41.00   0.0000e+00   4.3519e+03   1.6110e+02   0  Y  0.00  1   !  -9.99000e+02  -99.000  -99.000  -999
OBS: 6000449  53741.305    43.00   0.0000e+00   3.9756e+03   1.4871e+02   0  Y  0.00  1   !  -9.99000e+02  -99.000  -99.000  -999
OBS: 6000449  53743.305    45.00   0.0000e+00   3.6132e+03   1.3211e+02   0  Y  0.00  1   !  -9.99000e+02  -99.000  -99.000  -999
OBS: 6000449  53745.305    47.00   0.0000e+00   3.3233e+03   1.1941e+02   0  Y  0.00  1   !  -9.99000e+02  -99.000  -99.000  -999
OBS: 6000449  53747.305    49.00   0.0000e+00   3.0571e+03   1.1444e+02   0  Y  0.00  1   !  -9.99000e+02  -99.000  -99.000  -999
OBS: 6000449  53749.305    51.00   0.0000e+00   2.7749e+03   1.1723e+02   0  Y  0.00  1   !  -9.99000e+02  -99.000  -99.000  -999
OBS: 6000449  53751.305    53.00   0.0000e+00   2.4542e+03   4.2480e+02   0  Y  0.00  1   !  -9.99000e+02  -99.000  -99.000  -999
OBS: 6000449  53753.305    55.00   0.0000e+00   2.1193e+03   1.2756e+03   0  Y  0.00  1   !  -9.99000e+02  -99.000  -99.000  -999
OBS: 6000449  53755.305    57.00   0.0000e+00   1.8591e+03   1.1190e+03   0  Y  0.00  1   !  -9.99000e+02  -99.000  -99.000  -999
OBS: 6000449  53757.305    59.00   0.0000e+00   1.6755e+03   1.0085e+03   0  Y  0.00  1   !  -9.99000e+02  -99.000  -99.000  -999
OBS: 6000449  53759.305    61.00   0.0000e+00   1.5333e+03   9.2294e+02   0  Y  0.00  1   !  -9.99000e+02  -99.000  -99.000  -999
OBS: 6000449  53761.305    63.00   0.0000e+00   1.4332e+03   8.6265e+02   0  Y  0.00  1   !  -9.99000e+02  -99.000  -99.000  -999
OBS: 6000449  53763.305    65.00   0.0000e+00   1.2425e+03   7.4786e+02   0  Y  0.00  1   !  -9.99000e+02  -99.000  -99.000  -999
OBS: 6000449  53765.305    67.00   0.0000e+00   1.0628e+03   6.3971e+02   0  Y  0.00  1   !  -9.99000e+02  -99.000  -99.000  -999
OBS: 6000449  53767.305    69.00   0.0000e+00   9.2439e+02   5.5640e+02   0  Y  0.00  1   !  -9.99000e+02  -99.000  -99.000  -999
OBS: 6000449  53769.305    71.00   0.0000e+00   8.1663e+02   4.9154e+02   0  Y  0.00  1   !  -9.99000e+02  -99.000  -99.000  -999
OBS: 6000449  53771.305    73.00   0.0000e+00   7.3151e+02   4.4030e+02   0  Y  0.00  1   !  -9.99000e+02  -99.000  -99.000  -999
OBS: 6000449  53773.305    75.00   0.0000e+00   6.6368e+02   3.9948e+02   0  Y  0.00  1   !  -9.99000e+02  -99.000  -99.000  -999
OBS: 6000449  53775.305    77.00   0.0000e+00   6.0858e+02   3.6631e+02   0  Y  0.00  1   !  -9.99000e+02  -99.000  -99.000  -999
OBS: 6000449  53777.305    79.00   0.0000e+00   5.5317e+02   3.3296e+02   0  Y  0.00  1   !  -9.99000e+02  -99.000  -99.000  -999
OBS: 6000449  53779.305    81.00   0.0000e+00   4.9053e+02   2.9526e+02   0  Y  0.00  1   !  -9.99000e+02  -99.000  -99.000  -999
OBS: 6000449  53781.305    83.00   0.0000e+00   4.3561e+02   2.6220e+02   0  Y  0.00  1   !  -9.99000e+02  -99.000  -99.000  -999
OBS: 6000449  53783.305    85.00   0.0000e+00   3.8753e+02   2.3326e+02   0  Y  0.00  1   !  -9.99000e+02  -99.000  -99.000  -999
OBS: 6000449  53785.305    87.00   0.0000e+00   3.4558e+02   2.0801e+02   0  Y  0.00  1   !  -9.99000e+02  -99.000  -99.000  -999
OBS: 6000449  53787.305    89.00   0.0000e+00   3.0911e+02   1.8606e+02   0  Y  0.00  1   !  -9.99000e+02  -99.000  -99.000  -999
OBS: 6000449  53789.305    91.00   0.0000e+00   2.7433e+02   1.6512e+02   0  Y  0.00  1   !  -9.99000e+02  -99.000  -99.000  -999
OBS: 6000449  53791.305    93.00   0.0000e+00   2.4161e+02   1.4543e+02   0  Y  0.00  1   !  -9.99000e+02  -99.000  -99.000  -999
OBS: 6000449  53793.305    95.00   0.0000e+00   2.1279e+02   1.2808e+02   0  Y  0.00  1   !  -9.99000e+02  -99.000  -99.000  -999
OBS: 6000449  53795.305    97.00   0.0000e+00   1.8740e+02   1.1280e+02   0  Y  0.00  1   !  -9.99000e+02  -99.000  -99.000  -999
OBS: 6000449  53797.305    99.00   0.0000e+00   1.6504e+02   9.9342e+01   0  Y  0.00  1   !  -9.99000e+02  -99.000  -99.000  -999
OBS: 6000449  53799.305   101.00   0.0000e+00   1.4536e+02   8.7493e+01   0  Y  0.00  1   !  -9.99000e+02  -99.000  -99.000  -999
OBS: 6000449  53801.305   103.00   0.0000e+00   1.2801e+02   7.7049e+01   0  Y  0.00  1   !  -9.99000e+02  -99.000  -99.000  -999
OBS: 6000449  53803.305   105.00   0.0000e+00   1.1272e+02   6.7849e+01   0  Y  0.00  1   !  -9.99000e+02  -99.000  -99.000  -999
OBS: 6000449  53805.305   107.00   0.0000e+00   9.9262e+01   5.9747e+01   0  Y  0.00  1   !  -9.99000e+02  -99.000  -99.000  -999
OBS: 6000449  53807.305   109.00   0.0000e+00   8.7407e+01   5.2611e+01   0  Y  0.00  1   !  -9.99000e+02  -99.000  -99.000  -999
OBS: 6000449  53809.305   111.00   0.0000e+00   7.6966e+01   4.6327e+01   0  Y  0.00  1   !  -9.99000e+02  -99.000  -99.000  -999
OBS: 6000449  53811.305   113.00   0.0000e+00   6.7782e+01   4.0799e+01   0  Y  0.00  1   !  -9.99000e+02  -99.000  -99.000  -999
OBS: 6000449  53813.305   115.00   0.0000e+00   5.9687e+01   3.5926e+01   0  Y  0.00  1   !  -9.99000e+02  -99.000  -99.000  -999
OBS: 6000449  53815.305   117.00   0.0000e+00   5.2554e+01   3.1633e+01   0  Y  0.00  1   !  -9.99000e+02  -99.000  -99.000  -999
OBS: 6000449  53817.305   119.00   0.0000e+00   4.6272e+01   2.7852e+01   0  Y  0.00  1   !  -9.99000e+02  -99.000  -99.000  -999
OBS: 6000449  53819.305   121.00   0.0000e+00   4.0740e+01   2.4522e+01   0  Y  0.00  1   !  -9.99000e+02  -99.000  -99.000  -999
OBS: 6000449  53821.305   123.00   0.0000e+00   3.5869e+01   2.1590e+01   0  Y  0.00  1   !  -9.99000e+02  -99.000  -99.000  -999
OBS: 6000449  53823.305   125.00   0.0000e+00   3.1585e+01   1.9011e+01   0  Y  0.00  1   !  -9.99000e+02  -99.000  -99.000  -999
OBS: 6000449  53825.305   127.00   0.0000e+00   2.7812e+01   1.6741e+01   0  Y  0.00  1   !  -9.99000e+02  -99.000  -99.000  -999
OBS: 6000449  53827.305   129.00   0.0000e+00   2.4485e+01   1.4738e+01   0  Y  0.00  1   !  -9.99000e+02  -99.000  -99.000  -999
OBS: 6000449  53829.305   131.00   0.0000e+00   2.1556e+01   1.2975e+01   0  Y  0.00  1   !  -9.99000e+02  -99.000  -99.000  -999
OBS: 6000449  53831.305   133.00   0.0000e+00   1.8977e+01   1.1422e+01   0  Y  0.00  1   !  -9.99000e+02  -99.000  -99.000  -999
OBS: 6000449  53833.305   135.00   0.0000e+00   1.6706e+01   1.0055e+01   0  Y  0.00  1   !  -9.99000e+02  -99.000  -99.000  -999
OBS: 6000449  53835.305   137.00   0.0000e+00   1.4708e+01   8.8526e+00   0  Y  0.00  1   !  -9.99000e+02  -99.000  -99.000  -999
OBS: 6000449  53837.305   139.00   0.0000e+00   1.2952e+01   7.7958e+00   0  Y  0.00  1   !  -9.99000e+02  -99.000  -99.000  -999
OBS: 6000449  53688.520    -9.78   3.1408e+03   3.0318e+03   1.1502e+03   1  H  0.40  1   H  1.51819e+18  -0.155  -3.066  1.00000e+11
OBS: 6000449  53688.531    -9.77   3.1444e+03   5.4037e+03   1.3450e+03   1  H  1.44  1   H  2.70618e+18  -0.155  -3.059  1.00000e+11
OBS: 6000449  53691.531    -6.77   3.8832e+03   4.4818e+03   1.3917e+03   1  H  0.02  1   H  2.28015e+18  -0.138  -1.525  1.00000e+11
OBS: 6000449  53691.531    -6.77   3.8832e+03   2.2877e+03   1.5860e+03   1  H  2.23  1   H  1.16389e+18  -0.138  -1.525  1.00000e+11
OBS: 6000449  53693.531    -4.77   4.0031e+03   3.6704e+03   2.1582e+03   1  H  0.28  1   H  1.88133e+18  -0.130  -1.123  1.00000e+11
OBS: 6000449  53693.539    -4.76   4.0030e+03   4.0591e+02   2.0205e+03   1  H  4.73  1   H  2.08066e+17  -0.130  -1.122  1.00000e+11
OBS: 6000449  53696.480    -1.82   3.6874e+03   3.5150e+03   1.0567e+03   1  H  0.75  1   H  1.86429e+18  -0.093  -0.767  1.00000e+11
OBS: 6000449  53696.488    -1.81   3.6852e+03   4.5480e+03   1.0990e+03   1  H  0.01  1   H  2.41289e+18  -0.092  -0.765  1.00000e+11
OBS: 6000449  53701.531     3.23   2.8860e+03   3.2535e+03   1.4280e+03   1  H  0.02  1   H  1.90023e+18  0.012  0.188  1.00000e+11
OBS: 6000449  53701.539     3.24   2.8846e+03   2.2018e+03   1.6646e+03   1  H  0.58  1   H  1.28629e+18  0.012  0.188  1.00000e+11
OBS: 6000449  53705.488     7.19   2.2988e+03   2.3593e+03   1.0505e+03   1  H  0.15  1   H  1.55801e+18  0.145  -0.420  1.00000e+11
OBS: 6000449  53705.488     7.19   2.2988e+03  -6.4388e+02   1.2403e+03   1  H  7.49  1   H  -4.25196e+17  0.145  -0.420  1.00000e+11
OBS: 6000449  53710.520    12.22   1.9630e+03   2.0447e+03   1.3636e+03   1  H  0.05  1   H  1.48045e+18  0.245  -1.273  1.00000e+11
OBS: 6000449  53710.520    12.22   1.9630e+03   3.9508e+03   1.4747e+03   1  H  1.16  1   H  2.86051e+18  0.245  -1.273  1.00000e+11
OBS: 6000449  53714.539    16.24   2.1368e+03   1.1740e+03   1.6765e+03   1  H  0.69  1   H  8.48423e+17  0.243  -1.493  1.00000e+11
OBS: 6000449  53714.551    16.25   2.1374e+03   9.6410e+02   1.6895e+03   1  H  0.90  1   H  6.96719e+17  0.243  -1.494  1.00000e+11
OBS: 6000449  53639.305   -59.00   0.0000e+00   0.0000e+00   0.0000e+00   0  H  0.00  1   !  -9.99000e+02  -99.000  -99.000  -999
OBS: 6000449  53641.305   -57.00   0.0000e+00   0.0000e+00   0.0000e+00   0  H  0.00  1   !  -9.99000e+02  -99.000  -99.000  -999
OBS: 6000449  53643.305   -55.00   0.0000e+00   0.0000e+00   0.0000e+00   0  H  0.00  1   !  -9.99000e+02  -99.000  -99.000  -999
OBS: 6000449  53645.305   -53.00   0.0000e+00   0.0000e+00   0.0000e+00   0  H  0.00  1   !  -9.99000e+02  -99.000  -99.000  -999
OBS: 6000449  53647.305   -51.00   0.0000e+00   0.0000e+00   0.0000e+00   0  H  0.00  1   !  -9.99000e+02  -99.000  -99.000  -999
OBS: 6000449  53649.305   -49.00   0.0000e+00   0.0000e+00   0.0000e+00   0  H  0.00  1   !  -9.99000e+02  -99.000  -99.000  -999
OBS: 6000449  53651.305   -47.00   0.0000e+00   0.0000e+00   0.0000e+00   0  H  0.00  1   !  -9.99000e+02  -99.000  -99.000  -999
OBS: 6000449  53653.305   -45.00   0.0000e+00   0.0000e+00   0.0000e+00   0  H  0.00  1   !  -9.99000e+02  -99.000  -99.000  -999
OBS: 6000449  53655.305   -43.00   0.0000e+00   0.0000e+00   0.0000e+00   0  H  0.00  1   !  -9.99000e+02  -99.000  -99.000  -999
OBS: 6000449  53657.305   -41.00   0.0000e+00   0.0000e+00   0.0000e+00   0  H  0.00  1   !  -9.99000e+02  -99.000  -99.000  -999
OBS: 6000449  53659.305   -39.00   0.0000e+00   0.0000e+00   0.0000e+00   0  H  0.00  1   !  -9.99000e+02  -99.000  -99.000  -999
OBS: 6000449  53661.305   -37.00   0.0000e+00   0.0000e+00   0.0000e+00   0  H  0.00  1   !  -9.99000e+02  -99.000  -99.000  -999
OBS: 6000449  53663.305   -35.00   0.0000e+00   0.0000e+00   0.0000e+00   0  H  0.00  1   !  -9.99000e+02  -99.000  -99.000  -999
OBS: 6000449  53665.305   -33.00   0.0000e+00   0.0000e+00   0.0000e+00   0  H  0.00  1   !  -9.99000e+02  -99.000  -99.000  -999
OBS: 6000449  53667.305   -31.00   0.0000e+00   0.0000e+00   0.0000e+00   0  H  0.00  1   !  -9.99000e+02  -99.000  -99.000  -999
OBS: 6000449  53669.305   -29.00   0.0000e+00   0.0000e+00   0.0000e+00   0  H  0.00  1   !  -9.99000e+02  -99.000  -99.000  -999
OBS: 6000449  53671.305   -27.00   0.0000e+00   0.0000e+00   0.0000e+00   0  H  0.00  1   !  -9.99000e+02  -99.000  -99.000  -999
OBS: 6000449  53673.305   -25.00   0.0000e+00   0.0000e+00   0.0000e+00   0  H  0.00  1   !  -9.99000e+02  -99.000  -99.000  -999
OBS: 6000449  53675.305   -23.00   0.0000e+00   0.0000e+00   0.0000e+00   0  H  0.00  1   !  -9.99000e+02  -99.000  -99.000  -999
OBS: 6000449  53677.305   -21.00   0.0000e+00   8.1422e+02   4.9009e+02   0  H  0.00  1   !  -9.99000e+02  -99.000  -99.000  -999
OBS: 6000449  53679.305   -19.00   0.0000e+00   9.4207e+02   5.6704e+02   0  H  0.00  1   !  -9.99000e+02  -99.000  -99.000  -999
OBS: 6000449  53681.305   -17.00   0.0000e+00   9.4329e+02   5.6778e+02   0  H  0.00  1   !  -9.99000e+02  -99.000  -99.000  -999
OBS: 6000449  53683.305   -15.00   0.0000e+00   1.3001e+03   7.8256e+02   0  H  0.00  1   !  -9.99000e+02  -99.000  -99.000  -999
OBS: 6000449  53685.305   -13.00   0.0000e+00   2.2505e+03   2.3019e+02   0  H  0.00  1   !  -9.99000e+02  -99.000  -99.000  -999
OBS: 6000449  53687.305   -11.00   0.0000e+00   3.2352e+03   1.7568e+02   0  H  0.00  1   !  -9.99000e+02  -99.000  -99.000  -999
OBS: 6000449  53689.305    -9.00   0.0000e+00   4.0695e+03   1.5891e+02   0  H  0.00  1   !  -9.99000e+02  -99.000  -99.000  -999
OBS: 6000449  53691.305    -7.00   0.0000e+00   4.6294e+03   1.5033e+02   0  H  0.00  1   !  -9.99000e+02  -99.000  -99.000  -999
OBS: 6000449  53693.305    -5.00   0.0000e+00   4.8192e+03   1.5477e+02   0  H  0.00  1   !  -9.99000e+02  -99.000  -99.000  -999
OBS: 6000449  53695.305    -3.00   0.0000e+00   4.6732e+03   1.4943e+02   0  H  0.00  1   !  -9.99000e+02  -99.000  -99.000  -999
OBS: 6000449  53697.305    -1.00   0.0000e+00   4.2249e+03   1.3235e+02   0  H  0.00  1   !  -9.99000e+02  -99.000  -99.000  -999
OBS: 6000449  53699.305     1.00   0.0000e+00   3.8086e+03   1.2996e+02   0  H  0.00  1   !  -9.99000e+02  -99.000  -99.000  -999
OBS: 6000449  53701.305     3.00   0.0000e+00   3.5068e+03   1.3547e+02   0  H  0.00  1   !  -9.99000e+02  -99.000  -99.000  -999
OBS: 6000449  53703.305     5.00   0.0000e+00   3.1556e+03   1.3045e+02   0  H  0.00  1   !  -9.99000e+02  -99.000  -99.000  -999
OBS: 6000449  53705.305     7.00   0.0000e+00   2.7986e+03   1.2417e+02   0  H  0.00  1   !  -9.99000e+02  -99.000  -99.000  -999
OBS: 6000449  53707.305     9.00   0.0000e+00   2.5189e+03   1.1885e+02   0  H  0.00  1   !  -9.99000e+02  -99.000  -99.000  -999
OBS: 6000449  53709.305    11.00   0.0000e+00   2.3820e+03   1.1104e+02   0  H  0.00  1   !  -9.99000e+02  -99.000  -99.000  -999
OBS: 6000449  53711.305    13.00   0.0000e+00   2.3688e+03   1.0523e+02   0  H  0.00  1   !  -9.99000e+02  -99.000  -99.000  -999
OBS: 6000449  53713.305    15.00   0.0000e+00   2.4738e+03   1.0881e+02   0  H  0.00  1   !  -9.99000e+02  -99.000  -99.000  -999
OBS: 6000449  53715.305    17.00   0.0000e+00   2.6278e+03   1.0872e+02   0  H  0.00  1   !  -9.99000e+02  -99.000  -99.000  -999
OBS: 6000449  53717.305    19.00   0.0000e+00   2.7877e+03   1.0634e+02   0  H  0.00  1   !  -9.99000e+02  -99.000  -99.000  -999
OBS: 6000449  53719.305    21.00   0.0000e+00   2.9529e+03   1.0642e+02   0  H  0.00  1   !  -9.99000e+02  -99.000  -99.000  -999
OBS: 6000449  53721.305    23.00   0.0000e+00   3.0742e+03   1.1046e+02   0  H  0.00  1   !  -9.99000e+02  -99.000  -99.000  -999
OBS: 6000449  53723.305    25.00   0.0000e+00   3.1976e+03   1.1408e+02   0  H  0.00  1   !  -9.99000e+02  -99.000  -99.000  -999
OBS: 6000449  53725.305    27.00   0.0000e+00   3.3381e+03   1.1047e+02   0  H  0.00  1   !  -9.99000e+02  -99.000  -99.000  -999
OBS: 6000449  53727.305    29.00   0.0000e+00   3.4635e+03   1.1255e+02   0  H  0.00  1   !  -9.99000e+02  -99.000  -99.000  -999
OBS: 6000449  53729.305    31.00   0.0000e+00   3.5798e+03   1.2834e+02   0  H  0.00  1   !  -9.99000e+02  -99.000  -99.000  -999
OBS: 6000449  53731.305    33.00   0.0000e+00   3.6514e+03   1.5010e+02   0  H  0.00  1   !  -9.99000e+02  -99.000  -99.000  -999
OBS: 6000449  53733.305    35.00   0.0000e+00   3.6669e+03   1.5954e+02   0  H  0.00  1   !  -9.99000e+02  -99.000  -99.000  -999
OBS: 6000449  53735.305    37.00   0.0000e+00   3.5716e+03   1.7342e+02   0  H  0.00  1   !  -9.99000e+02  -99.000  -99.000  -999
OBS: 6000449  53737.305    39.00   0.0000e+00   3.3027e+03   1.9401e+02   0  H  0.00  1   !  -9.99000e+02  -99.000  -99.000  -999
OBS: 6000449  53739.305    41.00   0.0000e+00   2.9785e+03   2.0244e+02   0  H  0.00  1   !  -9.99000e+02  -99.000  -99.000  -999
OBS: 6000449  53741.305    43.00   0.0000e+00   2.5850e+03   1.8181e+02   0  H  0.00  1   !  -9.99000e+02  -99.000  -99.000  -999
OBS: 6000449  53743.305    45.00   0.0000e+00   2.2416e+03   1.5358e+02   0  H  0.00  1   !  -9.99000e+02  -99.000  -99.000  -999
OBS: 6000449  53745.305    47.00   0.0000e+00   2.0146e+03   1.3853e+02   0  H  0.00  1   !  -9.99000e+02  -99.000  -99.000  -999
OBS: 6000449  53747.305    49.00   0.0000e+00   1.8846e+03   1.3486e+02   0  H  0.00  1   !  -9.99000e+02  -99.000  -99.000  -999
OBS: 6000449  53749.305    51.00   0.0000e+00   1.7814e+03   1.3868e+02   0  H  0.00  1   !  -9.99000e+02  -99.000  -99.000  -999
OBS: 6000449  53751.305    53.00   0.0000e+00   1.6724e+03   1.6824e+02   0  H  0.00  1   !  -9.99000e+02  -99.000  -99.000  -999
OBS: 6000449  53753.305    55.00   0.0000e+00   1.5591e+03   9.3841e+02   0  H  0.00  1   !  -9.99000e+02  -99.000  -99.000  -999
OBS: 6000449  53755.305    57.00   0.0000e+00   1.4588e+03   8.7808e+02   0  H  0.00  1   !  -9.99000e+02  -99.000  -99.000  -999
OBS: 6000449  53757.305    59.00   0.0000e+00   1.3715e+03   8.2551e+02   0  H  0.00  1   !  -9.99000e+02  -99.000  -99.000  -999
OBS: 6000449  53759.305    61.00   0.0000e+00   1.2907e+03   7.7686e+02   0  H  0.00  1   !  -9.99000e+02  -99.000  -99.000  -999
OBS: 6000449  53761.305    63.00   0.0000e+00   1.2213e+03   7.3512e+02   0  H  0.00  1   !  -9.99000e+02  -99.000  -99.000  -999
OBS: 6000449  53763.305    65.00   0.0000e+00   1.0755e+03   6.4735e+02   0  H  0.00  1   !  -9.99000e+02  -99.000  -99.000  -999
OBS: 6000449  53765.305    67.00   0.0000e+00   9.4051e+02   5.6611e+02   0  H  0.00  1   !  -9.99000e+02  -99.000  -99.000  -999
OBS: 6000449  53767.305    69.00   0.0000e+00   8.3789e+02   5.0433e+02   0  H  0.00  1   !  -9.99000e+02  -99.000  -99.000  -999
OBS: 6000449  53769.305    71.00   0.0000e+00   7.6212e+02   4.5873e+02   0  H  0.00  1   !  -9.99000e+02  -99.000  -99.000  -999
OBS: 6000449  53771.305    73.00   0.0000e+00   7.0597e+02   4.2493e+02   0  H  0.00  1   !  -9.99000e+02  -99.000  -99.000  -999
OBS: 6000449  53773.305    75.00   0.0000e+00   6.5945e+02   3.9693e+02   0  H  0.00  1   !  -9.99000e+02  -99.000  -99.000  -999
OBS: 6000449  53775.305    77.00   0.0000e+00   6.1348e+02   3.6926e+02   0  H  0.00  1   !  -9.99000e+02  -99.000  -99.000  -999
OBS: 6000449  53777.305    79.00   0.0000e+00   5.7399e+02   3.4549e+02   0  H  0.00  1   !  -9.99000e+02  -99.000  -99.000  -999
OBS: 6000449  53779.305    81.00   0.0000e+00   5.4409e+02   3.2750e+02   0  H  0.00  1   !  -9.99000e+02  -99.000  -99.000  -999
OBS: 6000449  53781.305    83.00   0.0000e+00   5.1590e+02   3.1053e+02   0  H  0.00  1   !  -9.99000e+02  -99.000  -99.000  -999
OBS: 6000449  53783.305    85.00   0.0000e+00   4.8933e+02   2.9454e+02   0  H  0.00  1   !  -9.99000e+02  -99.000  -99.000  -999
OBS: 6000449  53785.305    87.00   0.0000e+00   4.6441e+02   2.7954e+02   0  H  0.00  1   !  -9.99000e+02  -99.000  -99.000  -999
OBS: 6000449  53787.305    89.00   0.0000e+00   4.4120e+02   2.6556e+02   0  H  0.00  1   !  -9.99000e+02  -99.000  -99.000  -999
OBS: 6000449  53789.305    91.00   0.0000e+00   4.1808e+02   2.5165e+02   0  H  0.00  1   !  -9.99000e+02  -99.000  -99.000  -999
OBS: 6000449  53791.305    93.00   0.0000e+00   3.9524e+02   2.3790e+02   0  H  0.00  1   !  -9.99000e+02  -99.000  -99.000  -999
OBS: 6000449  53793.305    95.00   0.0000e+00   3.7365e+02   2.2490e+02   0  H  0.00  1   !  -9.99000e+02  -99.000  -99.000  -999
OBS: 6000449  53795.305    97.00   0.0000e+00   3.5323e+02   2.1261e+02   0  H  0.00  1   !  -9.99000e+02  -99.000  -99.000  -999
OBS: 6000449  53797.305    99.00   0.0000e+00   3.3393e+02   2.0100e+02   0  H  0.00  1   !  -9.99000e+02  -99.000  -99.000  -999
OBS: 6000449  53799.305   101.00   0.0000e+00   3.1569e+02   1.9002e+02   0  H  0.00  1   !  -9.99000e+02  -99.000  -99.000  -999
OBS: 6000449  53801.305   103.00   0.0000e+00   2.9844e+02   1.7963e+02   0  H  0.00  1   !  -9.99000e+02  -99.000  -99.000  -999
OBS: 6000449  53803.305   105.00   0.0000e+00   2.8213e+02   1.6982e+02   0  H  0.00  1   !  -9.99000e+02  -99.000  -99.000  -999
OBS: 6000449  53805.305   107.00   0.0000e+00   2.6672e+02   1.6054e+02   0  H  0.00  1   !  -9.99000e+02  -99.000  -99.000  -999
OBS: 6000449  53807.305   109.00   0.0000e+00   2.5214e+02   1.5177e+02   0  H  0.00  1   !  -9.99000e+02  -99.000  -99.000  -999
OBS: 6000449  53809.305   111.00   0.0000e+00   2.3836e+02   1.4347e+02   0  H  0.00  1   !  -9.99000e+02  -99.000  -99.000  -999
OBS: 6000449  53811.305   113.00   0.0000e+00   2.2534e+02   1.3563e+02   0  H  0.00  1   !  -9.99000e+02  -99.000  -99.000  -999
OBS: 6000449  53813.305   115.00   0.0000e+00   2.1303e+02   1.2822e+02   0  H  0.00  1   !  -9.99000e+02  -99.000  -99.000  -999
OBS: 6000449  53815.305   117.00   0.0000e+00   2.0139e+02   1.2122e+02   0  H  0.00  1   !  -9.99000e+02  -99.000  -99.000  -999
OBS: 6000449  53817.305   119.00   0.0000e+00   1.9038e+02   1.1459e+02   0  H  0.00  1   !  -9.99000e+02  -99.000  -99.000  -999
OBS: 6000449  53819.305   121.00   0.0000e+00   1.7998e+02   1.0833e+02   0  H  0.00  1   !  -9.99000e+02  -99.000  -99.000  -999
OBS: 6000449  53821.305   123.00   0.0000e+00   1.7014e+02   1.0241e+02   0  H  0.00  1   !  -9.99000e+02  -99.000  -99.000  -999
OBS: 6000449  53823.305   125.00   0.0000e+00   1.6084e+02   9.6814e+01   0  H  0.00  1   !  -9.99000e+02  -99.000  -99.000  -999
OBS: 6000449  53825.305   127.00   0.0000e+00   1.5206e+02   9.1524e+01   0  H  0.00  1   !  -9.99000e+02  -99.000  -99.000  -999
OBS: 6000449  53827.305   129.00   0.0000e+00   1.4375e+02   8.6522e+01   0  H  0.00  1   !  -9.99000e+02  -99.000  -99.000  -999
OBS: 6000449  53829.305   131.00   0.0000e+00   1.3589e+02   8.1794e+01   0  H  0.00  1   !  -9.99000e+02  -99.000  -99.000  -999
OBS: 6000449  53831.305   133.00   0.0000e+00   1.2846e+02   7.7324e+01   0  H  0.00  1   !  -9.99000e+02  -99.000  -99.000  -999
OBS: 6000449  53833.305   135.00   0.0000e+00   1.2144e+02   7.3098e+01   0  H  0.00  1   !  -9.99000e+02  -99.000  -99.000  -999
OBS: 6000449  53835.305   137.00   0.0000e+00   1.1481e+02   6.9103e+01   0  H  0.00  1   !  -9.99000e+02  -99.000  -99.000  -999
OBS: 6000449  53837.305   139.00   0.0000e+00   1.0853e+02   6.5326e+01   0  H  0.00  1   !  -9.99000e+02  -99.000  -99.000  -999
