VARNAMES: CID MJD Tobs SIM_FLUXCAL FLUXCAL FLUXCAL_ERR DATAFLAG BAND CHI2 IFIT BAND_REST FLUX_REST KCOR AVWARP SIM_FLUX_REST 
OBS: 6000170  53374.871    12.06   1.8957e+03   1.8823e+03   1.3903e+02   1  J  0.27  1   J  9.04347e+17  -0.134  1.551  1.00000e+11
OBS: 6000170  53374.879    12.07   1.8949e+03   1.9792e+03   1.3936e+02   1  J  0.92  1   J  9.50883e+17  -0.134  1.554  1.00000e+11
OBS: 6000170  53398.859    36.05   3.3973e+03   3.5107e+03   1.1136e+02   1  J  0.86  1   J  1.45570e+18  -0.294  3.783  1.00000e+11
OBS: 6000170  53303.812   -59.00   0.0000e+00   0.0000e+00   0.0000e+00   0  J  0.00  1   !  -9.99000e+02  -99.000  -99.000  -999
OBS: 6000170  53305.812   -57.00   0.0000e+00   0.0000e+00   0.0000e+00   0  J  0.00  1   !  -9.99000e+02  -99.000  -99.000  -999
OBS: 6000170  53307.812   -55.00   0.0000e+00   0.0000e+00   0.0000e+00   0  J  0.00  1   !  -9.99000e+02  -99.000  -99.000  -999
OBS: 6000170  53309.812   -53.00   0.0000e+00   0.0000e+00   0.0000e+00   0  J  0.00  1   !  -9.99000e+02  -99.000  -99.000  -999
OBS: 6000170  53311.812   -51.00   0.0000e+00   0.0000e+00   0.0000e+00   0  J  0.00  1   !  -9.99000e+02  -99.000  -99.000  -999
OBS: 6000170  53313.812   -49.00   0.0000e+00   0.0000e+00   0.0000e+00   0  J  0.00  1   !  -9.99000e+02  -99.000  -99.000  -999
OBS: 6000170  53315.812   -47.00   0.0000e+00   0.0000e+00   0.0000e+00   0  J  0.00  1   !  -9.99000e+02  -99.000  -99.000  -999
OBS: 6000170  53317.812   -45.00   0.0000e+00   0.0000e+00   0.0000e+00   0  J  0.00  1   !  -9.99000e+02  -99.000  -99.000  -999
OBS: 6000170  53319.812   -43.00   0.0000e+00   0.0000e+00   0.0000e+00   0  J  0.00  1   !  -9.99000e+02  -99.000  -99.000  -999
OBS: 6000170  53321.812   -41.00   0.0000e+00   0.0000e+00   0.0000e+00   0  J  0.00  1   !  -9.99000e+02  -99.000  -99.000  -999
OBS: 6000170  53323.812   -39.00   0.0000e+00   0.0000e+00   0.0000e+00   0  J  0.00  1   !  -9.99000e+02  -99.000  -99.000  -999
OBS: 6000170  53325.812   -37.00   0.0000e+00   0.0000e+00   0.0000e+00   0  J  0.00  1   !  -9.99000e+02  -99.000  -99.000  -999
OBS: 6000170  53327.812   -35.00   0.0000e+00   0.0000e+00   0.0000e+00   0  J  0.00  1   !  -9.99000e+02  -99.000  -99.000  -999
OBS: 6000170  53329.812   -33.00   0.0000e+00   0.0000e+00   0.0000e+00   0  J  0.00  1   !  -9.99000e+02  -99.000  -99.000  -999
OBS: 6000170  53331.812   -31.00   0.0000e+00   0.0000e+00   0.0000e+00   0  J  0.00  1   !  -9.99000e+02  -99.000  -99.000  -999
OBS: 6000170  53333.812   -29.00   0.0000e+00   0.0000e+00   0.0000e+00   0  J  0.00  1   !  -9.99000e+02  -99.000  -99.000  -999
OBS: 6000170  53335.812   -27.00   0.0000e+00   0.0000e+00   0.0000e+00   0  J  0.00  1   !  -9.99000e+02  -99.000  -99.000  -999
OBS: 6000170  53337.812   -25.00   0.0000e+00   0.0000e+00   0.0000e+00   0  J  0.00  1   !  -9.99000e+02  -99.000  -99.000  -999
OBS: 6000170  53339.812   -23.00   0.0000e+00   0.0000e+00   0.0000e+00   0  J  0.00  1   !  -9.99000e+02  -99.000  -99.000  -999
OBS: 6000170  53341.812   -21.00   0.0000e+00   0.0000e+00   0.0000e+00   0  J  0.00  1   !  -9.99000e+02  -99.000  -99.000  -999
OBS: 6000170  53343.812   -19.00   0.0000e+00   2.1153e+03   1.2732e+03   0  J  0.00  1   !  -9.99000e+02  -99.000  -99.000  -999
OBS: 6000170  53345.812   -17.00   0.0000e+00   2.1388e+03   1.2874e+03   0  J  0.00  1   !  -9.99000e+02  -99.000  -99.000  -999
OBS: 6000170  53347.812   -15.00   0.0000e+00   2.5736e+03   7.9744e+02   0  J  0.00  1   !  -9.99000e+02  -99.000  -99.000  -999
OBS: 6000170  53349.812   -13.00   0.0000e+00   3.9226e+03   1.6615e+02   0  J  0.00  1   !  -9.99000e+02  -99.000  -99.000  -999
OBS: 6000170  53351.812   -11.00   0.0000e+00   5.2382e+03   1.3938e+02   0  J  0.00  1   !  -9.99000e+02  -99.000  -99.000  -999
OBS: 6000170  53353.812    -9.00   0.0000e+00   6.0335e+03   1.6608e+02   0  J  0.00  1   !  -9.99000e+02  -99.000  -99.000  -999
OBS: 6000170  53355.812    -7.00   0.0000e+00   6.3776e+03   1.5279e+02   0  J  0.00  1   !  -9.99000e+02  -99.000  -99.000  -999
OBS: 6000170  53357.812    -5.00   0.0000e+00   6.4889e+03   1.4181e+02   0  J  0.00  1   !  -9.99000e+02  -99.000  -99.000  -999
OBS: 6000170  53359.812    -3.00   0.0000e+00   6.2930e+03   1.5428e+02   0  J  0.00  1   !  -9.99000e+02  -99.000  -99.000  -999
OBS: 6000170  53361.812    -1.00   0.0000e+00   5.8193e+03   1.6134e+02   0  J  0.00  1   !  -9.99000e+02  -99.000  -99.000  -999
OBS: 6000170  53363.812     1.00   0.0000e+00   5.0110e+03   1.5926e+02   0  J  0.00  1   !  -9.99000e+02  -99.000  -99.000  -999
OBS: 6000170  53365.812     3.00   0.0000e+00   4.1231e+03   1.5471e+02   0  J  0.00  1   !  -9.99000e+02  -99.000  -99.000  -999
OBS: 6000170  53367.812     5.00   0.0000e+00   3.3980e+03   1.4660e+02   0  J  0.00  1   !  -9.99000e+02  -99.000  -99.000  -999
OBS: 6000170  53369.812     7.00   0.0000e+00   2.7511e+03   1.4676e+02   0  J  0.00  1   !  -9.99000e+02  -99.000  -99.000  -999
OBS: 6000170  53371.812     9.00   0.0000e+00   2.2174e+03   1.6567e+02   0  J  0.00  1   !  -9.99000e+02  -99.000  -99.000  -999
OBS: 6000170  53373.812    11.00   0.0000e+00   1.8714e+03   1.8072e+02   0  J  0.00  1   !  -9.99000e+02  -99.000  -99.000  -999
OBS: 6000170  53375.812    13.00   0.0000e+00   1.7248e+03   1.7226e+02   0  J  0.00  1   !  -9.99000e+02  -99.000  -99.000  -999
OBS: 6000170  53377.812    15.00   0.0000e+00   1.7551e+03   1.6301e+02   0  J  0.00  1   !  -9.99000e+02  -99.000  -99.000  -999
OBS: 6000170  53379.812    17.00   0.0000e+00   1.8314e+03   1.3623e+02   0  J  0.00  1   !  -9.99000e+02  -99.000  -99.000  -999
OBS: 6000170  53381.812    19.00   0.0000e+00   1.9119e+03   1.3514e+02   0  J  0.00  1   !  -9.99000e+02  -99.000  -99.000  -999
OBS: 6000170  53383.812    21.00   0.0000e+00   1.9836e+03   1.6565e+02   0  J  0.00  1   !  -9.99000e+02  -99.000  -99.000  -999
OBS: 6000170  53385.812    23.00   0.0000e+00   2.1030e+03   1.8538e+02   0  J  0.00  1   !  -9.99000e+02  -99.000  -99.000  -999
OBS: 6000170  53387.812    25.00   0.0000e+00   2.2378e+03   1.9344e+02   0  J  0.00  1   !  -9.99000e+02  -99.000  -99.000  -999
OBS: 6000170  53389.812    27.00   0.0000e+00   2.3912e+03   1.9937e+02   0  J  0.00  1   !  -9.99000e+02  -99.000  -99.000  -999
OBS: 6000170  53391.812    29.00   0.0000e+00   2.5645e+03   2.1185e+02   0  J  0.00  1   !  -9.99000e+02  -99.000  -99.000  -999
OBS: 6000170  53393.812    31.00   0.0000e+00   2.7658e+03   2.5331e+02   0  J  0.00  1   !  -9.99000e+02  -99.000  -99.000  -999
OBS: 6000170  53395.812    33.00   0.0000e+00   2.9931e+03   3.0811e+02   0  J  0.00  1   !  -9.99000e+02  -99.000  -99.000  -999
OBS: 6000170  53397.812    35.00   0.0000e+00   3.1629e+03   3.4421e+02   0  J  0.00  1   !  -9.99000e+02  -99.000  -99.000  -999
OBS: 6000170  53399.812    37.00   0.0000e+00   3.1039e+03   3.6147e+02   0  J  0.00  1   !  -9.99000e+02  -99.000  -99.000  -999
OBS: 6000170  53401.812    39.00   0.0000e+00   2.7895e+03   3.4783e+02   0  J  0.00  1   !  -9.99000e+02  -99.000  -99.000  -999
OBS: 6000170  53403.812    41.00   0.0000e+00   2.3414e+03   2.8924e+02   0  J  0.00  1   !  -9.99000e+02  -99.000  -99.000  -999
OBS: 6000170  53405.812    43.00   0.0000e+00   1.8809e+03   2.1801e+02   0  J  0.00  1   !  -9.99000e+02  -99.000  -99.000  -999
OBS: 6000170  53407.812    45.00   0.0000e+00   1.5466e+03   1.6623e+02   0  J  0.00  1   !  -9.99000e+02  -99.000  -99.000  -999
OBS: 6000170  53409.812    47.00   0.0000e+00   1.3857e+03   2.0863e+02   0  J  0.00  1   !  -9.99000e+02  -99.000  -99.000  -999
OBS: 6000170  53411.812    49.00   0.0000e+00   1.3069e+03   3.4731e+02   0  J  0.00  1   !  -9.99000e+02  -99.000  -99.000  -999
OBS: 6000170  53413.812    51.00   0.0000e+00   1.2260e+03   4.7251e+02   0  J  0.00  1   !  -9.99000e+02  -99.000  -99.000  -999
OBS: 6000170  53415.812    53.00   0.0000e+00   1.1369e+03   6.1410e+02   0  J  0.00  1   !  -9.99000e+02  -99.000  -99.000  -999
OBS: 6000170  53417.812    55.00   0.0000e+00   1.0584e+03   6.3704e+02   0  J  0.00  1   !  -9.99000e+02  -99.000  -99.000  -999
OBS: 6000170  53419.812    57.00   0.0000e+00   9.7341e+02   5.8591e+02   0  J  0.00  1   !  -9.99000e+02  -99.000  -99.000  -999
OBS: 6000170  53421.812    59.00   0.0000e+00   8.9326e+02   5.3766e+02   0  J  0.00  1   !  -9.99000e+02  -99.000  -99.000  -999
OBS: 6000170  53423.812    61.00   0.0000e+00   8.2326e+02   4.9553e+02   0  J  0.00  1   !  -9.99000e+02  -99.000  -99.000  -999
OBS: 6000170  53425.812    63.00   0.0000e+00   7.6615e+02   4.6116e+02   0  J  0.00  1   !  -9.99000e+02  -99.000  -99.000  -999
OBS: 6000170  53427.812    65.00   0.0000e+00   6.5309e+02   3.9310e+02   0  J  0.00  1   !  -9.99000e+02  -99.000  -99.000  -999
OBS: 6000170  53429.812    67.00   0.0000e+00   5.7134e+02   3.4390e+02   0  J  0.00  1   !  -9.99000e+02  -99.000  -99.000  -999
OBS: 6000170  53431.812    69.00   0.0000e+00   5.1488e+02   3.0991e+02   0  J  0.00  1   !  -9.99000e+02  -99.000  -99.000  -999
OBS: 6000170  53433.812    71.00   0.0000e+00   4.7114e+02   2.8358e+02   0  J  0.00  1   !  -9.99000e+02  -99.000  -99.000  -999
OBS: 6000170  53435.812    73.00   0.0000e+00   4.3168e+02   2.5983e+02   0  J  0.00  1   !  -9.99000e+02  -99.000  -99.000  -999
OBS: 6000170  53437.812    75.00   0.0000e+00   3.9178e+02   2.3582e+02   0  J  0.00  1   !  -9.99000e+02  -99.000  -99.000  -999
OBS: 6000170  53439.812    77.00   0.0000e+00   3.4944e+02   2.1033e+02   0  J  0.00  1   !  -9.99000e+02  -99.000  -99.000  -999
OBS: 6000170  53441.812    79.00   0.0000e+00   3.2358e+02   1.9477e+02   0  J  0.00  1   !  -9.99000e+02  -99.000  -99.000  -999
OBS: 6000170  53443.812    81.00   0.0000e+00   3.0548e+02   1.8387e+02   0  J  0.00  1   !  -9.99000e+02  -99.000  -99.000  -999
OBS: 6000170  53445.812    83.00   0.0000e+00   2.8848e+02   1.7364e+02   0  J  0.00  1   !  -9.99000e+02  -99.000  -99.000  -999
OBS: 6000170  53447.812    85.00   0.0000e+00   2.7245e+02   1.6399e+02   0  J  0.00  1   !  -9.99000e+02  -99.000  -99.000  -999
OBS: 6000170  53449.812    87.00   0.0000e+00   2.5702e+02   1.5470e+02   0  J  0.00  1   !  -9.99000e+02  -99.000  -99.000  -999
OBS: 6000170  53451.812    89.00   0.0000e+00   2.4195e+02   1.4563e+02   0  J  0.00  1   !  -9.99000e+02  -99.000  -99.000  -999
OBS: 6000170  53453.812    91.00   0.0000e+00   2.3018e+02   1.3855e+02   0  J  0.00  1   !  -9.99000e+02  -99.000  -99.000  -999
OBS: 6000170  53455.812    93.00   0.0000e+00   2.1914e+02   1.3190e+02   0  J  0.00  1   !  -9.99000e+02  -99.000  -99.000  -999
OBS: 6000170  53457.812    95.00   0.0000e+00   2.0862e+02   1.2557e+02   0  J  0.00  1   !  -9.99000e+02  -99.000  -99.000  -999
OBS: 6000170  53459.812    97.00   0.0000e+00   1.9861e+02   1.1954e+02   0  J  0.00  1   !  -9.99000e+02  -99.000  -99.000  -999
OBS: 6000170  53461.812    99.00   0.0000e+00   1.8908e+02   1.1381e+02   0  J  0.00  1   !  -9.99000e+02  -99.000  -99.000  -999
OBS: 6000170  53463.812   101.00   0.0000e+00   1.8000e+02   1.0835e+02   0  J  0.00  1   !  -9.99000e+02  -99.000  -99.000  -999
OBS: 6000170  53465.812   103.00   0.0000e+00   1.7137e+02   1.0315e+02   0  J  0.00  1   !  -9.99000e+02  -99.000  -99.000  -999
OBS: 6000170  53467.812   105.00   0.0000e+00   1.6314e+02   9.8198e+01   0  J  0.00  1   !  -9.99000e+02  -99.000  -99.000  -999
OBS: 6000170  53469.812   107.00   0.0000e+00   1.5531e+02   9.3485e+01   0  J  0.00  1   !  -9.99000e+02  -99.000  -99.000  -999
OBS: 6000170  53471.812   109.00   0.0000e+00   1.4786e+02   8.8999e+01   0  J  0.00  1   !  -9.99000e+02  -99.000  -99.000  -999
OBS: 6000170  53473.812   111.00   0.0000e+00   1.4077e+02   8.4728e+01   0  J  0.00  1   !  -9.99000e+02  -99.000  -99.000  -999
OBS: 6000170  53475.812   113.00   0.0000e+00   1.3401e+02   8.0662e+01   0  J  0.00  1   !  -9.99000e+02  -99.000  -99.000  -999
OBS: 6000170  53477.812   115.00   0.0000e+00   1.2758e+02   7.6792e+01   0  J  0.00  1   !  -9.99000e+02  -99.000  -99.000  -999
OBS: 6000170  53479.812   117.00   0.0000e+00   1.2146e+02   7.3107e+01   0  J  0.00  1   !  -9.99000e+02  -99.000  -99.000  -999
OBS: 6000170  53481.812   119.00   0.0000e+00   1.1563e+02   6.9598e+01   0  J  0.00  1   !  -9.99000e+02  -99.000  -99.000  -999
OBS: 6000170  53483.812   121.00   0.0000e+00   1.1008e+02   6.6258e+01   0  J  0.00  1   !  -9.99000e+02  -99.000  -99.000  -999
OBS: 6000170  53485.812   123.00   0.0000e+00   1.0480e+02   6.3079e+01   0  J  0.00  1   !  -9.99000e+02  -99.000  -99.000  -999
OBS: 6000170  53487.812   125.00   0.0000e+00   9.9769e+01   6.0052e+01   0  J  0.00  1   !  -9.99000e+02  -99.000  -99.000  -999
OBS: 6000170  53489.812   127.00   0.0000e+00   9.4981e+01   5.7170e+01   0  J  0.00  1   !  -9.99000e+02  -99.000  -99.000  -999
OBS: 6000170  53491.812   129.00   0.0000e+00   9.0423e+01   5.4427e+01   0  J  0.00  1   !  -9.99000e+02  -99.000  -99.000  -999
OBS: 6000170  53493.812   131.00   0.0000e+00   8.6084e+01   5.1815e+01   0  J  0.00  1   !  -9.99000e+02  -99.000  -99.000  -999
OBS: 6000170  53495.812   133.00   0.0000e+00   8.1953e+01   4.9328e+01   0  J  0.00  1   !  -9.99000e+02  -99.000  -99.000  -999
OBS: 6000170  53497.812   135.00   0.0000e+00   7.8020e+01   4.6961e+01   0  J  0.00  1   !  -9.99000e+02  -99.000  -99.000  -999
OBS: 6000170  53499.812   137.00   0.0000e+00   7.4276e+01   4.4708e+01   0  J  0.00  1   !  -9.99000e+02  -99.000  -99.000  -999
OBS: 6000170  53501.812   139.00   0.0000e+00   7.0712e+01   4.2562e+01   0  J  0.00  1   !  -9.99000e+02  -99.000  -99.000  -999
OBS: 6000170  53374.871    12.06   2.8465e+03   2.8852e+03   1.3566e+02   1  y  0.05  1   Y  1.21291e+18  -0.279  -1.770  1.00000e+11
OBS: 6000170  53374.879    12.07   2.8466e+03   3.2291e+03   2.8964e+02   1  y  0.79  1   Y  1.35753e+18  -0.279  -1.769  1.00000e+11
OBS: 6000170  53386.840    24.03   4.3317e+03   4.3088e+03   1.5999e+02   1  y  0.49  1   Y  1.96788e+18  -0.189  -0.761  1.00000e+11
OBS: 6000170  53386.852    24.04   4.3332e+03   4.2759e+03   1.5163e+02   1  y  0.78  1   Y  1.95319e+18  -0.189  -0.761  1.00000e+11
OBS: 6000170  53398.859    36.05   5.7580e+03   5.5155e+03   2.2809e+02   1  y  1.88  1   Y  2.70287e+18  -0.113  -0.713  1.00000e+11
OBS: 6000170  53398.891    36.08   5.7547e+03   5.8748e+03   2.2738e+02   1  y  0.02  1   Y  2.88021e+18  -0.112  -0.712  1.00000e+11
OBS: 6000170  53303.812   -59.00   0.0000e+00   0.0000e+00   0.0000e+00   0  y  0.00  1   !  -9.99000e+02  -99.000  -99.000  -999
OBS: 6000170  53305.812   -57.00   0.0000e+00   0.0000e+00   0.0000e+00   0  y  0.00  1   !  -9.99000e+02  -99.000  -99.000  -999
OBS: 6000170  53307.812   -55.00   0.0000e+00   0.0000e+00   0.0000e+00   0  y  0.00  1   !  -9.99000e+02  -99.000  -99.000  -999
OBS: 6000170  53309.812   -53.00   0.0000e+00   0.0000e+00   0.0000e+00   0  y  0.00  1   !  -9.99000e+02  -99.000  -99.000  -999
OBS: 6000170  53311.812   -51.00   0.0000e+00   0.0000e+00   0.0000e+00   0  y  0.00  1   !  -9.99000e+02  -99.000  -99.000  -999
OBS: 6000170  53313.812   -49.00   0.0000e+00   0.0000e+00   0.0000e+00   0  y  0.00  1   !  -9.99000e+02  -99.000  -99.000  -999
OBS: 6000170  53315.812   -47.00   0.0000e+00   0.0000e+00   0.0000e+00   0  y  0.00  1   !  -9.99000e+02  -99.000  -99.000  -999
OBS: 6000170  53317.812   -45.00   0.0000e+00   0.0000e+00   0.0000e+00   0  y  0.00  1   !  -9.99000e+02  -99.000  -99.000  -999
OBS: 6000170  53319.812   -43.00   0.0000e+00   0.0000e+00   0.0000e+00   0  y  0.00  1   !  -9.99000e+02  -99.000  -99.000  -999
OBS: 6000170  53321.812   -41.00   0.0000e+00   0.0000e+00   0.0000e+00   0  y  0.00  1   !  -9.99000e+02  -99.000  -99.000  -999
OBS: 6000170  53323.812   -39.00   0.0000e+00   0.0000e+00   0.0000e+00   0  y  0.00  1   !  -9.99000e+02  -99.000  -99.000  -999
OBS: 6000170  53325.812   -37.00   0.0000e+00   0.0000e+00   0.0000e+00   0  y  0.00  1   !  -9.99000e+02  -99.000  -99.000  -999
OBS: 6000170  53327.812   -35.00   0.0000e+00   0.0000e+00   0.0000e+00   0  y  0.00  1   !  -9.99000e+02  -99.000  -99.000  -999
OBS: 6000170  53329.812   -33.00   0.0000e+00   0.0000e+00   0.0000e+00   0  y  0.00  1   !  -9.99000e+02  -99.000  -99.000  -999
OBS: 6000170  53331.812   -31.00   0.0000e+00   0.0000e+00   0.0000e+00   0  y  0.00  1   !  -9.99000e+02  -99.000  -99.000  -999
OBS: 6000170  53333.812   -29.00   0.0000e+00   0.0000e+00   0.0000e+00   0  y  0.00  1   !  -9.99000e+02  -99.000  -99.000  -999
OBS: 6000170  53335.812   -27.00   0.0000e+00   0.0000e+00   0.0000e+00   0  y  0.00  1   !  -9.99000e+02  -99.000  -99.000  -999
OBS: 6000170  53337.812   -25.00   0.0000e+00   0.0000e+00   0.0000e+00   0  y  0.00  1   !  -9.99000e+02  -99.000  -99.000  -999
OBS: 6000170  53339.812   -23.00   0.0000e+00   0.0000e+00   0.0000e+00   0  y  0.00  1   !  -9.99000e+02  -99.000  -99.000  -999
OBS: 6000170  53341.812   -21.00   0.0000e+00   0.0000e+00   0.0000e+00   0  y  0.00  1   !  -9.99000e+02  -99.000  -99.000  -999
OBS: 6000170  53343.812   -19.00   0.0000e+00   9.5936e+02   5.7745e+02   0  y  0.00  1   !  -9.99000e+02  -99.000  -99.000  -999
OBS: 6000170  53345.812   -17.00   0.0000e+00   9.4658e+02   5.6976e+02   0  y  0.00  1   !  -9.99000e+02  -99.000  -99.000  -999
OBS: 6000170  53347.812   -15.00   0.0000e+00   1.2631e+03   4.7709e+02   0  y  0.00  1   !  -9.99000e+02  -99.000  -99.000  -999
OBS: 6000170  53349.812   -13.00   0.0000e+00   2.2919e+03   2.3906e+02   0  y  0.00  1   !  -9.99000e+02  -99.000  -99.000  -999
OBS: 6000170  53351.812   -11.00   0.0000e+00   3.4030e+03   1.5615e+02   0  y  0.00  1   !  -9.99000e+02  -99.000  -99.000  -999
OBS: 6000170  53353.812    -9.00   0.0000e+00   4.4694e+03   1.3331e+02   0  y  0.00  1   !  -9.99000e+02  -99.000  -99.000  -999
OBS: 6000170  53355.812    -7.00   0.0000e+00   5.3549e+03   1.3192e+02   0  y  0.00  1   !  -9.99000e+02  -99.000  -99.000  -999
OBS: 6000170  53357.812    -5.00   0.0000e+00   5.7634e+03   1.4738e+02   0  y  0.00  1   !  -9.99000e+02  -99.000  -99.000  -999
OBS: 6000170  53359.812    -3.00   0.0000e+00   5.7210e+03   1.4922e+02   0  y  0.00  1   !  -9.99000e+02  -99.000  -99.000  -999
OBS: 6000170  53361.812    -1.00   0.0000e+00   5.1773e+03   1.3263e+02   0  y  0.00  1   !  -9.99000e+02  -99.000  -99.000  -999
OBS: 6000170  53363.812     1.00   0.0000e+00   4.5435e+03   1.4118e+02   0  y  0.00  1   !  -9.99000e+02  -99.000  -99.000  -999
OBS: 6000170  53365.812     3.00   0.0000e+00   4.0616e+03   1.5942e+02   0  y  0.00  1   !  -9.99000e+02  -99.000  -99.000  -999
OBS: 6000170  53367.812     5.00   0.0000e+00   3.6093e+03   1.5063e+02   0  y  0.00  1   !  -9.99000e+02  -99.000  -99.000  -999
OBS: 6000170  53369.812     7.00   0.0000e+00   3.2422e+03   1.4205e+02   0  y  0.00  1   !  -9.99000e+02  -99.000  -99.000  -999
OBS: 6000170  53371.812     9.00   0.0000e+00   3.0420e+03   1.5574e+02   0  y  0.00  1   !  -9.99000e+02  -99.000  -99.000  -999
OBS: 6000170  53373.812    11.00   0.0000e+00   2.9446e+03   1.6737e+02   0  y  0.00  1   !  -9.99000e+02  -99.000  -99.000  -999
OBS: 6000170  53375.812    13.00   0.0000e+00   2.9590e+03   1.6388e+02   0  y  0.00  1   !  -9.99000e+02  -99.000  -99.000  -999
OBS: 6000170  53377.812    15.00   0.0000e+00   3.0956e+03   1.5376e+02   0  y  0.00  1   !  -9.99000e+02  -99.000  -99.000  -999
OBS: 6000170  53379.812    17.00   0.0000e+00   3.3452e+03   1.5536e+02   0  y  0.00  1   !  -9.99000e+02  -99.000  -99.000  -999
OBS: 6000170  53381.812    19.00   0.0000e+00   3.6630e+03   1.4874e+02   0  y  0.00  1   !  -9.99000e+02  -99.000  -99.000  -999
OBS: 6000170  53383.812    21.00   0.0000e+00   4.0285e+03   1.3527e+02   0  y  0.00  1   !  -9.99000e+02  -99.000  -99.000  -999
OBS: 6000170  53385.812    23.00   0.0000e+00   4.3117e+03   1.4118e+02   0  y  0.00  1   !  -9.99000e+02  -99.000  -99.000  -999
OBS: 6000170  53387.812    25.00   0.0000e+00   4.6913e+03   1.5227e+02   0  y  0.00  1   !  -9.99000e+02  -99.000  -99.000  -999
OBS: 6000170  53389.812    27.00   0.0000e+00   5.2228e+03   1.5321e+02   0  y  0.00  1   !  -9.99000e+02  -99.000  -99.000  -999
OBS: 6000170  53391.812    29.00   0.0000e+00   5.6968e+03   1.5991e+02   0  y  0.00  1   !  -9.99000e+02  -99.000  -99.000  -999
OBS: 6000170  53393.812    31.00   0.0000e+00   5.9950e+03   1.8301e+02   0  y  0.00  1   !  -9.99000e+02  -99.000  -99.000  -999
OBS: 6000170  53395.812    33.00   0.0000e+00   6.1024e+03   2.0307e+02   0  y  0.00  1   !  -9.99000e+02  -99.000  -99.000  -999
OBS: 6000170  53397.812    35.00   0.0000e+00   6.0196e+03   1.9648e+02   0  y  0.00  1   !  -9.99000e+02  -99.000  -99.000  -999
OBS: 6000170  53399.812    37.00   0.0000e+00   5.8218e+03   1.8989e+02   0  y  0.00  1   !  -9.99000e+02  -99.000  -99.000  -999
OBS: 6000170  53401.812    39.00   0.0000e+00   5.5980e+03   2.1031e+02   0  y  0.00  1   !  -9.99000e+02  -99.000  -99.000  -999
OBS: 6000170  53403.812    41.00   0.0000e+00   5.2183e+03   2.1093e+02   0  y  0.00  1   !  -9.99000e+02  -99.000  -99.000  -999
OBS: 6000170  53405.812    43.00   0.0000e+00   4.7484e+03   1.7981e+02   0  y  0.00  1   !  -9.99000e+02  -99.000  -99.000  -999
OBS: 6000170  53407.812    45.00   0.0000e+00   4.3078e+03   1.4286e+02   0  y  0.00  1   !  -9.99000e+02  -99.000  -99.000  -999
OBS: 6000170  53409.812    47.00   0.0000e+00   3.9691e+03   1.2210e+02   0  y  0.00  1   !  -9.99000e+02  -99.000  -99.000  -999
OBS: 6000170  53411.812    49.00   0.0000e+00   3.6570e+03   1.1660e+02   0  y  0.00  1   !  -9.99000e+02  -99.000  -99.000  -999
OBS: 6000170  53413.812    51.00   0.0000e+00   3.3143e+03   1.2700e+02   0  y  0.00  1   !  -9.99000e+02  -99.000  -99.000  -999
OBS: 6000170  53415.812    53.00   0.0000e+00   2.9243e+03   1.2069e+03   0  y  0.00  1   !  -9.99000e+02  -99.000  -99.000  -999
OBS: 6000170  53417.812    55.00   0.0000e+00   2.5259e+03   1.5204e+03   0  y  0.00  1   !  -9.99000e+02  -99.000  -99.000  -999
OBS: 6000170  53419.812    57.00   0.0000e+00   2.2261e+03   1.3399e+03   0  y  0.00  1   !  -9.99000e+02  -99.000  -99.000  -999
OBS: 6000170  53421.812    59.00   0.0000e+00   1.9970e+03   1.2020e+03   0  y  0.00  1   !  -9.99000e+02  -99.000  -99.000  -999
OBS: 6000170  53423.812    61.00   0.0000e+00   1.8243e+03   1.0981e+03   0  y  0.00  1   !  -9.99000e+02  -99.000  -99.000  -999
OBS: 6000170  53425.812    63.00   0.0000e+00   1.6981e+03   1.0221e+03   0  y  0.00  1   !  -9.99000e+02  -99.000  -99.000  -999
OBS: 6000170  53427.812    65.00   0.0000e+00   1.4391e+03   8.6619e+02   0  y  0.00  1   !  -9.99000e+02  -99.000  -99.000  -999
OBS: 6000170  53429.812    67.00   0.0000e+00   1.2388e+03   7.4566e+02   0  y  0.00  1   !  -9.99000e+02  -99.000  -99.000  -999
OBS: 6000170  53431.812    69.00   0.0000e+00   1.0841e+03   6.5252e+02   0  y  0.00  1   !  -9.99000e+02  -99.000  -99.000  -999
OBS: 6000170  53433.812    71.00   0.0000e+00   9.6187e+02   5.7896e+02   0  y  0.00  1   !  -9.99000e+02  -99.000  -99.000  -999
OBS: 6000170  53435.812    73.00   0.0000e+00   8.6352e+02   5.1976e+02   0  y  0.00  1   !  -9.99000e+02  -99.000  -99.000  -999
OBS: 6000170  53437.812    75.00   0.0000e+00   7.8180e+02   4.7057e+02   0  y  0.00  1   !  -9.99000e+02  -99.000  -99.000  -999
OBS: 6000170  53439.812    77.00   0.0000e+00   7.1451e+02   4.3007e+02   0  y  0.00  1   !  -9.99000e+02  -99.000  -99.000  -999
OBS: 6000170  53441.812    79.00   0.0000e+00   6.4001e+02   3.8523e+02   0  y  0.00  1   !  -9.99000e+02  -99.000  -99.000  -999
OBS: 6000170  53443.812    81.00   0.0000e+00   5.6791e+02   3.4183e+02   0  y  0.00  1   !  -9.99000e+02  -99.000  -99.000  -999
OBS: 6000170  53445.812    83.00   0.0000e+00   5.0469e+02   3.0378e+02   0  y  0.00  1   !  -9.99000e+02  -99.000  -99.000  -999
OBS: 6000170  53447.812    85.00   0.0000e+00   4.4919e+02   2.7037e+02   0  y  0.00  1   !  -9.99000e+02  -99.000  -99.000  -999
OBS: 6000170  53449.812    87.00   0.0000e+00   4.0075e+02   2.4121e+02   0  y  0.00  1   !  -9.99000e+02  -99.000  -99.000  -999
OBS: 6000170  53451.812    89.00   0.0000e+00   3.5868e+02   2.1590e+02   0  y  0.00  1   !  -9.99000e+02  -99.000  -99.000  -999
OBS: 6000170  53453.812    91.00   0.0000e+00   3.1680e+02   1.9069e+02   0  y  0.00  1   !  -9.99000e+02  -99.000  -99.000  -999
OBS: 6000170  53455.812    93.00   0.0000e+00   2.7956e+02   1.6827e+02   0  y  0.00  1   !  -9.99000e+02  -99.000  -99.000  -999
OBS: 6000170  53457.812    95.00   0.0000e+00   2.4670e+02   1.4849e+02   0  y  0.00  1   !  -9.99000e+02  -99.000  -99.000  -999
OBS: 6000170  53459.812    97.00   0.0000e+00   2.1770e+02   1.3103e+02   0  y  0.00  1   !  -9.99000e+02  -99.000  -99.000  -999
OBS: 6000170  53461.812    99.00   0.0000e+00   1.9210e+02   1.1563e+02   0  y  0.00  1   !  -9.99000e+02  -99.000  -99.000  -999
OBS: 6000170  53463.812   101.00   0.0000e+00   1.6952e+02   1.0204e+02   0  y  0.00  1   !  -9.99000e+02  -99.000  -99.000  -999
OBS: 6000170  53465.812   103.00   0.0000e+00   1.4959e+02   9.0038e+01   0  y  0.00  1   !  -9.99000e+02  -99.000  -99.000  -999
OBS: 6000170  53467.812   105.00   0.0000e+00   1.3199e+02   7.9448e+01   0  y  0.00  1   !  -9.99000e+02  -99.000  -99.000  -999
OBS: 6000170  53469.812   107.00   0.0000e+00   1.1647e+02   7.0102e+01   0  y  0.00  1   !  -9.99000e+02  -99.000  -99.000  -999
OBS: 6000170  53471.812   109.00   0.0000e+00   1.0276e+02   6.1854e+01   0  y  0.00  1   !  -9.99000e+02  -99.000  -99.000  -999
OBS: 6000170  53473.812   111.00   0.0000e+00   9.0671e+01   5.4576e+01   0  y  0.00  1   !  -9.99000e+02  -99.000  -99.000  -999
OBS: 6000170  53475.812   113.00   0.0000e+00   8.0008e+01   4.8158e+01   0  y  0.00  1   !  -9.99000e+02  -99.000  -99.000  -999
OBS: 6000170  53477.812   115.00   0.0000e+00   7.0599e+01   4.2494e+01   0  y  0.00  1   !  -9.99000e+02  -99.000  -99.000  -999
OBS: 6000170  53479.812   117.00   0.0000e+00   6.2289e+01   3.7493e+01   0  y  0.00  1   !  -9.99000e+02  -99.000  -99.000  -999
OBS: 6000170  53481.812   119.00   0.0000e+00   5.4957e+01   3.3079e+01   0  y  0.00  1   !  -9.99000e+02  -99.000  -99.000  -999
OBS: 6000170  53483.812   121.00   0.0000e+00   4.8487e+01   2.9185e+01   0  y  0.00  1   !  -9.99000e+02  -99.000  -99.000  -999
OBS: 6000170  53485.812   123.00   0.0000e+00   4.2778e+01   2.5749e+01   0  y  0.00  1   !  -9.99000e+02  -99.000  -99.000  -999
OBS: 6000170  53487.812   125.00   0.0000e+00   3.7742e+01   2.2717e+01   0  y  0.00  1   !  -9.99000e+02  -99.000  -99.000  -999
OBS: 6000170  53489.812   127.00   0.0000e+00   3.3304e+01   2.0046e+01   0  y  0.00  1   !  -9.99000e+02  -99.000  -99.000  -999
OBS: 6000170  53491.812   129.00   0.0000e+00   2.9382e+01   1.7686e+01   0  y  0.00  1   !  -9.99000e+02  -99.000  -99.000  -999
OBS: 6000170  53493.812   131.00   0.0000e+00   2.5921e+01   1.5602e+01   0  y  0.00  1   !  -9.99000e+02  -99.000  -99.000  -999
OBS: 6000170  53495.812   133.00   0.0000e+00   2.2868e+01   1.3764e+01   0  y  0.00  1   !  -9.99000e+02  -99.000  -99.000  -999
OBS: 6000170  53497.812   135.00   0.0000e+00   2.0174e+01   1.2143e+01   0  y  0.00  1   !  -9.99000e+02  -99.000  -99.000  -999
OBS: 6000170  53499.812   137.00   0.0000e+00   1.7797e+01   1.0712e+01   0  y  0.00  1   !  -9.99000e+02  -99.000  -99.000  -999
OBS: 6000170  53501.812   139.00   0.0000e+00   1.5702e+01   9.4514e+00   0  y  0.00  1   !  -9.99000e+02  -99.000  -99.000  -999
OBS: 6000170  53386.852    24.04   3.9446e+03   3.9370e+03   1.6461e+02   1  H  2.49  1   H  2.67300e+18  0.241  0.007  1.00000e+11
OBS: 6000170  53398.859    36.05   4.3798e+03   4.2174e+03   1.9352e+02   1  H  0.53  1   H  2.29728e+18  0.002  -3.905  1.00000e+11
OBS: 6000170  53303.812   -59.00   0.0000e+00   0.0000e+00   0.0000e+00   0  H  0.00  1   !  -9.99000e+02  -99.000  -99.000  -999
OBS: 6000170  53305.812   -57.00   0.0000e+00   0.0000e+00   0.0000e+00   0  H  0.00  1   !  -9.99000e+02  -99.000  -99.000  -999
OBS: 6000170  53307.812   -55.00   0.0000e+00   0.0000e+00   0.0000e+00   0  H  0.00  1   !  -9.99000e+02  -99.000  -99.000  -999
OBS: 6000170  53309.812   -53.00   0.0000e+00   0.0000e+00   0.0000e+00   0  H  0.00  1   !  -9.99000e+02  -99.000  -99.000  -999
OBS: 6000170  53311.812   -51.00   0.0000e+00   0.0000e+00   0.0000e+00   0  H  0.00  1   !  -9.99000e+02  -99.000  -99.000  -999
OBS: 6000170  53313.812   -49.00   0.0000e+00   0.0000e+00   0.0000e+00   0  H  0.00  1   !  -9.99000e+02  -99.000  -99.000  -999
OBS: 6000170  53315.812   -47.00   0.0000e+00   0.0000e+00   0.0000e+00   0  H  0.00  1   !  -9.99000e+02  -99.000  -99.000  -999
OBS: 6000170  53317.812   -45.00   0.0000e+00   0.0000e+00   0.0000e+00   0  H  0.00  1   !  -9.99000e+02  -99.000  -99.000  -999
OBS: 6000170  53319.812   -43.00   0.0000e+00   0.0000e+00   0.0000e+00   0  H  0.00  1   !  -9.99000e+02  -99.000  -99.000  -999
OBS: 6000170  53321.812   -41.00   0.0000e+00   0.0000e+00   0.0000e+00   0  H  0.00  1   !  -9.99000e+02  -99.000  -99.000  -999
OBS: 6000170  53323.812   -39.00   0.0000e+00   0.0000e+00   0.0000e+00   0  H  0.00  1   !  -9.99000e+02  -99.000  -99.000  -999
OBS: 6000170  53325.812   -37.00   0.0000e+00   0.0000e+00   0.0000e+00   0  H  0.00  1   !  -9.99000e+02  -99.000  -99.000  -999
OBS: 6000170  53327.812   -35.00   0.0000e+00   0.0000e+00   0.0000e+00   0  H  0.00  1   !  -9.99000e+02  -99.000  -99.000  -999
OBS: 6000170  53329.812   -33.00   0.0000e+00   0.0000e+00   0.0000e+00   0  H  0.00  1   !  -9.99000e+02  -99.000  -99.000  -999
OBS: 6000170  53331.812   -31.00   0.0000e+00   0.0000e+00   0.0000e+00   0  H  0.00  1   !  -9.99000e+02  -99.000  -99.000  -999
OBS: 6000170  53333.812   -29.00   0.0000e+00   0.0000e+00   0.0000e+00   0  H  0.00  1   !  -9.99000e+02  -99.000  -99.000  -999
OBS: 6000170  53335.812   -27.00   0.0000e+00   0.0000e+00   0.0000e+00   0  H  0.00  1   !  -9.99000e+02  -99.000  -99.000  -999
OBS: 6000170  53337.812   -25.00   0.0000e+00   0.0000e+00   0.0000e+00   0  H  0.00  1   !  -9.99000e+02  -99.000  -99.000  -999
OBS: 6000170  53339.812   -23.00   0.0000e+00   0.0000e+00   0.0000e+00   0  H  0.00  1   !  -9.99000e+02  -99.000  -99.000  -999
OBS: 6000170  53341.812   -21.00   0.0000e+00   0.0000e+00   0.0000e+00   0  H  0.00  1   !  -9.99000e+02  -99.000  -99.000  -999
OBS: 6000170  53343.812   -19.00   0.0000e+00   1.1618e+03   6.9932e+02   0  H  0.00  1   !  -9.99000e+02  -99.000  -99.000  -999
OBS: 6000170  53345.812   -17.00   0.0000e+00   1.1470e+03   6.9039e+02   0  H  0.00  1   !  -9.99000e+02  -99.000  -99.000  -999
OBS: 6000170  53347.812   -15.00   0.0000e+00   1.4678e+03   8.8351e+02   0  H  0.00  1   !  -9.99000e+02  -99.000  -99.000  -999
OBS: 6000170  53349.812   -13.00   0.0000e+00   2.5108e+03   2.6952e+02   0  H  0.00  1   !  -9.99000e+02  -99.000  -99.000  -999
OBS: 6000170  53351.812   -11.00   0.0000e+00   3.5953e+03   1.8939e+02   0  H  0.00  1   !  -9.99000e+02  -99.000  -99.000  -999
OBS: 6000170  53353.812    -9.00   0.0000e+00   4.5190e+03   1.6035e+02   0  H  0.00  1   !  -9.99000e+02  -99.000  -99.000  -999
OBS: 6000170  53355.812    -7.00   0.0000e+00   5.1421e+03   1.4870e+02   0  H  0.00  1   !  -9.99000e+02  -99.000  -99.000  -999
OBS: 6000170  53357.812    -5.00   0.0000e+00   5.3567e+03   1.6393e+02   0  H  0.00  1   !  -9.99000e+02  -99.000  -99.000  -999
OBS: 6000170  53359.812    -3.00   0.0000e+00   5.1969e+03   1.5695e+02   0  H  0.00  1   !  -9.99000e+02  -99.000  -99.000  -999
OBS: 6000170  53361.812    -1.00   0.0000e+00   4.7077e+03   1.3233e+02   0  H  0.00  1   !  -9.99000e+02  -99.000  -99.000  -999
OBS: 6000170  53363.812     1.00   0.0000e+00   4.2332e+03   1.3273e+02   0  H  0.00  1   !  -9.99000e+02  -99.000  -99.000  -999
OBS: 6000170  53365.812     3.00   0.0000e+00   3.8812e+03   1.4623e+02   0  H  0.00  1   !  -9.99000e+02  -99.000  -99.000  -999
OBS: 6000170  53367.812     5.00   0.0000e+00   3.4961e+03   1.4394e+02   0  H  0.00  1   !  -9.99000e+02  -99.000  -99.000  -999
OBS: 6000170  53369.812     7.00   0.0000e+00   3.1262e+03   1.3630e+02   0  H  0.00  1   !  -9.99000e+02  -99.000  -99.000  -999
OBS: 6000170  53371.812     9.00   0.0000e+00   2.8532e+03   1.3234e+02   0  H  0.00  1   !  -9.99000e+02  -99.000  -99.000  -999
OBS: 6000170  53373.812    11.00   0.0000e+00   2.7196e+03   1.2012e+02   0  H  0.00  1   !  -9.99000e+02  -99.000  -99.000  -999
OBS: 6000170  53375.812    13.00   0.0000e+00   2.7306e+03   1.1280e+02   0  H  0.00  1   !  -9.99000e+02  -99.000  -99.000  -999
OBS: 6000170  53377.812    15.00   0.0000e+00   2.8882e+03   1.1800e+02   0  H  0.00  1   !  -9.99000e+02  -99.000  -99.000  -999
OBS: 6000170  53379.812    17.00   0.0000e+00   3.0708e+03   1.1602e+02   0  H  0.00  1   !  -9.99000e+02  -99.000  -99.000  -999
OBS: 6000170  53381.812    19.00   0.0000e+00   3.2498e+03   1.0715e+02   0  H  0.00  1   !  -9.99000e+02  -99.000  -99.000  -999
OBS: 6000170  53383.812    21.00   0.0000e+00   3.4310e+03   1.0286e+02   0  H  0.00  1   !  -9.99000e+02  -99.000  -99.000  -999
OBS: 6000170  53385.812    23.00   0.0000e+00   3.5624e+03   1.0966e+02   0  H  0.00  1   !  -9.99000e+02  -99.000  -99.000  -999
OBS: 6000170  53387.812    25.00   0.0000e+00   3.6997e+03   1.1960e+02   0  H  0.00  1   !  -9.99000e+02  -99.000  -99.000  -999
OBS: 6000170  53389.812    27.00   0.0000e+00   3.8401e+03   1.1592e+02   0  H  0.00  1   !  -9.99000e+02  -99.000  -99.000  -999
OBS: 6000170  53391.812    29.00   0.0000e+00   3.9541e+03   1.1965e+02   0  H  0.00  1   !  -9.99000e+02  -99.000  -99.000  -999
OBS: 6000170  53393.812    31.00   0.0000e+00   4.0409e+03   1.4659e+02   0  H  0.00  1   !  -9.99000e+02  -99.000  -99.000  -999
OBS: 6000170  53395.812    33.00   0.0000e+00   4.0871e+03   1.7453e+02   0  H  0.00  1   !  -9.99000e+02  -99.000  -99.000  -999
OBS: 6000170  53397.812    35.00   0.0000e+00   4.0725e+03   1.8867e+02   0  H  0.00  1   !  -9.99000e+02  -99.000  -99.000  -999
OBS: 6000170  53399.812    37.00   0.0000e+00   3.9279e+03   2.0998e+02   0  H  0.00  1   !  -9.99000e+02  -99.000  -99.000  -999
OBS: 6000170  53401.812    39.00   0.0000e+00   3.6037e+03   2.3986e+02   0  H  0.00  1   !  -9.99000e+02  -99.000  -99.000  -999
OBS: 6000170  53403.812    41.00   0.0000e+00   3.2218e+03   2.4890e+02   0  H  0.00  1   !  -9.99000e+02  -99.000  -99.000  -999
OBS: 6000170  53405.812    43.00   0.0000e+00   2.7822e+03   2.1599e+02   0  H  0.00  1   !  -9.99000e+02  -99.000  -99.000  -999
OBS: 6000170  53407.812    45.00   0.0000e+00   2.4293e+03   1.6995e+02   0  H  0.00  1   !  -9.99000e+02  -99.000  -99.000  -999
OBS: 6000170  53409.812    47.00   0.0000e+00   2.2131e+03   1.4623e+02   0  H  0.00  1   !  -9.99000e+02  -99.000  -99.000  -999
OBS: 6000170  53411.812    49.00   0.0000e+00   2.1013e+03   1.3073e+02   0  H  0.00  1   !  -9.99000e+02  -99.000  -99.000  -999
OBS: 6000170  53413.812    51.00   0.0000e+00   2.0083e+03   1.3574e+02   0  H  0.00  1   !  -9.99000e+02  -99.000  -99.000  -999
OBS: 6000170  53415.812    53.00   0.0000e+00   1.9071e+03   1.9643e+02   0  H  0.00  1   !  -9.99000e+02  -99.000  -99.000  -999
OBS: 6000170  53417.812    55.00   0.0000e+00   1.8001e+03   1.0835e+03   0  H  0.00  1   !  -9.99000e+02  -99.000  -99.000  -999
OBS: 6000170  53419.812    57.00   0.0000e+00   1.7034e+03   1.0253e+03   0  H  0.00  1   !  -9.99000e+02  -99.000  -99.000  -999
OBS: 6000170  53421.812    59.00   0.0000e+00   1.6143e+03   9.7164e+02   0  H  0.00  1   !  -9.99000e+02  -99.000  -99.000  -999
OBS: 6000170  53423.812    61.00   0.0000e+00   1.5313e+03   9.2171e+02   0  H  0.00  1   !  -9.99000e+02  -99.000  -99.000  -999
OBS: 6000170  53425.812    63.00   0.0000e+00   1.4543e+03   8.7538e+02   0  H  0.00  1   !  -9.99000e+02  -99.000  -99.000  -999
OBS: 6000170  53427.812    65.00   0.0000e+00   1.2800e+03   7.7045e+02   0  H  0.00  1   !  -9.99000e+02  -99.000  -99.000  -999
OBS: 6000170  53429.812    67.00   0.0000e+00   1.1413e+03   6.8697e+02   0  H  0.00  1   !  -9.99000e+02  -99.000  -99.000  -999
OBS: 6000170  53431.812    69.00   0.0000e+00   1.0355e+03   6.2329e+02   0  H  0.00  1   !  -9.99000e+02  -99.000  -99.000  -999
OBS: 6000170  53433.812    71.00   0.0000e+00   9.5689e+02   5.7596e+02   0  H  0.00  1   !  -9.99000e+02  -99.000  -99.000  -999
OBS: 6000170  53435.812    73.00   0.0000e+00   8.9748e+02   5.4020e+02   0  H  0.00  1   !  -9.99000e+02  -99.000  -99.000  -999
OBS: 6000170  53437.812    75.00   0.0000e+00   8.4476e+02   5.0847e+02   0  H  0.00  1   !  -9.99000e+02  -99.000  -99.000  -999
OBS: 6000170  53439.812    77.00   0.0000e+00   7.9179e+02   4.7659e+02   0  H  0.00  1   !  -9.99000e+02  -99.000  -99.000  -999
OBS: 6000170  53441.812    79.00   0.0000e+00   7.5175e+02   4.5249e+02   0  H  0.00  1   !  -9.99000e+02  -99.000  -99.000  -999
OBS: 6000170  53443.812    81.00   0.0000e+00   7.1816e+02   4.3227e+02   0  H  0.00  1   !  -9.99000e+02  -99.000  -99.000  -999
OBS: 6000170  53445.812    83.00   0.0000e+00   6.8619e+02   4.1302e+02   0  H  0.00  1   !  -9.99000e+02  -99.000  -99.000  -999
OBS: 6000170  53447.812    85.00   0.0000e+00   6.5575e+02   3.9471e+02   0  H  0.00  1   !  -9.99000e+02  -99.000  -99.000  -999
OBS: 6000170  53449.812    87.00   0.0000e+00   6.2696e+02   3.7738e+02   0  H  0.00  1   !  -9.99000e+02  -99.000  -99.000  -999
OBS: 6000170  53451.812    89.00   0.0000e+00   5.9986e+02   3.6106e+02   0  H  0.00  1   !  -9.99000e+02  -99.000  -99.000  -999
OBS: 6000170  53453.812    91.00   0.0000e+00   5.7211e+02   3.4436e+02   0  H  0.00  1   !  -9.99000e+02  -99.000  -99.000  -999
OBS: 6000170  53455.812    93.00   0.0000e+00   5.4552e+02   3.2836e+02   0  H  0.00  1   !  -9.99000e+02  -99.000  -99.000  -999
OBS: 6000170  53457.812    95.00   0.0000e+00   5.2018e+02   3.1310e+02   0  H  0.00  1   !  -9.99000e+02  -99.000  -99.000  -999
OBS: 6000170  53459.812    97.00   0.0000e+00   4.9600e+02   2.9855e+02   0  H  0.00  1   !  -9.99000e+02  -99.000  -99.000  -999
OBS: 6000170  53461.812    99.00   0.0000e+00   4.7296e+02   2.8468e+02   0  H  0.00  1   !  -9.99000e+02  -99.000  -99.000  -999
OBS: 6000170  53463.812   101.00   0.0000e+00   4.5098e+02   2.7145e+02   0  H  0.00  1   !  -9.99000e+02  -99.000  -99.000  -999
OBS: 6000170  53465.812   103.00   0.0000e+00   4.3002e+02   2.5884e+02   0  H  0.00  1   !  -9.99000e+02  -99.000  -99.000  -999
OBS: 6000170  53467.812   105.00   0.0000e+00   4.1004e+02   2.4681e+02   0  H  0.00  1   !  -9.99000e+02  -99.000  -99.000  -999
OBS: 6000170  53469.812   107.00   0.0000e+00   3.9099e+02   2.3534e+02   0  H  0.00  1   !  -9.99000e+02  -99.000  -99.000  -999
OBS: 6000170  53471.812   109.00   0.0000e+00   3.7282e+02   2.2440e+02   0  H  0.00  1   !  -9.99000e+02  -99.000  -99.000  -999
OBS: 6000170  53473.812   111.00   0.0000e+00   3.5549e+02   2.1397e+02   0  H  0.00  1   !  -9.99000e+02  -99.000  -99.000  -999
OBS: 6000170  53475.812   113.00   0.0000e+00   3.3897e+02   2.0403e+02   0  H  0.00  1   !  -9.99000e+02  -99.000  -99.000  -999
OBS: 6000170  53477.812   115.00   0.0000e+00   3.2322e+02   1.9455e+02   0  H  0.00  1   !  -9.99000e+02  -99.000  -99.000  -999
OBS: 6000170  53479.812   117.00   0.0000e+00   3.0819e+02   1.8551e+02   0  H  0.00  1   !  -9.99000e+02  -99.000  -99.000  -999
OBS: 6000170  53481.812   119.00   0.0000e+00   2.9387e+02   1.7688e+02   0  H  0.00  1   !  -9.99000e+02  -99.000  -99.000  -999
OBS: 6000170  53483.812   121.00   0.0000e+00   2.8021e+02   1.6866e+02   0  H  0.00  1   !  -9.99000e+02  -99.000  -99.000  -999
OBS: 6000170  53485.812   123.00   0.0000e+00   2.6719e+02   1.6082e+02   0  H  0.00  1   !  -9.99000e+02  -99.000  -99.000  -999
OBS: 6000170  53487.812   125.00   0.0000e+00   2.5477e+02   1.5335e+02   0  H  0.00  1   !  -9.99000e+02  -99.000  -99.000  -999
OBS: 6000170  53489.812   127.00   0.0000e+00   2.4293e+02   1.4622e+02   0  H  0.00  1   !  -9.99000e+02  -99.000  -99.000  -999
OBS: 6000170  53491.812   129.00   0.0000e+00   2.3164e+02   1.3943e+02   0  H  0.00  1   !  -9.99000e+02  -99.000  -99.000  -999
OBS: 6000170  53493.812   131.00   0.0000e+00   2.2087e+02   1.3294e+02   0  H  0.00  1   !  -9.99000e+02  -99.000  -99.000  -999
OBS: 6000170  53495.812   133.00   0.0000e+00   2.1060e+02   1.2677e+02   0  H  0.00  1   !  -9.99000e+02  -99.000  -99.000  -999
OBS: 6000170  53497.812   135.00   0.0000e+00   2.0081e+02   1.2087e+02   0  H  0.00  1   !  -9.99000e+02  -99.000  -99.000  -999
OBS: 6000170  53499.812   137.00   0.0000e+00   1.9148e+02   1.1525e+02   0  H  0.00  1   !  -9.99000e+02  -99.000  -99.000  -999
OBS: 6000170  53501.812   139.00   0.0000e+00   1.8258e+02   1.0990e+02   0  H  0.00  1   !  -9.99000e+02  -99.000  -99.000  -999
