VARNAMES: CID MJD Tobs SIM_FLUXCAL FLUXCAL FLUXCAL_ERR DATAFLAG BAND CHI2 IFIT BAND_REST FLUX_REST KCOR AVWARP SIM_FLUX_REST 
OBS: 5999778  53269.602    -9.50   8.0192e+03   7.9082e+03   2.5128e+02   1  J  1.43  1   J  2.93347e+18  -0.043  3.925  1.00000e+11
OBS: 5999778  53269.602    -9.50   8.0192e+03   7.7775e+03   2.8654e+02   1  J  2.14  1   J  2.88498e+18  -0.043  3.925  1.00000e+11
OBS: 5999778  53270.570    -8.53   8.2947e+03   7.7407e+03   2.5068e+02   1  J  6.47  1   J  2.85094e+18  -0.051  3.131  1.00000e+11
OBS: 5999778  53270.570    -8.53   8.2947e+03   8.0942e+03   2.4137e+02   1  J  2.34  1   J  2.98114e+18  -0.051  3.131  1.00000e+11
OBS: 5999778  53271.520    -7.58   8.4710e+03   8.3659e+03   2.3345e+02   1  J  1.71  1   J  3.06129e+18  -0.058  2.497  1.00000e+11
OBS: 5999778  53271.539    -7.56   8.4744e+03   8.4765e+03   2.3832e+02   1  J  0.93  1   J  3.10136e+18  -0.058  2.484  1.00000e+11
OBS: 5999778  53272.512    -6.59   8.5899e+03   8.8217e+03   2.5412e+02   1  J  0.07  1   J  3.20457e+18  -0.066  1.981  1.00000e+11
OBS: 5999778  53272.520    -6.58   8.5910e+03   8.8140e+03   2.5398e+02   1  J  0.08  1   J  3.20154e+18  -0.066  1.976  1.00000e+11
OBS: 5999778  53277.531    -1.57   7.9511e+03   7.8707e+03   2.6734e+02   1  J  1.13  1   J  2.75522e+18  -0.106  0.324  1.00000e+11
OBS: 5999778  53277.539    -1.56   7.9477e+03   7.8822e+03   2.6894e+02   1  J  1.03  1   J  2.75896e+18  -0.106  0.322  1.00000e+11
OBS: 5999778  53281.520     2.42   5.8688e+03   5.9165e+03   2.1453e+02   1  J  0.30  1   J  2.08815e+18  -0.097  -0.329  1.00000e+11
OBS: 5999778  53281.531     2.43   5.8631e+03   5.7183e+03   2.5254e+02   1  J  1.14  1   J  2.01827e+18  -0.097  -0.330  1.00000e+11
OBS: 5999778  53301.520    22.42   2.7112e+03   2.1336e+03   2.7833e+02   1  J  3.34  1   J  6.73292e+17  -0.219  2.426  1.00000e+11
OBS: 5999778  53301.531    22.43   2.7119e+03   2.8205e+03   2.6286e+02   1  J  0.00  1   J  8.89829e+17  -0.219  2.422  1.00000e+11
OBS: 5999778  53306.551    27.45   3.0930e+03   3.0531e+03   1.9500e+02   1  J  0.20  1   J  8.89272e+17  -0.306  1.285  1.00000e+11
OBS: 5999778  53306.559    27.46   3.0939e+03   3.2088e+03   1.9742e+02   1  J  0.00  1   J  9.34570e+17  -0.306  1.285  1.00000e+11
OBS: 5999778  53220.102   -59.00   0.0000e+00   0.0000e+00   0.0000e+00   0  J  0.00  1   !  -9.99000e+02  -99.000  -99.000  -999
OBS: 5999778  53222.102   -57.00   0.0000e+00   0.0000e+00   0.0000e+00   0  J  0.00  1   !  -9.99000e+02  -99.000  -99.000  -999
OBS: 5999778  53224.102   -55.00   0.0000e+00   0.0000e+00   0.0000e+00   0  J  0.00  1   !  -9.99000e+02  -99.000  -99.000  -999
OBS: 5999778  53226.102   -53.00   0.0000e+00   0.0000e+00   0.0000e+00   0  J  0.00  1   !  -9.99000e+02  -99.000  -99.000  -999
OBS: 5999778  53228.102   -51.00   0.0000e+00   0.0000e+00   0.0000e+00   0  J  0.00  1   !  -9.99000e+02  -99.000  -99.000  -999
OBS: 5999778  53230.102   -49.00   0.0000e+00   0.0000e+00   0.0000e+00   0  J  0.00  1   !  -9.99000e+02  -99.000  -99.000  -999
OBS: 5999778  53232.102   -47.00   0.0000e+00   0.0000e+00   0.0000e+00   0  J  0.00  1   !  -9.99000e+02  -99.000  -99.000  -999
OBS: 5999778  53234.102   -45.00   0.0000e+00   0.0000e+00   0.0000e+00   0  J  0.00  1   !  -9.99000e+02  -99.000  -99.000  -999
OBS: 5999778  53236.102   -43.00   0.0000e+00   0.0000e+00   0.0000e+00   0  J  0.00  1   !  -9.99000e+02  -99.000  -99.000  -999
OBS: 5999778  53238.102   -41.00   0.0000e+00   0.0000e+00   0.0000e+00   0  J  0.00  1   !  -9.99000e+02  -99.000  -99.000  -999
OBS: 5999778  53240.102   -39.00   0.0000e+00   0.0000e+00   0.0000e+00   0  J  0.00  1   !  -9.99000e+02  -99.000  -99.000  -999
OBS: 5999778  53242.102   -37.00   0.0000e+00   0.0000e+00   0.0000e+00   0  J  0.00  1   !  -9.99000e+02  -99.000  -99.000  -999
OBS: 5999778  53244.102   -35.00   0.0000e+00   0.0000e+00   0.0000e+00   0  J  0.00  1   !  -9.99000e+02  -99.000  -99.000  -999
OBS: 5999778  53246.102   -33.00   0.0000e+00   0.0000e+00   0.0000e+00   0  J  0.00  1   !  -9.99000e+02  -99.000  -99.000  -999
OBS: 5999778  53248.102   -31.00   0.0000e+00   0.0000e+00   0.0000e+00   0  J  0.00  1   !  -9.99000e+02  -99.000  -99.000  -999
OBS: 5999778  53250.102   -29.00   0.0000e+00   0.0000e+00   0.0000e+00   0  J  0.00  1   !  -9.99000e+02  -99.000  -99.000  -999
OBS: 5999778  53252.102   -27.00   0.0000e+00   0.0000e+00   0.0000e+00   0  J  0.00  1   !  -9.99000e+02  -99.000  -99.000  -999
OBS: 5999778  53254.102   -25.00   0.0000e+00   0.0000e+00   0.0000e+00   0  J  0.00  1   !  -9.99000e+02  -99.000  -99.000  -999
OBS: 5999778  53256.102   -23.00   0.0000e+00   0.0000e+00   0.0000e+00   0  J  0.00  1   !  -9.99000e+02  -99.000  -99.000  -999
OBS: 5999778  53258.102   -21.00   0.0000e+00   0.0000e+00   0.0000e+00   0  J  0.00  1   !  -9.99000e+02  -99.000  -99.000  -999
OBS: 5999778  53260.102   -19.00   0.0000e+00   3.4831e+03   2.0965e+03   0  J  0.00  1   !  -9.99000e+02  -99.000  -99.000  -999
OBS: 5999778  53262.102   -17.00   0.0000e+00   3.5329e+03   2.1265e+03   0  J  0.00  1   !  -9.99000e+02  -99.000  -99.000  -999
OBS: 5999778  53264.102   -15.00   0.0000e+00   4.1180e+03   1.2792e+03   0  J  0.00  1   !  -9.99000e+02  -99.000  -99.000  -999
OBS: 5999778  53266.102   -13.00   0.0000e+00   5.9583e+03   2.0386e+02   0  J  0.00  1   !  -9.99000e+02  -99.000  -99.000  -999
OBS: 5999778  53268.102   -11.00   0.0000e+00   7.5418e+03   2.0661e+02   0  J  0.00  1   !  -9.99000e+02  -99.000  -99.000  -999
OBS: 5999778  53270.102    -9.00   0.0000e+00   8.4717e+03   2.3033e+02   0  J  0.00  1   !  -9.99000e+02  -99.000  -99.000  -999
OBS: 5999778  53272.102    -7.00   0.0000e+00   8.8639e+03   2.1257e+02   0  J  0.00  1   !  -9.99000e+02  -99.000  -99.000  -999
OBS: 5999778  53274.102    -5.00   0.0000e+00   8.9749e+03   1.9918e+02   0  J  0.00  1   !  -9.99000e+02  -99.000  -99.000  -999
OBS: 5999778  53276.102    -3.00   0.0000e+00   8.6866e+03   2.2196e+02   0  J  0.00  1   !  -9.99000e+02  -99.000  -99.000  -999
OBS: 5999778  53278.102    -1.00   0.0000e+00   8.0397e+03   2.3139e+02   0  J  0.00  1   !  -9.99000e+02  -99.000  -99.000  -999
OBS: 5999778  53280.102     1.00   0.0000e+00   6.9523e+03   2.2843e+02   0  J  0.00  1   !  -9.99000e+02  -99.000  -99.000  -999
OBS: 5999778  53282.102     3.00   0.0000e+00   5.7490e+03   2.2216e+02   0  J  0.00  1   !  -9.99000e+02  -99.000  -99.000  -999
OBS: 5999778  53284.102     5.00   0.0000e+00   4.7657e+03   2.1182e+02   0  J  0.00  1   !  -9.99000e+02  -99.000  -99.000  -999
OBS: 5999778  53286.102     7.00   0.0000e+00   3.8866e+03   2.0789e+02   0  J  0.00  1   !  -9.99000e+02  -99.000  -99.000  -999
OBS: 5999778  53288.102     9.00   0.0000e+00   3.1427e+03   2.2977e+02   0  J  0.00  1   !  -9.99000e+02  -99.000  -99.000  -999
OBS: 5999778  53290.102    11.00   0.0000e+00   2.6325e+03   2.5453e+02   0  J  0.00  1   !  -9.99000e+02  -99.000  -99.000  -999
OBS: 5999778  53292.102    13.00   0.0000e+00   2.4029e+03   2.4859e+02   0  J  0.00  1   !  -9.99000e+02  -99.000  -99.000  -999
OBS: 5999778  53294.102    15.00   0.0000e+00   2.4090e+03   2.3825e+02   0  J  0.00  1   !  -9.99000e+02  -99.000  -99.000  -999
OBS: 5999778  53296.102    17.00   0.0000e+00   2.4954e+03   2.0212e+02   0  J  0.00  1   !  -9.99000e+02  -99.000  -99.000  -999
OBS: 5999778  53298.102    19.00   0.0000e+00   2.6095e+03   1.8110e+02   0  J  0.00  1   !  -9.99000e+02  -99.000  -99.000  -999
OBS: 5999778  53300.102    21.00   0.0000e+00   2.7108e+03   2.1551e+02   0  J  0.00  1   !  -9.99000e+02  -99.000  -99.000  -999
OBS: 5999778  53302.102    23.00   0.0000e+00   2.8553e+03   2.5469e+02   0  J  0.00  1   !  -9.99000e+02  -99.000  -99.000  -999
OBS: 5999778  53304.102    25.00   0.0000e+00   3.0026e+03   2.7047e+02   0  J  0.00  1   !  -9.99000e+02  -99.000  -99.000  -999
OBS: 5999778  53306.102    27.00   0.0000e+00   3.1670e+03   2.8048e+02   0  J  0.00  1   !  -9.99000e+02  -99.000  -99.000  -999
OBS: 5999778  53308.102    29.00   0.0000e+00   3.3438e+03   2.8598e+02   0  J  0.00  1   !  -9.99000e+02  -99.000  -99.000  -999
OBS: 5999778  53310.102    31.00   0.0000e+00   3.5734e+03   3.1873e+02   0  J  0.00  1   !  -9.99000e+02  -99.000  -99.000  -999
OBS: 5999778  53312.102    33.00   0.0000e+00   3.9034e+03   3.9416e+02   0  J  0.00  1   !  -9.99000e+02  -99.000  -99.000  -999
OBS: 5999778  53314.102    35.00   0.0000e+00   4.2515e+03   4.6809e+02   0  J  0.00  1   !  -9.99000e+02  -99.000  -99.000  -999
OBS: 5999778  53316.102    37.00   0.0000e+00   4.3688e+03   5.0591e+02   0  J  0.00  1   !  -9.99000e+02  -99.000  -99.000  -999
OBS: 5999778  53318.102    39.00   0.0000e+00   4.1271e+03   5.1532e+02   0  J  0.00  1   !  -9.99000e+02  -99.000  -99.000  -999
OBS: 5999778  53320.102    41.00   0.0000e+00   3.6352e+03   4.7296e+02   0  J  0.00  1   !  -9.99000e+02  -99.000  -99.000  -999
OBS: 5999778  53322.102    43.00   0.0000e+00   3.0233e+03   3.8459e+02   0  J  0.00  1   !  -9.99000e+02  -99.000  -99.000  -999
OBS: 5999778  53324.102    45.00   0.0000e+00   2.4297e+03   2.8349e+02   0  J  0.00  1   !  -9.99000e+02  -99.000  -99.000  -999
OBS: 5999778  53326.102    47.00   0.0000e+00   2.0328e+03   2.2590e+02   0  J  0.00  1   !  -9.99000e+02  -99.000  -99.000  -999
OBS: 5999778  53328.102    49.00   0.0000e+00   1.8579e+03   3.1532e+02   0  J  0.00  1   !  -9.99000e+02  -99.000  -99.000  -999
OBS: 5999778  53330.102    51.00   0.0000e+00   1.7647e+03   5.0924e+02   0  J  0.00  1   !  -9.99000e+02  -99.000  -99.000  -999
OBS: 5999778  53332.102    53.00   0.0000e+00   1.6687e+03   8.9295e+02   0  J  0.00  1   !  -9.99000e+02  -99.000  -99.000  -999
OBS: 5999778  53334.102    55.00   0.0000e+00   1.5628e+03   9.4069e+02   0  J  0.00  1   !  -9.99000e+02  -99.000  -99.000  -999
OBS: 5999778  53336.102    57.00   0.0000e+00   1.4328e+03   8.6244e+02   0  J  0.00  1   !  -9.99000e+02  -99.000  -99.000  -999
OBS: 5999778  53338.102    59.00   0.0000e+00   1.3165e+03   7.9240e+02   0  J  0.00  1   !  -9.99000e+02  -99.000  -99.000  -999
OBS: 5999778  53340.102    61.00   0.0000e+00   1.2146e+03   7.3107e+02   0  J  0.00  1   !  -9.99000e+02  -99.000  -99.000  -999
OBS: 5999778  53342.102    63.00   0.0000e+00   1.1111e+03   6.6876e+02   0  J  0.00  1   !  -9.99000e+02  -99.000  -99.000  -999
OBS: 5999778  53344.102    65.00   0.0000e+00   9.3989e+02   5.6573e+02   0  J  0.00  1   !  -9.99000e+02  -99.000  -99.000  -999
OBS: 5999778  53346.102    67.00   0.0000e+00   8.0971e+02   4.8737e+02   0  J  0.00  1   !  -9.99000e+02  -99.000  -99.000  -999
OBS: 5999778  53348.102    69.00   0.0000e+00   7.2734e+02   4.3780e+02   0  J  0.00  1   !  -9.99000e+02  -99.000  -99.000  -999
OBS: 5999778  53350.102    71.00   0.0000e+00   6.6411e+02   3.9974e+02   0  J  0.00  1   !  -9.99000e+02  -99.000  -99.000  -999
OBS: 5999778  53352.102    73.00   0.0000e+00   6.1254e+02   3.6869e+02   0  J  0.00  1   !  -9.99000e+02  -99.000  -99.000  -999
OBS: 5999778  53354.102    75.00   0.0000e+00   5.6143e+02   3.3793e+02   0  J  0.00  1   !  -9.99000e+02  -99.000  -99.000  -999
OBS: 5999778  53356.102    77.00   0.0000e+00   5.0592e+02   3.0452e+02   0  J  0.00  1   !  -9.99000e+02  -99.000  -99.000  -999
OBS: 5999778  53358.102    79.00   0.0000e+00   4.7582e+02   2.8640e+02   0  J  0.00  1   !  -9.99000e+02  -99.000  -99.000  -999
OBS: 5999778  53360.102    81.00   0.0000e+00   4.5342e+02   2.7292e+02   0  J  0.00  1   !  -9.99000e+02  -99.000  -99.000  -999
OBS: 5999778  53362.102    83.00   0.0000e+00   4.3219e+02   2.6014e+02   0  J  0.00  1   !  -9.99000e+02  -99.000  -99.000  -999
OBS: 5999778  53364.102    85.00   0.0000e+00   4.1196e+02   2.4796e+02   0  J  0.00  1   !  -9.99000e+02  -99.000  -99.000  -999
OBS: 5999778  53366.102    87.00   0.0000e+00   3.9223e+02   2.3609e+02   0  J  0.00  1   !  -9.99000e+02  -99.000  -99.000  -999
OBS: 5999778  53368.102    89.00   0.0000e+00   3.7291e+02   2.2446e+02   0  J  0.00  1   !  -9.99000e+02  -99.000  -99.000  -999
OBS: 5999778  53370.102    91.00   0.0000e+00   3.5814e+02   2.1557e+02   0  J  0.00  1   !  -9.99000e+02  -99.000  -99.000  -999
OBS: 5999778  53372.102    93.00   0.0000e+00   3.4395e+02   2.0703e+02   0  J  0.00  1   !  -9.99000e+02  -99.000  -99.000  -999
OBS: 5999778  53374.102    95.00   0.0000e+00   3.3033e+02   1.9883e+02   0  J  0.00  1   !  -9.99000e+02  -99.000  -99.000  -999
OBS: 5999778  53376.102    97.00   0.0000e+00   3.1724e+02   1.9095e+02   0  J  0.00  1   !  -9.99000e+02  -99.000  -99.000  -999
OBS: 5999778  53378.102    99.00   0.0000e+00   3.0468e+02   1.8339e+02   0  J  0.00  1   !  -9.99000e+02  -99.000  -99.000  -999
OBS: 5999778  53380.102   101.00   0.0000e+00   2.9261e+02   1.7613e+02   0  J  0.00  1   !  -9.99000e+02  -99.000  -99.000  -999
OBS: 5999778  53382.102   103.00   0.0000e+00   2.8102e+02   1.6915e+02   0  J  0.00  1   !  -9.99000e+02  -99.000  -99.000  -999
OBS: 5999778  53384.102   105.00   0.0000e+00   2.6989e+02   1.6245e+02   0  J  0.00  1   !  -9.99000e+02  -99.000  -99.000  -999
OBS: 5999778  53386.102   107.00   0.0000e+00   2.5920e+02   1.5602e+02   0  J  0.00  1   !  -9.99000e+02  -99.000  -99.000  -999
OBS: 5999778  53388.102   109.00   0.0000e+00   2.4893e+02   1.4984e+02   0  J  0.00  1   !  -9.99000e+02  -99.000  -99.000  -999
OBS: 5999778  53390.102   111.00   0.0000e+00   2.3907e+02   1.4390e+02   0  J  0.00  1   !  -9.99000e+02  -99.000  -99.000  -999
OBS: 5999778  53392.102   113.00   0.0000e+00   2.2960e+02   1.3820e+02   0  J  0.00  1   !  -9.99000e+02  -99.000  -99.000  -999
OBS: 5999778  53394.102   115.00   0.0000e+00   2.2051e+02   1.3273e+02   0  J  0.00  1   !  -9.99000e+02  -99.000  -99.000  -999
OBS: 5999778  53396.102   117.00   0.0000e+00   2.1178e+02   1.2747e+02   0  J  0.00  1   !  -9.99000e+02  -99.000  -99.000  -999
OBS: 5999778  53398.102   119.00   0.0000e+00   2.0339e+02   1.2242e+02   0  J  0.00  1   !  -9.99000e+02  -99.000  -99.000  -999
OBS: 5999778  53400.102   121.00   0.0000e+00   1.9533e+02   1.1757e+02   0  J  0.00  1   !  -9.99000e+02  -99.000  -99.000  -999
OBS: 5999778  53402.102   123.00   0.0000e+00   1.8760e+02   1.1292e+02   0  J  0.00  1   !  -9.99000e+02  -99.000  -99.000  -999
OBS: 5999778  53404.102   125.00   0.0000e+00   1.8016e+02   1.0844e+02   0  J  0.00  1   !  -9.99000e+02  -99.000  -99.000  -999
OBS: 5999778  53406.102   127.00   0.0000e+00   1.7303e+02   1.0415e+02   0  J  0.00  1   !  -9.99000e+02  -99.000  -99.000  -999
OBS: 5999778  53408.102   129.00   0.0000e+00   1.6618e+02   1.0002e+02   0  J  0.00  1   !  -9.99000e+02  -99.000  -99.000  -999
OBS: 5999778  53410.102   131.00   0.0000e+00   1.5959e+02   9.6061e+01   0  J  0.00  1   !  -9.99000e+02  -99.000  -99.000  -999
OBS: 5999778  53412.102   133.00   0.0000e+00   1.5327e+02   9.2256e+01   0  J  0.00  1   !  -9.99000e+02  -99.000  -99.000  -999
OBS: 5999778  53414.102   135.00   0.0000e+00   1.4720e+02   8.8602e+01   0  J  0.00  1   !  -9.99000e+02  -99.000  -99.000  -999
OBS: 5999778  53416.102   137.00   0.0000e+00   1.4137e+02   8.5093e+01   0  J  0.00  1   !  -9.99000e+02  -99.000  -99.000  -999
OBS: 5999778  53418.102   139.00   0.0000e+00   1.3577e+02   8.1722e+01   0  J  0.00  1   !  -9.99000e+02  -99.000  -99.000  -999
OBS: 5999778  53269.602    -9.50   5.9814e+03   5.8937e+03   3.8308e+02   1  y  0.37  1   Y  2.07927e+18  -0.098  -0.655  1.00000e+11
OBS: 5999778  53270.570    -8.53   6.6274e+03   6.8444e+03   1.7246e+02   1  y  6.35  1   Y  2.37670e+18  -0.115  -0.700  1.00000e+11
OBS: 5999778  53270.570    -8.53   6.6274e+03   6.5608e+03   1.7334e+02   1  y  1.74  1   Y  2.27821e+18  -0.115  -0.700  1.00000e+11
OBS: 5999778  53271.520    -7.58   7.1948e+03   6.9079e+03   1.6136e+02   1  y  0.29  1   Y  2.35199e+18  -0.136  -0.765  1.00000e+11
OBS: 5999778  53271.539    -7.56   7.2067e+03   7.2019e+03   1.6331e+02   1  y  3.11  1   Y  2.45105e+18  -0.137  -0.766  1.00000e+11
OBS: 5999778  53272.512    -6.59   7.6304e+03   7.5432e+03   1.7534e+02   1  y  2.05  1   Y  2.53241e+18  -0.151  -0.842  1.00000e+11
OBS: 5999778  53272.520    -6.58   7.6344e+03   7.3181e+03   1.7353e+02   1  y  0.25  1   Y  2.45656e+18  -0.152  -0.843  1.00000e+11
OBS: 5999778  53277.531    -1.57   7.5120e+03   7.5402e+03   1.7492e+02   1  y  3.45  1   Y  2.47930e+18  -0.174  -1.318  1.00000e+11
OBS: 5999778  53277.539    -1.56   7.5077e+03   7.2980e+03   2.0153e+02   1  y  0.68  1   Y  2.39996e+18  -0.174  -1.319  1.00000e+11
OBS: 5999778  53281.520     2.42   5.9446e+03   5.9368e+03   1.8503e+02   1  y  1.47  1   Y  1.93820e+18  -0.182  -1.415  1.00000e+11
OBS: 5999778  53281.531     2.43   5.9416e+03   5.9695e+03   1.6231e+02   1  y  2.01  1   Y  1.94847e+18  -0.182  -1.414  1.00000e+11
OBS: 5999778  53301.520    22.42   5.6966e+03   5.7513e+03   2.1117e+02   1  y  2.09  1   Y  1.82381e+18  -0.213  -0.884  1.00000e+11
OBS: 5999778  53301.531    22.43   5.6985e+03   5.6199e+03   1.8104e+02   1  y  1.07  1   Y  1.78248e+18  -0.213  -0.884  1.00000e+11
OBS: 5999778  53306.551    27.45   7.1693e+03   6.9794e+03   2.3250e+02   1  y  0.55  1   Y  2.24572e+18  -0.198  -0.863  1.00000e+11
OBS: 5999778  53306.559    27.46   7.1725e+03   7.1783e+03   2.0096e+02   1  y  2.24  1   Y  2.30969e+18  -0.198  -0.863  1.00000e+11
OBS: 5999778  53220.102   -59.00   0.0000e+00   0.0000e+00   0.0000e+00   0  y  0.00  1   !  -9.99000e+02  -99.000  -99.000  -999
OBS: 5999778  53222.102   -57.00   0.0000e+00   0.0000e+00   0.0000e+00   0  y  0.00  1   !  -9.99000e+02  -99.000  -99.000  -999
OBS: 5999778  53224.102   -55.00   0.0000e+00   0.0000e+00   0.0000e+00   0  y  0.00  1   !  -9.99000e+02  -99.000  -99.000  -999
OBS: 5999778  53226.102   -53.00   0.0000e+00   0.0000e+00   0.0000e+00   0  y  0.00  1   !  -9.99000e+02  -99.000  -99.000  -999
OBS: 5999778  53228.102   -51.00   0.0000e+00   0.0000e+00   0.0000e+00   0  y  0.00  1   !  -9.99000e+02  -99.000  -99.000  -999
OBS: 5999778  53230.102   -49.00   0.0000e+00   0.0000e+00   0.0000e+00   0  y  0.00  1   !  -9.99000e+02  -99.000  -99.000  -999
OBS: 5999778  53232.102   -47.00   0.0000e+00   0.0000e+00   0.0000e+00   0  y  0.00  1   !  -9.99000e+02  -99.000  -99.000  -999
OBS: 5999778  53234.102   -45.00   0.0000e+00   0.0000e+00   0.0000e+00   0  y  0.00  1   !  -9.99000e+02  -99.000  -99.000  -999
OBS: 5999778  53236.102   -43.00   0.0000e+00   0.0000e+00   0.0000e+00   0  y  0.00  1   !  -9.99000e+02  -99.000  -99.000  -999
OBS: 5999778  53238.102   -41.00   0.0000e+00   0.0000e+00   0.0000e+00   0  y  0.00  1   !  -9.99000e+02  -99.000  -99.000  -999
OBS: 5999778  53240.102   -39.00   0.0000e+00   0.0000e+00   0.0000e+00   0  y  0.00  1   !  -9.99000e+02  -99.000  -99.000  -999
OBS: 5999778  53242.102   -37.00   0.0000e+00   0.0000e+00   0.0000e+00   0  y  0.00  1   !  -9.99000e+02  -99.000  -99.000  -999
OBS: 5999778  53244.102   -35.00   0.0000e+00   0.0000e+00   0.0000e+00   0  y  0.00  1   !  -9.99000e+02  -99.000  -99.000  -999
OBS: 5999778  53246.102   -33.00   0.0000e+00   0.0000e+00   0.0000e+00   0  y  0.00  1   !  -9.99000e+02  -99.000  -99.000  -999
OBS: 5999778  53248.102   -31.00   0.0000e+00   0.0000e+00   0.0000e+00   0  y  0.00  1   !  -9.99000e+02  -99.000  -99.000  -999
OBS: 5999778  53250.102   -29.00   0.0000e+00   0.0000e+00   0.0000e+00   0  y  0.00  1   !  -9.99000e+02  -99.000  -99.000  -999
OBS: 5999778  53252.102   -27.00   0.0000e+00   0.0000e+00   0.0000e+00   0  y  0.00  1   !  -9.99000e+02  -99.000  -99.000  -999
OBS: 5999778  53254.102   -25.00   0.0000e+00   0.0000e+00   0.0000e+00   0  y  0.00  1   !  -9.99000e+02  -99.000  -99.000  -999
OBS: 5999778  53256.102   -23.00   0.0000e+00   0.0000e+00   0.0000e+00   0  y  0.00  1   !  -9.99000e+02  -99.000  -99.000  -999
OBS: 5999778  53258.102   -21.00   0.0000e+00   0.0000e+00   0.0000e+00   0  y  0.00  1   !  -9.99000e+02  -99.000  -99.000  -999
OBS: 5999778  53260.102   -19.00   0.0000e+00   1.5078e+03   9.0758e+02   0  y  0.00  1   !  -9.99000e+02  -99.000  -99.000  -999
OBS: 5999778  53262.102   -17.00   0.0000e+00   1.4844e+03   8.9346e+02   0  y  0.00  1   !  -9.99000e+02  -99.000  -99.000  -999
OBS: 5999778  53264.102   -15.00   0.0000e+00   1.8796e+03   6.9796e+02   0  y  0.00  1   !  -9.99000e+02  -99.000  -99.000  -999
OBS: 5999778  53266.102   -13.00   0.0000e+00   3.2047e+03   2.9945e+02   0  y  0.00  1   !  -9.99000e+02  -99.000  -99.000  -999
OBS: 5999778  53268.102   -11.00   0.0000e+00   4.6156e+03   1.9579e+02   0  y  0.00  1   !  -9.99000e+02  -99.000  -99.000  -999
OBS: 5999778  53270.102    -9.00   0.0000e+00   5.9506e+03   1.6515e+02   0  y  0.00  1   !  -9.99000e+02  -99.000  -99.000  -999
OBS: 5999778  53272.102    -7.00   0.0000e+00   7.0455e+03   1.6671e+02   0  y  0.00  1   !  -9.99000e+02  -99.000  -99.000  -999
OBS: 5999778  53274.102    -5.00   0.0000e+00   7.5522e+03   1.9270e+02   0  y  0.00  1   !  -9.99000e+02  -99.000  -99.000  -999
OBS: 5999778  53276.102    -3.00   0.0000e+00   7.5123e+03   1.9493e+02   0  y  0.00  1   !  -9.99000e+02  -99.000  -99.000  -999
OBS: 5999778  53278.102    -1.00   0.0000e+00   6.8545e+03   1.6840e+02   0  y  0.00  1   !  -9.99000e+02  -99.000  -99.000  -999
OBS: 5999778  53280.102     1.00   0.0000e+00   6.0663e+03   1.8332e+02   0  y  0.00  1   !  -9.99000e+02  -99.000  -99.000  -999
OBS: 5999778  53282.102     3.00   0.0000e+00   5.4461e+03   2.0922e+02   0  y  0.00  1   !  -9.99000e+02  -99.000  -99.000  -999
OBS: 5999778  53284.102     5.00   0.0000e+00   4.8531e+03   2.0500e+02   0  y  0.00  1   !  -9.99000e+02  -99.000  -99.000  -999
OBS: 5999778  53286.102     7.00   0.0000e+00   4.3626e+03   1.8395e+02   0  y  0.00  1   !  -9.99000e+02  -99.000  -99.000  -999
OBS: 5999778  53288.102     9.00   0.0000e+00   4.0671e+03   1.9578e+02   0  y  0.00  1   !  -9.99000e+02  -99.000  -99.000  -999
OBS: 5999778  53290.102    11.00   0.0000e+00   3.8996e+03   2.1592e+02   0  y  0.00  1   !  -9.99000e+02  -99.000  -99.000  -999
OBS: 5999778  53292.102    13.00   0.0000e+00   3.8819e+03   2.1532e+02   0  y  0.00  1   !  -9.99000e+02  -99.000  -99.000  -999
OBS: 5999778  53294.102    15.00   0.0000e+00   4.0197e+03   2.0395e+02   0  y  0.00  1   !  -9.99000e+02  -99.000  -99.000  -999
OBS: 5999778  53296.102    17.00   0.0000e+00   4.3014e+03   1.9918e+02   0  y  0.00  1   !  -9.99000e+02  -99.000  -99.000  -999
OBS: 5999778  53298.102    19.00   0.0000e+00   4.6601e+03   1.9445e+02   0  y  0.00  1   !  -9.99000e+02  -99.000  -99.000  -999
OBS: 5999778  53300.102    21.00   0.0000e+00   5.0954e+03   1.6795e+02   0  y  0.00  1   !  -9.99000e+02  -99.000  -99.000  -999
OBS: 5999778  53302.102    23.00   0.0000e+00   5.4773e+03   1.6194e+02   0  y  0.00  1   !  -9.99000e+02  -99.000  -99.000  -999
OBS: 5999778  53304.102    25.00   0.0000e+00   5.9752e+03   1.8520e+02   0  y  0.00  1   !  -9.99000e+02  -99.000  -99.000  -999
OBS: 5999778  53306.102    27.00   0.0000e+00   6.6110e+03   1.9645e+02   0  y  0.00  1   !  -9.99000e+02  -99.000  -99.000  -999
OBS: 5999778  53308.102    29.00   0.0000e+00   7.1995e+03   1.9616e+02   0  y  0.00  1   !  -9.99000e+02  -99.000  -99.000  -999
OBS: 5999778  53310.102    31.00   0.0000e+00   7.6716e+03   2.1784e+02   0  y  0.00  1   !  -9.99000e+02  -99.000  -99.000  -999
OBS: 5999778  53312.102    33.00   0.0000e+00   7.9393e+03   2.5560e+02   0  y  0.00  1   !  -9.99000e+02  -99.000  -99.000  -999
OBS: 5999778  53314.102    35.00   0.0000e+00   7.9407e+03   2.7542e+02   0  y  0.00  1   !  -9.99000e+02  -99.000  -99.000  -999
OBS: 5999778  53316.102    37.00   0.0000e+00   7.8061e+03   2.6158e+02   0  y  0.00  1   !  -9.99000e+02  -99.000  -99.000  -999
OBS: 5999778  53318.102    39.00   0.0000e+00   7.6580e+03   2.6462e+02   0  y  0.00  1   !  -9.99000e+02  -99.000  -99.000  -999
OBS: 5999778  53320.102    41.00   0.0000e+00   7.3129e+03   2.9266e+02   0  y  0.00  1   !  -9.99000e+02  -99.000  -99.000  -999
OBS: 5999778  53322.102    43.00   0.0000e+00   6.7740e+03   2.8633e+02   0  y  0.00  1   !  -9.99000e+02  -99.000  -99.000  -999
OBS: 5999778  53324.102    45.00   0.0000e+00   6.1623e+03   2.3577e+02   0  y  0.00  1   !  -9.99000e+02  -99.000  -99.000  -999
OBS: 5999778  53326.102    47.00   0.0000e+00   5.6146e+03   1.8243e+02   0  y  0.00  1   !  -9.99000e+02  -99.000  -99.000  -999
OBS: 5999778  53328.102    49.00   0.0000e+00   5.1502e+03   1.5307e+02   0  y  0.00  1   !  -9.99000e+02  -99.000  -99.000  -999
OBS: 5999778  53330.102    51.00   0.0000e+00   4.7531e+03   1.4254e+02   0  y  0.00  1   !  -9.99000e+02  -99.000  -99.000  -999
OBS: 5999778  53332.102    53.00   0.0000e+00   4.3083e+03   2.0015e+03   0  y  0.00  1   !  -9.99000e+02  -99.000  -99.000  -999
OBS: 5999778  53334.102    55.00   0.0000e+00   3.8047e+03   2.2901e+03   0  y  0.00  1   !  -9.99000e+02  -99.000  -99.000  -999
OBS: 5999778  53336.102    57.00   0.0000e+00   3.3922e+03   2.0418e+03   0  y  0.00  1   !  -9.99000e+02  -99.000  -99.000  -999
OBS: 5999778  53338.102    59.00   0.0000e+00   3.0300e+03   1.8238e+03   0  y  0.00  1   !  -9.99000e+02  -99.000  -99.000  -999
OBS: 5999778  53340.102    61.00   0.0000e+00   2.7250e+03   1.6402e+03   0  y  0.00  1   !  -9.99000e+02  -99.000  -99.000  -999
OBS: 5999778  53342.102    63.00   0.0000e+00   2.4574e+03   1.4792e+03   0  y  0.00  1   !  -9.99000e+02  -99.000  -99.000  -999
OBS: 5999778  53344.102    65.00   0.0000e+00   2.0318e+03   1.2230e+03   0  y  0.00  1   !  -9.99000e+02  -99.000  -99.000  -999
OBS: 5999778  53346.102    67.00   0.0000e+00   1.7104e+03   1.0295e+03   0  y  0.00  1   !  -9.99000e+02  -99.000  -99.000  -999
OBS: 5999778  53348.102    69.00   0.0000e+00   1.4721e+03   8.8608e+02   0  y  0.00  1   !  -9.99000e+02  -99.000  -99.000  -999
OBS: 5999778  53350.102    71.00   0.0000e+00   1.2898e+03   7.7635e+02   0  y  0.00  1   !  -9.99000e+02  -99.000  -99.000  -999
OBS: 5999778  53352.102    73.00   0.0000e+00   1.1460e+03   6.8980e+02   0  y  0.00  1   !  -9.99000e+02  -99.000  -99.000  -999
OBS: 5999778  53354.102    75.00   0.0000e+00   1.0278e+03   6.1864e+02   0  y  0.00  1   !  -9.99000e+02  -99.000  -99.000  -999
OBS: 5999778  53356.102    77.00   0.0000e+00   9.3025e+02   5.5993e+02   0  y  0.00  1   !  -9.99000e+02  -99.000  -99.000  -999
OBS: 5999778  53358.102    79.00   0.0000e+00   8.2325e+02   4.9552e+02   0  y  0.00  1   !  -9.99000e+02  -99.000  -99.000  -999
OBS: 5999778  53360.102    81.00   0.0000e+00   7.2420e+02   4.3590e+02   0  y  0.00  1   !  -9.99000e+02  -99.000  -99.000  -999
OBS: 5999778  53362.102    83.00   0.0000e+00   6.3800e+02   3.8402e+02   0  y  0.00  1   !  -9.99000e+02  -99.000  -99.000  -999
OBS: 5999778  53364.102    85.00   0.0000e+00   5.6293e+02   3.3883e+02   0  y  0.00  1   !  -9.99000e+02  -99.000  -99.000  -999
OBS: 5999778  53366.102    87.00   0.0000e+00   4.9784e+02   2.9966e+02   0  y  0.00  1   !  -9.99000e+02  -99.000  -99.000  -999
OBS: 5999778  53368.102    89.00   0.0000e+00   4.4138e+02   2.6567e+02   0  y  0.00  1   !  -9.99000e+02  -99.000  -99.000  -999
OBS: 5999778  53370.102    91.00   0.0000e+00   3.8617e+02   2.3244e+02   0  y  0.00  1   !  -9.99000e+02  -99.000  -99.000  -999
OBS: 5999778  53372.102    93.00   0.0000e+00   3.3786e+02   2.0336e+02   0  y  0.00  1   !  -9.99000e+02  -99.000  -99.000  -999
OBS: 5999778  53374.102    95.00   0.0000e+00   2.9559e+02   1.7792e+02   0  y  0.00  1   !  -9.99000e+02  -99.000  -99.000  -999
OBS: 5999778  53376.102    97.00   0.0000e+00   2.5861e+02   1.5566e+02   0  y  0.00  1   !  -9.99000e+02  -99.000  -99.000  -999
OBS: 5999778  53378.102    99.00   0.0000e+00   2.2625e+02   1.3618e+02   0  y  0.00  1   !  -9.99000e+02  -99.000  -99.000  -999
OBS: 5999778  53380.102   101.00   0.0000e+00   1.9795e+02   1.1915e+02   0  y  0.00  1   !  -9.99000e+02  -99.000  -99.000  -999
OBS: 5999778  53382.102   103.00   0.0000e+00   1.7318e+02   1.0424e+02   0  y  0.00  1   !  -9.99000e+02  -99.000  -99.000  -999
OBS: 5999778  53384.102   105.00   0.0000e+00   1.5150e+02   9.1190e+01   0  y  0.00  1   !  -9.99000e+02  -99.000  -99.000  -999
OBS: 5999778  53386.102   107.00   0.0000e+00   1.3254e+02   7.9775e+01   0  y  0.00  1   !  -9.99000e+02  -99.000  -99.000  -999
OBS: 5999778  53388.102   109.00   0.0000e+00   1.1594e+02   6.9788e+01   0  y  0.00  1   !  -9.99000e+02  -99.000  -99.000  -999
OBS: 5999778  53390.102   111.00   0.0000e+00   1.0143e+02   6.1051e+01   0  y  0.00  1   !  -9.99000e+02  -99.000  -99.000  -999
OBS: 5999778  53392.102   113.00   0.0000e+00   8.8728e+01   5.3407e+01   0  y  0.00  1   !  -9.99000e+02  -99.000  -99.000  -999
OBS: 5999778  53394.102   115.00   0.0000e+00   7.7626e+01   4.6724e+01   0  y  0.00  1   !  -9.99000e+02  -99.000  -99.000  -999
OBS: 5999778  53396.102   117.00   0.0000e+00   6.7909e+01   4.0875e+01   0  y  0.00  1   !  -9.99000e+02  -99.000  -99.000  -999
OBS: 5999778  53398.102   119.00   0.0000e+00   5.9405e+01   3.5756e+01   0  y  0.00  1   !  -9.99000e+02  -99.000  -99.000  -999
OBS: 5999778  53400.102   121.00   0.0000e+00   5.1964e+01   3.1278e+01   0  y  0.00  1   !  -9.99000e+02  -99.000  -99.000  -999
OBS: 5999778  53402.102   123.00   0.0000e+00   4.5455e+01   2.7360e+01   0  y  0.00  1   !  -9.99000e+02  -99.000  -99.000  -999
OBS: 5999778  53404.102   125.00   0.0000e+00   3.9761e+01   2.3932e+01   0  y  0.00  1   !  -9.99000e+02  -99.000  -99.000  -999
OBS: 5999778  53406.102   127.00   0.0000e+00   3.4779e+01   2.0934e+01   0  y  0.00  1   !  -9.99000e+02  -99.000  -99.000  -999
OBS: 5999778  53408.102   129.00   0.0000e+00   3.0425e+01   1.8313e+01   0  y  0.00  1   !  -9.99000e+02  -99.000  -99.000  -999
OBS: 5999778  53410.102   131.00   0.0000e+00   2.6617e+01   1.6021e+01   0  y  0.00  1   !  -9.99000e+02  -99.000  -99.000  -999
OBS: 5999778  53412.102   133.00   0.0000e+00   2.3281e+01   1.4013e+01   0  y  0.00  1   !  -9.99000e+02  -99.000  -99.000  -999
OBS: 5999778  53414.102   135.00   0.0000e+00   2.0364e+01   1.2257e+01   0  y  0.00  1   !  -9.99000e+02  -99.000  -99.000  -999
OBS: 5999778  53416.102   137.00   0.0000e+00   1.7811e+01   1.0721e+01   0  y  0.00  1   !  -9.99000e+02  -99.000  -99.000  -999
OBS: 5999778  53418.102   139.00   0.0000e+00   1.5579e+01   9.3771e+00   0  y  0.00  1   !  -9.99000e+02  -99.000  -99.000  -999
OBS: 5999778  53269.602    -9.50   5.8429e+03   7.1884e+03   8.2734e+02   1  H  1.84  1   H  2.44719e+18  -0.136  -3.768  1.00000e+11
OBS: 5999778  53269.602    -9.50   5.8429e+03   5.3938e+03   8.8067e+02   1  H  0.48  1   H  1.83622e+18  -0.136  -3.768  1.00000e+11
OBS: 5999778  53270.570    -8.53   6.3397e+03   5.9423e+03   4.7266e+02   1  H  1.32  1   H  2.03869e+18  -0.128  -3.042  1.00000e+11
OBS: 5999778  53270.570    -8.53   6.3397e+03   6.2346e+03   5.2138e+02   1  H  0.29  1   H  2.13897e+18  -0.128  -3.042  1.00000e+11
OBS: 5999778  53271.520    -7.58   6.7294e+03   4.9529e+03   6.5299e+02   1  H  8.45  1   H  1.70734e+18  -0.123  -2.483  1.00000e+11
OBS: 5999778  53271.539    -7.56   6.7373e+03   6.7121e+03   6.1112e+02   1  H  0.13  1   H  2.31399e+18  -0.123  -2.472  1.00000e+11
OBS: 5999778  53272.512    -6.59   7.0173e+03   7.9703e+03   6.8659e+02   1  H  1.06  1   H  2.76067e+18  -0.118  -2.029  1.00000e+11
OBS: 5999778  53272.520    -6.58   7.0198e+03   6.5681e+03   6.2227e+02   1  H  1.04  1   H  2.27509e+18  -0.117  -2.025  1.00000e+11
OBS: 5999778  53277.531    -1.57   6.6203e+03   6.7540e+03   7.5122e+02   1  H  0.01  1   H  2.45197e+18  -0.066  -0.866  1.00000e+11
OBS: 5999778  53277.539    -1.56   6.6166e+03   6.6848e+03   7.1575e+02   1  H  0.03  1   H  2.42752e+18  -0.066  -0.864  1.00000e+11
OBS: 5999778  53281.520     2.42   5.4329e+03   4.8905e+03   6.1643e+02   1  H  1.21  1   H  1.90794e+18  0.012  0.060  1.00000e+11
OBS: 5999778  53281.531     2.43   5.4307e+03   5.1592e+03   5.3103e+02   1  H  0.60  1   H  2.01299e+18  0.012  0.061  1.00000e+11
OBS: 5999778  53301.520    22.42   4.6963e+03   6.0386e+03   8.0844e+02   1  H  2.14  1   H  2.84528e+18  0.217  -1.056  1.00000e+11
OBS: 5999778  53301.531    22.43   4.6972e+03   4.1589e+03   7.6681e+02   1  H  0.76  1   H  1.95976e+18  0.217  -1.051  1.00000e+11
OBS: 5999778  53306.551    27.45   5.2268e+03   4.1348e+03   7.0692e+02   1  H  2.97  1   H  1.91520e+18  0.198  -0.045  1.00000e+11
OBS: 5999778  53306.559    27.46   5.2277e+03   5.4057e+03   6.5267e+02   1  H  0.00  1   H  2.50355e+18  0.198  -0.046  1.00000e+11
OBS: 5999778  53338.520    59.42   2.3229e+03   2.2171e+03   6.0574e+02  -1  H  0.01  1   !  -9.99000e+02  -99.000  -99.000  -999
OBS: 5999778  53220.102   -59.00   0.0000e+00   0.0000e+00   0.0000e+00   0  H  0.00  1   !  -9.99000e+02  -99.000  -99.000  -999
OBS: 5999778  53222.102   -57.00   0.0000e+00   0.0000e+00   0.0000e+00   0  H  0.00  1   !  -9.99000e+02  -99.000  -99.000  -999
OBS: 5999778  53224.102   -55.00   0.0000e+00   0.0000e+00   0.0000e+00   0  H  0.00  1   !  -9.99000e+02  -99.000  -99.000  -999
OBS: 5999778  53226.102   -53.00   0.0000e+00   0.0000e+00   0.0000e+00   0  H  0.00  1   !  -9.99000e+02  -99.000  -99.000  -999
OBS: 5999778  53228.102   -51.00   0.0000e+00   0.0000e+00   0.0000e+00   0  H  0.00  1   !  -9.99000e+02  -99.000  -99.000  -999
OBS: 5999778  53230.102   -49.00   0.0000e+00   0.0000e+00   0.0000e+00   0  H  0.00  1   !  -9.99000e+02  -99.000  -99.000  -999
OBS: 5999778  53232.102   -47.00   0.0000e+00   0.0000e+00   0.0000e+00   0  H  0.00  1   !  -9.99000e+02  -99.000  -99.000  -999
OBS: 5999778  53234.102   -45.00   0.0000e+00   0.0000e+00   0.0000e+00   0  H  0.00  1   !  -9.99000e+02  -99.000  -99.000  -999
OBS: 5999778  53236.102   -43.00   0.0000e+00   0.0000e+00   0.0000e+00   0  H  0.00  1   !  -9.99000e+02  -99.000  -99.000  -999
OBS: 5999778  53238.102   -41.00   0.0000e+00   0.0000e+00   0.0000e+00   0  H  0.00  1   !  -9.99000e+02  -99.000  -99.000  -999
OBS: 5999778  53240.102   -39.00   0.0000e+00   0.0000e+00   0.0000e+00   0  H  0.00  1   !  -9.99000e+02  -99.000  -99.000  -999
OBS: 5999778  53242.102   -37.00   0.0000e+00   0.0000e+00   0.0000e+00   0  H  0.00  1   !  -9.99000e+02  -99.000  -99.000  -999
OBS: 5999778  53244.102   -35.00   0.0000e+00   0.0000e+00   0.0000e+00   0  H  0.00  1   !  -9.99000e+02  -99.000  -99.000  -999
OBS: 5999778  53246.102   -33.00   0.0000e+00   0.0000e+00   0.0000e+00   0  H  0.00  1   !  -9.99000e+02  -99.000  -99.000  -999
OBS: 5999778  53248.102   -31.00   0.0000e+00   0.0000e+00   0.0000e+00   0  H  0.00  1   !  -9.99000e+02  -99.000  -99.000  -999
OBS: 5999778  53250.102   -29.00   0.0000e+00   0.0000e+00   0.0000e+00   0  H  0.00  1   !  -9.99000e+02  -99.000  -99.000  -999
OBS: 5999778  53252.102   -27.00   0.0000e+00   0.0000e+00   0.0000e+00   0  H  0.00  1   !  -9.99000e+02  -99.000  -99.000  -999
OBS: 5999778  53254.102   -25.00   0.0000e+00   0.0000e+00   0.0000e+00   0  H  0.00  1   !  -9.99000e+02  -99.000  -99.000  -999
OBS: 5999778  53256.102   -23.00   0.0000e+00   0.0000e+00   0.0000e+00   0  H  0.00  1   !  -9.99000e+02  -99.000  -99.000  -999
OBS: 5999778  53258.102   -21.00   0.0000e+00   0.0000e+00   0.0000e+00   0  H  0.00  1   !  -9.99000e+02  -99.000  -99.000  -999
OBS: 5999778  53260.102   -19.00   0.0000e+00   1.8126e+03   1.0910e+03   0  H  0.00  1   !  -9.99000e+02  -99.000  -99.000  -999
OBS: 5999778  53262.102   -17.00   0.0000e+00   1.7830e+03   1.0732e+03   0  H  0.00  1   !  -9.99000e+02  -99.000  -99.000  -999
OBS: 5999778  53264.102   -15.00   0.0000e+00   2.1983e+03   1.3232e+03   0  H  0.00  1   !  -9.99000e+02  -99.000  -99.000  -999
OBS: 5999778  53266.102   -13.00   0.0000e+00   3.6109e+03   3.7321e+02   0  H  0.00  1   !  -9.99000e+02  -99.000  -99.000  -999
OBS: 5999778  53268.102   -11.00   0.0000e+00   5.0668e+03   2.6395e+02   0  H  0.00  1   !  -9.99000e+02  -99.000  -99.000  -999
OBS: 5999778  53270.102    -9.00   0.0000e+00   6.2887e+03   2.1770e+02   0  H  0.00  1   !  -9.99000e+02  -99.000  -99.000  -999
OBS: 5999778  53272.102    -7.00   0.0000e+00   7.1265e+03   1.9996e+02   0  H  0.00  1   !  -9.99000e+02  -99.000  -99.000  -999
OBS: 5999778  53274.102    -5.00   0.0000e+00   7.4425e+03   2.2275e+02   0  H  0.00  1   !  -9.99000e+02  -99.000  -99.000  -999
OBS: 5999778  53276.102    -3.00   0.0000e+00   7.2561e+03   2.1900e+02   0  H  0.00  1   !  -9.99000e+02  -99.000  -99.000  -999
OBS: 5999778  53278.102    -1.00   0.0000e+00   6.6091e+03   1.8412e+02   0  H  0.00  1   !  -9.99000e+02  -99.000  -99.000  -999
OBS: 5999778  53280.102     1.00   0.0000e+00   5.9611e+03   1.7573e+02   0  H  0.00  1   !  -9.99000e+02  -99.000  -99.000  -999
OBS: 5999778  53282.102     3.00   0.0000e+00   5.4691e+03   2.0131e+02   0  H  0.00  1   !  -9.99000e+02  -99.000  -99.000  -999
OBS: 5999778  53284.102     5.00   0.0000e+00   4.9412e+03   2.0353e+02   0  H  0.00  1   !  -9.99000e+02  -99.000  -99.000  -999
OBS: 5999778  53286.102     7.00   0.0000e+00   4.4425e+03   1.9379e+02   0  H  0.00  1   !  -9.99000e+02  -99.000  -99.000  -999
OBS: 5999778  53288.102     9.00   0.0000e+00   4.0636e+03   1.8854e+02   0  H  0.00  1   !  -9.99000e+02  -99.000  -99.000  -999
OBS: 5999778  53290.102    11.00   0.0000e+00   3.8377e+03   1.7596e+02   0  H  0.00  1   !  -9.99000e+02  -99.000  -99.000  -999
OBS: 5999778  53292.102    13.00   0.0000e+00   3.8047e+03   1.5863e+02   0  H  0.00  1   !  -9.99000e+02  -99.000  -99.000  -999
OBS: 5999778  53294.102    15.00   0.0000e+00   3.9904e+03   1.6017e+02   0  H  0.00  1   !  -9.99000e+02  -99.000  -99.000  -999
OBS: 5999778  53296.102    17.00   0.0000e+00   4.2338e+03   1.6595e+02   0  H  0.00  1   !  -9.99000e+02  -99.000  -99.000  -999
OBS: 5999778  53298.102    19.00   0.0000e+00   4.4722e+03   1.5324e+02   0  H  0.00  1   !  -9.99000e+02  -99.000  -99.000  -999
OBS: 5999778  53300.102    21.00   0.0000e+00   4.7024e+03   1.3838e+02   0  H  0.00  1   !  -9.99000e+02  -99.000  -99.000  -999
OBS: 5999778  53302.102    23.00   0.0000e+00   4.8925e+03   1.3630e+02   0  H  0.00  1   !  -9.99000e+02  -99.000  -99.000  -999
OBS: 5999778  53304.102    25.00   0.0000e+00   5.1157e+03   1.5467e+02   0  H  0.00  1   !  -9.99000e+02  -99.000  -99.000  -999
OBS: 5999778  53306.102    27.00   0.0000e+00   5.3417e+03   1.6698e+02   0  H  0.00  1   !  -9.99000e+02  -99.000  -99.000  -999
OBS: 5999778  53308.102    29.00   0.0000e+00   5.5252e+03   1.6021e+02   0  H  0.00  1   !  -9.99000e+02  -99.000  -99.000  -999
OBS: 5999778  53310.102    31.00   0.0000e+00   5.6718e+03   1.7684e+02   0  H  0.00  1   !  -9.99000e+02  -99.000  -99.000  -999
OBS: 5999778  53312.102    33.00   0.0000e+00   5.7926e+03   2.2450e+02   0  H  0.00  1   !  -9.99000e+02  -99.000  -99.000  -999
OBS: 5999778  53314.102    35.00   0.0000e+00   5.8843e+03   2.6447e+02   0  H  0.00  1   !  -9.99000e+02  -99.000  -99.000  -999
OBS: 5999778  53316.102    37.00   0.0000e+00   5.8016e+03   2.8172e+02   0  H  0.00  1   !  -9.99000e+02  -99.000  -99.000  -999
OBS: 5999778  53318.102    39.00   0.0000e+00   5.4446e+03   3.1079e+02   0  H  0.00  1   !  -9.99000e+02  -99.000  -99.000  -999
OBS: 5999778  53320.102    41.00   0.0000e+00   4.9635e+03   3.5237e+02   0  H  0.00  1   !  -9.99000e+02  -99.000  -99.000  -999
OBS: 5999778  53322.102    43.00   0.0000e+00   4.3396e+03   3.5419e+02   0  H  0.00  1   !  -9.99000e+02  -99.000  -99.000  -999
OBS: 5999778  53324.102    45.00   0.0000e+00   3.7473e+03   3.0274e+02   0  H  0.00  1   !  -9.99000e+02  -99.000  -99.000  -999
OBS: 5999778  53326.102    47.00   0.0000e+00   3.2971e+03   2.3778e+02   0  H  0.00  1   !  -9.99000e+02  -99.000  -99.000  -999
OBS: 5999778  53328.102    49.00   0.0000e+00   3.0477e+03   2.0180e+02   0  H  0.00  1   !  -9.99000e+02  -99.000  -99.000  -999
OBS: 5999778  53330.102    51.00   0.0000e+00   2.9042e+03   1.7372e+02   0  H  0.00  1   !  -9.99000e+02  -99.000  -99.000  -999
OBS: 5999778  53332.102    53.00   0.0000e+00   2.7851e+03   1.7271e+02   0  H  0.00  1   !  -9.99000e+02  -99.000  -99.000  -999
OBS: 5999778  53334.102    55.00   0.0000e+00   2.6575e+03   1.5996e+03   0  H  0.00  1   !  -9.99000e+02  -99.000  -99.000  -999
OBS: 5999778  53336.102    57.00   0.0000e+00   2.5370e+03   1.5270e+03   0  H  0.00  1   !  -9.99000e+02  -99.000  -99.000  -999
OBS: 5999778  53338.102    59.00   0.0000e+00   2.4197e+03   1.4564e+03   0  H  0.00  1   !  -9.99000e+02  -99.000  -99.000  -999
OBS: 5999778  53340.102    61.00   0.0000e+00   2.3043e+03   1.3870e+03   0  H  0.00  1   !  -9.99000e+02  -99.000  -99.000  -999
OBS: 5999778  53342.102    63.00   0.0000e+00   2.1805e+03   1.3125e+03   0  H  0.00  1   !  -9.99000e+02  -99.000  -99.000  -999
OBS: 5999778  53344.102    65.00   0.0000e+00   1.9651e+03   1.1828e+03   0  H  0.00  1   !  -9.99000e+02  -99.000  -99.000  -999
OBS: 5999778  53346.102    67.00   0.0000e+00   1.7819e+03   1.0726e+03   0  H  0.00  1   !  -9.99000e+02  -99.000  -99.000  -999
OBS: 5999778  53348.102    69.00   0.0000e+00   1.6354e+03   9.8436e+02   0  H  0.00  1   !  -9.99000e+02  -99.000  -99.000  -999
OBS: 5999778  53350.102    71.00   0.0000e+00   1.5208e+03   9.1541e+02   0  H  0.00  1   !  -9.99000e+02  -99.000  -99.000  -999
OBS: 5999778  53352.102    73.00   0.0000e+00   1.4361e+03   8.6443e+02   0  H  0.00  1   !  -9.99000e+02  -99.000  -99.000  -999
OBS: 5999778  53354.102    75.00   0.0000e+00   1.3619e+03   8.1971e+02   0  H  0.00  1   !  -9.99000e+02  -99.000  -99.000  -999
OBS: 5999778  53356.102    77.00   0.0000e+00   1.2860e+03   7.7406e+02   0  H  0.00  1   !  -9.99000e+02  -99.000  -99.000  -999
OBS: 5999778  53358.102    79.00   0.0000e+00   1.2322e+03   7.4170e+02   0  H  0.00  1   !  -9.99000e+02  -99.000  -99.000  -999
OBS: 5999778  53360.102    81.00   0.0000e+00   1.1858e+03   7.1377e+02   0  H  0.00  1   !  -9.99000e+02  -99.000  -99.000  -999
OBS: 5999778  53362.102    83.00   0.0000e+00   1.1414e+03   6.8700e+02   0  H  0.00  1   !  -9.99000e+02  -99.000  -99.000  -999
OBS: 5999778  53364.102    85.00   0.0000e+00   1.0987e+03   6.6135e+02   0  H  0.00  1   !  -9.99000e+02  -99.000  -99.000  -999
OBS: 5999778  53366.102    87.00   0.0000e+00   1.0582e+03   6.3692e+02   0  H  0.00  1   !  -9.99000e+02  -99.000  -99.000  -999
OBS: 5999778  53368.102    89.00   0.0000e+00   1.0196e+03   6.1369e+02   0  H  0.00  1   !  -9.99000e+02  -99.000  -99.000  -999
OBS: 5999778  53370.102    91.00   0.0000e+00   9.7950e+02   5.8957e+02   0  H  0.00  1   !  -9.99000e+02  -99.000  -99.000  -999
OBS: 5999778  53372.102    93.00   0.0000e+00   9.4099e+02   5.6639e+02   0  H  0.00  1   !  -9.99000e+02  -99.000  -99.000  -999
OBS: 5999778  53374.102    95.00   0.0000e+00   9.0400e+02   5.4413e+02   0  H  0.00  1   !  -9.99000e+02  -99.000  -99.000  -999
OBS: 5999778  53376.102    97.00   0.0000e+00   8.6847e+02   5.2274e+02   0  H  0.00  1   !  -9.99000e+02  -99.000  -99.000  -999
OBS: 5999778  53378.102    99.00   0.0000e+00   8.3433e+02   5.0219e+02   0  H  0.00  1   !  -9.99000e+02  -99.000  -99.000  -999
OBS: 5999778  53380.102   101.00   0.0000e+00   8.0153e+02   4.8245e+02   0  H  0.00  1   !  -9.99000e+02  -99.000  -99.000  -999
OBS: 5999778  53382.102   103.00   0.0000e+00   7.7003e+02   4.6349e+02   0  H  0.00  1   !  -9.99000e+02  -99.000  -99.000  -999
OBS: 5999778  53384.102   105.00   0.0000e+00   7.3976e+02   4.4527e+02   0  H  0.00  1   !  -9.99000e+02  -99.000  -99.000  -999
OBS: 5999778  53386.102   107.00   0.0000e+00   7.1068e+02   4.2777e+02   0  H  0.00  1   !  -9.99000e+02  -99.000  -99.000  -999
OBS: 5999778  53388.102   109.00   0.0000e+00   6.8274e+02   4.1095e+02   0  H  0.00  1   !  -9.99000e+02  -99.000  -99.000  -999
OBS: 5999778  53390.102   111.00   0.0000e+00   6.5590e+02   3.9480e+02   0  H  0.00  1   !  -9.99000e+02  -99.000  -99.000  -999
OBS: 5999778  53392.102   113.00   0.0000e+00   6.3012e+02   3.7928e+02   0  H  0.00  1   !  -9.99000e+02  -99.000  -99.000  -999
OBS: 5999778  53394.102   115.00   0.0000e+00   6.0535e+02   3.6437e+02   0  H  0.00  1   !  -9.99000e+02  -99.000  -99.000  -999
OBS: 5999778  53396.102   117.00   0.0000e+00   5.8156e+02   3.5005e+02   0  H  0.00  1   !  -9.99000e+02  -99.000  -99.000  -999
OBS: 5999778  53398.102   119.00   0.0000e+00   5.5870e+02   3.3629e+02   0  H  0.00  1   !  -9.99000e+02  -99.000  -99.000  -999
OBS: 5999778  53400.102   121.00   0.0000e+00   5.3674e+02   3.2307e+02   0  H  0.00  1   !  -9.99000e+02  -99.000  -99.000  -999
OBS: 5999778  53402.102   123.00   0.0000e+00   5.1564e+02   3.1037e+02   0  H  0.00  1   !  -9.99000e+02  -99.000  -99.000  -999
OBS: 5999778  53404.102   125.00   0.0000e+00   4.9537e+02   2.9817e+02   0  H  0.00  1   !  -9.99000e+02  -99.000  -99.000  -999
OBS: 5999778  53406.102   127.00   0.0000e+00   4.7590e+02   2.8645e+02   0  H  0.00  1   !  -9.99000e+02  -99.000  -99.000  -999
OBS: 5999778  53408.102   129.00   0.0000e+00   4.5719e+02   2.7519e+02   0  H  0.00  1   !  -9.99000e+02  -99.000  -99.000  -999
OBS: 5999778  53410.102   131.00   0.0000e+00   4.3922e+02   2.6437e+02   0  H  0.00  1   !  -9.99000e+02  -99.000  -99.000  -999
OBS: 5999778  53412.102   133.00   0.0000e+00   4.2195e+02   2.5398e+02   0  H  0.00  1   !  -9.99000e+02  -99.000  -99.000  -999
OBS: 5999778  53414.102   135.00   0.0000e+00   4.0537e+02   2.4399e+02   0  H  0.00  1   !  -9.99000e+02  -99.000  -99.000  -999
OBS: 5999778  53416.102   137.00   0.0000e+00   3.8943e+02   2.3440e+02   0  H  0.00  1   !  -9.99000e+02  -99.000  -99.000  -999
OBS: 5999778  53418.102   139.00   0.0000e+00   3.7412e+02   2.2519e+02   0  H  0.00  1   !  -9.99000e+02  -99.000  -99.000  -999
