VARNAMES: CID MJD Tobs SIM_FLUXCAL FLUXCAL FLUXCAL_ERR DATAFLAG BAND CHI2 IFIT BAND_REST FLUX_REST KCOR AVWARP SIM_FLUX_REST 
OBS: 691  57321.625    16.74   1.6794e+01   1.6587e+01   2.3472e-01   1  H  0.13  1   Y  1.03429e+18  0.540  -1.017  1.00000e+11
OBS: 691  57327.867    22.98   1.9428e+01   1.9709e+01   2.4599e-01   1  H  0.04  1   Y  1.28498e+18  0.588  -1.081  1.00000e+11
OBS: 691  57337.664    32.78   3.1071e+01   3.1345e+01   2.8407e-01   1  H  0.01  1   Y  2.00142e+18  0.565  -0.651  1.00000e+11
OBS: 691  57245.887   -59.00   0.0000e+00   0.0000e+00   0.0000e+00   0  H  0.00  1   !  -9.99000e+02  -99.000  -99.000  -999
OBS: 691  57247.887   -57.00   0.0000e+00   0.0000e+00   0.0000e+00   0  H  0.00  1   !  -9.99000e+02  -99.000  -99.000  -999
OBS: 691  57249.887   -55.00   0.0000e+00   0.0000e+00   0.0000e+00   0  H  0.00  1   !  -9.99000e+02  -99.000  -99.000  -999
OBS: 691  57251.887   -53.00   0.0000e+00   0.0000e+00   0.0000e+00   0  H  0.00  1   !  -9.99000e+02  -99.000  -99.000  -999
OBS: 691  57253.887   -51.00   0.0000e+00   0.0000e+00   0.0000e+00   0  H  0.00  1   !  -9.99000e+02  -99.000  -99.000  -999
OBS: 691  57255.887   -49.00   0.0000e+00   0.0000e+00   0.0000e+00   0  H  0.00  1   !  -9.99000e+02  -99.000  -99.000  -999
OBS: 691  57257.887   -47.00   0.0000e+00   0.0000e+00   0.0000e+00   0  H  0.00  1   !  -9.99000e+02  -99.000  -99.000  -999
OBS: 691  57259.887   -45.00   0.0000e+00   0.0000e+00   0.0000e+00   0  H  0.00  1   !  -9.99000e+02  -99.000  -99.000  -999
OBS: 691  57261.887   -43.00   0.0000e+00   0.0000e+00   0.0000e+00   0  H  0.00  1   !  -9.99000e+02  -99.000  -99.000  -999
OBS: 691  57263.887   -41.00   0.0000e+00   0.0000e+00   0.0000e+00   0  H  0.00  1   !  -9.99000e+02  -99.000  -99.000  -999
OBS: 691  57265.887   -39.00   0.0000e+00   0.0000e+00   0.0000e+00   0  H  0.00  1   !  -9.99000e+02  -99.000  -99.000  -999
OBS: 691  57267.887   -37.00   0.0000e+00   0.0000e+00   0.0000e+00   0  H  0.00  1   !  -9.99000e+02  -99.000  -99.000  -999
OBS: 691  57269.887   -35.00   0.0000e+00   0.0000e+00   0.0000e+00   0  H  0.00  1   !  -9.99000e+02  -99.000  -99.000  -999
OBS: 691  57271.887   -33.00   0.0000e+00   0.0000e+00   0.0000e+00   0  H  0.00  1   !  -9.99000e+02  -99.000  -99.000  -999
OBS: 691  57273.887   -31.00   0.0000e+00   0.0000e+00   0.0000e+00   0  H  0.00  1   !  -9.99000e+02  -99.000  -99.000  -999
OBS: 691  57275.887   -29.00   0.0000e+00   0.0000e+00   0.0000e+00   0  H  0.00  1   !  -9.99000e+02  -99.000  -99.000  -999
OBS: 691  57277.887   -27.00   0.0000e+00   3.4922e+00   2.1020e+00   0  H  0.00  1   !  -9.99000e+02  -99.000  -99.000  -999
OBS: 691  57279.887   -25.00   0.0000e+00   3.5460e+00   2.1344e+00   0  H  0.00  1   !  -9.99000e+02  -99.000  -99.000  -999
OBS: 691  57281.887   -23.00   0.0000e+00   3.5506e+00   2.1371e+00   0  H  0.00  1   !  -9.99000e+02  -99.000  -99.000  -999
OBS: 691  57283.887   -21.00   0.0000e+00   3.7257e+00   2.1993e+00   0  H  0.00  1   !  -9.99000e+02  -99.000  -99.000  -999
OBS: 691  57285.887   -19.00   0.0000e+00   1.1124e+01   2.6882e+00   0  H  0.00  1   !  -9.99000e+02  -99.000  -99.000  -999
OBS: 691  57287.887   -17.00   0.0000e+00   1.9672e+01   1.7062e+00   0  H  0.00  1   !  -9.99000e+02  -99.000  -99.000  -999
OBS: 691  57289.887   -15.00   0.0000e+00   2.7948e+01   1.2402e+00   0  H  0.00  1   !  -9.99000e+02  -99.000  -99.000  -999
OBS: 691  57291.887   -13.00   0.0000e+00   3.5477e+01   1.1041e+00   0  H  0.00  1   !  -9.99000e+02  -99.000  -99.000  -999
OBS: 691  57293.887   -11.00   0.0000e+00   4.1689e+01   1.0322e+00   0  H  0.00  1   !  -9.99000e+02  -99.000  -99.000  -999
OBS: 691  57295.887    -9.00   0.0000e+00   4.5925e+01   9.4421e-01   0  H  0.00  1   !  -9.99000e+02  -99.000  -99.000  -999
OBS: 691  57297.887    -7.00   0.0000e+00   4.8148e+01   9.0453e-01   0  H  0.00  1   !  -9.99000e+02  -99.000  -99.000  -999
OBS: 691  57299.887    -5.00   0.0000e+00   4.7419e+01   9.0851e-01   0  H  0.00  1   !  -9.99000e+02  -99.000  -99.000  -999
OBS: 691  57301.887    -3.00   0.0000e+00   4.4820e+01   9.7201e-01   0  H  0.00  1   !  -9.99000e+02  -99.000  -99.000  -999
OBS: 691  57303.887    -1.00   0.0000e+00   4.1037e+01   1.0022e+00   0  H  0.00  1   !  -9.99000e+02  -99.000  -99.000  -999
OBS: 691  57305.887     1.00   0.0000e+00   3.6414e+01   1.0186e+00   0  H  0.00  1   !  -9.99000e+02  -99.000  -99.000  -999
OBS: 691  57307.887     3.00   0.0000e+00   3.1754e+01   1.0110e+00   0  H  0.00  1   !  -9.99000e+02  -99.000  -99.000  -999
OBS: 691  57309.887     5.00   0.0000e+00   2.7707e+01   1.0514e+00   0  H  0.00  1   !  -9.99000e+02  -99.000  -99.000  -999
OBS: 691  57311.887     7.00   0.0000e+00   2.4626e+01   1.0243e+00   0  H  0.00  1   !  -9.99000e+02  -99.000  -99.000  -999
OBS: 691  57313.887     9.00   0.0000e+00   2.1868e+01   9.6278e-01   0  H  0.00  1   !  -9.99000e+02  -99.000  -99.000  -999
OBS: 691  57315.887    11.00   0.0000e+00   1.9591e+01   8.9590e-01   0  H  0.00  1   !  -9.99000e+02  -99.000  -99.000  -999
OBS: 691  57317.887    13.00   0.0000e+00   1.7969e+01   8.4742e-01   0  H  0.00  1   !  -9.99000e+02  -99.000  -99.000  -999
OBS: 691  57319.887    15.00   0.0000e+00   1.7075e+01   8.3712e-01   0  H  0.00  1   !  -9.99000e+02  -99.000  -99.000  -999
OBS: 691  57321.887    17.00   0.0000e+00   1.6924e+01   8.3097e-01   0  H  0.00  1   !  -9.99000e+02  -99.000  -99.000  -999
OBS: 691  57323.887    19.00   0.0000e+00   1.7452e+01   7.9926e-01   0  H  0.00  1   !  -9.99000e+02  -99.000  -99.000  -999
OBS: 691  57325.887    21.00   0.0000e+00   1.8301e+01   7.6328e-01   0  H  0.00  1   !  -9.99000e+02  -99.000  -99.000  -999
OBS: 691  57327.887    23.00   0.0000e+00   1.9571e+01   7.4353e-01   0  H  0.00  1   !  -9.99000e+02  -99.000  -99.000  -999
OBS: 691  57329.887    25.00   0.0000e+00   2.1282e+01   7.4570e-01   0  H  0.00  1   !  -9.99000e+02  -99.000  -99.000  -999
OBS: 691  57331.887    27.00   0.0000e+00   2.3394e+01   7.6259e-01   0  H  0.00  1   !  -9.99000e+02  -99.000  -99.000  -999
OBS: 691  57333.887    29.00   0.0000e+00   2.5989e+01   7.9820e-01   0  H  0.00  1   !  -9.99000e+02  -99.000  -99.000  -999
OBS: 691  57335.887    31.00   0.0000e+00   2.8906e+01   9.0207e-01   0  H  0.00  1   !  -9.99000e+02  -99.000  -99.000  -999
OBS: 691  57337.887    33.00   0.0000e+00   3.1510e+01   9.8501e-01   0  H  0.00  1   !  -9.99000e+02  -99.000  -99.000  -999
OBS: 691  57339.887    35.00   0.0000e+00   3.3437e+01   1.0175e+00   0  H  0.00  1   !  -9.99000e+02  -99.000  -99.000  -999
OBS: 691  57341.887    37.00   0.0000e+00   3.4621e+01   9.5401e-01   0  H  0.00  1   !  -9.99000e+02  -99.000  -99.000  -999
OBS: 691  57343.887    39.00   0.0000e+00   3.5116e+01   9.2417e-01   0  H  0.00  1   !  -9.99000e+02  -99.000  -99.000  -999
OBS: 691  57345.887    41.00   0.0000e+00   3.5104e+01   8.8921e-01   0  H  0.00  1   !  -9.99000e+02  -99.000  -99.000  -999
OBS: 691  57347.887    43.00   0.0000e+00   3.4661e+01   8.7798e-01   0  H  0.00  1   !  -9.99000e+02  -99.000  -99.000  -999
OBS: 691  57349.887    45.00   0.0000e+00   3.4121e+01   8.6782e-01   0  H  0.00  1   !  -9.99000e+02  -99.000  -99.000  -999
OBS: 691  57351.887    47.00   0.0000e+00   3.3249e+01   9.1085e-01   0  H  0.00  1   !  -9.99000e+02  -99.000  -99.000  -999
OBS: 691  57353.887    49.00   0.0000e+00   3.2031e+01   9.3992e-01   0  H  0.00  1   !  -9.99000e+02  -99.000  -99.000  -999
OBS: 691  57355.887    51.00   0.0000e+00   3.0142e+01   9.8398e-01   0  H  0.00  1   !  -9.99000e+02  -99.000  -99.000  -999
OBS: 691  57357.887    53.00   0.0000e+00   2.7733e+01   9.9135e-01   0  H  0.00  1   !  -9.99000e+02  -99.000  -99.000  -999
OBS: 691  57359.887    55.00   0.0000e+00   2.5012e+01   9.9230e-01   0  H  0.00  1   !  -9.99000e+02  -99.000  -99.000  -999
OBS: 691  57361.887    57.00   0.0000e+00   2.2247e+01   1.0526e+00   0  H  0.00  1   !  -9.99000e+02  -99.000  -99.000  -999
OBS: 691  57363.887    59.00   0.0000e+00   1.9774e+01   1.1802e+00   0  H  0.00  1   !  -9.99000e+02  -99.000  -99.000  -999
OBS: 691  57365.887    61.00   0.0000e+00   1.7918e+01   1.3237e+00   0  H  0.00  1   !  -9.99000e+02  -99.000  -99.000  -999
OBS: 691  57367.887    63.00   0.0000e+00   1.6566e+01   1.3963e+00   0  H  0.00  1   !  -9.99000e+02  -99.000  -99.000  -999
OBS: 691  57369.887    65.00   0.0000e+00   1.5457e+01   1.3727e+00   0  H  0.00  1   !  -9.99000e+02  -99.000  -99.000  -999
OBS: 691  57371.887    67.00   0.0000e+00   1.4393e+01   1.3036e+00   0  H  0.00  1   !  -9.99000e+02  -99.000  -99.000  -999
OBS: 691  57373.887    69.00   0.0000e+00   1.3337e+01   1.2548e+00   0  H  0.00  1   !  -9.99000e+02  -99.000  -99.000  -999
OBS: 691  57375.887    71.00   0.0000e+00   1.2334e+01   5.1483e+00   0  H  0.00  1   !  -9.99000e+02  -99.000  -99.000  -999
OBS: 691  57377.887    73.00   0.0000e+00   1.1448e+01   6.8907e+00   0  H  0.00  1   !  -9.99000e+02  -99.000  -99.000  -999
OBS: 691  57379.887    75.00   0.0000e+00   1.0648e+01   6.4093e+00   0  H  0.00  1   !  -9.99000e+02  -99.000  -99.000  -999
OBS: 691  57381.887    77.00   0.0000e+00   9.8395e+00   5.9225e+00   0  H  0.00  1   !  -9.99000e+02  -99.000  -99.000  -999
OBS: 691  57383.887    79.00   0.0000e+00   9.0688e+00   5.4586e+00   0  H  0.00  1   !  -9.99000e+02  -99.000  -99.000  -999
OBS: 691  57385.887    81.00   0.0000e+00   8.3141e+00   5.0043e+00   0  H  0.00  1   !  -9.99000e+02  -99.000  -99.000  -999
OBS: 691  57387.887    83.00   0.0000e+00   7.6314e+00   4.5934e+00   0  H  0.00  1   !  -9.99000e+02  -99.000  -99.000  -999
OBS: 691  57389.887    85.00   0.0000e+00   6.7764e+00   4.0788e+00   0  H  0.00  1   !  -9.99000e+02  -99.000  -99.000  -999
OBS: 691  57391.887    87.00   0.0000e+00   5.6362e+00   3.3925e+00   0  H  0.00  1   !  -9.99000e+02  -99.000  -99.000  -999
OBS: 691  57393.887    89.00   0.0000e+00   4.8014e+00   2.8900e+00   0  H  0.00  1   !  -9.99000e+02  -99.000  -99.000  -999
OBS: 691  57395.887    91.00   0.0000e+00   4.1828e+00   2.5177e+00   0  H  0.00  1   !  -9.99000e+02  -99.000  -99.000  -999
OBS: 691  57397.887    93.00   0.0000e+00   3.7094e+00   2.2327e+00   0  H  0.00  1   !  -9.99000e+02  -99.000  -99.000  -999
OBS: 691  57399.887    95.00   0.0000e+00   3.3340e+00   2.0068e+00   0  H  0.00  1   !  -9.99000e+02  -99.000  -99.000  -999
OBS: 691  57401.887    97.00   0.0000e+00   3.0201e+00   1.8178e+00   0  H  0.00  1   !  -9.99000e+02  -99.000  -99.000  -999
OBS: 691  57403.887    99.00   0.0000e+00   2.7468e+00   1.6534e+00   0  H  0.00  1   !  -9.99000e+02  -99.000  -99.000  -999
OBS: 691  57405.887   101.00   0.0000e+00   2.4908e+00   1.4992e+00   0  H  0.00  1   !  -9.99000e+02  -99.000  -99.000  -999
OBS: 691  57407.887   103.00   0.0000e+00   2.2475e+00   1.3528e+00   0  H  0.00  1   !  -9.99000e+02  -99.000  -99.000  -999
OBS: 691  57409.887   105.00   0.0000e+00   2.0613e+00   1.2407e+00   0  H  0.00  1   !  -9.99000e+02  -99.000  -99.000  -999
OBS: 691  57411.887   107.00   0.0000e+00   1.9120e+00   1.1508e+00   0  H  0.00  1   !  -9.99000e+02  -99.000  -99.000  -999
OBS: 691  57413.887   109.00   0.0000e+00   1.7724e+00   1.0668e+00   0  H  0.00  1   !  -9.99000e+02  -99.000  -99.000  -999
OBS: 691  57415.887   111.00   0.0000e+00   1.6418e+00   9.8821e-01   0  H  0.00  1   !  -9.99000e+02  -99.000  -99.000  -999
OBS: 691  57417.887   113.00   0.0000e+00   1.5196e+00   9.1468e-01   0  H  0.00  1   !  -9.99000e+02  -99.000  -99.000  -999
OBS: 691  57419.887   115.00   0.0000e+00   1.4053e+00   8.4589e-01   0  H  0.00  1   !  -9.99000e+02  -99.000  -99.000  -999
OBS: 691  57421.887   117.00   0.0000e+00   1.2981e+00   7.8133e-01   0  H  0.00  1   !  -9.99000e+02  -99.000  -99.000  -999
OBS: 691  57423.887   119.00   0.0000e+00   1.1972e+00   7.2062e-01   0  H  0.00  1   !  -9.99000e+02  -99.000  -99.000  -999
OBS: 691  57425.887   121.00   0.0000e+00   1.1105e+00   6.6844e-01   0  H  0.00  1   !  -9.99000e+02  -99.000  -99.000  -999
OBS: 691  57427.887   123.00   0.0000e+00   1.0319e+00   6.2112e-01   0  H  0.00  1   !  -9.99000e+02  -99.000  -99.000  -999
OBS: 691  57429.887   125.00   0.0000e+00   9.5886e-01   5.7715e-01   0  H  0.00  1   !  -9.99000e+02  -99.000  -99.000  -999
OBS: 691  57431.887   127.00   0.0000e+00   8.9098e-01   5.3629e-01   0  H  0.00  1   !  -9.99000e+02  -99.000  -99.000  -999
OBS: 691  57433.887   129.00   0.0000e+00   8.2791e-01   4.9833e-01   0  H  0.00  1   !  -9.99000e+02  -99.000  -99.000  -999
OBS: 691  57435.887   131.00   0.0000e+00   7.6930e-01   4.6305e-01   0  H  0.00  1   !  -9.99000e+02  -99.000  -99.000  -999
OBS: 691  57437.887   133.00   0.0000e+00   7.1484e-01   4.3027e-01   0  H  0.00  1   !  -9.99000e+02  -99.000  -99.000  -999
OBS: 691  57439.887   135.00   0.0000e+00   6.6424e-01   3.9981e-01   0  H  0.00  1   !  -9.99000e+02  -99.000  -99.000  -999
OBS: 691  57441.887   137.00   0.0000e+00   6.1721e-01   3.7151e-01   0  H  0.00  1   !  -9.99000e+02  -99.000  -99.000  -999
OBS: 691  57443.887   139.00   0.0000e+00   5.7352e-01   3.4521e-01   0  H  0.00  1   !  -9.99000e+02  -99.000  -99.000  -999
