VARNAMES: CID MJD Tobs SIM_FLUXCAL FLUXCAL FLUXCAL_ERR DATAFLAG BAND CHI2 IFIT BAND_REST FLUX_REST KCOR AVWARP SIM_FLUX_REST 
OBS: 424  57390.137    13.83   2.0032e+01   1.9756e+01   2.3910e-01   1  H  0.00  1   Y  1.35414e+18  0.373  2.585  1.00000e+11
OBS: 424  57396.309    20.00   1.8749e+01   1.8426e+01   2.3423e-01   1  H  0.00  1   Y  1.32197e+18  0.422  3.888  1.00000e+11
OBS: 424  57404.590    28.28   2.2447e+01   2.2134e+01   2.4758e-01   1  H  0.00  1   Y  1.62371e+18  0.446  4.431  1.00000e+11
OBS: 424  57317.305   -59.00   0.0000e+00   0.0000e+00   0.0000e+00   0  H  0.00  1   !  -9.99000e+02  -99.000  -99.000  -999
OBS: 424  57319.305   -57.00   0.0000e+00   0.0000e+00   0.0000e+00   0  H  0.00  1   !  -9.99000e+02  -99.000  -99.000  -999
OBS: 424  57321.305   -55.00   0.0000e+00   0.0000e+00   0.0000e+00   0  H  0.00  1   !  -9.99000e+02  -99.000  -99.000  -999
OBS: 424  57323.305   -53.00   0.0000e+00   0.0000e+00   0.0000e+00   0  H  0.00  1   !  -9.99000e+02  -99.000  -99.000  -999
OBS: 424  57325.305   -51.00   0.0000e+00   0.0000e+00   0.0000e+00   0  H  0.00  1   !  -9.99000e+02  -99.000  -99.000  -999
OBS: 424  57327.305   -49.00   0.0000e+00   0.0000e+00   0.0000e+00   0  H  0.00  1   !  -9.99000e+02  -99.000  -99.000  -999
OBS: 424  57329.305   -47.00   0.0000e+00   0.0000e+00   0.0000e+00   0  H  0.00  1   !  -9.99000e+02  -99.000  -99.000  -999
OBS: 424  57331.305   -45.00   0.0000e+00   0.0000e+00   0.0000e+00   0  H  0.00  1   !  -9.99000e+02  -99.000  -99.000  -999
OBS: 424  57333.305   -43.00   0.0000e+00   0.0000e+00   0.0000e+00   0  H  0.00  1   !  -9.99000e+02  -99.000  -99.000  -999
OBS: 424  57335.305   -41.00   0.0000e+00   0.0000e+00   0.0000e+00   0  H  0.00  1   !  -9.99000e+02  -99.000  -99.000  -999
OBS: 424  57337.305   -39.00   0.0000e+00   0.0000e+00   0.0000e+00   0  H  0.00  1   !  -9.99000e+02  -99.000  -99.000  -999
OBS: 424  57339.305   -37.00   0.0000e+00   0.0000e+00   0.0000e+00   0  H  0.00  1   !  -9.99000e+02  -99.000  -99.000  -999
OBS: 424  57341.305   -35.00   0.0000e+00   0.0000e+00   0.0000e+00   0  H  0.00  1   !  -9.99000e+02  -99.000  -99.000  -999
OBS: 424  57343.305   -33.00   0.0000e+00   0.0000e+00   0.0000e+00   0  H  0.00  1   !  -9.99000e+02  -99.000  -99.000  -999
OBS: 424  57345.305   -31.00   0.0000e+00   0.0000e+00   0.0000e+00   0  H  0.00  1   !  -9.99000e+02  -99.000  -99.000  -999
OBS: 424  57347.305   -29.00   0.0000e+00   0.0000e+00   0.0000e+00   0  H  0.00  1   !  -9.99000e+02  -99.000  -99.000  -999
OBS: 424  57349.305   -27.00   0.0000e+00   1.1628e+01   6.9990e+00   0  H  0.00  1   !  -9.99000e+02  -99.000  -99.000  -999
OBS: 424  57351.305   -25.00   0.0000e+00   1.4151e+01   8.5175e+00   0  H  0.00  1   !  -9.99000e+02  -99.000  -99.000  -999
OBS: 424  57353.305   -23.00   0.0000e+00   1.4219e+01   8.5585e+00   0  H  0.00  1   !  -9.99000e+02  -99.000  -99.000  -999
OBS: 424  57355.305   -21.00   0.0000e+00   1.4752e+01   8.3388e+00   0  H  0.00  1   !  -9.99000e+02  -99.000  -99.000  -999
OBS: 424  57357.305   -19.00   0.0000e+00   2.1363e+01   2.6308e+00   0  H  0.00  1   !  -9.99000e+02  -99.000  -99.000  -999
OBS: 424  57359.305   -17.00   0.0000e+00   2.8569e+01   1.7794e+00   0  H  0.00  1   !  -9.99000e+02  -99.000  -99.000  -999
OBS: 424  57361.305   -15.00   0.0000e+00   3.5237e+01   1.4022e+00   0  H  0.00  1   !  -9.99000e+02  -99.000  -99.000  -999
OBS: 424  57363.305   -13.00   0.0000e+00   3.9814e+01   1.1596e+00   0  H  0.00  1   !  -9.99000e+02  -99.000  -99.000  -999
OBS: 424  57365.305   -11.00   0.0000e+00   4.2916e+01   1.0439e+00   0  H  0.00  1   !  -9.99000e+02  -99.000  -99.000  -999
OBS: 424  57367.305    -9.00   0.0000e+00   4.4780e+01   1.0828e+00   0  H  0.00  1   !  -9.99000e+02  -99.000  -99.000  -999
OBS: 424  57369.305    -7.00   0.0000e+00   4.5703e+01   1.1592e+00   0  H  0.00  1   !  -9.99000e+02  -99.000  -99.000  -999
OBS: 424  57371.305    -5.00   0.0000e+00   4.5133e+01   1.1812e+00   0  H  0.00  1   !  -9.99000e+02  -99.000  -99.000  -999
OBS: 424  57373.305    -3.00   0.0000e+00   4.3521e+01   1.0752e+00   0  H  0.00  1   !  -9.99000e+02  -99.000  -99.000  -999
OBS: 424  57375.305    -1.00   0.0000e+00   4.1115e+01   1.0171e+00   0  H  0.00  1   !  -9.99000e+02  -99.000  -99.000  -999
OBS: 424  57377.305     1.00   0.0000e+00   3.7644e+01   1.0434e+00   0  H  0.00  1   !  -9.99000e+02  -99.000  -99.000  -999
OBS: 424  57379.305     3.00   0.0000e+00   3.3708e+01   1.1296e+00   0  H  0.00  1   !  -9.99000e+02  -99.000  -99.000  -999
OBS: 424  57381.305     5.00   0.0000e+00   3.0037e+01   1.1755e+00   0  H  0.00  1   !  -9.99000e+02  -99.000  -99.000  -999
OBS: 424  57383.305     7.00   0.0000e+00   2.7190e+01   1.1293e+00   0  H  0.00  1   !  -9.99000e+02  -99.000  -99.000  -999
OBS: 424  57385.305     9.00   0.0000e+00   2.4579e+01   1.0217e+00   0  H  0.00  1   !  -9.99000e+02  -99.000  -99.000  -999
OBS: 424  57387.305    11.00   0.0000e+00   2.2267e+01   9.5616e-01   0  H  0.00  1   !  -9.99000e+02  -99.000  -99.000  -999
OBS: 424  57389.305    13.00   0.0000e+00   2.0378e+01   9.5969e-01   0  H  0.00  1   !  -9.99000e+02  -99.000  -99.000  -999
OBS: 424  57391.305    15.00   0.0000e+00   1.9000e+01   1.0111e+00   0  H  0.00  1   !  -9.99000e+02  -99.000  -99.000  -999
OBS: 424  57393.305    17.00   0.0000e+00   1.8294e+01   1.0281e+00   0  H  0.00  1   !  -9.99000e+02  -99.000  -99.000  -999
OBS: 424  57395.305    19.00   0.0000e+00   1.8332e+01   1.0156e+00   0  H  0.00  1   !  -9.99000e+02  -99.000  -99.000  -999
OBS: 424  57397.305    21.00   0.0000e+00   1.8651e+01   9.7373e-01   0  H  0.00  1   !  -9.99000e+02  -99.000  -99.000  -999
OBS: 424  57399.305    23.00   0.0000e+00   1.9238e+01   9.2235e-01   0  H  0.00  1   !  -9.99000e+02  -99.000  -99.000  -999
OBS: 424  57401.305    25.00   0.0000e+00   2.0105e+01   9.2520e-01   0  H  0.00  1   !  -9.99000e+02  -99.000  -99.000  -999
OBS: 424  57403.305    27.00   0.0000e+00   2.1213e+01   9.0804e-01   0  H  0.00  1   !  -9.99000e+02  -99.000  -99.000  -999
OBS: 424  57405.305    29.00   0.0000e+00   2.2721e+01   8.4802e-01   0  H  0.00  1   !  -9.99000e+02  -99.000  -99.000  -999
OBS: 424  57407.305    31.00   0.0000e+00   2.4527e+01   7.6973e-01   0  H  0.00  1   !  -9.99000e+02  -99.000  -99.000  -999
OBS: 424  57409.305    33.00   0.0000e+00   2.6328e+01   7.7814e-01   0  H  0.00  1   !  -9.99000e+02  -99.000  -99.000  -999
OBS: 424  57411.305    35.00   0.0000e+00   2.7927e+01   8.4452e-01   0  H  0.00  1   !  -9.99000e+02  -99.000  -99.000  -999
OBS: 424  57413.305    37.00   0.0000e+00   2.9520e+01   9.1718e-01   0  H  0.00  1   !  -9.99000e+02  -99.000  -99.000  -999
OBS: 424  57415.305    39.00   0.0000e+00   3.1141e+01   9.2710e-01   0  H  0.00  1   !  -9.99000e+02  -99.000  -99.000  -999
OBS: 424  57417.305    41.00   0.0000e+00   3.2881e+01   9.1441e-01   0  H  0.00  1   !  -9.99000e+02  -99.000  -99.000  -999
OBS: 424  57419.305    43.00   0.0000e+00   3.4764e+01   9.5302e-01   0  H  0.00  1   !  -9.99000e+02  -99.000  -99.000  -999
OBS: 424  57421.305    45.00   0.0000e+00   3.6847e+01   1.0590e+00   0  H  0.00  1   !  -9.99000e+02  -99.000  -99.000  -999
OBS: 424  57423.305    47.00   0.0000e+00   3.8731e+01   1.2312e+00   0  H  0.00  1   !  -9.99000e+02  -99.000  -99.000  -999
OBS: 424  57425.305    49.00   0.0000e+00   4.0175e+01   1.3538e+00   0  H  0.00  1   !  -9.99000e+02  -99.000  -99.000  -999
OBS: 424  57427.305    51.00   0.0000e+00   4.1009e+01   1.4173e+00   0  H  0.00  1   !  -9.99000e+02  -99.000  -99.000  -999
OBS: 424  57429.305    53.00   0.0000e+00   4.1165e+01   1.3727e+00   0  H  0.00  1   !  -9.99000e+02  -99.000  -99.000  -999
OBS: 424  57431.305    55.00   0.0000e+00   4.0705e+01   1.3477e+00   0  H  0.00  1   !  -9.99000e+02  -99.000  -99.000  -999
OBS: 424  57433.305    57.00   0.0000e+00   3.9531e+01   1.4285e+00   0  H  0.00  1   !  -9.99000e+02  -99.000  -99.000  -999
OBS: 424  57435.305    59.00   0.0000e+00   3.7752e+01   1.5187e+00   0  H  0.00  1   !  -9.99000e+02  -99.000  -99.000  -999
OBS: 424  57437.305    61.00   0.0000e+00   3.5396e+01   1.5007e+00   0  H  0.00  1   !  -9.99000e+02  -99.000  -99.000  -999
OBS: 424  57439.305    63.00   0.0000e+00   3.2760e+01   1.3487e+00   0  H  0.00  1   !  -9.99000e+02  -99.000  -99.000  -999
OBS: 424  57441.305    65.00   0.0000e+00   3.0164e+01   1.1390e+00   0  H  0.00  1   !  -9.99000e+02  -99.000  -99.000  -999
OBS: 424  57443.305    67.00   0.0000e+00   2.8006e+01   9.3651e-01   0  H  0.00  1   !  -9.99000e+02  -99.000  -99.000  -999
OBS: 424  57445.305    69.00   0.0000e+00   2.6362e+01   8.0600e-01   0  H  0.00  1   !  -9.99000e+02  -99.000  -99.000  -999
OBS: 424  57447.305    71.00   0.0000e+00   2.5195e+01   6.7771e+00   0  H  0.00  1   !  -9.99000e+02  -99.000  -99.000  -999
OBS: 424  57449.305    73.00   0.0000e+00   2.4178e+01   1.4553e+01   0  H  0.00  1   !  -9.99000e+02  -99.000  -99.000  -999
OBS: 424  57451.305    75.00   0.0000e+00   2.3033e+01   1.3864e+01   0  H  0.00  1   !  -9.99000e+02  -99.000  -99.000  -999
OBS: 424  57453.305    77.00   0.0000e+00   2.1472e+01   1.2924e+01   0  H  0.00  1   !  -9.99000e+02  -99.000  -99.000  -999
OBS: 424  57455.305    79.00   0.0000e+00   1.9829e+01   1.1935e+01   0  H  0.00  1   !  -9.99000e+02  -99.000  -99.000  -999
OBS: 424  57457.305    81.00   0.0000e+00   1.8170e+01   1.0937e+01   0  H  0.00  1   !  -9.99000e+02  -99.000  -99.000  -999
OBS: 424  57459.305    83.00   0.0000e+00   1.6614e+01   1.0000e+01   0  H  0.00  1   !  -9.99000e+02  -99.000  -99.000  -999
OBS: 424  57461.305    85.00   0.0000e+00   1.5013e+01   9.0365e+00   0  H  0.00  1   !  -9.99000e+02  -99.000  -99.000  -999
OBS: 424  57463.305    87.00   0.0000e+00   1.2877e+01   7.7511e+00   0  H  0.00  1   !  -9.99000e+02  -99.000  -99.000  -999
OBS: 424  57465.305    89.00   0.0000e+00   1.1090e+01   6.6750e+00   0  H  0.00  1   !  -9.99000e+02  -99.000  -99.000  -999
OBS: 424  57467.305    91.00   0.0000e+00   9.5738e+00   5.7626e+00   0  H  0.00  1   !  -9.99000e+02  -99.000  -99.000  -999
OBS: 424  57469.305    93.00   0.0000e+00   8.3304e+00   5.0142e+00   0  H  0.00  1   !  -9.99000e+02  -99.000  -99.000  -999
OBS: 424  57471.305    95.00   0.0000e+00   7.3334e+00   4.4141e+00   0  H  0.00  1   !  -9.99000e+02  -99.000  -99.000  -999
OBS: 424  57473.305    97.00   0.0000e+00   6.5173e+00   3.9229e+00   0  H  0.00  1   !  -9.99000e+02  -99.000  -99.000  -999
OBS: 424  57475.305    99.00   0.0000e+00   5.8216e+00   3.5041e+00   0  H  0.00  1   !  -9.99000e+02  -99.000  -99.000  -999
OBS: 424  57477.305   101.00   0.0000e+00   5.1867e+00   3.1219e+00   0  H  0.00  1   !  -9.99000e+02  -99.000  -99.000  -999
OBS: 424  57479.305   103.00   0.0000e+00   4.6001e+00   2.7689e+00   0  H  0.00  1   !  -9.99000e+02  -99.000  -99.000  -999
OBS: 424  57481.305   105.00   0.0000e+00   4.0868e+00   2.4599e+00   0  H  0.00  1   !  -9.99000e+02  -99.000  -99.000  -999
OBS: 424  57483.305   107.00   0.0000e+00   3.6880e+00   2.2199e+00   0  H  0.00  1   !  -9.99000e+02  -99.000  -99.000  -999
OBS: 424  57485.305   109.00   0.0000e+00   3.3269e+00   2.0025e+00   0  H  0.00  1   !  -9.99000e+02  -99.000  -99.000  -999
OBS: 424  57487.305   111.00   0.0000e+00   2.9995e+00   1.8054e+00   0  H  0.00  1   !  -9.99000e+02  -99.000  -99.000  -999
OBS: 424  57489.305   113.00   0.0000e+00   2.7027e+00   1.6268e+00   0  H  0.00  1   !  -9.99000e+02  -99.000  -99.000  -999
OBS: 424  57491.305   115.00   0.0000e+00   2.4335e+00   1.4647e+00   0  H  0.00  1   !  -9.99000e+02  -99.000  -99.000  -999
OBS: 424  57493.305   117.00   0.0000e+00   2.1895e+00   1.3179e+00   0  H  0.00  1   !  -9.99000e+02  -99.000  -99.000  -999
OBS: 424  57495.305   119.00   0.0000e+00   1.9680e+00   1.1845e+00   0  H  0.00  1   !  -9.99000e+02  -99.000  -99.000  -999
OBS: 424  57497.305   121.00   0.0000e+00   1.7727e+00   1.0670e+00   0  H  0.00  1   !  -9.99000e+02  -99.000  -99.000  -999
OBS: 424  57499.305   123.00   0.0000e+00   1.6011e+00   9.6372e-01   0  H  0.00  1   !  -9.99000e+02  -99.000  -99.000  -999
OBS: 424  57501.305   125.00   0.0000e+00   1.4461e+00   8.7042e-01   0  H  0.00  1   !  -9.99000e+02  -99.000  -99.000  -999
OBS: 424  57503.305   127.00   0.0000e+00   1.3061e+00   7.8614e-01   0  H  0.00  1   !  -9.99000e+02  -99.000  -99.000  -999
OBS: 424  57505.305   129.00   0.0000e+00   1.1796e+00   7.1003e-01   0  H  0.00  1   !  -9.99000e+02  -99.000  -99.000  -999
OBS: 424  57507.305   131.00   0.0000e+00   1.0654e+00   6.4129e-01   0  H  0.00  1   !  -9.99000e+02  -99.000  -99.000  -999
OBS: 424  57509.305   133.00   0.0000e+00   9.6227e-01   5.7920e-01   0  H  0.00  1   !  -9.99000e+02  -99.000  -99.000  -999
OBS: 424  57511.305   135.00   0.0000e+00   8.6911e-01   5.2312e-01   0  H  0.00  1   !  -9.99000e+02  -99.000  -99.000  -999
OBS: 424  57513.305   137.00   0.0000e+00   7.8496e-01   4.7248e-01   0  H  0.00  1   !  -9.99000e+02  -99.000  -99.000  -999
OBS: 424  57515.305   139.00   0.0000e+00   7.0896e-01   4.2673e-01   0  H  0.00  1   !  -9.99000e+02  -99.000  -99.000  -999
