VARNAMES: CID MJD Tobs SIM_FLUXCAL FLUXCAL FLUXCAL_ERR DATAFLAG BAND CHI2 IFIT BAND_REST FLUX_REST KCOR AVWARP SIM_FLUX_REST 
OBS: 692  57715.703    14.10   6.6059e+01   6.6255e+01   5.1577e-01   1  J  0.00  1   Y  1.30061e+18  -0.237  -2.014  1.00000e+11
OBS: 692  57723.895    22.29   7.3529e+01   7.2537e+01   5.3480e-01   1  J  0.09  1   Y  1.43125e+18  -0.232  -1.382  1.00000e+11
OBS: 692  57730.340    28.73   8.3003e+01   8.1747e+01   5.6154e-01   1  J  0.22  1   Y  1.85288e+18  -0.081  -0.962  1.00000e+11
OBS: 692  57642.605   -59.00   0.0000e+00   0.0000e+00   0.0000e+00   0  J  0.00  1   !  -9.99000e+02  -99.000  -99.000  -999
OBS: 692  57644.605   -57.00   0.0000e+00   0.0000e+00   0.0000e+00   0  J  0.00  1   !  -9.99000e+02  -99.000  -99.000  -999
OBS: 692  57646.605   -55.00   0.0000e+00   0.0000e+00   0.0000e+00   0  J  0.00  1   !  -9.99000e+02  -99.000  -99.000  -999
OBS: 692  57648.605   -53.00   0.0000e+00   0.0000e+00   0.0000e+00   0  J  0.00  1   !  -9.99000e+02  -99.000  -99.000  -999
OBS: 692  57650.605   -51.00   0.0000e+00   0.0000e+00   0.0000e+00   0  J  0.00  1   !  -9.99000e+02  -99.000  -99.000  -999
OBS: 692  57652.605   -49.00   0.0000e+00   0.0000e+00   0.0000e+00   0  J  0.00  1   !  -9.99000e+02  -99.000  -99.000  -999
OBS: 692  57654.605   -47.00   0.0000e+00   0.0000e+00   0.0000e+00   0  J  0.00  1   !  -9.99000e+02  -99.000  -99.000  -999
OBS: 692  57656.605   -45.00   0.0000e+00   0.0000e+00   0.0000e+00   0  J  0.00  1   !  -9.99000e+02  -99.000  -99.000  -999
OBS: 692  57658.605   -43.00   0.0000e+00   0.0000e+00   0.0000e+00   0  J  0.00  1   !  -9.99000e+02  -99.000  -99.000  -999
OBS: 692  57660.605   -41.00   0.0000e+00   0.0000e+00   0.0000e+00   0  J  0.00  1   !  -9.99000e+02  -99.000  -99.000  -999
OBS: 692  57662.605   -39.00   0.0000e+00   0.0000e+00   0.0000e+00   0  J  0.00  1   !  -9.99000e+02  -99.000  -99.000  -999
OBS: 692  57664.605   -37.00   0.0000e+00   0.0000e+00   0.0000e+00   0  J  0.00  1   !  -9.99000e+02  -99.000  -99.000  -999
OBS: 692  57666.605   -35.00   0.0000e+00   0.0000e+00   0.0000e+00   0  J  0.00  1   !  -9.99000e+02  -99.000  -99.000  -999
OBS: 692  57668.605   -33.00   0.0000e+00   0.0000e+00   0.0000e+00   0  J  0.00  1   !  -9.99000e+02  -99.000  -99.000  -999
OBS: 692  57670.605   -31.00   0.0000e+00   0.0000e+00   0.0000e+00   0  J  0.00  1   !  -9.99000e+02  -99.000  -99.000  -999
OBS: 692  57672.605   -29.00   0.0000e+00   0.0000e+00   0.0000e+00   0  J  0.00  1   !  -9.99000e+02  -99.000  -99.000  -999
OBS: 692  57674.605   -27.00   0.0000e+00   0.0000e+00   0.0000e+00   0  J  0.00  1   !  -9.99000e+02  -99.000  -99.000  -999
OBS: 692  57676.605   -25.00   0.0000e+00   2.0867e+01   1.2560e+01   0  J  0.00  1   !  -9.99000e+02  -99.000  -99.000  -999
OBS: 692  57678.605   -23.00   0.0000e+00   2.3205e+01   1.3967e+01   0  J  0.00  1   !  -9.99000e+02  -99.000  -99.000  -999
OBS: 692  57680.605   -21.00   0.0000e+00   2.3201e+01   1.3965e+01   0  J  0.00  1   !  -9.99000e+02  -99.000  -99.000  -999
OBS: 692  57682.605   -19.00   0.0000e+00   2.5723e+01   1.2886e+01   0  J  0.00  1   !  -9.99000e+02  -99.000  -99.000  -999
OBS: 692  57684.605   -17.00   0.0000e+00   4.0512e+01   4.6789e+00   0  J  0.00  1   !  -9.99000e+02  -99.000  -99.000  -999
OBS: 692  57686.605   -15.00   0.0000e+00   5.5687e+01   3.1964e+00   0  J  0.00  1   !  -9.99000e+02  -99.000  -99.000  -999
OBS: 692  57688.605   -13.00   0.0000e+00   6.9361e+01   2.4423e+00   0  J  0.00  1   !  -9.99000e+02  -99.000  -99.000  -999
OBS: 692  57690.605   -11.00   0.0000e+00   8.0615e+01   2.1452e+00   0  J  0.00  1   !  -9.99000e+02  -99.000  -99.000  -999
OBS: 692  57692.605    -9.00   0.0000e+00   9.1378e+01   2.1622e+00   0  J  0.00  1   !  -9.99000e+02  -99.000  -99.000  -999
OBS: 692  57694.605    -7.00   0.0000e+00   9.9010e+01   2.4397e+00   0  J  0.00  1   !  -9.99000e+02  -99.000  -99.000  -999
OBS: 692  57696.605    -5.00   0.0000e+00   1.0326e+02   2.7025e+00   0  J  0.00  1   !  -9.99000e+02  -99.000  -99.000  -999
OBS: 692  57698.605    -3.00   0.0000e+00   1.0216e+02   2.5569e+00   0  J  0.00  1   !  -9.99000e+02  -99.000  -99.000  -999
OBS: 692  57700.605    -1.00   0.0000e+00   9.8320e+01   2.4456e+00   0  J  0.00  1   !  -9.99000e+02  -99.000  -99.000  -999
OBS: 692  57702.605     1.00   0.0000e+00   9.2935e+01   2.6751e+00   0  J  0.00  1   !  -9.99000e+02  -99.000  -99.000  -999
OBS: 692  57704.605     3.00   0.0000e+00   8.6904e+01   3.0589e+00   0  J  0.00  1   !  -9.99000e+02  -99.000  -99.000  -999
OBS: 692  57706.605     5.00   0.0000e+00   8.1135e+01   3.2746e+00   0  J  0.00  1   !  -9.99000e+02  -99.000  -99.000  -999
OBS: 692  57708.605     7.00   0.0000e+00   7.6013e+01   3.1983e+00   0  J  0.00  1   !  -9.99000e+02  -99.000  -99.000  -999
OBS: 692  57710.605     9.00   0.0000e+00   7.1172e+01   3.0173e+00   0  J  0.00  1   !  -9.99000e+02  -99.000  -99.000  -999
OBS: 692  57712.605    11.00   0.0000e+00   6.8067e+01   3.1268e+00   0  J  0.00  1   !  -9.99000e+02  -99.000  -99.000  -999
OBS: 692  57714.605    13.00   0.0000e+00   6.6450e+01   3.5150e+00   0  J  0.00  1   !  -9.99000e+02  -99.000  -99.000  -999
OBS: 692  57716.605    15.00   0.0000e+00   6.5913e+01   3.6816e+00   0  J  0.00  1   !  -9.99000e+02  -99.000  -99.000  -999
OBS: 692  57718.605    17.00   0.0000e+00   6.5999e+01   3.6800e+00   0  J  0.00  1   !  -9.99000e+02  -99.000  -99.000  -999
OBS: 692  57720.605    19.00   0.0000e+00   6.7711e+01   3.4703e+00   0  J  0.00  1   !  -9.99000e+02  -99.000  -99.000  -999
OBS: 692  57722.605    21.00   0.0000e+00   7.1244e+01   3.3623e+00   0  J  0.00  1   !  -9.99000e+02  -99.000  -99.000  -999
OBS: 692  57724.605    23.00   0.0000e+00   7.4760e+01   3.3744e+00   0  J  0.00  1   !  -9.99000e+02  -99.000  -99.000  -999
OBS: 692  57726.605    25.00   0.0000e+00   7.8593e+01   3.1288e+00   0  J  0.00  1   !  -9.99000e+02  -99.000  -99.000  -999
OBS: 692  57728.605    27.00   0.0000e+00   8.1068e+01   2.6467e+00   0  J  0.00  1   !  -9.99000e+02  -99.000  -99.000  -999
OBS: 692  57730.605    29.00   0.0000e+00   8.3249e+01   2.4605e+00   0  J  0.00  1   !  -9.99000e+02  -99.000  -99.000  -999
OBS: 692  57732.605    31.00   0.0000e+00   8.6850e+01   2.6385e+00   0  J  0.00  1   !  -9.99000e+02  -99.000  -99.000  -999
OBS: 692  57734.605    33.00   0.0000e+00   9.0833e+01   2.7996e+00   0  J  0.00  1   !  -9.99000e+02  -99.000  -99.000  -999
OBS: 692  57736.605    35.00   0.0000e+00   9.4243e+01   2.7757e+00   0  J  0.00  1   !  -9.99000e+02  -99.000  -99.000  -999
OBS: 692  57738.605    37.00   0.0000e+00   9.5926e+01   2.6231e+00   0  J  0.00  1   !  -9.99000e+02  -99.000  -99.000  -999
OBS: 692  57740.605    39.00   0.0000e+00   9.7056e+01   2.7164e+00   0  J  0.00  1   !  -9.99000e+02  -99.000  -99.000  -999
OBS: 692  57742.605    41.00   0.0000e+00   9.7350e+01   2.9160e+00   0  J  0.00  1   !  -9.99000e+02  -99.000  -99.000  -999
OBS: 692  57744.605    43.00   0.0000e+00   9.6412e+01   3.2011e+00   0  J  0.00  1   !  -9.99000e+02  -99.000  -99.000  -999
OBS: 692  57746.605    45.00   0.0000e+00   9.3946e+01   3.2435e+00   0  J  0.00  1   !  -9.99000e+02  -99.000  -99.000  -999
OBS: 692  57748.605    47.00   0.0000e+00   9.2229e+01   3.0931e+00   0  J  0.00  1   !  -9.99000e+02  -99.000  -99.000  -999
OBS: 692  57750.605    49.00   0.0000e+00   9.0098e+01   2.9774e+00   0  J  0.00  1   !  -9.99000e+02  -99.000  -99.000  -999
OBS: 692  57752.605    51.00   0.0000e+00   8.6448e+01   3.1720e+00   0  J  0.00  1   !  -9.99000e+02  -99.000  -99.000  -999
OBS: 692  57754.605    53.00   0.0000e+00   8.1725e+01   3.3290e+00   0  J  0.00  1   !  -9.99000e+02  -99.000  -99.000  -999
OBS: 692  57756.605    55.00   0.0000e+00   7.6037e+01   3.1920e+00   0  J  0.00  1   !  -9.99000e+02  -99.000  -99.000  -999
OBS: 692  57758.605    57.00   0.0000e+00   7.0081e+01   2.7737e+00   0  J  0.00  1   !  -9.99000e+02  -99.000  -99.000  -999
OBS: 692  57760.605    59.00   0.0000e+00   6.4385e+01   2.2606e+00   0  J  0.00  1   !  -9.99000e+02  -99.000  -99.000  -999
OBS: 692  57762.605    61.00   0.0000e+00   5.9415e+01   1.8865e+00   0  J  0.00  1   !  -9.99000e+02  -99.000  -99.000  -999
OBS: 692  57764.605    63.00   0.0000e+00   5.5348e+01   1.6448e+00   0  J  0.00  1   !  -9.99000e+02  -99.000  -99.000  -999
OBS: 692  57766.605    65.00   0.0000e+00   5.1521e+01   1.1655e+01   0  J  0.00  1   !  -9.99000e+02  -99.000  -99.000  -999
OBS: 692  57768.605    67.00   0.0000e+00   4.7547e+01   2.8619e+01   0  J  0.00  1   !  -9.99000e+02  -99.000  -99.000  -999
OBS: 692  57770.605    69.00   0.0000e+00   4.3657e+01   2.6278e+01   0  J  0.00  1   !  -9.99000e+02  -99.000  -99.000  -999
OBS: 692  57772.605    71.00   0.0000e+00   4.0647e+01   2.4466e+01   0  J  0.00  1   !  -9.99000e+02  -99.000  -99.000  -999
OBS: 692  57774.605    73.00   0.0000e+00   3.7592e+01   2.2627e+01   0  J  0.00  1   !  -9.99000e+02  -99.000  -99.000  -999
OBS: 692  57776.605    75.00   0.0000e+00   3.4668e+01   2.0867e+01   0  J  0.00  1   !  -9.99000e+02  -99.000  -99.000  -999
OBS: 692  57778.605    77.00   0.0000e+00   3.2087e+01   1.9313e+01   0  J  0.00  1   !  -9.99000e+02  -99.000  -99.000  -999
OBS: 692  57780.605    79.00   0.0000e+00   2.8152e+01   1.6945e+01   0  J  0.00  1   !  -9.99000e+02  -99.000  -99.000  -999
OBS: 692  57782.605    81.00   0.0000e+00   2.4028e+01   1.4463e+01   0  J  0.00  1   !  -9.99000e+02  -99.000  -99.000  -999
OBS: 692  57784.605    83.00   0.0000e+00   2.0731e+01   1.2478e+01   0  J  0.00  1   !  -9.99000e+02  -99.000  -99.000  -999
OBS: 692  57786.605    85.00   0.0000e+00   1.8140e+01   1.0918e+01   0  J  0.00  1   !  -9.99000e+02  -99.000  -99.000  -999
OBS: 692  57788.605    87.00   0.0000e+00   1.6071e+01   9.6735e+00   0  J  0.00  1   !  -9.99000e+02  -99.000  -99.000  -999
OBS: 692  57790.605    89.00   0.0000e+00   1.4413e+01   8.6755e+00   0  J  0.00  1   !  -9.99000e+02  -99.000  -99.000  -999
OBS: 692  57792.605    91.00   0.0000e+00   1.3041e+01   7.8498e+00   0  J  0.00  1   !  -9.99000e+02  -99.000  -99.000  -999
OBS: 692  57794.605    93.00   0.0000e+00   1.1839e+01   7.1258e+00   0  J  0.00  1   !  -9.99000e+02  -99.000  -99.000  -999
OBS: 692  57796.605    95.00   0.0000e+00   1.0791e+01   6.4954e+00   0  J  0.00  1   !  -9.99000e+02  -99.000  -99.000  -999
OBS: 692  57798.605    97.00   0.0000e+00   9.7623e+00   5.8761e+00   0  J  0.00  1   !  -9.99000e+02  -99.000  -99.000  -999
OBS: 692  57800.605    99.00   0.0000e+00   8.7933e+00   5.2928e+00   0  J  0.00  1   !  -9.99000e+02  -99.000  -99.000  -999
OBS: 692  57802.605   101.00   0.0000e+00   7.9246e+00   4.7699e+00   0  J  0.00  1   !  -9.99000e+02  -99.000  -99.000  -999
OBS: 692  57804.605   103.00   0.0000e+00   7.1518e+00   4.3048e+00   0  J  0.00  1   !  -9.99000e+02  -99.000  -99.000  -999
OBS: 692  57806.605   105.00   0.0000e+00   6.4593e+00   3.8879e+00   0  J  0.00  1   !  -9.99000e+02  -99.000  -99.000  -999
OBS: 692  57808.605   107.00   0.0000e+00   5.8439e+00   3.5175e+00   0  J  0.00  1   !  -9.99000e+02  -99.000  -99.000  -999
OBS: 692  57810.605   109.00   0.0000e+00   5.2954e+00   3.1874e+00   0  J  0.00  1   !  -9.99000e+02  -99.000  -99.000  -999
OBS: 692  57812.605   111.00   0.0000e+00   4.7721e+00   2.8724e+00   0  J  0.00  1   !  -9.99000e+02  -99.000  -99.000  -999
OBS: 692  57814.605   113.00   0.0000e+00   4.2699e+00   2.5701e+00   0  J  0.00  1   !  -9.99000e+02  -99.000  -99.000  -999
OBS: 692  57816.605   115.00   0.0000e+00   3.8199e+00   2.2992e+00   0  J  0.00  1   !  -9.99000e+02  -99.000  -99.000  -999
OBS: 692  57818.605   117.00   0.0000e+00   3.4170e+00   2.0567e+00   0  J  0.00  1   !  -9.99000e+02  -99.000  -99.000  -999
OBS: 692  57820.605   119.00   0.0000e+00   3.0570e+00   1.8401e+00   0  J  0.00  1   !  -9.99000e+02  -99.000  -99.000  -999
OBS: 692  57822.605   121.00   0.0000e+00   2.7350e+00   1.6462e+00   0  J  0.00  1   !  -9.99000e+02  -99.000  -99.000  -999
OBS: 692  57824.605   123.00   0.0000e+00   2.4469e+00   1.4728e+00   0  J  0.00  1   !  -9.99000e+02  -99.000  -99.000  -999
OBS: 692  57826.605   125.00   0.0000e+00   2.1891e+00   1.3176e+00   0  J  0.00  1   !  -9.99000e+02  -99.000  -99.000  -999
OBS: 692  57828.605   127.00   0.0000e+00   1.9585e+00   1.1788e+00   0  J  0.00  1   !  -9.99000e+02  -99.000  -99.000  -999
OBS: 692  57830.605   129.00   0.0000e+00   1.7522e+00   1.0546e+00   0  J  0.00  1   !  -9.99000e+02  -99.000  -99.000  -999
OBS: 692  57832.605   131.00   0.0000e+00   1.5676e+00   9.4353e-01   0  J  0.00  1   !  -9.99000e+02  -99.000  -99.000  -999
OBS: 692  57834.605   133.00   0.0000e+00   1.4024e+00   8.4410e-01   0  J  0.00  1   !  -9.99000e+02  -99.000  -99.000  -999
OBS: 692  57836.605   135.00   0.0000e+00   1.2545e+00   7.5512e-01   0  J  0.00  1   !  -9.99000e+02  -99.000  -99.000  -999
OBS: 692  57838.605   137.00   0.0000e+00   1.1223e+00   6.7552e-01   0  J  0.00  1   !  -9.99000e+02  -99.000  -99.000  -999
OBS: 692  57840.605   139.00   0.0000e+00   1.0040e+00   6.0434e-01   0  J  0.00  1   !  -9.99000e+02  -99.000  -99.000  -999
OBS: 692  57715.699    14.10   2.6431e+01   2.5721e+01   4.6591e-01   1  H  0.05  1   J  1.03788e+18  0.545  2.454  1.00000e+11
OBS: 692  57723.891    22.28   2.5908e+01   2.6759e+01   4.7049e-01   1  H  1.15  1   J  1.02810e+18  0.492  4.289  1.00000e+11
OBS: 692  57730.336    28.73   2.9860e+01   2.9583e+01   4.8274e-01   1  H  0.21  1   J  1.03098e+18  0.386  2.935  1.00000e+11
OBS: 692  57642.605   -59.00   0.0000e+00   0.0000e+00   0.0000e+00   0  H  0.00  1   !  -9.99000e+02  -99.000  -99.000  -999
OBS: 692  57644.605   -57.00   0.0000e+00   0.0000e+00   0.0000e+00   0  H  0.00  1   !  -9.99000e+02  -99.000  -99.000  -999
OBS: 692  57646.605   -55.00   0.0000e+00   0.0000e+00   0.0000e+00   0  H  0.00  1   !  -9.99000e+02  -99.000  -99.000  -999
OBS: 692  57648.605   -53.00   0.0000e+00   0.0000e+00   0.0000e+00   0  H  0.00  1   !  -9.99000e+02  -99.000  -99.000  -999
OBS: 692  57650.605   -51.00   0.0000e+00   0.0000e+00   0.0000e+00   0  H  0.00  1   !  -9.99000e+02  -99.000  -99.000  -999
OBS: 692  57652.605   -49.00   0.0000e+00   0.0000e+00   0.0000e+00   0  H  0.00  1   !  -9.99000e+02  -99.000  -99.000  -999
OBS: 692  57654.605   -47.00   0.0000e+00   0.0000e+00   0.0000e+00   0  H  0.00  1   !  -9.99000e+02  -99.000  -99.000  -999
OBS: 692  57656.605   -45.00   0.0000e+00   0.0000e+00   0.0000e+00   0  H  0.00  1   !  -9.99000e+02  -99.000  -99.000  -999
OBS: 692  57658.605   -43.00   0.0000e+00   0.0000e+00   0.0000e+00   0  H  0.00  1   !  -9.99000e+02  -99.000  -99.000  -999
OBS: 692  57660.605   -41.00   0.0000e+00   0.0000e+00   0.0000e+00   0  H  0.00  1   !  -9.99000e+02  -99.000  -99.000  -999
OBS: 692  57662.605   -39.00   0.0000e+00   0.0000e+00   0.0000e+00   0  H  0.00  1   !  -9.99000e+02  -99.000  -99.000  -999
OBS: 692  57664.605   -37.00   0.0000e+00   0.0000e+00   0.0000e+00   0  H  0.00  1   !  -9.99000e+02  -99.000  -99.000  -999
OBS: 692  57666.605   -35.00   0.0000e+00   0.0000e+00   0.0000e+00   0  H  0.00  1   !  -9.99000e+02  -99.000  -99.000  -999
OBS: 692  57668.605   -33.00   0.0000e+00   0.0000e+00   0.0000e+00   0  H  0.00  1   !  -9.99000e+02  -99.000  -99.000  -999
OBS: 692  57670.605   -31.00   0.0000e+00   0.0000e+00   0.0000e+00   0  H  0.00  1   !  -9.99000e+02  -99.000  -99.000  -999
OBS: 692  57672.605   -29.00   0.0000e+00   0.0000e+00   0.0000e+00   0  H  0.00  1   !  -9.99000e+02  -99.000  -99.000  -999
OBS: 692  57674.605   -27.00   0.0000e+00   0.0000e+00   0.0000e+00   0  H  0.00  1   !  -9.99000e+02  -99.000  -99.000  -999
OBS: 692  57676.605   -25.00   0.0000e+00   3.6847e+01   2.2179e+01   0  H  0.00  1   !  -9.99000e+02  -99.000  -99.000  -999
OBS: 692  57678.605   -23.00   0.0000e+00   3.6867e+01   2.2190e+01   0  H  0.00  1   !  -9.99000e+02  -99.000  -99.000  -999
OBS: 692  57680.605   -21.00   0.0000e+00   3.6819e+01   2.2162e+01   0  H  0.00  1   !  -9.99000e+02  -99.000  -99.000  -999
OBS: 692  57682.605   -19.00   0.0000e+00   3.9232e+01   1.8889e+01   0  H  0.00  1   !  -9.99000e+02  -99.000  -99.000  -999
OBS: 692  57684.605   -17.00   0.0000e+00   5.2857e+01   2.1153e+00   0  H  0.00  1   !  -9.99000e+02  -99.000  -99.000  -999
OBS: 692  57686.605   -15.00   0.0000e+00   6.5095e+01   1.6929e+00   0  H  0.00  1   !  -9.99000e+02  -99.000  -99.000  -999
OBS: 692  57688.605   -13.00   0.0000e+00   7.4406e+01   2.1294e+00   0  H  0.00  1   !  -9.99000e+02  -99.000  -99.000  -999
OBS: 692  57690.605   -11.00   0.0000e+00   7.9685e+01   2.1531e+00   0  H  0.00  1   !  -9.99000e+02  -99.000  -99.000  -999
OBS: 692  57692.605    -9.00   0.0000e+00   8.2394e+01   2.0125e+00   0  H  0.00  1   !  -9.99000e+02  -99.000  -99.000  -999
OBS: 692  57694.605    -7.00   0.0000e+00   8.3614e+01   1.8688e+00   0  H  0.00  1   !  -9.99000e+02  -99.000  -99.000  -999
OBS: 692  57696.605    -5.00   0.0000e+00   8.2909e+01   1.9208e+00   0  H  0.00  1   !  -9.99000e+02  -99.000  -99.000  -999
OBS: 692  57698.605    -3.00   0.0000e+00   7.9573e+01   2.1066e+00   0  H  0.00  1   !  -9.99000e+02  -99.000  -99.000  -999
OBS: 692  57700.605    -1.00   0.0000e+00   7.4519e+01   2.1678e+00   0  H  0.00  1   !  -9.99000e+02  -99.000  -99.000  -999
OBS: 692  57702.605     1.00   0.0000e+00   6.6554e+01   2.1556e+00   0  H  0.00  1   !  -9.99000e+02  -99.000  -99.000  -999
OBS: 692  57704.605     3.00   0.0000e+00   5.7670e+01   2.1469e+00   0  H  0.00  1   !  -9.99000e+02  -99.000  -99.000  -999
OBS: 692  57706.605     5.00   0.0000e+00   4.9780e+01   2.0520e+00   0  H  0.00  1   !  -9.99000e+02  -99.000  -99.000  -999
OBS: 692  57708.605     7.00   0.0000e+00   4.3179e+01   2.0051e+00   0  H  0.00  1   !  -9.99000e+02  -99.000  -99.000  -999
OBS: 692  57710.605     9.00   0.0000e+00   3.6812e+01   1.9662e+00   0  H  0.00  1   !  -9.99000e+02  -99.000  -99.000  -999
OBS: 692  57712.605    11.00   0.0000e+00   3.1220e+01   2.1165e+00   0  H  0.00  1   !  -9.99000e+02  -99.000  -99.000  -999
OBS: 692  57714.605    13.00   0.0000e+00   2.6912e+01   2.3503e+00   0  H  0.00  1   !  -9.99000e+02  -99.000  -99.000  -999
OBS: 692  57716.605    15.00   0.0000e+00   2.4247e+01   2.4692e+00   0  H  0.00  1   !  -9.99000e+02  -99.000  -99.000  -999
OBS: 692  57718.605    17.00   0.0000e+00   2.3357e+01   2.4080e+00   0  H  0.00  1   !  -9.99000e+02  -99.000  -99.000  -999
OBS: 692  57720.605    19.00   0.0000e+00   2.3490e+01   2.3471e+00   0  H  0.00  1   !  -9.99000e+02  -99.000  -99.000  -999
OBS: 692  57722.605    21.00   0.0000e+00   2.4060e+01   2.1035e+00   0  H  0.00  1   !  -9.99000e+02  -99.000  -99.000  -999
OBS: 692  57724.605    23.00   0.0000e+00   2.5016e+01   1.8147e+00   0  H  0.00  1   !  -9.99000e+02  -99.000  -99.000  -999
OBS: 692  57726.605    25.00   0.0000e+00   2.6010e+01   1.8322e+00   0  H  0.00  1   !  -9.99000e+02  -99.000  -99.000  -999
OBS: 692  57728.605    27.00   0.0000e+00   2.7246e+01   2.1797e+00   0  H  0.00  1   !  -9.99000e+02  -99.000  -99.000  -999
OBS: 692  57730.605    29.00   0.0000e+00   2.8617e+01   2.5238e+00   0  H  0.00  1   !  -9.99000e+02  -99.000  -99.000  -999
OBS: 692  57732.605    31.00   0.0000e+00   2.9878e+01   2.6913e+00   0  H  0.00  1   !  -9.99000e+02  -99.000  -99.000  -999
OBS: 692  57734.605    33.00   0.0000e+00   3.1186e+01   2.7958e+00   0  H  0.00  1   !  -9.99000e+02  -99.000  -99.000  -999
OBS: 692  57736.605    35.00   0.0000e+00   3.2548e+01   2.8742e+00   0  H  0.00  1   !  -9.99000e+02  -99.000  -99.000  -999
OBS: 692  57738.605    37.00   0.0000e+00   3.3747e+01   2.8928e+00   0  H  0.00  1   !  -9.99000e+02  -99.000  -99.000  -999
OBS: 692  57740.605    39.00   0.0000e+00   3.5469e+01   3.0950e+00   0  H  0.00  1   !  -9.99000e+02  -99.000  -99.000  -999
OBS: 692  57742.605    41.00   0.0000e+00   3.8199e+01   3.6219e+00   0  H  0.00  1   !  -9.99000e+02  -99.000  -99.000  -999
OBS: 692  57744.605    43.00   0.0000e+00   4.1440e+01   4.3349e+00   0  H  0.00  1   !  -9.99000e+02  -99.000  -99.000  -999
OBS: 692  57746.605    45.00   0.0000e+00   4.4022e+01   4.8797e+00   0  H  0.00  1   !  -9.99000e+02  -99.000  -99.000  -999
OBS: 692  57748.605    47.00   0.0000e+00   4.4620e+01   5.1346e+00   0  H  0.00  1   !  -9.99000e+02  -99.000  -99.000  -999
OBS: 692  57750.605    49.00   0.0000e+00   4.3270e+01   5.2301e+00   0  H  0.00  1   !  -9.99000e+02  -99.000  -99.000  -999
OBS: 692  57752.605    51.00   0.0000e+00   4.0181e+01   5.1564e+00   0  H  0.00  1   !  -9.99000e+02  -99.000  -99.000  -999
OBS: 692  57754.605    53.00   0.0000e+00   3.6211e+01   4.7111e+00   0  H  0.00  1   !  -9.99000e+02  -99.000  -99.000  -999
OBS: 692  57756.605    55.00   0.0000e+00   3.1428e+01   3.9845e+00   0  H  0.00  1   !  -9.99000e+02  -99.000  -99.000  -999
OBS: 692  57758.605    57.00   0.0000e+00   2.6790e+01   3.1927e+00   0  H  0.00  1   !  -9.99000e+02  -99.000  -99.000  -999
OBS: 692  57760.605    59.00   0.0000e+00   2.3193e+01   2.5844e+00   0  H  0.00  1   !  -9.99000e+02  -99.000  -99.000  -999
OBS: 692  57762.605    61.00   0.0000e+00   2.1024e+01   2.5610e+00   0  H  0.00  1   !  -9.99000e+02  -99.000  -99.000  -999
OBS: 692  57764.605    63.00   0.0000e+00   1.9941e+01   3.6842e+00   0  H  0.00  1   !  -9.99000e+02  -99.000  -99.000  -999
OBS: 692  57766.605    65.00   0.0000e+00   1.9257e+01   7.1085e+00   0  H  0.00  1   !  -9.99000e+02  -99.000  -99.000  -999
OBS: 692  57768.605    67.00   0.0000e+00   1.8595e+01   1.1193e+01   0  H  0.00  1   !  -9.99000e+02  -99.000  -99.000  -999
OBS: 692  57770.605    69.00   0.0000e+00   1.7653e+01   1.0626e+01   0  H  0.00  1   !  -9.99000e+02  -99.000  -99.000  -999
OBS: 692  57772.605    71.00   0.0000e+00   1.6318e+01   9.8222e+00   0  H  0.00  1   !  -9.99000e+02  -99.000  -99.000  -999
OBS: 692  57774.605    73.00   0.0000e+00   1.5110e+01   9.0949e+00   0  H  0.00  1   !  -9.99000e+02  -99.000  -99.000  -999
OBS: 692  57776.605    75.00   0.0000e+00   1.4042e+01   8.4517e+00   0  H  0.00  1   !  -9.99000e+02  -99.000  -99.000  -999
OBS: 692  57778.605    77.00   0.0000e+00   1.3097e+01   7.8833e+00   0  H  0.00  1   !  -9.99000e+02  -99.000  -99.000  -999
OBS: 692  57780.605    79.00   0.0000e+00   1.1673e+01   7.0262e+00   0  H  0.00  1   !  -9.99000e+02  -99.000  -99.000  -999
OBS: 692  57782.605    81.00   0.0000e+00   1.0256e+01   6.1729e+00   0  H  0.00  1   !  -9.99000e+02  -99.000  -99.000  -999
OBS: 692  57784.605    83.00   0.0000e+00   9.1431e+00   5.5033e+00   0  H  0.00  1   !  -9.99000e+02  -99.000  -99.000  -999
OBS: 692  57786.605    85.00   0.0000e+00   8.3383e+00   5.0189e+00   0  H  0.00  1   !  -9.99000e+02  -99.000  -99.000  -999
OBS: 692  57788.605    87.00   0.0000e+00   7.6665e+00   4.6145e+00   0  H  0.00  1   !  -9.99000e+02  -99.000  -99.000  -999
OBS: 692  57790.605    89.00   0.0000e+00   7.1422e+00   4.2989e+00   0  H  0.00  1   !  -9.99000e+02  -99.000  -99.000  -999
OBS: 692  57792.605    91.00   0.0000e+00   6.6921e+00   4.0281e+00   0  H  0.00  1   !  -9.99000e+02  -99.000  -99.000  -999
OBS: 692  57794.605    93.00   0.0000e+00   6.2203e+00   3.7441e+00   0  H  0.00  1   !  -9.99000e+02  -99.000  -99.000  -999
OBS: 692  57796.605    95.00   0.0000e+00   5.6956e+00   3.4283e+00   0  H  0.00  1   !  -9.99000e+02  -99.000  -99.000  -999
OBS: 692  57798.605    97.00   0.0000e+00   5.3838e+00   3.2406e+00   0  H  0.00  1   !  -9.99000e+02  -99.000  -99.000  -999
OBS: 692  57800.605    99.00   0.0000e+00   5.1992e+00   3.1294e+00   0  H  0.00  1   !  -9.99000e+02  -99.000  -99.000  -999
OBS: 692  57802.605   101.00   0.0000e+00   5.0218e+00   3.0227e+00   0  H  0.00  1   !  -9.99000e+02  -99.000  -99.000  -999
OBS: 692  57804.605   103.00   0.0000e+00   4.8516e+00   2.9203e+00   0  H  0.00  1   !  -9.99000e+02  -99.000  -99.000  -999
OBS: 692  57806.605   105.00   0.0000e+00   4.6867e+00   2.8210e+00   0  H  0.00  1   !  -9.99000e+02  -99.000  -99.000  -999
OBS: 692  57808.605   107.00   0.0000e+00   4.5230e+00   2.7224e+00   0  H  0.00  1   !  -9.99000e+02  -99.000  -99.000  -999
OBS: 692  57810.605   109.00   0.0000e+00   4.3586e+00   2.6235e+00   0  H  0.00  1   !  -9.99000e+02  -99.000  -99.000  -999
OBS: 692  57812.605   111.00   0.0000e+00   4.2195e+00   2.5397e+00   0  H  0.00  1   !  -9.99000e+02  -99.000  -99.000  -999
OBS: 692  57814.605   113.00   0.0000e+00   4.1068e+00   2.4720e+00   0  H  0.00  1   !  -9.99000e+02  -99.000  -99.000  -999
OBS: 692  57816.605   115.00   0.0000e+00   3.9972e+00   2.4060e+00   0  H  0.00  1   !  -9.99000e+02  -99.000  -99.000  -999
OBS: 692  57818.605   117.00   0.0000e+00   3.8905e+00   2.3418e+00   0  H  0.00  1   !  -9.99000e+02  -99.000  -99.000  -999
OBS: 692  57820.605   119.00   0.0000e+00   3.7867e+00   2.2793e+00   0  H  0.00  1   !  -9.99000e+02  -99.000  -99.000  -999
OBS: 692  57822.605   121.00   0.0000e+00   3.6856e+00   2.2184e+00   0  H  0.00  1   !  -9.99000e+02  -99.000  -99.000  -999
OBS: 692  57824.605   123.00   0.0000e+00   3.5873e+00   2.1592e+00   0  H  0.00  1   !  -9.99000e+02  -99.000  -99.000  -999
OBS: 692  57826.605   125.00   0.0000e+00   3.4915e+00   2.1016e+00   0  H  0.00  1   !  -9.99000e+02  -99.000  -99.000  -999
OBS: 692  57828.605   127.00   0.0000e+00   3.3983e+00   2.0455e+00   0  H  0.00  1   !  -9.99000e+02  -99.000  -99.000  -999
OBS: 692  57830.605   129.00   0.0000e+00   3.3076e+00   1.9909e+00   0  H  0.00  1   !  -9.99000e+02  -99.000  -99.000  -999
OBS: 692  57832.605   131.00   0.0000e+00   3.2193e+00   1.9377e+00   0  H  0.00  1   !  -9.99000e+02  -99.000  -99.000  -999
OBS: 692  57834.605   133.00   0.0000e+00   3.1334e+00   1.8860e+00   0  H  0.00  1   !  -9.99000e+02  -99.000  -99.000  -999
OBS: 692  57836.605   135.00   0.0000e+00   3.0498e+00   1.8357e+00   0  H  0.00  1   !  -9.99000e+02  -99.000  -99.000  -999
OBS: 692  57838.605   137.00   0.0000e+00   2.9684e+00   1.7867e+00   0  H  0.00  1   !  -9.99000e+02  -99.000  -99.000  -999
OBS: 692  57840.605   139.00   0.0000e+00   2.8891e+00   1.7390e+00   0  H  0.00  1   !  -9.99000e+02  -99.000  -99.000  -999
