VARNAMES: CID MJD Tobs SIM_FLUXCAL FLUXCAL FLUXCAL_ERR DATAFLAG BAND CHI2 IFIT BAND_REST FLUX_REST KCOR AVWARP SIM_FLUX_REST 
OBS: 305  57390.137    13.85   1.8821e+01   1.8991e+01   2.3632e-01   1  H  0.00  1   Y  1.34134e+18  0.377  2.418  1.00000e+11
OBS: 305  57396.309    20.01   1.7757e+01   1.8114e+01   2.3308e-01   1  H  0.03  1   Y  1.33781e+18  0.425  3.737  1.00000e+11
OBS: 305  57404.590    28.30   2.1423e+01   2.1583e+01   2.4564e-01   1  H  0.01  1   Y  1.63156e+18  0.451  4.212  1.00000e+11
OBS: 305  57317.293   -59.00   0.0000e+00   0.0000e+00   0.0000e+00   0  H  0.00  1   !  -9.99000e+02  -99.000  -99.000  -999
OBS: 305  57319.293   -57.00   0.0000e+00   0.0000e+00   0.0000e+00   0  H  0.00  1   !  -9.99000e+02  -99.000  -99.000  -999
OBS: 305  57321.293   -55.00   0.0000e+00   0.0000e+00   0.0000e+00   0  H  0.00  1   !  -9.99000e+02  -99.000  -99.000  -999
OBS: 305  57323.293   -53.00   0.0000e+00   0.0000e+00   0.0000e+00   0  H  0.00  1   !  -9.99000e+02  -99.000  -99.000  -999
OBS: 305  57325.293   -51.00   0.0000e+00   0.0000e+00   0.0000e+00   0  H  0.00  1   !  -9.99000e+02  -99.000  -99.000  -999
OBS: 305  57327.293   -49.00   0.0000e+00   0.0000e+00   0.0000e+00   0  H  0.00  1   !  -9.99000e+02  -99.000  -99.000  -999
OBS: 305  57329.293   -47.00   0.0000e+00   0.0000e+00   0.0000e+00   0  H  0.00  1   !  -9.99000e+02  -99.000  -99.000  -999
OBS: 305  57331.293   -45.00   0.0000e+00   0.0000e+00   0.0000e+00   0  H  0.00  1   !  -9.99000e+02  -99.000  -99.000  -999
OBS: 305  57333.293   -43.00   0.0000e+00   0.0000e+00   0.0000e+00   0  H  0.00  1   !  -9.99000e+02  -99.000  -99.000  -999
OBS: 305  57335.293   -41.00   0.0000e+00   0.0000e+00   0.0000e+00   0  H  0.00  1   !  -9.99000e+02  -99.000  -99.000  -999
OBS: 305  57337.293   -39.00   0.0000e+00   0.0000e+00   0.0000e+00   0  H  0.00  1   !  -9.99000e+02  -99.000  -99.000  -999
OBS: 305  57339.293   -37.00   0.0000e+00   0.0000e+00   0.0000e+00   0  H  0.00  1   !  -9.99000e+02  -99.000  -99.000  -999
OBS: 305  57341.293   -35.00   0.0000e+00   0.0000e+00   0.0000e+00   0  H  0.00  1   !  -9.99000e+02  -99.000  -99.000  -999
OBS: 305  57343.293   -33.00   0.0000e+00   0.0000e+00   0.0000e+00   0  H  0.00  1   !  -9.99000e+02  -99.000  -99.000  -999
OBS: 305  57345.293   -31.00   0.0000e+00   0.0000e+00   0.0000e+00   0  H  0.00  1   !  -9.99000e+02  -99.000  -99.000  -999
OBS: 305  57347.293   -29.00   0.0000e+00   0.0000e+00   0.0000e+00   0  H  0.00  1   !  -9.99000e+02  -99.000  -99.000  -999
OBS: 305  57349.293   -27.00   0.0000e+00   1.0945e+01   6.5881e+00   0  H  0.00  1   !  -9.99000e+02  -99.000  -99.000  -999
OBS: 305  57351.293   -25.00   0.0000e+00   1.3320e+01   8.0174e+00   0  H  0.00  1   !  -9.99000e+02  -99.000  -99.000  -999
OBS: 305  57353.293   -23.00   0.0000e+00   1.3384e+01   8.0559e+00   0  H  0.00  1   !  -9.99000e+02  -99.000  -99.000  -999
OBS: 305  57355.293   -21.00   0.0000e+00   1.3903e+01   7.8613e+00   0  H  0.00  1   !  -9.99000e+02  -99.000  -99.000  -999
OBS: 305  57357.293   -19.00   0.0000e+00   2.0361e+01   2.6102e+00   0  H  0.00  1   !  -9.99000e+02  -99.000  -99.000  -999
OBS: 305  57359.293   -17.00   0.0000e+00   2.7409e+01   1.7470e+00   0  H  0.00  1   !  -9.99000e+02  -99.000  -99.000  -999
OBS: 305  57361.293   -15.00   0.0000e+00   3.3926e+01   1.3640e+00   0  H  0.00  1   !  -9.99000e+02  -99.000  -99.000  -999
OBS: 305  57363.293   -13.00   0.0000e+00   3.8434e+01   1.1193e+00   0  H  0.00  1   !  -9.99000e+02  -99.000  -99.000  -999
OBS: 305  57365.293   -11.00   0.0000e+00   4.1517e+01   1.0099e+00   0  H  0.00  1   !  -9.99000e+02  -99.000  -99.000  -999
OBS: 305  57367.293    -9.00   0.0000e+00   4.3369e+01   1.0262e+00   0  H  0.00  1   !  -9.99000e+02  -99.000  -99.000  -999
OBS: 305  57369.293    -7.00   0.0000e+00   4.4283e+01   1.1232e+00   0  H  0.00  1   !  -9.99000e+02  -99.000  -99.000  -999
OBS: 305  57371.293    -5.00   0.0000e+00   4.3729e+01   1.1444e+00   0  H  0.00  1   !  -9.99000e+02  -99.000  -99.000  -999
OBS: 305  57373.293    -3.00   0.0000e+00   4.2139e+01   1.0411e+00   0  H  0.00  1   !  -9.99000e+02  -99.000  -99.000  -999
OBS: 305  57375.293    -1.00   0.0000e+00   3.9789e+01   9.8429e-01   0  H  0.00  1   !  -9.99000e+02  -99.000  -99.000  -999
OBS: 305  57377.293     1.00   0.0000e+00   3.6376e+01   1.0083e+00   0  H  0.00  1   !  -9.99000e+02  -99.000  -99.000  -999
OBS: 305  57379.293     3.00   0.0000e+00   3.2547e+01   1.1121e+00   0  H  0.00  1   !  -9.99000e+02  -99.000  -99.000  -999
OBS: 305  57381.293     5.00   0.0000e+00   2.8954e+01   1.1418e+00   0  H  0.00  1   !  -9.99000e+02  -99.000  -99.000  -999
OBS: 305  57383.293     7.00   0.0000e+00   2.6191e+01   1.0878e+00   0  H  0.00  1   !  -9.99000e+02  -99.000  -99.000  -999
OBS: 305  57385.293     9.00   0.0000e+00   2.3658e+01   9.8342e-01   0  H  0.00  1   !  -9.99000e+02  -99.000  -99.000  -999
OBS: 305  57387.293    11.00   0.0000e+00   2.1430e+01   9.2023e-01   0  H  0.00  1   !  -9.99000e+02  -99.000  -99.000  -999
OBS: 305  57389.293    13.00   0.0000e+00   1.9630e+01   9.3825e-01   0  H  0.00  1   !  -9.99000e+02  -99.000  -99.000  -999
OBS: 305  57391.293    15.00   0.0000e+00   1.8346e+01   9.9065e-01   0  H  0.00  1   !  -9.99000e+02  -99.000  -99.000  -999
OBS: 305  57393.293    17.00   0.0000e+00   1.7709e+01   9.9526e-01   0  H  0.00  1   !  -9.99000e+02  -99.000  -99.000  -999
OBS: 305  57395.293    19.00   0.0000e+00   1.7790e+01   9.8562e-01   0  H  0.00  1   !  -9.99000e+02  -99.000  -99.000  -999
OBS: 305  57397.293    21.00   0.0000e+00   1.8145e+01   9.3679e-01   0  H  0.00  1   !  -9.99000e+02  -99.000  -99.000  -999
OBS: 305  57399.293    23.00   0.0000e+00   1.8753e+01   8.9913e-01   0  H  0.00  1   !  -9.99000e+02  -99.000  -99.000  -999
OBS: 305  57401.293    25.00   0.0000e+00   1.9638e+01   8.9359e-01   0  H  0.00  1   !  -9.99000e+02  -99.000  -99.000  -999
OBS: 305  57403.293    27.00   0.0000e+00   2.0759e+01   8.7298e-01   0  H  0.00  1   !  -9.99000e+02  -99.000  -99.000  -999
OBS: 305  57405.293    29.00   0.0000e+00   2.2258e+01   8.0023e-01   0  H  0.00  1   !  -9.99000e+02  -99.000  -99.000  -999
OBS: 305  57407.293    31.00   0.0000e+00   2.4054e+01   7.3409e-01   0  H  0.00  1   !  -9.99000e+02  -99.000  -99.000  -999
OBS: 305  57409.293    33.00   0.0000e+00   2.5819e+01   7.6309e-01   0  H  0.00  1   !  -9.99000e+02  -99.000  -99.000  -999
OBS: 305  57411.293    35.00   0.0000e+00   2.7383e+01   8.2804e-01   0  H  0.00  1   !  -9.99000e+02  -99.000  -99.000  -999
OBS: 305  57413.293    37.00   0.0000e+00   2.8955e+01   8.8490e-01   0  H  0.00  1   !  -9.99000e+02  -99.000  -99.000  -999
OBS: 305  57415.293    39.00   0.0000e+00   3.0565e+01   8.9615e-01   0  H  0.00  1   !  -9.99000e+02  -99.000  -99.000  -999
OBS: 305  57417.293    41.00   0.0000e+00   3.2296e+01   8.9818e-01   0  H  0.00  1   !  -9.99000e+02  -99.000  -99.000  -999
OBS: 305  57419.293    43.00   0.0000e+00   3.4161e+01   9.3642e-01   0  H  0.00  1   !  -9.99000e+02  -99.000  -99.000  -999
OBS: 305  57421.293    45.00   0.0000e+00   3.6160e+01   1.0620e+00   0  H  0.00  1   !  -9.99000e+02  -99.000  -99.000  -999
OBS: 305  57423.293    47.00   0.0000e+00   3.7903e+01   1.2125e+00   0  H  0.00  1   !  -9.99000e+02  -99.000  -99.000  -999
OBS: 305  57425.293    49.00   0.0000e+00   3.9201e+01   1.3483e+00   0  H  0.00  1   !  -9.99000e+02  -99.000  -99.000  -999
OBS: 305  57427.293    51.00   0.0000e+00   3.9883e+01   1.3560e+00   0  H  0.00  1   !  -9.99000e+02  -99.000  -99.000  -999
OBS: 305  57429.293    53.00   0.0000e+00   3.9867e+01   1.3295e+00   0  H  0.00  1   !  -9.99000e+02  -99.000  -99.000  -999
OBS: 305  57431.293    55.00   0.0000e+00   3.9226e+01   1.3261e+00   0  H  0.00  1   !  -9.99000e+02  -99.000  -99.000  -999
OBS: 305  57433.293    57.00   0.0000e+00   3.7858e+01   1.4121e+00   0  H  0.00  1   !  -9.99000e+02  -99.000  -99.000  -999
OBS: 305  57435.293    59.00   0.0000e+00   3.5951e+01   1.4770e+00   0  H  0.00  1   !  -9.99000e+02  -99.000  -99.000  -999
OBS: 305  57437.293    61.00   0.0000e+00   3.3536e+01   1.4163e+00   0  H  0.00  1   !  -9.99000e+02  -99.000  -99.000  -999
OBS: 305  57439.293    63.00   0.0000e+00   3.0927e+01   1.2379e+00   0  H  0.00  1   !  -9.99000e+02  -99.000  -99.000  -999
OBS: 305  57441.293    65.00   0.0000e+00   2.8481e+01   1.0321e+00   0  H  0.00  1   !  -9.99000e+02  -99.000  -99.000  -999
OBS: 305  57443.293    67.00   0.0000e+00   2.6545e+01   8.6764e-01   0  H  0.00  1   !  -9.99000e+02  -99.000  -99.000  -999
OBS: 305  57445.293    69.00   0.0000e+00   2.5115e+01   7.5159e-01   0  H  0.00  1   !  -9.99000e+02  -99.000  -99.000  -999
OBS: 305  57447.293    71.00   0.0000e+00   2.4030e+01   6.4148e+00   0  H  0.00  1   !  -9.99000e+02  -99.000  -99.000  -999
OBS: 305  57449.293    73.00   0.0000e+00   2.3023e+01   1.3858e+01   0  H  0.00  1   !  -9.99000e+02  -99.000  -99.000  -999
OBS: 305  57451.293    75.00   0.0000e+00   2.1833e+01   1.3141e+01   0  H  0.00  1   !  -9.99000e+02  -99.000  -99.000  -999
OBS: 305  57453.293    77.00   0.0000e+00   2.0248e+01   1.2188e+01   0  H  0.00  1   !  -9.99000e+02  -99.000  -99.000  -999
OBS: 305  57455.293    79.00   0.0000e+00   1.8637e+01   1.1218e+01   0  H  0.00  1   !  -9.99000e+02  -99.000  -99.000  -999
OBS: 305  57457.293    81.00   0.0000e+00   1.7042e+01   1.0258e+01   0  H  0.00  1   !  -9.99000e+02  -99.000  -99.000  -999
OBS: 305  57459.293    83.00   0.0000e+00   1.5558e+01   9.3645e+00   0  H  0.00  1   !  -9.99000e+02  -99.000  -99.000  -999
OBS: 305  57461.293    85.00   0.0000e+00   1.4069e+01   8.4685e+00   0  H  0.00  1   !  -9.99000e+02  -99.000  -99.000  -999
OBS: 305  57463.293    87.00   0.0000e+00   1.2043e+01   7.2488e+00   0  H  0.00  1   !  -9.99000e+02  -99.000  -99.000  -999
OBS: 305  57465.293    89.00   0.0000e+00   1.0366e+01   6.2394e+00   0  H  0.00  1   !  -9.99000e+02  -99.000  -99.000  -999
OBS: 305  57467.293    91.00   0.0000e+00   8.9625e+00   5.3946e+00   0  H  0.00  1   !  -9.99000e+02  -99.000  -99.000  -999
OBS: 305  57469.293    93.00   0.0000e+00   7.8136e+00   4.7031e+00   0  H  0.00  1   !  -9.99000e+02  -99.000  -99.000  -999
OBS: 305  57471.293    95.00   0.0000e+00   6.8887e+00   4.1464e+00   0  H  0.00  1   !  -9.99000e+02  -99.000  -99.000  -999
OBS: 305  57473.293    97.00   0.0000e+00   6.1285e+00   3.6888e+00   0  H  0.00  1   !  -9.99000e+02  -99.000  -99.000  -999
OBS: 305  57475.293    99.00   0.0000e+00   5.4813e+00   3.2993e+00   0  H  0.00  1   !  -9.99000e+02  -99.000  -99.000  -999
OBS: 305  57477.293   101.00   0.0000e+00   4.8900e+00   2.9434e+00   0  H  0.00  1   !  -9.99000e+02  -99.000  -99.000  -999
OBS: 305  57479.293   103.00   0.0000e+00   4.3429e+00   2.6140e+00   0  H  0.00  1   !  -9.99000e+02  -99.000  -99.000  -999
OBS: 305  57481.293   105.00   0.0000e+00   3.8633e+00   2.3253e+00   0  H  0.00  1   !  -9.99000e+02  -99.000  -99.000  -999
OBS: 305  57483.293   107.00   0.0000e+00   3.4908e+00   2.1012e+00   0  H  0.00  1   !  -9.99000e+02  -99.000  -99.000  -999
OBS: 305  57485.293   109.00   0.0000e+00   3.1532e+00   1.8979e+00   0  H  0.00  1   !  -9.99000e+02  -99.000  -99.000  -999
OBS: 305  57487.293   111.00   0.0000e+00   2.8465e+00   1.7134e+00   0  H  0.00  1   !  -9.99000e+02  -99.000  -99.000  -999
OBS: 305  57489.293   113.00   0.0000e+00   2.5683e+00   1.5459e+00   0  H  0.00  1   !  -9.99000e+02  -99.000  -99.000  -999
OBS: 305  57491.293   115.00   0.0000e+00   2.3155e+00   1.3937e+00   0  H  0.00  1   !  -9.99000e+02  -99.000  -99.000  -999
OBS: 305  57493.293   117.00   0.0000e+00   2.0861e+00   1.2557e+00   0  H  0.00  1   !  -9.99000e+02  -99.000  -99.000  -999
OBS: 305  57495.293   119.00   0.0000e+00   1.8775e+00   1.1301e+00   0  H  0.00  1   !  -9.99000e+02  -99.000  -99.000  -999
OBS: 305  57497.293   121.00   0.0000e+00   1.6934e+00   1.0193e+00   0  H  0.00  1   !  -9.99000e+02  -99.000  -99.000  -999
OBS: 305  57499.293   123.00   0.0000e+00   1.5315e+00   9.2182e-01   0  H  0.00  1   !  -9.99000e+02  -99.000  -99.000  -999
OBS: 305  57501.293   125.00   0.0000e+00   1.3850e+00   8.3366e-01   0  H  0.00  1   !  -9.99000e+02  -99.000  -99.000  -999
OBS: 305  57503.293   127.00   0.0000e+00   1.2526e+00   7.5394e-01   0  H  0.00  1   !  -9.99000e+02  -99.000  -99.000  -999
OBS: 305  57505.293   129.00   0.0000e+00   1.1328e+00   6.8183e-01   0  H  0.00  1   !  -9.99000e+02  -99.000  -99.000  -999
OBS: 305  57507.293   131.00   0.0000e+00   1.0245e+00   6.1663e-01   0  H  0.00  1   !  -9.99000e+02  -99.000  -99.000  -999
OBS: 305  57509.293   133.00   0.0000e+00   9.2648e-01   5.5766e-01   0  H  0.00  1   !  -9.99000e+02  -99.000  -99.000  -999
OBS: 305  57511.293   135.00   0.0000e+00   8.3788e-01   5.0433e-01   0  H  0.00  1   !  -9.99000e+02  -99.000  -99.000  -999
OBS: 305  57513.293   137.00   0.0000e+00   7.5775e-01   4.5610e-01   0  H  0.00  1   !  -9.99000e+02  -99.000  -99.000  -999
OBS: 305  57515.293   139.00   0.0000e+00   6.8528e-01   4.1248e-01   0  H  0.00  1   !  -9.99000e+02  -99.000  -99.000  -999
