VARNAMES: CID MJD Tobs SIM_FLUXCAL FLUXCAL FLUXCAL_ERR DATAFLAG BAND CHI2 IFIT BAND_REST FLUX_REST KCOR AVWARP SIM_FLUX_REST 
OBS: 167  57728.531    32.02   8.7959e+01   8.8226e+01   5.8606e-01   1  J  0.00  1   Y  2.17045e+18  -0.045  -0.867  1.00000e+11
OBS: 167  57637.508   -59.00   0.0000e+00   0.0000e+00   0.0000e+00   0  J  0.00  1   !  -9.99000e+02  -99.000  -99.000  -999
OBS: 167  57639.508   -57.00   0.0000e+00   0.0000e+00   0.0000e+00   0  J  0.00  1   !  -9.99000e+02  -99.000  -99.000  -999
OBS: 167  57641.508   -55.00   0.0000e+00   0.0000e+00   0.0000e+00   0  J  0.00  1   !  -9.99000e+02  -99.000  -99.000  -999
OBS: 167  57643.508   -53.00   0.0000e+00   0.0000e+00   0.0000e+00   0  J  0.00  1   !  -9.99000e+02  -99.000  -99.000  -999
OBS: 167  57645.508   -51.00   0.0000e+00   0.0000e+00   0.0000e+00   0  J  0.00  1   !  -9.99000e+02  -99.000  -99.000  -999
OBS: 167  57647.508   -49.00   0.0000e+00   0.0000e+00   0.0000e+00   0  J  0.00  1   !  -9.99000e+02  -99.000  -99.000  -999
OBS: 167  57649.508   -47.00   0.0000e+00   0.0000e+00   0.0000e+00   0  J  0.00  1   !  -9.99000e+02  -99.000  -99.000  -999
OBS: 167  57651.508   -45.00   0.0000e+00   0.0000e+00   0.0000e+00   0  J  0.00  1   !  -9.99000e+02  -99.000  -99.000  -999
OBS: 167  57653.508   -43.00   0.0000e+00   0.0000e+00   0.0000e+00   0  J  0.00  1   !  -9.99000e+02  -99.000  -99.000  -999
OBS: 167  57655.508   -41.00   0.0000e+00   0.0000e+00   0.0000e+00   0  J  0.00  1   !  -9.99000e+02  -99.000  -99.000  -999
OBS: 167  57657.508   -39.00   0.0000e+00   0.0000e+00   0.0000e+00   0  J  0.00  1   !  -9.99000e+02  -99.000  -99.000  -999
OBS: 167  57659.508   -37.00   0.0000e+00   0.0000e+00   0.0000e+00   0  J  0.00  1   !  -9.99000e+02  -99.000  -99.000  -999
OBS: 167  57661.508   -35.00   0.0000e+00   0.0000e+00   0.0000e+00   0  J  0.00  1   !  -9.99000e+02  -99.000  -99.000  -999
OBS: 167  57663.508   -33.00   0.0000e+00   0.0000e+00   0.0000e+00   0  J  0.00  1   !  -9.99000e+02  -99.000  -99.000  -999
OBS: 167  57665.508   -31.00   0.0000e+00   0.0000e+00   0.0000e+00   0  J  0.00  1   !  -9.99000e+02  -99.000  -99.000  -999
OBS: 167  57667.508   -29.00   0.0000e+00   0.0000e+00   0.0000e+00   0  J  0.00  1   !  -9.99000e+02  -99.000  -99.000  -999
OBS: 167  57669.508   -27.00   0.0000e+00   0.0000e+00   0.0000e+00   0  J  0.00  1   !  -9.99000e+02  -99.000  -99.000  -999
OBS: 167  57671.508   -25.00   0.0000e+00   1.9592e+01   1.1793e+01   0  J  0.00  1   !  -9.99000e+02  -99.000  -99.000  -999
OBS: 167  57673.508   -23.00   0.0000e+00   2.0596e+01   1.2397e+01   0  J  0.00  1   !  -9.99000e+02  -99.000  -99.000  -999
OBS: 167  57675.508   -21.00   0.0000e+00   2.0590e+01   1.2393e+01   0  J  0.00  1   !  -9.99000e+02  -99.000  -99.000  -999
OBS: 167  57677.508   -19.00   0.0000e+00   2.4884e+01   1.0659e+01   0  J  0.00  1   !  -9.99000e+02  -99.000  -99.000  -999
OBS: 167  57679.508   -17.00   0.0000e+00   3.9709e+01   4.5649e+00   0  J  0.00  1   !  -9.99000e+02  -99.000  -99.000  -999
OBS: 167  57681.508   -15.00   0.0000e+00   5.4628e+01   3.1630e+00   0  J  0.00  1   !  -9.99000e+02  -99.000  -99.000  -999
OBS: 167  57683.508   -13.00   0.0000e+00   6.7944e+01   2.3729e+00   0  J  0.00  1   !  -9.99000e+02  -99.000  -99.000  -999
OBS: 167  57685.508   -11.00   0.0000e+00   7.9174e+01   2.1081e+00   0  J  0.00  1   !  -9.99000e+02  -99.000  -99.000  -999
OBS: 167  57687.508    -9.00   0.0000e+00   9.0067e+01   2.1312e+00   0  J  0.00  1   !  -9.99000e+02  -99.000  -99.000  -999
OBS: 167  57689.508    -7.00   0.0000e+00   9.7946e+01   2.4260e+00   0  J  0.00  1   !  -9.99000e+02  -99.000  -99.000  -999
OBS: 167  57691.508    -5.00   0.0000e+00   1.0227e+02   2.6764e+00   0  J  0.00  1   !  -9.99000e+02  -99.000  -99.000  -999
OBS: 167  57693.508    -3.00   0.0000e+00   1.0137e+02   2.5316e+00   0  J  0.00  1   !  -9.99000e+02  -99.000  -99.000  -999
OBS: 167  57695.508    -1.00   0.0000e+00   9.7649e+01   2.4307e+00   0  J  0.00  1   !  -9.99000e+02  -99.000  -99.000  -999
OBS: 167  57697.508     1.00   0.0000e+00   9.2232e+01   2.6514e+00   0  J  0.00  1   !  -9.99000e+02  -99.000  -99.000  -999
OBS: 167  57699.508     3.00   0.0000e+00   8.6160e+01   3.0946e+00   0  J  0.00  1   !  -9.99000e+02  -99.000  -99.000  -999
OBS: 167  57701.508     5.00   0.0000e+00   8.0380e+01   3.3022e+00   0  J  0.00  1   !  -9.99000e+02  -99.000  -99.000  -999
OBS: 167  57703.508     7.00   0.0000e+00   7.5621e+01   3.1867e+00   0  J  0.00  1   !  -9.99000e+02  -99.000  -99.000  -999
OBS: 167  57705.508     9.00   0.0000e+00   7.1148e+01   3.0103e+00   0  J  0.00  1   !  -9.99000e+02  -99.000  -99.000  -999
OBS: 167  57707.508    11.00   0.0000e+00   6.7997e+01   3.1738e+00   0  J  0.00  1   !  -9.99000e+02  -99.000  -99.000  -999
OBS: 167  57709.508    13.00   0.0000e+00   6.6254e+01   3.5272e+00   0  J  0.00  1   !  -9.99000e+02  -99.000  -99.000  -999
OBS: 167  57711.508    15.00   0.0000e+00   6.5822e+01   3.6993e+00   0  J  0.00  1   !  -9.99000e+02  -99.000  -99.000  -999
OBS: 167  57713.508    17.00   0.0000e+00   6.5859e+01   3.6472e+00   0  J  0.00  1   !  -9.99000e+02  -99.000  -99.000  -999
OBS: 167  57715.508    19.00   0.0000e+00   6.7391e+01   3.3909e+00   0  J  0.00  1   !  -9.99000e+02  -99.000  -99.000  -999
OBS: 167  57717.508    21.00   0.0000e+00   7.1287e+01   3.3310e+00   0  J  0.00  1   !  -9.99000e+02  -99.000  -99.000  -999
OBS: 167  57719.508    23.00   0.0000e+00   7.5187e+01   3.3211e+00   0  J  0.00  1   !  -9.99000e+02  -99.000  -99.000  -999
OBS: 167  57721.508    25.00   0.0000e+00   7.9291e+01   3.0683e+00   0  J  0.00  1   !  -9.99000e+02  -99.000  -99.000  -999
OBS: 167  57723.508    27.00   0.0000e+00   8.1993e+01   2.6155e+00   0  J  0.00  1   !  -9.99000e+02  -99.000  -99.000  -999
OBS: 167  57725.508    29.00   0.0000e+00   8.3606e+01   2.4772e+00   0  J  0.00  1   !  -9.99000e+02  -99.000  -99.000  -999
OBS: 167  57727.508    31.00   0.0000e+00   8.6254e+01   2.6177e+00   0  J  0.00  1   !  -9.99000e+02  -99.000  -99.000  -999
OBS: 167  57729.508    33.00   0.0000e+00   8.9926e+01   2.7224e+00   0  J  0.00  1   !  -9.99000e+02  -99.000  -99.000  -999
OBS: 167  57731.508    35.00   0.0000e+00   9.3202e+01   2.6567e+00   0  J  0.00  1   !  -9.99000e+02  -99.000  -99.000  -999
OBS: 167  57733.508    37.00   0.0000e+00   9.4801e+01   2.5742e+00   0  J  0.00  1   !  -9.99000e+02  -99.000  -99.000  -999
OBS: 167  57735.508    39.00   0.0000e+00   9.5327e+01   2.7106e+00   0  J  0.00  1   !  -9.99000e+02  -99.000  -99.000  -999
OBS: 167  57737.508    41.00   0.0000e+00   9.4638e+01   2.9355e+00   0  J  0.00  1   !  -9.99000e+02  -99.000  -99.000  -999
OBS: 167  57739.508    43.00   0.0000e+00   9.3058e+01   3.1270e+00   0  J  0.00  1   !  -9.99000e+02  -99.000  -99.000  -999
OBS: 167  57741.508    45.00   0.0000e+00   9.0110e+01   3.1020e+00   0  J  0.00  1   !  -9.99000e+02  -99.000  -99.000  -999
OBS: 167  57743.508    47.00   0.0000e+00   8.7202e+01   2.8879e+00   0  J  0.00  1   !  -9.99000e+02  -99.000  -99.000  -999
OBS: 167  57745.508    49.00   0.0000e+00   8.4580e+01   2.9036e+00   0  J  0.00  1   !  -9.99000e+02  -99.000  -99.000  -999
OBS: 167  57747.508    51.00   0.0000e+00   8.0648e+01   3.0988e+00   0  J  0.00  1   !  -9.99000e+02  -99.000  -99.000  -999
OBS: 167  57749.508    53.00   0.0000e+00   7.5600e+01   3.1616e+00   0  J  0.00  1   !  -9.99000e+02  -99.000  -99.000  -999
OBS: 167  57751.508    55.00   0.0000e+00   6.9946e+01   2.9120e+00   0  J  0.00  1   !  -9.99000e+02  -99.000  -99.000  -999
OBS: 167  57753.508    57.00   0.0000e+00   6.4264e+01   2.4360e+00   0  J  0.00  1   !  -9.99000e+02  -99.000  -99.000  -999
OBS: 167  57755.508    59.00   0.0000e+00   5.9084e+01   1.9620e+00   0  J  0.00  1   !  -9.99000e+02  -99.000  -99.000  -999
OBS: 167  57757.508    61.00   0.0000e+00   5.4545e+01   1.6585e+00   0  J  0.00  1   !  -9.99000e+02  -99.000  -99.000  -999
OBS: 167  57759.508    63.00   0.0000e+00   5.0799e+01   1.4593e+00   0  J  0.00  1   !  -9.99000e+02  -99.000  -99.000  -999
OBS: 167  57761.508    65.00   0.0000e+00   4.7153e+01   1.4558e+00   0  J  0.00  1   !  -9.99000e+02  -99.000  -99.000  -999
OBS: 167  57763.508    67.00   0.0000e+00   4.3218e+01   2.6013e+01   0  J  0.00  1   !  -9.99000e+02  -99.000  -99.000  -999
OBS: 167  57765.508    69.00   0.0000e+00   3.9005e+01   2.3478e+01   0  J  0.00  1   !  -9.99000e+02  -99.000  -99.000  -999
OBS: 167  57767.508    71.00   0.0000e+00   3.5936e+01   2.1630e+01   0  J  0.00  1   !  -9.99000e+02  -99.000  -99.000  -999
OBS: 167  57769.508    73.00   0.0000e+00   3.3225e+01   1.9999e+01   0  J  0.00  1   !  -9.99000e+02  -99.000  -99.000  -999
OBS: 167  57771.508    75.00   0.0000e+00   3.0749e+01   1.8508e+01   0  J  0.00  1   !  -9.99000e+02  -99.000  -99.000  -999
OBS: 167  57773.508    77.00   0.0000e+00   2.8571e+01   1.7197e+01   0  J  0.00  1   !  -9.99000e+02  -99.000  -99.000  -999
OBS: 167  57775.508    79.00   0.0000e+00   2.6443e+01   1.5917e+01   0  J  0.00  1   !  -9.99000e+02  -99.000  -99.000  -999
OBS: 167  57777.508    81.00   0.0000e+00   2.2812e+01   1.3731e+01   0  J  0.00  1   !  -9.99000e+02  -99.000  -99.000  -999
OBS: 167  57779.508    83.00   0.0000e+00   1.9746e+01   1.1885e+01   0  J  0.00  1   !  -9.99000e+02  -99.000  -99.000  -999
OBS: 167  57781.508    85.00   0.0000e+00   1.7316e+01   1.0423e+01   0  J  0.00  1   !  -9.99000e+02  -99.000  -99.000  -999
OBS: 167  57783.508    87.00   0.0000e+00   1.5385e+01   9.2602e+00   0  J  0.00  1   !  -9.99000e+02  -99.000  -99.000  -999
OBS: 167  57785.508    89.00   0.0000e+00   1.3807e+01   8.3108e+00   0  J  0.00  1   !  -9.99000e+02  -99.000  -99.000  -999
OBS: 167  57787.508    91.00   0.0000e+00   1.2505e+01   7.5270e+00   0  J  0.00  1   !  -9.99000e+02  -99.000  -99.000  -999
OBS: 167  57789.508    93.00   0.0000e+00   1.1400e+01   6.8616e+00   0  J  0.00  1   !  -9.99000e+02  -99.000  -99.000  -999
OBS: 167  57791.508    95.00   0.0000e+00   1.0429e+01   6.2771e+00   0  J  0.00  1   !  -9.99000e+02  -99.000  -99.000  -999
OBS: 167  57793.508    97.00   0.0000e+00   9.5756e+00   5.7637e+00   0  J  0.00  1   !  -9.99000e+02  -99.000  -99.000  -999
OBS: 167  57795.508    99.00   0.0000e+00   8.6672e+00   5.2169e+00   0  J  0.00  1   !  -9.99000e+02  -99.000  -99.000  -999
OBS: 167  57797.508   101.00   0.0000e+00   7.8433e+00   4.7210e+00   0  J  0.00  1   !  -9.99000e+02  -99.000  -99.000  -999
OBS: 167  57799.508   103.00   0.0000e+00   7.1056e+00   4.2769e+00   0  J  0.00  1   !  -9.99000e+02  -99.000  -99.000  -999
OBS: 167  57801.508   105.00   0.0000e+00   6.4428e+00   3.8780e+00   0  J  0.00  1   !  -9.99000e+02  -99.000  -99.000  -999
OBS: 167  57803.508   107.00   0.0000e+00   5.8495e+00   3.5209e+00   0  J  0.00  1   !  -9.99000e+02  -99.000  -99.000  -999
OBS: 167  57805.508   109.00   0.0000e+00   5.3193e+00   3.2017e+00   0  J  0.00  1   !  -9.99000e+02  -99.000  -99.000  -999
OBS: 167  57807.508   111.00   0.0000e+00   4.8468e+00   2.9173e+00   0  J  0.00  1   !  -9.99000e+02  -99.000  -99.000  -999
OBS: 167  57809.508   113.00   0.0000e+00   4.3717e+00   2.6314e+00   0  J  0.00  1   !  -9.99000e+02  -99.000  -99.000  -999
OBS: 167  57811.508   115.00   0.0000e+00   3.9274e+00   2.3639e+00   0  J  0.00  1   !  -9.99000e+02  -99.000  -99.000  -999
OBS: 167  57813.508   117.00   0.0000e+00   3.5282e+00   2.1237e+00   0  J  0.00  1   !  -9.99000e+02  -99.000  -99.000  -999
OBS: 167  57815.508   119.00   0.0000e+00   3.1695e+00   1.9078e+00   0  J  0.00  1   !  -9.99000e+02  -99.000  -99.000  -999
OBS: 167  57817.508   121.00   0.0000e+00   2.8472e+00   1.7138e+00   0  J  0.00  1   !  -9.99000e+02  -99.000  -99.000  -999
OBS: 167  57819.508   123.00   0.0000e+00   2.5576e+00   1.5395e+00   0  J  0.00  1   !  -9.99000e+02  -99.000  -99.000  -999
OBS: 167  57821.508   125.00   0.0000e+00   2.2974e+00   1.3828e+00   0  J  0.00  1   !  -9.99000e+02  -99.000  -99.000  -999
OBS: 167  57823.508   127.00   0.0000e+00   2.0638e+00   1.2422e+00   0  J  0.00  1   !  -9.99000e+02  -99.000  -99.000  -999
OBS: 167  57825.508   129.00   0.0000e+00   1.8538e+00   1.1159e+00   0  J  0.00  1   !  -9.99000e+02  -99.000  -99.000  -999
OBS: 167  57827.508   131.00   0.0000e+00   1.6651e+00   1.0023e+00   0  J  0.00  1   !  -9.99000e+02  -99.000  -99.000  -999
OBS: 167  57829.508   133.00   0.0000e+00   1.4956e+00   9.0023e-01   0  J  0.00  1   !  -9.99000e+02  -99.000  -99.000  -999
OBS: 167  57831.508   135.00   0.0000e+00   1.3434e+00   8.0861e-01   0  J  0.00  1   !  -9.99000e+02  -99.000  -99.000  -999
OBS: 167  57833.508   137.00   0.0000e+00   1.2066e+00   7.2629e-01   0  J  0.00  1   !  -9.99000e+02  -99.000  -99.000  -999
OBS: 167  57835.508   139.00   0.0000e+00   1.0838e+00   6.5233e-01   0  J  0.00  1   !  -9.99000e+02  -99.000  -99.000  -999
OBS: 167  57728.527    32.02   3.1798e+01   3.1487e+01   5.0599e-01   1  H  0.01  1   J  9.68724e+17  0.197  1.627  1.00000e+11
OBS: 167  57637.508   -59.00   0.0000e+00   0.0000e+00   0.0000e+00   0  H  0.00  1   !  -9.99000e+02  -99.000  -99.000  -999
OBS: 167  57639.508   -57.00   0.0000e+00   0.0000e+00   0.0000e+00   0  H  0.00  1   !  -9.99000e+02  -99.000  -99.000  -999
OBS: 167  57641.508   -55.00   0.0000e+00   0.0000e+00   0.0000e+00   0  H  0.00  1   !  -9.99000e+02  -99.000  -99.000  -999
OBS: 167  57643.508   -53.00   0.0000e+00   0.0000e+00   0.0000e+00   0  H  0.00  1   !  -9.99000e+02  -99.000  -99.000  -999
OBS: 167  57645.508   -51.00   0.0000e+00   0.0000e+00   0.0000e+00   0  H  0.00  1   !  -9.99000e+02  -99.000  -99.000  -999
OBS: 167  57647.508   -49.00   0.0000e+00   0.0000e+00   0.0000e+00   0  H  0.00  1   !  -9.99000e+02  -99.000  -99.000  -999
OBS: 167  57649.508   -47.00   0.0000e+00   0.0000e+00   0.0000e+00   0  H  0.00  1   !  -9.99000e+02  -99.000  -99.000  -999
OBS: 167  57651.508   -45.00   0.0000e+00   0.0000e+00   0.0000e+00   0  H  0.00  1   !  -9.99000e+02  -99.000  -99.000  -999
OBS: 167  57653.508   -43.00   0.0000e+00   0.0000e+00   0.0000e+00   0  H  0.00  1   !  -9.99000e+02  -99.000  -99.000  -999
OBS: 167  57655.508   -41.00   0.0000e+00   0.0000e+00   0.0000e+00   0  H  0.00  1   !  -9.99000e+02  -99.000  -99.000  -999
OBS: 167  57657.508   -39.00   0.0000e+00   0.0000e+00   0.0000e+00   0  H  0.00  1   !  -9.99000e+02  -99.000  -99.000  -999
OBS: 167  57659.508   -37.00   0.0000e+00   0.0000e+00   0.0000e+00   0  H  0.00  1   !  -9.99000e+02  -99.000  -99.000  -999
OBS: 167  57661.508   -35.00   0.0000e+00   0.0000e+00   0.0000e+00   0  H  0.00  1   !  -9.99000e+02  -99.000  -99.000  -999
OBS: 167  57663.508   -33.00   0.0000e+00   0.0000e+00   0.0000e+00   0  H  0.00  1   !  -9.99000e+02  -99.000  -99.000  -999
OBS: 167  57665.508   -31.00   0.0000e+00   0.0000e+00   0.0000e+00   0  H  0.00  1   !  -9.99000e+02  -99.000  -99.000  -999
OBS: 167  57667.508   -29.00   0.0000e+00   0.0000e+00   0.0000e+00   0  H  0.00  1   !  -9.99000e+02  -99.000  -99.000  -999
OBS: 167  57669.508   -27.00   0.0000e+00   0.0000e+00   0.0000e+00   0  H  0.00  1   !  -9.99000e+02  -99.000  -99.000  -999
OBS: 167  57671.508   -25.00   0.0000e+00   3.3648e+01   2.0253e+01   0  H  0.00  1   !  -9.99000e+02  -99.000  -99.000  -999
OBS: 167  57673.508   -23.00   0.0000e+00   3.1737e+01   1.9103e+01   0  H  0.00  1   !  -9.99000e+02  -99.000  -99.000  -999
OBS: 167  57675.508   -21.00   0.0000e+00   3.1661e+01   1.9057e+01   0  H  0.00  1   !  -9.99000e+02  -99.000  -99.000  -999
OBS: 167  57677.508   -19.00   0.0000e+00   3.5524e+01   1.3740e+01   0  H  0.00  1   !  -9.99000e+02  -99.000  -99.000  -999
OBS: 167  57679.508   -17.00   0.0000e+00   4.8340e+01   1.9714e+00   0  H  0.00  1   !  -9.99000e+02  -99.000  -99.000  -999
OBS: 167  57681.508   -15.00   0.0000e+00   5.9888e+01   1.5673e+00   0  H  0.00  1   !  -9.99000e+02  -99.000  -99.000  -999
OBS: 167  57683.508   -13.00   0.0000e+00   6.9417e+01   1.9874e+00   0  H  0.00  1   !  -9.99000e+02  -99.000  -99.000  -999
OBS: 167  57685.508   -11.00   0.0000e+00   7.4889e+01   2.0085e+00   0  H  0.00  1   !  -9.99000e+02  -99.000  -99.000  -999
OBS: 167  57687.508    -9.00   0.0000e+00   7.7681e+01   1.8847e+00   0  H  0.00  1   !  -9.99000e+02  -99.000  -99.000  -999
OBS: 167  57689.508    -7.00   0.0000e+00   7.8948e+01   1.7596e+00   0  H  0.00  1   !  -9.99000e+02  -99.000  -99.000  -999
OBS: 167  57691.508    -5.00   0.0000e+00   7.8183e+01   1.8218e+00   0  H  0.00  1   !  -9.99000e+02  -99.000  -99.000  -999
OBS: 167  57693.508    -3.00   0.0000e+00   7.5016e+01   1.9901e+00   0  H  0.00  1   !  -9.99000e+02  -99.000  -99.000  -999
OBS: 167  57695.508    -1.00   0.0000e+00   7.0207e+01   2.0437e+00   0  H  0.00  1   !  -9.99000e+02  -99.000  -99.000  -999
OBS: 167  57697.508     1.00   0.0000e+00   6.2688e+01   2.0286e+00   0  H  0.00  1   !  -9.99000e+02  -99.000  -99.000  -999
OBS: 167  57699.508     3.00   0.0000e+00   5.4301e+01   2.0169e+00   0  H  0.00  1   !  -9.99000e+02  -99.000  -99.000  -999
OBS: 167  57701.508     5.00   0.0000e+00   4.6830e+01   1.9506e+00   0  H  0.00  1   !  -9.99000e+02  -99.000  -99.000  -999
OBS: 167  57703.508     7.00   0.0000e+00   4.0673e+01   1.8898e+00   0  H  0.00  1   !  -9.99000e+02  -99.000  -99.000  -999
OBS: 167  57705.508     9.00   0.0000e+00   3.4818e+01   1.8978e+00   0  H  0.00  1   !  -9.99000e+02  -99.000  -99.000  -999
OBS: 167  57707.508    11.00   0.0000e+00   2.9713e+01   2.0579e+00   0  H  0.00  1   !  -9.99000e+02  -99.000  -99.000  -999
OBS: 167  57709.508    13.00   0.0000e+00   2.5894e+01   2.3013e+00   0  H  0.00  1   !  -9.99000e+02  -99.000  -99.000  -999
OBS: 167  57711.508    15.00   0.0000e+00   2.3530e+01   2.4070e+00   0  H  0.00  1   !  -9.99000e+02  -99.000  -99.000  -999
OBS: 167  57713.508    17.00   0.0000e+00   2.2876e+01   2.3646e+00   0  H  0.00  1   !  -9.99000e+02  -99.000  -99.000  -999
OBS: 167  57715.508    19.00   0.0000e+00   2.3350e+01   2.3027e+00   0  H  0.00  1   !  -9.99000e+02  -99.000  -99.000  -999
OBS: 167  57717.508    21.00   0.0000e+00   2.4083e+01   2.0500e+00   0  H  0.00  1   !  -9.99000e+02  -99.000  -99.000  -999
OBS: 167  57719.508    23.00   0.0000e+00   2.5155e+01   1.7979e+00   0  H  0.00  1   !  -9.99000e+02  -99.000  -99.000  -999
OBS: 167  57721.508    25.00   0.0000e+00   2.6253e+01   1.8629e+00   0  H  0.00  1   !  -9.99000e+02  -99.000  -99.000  -999
OBS: 167  57723.508    27.00   0.0000e+00   2.7658e+01   2.2653e+00   0  H  0.00  1   !  -9.99000e+02  -99.000  -99.000  -999
OBS: 167  57725.508    29.00   0.0000e+00   2.9369e+01   2.6236e+00   0  H  0.00  1   !  -9.99000e+02  -99.000  -99.000  -999
OBS: 167  57727.508    31.00   0.0000e+00   3.0994e+01   2.7918e+00   0  H  0.00  1   !  -9.99000e+02  -99.000  -99.000  -999
OBS: 167  57729.508    33.00   0.0000e+00   3.2520e+01   2.8979e+00   0  H  0.00  1   !  -9.99000e+02  -99.000  -99.000  -999
OBS: 167  57731.508    35.00   0.0000e+00   3.4208e+01   2.9889e+00   0  H  0.00  1   !  -9.99000e+02  -99.000  -99.000  -999
OBS: 167  57733.508    37.00   0.0000e+00   3.5841e+01   3.0787e+00   0  H  0.00  1   !  -9.99000e+02  -99.000  -99.000  -999
OBS: 167  57735.508    39.00   0.0000e+00   3.7858e+01   3.3444e+00   0  H  0.00  1   !  -9.99000e+02  -99.000  -99.000  -999
OBS: 167  57737.508    41.00   0.0000e+00   4.0443e+01   3.9404e+00   0  H  0.00  1   !  -9.99000e+02  -99.000  -99.000  -999
OBS: 167  57739.508    43.00   0.0000e+00   4.3647e+01   4.6632e+00   0  H  0.00  1   !  -9.99000e+02  -99.000  -99.000  -999
OBS: 167  57741.508    45.00   0.0000e+00   4.5940e+01   5.1295e+00   0  H  0.00  1   !  -9.99000e+02  -99.000  -99.000  -999
OBS: 167  57743.508    47.00   0.0000e+00   4.6364e+01   5.4020e+00   0  H  0.00  1   !  -9.99000e+02  -99.000  -99.000  -999
OBS: 167  57745.508    49.00   0.0000e+00   4.4452e+01   5.4957e+00   0  H  0.00  1   !  -9.99000e+02  -99.000  -99.000  -999
OBS: 167  57747.508    51.00   0.0000e+00   4.1023e+01   5.3204e+00   0  H  0.00  1   !  -9.99000e+02  -99.000  -99.000  -999
OBS: 167  57749.508    53.00   0.0000e+00   3.6671e+01   4.7507e+00   0  H  0.00  1   !  -9.99000e+02  -99.000  -99.000  -999
OBS: 167  57751.508    55.00   0.0000e+00   3.1901e+01   3.9852e+00   0  H  0.00  1   !  -9.99000e+02  -99.000  -99.000  -999
OBS: 167  57753.508    57.00   0.0000e+00   2.7422e+01   3.1927e+00   0  H  0.00  1   !  -9.99000e+02  -99.000  -99.000  -999
OBS: 167  57755.508    59.00   0.0000e+00   2.4072e+01   2.6474e+00   0  H  0.00  1   !  -9.99000e+02  -99.000  -99.000  -999
OBS: 167  57757.508    61.00   0.0000e+00   2.2356e+01   3.1139e+00   0  H  0.00  1   !  -9.99000e+02  -99.000  -99.000  -999
OBS: 167  57759.508    63.00   0.0000e+00   2.1370e+01   4.6343e+00   0  H  0.00  1   !  -9.99000e+02  -99.000  -99.000  -999
OBS: 167  57761.508    65.00   0.0000e+00   2.0633e+01   6.5156e+00   0  H  0.00  1   !  -9.99000e+02  -99.000  -99.000  -999
OBS: 167  57763.508    67.00   0.0000e+00   1.9798e+01   1.1917e+01   0  H  0.00  1   !  -9.99000e+02  -99.000  -99.000  -999
OBS: 167  57765.508    69.00   0.0000e+00   1.8843e+01   1.1342e+01   0  H  0.00  1   !  -9.99000e+02  -99.000  -99.000  -999
OBS: 167  57767.508    71.00   0.0000e+00   1.7452e+01   1.0505e+01   0  H  0.00  1   !  -9.99000e+02  -99.000  -99.000  -999
OBS: 167  57769.508    73.00   0.0000e+00   1.6053e+01   9.6628e+00   0  H  0.00  1   !  -9.99000e+02  -99.000  -99.000  -999
OBS: 167  57771.508    75.00   0.0000e+00   1.4824e+01   8.9228e+00   0  H  0.00  1   !  -9.99000e+02  -99.000  -99.000  -999
OBS: 167  57773.508    77.00   0.0000e+00   1.3721e+01   8.2591e+00   0  H  0.00  1   !  -9.99000e+02  -99.000  -99.000  -999
OBS: 167  57775.508    79.00   0.0000e+00   1.2603e+01   7.5858e+00   0  H  0.00  1   !  -9.99000e+02  -99.000  -99.000  -999
OBS: 167  57777.508    81.00   0.0000e+00   1.0882e+01   6.5499e+00   0  H  0.00  1   !  -9.99000e+02  -99.000  -99.000  -999
OBS: 167  57779.508    83.00   0.0000e+00   9.5460e+00   5.7458e+00   0  H  0.00  1   !  -9.99000e+02  -99.000  -99.000  -999
OBS: 167  57781.508    85.00   0.0000e+00   8.5304e+00   5.1345e+00   0  H  0.00  1   !  -9.99000e+02  -99.000  -99.000  -999
OBS: 167  57783.508    87.00   0.0000e+00   7.8003e+00   4.6951e+00   0  H  0.00  1   !  -9.99000e+02  -99.000  -99.000  -999
OBS: 167  57785.508    89.00   0.0000e+00   7.2006e+00   4.3341e+00   0  H  0.00  1   !  -9.99000e+02  -99.000  -99.000  -999
OBS: 167  57787.508    91.00   0.0000e+00   6.6930e+00   4.0286e+00   0  H  0.00  1   !  -9.99000e+02  -99.000  -99.000  -999
OBS: 167  57789.508    93.00   0.0000e+00   6.2042e+00   3.7344e+00   0  H  0.00  1   !  -9.99000e+02  -99.000  -99.000  -999
OBS: 167  57791.508    95.00   0.0000e+00   5.6735e+00   3.4150e+00   0  H  0.00  1   !  -9.99000e+02  -99.000  -99.000  -999
OBS: 167  57793.508    97.00   0.0000e+00   5.1084e+00   3.0748e+00   0  H  0.00  1   !  -9.99000e+02  -99.000  -99.000  -999
OBS: 167  57795.508    99.00   0.0000e+00   4.8912e+00   2.9441e+00   0  H  0.00  1   !  -9.99000e+02  -99.000  -99.000  -999
OBS: 167  57797.508   101.00   0.0000e+00   4.6960e+00   2.8265e+00   0  H  0.00  1   !  -9.99000e+02  -99.000  -99.000  -999
OBS: 167  57799.508   103.00   0.0000e+00   4.5102e+00   2.7147e+00   0  H  0.00  1   !  -9.99000e+02  -99.000  -99.000  -999
OBS: 167  57801.508   105.00   0.0000e+00   4.3333e+00   2.6083e+00   0  H  0.00  1   !  -9.99000e+02  -99.000  -99.000  -999
OBS: 167  57803.508   107.00   0.0000e+00   4.1617e+00   2.5050e+00   0  H  0.00  1   !  -9.99000e+02  -99.000  -99.000  -999
OBS: 167  57805.508   109.00   0.0000e+00   3.9918e+00   2.4027e+00   0  H  0.00  1   !  -9.99000e+02  -99.000  -99.000  -999
OBS: 167  57807.508   111.00   0.0000e+00   3.8209e+00   2.2998e+00   0  H  0.00  1   !  -9.99000e+02  -99.000  -99.000  -999
OBS: 167  57809.508   113.00   0.0000e+00   3.6915e+00   2.2219e+00   0  H  0.00  1   !  -9.99000e+02  -99.000  -99.000  -999
OBS: 167  57811.508   115.00   0.0000e+00   3.5792e+00   2.1544e+00   0  H  0.00  1   !  -9.99000e+02  -99.000  -99.000  -999
OBS: 167  57813.508   117.00   0.0000e+00   3.4703e+00   2.0888e+00   0  H  0.00  1   !  -9.99000e+02  -99.000  -99.000  -999
OBS: 167  57815.508   119.00   0.0000e+00   3.3648e+00   2.0253e+00   0  H  0.00  1   !  -9.99000e+02  -99.000  -99.000  -999
OBS: 167  57817.508   121.00   0.0000e+00   3.2624e+00   1.9637e+00   0  H  0.00  1   !  -9.99000e+02  -99.000  -99.000  -999
OBS: 167  57819.508   123.00   0.0000e+00   3.1632e+00   1.9040e+00   0  H  0.00  1   !  -9.99000e+02  -99.000  -99.000  -999
OBS: 167  57821.508   125.00   0.0000e+00   3.0670e+00   1.8461e+00   0  H  0.00  1   !  -9.99000e+02  -99.000  -99.000  -999
OBS: 167  57823.508   127.00   0.0000e+00   2.9737e+00   1.7899e+00   0  H  0.00  1   !  -9.99000e+02  -99.000  -99.000  -999
OBS: 167  57825.508   129.00   0.0000e+00   2.8833e+00   1.7355e+00   0  H  0.00  1   !  -9.99000e+02  -99.000  -99.000  -999
OBS: 167  57827.508   131.00   0.0000e+00   2.7956e+00   1.6827e+00   0  H  0.00  1   !  -9.99000e+02  -99.000  -99.000  -999
OBS: 167  57829.508   133.00   0.0000e+00   2.7106e+00   1.6315e+00   0  H  0.00  1   !  -9.99000e+02  -99.000  -99.000  -999
OBS: 167  57831.508   135.00   0.0000e+00   2.6281e+00   1.5819e+00   0  H  0.00  1   !  -9.99000e+02  -99.000  -99.000  -999
OBS: 167  57833.508   137.00   0.0000e+00   2.5482e+00   1.5338e+00   0  H  0.00  1   !  -9.99000e+02  -99.000  -99.000  -999
OBS: 167  57835.508   139.00   0.0000e+00   2.4707e+00   1.4871e+00   0  H  0.00  1   !  -9.99000e+02  -99.000  -99.000  -999
