VARNAMES: CID MJD Tobs SIM_FLUXCAL FLUXCAL FLUXCAL_ERR DATAFLAG BAND CHI2 IFIT BAND_REST FLUX_REST KCOR AVWARP SIM_FLUX_REST 
OBS: 882  57321.625    16.72   1.8066e+01   1.8396e+01   2.4132e-01   1  H  0.01  1   Y  1.19843e+18  0.515  0.274  1.00000e+11
OBS: 882  57327.867    22.96   2.0070e+01   2.0253e+01   2.4790e-01   1  H  0.01  1   Y  1.38732e+18  0.569  0.078  1.00000e+11
OBS: 882  57337.664    32.76   2.7923e+01   2.8212e+01   2.7434e-01   1  H  0.00  1   Y  1.89390e+18  0.548  0.527  1.00000e+11
OBS: 882  57245.906   -59.00   0.0000e+00   0.0000e+00   0.0000e+00   0  H  0.00  1   !  -9.99000e+02  -99.000  -99.000  -999
OBS: 882  57247.906   -57.00   0.0000e+00   0.0000e+00   0.0000e+00   0  H  0.00  1   !  -9.99000e+02  -99.000  -99.000  -999
OBS: 882  57249.906   -55.00   0.0000e+00   0.0000e+00   0.0000e+00   0  H  0.00  1   !  -9.99000e+02  -99.000  -99.000  -999
OBS: 882  57251.906   -53.00   0.0000e+00   0.0000e+00   0.0000e+00   0  H  0.00  1   !  -9.99000e+02  -99.000  -99.000  -999
OBS: 882  57253.906   -51.00   0.0000e+00   0.0000e+00   0.0000e+00   0  H  0.00  1   !  -9.99000e+02  -99.000  -99.000  -999
OBS: 882  57255.906   -49.00   0.0000e+00   0.0000e+00   0.0000e+00   0  H  0.00  1   !  -9.99000e+02  -99.000  -99.000  -999
OBS: 882  57257.906   -47.00   0.0000e+00   0.0000e+00   0.0000e+00   0  H  0.00  1   !  -9.99000e+02  -99.000  -99.000  -999
OBS: 882  57259.906   -45.00   0.0000e+00   0.0000e+00   0.0000e+00   0  H  0.00  1   !  -9.99000e+02  -99.000  -99.000  -999
OBS: 882  57261.906   -43.00   0.0000e+00   0.0000e+00   0.0000e+00   0  H  0.00  1   !  -9.99000e+02  -99.000  -99.000  -999
OBS: 882  57263.906   -41.00   0.0000e+00   0.0000e+00   0.0000e+00   0  H  0.00  1   !  -9.99000e+02  -99.000  -99.000  -999
OBS: 882  57265.906   -39.00   0.0000e+00   0.0000e+00   0.0000e+00   0  H  0.00  1   !  -9.99000e+02  -99.000  -99.000  -999
OBS: 882  57267.906   -37.00   0.0000e+00   0.0000e+00   0.0000e+00   0  H  0.00  1   !  -9.99000e+02  -99.000  -99.000  -999
OBS: 882  57269.906   -35.00   0.0000e+00   0.0000e+00   0.0000e+00   0  H  0.00  1   !  -9.99000e+02  -99.000  -99.000  -999
OBS: 882  57271.906   -33.00   0.0000e+00   0.0000e+00   0.0000e+00   0  H  0.00  1   !  -9.99000e+02  -99.000  -99.000  -999
OBS: 882  57273.906   -31.00   0.0000e+00   0.0000e+00   0.0000e+00   0  H  0.00  1   !  -9.99000e+02  -99.000  -99.000  -999
OBS: 882  57275.906   -29.00   0.0000e+00   0.0000e+00   0.0000e+00   0  H  0.00  1   !  -9.99000e+02  -99.000  -99.000  -999
OBS: 882  57277.906   -27.00   0.0000e+00   8.5720e+00   5.1596e+00   0  H  0.00  1   !  -9.99000e+02  -99.000  -99.000  -999
OBS: 882  57279.906   -25.00   0.0000e+00   9.0812e+00   5.4661e+00   0  H  0.00  1   !  -9.99000e+02  -99.000  -99.000  -999
OBS: 882  57281.906   -23.00   0.0000e+00   9.0944e+00   5.4740e+00   0  H  0.00  1   !  -9.99000e+02  -99.000  -99.000  -999
OBS: 882  57283.906   -21.00   0.0000e+00   9.2412e+00   5.4660e+00   0  H  0.00  1   !  -9.99000e+02  -99.000  -99.000  -999
OBS: 882  57285.906   -19.00   0.0000e+00   1.6441e+01   2.3377e+00   0  H  0.00  1   !  -9.99000e+02  -99.000  -99.000  -999
OBS: 882  57287.906   -17.00   0.0000e+00   2.4374e+01   1.4976e+00   0  H  0.00  1   !  -9.99000e+02  -99.000  -99.000  -999
OBS: 882  57289.906   -15.00   0.0000e+00   3.1864e+01   1.3264e+00   0  H  0.00  1   !  -9.99000e+02  -99.000  -99.000  -999
OBS: 882  57291.906   -13.00   0.0000e+00   3.8310e+01   1.3386e+00   0  H  0.00  1   !  -9.99000e+02  -99.000  -99.000  -999
OBS: 882  57293.906   -11.00   0.0000e+00   4.3223e+01   1.2052e+00   0  H  0.00  1   !  -9.99000e+02  -99.000  -99.000  -999
OBS: 882  57295.906    -9.00   0.0000e+00   4.6213e+01   1.0041e+00   0  H  0.00  1   !  -9.99000e+02  -99.000  -99.000  -999
OBS: 882  57297.906    -7.00   0.0000e+00   4.7636e+01   9.3322e-01   0  H  0.00  1   !  -9.99000e+02  -99.000  -99.000  -999
OBS: 882  57299.906    -5.00   0.0000e+00   4.6756e+01   1.0029e+00   0  H  0.00  1   !  -9.99000e+02  -99.000  -99.000  -999
OBS: 882  57301.906    -3.00   0.0000e+00   4.4453e+01   1.1106e+00   0  H  0.00  1   !  -9.99000e+02  -99.000  -99.000  -999
OBS: 882  57303.906    -1.00   0.0000e+00   4.1295e+01   1.0907e+00   0  H  0.00  1   !  -9.99000e+02  -99.000  -99.000  -999
OBS: 882  57305.906     1.00   0.0000e+00   3.7334e+01   1.0310e+00   0  H  0.00  1   !  -9.99000e+02  -99.000  -99.000  -999
OBS: 882  57307.906     3.00   0.0000e+00   3.3214e+01   9.9721e-01   0  H  0.00  1   !  -9.99000e+02  -99.000  -99.000  -999
OBS: 882  57309.906     5.00   0.0000e+00   2.9517e+01   1.0302e+00   0  H  0.00  1   !  -9.99000e+02  -99.000  -99.000  -999
OBS: 882  57311.906     7.00   0.0000e+00   2.6656e+01   1.0398e+00   0  H  0.00  1   !  -9.99000e+02  -99.000  -99.000  -999
OBS: 882  57313.906     9.00   0.0000e+00   2.3922e+01   1.0406e+00   0  H  0.00  1   !  -9.99000e+02  -99.000  -99.000  -999
OBS: 882  57315.906    11.00   0.0000e+00   2.1522e+01   9.8439e-01   0  H  0.00  1   !  -9.99000e+02  -99.000  -99.000  -999
OBS: 882  57317.906    13.00   0.0000e+00   1.9709e+01   8.9974e-01   0  H  0.00  1   !  -9.99000e+02  -99.000  -99.000  -999
OBS: 882  57319.906    15.00   0.0000e+00   1.8611e+01   8.2673e-01   0  H  0.00  1   !  -9.99000e+02  -99.000  -99.000  -999
OBS: 882  57321.906    17.00   0.0000e+00   1.8299e+01   8.2554e-01   0  H  0.00  1   !  -9.99000e+02  -99.000  -99.000  -999
OBS: 882  57323.906    19.00   0.0000e+00   1.8693e+01   8.4024e-01   0  H  0.00  1   !  -9.99000e+02  -99.000  -99.000  -999
OBS: 882  57325.906    21.00   0.0000e+00   1.9399e+01   8.2433e-01   0  H  0.00  1   !  -9.99000e+02  -99.000  -99.000  -999
OBS: 882  57327.906    23.00   0.0000e+00   2.0334e+01   8.4528e-01   0  H  0.00  1   !  -9.99000e+02  -99.000  -99.000  -999
OBS: 882  57329.906    25.00   0.0000e+00   2.1433e+01   8.9094e-01   0  H  0.00  1   !  -9.99000e+02  -99.000  -99.000  -999
OBS: 882  57331.906    27.00   0.0000e+00   2.2598e+01   9.6816e-01   0  H  0.00  1   !  -9.99000e+02  -99.000  -99.000  -999
OBS: 882  57333.906    29.00   0.0000e+00   2.4134e+01   1.0804e+00   0  H  0.00  1   !  -9.99000e+02  -99.000  -99.000  -999
OBS: 882  57335.906    31.00   0.0000e+00   2.6158e+01   1.1735e+00   0  H  0.00  1   !  -9.99000e+02  -99.000  -99.000  -999
OBS: 882  57337.906    33.00   0.0000e+00   2.8546e+01   1.1852e+00   0  H  0.00  1   !  -9.99000e+02  -99.000  -99.000  -999
OBS: 882  57339.906    35.00   0.0000e+00   3.1078e+01   1.0892e+00   0  H  0.00  1   !  -9.99000e+02  -99.000  -99.000  -999
OBS: 882  57341.906    37.00   0.0000e+00   3.3769e+01   9.9720e-01   0  H  0.00  1   !  -9.99000e+02  -99.000  -99.000  -999
OBS: 882  57343.906    39.00   0.0000e+00   3.6285e+01   9.8700e-01   0  H  0.00  1   !  -9.99000e+02  -99.000  -99.000  -999
OBS: 882  57345.906    41.00   0.0000e+00   3.8342e+01   9.9646e-01   0  H  0.00  1   !  -9.99000e+02  -99.000  -99.000  -999
OBS: 882  57347.906    43.00   0.0000e+00   3.9732e+01   1.0064e+00   0  H  0.00  1   !  -9.99000e+02  -99.000  -99.000  -999
OBS: 882  57349.906    45.00   0.0000e+00   4.0839e+01   1.0345e+00   0  H  0.00  1   !  -9.99000e+02  -99.000  -99.000  -999
OBS: 882  57351.906    47.00   0.0000e+00   4.1330e+01   1.0469e+00   0  H  0.00  1   !  -9.99000e+02  -99.000  -99.000  -999
OBS: 882  57353.906    49.00   0.0000e+00   4.1056e+01   1.0716e+00   0  H  0.00  1   !  -9.99000e+02  -99.000  -99.000  -999
OBS: 882  57355.906    51.00   0.0000e+00   3.9593e+01   1.0809e+00   0  H  0.00  1   !  -9.99000e+02  -99.000  -99.000  -999
OBS: 882  57357.906    53.00   0.0000e+00   3.7247e+01   1.0618e+00   0  H  0.00  1   !  -9.99000e+02  -99.000  -99.000  -999
OBS: 882  57359.906    55.00   0.0000e+00   3.4259e+01   1.0585e+00   0  H  0.00  1   !  -9.99000e+02  -99.000  -99.000  -999
OBS: 882  57361.906    57.00   0.0000e+00   3.1135e+01   1.0925e+00   0  H  0.00  1   !  -9.99000e+02  -99.000  -99.000  -999
OBS: 882  57363.906    59.00   0.0000e+00   2.8327e+01   1.1033e+00   0  H  0.00  1   !  -9.99000e+02  -99.000  -99.000  -999
OBS: 882  57365.906    61.00   0.0000e+00   2.6283e+01   9.7029e-01   0  H  0.00  1   !  -9.99000e+02  -99.000  -99.000  -999
OBS: 882  57367.906    63.00   0.0000e+00   2.4779e+01   8.2509e-01   0  H  0.00  1   !  -9.99000e+02  -99.000  -99.000  -999
OBS: 882  57369.906    65.00   0.0000e+00   2.3382e+01   8.1008e-01   0  H  0.00  1   !  -9.99000e+02  -99.000  -99.000  -999
OBS: 882  57371.906    67.00   0.0000e+00   2.1876e+01   8.6627e-01   0  H  0.00  1   !  -9.99000e+02  -99.000  -99.000  -999
OBS: 882  57373.906    69.00   0.0000e+00   2.0261e+01   9.5121e-01   0  H  0.00  1   !  -9.99000e+02  -99.000  -99.000  -999
OBS: 882  57375.906    71.00   0.0000e+00   1.8638e+01   8.0747e+00   0  H  0.00  1   !  -9.99000e+02  -99.000  -99.000  -999
OBS: 882  57377.906    73.00   0.0000e+00   1.7105e+01   1.0296e+01   0  H  0.00  1   !  -9.99000e+02  -99.000  -99.000  -999
OBS: 882  57379.906    75.00   0.0000e+00   1.5658e+01   9.4248e+00   0  H  0.00  1   !  -9.99000e+02  -99.000  -99.000  -999
OBS: 882  57381.906    77.00   0.0000e+00   1.4238e+01   8.5699e+00   0  H  0.00  1   !  -9.99000e+02  -99.000  -99.000  -999
OBS: 882  57383.906    79.00   0.0000e+00   1.2967e+01   7.8051e+00   0  H  0.00  1   !  -9.99000e+02  -99.000  -99.000  -999
OBS: 882  57385.906    81.00   0.0000e+00   1.1861e+01   7.1393e+00   0  H  0.00  1   !  -9.99000e+02  -99.000  -99.000  -999
OBS: 882  57387.906    83.00   0.0000e+00   1.0950e+01   6.5907e+00   0  H  0.00  1   !  -9.99000e+02  -99.000  -99.000  -999
OBS: 882  57389.906    85.00   0.0000e+00   9.8430e+00   5.9246e+00   0  H  0.00  1   !  -9.99000e+02  -99.000  -99.000  -999
OBS: 882  57391.906    87.00   0.0000e+00   8.4428e+00   5.0818e+00   0  H  0.00  1   !  -9.99000e+02  -99.000  -99.000  -999
OBS: 882  57393.906    89.00   0.0000e+00   7.3569e+00   4.4282e+00   0  H  0.00  1   !  -9.99000e+02  -99.000  -99.000  -999
OBS: 882  57395.906    91.00   0.0000e+00   6.4851e+00   3.9034e+00   0  H  0.00  1   !  -9.99000e+02  -99.000  -99.000  -999
OBS: 882  57397.906    93.00   0.0000e+00   5.7719e+00   3.4742e+00   0  H  0.00  1   !  -9.99000e+02  -99.000  -99.000  -999
OBS: 882  57399.906    95.00   0.0000e+00   5.1759e+00   3.1155e+00   0  H  0.00  1   !  -9.99000e+02  -99.000  -99.000  -999
OBS: 882  57401.906    97.00   0.0000e+00   4.6607e+00   2.8053e+00   0  H  0.00  1   !  -9.99000e+02  -99.000  -99.000  -999
OBS: 882  57403.906    99.00   0.0000e+00   4.1982e+00   2.5269e+00   0  H  0.00  1   !  -9.99000e+02  -99.000  -99.000  -999
OBS: 882  57405.906   101.00   0.0000e+00   3.7670e+00   2.2674e+00   0  H  0.00  1   !  -9.99000e+02  -99.000  -99.000  -999
OBS: 882  57407.906   103.00   0.0000e+00   3.3576e+00   2.0210e+00   0  H  0.00  1   !  -9.99000e+02  -99.000  -99.000  -999
OBS: 882  57409.906   105.00   0.0000e+00   3.0282e+00   1.8227e+00   0  H  0.00  1   !  -9.99000e+02  -99.000  -99.000  -999
OBS: 882  57411.906   107.00   0.0000e+00   2.7605e+00   1.6616e+00   0  H  0.00  1   !  -9.99000e+02  -99.000  -99.000  -999
OBS: 882  57413.906   109.00   0.0000e+00   2.5159e+00   1.5143e+00   0  H  0.00  1   !  -9.99000e+02  -99.000  -99.000  -999
OBS: 882  57415.906   111.00   0.0000e+00   2.2920e+00   1.3796e+00   0  H  0.00  1   !  -9.99000e+02  -99.000  -99.000  -999
OBS: 882  57417.906   113.00   0.0000e+00   2.0873e+00   1.2564e+00   0  H  0.00  1   !  -9.99000e+02  -99.000  -99.000  -999
OBS: 882  57419.906   115.00   0.0000e+00   1.8997e+00   1.1434e+00   0  H  0.00  1   !  -9.99000e+02  -99.000  -99.000  -999
OBS: 882  57421.906   117.00   0.0000e+00   1.7270e+00   1.0395e+00   0  H  0.00  1   !  -9.99000e+02  -99.000  -99.000  -999
OBS: 882  57423.906   119.00   0.0000e+00   1.5680e+00   9.4379e-01   0  H  0.00  1   !  -9.99000e+02  -99.000  -99.000  -999
OBS: 882  57425.906   121.00   0.0000e+00   1.4313e+00   8.6152e-01   0  H  0.00  1   !  -9.99000e+02  -99.000  -99.000  -999
OBS: 882  57427.906   123.00   0.0000e+00   1.3078e+00   7.8718e-01   0  H  0.00  1   !  -9.99000e+02  -99.000  -99.000  -999
OBS: 882  57429.906   125.00   0.0000e+00   1.1949e+00   7.1924e-01   0  H  0.00  1   !  -9.99000e+02  -99.000  -99.000  -999
OBS: 882  57431.906   127.00   0.0000e+00   1.0918e+00   6.5716e-01   0  H  0.00  1   !  -9.99000e+02  -99.000  -99.000  -999
OBS: 882  57433.906   129.00   0.0000e+00   9.9752e-01   6.0042e-01   0  H  0.00  1   !  -9.99000e+02  -99.000  -99.000  -999
OBS: 882  57435.906   131.00   0.0000e+00   9.1139e-01   5.4857e-01   0  H  0.00  1   !  -9.99000e+02  -99.000  -99.000  -999
OBS: 882  57437.906   133.00   0.0000e+00   8.3268e-01   5.0120e-01   0  H  0.00  1   !  -9.99000e+02  -99.000  -99.000  -999
OBS: 882  57439.906   135.00   0.0000e+00   7.6075e-01   4.5790e-01   0  H  0.00  1   !  -9.99000e+02  -99.000  -99.000  -999
OBS: 882  57441.906   137.00   0.0000e+00   6.9502e-01   4.1834e-01   0  H  0.00  1   !  -9.99000e+02  -99.000  -99.000  -999
OBS: 882  57443.906   139.00   0.0000e+00   6.3496e-01   3.8219e-01   0  H  0.00  1   !  -9.99000e+02  -99.000  -99.000  -999
