VARNAMES: CID MJD Tobs SIM_FLUXCAL FLUXCAL FLUXCAL_ERR DATAFLAG BAND CHI2 IFIT BAND_REST FLUX_REST KCOR AVWARP SIM_FLUX_REST 
OBS: 908  57715.703    14.11   5.8888e+01   6.0127e+01   4.9650e-01   1  J  0.06  1   Y  1.21074e+18  -0.228  -1.805  1.00000e+11
OBS: 908  57723.895    22.30   6.9371e+01   6.9944e+01   5.2703e-01   1  J  0.00  1   Y  1.41875e+18  -0.220  -1.147  1.00000e+11
OBS: 908  57730.340    28.75   7.8073e+01   7.7203e+01   5.4851e-01   1  J  0.13  1   Y  1.76829e+18  -0.088  -1.011  1.00000e+11
OBS: 908  57642.590   -59.00   0.0000e+00   0.0000e+00   0.0000e+00   0  J  0.00  1   !  -9.99000e+02  -99.000  -99.000  -999
OBS: 908  57644.590   -57.00   0.0000e+00   0.0000e+00   0.0000e+00   0  J  0.00  1   !  -9.99000e+02  -99.000  -99.000  -999
OBS: 908  57646.590   -55.00   0.0000e+00   0.0000e+00   0.0000e+00   0  J  0.00  1   !  -9.99000e+02  -99.000  -99.000  -999
OBS: 908  57648.590   -53.00   0.0000e+00   0.0000e+00   0.0000e+00   0  J  0.00  1   !  -9.99000e+02  -99.000  -99.000  -999
OBS: 908  57650.590   -51.00   0.0000e+00   0.0000e+00   0.0000e+00   0  J  0.00  1   !  -9.99000e+02  -99.000  -99.000  -999
OBS: 908  57652.590   -49.00   0.0000e+00   0.0000e+00   0.0000e+00   0  J  0.00  1   !  -9.99000e+02  -99.000  -99.000  -999
OBS: 908  57654.590   -47.00   0.0000e+00   0.0000e+00   0.0000e+00   0  J  0.00  1   !  -9.99000e+02  -99.000  -99.000  -999
OBS: 908  57656.590   -45.00   0.0000e+00   0.0000e+00   0.0000e+00   0  J  0.00  1   !  -9.99000e+02  -99.000  -99.000  -999
OBS: 908  57658.590   -43.00   0.0000e+00   0.0000e+00   0.0000e+00   0  J  0.00  1   !  -9.99000e+02  -99.000  -99.000  -999
OBS: 908  57660.590   -41.00   0.0000e+00   0.0000e+00   0.0000e+00   0  J  0.00  1   !  -9.99000e+02  -99.000  -99.000  -999
OBS: 908  57662.590   -39.00   0.0000e+00   0.0000e+00   0.0000e+00   0  J  0.00  1   !  -9.99000e+02  -99.000  -99.000  -999
OBS: 908  57664.590   -37.00   0.0000e+00   0.0000e+00   0.0000e+00   0  J  0.00  1   !  -9.99000e+02  -99.000  -99.000  -999
OBS: 908  57666.590   -35.00   0.0000e+00   0.0000e+00   0.0000e+00   0  J  0.00  1   !  -9.99000e+02  -99.000  -99.000  -999
OBS: 908  57668.590   -33.00   0.0000e+00   0.0000e+00   0.0000e+00   0  J  0.00  1   !  -9.99000e+02  -99.000  -99.000  -999
OBS: 908  57670.590   -31.00   0.0000e+00   0.0000e+00   0.0000e+00   0  J  0.00  1   !  -9.99000e+02  -99.000  -99.000  -999
OBS: 908  57672.590   -29.00   0.0000e+00   0.0000e+00   0.0000e+00   0  J  0.00  1   !  -9.99000e+02  -99.000  -99.000  -999
OBS: 908  57674.590   -27.00   0.0000e+00   0.0000e+00   0.0000e+00   0  J  0.00  1   !  -9.99000e+02  -99.000  -99.000  -999
OBS: 908  57676.590   -25.00   0.0000e+00   1.5184e+01   9.1394e+00   0  J  0.00  1   !  -9.99000e+02  -99.000  -99.000  -999
OBS: 908  57678.590   -23.00   0.0000e+00   1.5197e+01   9.1474e+00   0  J  0.00  1   !  -9.99000e+02  -99.000  -99.000  -999
OBS: 908  57680.590   -21.00   0.0000e+00   1.5190e+01   9.1432e+00   0  J  0.00  1   !  -9.99000e+02  -99.000  -99.000  -999
OBS: 908  57682.590   -19.00   0.0000e+00   1.7741e+01   8.9192e+00   0  J  0.00  1   !  -9.99000e+02  -99.000  -99.000  -999
OBS: 908  57684.590   -17.00   0.0000e+00   3.3075e+01   4.3100e+00   0  J  0.00  1   !  -9.99000e+02  -99.000  -99.000  -999
OBS: 908  57686.590   -15.00   0.0000e+00   4.8756e+01   3.3452e+00   0  J  0.00  1   !  -9.99000e+02  -99.000  -99.000  -999
OBS: 908  57688.590   -13.00   0.0000e+00   6.3207e+01   3.0865e+00   0  J  0.00  1   !  -9.99000e+02  -99.000  -99.000  -999
OBS: 908  57690.590   -11.00   0.0000e+00   7.5243e+01   2.8999e+00   0  J  0.00  1   !  -9.99000e+02  -99.000  -99.000  -999
OBS: 908  57692.590    -9.00   0.0000e+00   8.6496e+01   2.5462e+00   0  J  0.00  1   !  -9.99000e+02  -99.000  -99.000  -999
OBS: 908  57694.590    -7.00   0.0000e+00   9.3917e+01   2.4150e+00   0  J  0.00  1   !  -9.99000e+02  -99.000  -99.000  -999
OBS: 908  57696.590    -5.00   0.0000e+00   9.7336e+01   2.5739e+00   0  J  0.00  1   !  -9.99000e+02  -99.000  -99.000  -999
OBS: 908  57698.590    -3.00   0.0000e+00   9.4808e+01   2.7522e+00   0  J  0.00  1   !  -9.99000e+02  -99.000  -99.000  -999
OBS: 908  57700.590    -1.00   0.0000e+00   8.9623e+01   2.8190e+00   0  J  0.00  1   !  -9.99000e+02  -99.000  -99.000  -999
OBS: 908  57702.590     1.00   0.0000e+00   8.3426e+01   2.7895e+00   0  J  0.00  1   !  -9.99000e+02  -99.000  -99.000  -999
OBS: 908  57704.590     3.00   0.0000e+00   7.7310e+01   2.8123e+00   0  J  0.00  1   !  -9.99000e+02  -99.000  -99.000  -999
OBS: 908  57706.590     5.00   0.0000e+00   7.1809e+01   2.9514e+00   0  J  0.00  1   !  -9.99000e+02  -99.000  -99.000  -999
OBS: 908  57708.590     7.00   0.0000e+00   6.7100e+01   3.0588e+00   0  J  0.00  1   !  -9.99000e+02  -99.000  -99.000  -999
OBS: 908  57710.590     9.00   0.0000e+00   6.2783e+01   3.1945e+00   0  J  0.00  1   !  -9.99000e+02  -99.000  -99.000  -999
OBS: 908  57712.590    11.00   0.0000e+00   6.0225e+01   3.3868e+00   0  J  0.00  1   !  -9.99000e+02  -99.000  -99.000  -999
OBS: 908  57714.590    13.00   0.0000e+00   5.9210e+01   3.5354e+00   0  J  0.00  1   !  -9.99000e+02  -99.000  -99.000  -999
OBS: 908  57716.590    15.00   0.0000e+00   5.9475e+01   3.5700e+00   0  J  0.00  1   !  -9.99000e+02  -99.000  -99.000  -999
OBS: 908  57718.590    17.00   0.0000e+00   6.0419e+01   3.4878e+00   0  J  0.00  1   !  -9.99000e+02  -99.000  -99.000  -999
OBS: 908  57720.590    19.00   0.0000e+00   6.2972e+01   3.4310e+00   0  J  0.00  1   !  -9.99000e+02  -99.000  -99.000  -999
OBS: 908  57722.590    21.00   0.0000e+00   6.7201e+01   3.5207e+00   0  J  0.00  1   !  -9.99000e+02  -99.000  -99.000  -999
OBS: 908  57724.590    23.00   0.0000e+00   7.1110e+01   3.5835e+00   0  J  0.00  1   !  -9.99000e+02  -99.000  -99.000  -999
OBS: 908  57726.590    25.00   0.0000e+00   7.4932e+01   3.6959e+00   0  J  0.00  1   !  -9.99000e+02  -99.000  -99.000  -999
OBS: 908  57728.590    27.00   0.0000e+00   7.7021e+01   3.7420e+00   0  J  0.00  1   !  -9.99000e+02  -99.000  -99.000  -999
OBS: 908  57730.590    29.00   0.0000e+00   7.8837e+01   3.6672e+00   0  J  0.00  1   !  -9.99000e+02  -99.000  -99.000  -999
OBS: 908  57732.590    31.00   0.0000e+00   8.2795e+01   3.4563e+00   0  J  0.00  1   !  -9.99000e+02  -99.000  -99.000  -999
OBS: 908  57734.590    33.00   0.0000e+00   8.8484e+01   3.3368e+00   0  J  0.00  1   !  -9.99000e+02  -99.000  -99.000  -999
OBS: 908  57736.590    35.00   0.0000e+00   9.3804e+01   3.2474e+00   0  J  0.00  1   !  -9.99000e+02  -99.000  -99.000  -999
OBS: 908  57738.590    37.00   0.0000e+00   9.5986e+01   3.1647e+00   0  J  0.00  1   !  -9.99000e+02  -99.000  -99.000  -999
OBS: 908  57740.590    39.00   0.0000e+00   9.6010e+01   3.0833e+00   0  J  0.00  1   !  -9.99000e+02  -99.000  -99.000  -999
OBS: 908  57742.590    41.00   0.0000e+00   9.4211e+01   2.9740e+00   0  J  0.00  1   !  -9.99000e+02  -99.000  -99.000  -999
OBS: 908  57744.590    43.00   0.0000e+00   9.1531e+01   2.8450e+00   0  J  0.00  1   !  -9.99000e+02  -99.000  -99.000  -999
OBS: 908  57746.590    45.00   0.0000e+00   8.7754e+01   2.6692e+00   0  J  0.00  1   !  -9.99000e+02  -99.000  -99.000  -999
OBS: 908  57748.590    47.00   0.0000e+00   8.4379e+01   2.5879e+00   0  J  0.00  1   !  -9.99000e+02  -99.000  -99.000  -999
OBS: 908  57750.590    49.00   0.0000e+00   8.0159e+01   2.6228e+00   0  J  0.00  1   !  -9.99000e+02  -99.000  -99.000  -999
OBS: 908  57752.590    51.00   0.0000e+00   7.4500e+01   2.6363e+00   0  J  0.00  1   !  -9.99000e+02  -99.000  -99.000  -999
OBS: 908  57754.590    53.00   0.0000e+00   6.8501e+01   2.6607e+00   0  J  0.00  1   !  -9.99000e+02  -99.000  -99.000  -999
OBS: 908  57756.590    55.00   0.0000e+00   6.2983e+01   2.5096e+00   0  J  0.00  1   !  -9.99000e+02  -99.000  -99.000  -999
OBS: 908  57758.590    57.00   0.0000e+00   5.8275e+01   2.2701e+00   0  J  0.00  1   !  -9.99000e+02  -99.000  -99.000  -999
OBS: 908  57760.590    59.00   0.0000e+00   5.4208e+01   2.0936e+00   0  J  0.00  1   !  -9.99000e+02  -99.000  -99.000  -999
OBS: 908  57762.590    61.00   0.0000e+00   5.0241e+01   2.1027e+00   0  J  0.00  1   !  -9.99000e+02  -99.000  -99.000  -999
OBS: 908  57764.590    63.00   0.0000e+00   4.6044e+01   2.1392e+00   0  J  0.00  1   !  -9.99000e+02  -99.000  -99.000  -999
OBS: 908  57766.590    65.00   0.0000e+00   4.1577e+01   8.8251e+00   0  J  0.00  1   !  -9.99000e+02  -99.000  -99.000  -999
OBS: 908  57768.590    67.00   0.0000e+00   3.7032e+01   2.2290e+01   0  J  0.00  1   !  -9.99000e+02  -99.000  -99.000  -999
OBS: 908  57770.590    69.00   0.0000e+00   3.3001e+01   1.9864e+01   0  J  0.00  1   !  -9.99000e+02  -99.000  -99.000  -999
OBS: 908  57772.590    71.00   0.0000e+00   3.0178e+01   1.8165e+01   0  J  0.00  1   !  -9.99000e+02  -99.000  -99.000  -999
OBS: 908  57774.590    73.00   0.0000e+00   2.7730e+01   1.6691e+01   0  J  0.00  1   !  -9.99000e+02  -99.000  -99.000  -999
OBS: 908  57776.590    75.00   0.0000e+00   2.5721e+01   1.5482e+01   0  J  0.00  1   !  -9.99000e+02  -99.000  -99.000  -999
OBS: 908  57778.590    77.00   0.0000e+00   2.4197e+01   1.4565e+01   0  J  0.00  1   !  -9.99000e+02  -99.000  -99.000  -999
OBS: 908  57780.590    79.00   0.0000e+00   2.1671e+01   1.3044e+01   0  J  0.00  1   !  -9.99000e+02  -99.000  -99.000  -999
OBS: 908  57782.590    81.00   0.0000e+00   1.8821e+01   1.1329e+01   0  J  0.00  1   !  -9.99000e+02  -99.000  -99.000  -999
OBS: 908  57784.590    83.00   0.0000e+00   1.6524e+01   9.9461e+00   0  J  0.00  1   !  -9.99000e+02  -99.000  -99.000  -999
OBS: 908  57786.590    85.00   0.0000e+00   1.4662e+01   8.8253e+00   0  J  0.00  1   !  -9.99000e+02  -99.000  -99.000  -999
OBS: 908  57788.590    87.00   0.0000e+00   1.3116e+01   7.8948e+00   0  J  0.00  1   !  -9.99000e+02  -99.000  -99.000  -999
OBS: 908  57790.590    89.00   0.0000e+00   1.1849e+01   7.1322e+00   0  J  0.00  1   !  -9.99000e+02  -99.000  -99.000  -999
OBS: 908  57792.590    91.00   0.0000e+00   1.0779e+01   6.4880e+00   0  J  0.00  1   !  -9.99000e+02  -99.000  -99.000  -999
OBS: 908  57794.590    93.00   0.0000e+00   9.8382e+00   5.9217e+00   0  J  0.00  1   !  -9.99000e+02  -99.000  -99.000  -999
OBS: 908  57796.590    95.00   0.0000e+00   9.0151e+00   5.4263e+00   0  J  0.00  1   !  -9.99000e+02  -99.000  -99.000  -999
OBS: 908  57798.590    97.00   0.0000e+00   8.2038e+00   4.9380e+00   0  J  0.00  1   !  -9.99000e+02  -99.000  -99.000  -999
OBS: 908  57800.590    99.00   0.0000e+00   7.4288e+00   4.4715e+00   0  J  0.00  1   !  -9.99000e+02  -99.000  -99.000  -999
OBS: 908  57802.590   101.00   0.0000e+00   6.7306e+00   4.0512e+00   0  J  0.00  1   !  -9.99000e+02  -99.000  -99.000  -999
OBS: 908  57804.590   103.00   0.0000e+00   6.1067e+00   3.6757e+00   0  J  0.00  1   !  -9.99000e+02  -99.000  -99.000  -999
OBS: 908  57806.590   105.00   0.0000e+00   5.5449e+00   3.3375e+00   0  J  0.00  1   !  -9.99000e+02  -99.000  -99.000  -999
OBS: 908  57808.590   107.00   0.0000e+00   5.0433e+00   3.0356e+00   0  J  0.00  1   !  -9.99000e+02  -99.000  -99.000  -999
OBS: 908  57810.590   109.00   0.0000e+00   4.5941e+00   2.7653e+00   0  J  0.00  1   !  -9.99000e+02  -99.000  -99.000  -999
OBS: 908  57812.590   111.00   0.0000e+00   4.1644e+00   2.5066e+00   0  J  0.00  1   !  -9.99000e+02  -99.000  -99.000  -999
OBS: 908  57814.590   113.00   0.0000e+00   3.7456e+00   2.2545e+00   0  J  0.00  1   !  -9.99000e+02  -99.000  -99.000  -999
OBS: 908  57816.590   115.00   0.0000e+00   3.3688e+00   2.0277e+00   0  J  0.00  1   !  -9.99000e+02  -99.000  -99.000  -999
OBS: 908  57818.590   117.00   0.0000e+00   3.0299e+00   1.8237e+00   0  J  0.00  1   !  -9.99000e+02  -99.000  -99.000  -999
OBS: 908  57820.590   119.00   0.0000e+00   2.7249e+00   1.6402e+00   0  J  0.00  1   !  -9.99000e+02  -99.000  -99.000  -999
OBS: 908  57822.590   121.00   0.0000e+00   2.4507e+00   1.4751e+00   0  J  0.00  1   !  -9.99000e+02  -99.000  -99.000  -999
OBS: 908  57824.590   123.00   0.0000e+00   2.2040e+00   1.3266e+00   0  J  0.00  1   !  -9.99000e+02  -99.000  -99.000  -999
OBS: 908  57826.590   125.00   0.0000e+00   1.9820e+00   1.1930e+00   0  J  0.00  1   !  -9.99000e+02  -99.000  -99.000  -999
OBS: 908  57828.590   127.00   0.0000e+00   1.7825e+00   1.0729e+00   0  J  0.00  1   !  -9.99000e+02  -99.000  -99.000  -999
OBS: 908  57830.590   129.00   0.0000e+00   1.6029e+00   9.6481e-01   0  J  0.00  1   !  -9.99000e+02  -99.000  -99.000  -999
OBS: 908  57832.590   131.00   0.0000e+00   1.4414e+00   8.6760e-01   0  J  0.00  1   !  -9.99000e+02  -99.000  -99.000  -999
OBS: 908  57834.590   133.00   0.0000e+00   1.2961e+00   7.8013e-01   0  J  0.00  1   !  -9.99000e+02  -99.000  -99.000  -999
OBS: 908  57836.590   135.00   0.0000e+00   1.1655e+00   7.0151e-01   0  J  0.00  1   !  -9.99000e+02  -99.000  -99.000  -999
OBS: 908  57838.590   137.00   0.0000e+00   1.0481e+00   6.3084e-01   0  J  0.00  1   !  -9.99000e+02  -99.000  -99.000  -999
OBS: 908  57840.590   139.00   0.0000e+00   9.4234e-01   5.6721e-01   0  J  0.00  1   !  -9.99000e+02  -99.000  -99.000  -999
OBS: 908  57715.699    14.11   2.1611e+01   2.1615e+01   4.4732e-01   1  H  0.04  1   J  8.62693e+17  0.515  1.424  1.00000e+11
OBS: 908  57723.891    22.30   2.1281e+01   2.1347e+01   4.4608e-01   1  H  0.05  1   J  7.89136e+17  0.431  2.380  1.00000e+11
OBS: 908  57730.336    28.75   2.4900e+01   2.4151e+01   4.5889e-01   1  H  0.04  1   J  8.16675e+17  0.335  1.468  1.00000e+11
OBS: 908  57642.590   -59.00   0.0000e+00   0.0000e+00   0.0000e+00   0  H  0.00  1   !  -9.99000e+02  -99.000  -99.000  -999
OBS: 908  57644.590   -57.00   0.0000e+00   0.0000e+00   0.0000e+00   0  H  0.00  1   !  -9.99000e+02  -99.000  -99.000  -999
OBS: 908  57646.590   -55.00   0.0000e+00   0.0000e+00   0.0000e+00   0  H  0.00  1   !  -9.99000e+02  -99.000  -99.000  -999
OBS: 908  57648.590   -53.00   0.0000e+00   0.0000e+00   0.0000e+00   0  H  0.00  1   !  -9.99000e+02  -99.000  -99.000  -999
OBS: 908  57650.590   -51.00   0.0000e+00   0.0000e+00   0.0000e+00   0  H  0.00  1   !  -9.99000e+02  -99.000  -99.000  -999
OBS: 908  57652.590   -49.00   0.0000e+00   0.0000e+00   0.0000e+00   0  H  0.00  1   !  -9.99000e+02  -99.000  -99.000  -999
OBS: 908  57654.590   -47.00   0.0000e+00   0.0000e+00   0.0000e+00   0  H  0.00  1   !  -9.99000e+02  -99.000  -99.000  -999
OBS: 908  57656.590   -45.00   0.0000e+00   0.0000e+00   0.0000e+00   0  H  0.00  1   !  -9.99000e+02  -99.000  -99.000  -999
OBS: 908  57658.590   -43.00   0.0000e+00   0.0000e+00   0.0000e+00   0  H  0.00  1   !  -9.99000e+02  -99.000  -99.000  -999
OBS: 908  57660.590   -41.00   0.0000e+00   0.0000e+00   0.0000e+00   0  H  0.00  1   !  -9.99000e+02  -99.000  -99.000  -999
OBS: 908  57662.590   -39.00   0.0000e+00   0.0000e+00   0.0000e+00   0  H  0.00  1   !  -9.99000e+02  -99.000  -99.000  -999
OBS: 908  57664.590   -37.00   0.0000e+00   0.0000e+00   0.0000e+00   0  H  0.00  1   !  -9.99000e+02  -99.000  -99.000  -999
OBS: 908  57666.590   -35.00   0.0000e+00   0.0000e+00   0.0000e+00   0  H  0.00  1   !  -9.99000e+02  -99.000  -99.000  -999
OBS: 908  57668.590   -33.00   0.0000e+00   0.0000e+00   0.0000e+00   0  H  0.00  1   !  -9.99000e+02  -99.000  -99.000  -999
OBS: 908  57670.590   -31.00   0.0000e+00   0.0000e+00   0.0000e+00   0  H  0.00  1   !  -9.99000e+02  -99.000  -99.000  -999
OBS: 908  57672.590   -29.00   0.0000e+00   0.0000e+00   0.0000e+00   0  H  0.00  1   !  -9.99000e+02  -99.000  -99.000  -999
OBS: 908  57674.590   -27.00   0.0000e+00   0.0000e+00   0.0000e+00   0  H  0.00  1   !  -9.99000e+02  -99.000  -99.000  -999
OBS: 908  57676.590   -25.00   0.0000e+00   1.8555e+01   1.1169e+01   0  H  0.00  1   !  -9.99000e+02  -99.000  -99.000  -999
OBS: 908  57678.590   -23.00   0.0000e+00   1.8614e+01   1.1204e+01   0  H  0.00  1   !  -9.99000e+02  -99.000  -99.000  -999
OBS: 908  57680.590   -21.00   0.0000e+00   1.8653e+01   1.1228e+01   0  H  0.00  1   !  -9.99000e+02  -99.000  -99.000  -999
OBS: 908  57682.590   -19.00   0.0000e+00   2.0881e+01   1.0223e+01   0  H  0.00  1   !  -9.99000e+02  -99.000  -99.000  -999
OBS: 908  57684.590   -17.00   0.0000e+00   3.3551e+01   2.6350e+00   0  H  0.00  1   !  -9.99000e+02  -99.000  -99.000  -999
OBS: 908  57686.590   -15.00   0.0000e+00   4.6724e+01   1.5510e+00   0  H  0.00  1   !  -9.99000e+02  -99.000  -99.000  -999
OBS: 908  57688.590   -13.00   0.0000e+00   5.8229e+01   1.7663e+00   0  H  0.00  1   !  -9.99000e+02  -99.000  -99.000  -999
OBS: 908  57690.590   -11.00   0.0000e+00   6.5730e+01   1.8306e+00   0  H  0.00  1   !  -9.99000e+02  -99.000  -99.000  -999
OBS: 908  57692.590    -9.00   0.0000e+00   7.0272e+01   1.5387e+00   0  H  0.00  1   !  -9.99000e+02  -99.000  -99.000  -999
OBS: 908  57694.590    -7.00   0.0000e+00   7.2548e+01   1.3540e+00   0  H  0.00  1   !  -9.99000e+02  -99.000  -99.000  -999
OBS: 908  57696.590    -5.00   0.0000e+00   7.2798e+01   1.3286e+00   0  H  0.00  1   !  -9.99000e+02  -99.000  -99.000  -999
OBS: 908  57698.590    -3.00   0.0000e+00   7.0272e+01   1.4532e+00   0  H  0.00  1   !  -9.99000e+02  -99.000  -99.000  -999
OBS: 908  57700.590    -1.00   0.0000e+00   6.6032e+01   1.4261e+00   0  H  0.00  1   !  -9.99000e+02  -99.000  -99.000  -999
OBS: 908  57702.590     1.00   0.0000e+00   5.9275e+01   1.4295e+00   0  H  0.00  1   !  -9.99000e+02  -99.000  -99.000  -999
OBS: 908  57704.590     3.00   0.0000e+00   5.1699e+01   1.3806e+00   0  H  0.00  1   !  -9.99000e+02  -99.000  -99.000  -999
OBS: 908  57706.590     5.00   0.0000e+00   4.4689e+01   1.3120e+00   0  H  0.00  1   !  -9.99000e+02  -99.000  -99.000  -999
OBS: 908  57708.590     7.00   0.0000e+00   3.8344e+01   1.3195e+00   0  H  0.00  1   !  -9.99000e+02  -99.000  -99.000  -999
OBS: 908  57710.590     9.00   0.0000e+00   3.2097e+01   1.3541e+00   0  H  0.00  1   !  -9.99000e+02  -99.000  -99.000  -999
OBS: 908  57712.590    11.00   0.0000e+00   2.6708e+01   1.5473e+00   0  H  0.00  1   !  -9.99000e+02  -99.000  -99.000  -999
OBS: 908  57714.590    13.00   0.0000e+00   2.2819e+01   1.7004e+00   0  H  0.00  1   !  -9.99000e+02  -99.000  -99.000  -999
OBS: 908  57716.590    15.00   0.0000e+00   2.0458e+01   1.7127e+00   0  H  0.00  1   !  -9.99000e+02  -99.000  -99.000  -999
OBS: 908  57718.590    17.00   0.0000e+00   1.9648e+01   1.6886e+00   0  H  0.00  1   !  -9.99000e+02  -99.000  -99.000  -999
OBS: 908  57720.590    19.00   0.0000e+00   1.9873e+01   1.6627e+00   0  H  0.00  1   !  -9.99000e+02  -99.000  -99.000  -999
OBS: 908  57722.590    21.00   0.0000e+00   2.0466e+01   1.6081e+00   0  H  0.00  1   !  -9.99000e+02  -99.000  -99.000  -999
OBS: 908  57724.590    23.00   0.0000e+00   2.1217e+01   1.6253e+00   0  H  0.00  1   !  -9.99000e+02  -99.000  -99.000  -999
OBS: 908  57726.590    25.00   0.0000e+00   2.1938e+01   1.7301e+00   0  H  0.00  1   !  -9.99000e+02  -99.000  -99.000  -999
OBS: 908  57728.590    27.00   0.0000e+00   2.3107e+01   1.8666e+00   0  H  0.00  1   !  -9.99000e+02  -99.000  -99.000  -999
OBS: 908  57730.590    29.00   0.0000e+00   2.4768e+01   1.9489e+00   0  H  0.00  1   !  -9.99000e+02  -99.000  -99.000  -999
OBS: 908  57732.590    31.00   0.0000e+00   2.6561e+01   1.9089e+00   0  H  0.00  1   !  -9.99000e+02  -99.000  -99.000  -999
OBS: 908  57734.590    33.00   0.0000e+00   2.8481e+01   1.8945e+00   0  H  0.00  1   !  -9.99000e+02  -99.000  -99.000  -999
OBS: 908  57736.590    35.00   0.0000e+00   3.0452e+01   2.0013e+00   0  H  0.00  1   !  -9.99000e+02  -99.000  -99.000  -999
OBS: 908  57738.590    37.00   0.0000e+00   3.2210e+01   2.2016e+00   0  H  0.00  1   !  -9.99000e+02  -99.000  -99.000  -999
OBS: 908  57740.590    39.00   0.0000e+00   3.4129e+01   2.4567e+00   0  H  0.00  1   !  -9.99000e+02  -99.000  -99.000  -999
OBS: 908  57742.590    41.00   0.0000e+00   3.6281e+01   2.7543e+00   0  H  0.00  1   !  -9.99000e+02  -99.000  -99.000  -999
OBS: 908  57744.590    43.00   0.0000e+00   3.8040e+01   2.9666e+00   0  H  0.00  1   !  -9.99000e+02  -99.000  -99.000  -999
OBS: 908  57746.590    45.00   0.0000e+00   3.8169e+01   3.1251e+00   0  H  0.00  1   !  -9.99000e+02  -99.000  -99.000  -999
OBS: 908  57748.590    47.00   0.0000e+00   3.6102e+01   3.2910e+00   0  H  0.00  1   !  -9.99000e+02  -99.000  -99.000  -999
OBS: 908  57750.590    49.00   0.0000e+00   3.2632e+01   3.1512e+00   0  H  0.00  1   !  -9.99000e+02  -99.000  -99.000  -999
OBS: 908  57752.590    51.00   0.0000e+00   2.8387e+01   2.7993e+00   0  H  0.00  1   !  -9.99000e+02  -99.000  -99.000  -999
OBS: 908  57754.590    53.00   0.0000e+00   2.4173e+01   2.4944e+00   0  H  0.00  1   !  -9.99000e+02  -99.000  -99.000  -999
OBS: 908  57756.590    55.00   0.0000e+00   2.0821e+01   2.2446e+00   0  H  0.00  1   !  -9.99000e+02  -99.000  -99.000  -999
OBS: 908  57758.590    57.00   0.0000e+00   1.8791e+01   2.1526e+00   0  H  0.00  1   !  -9.99000e+02  -99.000  -99.000  -999
OBS: 908  57760.590    59.00   0.0000e+00   1.7713e+01   2.6768e+00   0  H  0.00  1   !  -9.99000e+02  -99.000  -99.000  -999
OBS: 908  57762.590    61.00   0.0000e+00   1.6807e+01   3.8301e+00   0  H  0.00  1   !  -9.99000e+02  -99.000  -99.000  -999
OBS: 908  57764.590    63.00   0.0000e+00   1.5729e+01   5.0528e+00   0  H  0.00  1   !  -9.99000e+02  -99.000  -99.000  -999
OBS: 908  57766.590    65.00   0.0000e+00   1.4581e+01   6.3973e+00   0  H  0.00  1   !  -9.99000e+02  -99.000  -99.000  -999
OBS: 908  57768.590    67.00   0.0000e+00   1.3552e+01   8.1573e+00   0  H  0.00  1   !  -9.99000e+02  -99.000  -99.000  -999
OBS: 908  57770.590    69.00   0.0000e+00   1.2626e+01   7.5996e+00   0  H  0.00  1   !  -9.99000e+02  -99.000  -99.000  -999
OBS: 908  57772.590    71.00   0.0000e+00   1.1591e+01   6.9770e+00   0  H  0.00  1   !  -9.99000e+02  -99.000  -99.000  -999
OBS: 908  57774.590    73.00   0.0000e+00   1.0664e+01   6.4188e+00   0  H  0.00  1   !  -9.99000e+02  -99.000  -99.000  -999
OBS: 908  57776.590    75.00   0.0000e+00   9.8388e+00   5.9221e+00   0  H  0.00  1   !  -9.99000e+02  -99.000  -99.000  -999
OBS: 908  57778.590    77.00   0.0000e+00   9.1877e+00   5.5302e+00   0  H  0.00  1   !  -9.99000e+02  -99.000  -99.000  -999
OBS: 908  57780.590    79.00   0.0000e+00   8.0852e+00   4.8666e+00   0  H  0.00  1   !  -9.99000e+02  -99.000  -99.000  -999
OBS: 908  57782.590    81.00   0.0000e+00   6.9974e+00   4.2118e+00   0  H  0.00  1   !  -9.99000e+02  -99.000  -99.000  -999
OBS: 908  57784.590    83.00   0.0000e+00   6.1740e+00   3.7162e+00   0  H  0.00  1   !  -9.99000e+02  -99.000  -99.000  -999
OBS: 908  57786.590    85.00   0.0000e+00   5.5300e+00   3.3286e+00   0  H  0.00  1   !  -9.99000e+02  -99.000  -99.000  -999
OBS: 908  57788.590    87.00   0.0000e+00   4.9902e+00   3.0037e+00   0  H  0.00  1   !  -9.99000e+02  -99.000  -99.000  -999
OBS: 908  57790.590    89.00   0.0000e+00   4.5188e+00   2.7199e+00   0  H  0.00  1   !  -9.99000e+02  -99.000  -99.000  -999
OBS: 908  57792.590    91.00   0.0000e+00   4.0780e+00   2.4546e+00   0  H  0.00  1   !  -9.99000e+02  -99.000  -99.000  -999
OBS: 908  57794.590    93.00   0.0000e+00   3.6511e+00   2.1977e+00   0  H  0.00  1   !  -9.99000e+02  -99.000  -99.000  -999
OBS: 908  57796.590    95.00   0.0000e+00   3.2259e+00   1.9417e+00   0  H  0.00  1   !  -9.99000e+02  -99.000  -99.000  -999
OBS: 908  57798.590    97.00   0.0000e+00   2.9280e+00   1.7624e+00   0  H  0.00  1   !  -9.99000e+02  -99.000  -99.000  -999
OBS: 908  57800.590    99.00   0.0000e+00   2.7285e+00   1.6423e+00   0  H  0.00  1   !  -9.99000e+02  -99.000  -99.000  -999
OBS: 908  57802.590   101.00   0.0000e+00   2.5667e+00   1.5449e+00   0  H  0.00  1   !  -9.99000e+02  -99.000  -99.000  -999
OBS: 908  57804.590   103.00   0.0000e+00   2.4098e+00   1.4505e+00   0  H  0.00  1   !  -9.99000e+02  -99.000  -99.000  -999
OBS: 908  57806.590   105.00   0.0000e+00   2.2623e+00   1.3617e+00   0  H  0.00  1   !  -9.99000e+02  -99.000  -99.000  -999
OBS: 908  57808.590   107.00   0.0000e+00   2.1218e+00   1.2771e+00   0  H  0.00  1   !  -9.99000e+02  -99.000  -99.000  -999
OBS: 908  57810.590   109.00   0.0000e+00   1.9871e+00   1.1961e+00   0  H  0.00  1   !  -9.99000e+02  -99.000  -99.000  -999
OBS: 908  57812.590   111.00   0.0000e+00   1.8685e+00   1.1247e+00   0  H  0.00  1   !  -9.99000e+02  -99.000  -99.000  -999
OBS: 908  57814.590   113.00   0.0000e+00   1.7677e+00   1.0640e+00   0  H  0.00  1   !  -9.99000e+02  -99.000  -99.000  -999
OBS: 908  57816.590   115.00   0.0000e+00   1.6723e+00   1.0065e+00   0  H  0.00  1   !  -9.99000e+02  -99.000  -99.000  -999
OBS: 908  57818.590   117.00   0.0000e+00   1.5820e+00   9.5221e-01   0  H  0.00  1   !  -9.99000e+02  -99.000  -99.000  -999
OBS: 908  57820.590   119.00   0.0000e+00   1.4966e+00   9.0081e-01   0  H  0.00  1   !  -9.99000e+02  -99.000  -99.000  -999
OBS: 908  57822.590   121.00   0.0000e+00   1.4158e+00   8.5218e-01   0  H  0.00  1   !  -9.99000e+02  -99.000  -99.000  -999
OBS: 908  57824.590   123.00   0.0000e+00   1.3394e+00   8.0618e-01   0  H  0.00  1   !  -9.99000e+02  -99.000  -99.000  -999
OBS: 908  57826.590   125.00   0.0000e+00   1.2671e+00   7.6267e-01   0  H  0.00  1   !  -9.99000e+02  -99.000  -99.000  -999
OBS: 908  57828.590   127.00   0.0000e+00   1.1987e+00   7.2150e-01   0  H  0.00  1   !  -9.99000e+02  -99.000  -99.000  -999
OBS: 908  57830.590   129.00   0.0000e+00   1.1340e+00   6.8255e-01   0  H  0.00  1   !  -9.99000e+02  -99.000  -99.000  -999
OBS: 908  57832.590   131.00   0.0000e+00   1.0728e+00   6.4571e-01   0  H  0.00  1   !  -9.99000e+02  -99.000  -99.000  -999
OBS: 908  57834.590   133.00   0.0000e+00   1.0149e+00   6.1085e-01   0  H  0.00  1   !  -9.99000e+02  -99.000  -99.000  -999
OBS: 908  57836.590   135.00   0.0000e+00   9.6007e-01   5.7788e-01   0  H  0.00  1   !  -9.99000e+02  -99.000  -99.000  -999
OBS: 908  57838.590   137.00   0.0000e+00   9.0824e-01   5.4668e-01   0  H  0.00  1   !  -9.99000e+02  -99.000  -99.000  -999
OBS: 908  57840.590   139.00   0.0000e+00   8.5922e-01   5.1717e-01   0  H  0.00  1   !  -9.99000e+02  -99.000  -99.000  -999
