VARNAMES: CID MJD Tobs SIM_FLUXCAL FLUXCAL FLUXCAL_ERR DATAFLAG BAND CHI2 IFIT BAND_REST FLUX_REST KCOR AVWARP SIM_FLUX_REST 
OBS: 338  57715.703    14.12   7.1097e+01   7.1839e+01   5.3272e-01   1  J  0.00  1   Y  1.11657e+18  -0.194  -1.394  1.00000e+11
OBS: 338  57723.895    22.31   8.9192e+01   8.9515e+01   5.8313e-01   1  J  0.02  1   Y  1.40081e+18  -0.186  -0.728  1.00000e+11
OBS: 338  57730.340    28.76   1.0386e+02   1.0445e+02   6.2255e-01   1  J  0.01  1   Y  1.82919e+18  -0.064  -0.722  1.00000e+11
OBS: 338  57642.582   -59.00   0.0000e+00   0.0000e+00   0.0000e+00   0  J  0.00  1   !  -9.99000e+02  -99.000  -99.000  -999
OBS: 338  57644.582   -57.00   0.0000e+00   0.0000e+00   0.0000e+00   0  J  0.00  1   !  -9.99000e+02  -99.000  -99.000  -999
OBS: 338  57646.582   -55.00   0.0000e+00   0.0000e+00   0.0000e+00   0  J  0.00  1   !  -9.99000e+02  -99.000  -99.000  -999
OBS: 338  57648.582   -53.00   0.0000e+00   0.0000e+00   0.0000e+00   0  J  0.00  1   !  -9.99000e+02  -99.000  -99.000  -999
OBS: 338  57650.582   -51.00   0.0000e+00   0.0000e+00   0.0000e+00   0  J  0.00  1   !  -9.99000e+02  -99.000  -99.000  -999
OBS: 338  57652.582   -49.00   0.0000e+00   0.0000e+00   0.0000e+00   0  J  0.00  1   !  -9.99000e+02  -99.000  -99.000  -999
OBS: 338  57654.582   -47.00   0.0000e+00   0.0000e+00   0.0000e+00   0  J  0.00  1   !  -9.99000e+02  -99.000  -99.000  -999
OBS: 338  57656.582   -45.00   0.0000e+00   0.0000e+00   0.0000e+00   0  J  0.00  1   !  -9.99000e+02  -99.000  -99.000  -999
OBS: 338  57658.582   -43.00   0.0000e+00   0.0000e+00   0.0000e+00   0  J  0.00  1   !  -9.99000e+02  -99.000  -99.000  -999
OBS: 338  57660.582   -41.00   0.0000e+00   0.0000e+00   0.0000e+00   0  J  0.00  1   !  -9.99000e+02  -99.000  -99.000  -999
OBS: 338  57662.582   -39.00   0.0000e+00   0.0000e+00   0.0000e+00   0  J  0.00  1   !  -9.99000e+02  -99.000  -99.000  -999
OBS: 338  57664.582   -37.00   0.0000e+00   0.0000e+00   0.0000e+00   0  J  0.00  1   !  -9.99000e+02  -99.000  -99.000  -999
OBS: 338  57666.582   -35.00   0.0000e+00   0.0000e+00   0.0000e+00   0  J  0.00  1   !  -9.99000e+02  -99.000  -99.000  -999
OBS: 338  57668.582   -33.00   0.0000e+00   0.0000e+00   0.0000e+00   0  J  0.00  1   !  -9.99000e+02  -99.000  -99.000  -999
OBS: 338  57670.582   -31.00   0.0000e+00   0.0000e+00   0.0000e+00   0  J  0.00  1   !  -9.99000e+02  -99.000  -99.000  -999
OBS: 338  57672.582   -29.00   0.0000e+00   0.0000e+00   0.0000e+00   0  J  0.00  1   !  -9.99000e+02  -99.000  -99.000  -999
OBS: 338  57674.582   -27.00   0.0000e+00   0.0000e+00   0.0000e+00   0  J  0.00  1   !  -9.99000e+02  -99.000  -99.000  -999
OBS: 338  57676.582   -25.00   0.0000e+00   1.3411e+01   8.0720e+00   0  J  0.00  1   !  -9.99000e+02  -99.000  -99.000  -999
OBS: 338  57678.582   -23.00   0.0000e+00   1.0949e+01   6.5904e+00   0  J  0.00  1   !  -9.99000e+02  -99.000  -99.000  -999
OBS: 338  57680.582   -21.00   0.0000e+00   1.0937e+01   6.5834e+00   0  J  0.00  1   !  -9.99000e+02  -99.000  -99.000  -999
OBS: 338  57682.582   -19.00   0.0000e+00   1.3094e+01   6.6479e+00   0  J  0.00  1   !  -9.99000e+02  -99.000  -99.000  -999
OBS: 338  57684.582   -17.00   0.0000e+00   3.4826e+01   4.0999e+00   0  J  0.00  1   !  -9.99000e+02  -99.000  -99.000  -999
OBS: 338  57686.582   -15.00   0.0000e+00   5.6263e+01   2.8136e+00   0  J  0.00  1   !  -9.99000e+02  -99.000  -99.000  -999
OBS: 338  57688.582   -13.00   0.0000e+00   7.6300e+01   2.6223e+00   0  J  0.00  1   !  -9.99000e+02  -99.000  -99.000  -999
OBS: 338  57690.582   -11.00   0.0000e+00   9.3133e+01   2.6361e+00   0  J  0.00  1   !  -9.99000e+02  -99.000  -99.000  -999
OBS: 338  57692.582    -9.00   0.0000e+00   1.0878e+02   2.4114e+00   0  J  0.00  1   !  -9.99000e+02  -99.000  -99.000  -999
OBS: 338  57694.582    -7.00   0.0000e+00   1.1874e+02   2.3644e+00   0  J  0.00  1   !  -9.99000e+02  -99.000  -99.000  -999
OBS: 338  57696.582    -5.00   0.0000e+00   1.2267e+02   2.4151e+00   0  J  0.00  1   !  -9.99000e+02  -99.000  -99.000  -999
OBS: 338  57698.582    -3.00   0.0000e+00   1.1816e+02   2.5392e+00   0  J  0.00  1   !  -9.99000e+02  -99.000  -99.000  -999
OBS: 338  57700.582    -1.00   0.0000e+00   1.1003e+02   2.6657e+00   0  J  0.00  1   !  -9.99000e+02  -99.000  -99.000  -999
OBS: 338  57702.582     1.00   0.0000e+00   1.0071e+02   2.8329e+00   0  J  0.00  1   !  -9.99000e+02  -99.000  -99.000  -999
OBS: 338  57704.582     3.00   0.0000e+00   9.2083e+01   3.0832e+00   0  J  0.00  1   !  -9.99000e+02  -99.000  -99.000  -999
OBS: 338  57706.582     5.00   0.0000e+00   8.4927e+01   3.2815e+00   0  J  0.00  1   !  -9.99000e+02  -99.000  -99.000  -999
OBS: 338  57708.582     7.00   0.0000e+00   7.9525e+01   3.3052e+00   0  J  0.00  1   !  -9.99000e+02  -99.000  -99.000  -999
OBS: 338  57710.582     9.00   0.0000e+00   7.4848e+01   3.2552e+00   0  J  0.00  1   !  -9.99000e+02  -99.000  -99.000  -999
OBS: 338  57712.582    11.00   0.0000e+00   7.2245e+01   3.3151e+00   0  J  0.00  1   !  -9.99000e+02  -99.000  -99.000  -999
OBS: 338  57714.582    13.00   0.0000e+00   7.1433e+01   3.4682e+00   0  J  0.00  1   !  -9.99000e+02  -99.000  -99.000  -999
OBS: 338  57716.582    15.00   0.0000e+00   7.2244e+01   3.6255e+00   0  J  0.00  1   !  -9.99000e+02  -99.000  -99.000  -999
OBS: 338  57718.582    17.00   0.0000e+00   7.4326e+01   3.5835e+00   0  J  0.00  1   !  -9.99000e+02  -99.000  -99.000  -999
OBS: 338  57720.582    19.00   0.0000e+00   7.8692e+01   3.5375e+00   0  J  0.00  1   !  -9.99000e+02  -99.000  -99.000  -999
OBS: 338  57722.582    21.00   0.0000e+00   8.5535e+01   3.5993e+00   0  J  0.00  1   !  -9.99000e+02  -99.000  -99.000  -999
OBS: 338  57724.582    23.00   0.0000e+00   9.2306e+01   3.7177e+00   0  J  0.00  1   !  -9.99000e+02  -99.000  -99.000  -999
OBS: 338  57726.582    25.00   0.0000e+00   9.8649e+01   3.8698e+00   0  J  0.00  1   !  -9.99000e+02  -99.000  -99.000  -999
OBS: 338  57728.582    27.00   0.0000e+00   1.0227e+02   4.0120e+00   0  J  0.00  1   !  -9.99000e+02  -99.000  -99.000  -999
OBS: 338  57730.582    29.00   0.0000e+00   1.0526e+02   4.1291e+00   0  J  0.00  1   !  -9.99000e+02  -99.000  -99.000  -999
OBS: 338  57732.582    31.00   0.0000e+00   1.1074e+02   4.2518e+00   0  J  0.00  1   !  -9.99000e+02  -99.000  -99.000  -999
OBS: 338  57734.582    33.00   0.0000e+00   1.1755e+02   4.0357e+00   0  J  0.00  1   !  -9.99000e+02  -99.000  -99.000  -999
OBS: 338  57736.582    35.00   0.0000e+00   1.2262e+02   3.8218e+00   0  J  0.00  1   !  -9.99000e+02  -99.000  -99.000  -999
OBS: 338  57738.582    37.00   0.0000e+00   1.2293e+02   3.5812e+00   0  J  0.00  1   !  -9.99000e+02  -99.000  -99.000  -999
OBS: 338  57740.582    39.00   0.0000e+00   1.2008e+02   3.3295e+00   0  J  0.00  1   !  -9.99000e+02  -99.000  -99.000  -999
OBS: 338  57742.582    41.00   0.0000e+00   1.1458e+02   3.0273e+00   0  J  0.00  1   !  -9.99000e+02  -99.000  -99.000  -999
OBS: 338  57744.582    43.00   0.0000e+00   1.0763e+02   2.7487e+00   0  J  0.00  1   !  -9.99000e+02  -99.000  -99.000  -999
OBS: 338  57746.582    45.00   0.0000e+00   9.9582e+01   2.6727e+00   0  J  0.00  1   !  -9.99000e+02  -99.000  -99.000  -999
OBS: 338  57748.582    47.00   0.0000e+00   9.2435e+01   2.7070e+00   0  J  0.00  1   !  -9.99000e+02  -99.000  -99.000  -999
OBS: 338  57750.582    49.00   0.0000e+00   8.4895e+01   2.6457e+00   0  J  0.00  1   !  -9.99000e+02  -99.000  -99.000  -999
OBS: 338  57752.582    51.00   0.0000e+00   7.6528e+01   2.5430e+00   0  J  0.00  1   !  -9.99000e+02  -99.000  -99.000  -999
OBS: 338  57754.582    53.00   0.0000e+00   6.8409e+01   2.6448e+00   0  J  0.00  1   !  -9.99000e+02  -99.000  -99.000  -999
OBS: 338  57756.582    55.00   0.0000e+00   6.1433e+01   2.8120e+00   0  J  0.00  1   !  -9.99000e+02  -99.000  -99.000  -999
OBS: 338  57758.582    57.00   0.0000e+00   5.5746e+01   2.9087e+00   0  J  0.00  1   !  -9.99000e+02  -99.000  -99.000  -999
OBS: 338  57760.582    59.00   0.0000e+00   5.1012e+01   2.7817e+00   0  J  0.00  1   !  -9.99000e+02  -99.000  -99.000  -999
OBS: 338  57762.582    61.00   0.0000e+00   4.6744e+01   2.6224e+00   0  J  0.00  1   !  -9.99000e+02  -99.000  -99.000  -999
OBS: 338  57764.582    63.00   0.0000e+00   4.2778e+01   2.6210e+00   0  J  0.00  1   !  -9.99000e+02  -99.000  -99.000  -999
OBS: 338  57766.582    65.00   0.0000e+00   3.8923e+01   9.8052e+00   0  J  0.00  1   !  -9.99000e+02  -99.000  -99.000  -999
OBS: 338  57768.582    67.00   0.0000e+00   3.5221e+01   2.1200e+01   0  J  0.00  1   !  -9.99000e+02  -99.000  -99.000  -999
OBS: 338  57770.582    69.00   0.0000e+00   3.2093e+01   1.9317e+01   0  J  0.00  1   !  -9.99000e+02  -99.000  -99.000  -999
OBS: 338  57772.582    71.00   0.0000e+00   2.9935e+01   1.8018e+01   0  J  0.00  1   !  -9.99000e+02  -99.000  -99.000  -999
OBS: 338  57774.582    73.00   0.0000e+00   2.7930e+01   1.6811e+01   0  J  0.00  1   !  -9.99000e+02  -99.000  -99.000  -999
OBS: 338  57776.582    75.00   0.0000e+00   2.6105e+01   1.5713e+01   0  J  0.00  1   !  -9.99000e+02  -99.000  -99.000  -999
OBS: 338  57778.582    77.00   0.0000e+00   2.4591e+01   1.4801e+01   0  J  0.00  1   !  -9.99000e+02  -99.000  -99.000  -999
OBS: 338  57780.582    79.00   0.0000e+00   2.1917e+01   1.3192e+01   0  J  0.00  1   !  -9.99000e+02  -99.000  -99.000  -999
OBS: 338  57782.582    81.00   0.0000e+00   1.8974e+01   1.1421e+01   0  J  0.00  1   !  -9.99000e+02  -99.000  -99.000  -999
OBS: 338  57784.582    83.00   0.0000e+00   1.6588e+01   9.9844e+00   0  J  0.00  1   !  -9.99000e+02  -99.000  -99.000  -999
OBS: 338  57786.582    85.00   0.0000e+00   1.4704e+01   8.8504e+00   0  J  0.00  1   !  -9.99000e+02  -99.000  -99.000  -999
OBS: 338  57788.582    87.00   0.0000e+00   1.3228e+01   7.9623e+00   0  J  0.00  1   !  -9.99000e+02  -99.000  -99.000  -999
OBS: 338  57790.582    89.00   0.0000e+00   1.2078e+01   7.2700e+00   0  J  0.00  1   !  -9.99000e+02  -99.000  -99.000  -999
OBS: 338  57792.582    91.00   0.0000e+00   1.1169e+01   6.7229e+00   0  J  0.00  1   !  -9.99000e+02  -99.000  -99.000  -999
OBS: 338  57794.582    93.00   0.0000e+00   1.0366e+01   6.2395e+00   0  J  0.00  1   !  -9.99000e+02  -99.000  -99.000  -999
OBS: 338  57796.582    95.00   0.0000e+00   9.6603e+00   5.8146e+00   0  J  0.00  1   !  -9.99000e+02  -99.000  -99.000  -999
OBS: 338  57798.582    97.00   0.0000e+00   8.9345e+00   5.3778e+00   0  J  0.00  1   !  -9.99000e+02  -99.000  -99.000  -999
OBS: 338  57800.582    99.00   0.0000e+00   8.2279e+00   4.9524e+00   0  J  0.00  1   !  -9.99000e+02  -99.000  -99.000  -999
OBS: 338  57802.582   101.00   0.0000e+00   7.5814e+00   4.5633e+00   0  J  0.00  1   !  -9.99000e+02  -99.000  -99.000  -999
OBS: 338  57804.582   103.00   0.0000e+00   6.9953e+00   4.2106e+00   0  J  0.00  1   !  -9.99000e+02  -99.000  -99.000  -999
OBS: 338  57806.582   105.00   0.0000e+00   6.4597e+00   3.8882e+00   0  J  0.00  1   !  -9.99000e+02  -99.000  -99.000  -999
OBS: 338  57808.582   107.00   0.0000e+00   5.9753e+00   3.5966e+00   0  J  0.00  1   !  -9.99000e+02  -99.000  -99.000  -999
OBS: 338  57810.582   109.00   0.0000e+00   5.5360e+00   3.3322e+00   0  J  0.00  1   !  -9.99000e+02  -99.000  -99.000  -999
OBS: 338  57812.582   111.00   0.0000e+00   5.1004e+00   3.0700e+00   0  J  0.00  1   !  -9.99000e+02  -99.000  -99.000  -999
OBS: 338  57814.582   113.00   0.0000e+00   4.6658e+00   2.8084e+00   0  J  0.00  1   !  -9.99000e+02  -99.000  -99.000  -999
OBS: 338  57816.582   115.00   0.0000e+00   4.2675e+00   2.5687e+00   0  J  0.00  1   !  -9.99000e+02  -99.000  -99.000  -999
OBS: 338  57818.582   117.00   0.0000e+00   3.9034e+00   2.3495e+00   0  J  0.00  1   !  -9.99000e+02  -99.000  -99.000  -999
OBS: 338  57820.582   119.00   0.0000e+00   3.5705e+00   2.1491e+00   0  J  0.00  1   !  -9.99000e+02  -99.000  -99.000  -999
OBS: 338  57822.582   121.00   0.0000e+00   3.2660e+00   1.9659e+00   0  J  0.00  1   !  -9.99000e+02  -99.000  -99.000  -999
OBS: 338  57824.582   123.00   0.0000e+00   2.9875e+00   1.7982e+00   0  J  0.00  1   !  -9.99000e+02  -99.000  -99.000  -999
OBS: 338  57826.582   125.00   0.0000e+00   2.7327e+00   1.6449e+00   0  J  0.00  1   !  -9.99000e+02  -99.000  -99.000  -999
OBS: 338  57828.582   127.00   0.0000e+00   2.4997e+00   1.5046e+00   0  J  0.00  1   !  -9.99000e+02  -99.000  -99.000  -999
OBS: 338  57830.582   129.00   0.0000e+00   2.2865e+00   1.3763e+00   0  J  0.00  1   !  -9.99000e+02  -99.000  -99.000  -999
OBS: 338  57832.582   131.00   0.0000e+00   2.0915e+00   1.2589e+00   0  J  0.00  1   !  -9.99000e+02  -99.000  -99.000  -999
OBS: 338  57834.582   133.00   0.0000e+00   1.9131e+00   1.1515e+00   0  J  0.00  1   !  -9.99000e+02  -99.000  -99.000  -999
OBS: 338  57836.582   135.00   0.0000e+00   1.7498e+00   1.0532e+00   0  J  0.00  1   !  -9.99000e+02  -99.000  -99.000  -999
OBS: 338  57838.582   137.00   0.0000e+00   1.6005e+00   9.6334e-01   0  J  0.00  1   !  -9.99000e+02  -99.000  -99.000  -999
OBS: 338  57840.582   139.00   0.0000e+00   1.4639e+00   8.8116e-01   0  J  0.00  1   !  -9.99000e+02  -99.000  -99.000  -999
OBS: 338  57715.699    14.12   2.3701e+01   2.3633e+01   4.5655e-01   1  H  0.00  1   J  6.79223e+17  0.474  -0.216  1.00000e+11
OBS: 338  57723.891    22.31   2.2352e+01   2.2850e+01   4.5299e-01   1  H  0.06  1   J  5.79836e+17  0.338  -0.918  1.00000e+11
OBS: 338  57730.336    28.75   2.9516e+01   2.9991e+01   4.8448e-01   1  H  0.04  1   J  7.21990e+17  0.281  -0.442  1.00000e+11
OBS: 338  57642.582   -59.00   0.0000e+00   0.0000e+00   0.0000e+00   0  H  0.00  1   !  -9.99000e+02  -99.000  -99.000  -999
OBS: 338  57644.582   -57.00   0.0000e+00   0.0000e+00   0.0000e+00   0  H  0.00  1   !  -9.99000e+02  -99.000  -99.000  -999
OBS: 338  57646.582   -55.00   0.0000e+00   0.0000e+00   0.0000e+00   0  H  0.00  1   !  -9.99000e+02  -99.000  -99.000  -999
OBS: 338  57648.582   -53.00   0.0000e+00   0.0000e+00   0.0000e+00   0  H  0.00  1   !  -9.99000e+02  -99.000  -99.000  -999
OBS: 338  57650.582   -51.00   0.0000e+00   0.0000e+00   0.0000e+00   0  H  0.00  1   !  -9.99000e+02  -99.000  -99.000  -999
OBS: 338  57652.582   -49.00   0.0000e+00   0.0000e+00   0.0000e+00   0  H  0.00  1   !  -9.99000e+02  -99.000  -99.000  -999
OBS: 338  57654.582   -47.00   0.0000e+00   0.0000e+00   0.0000e+00   0  H  0.00  1   !  -9.99000e+02  -99.000  -99.000  -999
OBS: 338  57656.582   -45.00   0.0000e+00   0.0000e+00   0.0000e+00   0  H  0.00  1   !  -9.99000e+02  -99.000  -99.000  -999
OBS: 338  57658.582   -43.00   0.0000e+00   0.0000e+00   0.0000e+00   0  H  0.00  1   !  -9.99000e+02  -99.000  -99.000  -999
OBS: 338  57660.582   -41.00   0.0000e+00   0.0000e+00   0.0000e+00   0  H  0.00  1   !  -9.99000e+02  -99.000  -99.000  -999
OBS: 338  57662.582   -39.00   0.0000e+00   0.0000e+00   0.0000e+00   0  H  0.00  1   !  -9.99000e+02  -99.000  -99.000  -999
OBS: 338  57664.582   -37.00   0.0000e+00   0.0000e+00   0.0000e+00   0  H  0.00  1   !  -9.99000e+02  -99.000  -99.000  -999
OBS: 338  57666.582   -35.00   0.0000e+00   0.0000e+00   0.0000e+00   0  H  0.00  1   !  -9.99000e+02  -99.000  -99.000  -999
OBS: 338  57668.582   -33.00   0.0000e+00   0.0000e+00   0.0000e+00   0  H  0.00  1   !  -9.99000e+02  -99.000  -99.000  -999
OBS: 338  57670.582   -31.00   0.0000e+00   0.0000e+00   0.0000e+00   0  H  0.00  1   !  -9.99000e+02  -99.000  -99.000  -999
OBS: 338  57672.582   -29.00   0.0000e+00   0.0000e+00   0.0000e+00   0  H  0.00  1   !  -9.99000e+02  -99.000  -99.000  -999
OBS: 338  57674.582   -27.00   0.0000e+00   0.0000e+00   0.0000e+00   0  H  0.00  1   !  -9.99000e+02  -99.000  -99.000  -999
OBS: 338  57676.582   -25.00   0.0000e+00   8.8075e+00   5.3014e+00   0  H  0.00  1   !  -9.99000e+02  -99.000  -99.000  -999
OBS: 338  57678.582   -23.00   0.0000e+00   1.0488e+01   6.3129e+00   0  H  0.00  1   !  -9.99000e+02  -99.000  -99.000  -999
OBS: 338  57680.582   -21.00   0.0000e+00   1.0509e+01   6.3255e+00   0  H  0.00  1   !  -9.99000e+02  -99.000  -99.000  -999
OBS: 338  57682.582   -19.00   0.0000e+00   1.2726e+01   6.5814e+00   0  H  0.00  1   !  -9.99000e+02  -99.000  -99.000  -999
OBS: 338  57684.582   -17.00   0.0000e+00   2.7580e+01   3.7945e+00   0  H  0.00  1   !  -9.99000e+02  -99.000  -99.000  -999
OBS: 338  57686.582   -15.00   0.0000e+00   4.3471e+01   2.0871e+00   0  H  0.00  1   !  -9.99000e+02  -99.000  -99.000  -999
OBS: 338  57688.582   -13.00   0.0000e+00   5.8670e+01   1.9441e+00   0  H  0.00  1   !  -9.99000e+02  -99.000  -99.000  -999
OBS: 338  57690.582   -11.00   0.0000e+00   7.1344e+01   1.9378e+00   0  H  0.00  1   !  -9.99000e+02  -99.000  -99.000  -999
OBS: 338  57692.582    -9.00   0.0000e+00   8.1168e+01   1.5143e+00   0  H  0.00  1   !  -9.99000e+02  -99.000  -99.000  -999
OBS: 338  57694.582    -7.00   0.0000e+00   8.6783e+01   1.3270e+00   0  H  0.00  1   !  -9.99000e+02  -99.000  -99.000  -999
OBS: 338  57696.582    -5.00   0.0000e+00   8.8356e+01   1.3978e+00   0  H  0.00  1   !  -9.99000e+02  -99.000  -99.000  -999
OBS: 338  57698.582    -3.00   0.0000e+00   8.5437e+01   1.4829e+00   0  H  0.00  1   !  -9.99000e+02  -99.000  -99.000  -999
OBS: 338  57700.582    -1.00   0.0000e+00   8.0119e+01   1.5155e+00   0  H  0.00  1   !  -9.99000e+02  -99.000  -99.000  -999
OBS: 338  57702.582     1.00   0.0000e+00   7.2215e+01   1.4424e+00   0  H  0.00  1   !  -9.99000e+02  -99.000  -99.000  -999
OBS: 338  57704.582     3.00   0.0000e+00   6.3763e+01   1.4390e+00   0  H  0.00  1   !  -9.99000e+02  -99.000  -99.000  -999
OBS: 338  57706.582     5.00   0.0000e+00   5.5598e+01   1.4407e+00   0  H  0.00  1   !  -9.99000e+02  -99.000  -99.000  -999
OBS: 338  57708.582     7.00   0.0000e+00   4.7330e+01   1.3801e+00   0  H  0.00  1   !  -9.99000e+02  -99.000  -99.000  -999
OBS: 338  57710.582     9.00   0.0000e+00   3.8792e+01   1.3716e+00   0  H  0.00  1   !  -9.99000e+02  -99.000  -99.000  -999
OBS: 338  57712.582    11.00   0.0000e+00   3.1321e+01   1.4247e+00   0  H  0.00  1   !  -9.99000e+02  -99.000  -99.000  -999
OBS: 338  57714.582    13.00   0.0000e+00   2.5839e+01   1.5727e+00   0  H  0.00  1   !  -9.99000e+02  -99.000  -99.000  -999
OBS: 338  57716.582    15.00   0.0000e+00   2.2522e+01   1.7509e+00   0  H  0.00  1   !  -9.99000e+02  -99.000  -99.000  -999
OBS: 338  57718.582    17.00   0.0000e+00   2.1184e+01   1.8281e+00   0  H  0.00  1   !  -9.99000e+02  -99.000  -99.000  -999
OBS: 338  57720.582    19.00   0.0000e+00   2.1076e+01   1.8108e+00   0  H  0.00  1   !  -9.99000e+02  -99.000  -99.000  -999
OBS: 338  57722.582    21.00   0.0000e+00   2.1626e+01   1.9028e+00   0  H  0.00  1   !  -9.99000e+02  -99.000  -99.000  -999
OBS: 338  57724.582    23.00   0.0000e+00   2.2818e+01   2.0852e+00   0  H  0.00  1   !  -9.99000e+02  -99.000  -99.000  -999
OBS: 338  57726.582    25.00   0.0000e+00   2.4382e+01   2.0473e+00   0  H  0.00  1   !  -9.99000e+02  -99.000  -99.000  -999
OBS: 338  57728.582    27.00   0.0000e+00   2.6769e+01   2.0176e+00   0  H  0.00  1   !  -9.99000e+02  -99.000  -99.000  -999
OBS: 338  57730.582    29.00   0.0000e+00   2.9951e+01   2.2489e+00   0  H  0.00  1   !  -9.99000e+02  -99.000  -99.000  -999
OBS: 338  57732.582    31.00   0.0000e+00   3.3108e+01   2.3370e+00   0  H  0.00  1   !  -9.99000e+02  -99.000  -99.000  -999
OBS: 338  57734.582    33.00   0.0000e+00   3.5625e+01   2.2555e+00   0  H  0.00  1   !  -9.99000e+02  -99.000  -99.000  -999
OBS: 338  57736.582    35.00   0.0000e+00   3.7209e+01   2.3833e+00   0  H  0.00  1   !  -9.99000e+02  -99.000  -99.000  -999
OBS: 338  57738.582    37.00   0.0000e+00   3.7537e+01   2.4523e+00   0  H  0.00  1   !  -9.99000e+02  -99.000  -99.000  -999
OBS: 338  57740.582    39.00   0.0000e+00   3.7614e+01   2.2732e+00   0  H  0.00  1   !  -9.99000e+02  -99.000  -99.000  -999
OBS: 338  57742.582    41.00   0.0000e+00   3.7912e+01   2.1083e+00   0  H  0.00  1   !  -9.99000e+02  -99.000  -99.000  -999
OBS: 338  57744.582    43.00   0.0000e+00   3.8157e+01   2.1352e+00   0  H  0.00  1   !  -9.99000e+02  -99.000  -99.000  -999
OBS: 338  57746.582    45.00   0.0000e+00   3.7373e+01   2.1932e+00   0  H  0.00  1   !  -9.99000e+02  -99.000  -99.000  -999
OBS: 338  57748.582    47.00   0.0000e+00   3.4786e+01   2.6298e+00   0  H  0.00  1   !  -9.99000e+02  -99.000  -99.000  -999
OBS: 338  57750.582    49.00   0.0000e+00   3.1186e+01   2.9806e+00   0  H  0.00  1   !  -9.99000e+02  -99.000  -99.000  -999
OBS: 338  57752.582    51.00   0.0000e+00   2.7162e+01   2.8682e+00   0  H  0.00  1   !  -9.99000e+02  -99.000  -99.000  -999
OBS: 338  57754.582    53.00   0.0000e+00   2.3253e+01   2.6742e+00   0  H  0.00  1   !  -9.99000e+02  -99.000  -99.000  -999
OBS: 338  57756.582    55.00   0.0000e+00   2.0080e+01   2.7751e+00   0  H  0.00  1   !  -9.99000e+02  -99.000  -99.000  -999
OBS: 338  57758.582    57.00   0.0000e+00   1.8210e+01   3.0922e+00   0  H  0.00  1   !  -9.99000e+02  -99.000  -99.000  -999
OBS: 338  57760.582    59.00   0.0000e+00   1.7125e+01   3.1946e+00   0  H  0.00  1   !  -9.99000e+02  -99.000  -99.000  -999
OBS: 338  57762.582    61.00   0.0000e+00   1.6013e+01   3.3824e+00   0  H  0.00  1   !  -9.99000e+02  -99.000  -99.000  -999
OBS: 338  57764.582    63.00   0.0000e+00   1.4617e+01   3.8982e+00   0  H  0.00  1   !  -9.99000e+02  -99.000  -99.000  -999
OBS: 338  57766.582    65.00   0.0000e+00   1.3150e+01   5.3117e+00   0  H  0.00  1   !  -9.99000e+02  -99.000  -99.000  -999
OBS: 338  57768.582    67.00   0.0000e+00   1.1904e+01   7.1652e+00   0  H  0.00  1   !  -9.99000e+02  -99.000  -99.000  -999
OBS: 338  57770.582    69.00   0.0000e+00   1.0906e+01   6.5643e+00   0  H  0.00  1   !  -9.99000e+02  -99.000  -99.000  -999
OBS: 338  57772.582    71.00   0.0000e+00   9.8898e+00   5.9528e+00   0  H  0.00  1   !  -9.99000e+02  -99.000  -99.000  -999
OBS: 338  57774.582    73.00   0.0000e+00   8.9345e+00   5.3778e+00   0  H  0.00  1   !  -9.99000e+02  -99.000  -99.000  -999
OBS: 338  57776.582    75.00   0.0000e+00   8.0461e+00   4.8430e+00   0  H  0.00  1   !  -9.99000e+02  -99.000  -99.000  -999
OBS: 338  57778.582    77.00   0.0000e+00   7.3740e+00   4.4385e+00   0  H  0.00  1   !  -9.99000e+02  -99.000  -99.000  -999
OBS: 338  57780.582    79.00   0.0000e+00   6.1492e+00   3.7013e+00   0  H  0.00  1   !  -9.99000e+02  -99.000  -99.000  -999
OBS: 338  57782.582    81.00   0.0000e+00   5.0687e+00   3.0509e+00   0  H  0.00  1   !  -9.99000e+02  -99.000  -99.000  -999
OBS: 338  57784.582    83.00   0.0000e+00   4.3318e+00   2.6074e+00   0  H  0.00  1   !  -9.99000e+02  -99.000  -99.000  -999
OBS: 338  57786.582    85.00   0.0000e+00   3.7992e+00   2.2868e+00   0  H  0.00  1   !  -9.99000e+02  -99.000  -99.000  -999
OBS: 338  57788.582    87.00   0.0000e+00   3.3604e+00   2.0226e+00   0  H  0.00  1   !  -9.99000e+02  -99.000  -99.000  -999
OBS: 338  57790.582    89.00   0.0000e+00   2.9687e+00   1.7869e+00   0  H  0.00  1   !  -9.99000e+02  -99.000  -99.000  -999
OBS: 338  57792.582    91.00   0.0000e+00   2.5994e+00   1.5646e+00   0  H  0.00  1   !  -9.99000e+02  -99.000  -99.000  -999
OBS: 338  57794.582    93.00   0.0000e+00   2.2523e+00   1.3557e+00   0  H  0.00  1   !  -9.99000e+02  -99.000  -99.000  -999
OBS: 338  57796.582    95.00   0.0000e+00   1.9179e+00   1.1544e+00   0  H  0.00  1   !  -9.99000e+02  -99.000  -99.000  -999
OBS: 338  57798.582    97.00   0.0000e+00   1.6881e+00   1.0161e+00   0  H  0.00  1   !  -9.99000e+02  -99.000  -99.000  -999
OBS: 338  57800.582    99.00   0.0000e+00   1.5191e+00   9.1434e-01   0  H  0.00  1   !  -9.99000e+02  -99.000  -99.000  -999
OBS: 338  57802.582   101.00   0.0000e+00   1.3664e+00   8.2246e-01   0  H  0.00  1   !  -9.99000e+02  -99.000  -99.000  -999
OBS: 338  57804.582   103.00   0.0000e+00   1.2281e+00   7.3921e-01   0  H  0.00  1   !  -9.99000e+02  -99.000  -99.000  -999
OBS: 338  57806.582   105.00   0.0000e+00   1.1025e+00   6.6363e-01   0  H  0.00  1   !  -9.99000e+02  -99.000  -99.000  -999
OBS: 338  57808.582   107.00   0.0000e+00   9.8858e-01   5.9504e-01   0  H  0.00  1   !  -9.99000e+02  -99.000  -99.000  -999
OBS: 338  57810.582   109.00   0.0000e+00   8.8467e-01   5.3249e-01   0  H  0.00  1   !  -9.99000e+02  -99.000  -99.000  -999
OBS: 338  57812.582   111.00   0.0000e+00   7.9598e-01   4.7911e-01   0  H  0.00  1   !  -9.99000e+02  -99.000  -99.000  -999
OBS: 338  57814.582   113.00   0.0000e+00   7.2076e-01   4.3383e-01   0  H  0.00  1   !  -9.99000e+02  -99.000  -99.000  -999
OBS: 338  57816.582   115.00   0.0000e+00   6.5261e-01   3.9281e-01   0  H  0.00  1   !  -9.99000e+02  -99.000  -99.000  -999
OBS: 338  57818.582   117.00   0.0000e+00   5.8763e-01   3.5370e-01   0  H  0.00  1   !  -9.99000e+02  -99.000  -99.000  -999
OBS: 338  57820.582   119.00   0.0000e+00   5.2730e-01   3.1739e-01   0  H  0.00  1   !  -9.99000e+02  -99.000  -99.000  -999
OBS: 338  57822.582   121.00   0.0000e+00   4.7269e-01   2.8452e-01   0  H  0.00  1   !  -9.99000e+02  -99.000  -99.000  -999
OBS: 338  57824.582   123.00   0.0000e+00   4.2447e-01   2.5550e-01   0  H  0.00  1   !  -9.99000e+02  -99.000  -99.000  -999
OBS: 338  57826.582   125.00   0.0000e+00   3.8124e-01   2.2947e-01   0  H  0.00  1   !  -9.99000e+02  -99.000  -99.000  -999
OBS: 338  57828.582   127.00   0.0000e+00   3.4240e-01   2.0609e-01   0  H  0.00  1   !  -9.99000e+02  -99.000  -99.000  -999
OBS: 338  57830.582   129.00   0.0000e+00   3.0752e-01   1.8510e-01   0  H  0.00  1   !  -9.99000e+02  -99.000  -99.000  -999
OBS: 338  57832.582   131.00   0.0000e+00   2.7620e-01   1.6625e-01   0  H  0.00  1   !  -9.99000e+02  -99.000  -99.000  -999
OBS: 338  57834.582   133.00   0.0000e+00   2.4806e-01   1.4931e-01   0  H  0.00  1   !  -9.99000e+02  -99.000  -99.000  -999
OBS: 338  57836.582   135.00   0.0000e+00   2.2279e-01   1.3410e-01   0  H  0.00  1   !  -9.99000e+02  -99.000  -99.000  -999
OBS: 338  57838.582   137.00   0.0000e+00   2.0010e-01   1.2044e-01   0  H  0.00  1   !  -9.99000e+02  -99.000  -99.000  -999
OBS: 338  57840.582   139.00   0.0000e+00   1.7972e-01   1.0817e-01   0  H  0.00  1   !  -9.99000e+02  -99.000  -99.000  -999
