VARNAMES: CID MJD Tobs SIM_FLUXCAL FLUXCAL FLUXCAL_ERR DATAFLAG BAND CHI2 IFIT BAND_REST FLUX_REST KCOR AVWARP SIM_FLUX_REST 
OBS: 318  57707.594    13.30   3.6695e+01   3.6651e+01   4.1833e-01   1  J  0.32  1   Y  1.03189e+18  -0.370  -1.527  1.00000e+11
OBS: 318  57712.715    18.42   3.7302e+01   3.7323e+01   4.2088e-01   1  J  0.28  1   Y  1.10737e+18  -0.313  -1.018  1.00000e+11
OBS: 318  57719.605    25.31   4.7257e+01   4.8341e+01   4.6066e-01   1  J  0.01  1   Y  1.47648e+18  -0.281  -0.791  1.00000e+11
OBS: 318  57635.293   -59.00   0.0000e+00   0.0000e+00   0.0000e+00   0  J  0.00  1   !  -9.99000e+02  -99.000  -99.000  -999
OBS: 318  57637.293   -57.00   0.0000e+00   0.0000e+00   0.0000e+00   0  J  0.00  1   !  -9.99000e+02  -99.000  -99.000  -999
OBS: 318  57639.293   -55.00   0.0000e+00   0.0000e+00   0.0000e+00   0  J  0.00  1   !  -9.99000e+02  -99.000  -99.000  -999
OBS: 318  57641.293   -53.00   0.0000e+00   0.0000e+00   0.0000e+00   0  J  0.00  1   !  -9.99000e+02  -99.000  -99.000  -999
OBS: 318  57643.293   -51.00   0.0000e+00   0.0000e+00   0.0000e+00   0  J  0.00  1   !  -9.99000e+02  -99.000  -99.000  -999
OBS: 318  57645.293   -49.00   0.0000e+00   0.0000e+00   0.0000e+00   0  J  0.00  1   !  -9.99000e+02  -99.000  -99.000  -999
OBS: 318  57647.293   -47.00   0.0000e+00   0.0000e+00   0.0000e+00   0  J  0.00  1   !  -9.99000e+02  -99.000  -99.000  -999
OBS: 318  57649.293   -45.00   0.0000e+00   0.0000e+00   0.0000e+00   0  J  0.00  1   !  -9.99000e+02  -99.000  -99.000  -999
OBS: 318  57651.293   -43.00   0.0000e+00   0.0000e+00   0.0000e+00   0  J  0.00  1   !  -9.99000e+02  -99.000  -99.000  -999
OBS: 318  57653.293   -41.00   0.0000e+00   0.0000e+00   0.0000e+00   0  J  0.00  1   !  -9.99000e+02  -99.000  -99.000  -999
OBS: 318  57655.293   -39.00   0.0000e+00   0.0000e+00   0.0000e+00   0  J  0.00  1   !  -9.99000e+02  -99.000  -99.000  -999
OBS: 318  57657.293   -37.00   0.0000e+00   0.0000e+00   0.0000e+00   0  J  0.00  1   !  -9.99000e+02  -99.000  -99.000  -999
OBS: 318  57659.293   -35.00   0.0000e+00   0.0000e+00   0.0000e+00   0  J  0.00  1   !  -9.99000e+02  -99.000  -99.000  -999
OBS: 318  57661.293   -33.00   0.0000e+00   0.0000e+00   0.0000e+00   0  J  0.00  1   !  -9.99000e+02  -99.000  -99.000  -999
OBS: 318  57663.293   -31.00   0.0000e+00   0.0000e+00   0.0000e+00   0  J  0.00  1   !  -9.99000e+02  -99.000  -99.000  -999
OBS: 318  57665.293   -29.00   0.0000e+00   0.0000e+00   0.0000e+00   0  J  0.00  1   !  -9.99000e+02  -99.000  -99.000  -999
OBS: 318  57667.293   -27.00   0.0000e+00   4.1356e+00   2.4893e+00   0  J  0.00  1   !  -9.99000e+02  -99.000  -99.000  -999
OBS: 318  57669.293   -25.00   0.0000e+00   3.2594e+00   1.9619e+00   0  J  0.00  1   !  -9.99000e+02  -99.000  -99.000  -999
OBS: 318  57671.293   -23.00   0.0000e+00   3.2390e+00   1.9496e+00   0  J  0.00  1   !  -9.99000e+02  -99.000  -99.000  -999
OBS: 318  57673.293   -21.00   0.0000e+00   3.2346e+00   1.9470e+00   0  J  0.00  1   !  -9.99000e+02  -99.000  -99.000  -999
OBS: 318  57675.293   -19.00   0.0000e+00   9.9078e+00   2.4001e+00   0  J  0.00  1   !  -9.99000e+02  -99.000  -99.000  -999
OBS: 318  57677.293   -17.00   0.0000e+00   2.0686e+01   1.8449e+00   0  J  0.00  1   !  -9.99000e+02  -99.000  -99.000  -999
OBS: 318  57679.293   -15.00   0.0000e+00   3.1937e+01   1.3238e+00   0  J  0.00  1   !  -9.99000e+02  -99.000  -99.000  -999
OBS: 318  57681.293   -13.00   0.0000e+00   4.1529e+01   1.2849e+00   0  J  0.00  1   !  -9.99000e+02  -99.000  -99.000  -999
OBS: 318  57683.293   -11.00   0.0000e+00   5.0716e+01   1.2496e+00   0  J  0.00  1   !  -9.99000e+02  -99.000  -99.000  -999
OBS: 318  57685.293    -9.00   0.0000e+00   5.8558e+01   1.1805e+00   0  J  0.00  1   !  -9.99000e+02  -99.000  -99.000  -999
OBS: 318  57687.293    -7.00   0.0000e+00   6.4168e+01   1.1608e+00   0  J  0.00  1   !  -9.99000e+02  -99.000  -99.000  -999
OBS: 318  57689.293    -5.00   0.0000e+00   6.6231e+01   1.2103e+00   0  J  0.00  1   !  -9.99000e+02  -99.000  -99.000  -999
OBS: 318  57691.293    -3.00   0.0000e+00   6.4610e+01   1.3393e+00   0  J  0.00  1   !  -9.99000e+02  -99.000  -99.000  -999
OBS: 318  57693.293    -1.00   0.0000e+00   6.0812e+01   1.4293e+00   0  J  0.00  1   !  -9.99000e+02  -99.000  -99.000  -999
OBS: 318  57695.293     1.00   0.0000e+00   5.6079e+01   1.5239e+00   0  J  0.00  1   !  -9.99000e+02  -99.000  -99.000  -999
OBS: 318  57697.293     3.00   0.0000e+00   5.1415e+01   1.6492e+00   0  J  0.00  1   !  -9.99000e+02  -99.000  -99.000  -999
OBS: 318  57699.293     5.00   0.0000e+00   4.7388e+01   1.7906e+00   0  J  0.00  1   !  -9.99000e+02  -99.000  -99.000  -999
OBS: 318  57701.293     7.00   0.0000e+00   4.4346e+01   1.8095e+00   0  J  0.00  1   !  -9.99000e+02  -99.000  -99.000  -999
OBS: 318  57703.293     9.00   0.0000e+00   4.1495e+01   1.7454e+00   0  J  0.00  1   !  -9.99000e+02  -99.000  -99.000  -999
OBS: 318  57705.293    11.00   0.0000e+00   3.9165e+01   1.7317e+00   0  J  0.00  1   !  -9.99000e+02  -99.000  -99.000  -999
OBS: 318  57707.293    13.00   0.0000e+00   3.7832e+01   1.7841e+00   0  J  0.00  1   !  -9.99000e+02  -99.000  -99.000  -999
OBS: 318  57709.293    15.00   0.0000e+00   3.7450e+01   1.8766e+00   0  J  0.00  1   !  -9.99000e+02  -99.000  -99.000  -999
OBS: 318  57711.293    17.00   0.0000e+00   3.7743e+01   1.8630e+00   0  J  0.00  1   !  -9.99000e+02  -99.000  -99.000  -999
OBS: 318  57713.293    19.00   0.0000e+00   3.8602e+01   1.7527e+00   0  J  0.00  1   !  -9.99000e+02  -99.000  -99.000  -999
OBS: 318  57715.293    21.00   0.0000e+00   4.1232e+01   1.6863e+00   0  J  0.00  1   !  -9.99000e+02  -99.000  -99.000  -999
OBS: 318  57717.293    23.00   0.0000e+00   4.4658e+01   1.6849e+00   0  J  0.00  1   !  -9.99000e+02  -99.000  -99.000  -999
OBS: 318  57719.293    25.00   0.0000e+00   4.7943e+01   1.6826e+00   0  J  0.00  1   !  -9.99000e+02  -99.000  -99.000  -999
OBS: 318  57721.293    27.00   0.0000e+00   5.0824e+01   1.6784e+00   0  J  0.00  1   !  -9.99000e+02  -99.000  -99.000  -999
OBS: 318  57723.293    29.00   0.0000e+00   5.1867e+01   1.6713e+00   0  J  0.00  1   !  -9.99000e+02  -99.000  -99.000  -999
OBS: 318  57725.293    31.00   0.0000e+00   5.2424e+01   1.7438e+00   0  J  0.00  1   !  -9.99000e+02  -99.000  -99.000  -999
OBS: 318  57727.293    33.00   0.0000e+00   5.4214e+01   1.8103e+00   0  J  0.00  1   !  -9.99000e+02  -99.000  -99.000  -999
OBS: 318  57729.293    35.00   0.0000e+00   5.5851e+01   1.7254e+00   0  J  0.00  1   !  -9.99000e+02  -99.000  -99.000  -999
OBS: 318  57731.293    37.00   0.0000e+00   5.6321e+01   1.6003e+00   0  J  0.00  1   !  -9.99000e+02  -99.000  -99.000  -999
OBS: 318  57733.293    39.00   0.0000e+00   5.4570e+01   1.4674e+00   0  J  0.00  1   !  -9.99000e+02  -99.000  -99.000  -999
OBS: 318  57735.293    41.00   0.0000e+00   5.1871e+01   1.3467e+00   0  J  0.00  1   !  -9.99000e+02  -99.000  -99.000  -999
OBS: 318  57737.293    43.00   0.0000e+00   4.8314e+01   1.2238e+00   0  J  0.00  1   !  -9.99000e+02  -99.000  -99.000  -999
OBS: 318  57739.293    45.00   0.0000e+00   4.4548e+01   1.1284e+00   0  J  0.00  1   !  -9.99000e+02  -99.000  -99.000  -999
OBS: 318  57741.293    47.00   0.0000e+00   4.0528e+01   1.0934e+00   0  J  0.00  1   !  -9.99000e+02  -99.000  -99.000  -999
OBS: 318  57743.293    49.00   0.0000e+00   3.7015e+01   1.1077e+00   0  J  0.00  1   !  -9.99000e+02  -99.000  -99.000  -999
OBS: 318  57745.293    51.00   0.0000e+00   3.4055e+01   1.1083e+00   0  J  0.00  1   !  -9.99000e+02  -99.000  -99.000  -999
OBS: 318  57747.293    53.00   0.0000e+00   3.0928e+01   1.0708e+00   0  J  0.00  1   !  -9.99000e+02  -99.000  -99.000  -999
OBS: 318  57749.293    55.00   0.0000e+00   2.7806e+01   1.0933e+00   0  J  0.00  1   !  -9.99000e+02  -99.000  -99.000  -999
OBS: 318  57751.293    57.00   0.0000e+00   2.4895e+01   1.2130e+00   0  J  0.00  1   !  -9.99000e+02  -99.000  -99.000  -999
OBS: 318  57753.293    59.00   0.0000e+00   2.2364e+01   1.3671e+00   0  J  0.00  1   !  -9.99000e+02  -99.000  -99.000  -999
OBS: 318  57755.293    61.00   0.0000e+00   2.0264e+01   1.4370e+00   0  J  0.00  1   !  -9.99000e+02  -99.000  -99.000  -999
OBS: 318  57757.293    63.00   0.0000e+00   1.8413e+01   1.3788e+00   0  J  0.00  1   !  -9.99000e+02  -99.000  -99.000  -999
OBS: 318  57759.293    65.00   0.0000e+00   1.6824e+01   1.2874e+00   0  J  0.00  1   !  -9.99000e+02  -99.000  -99.000  -999
OBS: 318  57761.293    67.00   0.0000e+00   1.5365e+01   1.2379e+00   0  J  0.00  1   !  -9.99000e+02  -99.000  -99.000  -999
OBS: 318  57763.293    69.00   0.0000e+00   1.3952e+01   4.7882e+00   0  J  0.00  1   !  -9.99000e+02  -99.000  -99.000  -999
OBS: 318  57765.293    71.00   0.0000e+00   1.2615e+01   7.5934e+00   0  J  0.00  1   !  -9.99000e+02  -99.000  -99.000  -999
OBS: 318  57767.293    73.00   0.0000e+00   1.1553e+01   6.9537e+00   0  J  0.00  1   !  -9.99000e+02  -99.000  -99.000  -999
OBS: 318  57769.293    75.00   0.0000e+00   1.0972e+01   6.6041e+00   0  J  0.00  1   !  -9.99000e+02  -99.000  -99.000  -999
OBS: 318  57771.293    77.00   0.0000e+00   1.0409e+01   6.2654e+00   0  J  0.00  1   !  -9.99000e+02  -99.000  -99.000  -999
OBS: 318  57773.293    79.00   0.0000e+00   9.8809e+00   5.9474e+00   0  J  0.00  1   !  -9.99000e+02  -99.000  -99.000  -999
OBS: 318  57775.293    81.00   0.0000e+00   9.4075e+00   5.6625e+00   0  J  0.00  1   !  -9.99000e+02  -99.000  -99.000  -999
OBS: 318  57777.293    83.00   0.0000e+00   8.6901e+00   5.2307e+00   0  J  0.00  1   !  -9.99000e+02  -99.000  -99.000  -999
OBS: 318  57779.293    85.00   0.0000e+00   7.6080e+00   4.5794e+00   0  J  0.00  1   !  -9.99000e+02  -99.000  -99.000  -999
OBS: 318  57781.293    87.00   0.0000e+00   6.6823e+00   4.0221e+00   0  J  0.00  1   !  -9.99000e+02  -99.000  -99.000  -999
OBS: 318  57783.293    89.00   0.0000e+00   5.9240e+00   3.5657e+00   0  J  0.00  1   !  -9.99000e+02  -99.000  -99.000  -999
OBS: 318  57785.293    91.00   0.0000e+00   5.3359e+00   3.2117e+00   0  J  0.00  1   !  -9.99000e+02  -99.000  -99.000  -999
OBS: 318  57787.293    93.00   0.0000e+00   4.8819e+00   2.9385e+00   0  J  0.00  1   !  -9.99000e+02  -99.000  -99.000  -999
OBS: 318  57789.293    95.00   0.0000e+00   4.5440e+00   2.7351e+00   0  J  0.00  1   !  -9.99000e+02  -99.000  -99.000  -999
OBS: 318  57791.293    97.00   0.0000e+00   4.2736e+00   2.5723e+00   0  J  0.00  1   !  -9.99000e+02  -99.000  -99.000  -999
OBS: 318  57793.293    99.00   0.0000e+00   4.0355e+00   2.4290e+00   0  J  0.00  1   !  -9.99000e+02  -99.000  -99.000  -999
OBS: 318  57795.293   101.00   0.0000e+00   3.8285e+00   2.3044e+00   0  J  0.00  1   !  -9.99000e+02  -99.000  -99.000  -999
OBS: 318  57797.293   103.00   0.0000e+00   3.5746e+00   2.1516e+00   0  J  0.00  1   !  -9.99000e+02  -99.000  -99.000  -999
OBS: 318  57799.293   105.00   0.0000e+00   3.3284e+00   2.0034e+00   0  J  0.00  1   !  -9.99000e+02  -99.000  -99.000  -999
OBS: 318  57801.293   107.00   0.0000e+00   3.1014e+00   1.8667e+00   0  J  0.00  1   !  -9.99000e+02  -99.000  -99.000  -999
OBS: 318  57803.293   109.00   0.0000e+00   2.8938e+00   1.7418e+00   0  J  0.00  1   !  -9.99000e+02  -99.000  -99.000  -999
OBS: 318  57805.293   111.00   0.0000e+00   2.7019e+00   1.6263e+00   0  J  0.00  1   !  -9.99000e+02  -99.000  -99.000  -999
OBS: 318  57807.293   113.00   0.0000e+00   2.5270e+00   1.5210e+00   0  J  0.00  1   !  -9.99000e+02  -99.000  -99.000  -999
OBS: 318  57809.293   115.00   0.0000e+00   2.3661e+00   1.4242e+00   0  J  0.00  1   !  -9.99000e+02  -99.000  -99.000  -999
OBS: 318  57811.293   117.00   0.0000e+00   2.2100e+00   1.3302e+00   0  J  0.00  1   !  -9.99000e+02  -99.000  -99.000  -999
OBS: 318  57813.293   119.00   0.0000e+00   2.0395e+00   1.2276e+00   0  J  0.00  1   !  -9.99000e+02  -99.000  -99.000  -999
OBS: 318  57815.293   121.00   0.0000e+00   1.8821e+00   1.1328e+00   0  J  0.00  1   !  -9.99000e+02  -99.000  -99.000  -999
OBS: 318  57817.293   123.00   0.0000e+00   1.7368e+00   1.0454e+00   0  J  0.00  1   !  -9.99000e+02  -99.000  -99.000  -999
OBS: 318  57819.293   125.00   0.0000e+00   1.6027e+00   9.6469e-01   0  J  0.00  1   !  -9.99000e+02  -99.000  -99.000  -999
OBS: 318  57821.293   127.00   0.0000e+00   1.4790e+00   8.9022e-01   0  J  0.00  1   !  -9.99000e+02  -99.000  -99.000  -999
OBS: 318  57823.293   129.00   0.0000e+00   1.3648e+00   8.2149e-01   0  J  0.00  1   !  -9.99000e+02  -99.000  -99.000  -999
OBS: 318  57825.293   131.00   0.0000e+00   1.2594e+00   7.5805e-01   0  J  0.00  1   !  -9.99000e+02  -99.000  -99.000  -999
OBS: 318  57827.293   133.00   0.0000e+00   1.1621e+00   6.9948e-01   0  J  0.00  1   !  -9.99000e+02  -99.000  -99.000  -999
OBS: 318  57829.293   135.00   0.0000e+00   1.0723e+00   6.4543e-01   0  J  0.00  1   !  -9.99000e+02  -99.000  -99.000  -999
OBS: 318  57831.293   137.00   0.0000e+00   9.8946e-01   5.9557e-01   0  J  0.00  1   !  -9.99000e+02  -99.000  -99.000  -999
OBS: 318  57833.293   139.00   0.0000e+00   9.1303e-01   5.4956e-01   0  J  0.00  1   !  -9.99000e+02  -99.000  -99.000  -999
OBS: 318  57707.590    13.30   1.5751e+01   1.6281e+01   4.2952e-01   1  H  1.11  1   J  7.79118e+17  0.206  -0.097  1.00000e+11
OBS: 318  57712.711    18.42   1.4606e+01   1.4917e+01   4.2290e-01   1  H  0.33  1   J  5.59120e+17  -0.059  -1.097  1.00000e+11
OBS: 318  57719.602    25.31   1.7938e+01   1.7801e+01   4.3677e-01   1  H  0.08  1   J  5.82669e+17  -0.206  -1.157  1.00000e+11
OBS: 318  57635.293   -59.00   0.0000e+00   0.0000e+00   0.0000e+00   0  H  0.00  1   !  -9.99000e+02  -99.000  -99.000  -999
OBS: 318  57637.293   -57.00   0.0000e+00   0.0000e+00   0.0000e+00   0  H  0.00  1   !  -9.99000e+02  -99.000  -99.000  -999
OBS: 318  57639.293   -55.00   0.0000e+00   0.0000e+00   0.0000e+00   0  H  0.00  1   !  -9.99000e+02  -99.000  -99.000  -999
OBS: 318  57641.293   -53.00   0.0000e+00   0.0000e+00   0.0000e+00   0  H  0.00  1   !  -9.99000e+02  -99.000  -99.000  -999
OBS: 318  57643.293   -51.00   0.0000e+00   0.0000e+00   0.0000e+00   0  H  0.00  1   !  -9.99000e+02  -99.000  -99.000  -999
OBS: 318  57645.293   -49.00   0.0000e+00   0.0000e+00   0.0000e+00   0  H  0.00  1   !  -9.99000e+02  -99.000  -99.000  -999
OBS: 318  57647.293   -47.00   0.0000e+00   0.0000e+00   0.0000e+00   0  H  0.00  1   !  -9.99000e+02  -99.000  -99.000  -999
OBS: 318  57649.293   -45.00   0.0000e+00   0.0000e+00   0.0000e+00   0  H  0.00  1   !  -9.99000e+02  -99.000  -99.000  -999
OBS: 318  57651.293   -43.00   0.0000e+00   0.0000e+00   0.0000e+00   0  H  0.00  1   !  -9.99000e+02  -99.000  -99.000  -999
OBS: 318  57653.293   -41.00   0.0000e+00   0.0000e+00   0.0000e+00   0  H  0.00  1   !  -9.99000e+02  -99.000  -99.000  -999
OBS: 318  57655.293   -39.00   0.0000e+00   0.0000e+00   0.0000e+00   0  H  0.00  1   !  -9.99000e+02  -99.000  -99.000  -999
OBS: 318  57657.293   -37.00   0.0000e+00   0.0000e+00   0.0000e+00   0  H  0.00  1   !  -9.99000e+02  -99.000  -99.000  -999
OBS: 318  57659.293   -35.00   0.0000e+00   0.0000e+00   0.0000e+00   0  H  0.00  1   !  -9.99000e+02  -99.000  -99.000  -999
OBS: 318  57661.293   -33.00   0.0000e+00   0.0000e+00   0.0000e+00   0  H  0.00  1   !  -9.99000e+02  -99.000  -99.000  -999
OBS: 318  57663.293   -31.00   0.0000e+00   0.0000e+00   0.0000e+00   0  H  0.00  1   !  -9.99000e+02  -99.000  -99.000  -999
OBS: 318  57665.293   -29.00   0.0000e+00   0.0000e+00   0.0000e+00   0  H  0.00  1   !  -9.99000e+02  -99.000  -99.000  -999
OBS: 318  57667.293   -27.00   0.0000e+00   2.7566e+00   1.6592e+00   0  H  0.00  1   !  -9.99000e+02  -99.000  -99.000  -999
OBS: 318  57669.293   -25.00   0.0000e+00   4.1944e+00   2.5246e+00   0  H  0.00  1   !  -9.99000e+02  -99.000  -99.000  -999
OBS: 318  57671.293   -23.00   0.0000e+00   4.3278e+00   2.6050e+00   0  H  0.00  1   !  -9.99000e+02  -99.000  -99.000  -999
OBS: 318  57673.293   -21.00   0.0000e+00   4.3294e+00   2.6059e+00   0  H  0.00  1   !  -9.99000e+02  -99.000  -99.000  -999
OBS: 318  57675.293   -19.00   0.0000e+00   9.7208e+00   2.8160e+00   0  H  0.00  1   !  -9.99000e+02  -99.000  -99.000  -999
OBS: 318  57677.293   -17.00   0.0000e+00   1.7440e+01   1.6744e+00   0  H  0.00  1   !  -9.99000e+02  -99.000  -99.000  -999
OBS: 318  57679.293   -15.00   0.0000e+00   2.5613e+01   9.9809e-01   0  H  0.00  1   !  -9.99000e+02  -99.000  -99.000  -999
OBS: 318  57681.293   -13.00   0.0000e+00   3.2466e+01   1.0004e+00   0  H  0.00  1   !  -9.99000e+02  -99.000  -99.000  -999
OBS: 318  57683.293   -11.00   0.0000e+00   3.8305e+01   9.1300e-01   0  H  0.00  1   !  -9.99000e+02  -99.000  -99.000  -999
OBS: 318  57685.293    -9.00   0.0000e+00   4.2037e+01   7.4762e-01   0  H  0.00  1   !  -9.99000e+02  -99.000  -99.000  -999
OBS: 318  57687.293    -7.00   0.0000e+00   4.4134e+01   6.9752e-01   0  H  0.00  1   !  -9.99000e+02  -99.000  -99.000  -999
OBS: 318  57689.293    -5.00   0.0000e+00   4.3690e+01   7.3094e-01   0  H  0.00  1   !  -9.99000e+02  -99.000  -99.000  -999
OBS: 318  57691.293    -3.00   0.0000e+00   4.1474e+01   7.6665e-01   0  H  0.00  1   !  -9.99000e+02  -99.000  -99.000  -999
OBS: 318  57693.293    -1.00   0.0000e+00   3.8309e+01   7.5840e-01   0  H  0.00  1   !  -9.99000e+02  -99.000  -99.000  -999
OBS: 318  57695.293     1.00   0.0000e+00   3.4247e+01   7.1835e-01   0  H  0.00  1   !  -9.99000e+02  -99.000  -99.000  -999
OBS: 318  57697.293     3.00   0.0000e+00   3.0033e+01   7.0480e-01   0  H  0.00  1   !  -9.99000e+02  -99.000  -99.000  -999
OBS: 318  57699.293     5.00   0.0000e+00   2.6225e+01   7.3395e-01   0  H  0.00  1   !  -9.99000e+02  -99.000  -99.000  -999
OBS: 318  57701.293     7.00   0.0000e+00   2.3114e+01   7.2922e-01   0  H  0.00  1   !  -9.99000e+02  -99.000  -99.000  -999
OBS: 318  57703.293     9.00   0.0000e+00   2.0067e+01   7.2823e-01   0  H  0.00  1   !  -9.99000e+02  -99.000  -99.000  -999
OBS: 318  57705.293    11.00   0.0000e+00   1.7392e+01   7.7275e-01   0  H  0.00  1   !  -9.99000e+02  -99.000  -99.000  -999
OBS: 318  57707.293    13.00   0.0000e+00   1.5436e+01   9.0169e-01   0  H  0.00  1   !  -9.99000e+02  -99.000  -99.000  -999
OBS: 318  57709.293    15.00   0.0000e+00   1.4208e+01   1.1080e+00   0  H  0.00  1   !  -9.99000e+02  -99.000  -99.000  -999
OBS: 318  57711.293    17.00   0.0000e+00   1.3931e+01   1.2641e+00   0  H  0.00  1   !  -9.99000e+02  -99.000  -99.000  -999
OBS: 318  57713.293    19.00   0.0000e+00   1.4258e+01   1.3250e+00   0  H  0.00  1   !  -9.99000e+02  -99.000  -99.000  -999
OBS: 318  57715.293    21.00   0.0000e+00   1.4864e+01   1.3205e+00   0  H  0.00  1   !  -9.99000e+02  -99.000  -99.000  -999
OBS: 318  57717.293    23.00   0.0000e+00   1.5807e+01   1.3916e+00   0  H  0.00  1   !  -9.99000e+02  -99.000  -99.000  -999
OBS: 318  57719.293    25.00   0.0000e+00   1.7125e+01   1.5134e+00   0  H  0.00  1   !  -9.99000e+02  -99.000  -99.000  -999
OBS: 318  57721.293    27.00   0.0000e+00   1.8783e+01   1.5111e+00   0  H  0.00  1   !  -9.99000e+02  -99.000  -99.000  -999
OBS: 318  57723.293    29.00   0.0000e+00   2.1017e+01   1.5754e+00   0  H  0.00  1   !  -9.99000e+02  -99.000  -99.000  -999
OBS: 318  57725.293    31.00   0.0000e+00   2.3536e+01   1.7513e+00   0  H  0.00  1   !  -9.99000e+02  -99.000  -99.000  -999
OBS: 318  57727.293    33.00   0.0000e+00   2.5501e+01   1.8138e+00   0  H  0.00  1   !  -9.99000e+02  -99.000  -99.000  -999
OBS: 318  57729.293    35.00   0.0000e+00   2.6896e+01   1.7886e+00   0  H  0.00  1   !  -9.99000e+02  -99.000  -99.000  -999
OBS: 318  57731.293    37.00   0.0000e+00   2.7766e+01   1.8941e+00   0  H  0.00  1   !  -9.99000e+02  -99.000  -99.000  -999
OBS: 318  57733.293    39.00   0.0000e+00   2.8075e+01   1.9455e+00   0  H  0.00  1   !  -9.99000e+02  -99.000  -99.000  -999
OBS: 318  57735.293    41.00   0.0000e+00   2.8050e+01   1.8287e+00   0  H  0.00  1   !  -9.99000e+02  -99.000  -99.000  -999
OBS: 318  57737.293    43.00   0.0000e+00   2.7860e+01   1.7064e+00   0  H  0.00  1   !  -9.99000e+02  -99.000  -99.000  -999
OBS: 318  57739.293    45.00   0.0000e+00   2.7744e+01   1.7265e+00   0  H  0.00  1   !  -9.99000e+02  -99.000  -99.000  -999
OBS: 318  57741.293    47.00   0.0000e+00   2.7172e+01   1.7885e+00   0  H  0.00  1   !  -9.99000e+02  -99.000  -99.000  -999
OBS: 318  57743.293    49.00   0.0000e+00   2.5914e+01   2.0399e+00   0  H  0.00  1   !  -9.99000e+02  -99.000  -99.000  -999
OBS: 318  57745.293    51.00   0.0000e+00   2.3864e+01   2.4855e+00   0  H  0.00  1   !  -9.99000e+02  -99.000  -99.000  -999
OBS: 318  57747.293    53.00   0.0000e+00   2.1436e+01   2.6469e+00   0  H  0.00  1   !  -9.99000e+02  -99.000  -99.000  -999
OBS: 318  57749.293    55.00   0.0000e+00   1.8936e+01   2.4424e+00   0  H  0.00  1   !  -9.99000e+02  -99.000  -99.000  -999
OBS: 318  57751.293    57.00   0.0000e+00   1.6651e+01   2.3533e+00   0  H  0.00  1   !  -9.99000e+02  -99.000  -99.000  -999
OBS: 318  57753.293    59.00   0.0000e+00   1.4885e+01   2.6230e+00   0  H  0.00  1   !  -9.99000e+02  -99.000  -99.000  -999
OBS: 318  57755.293    61.00   0.0000e+00   1.3751e+01   2.9483e+00   0  H  0.00  1   !  -9.99000e+02  -99.000  -99.000  -999
OBS: 318  57757.293    63.00   0.0000e+00   1.2914e+01   3.0100e+00   0  H  0.00  1   !  -9.99000e+02  -99.000  -99.000  -999
OBS: 318  57759.293    65.00   0.0000e+00   1.2099e+01   3.0787e+00   0  H  0.00  1   !  -9.99000e+02  -99.000  -99.000  -999
OBS: 318  57761.293    67.00   0.0000e+00   1.1227e+01   3.3266e+00   0  H  0.00  1   !  -9.99000e+02  -99.000  -99.000  -999
OBS: 318  57763.293    69.00   0.0000e+00   1.0363e+01   4.7201e+00   0  H  0.00  1   !  -9.99000e+02  -99.000  -99.000  -999
OBS: 318  57765.293    71.00   0.0000e+00   9.6127e+00   5.7860e+00   0  H  0.00  1   !  -9.99000e+02  -99.000  -99.000  -999
OBS: 318  57767.293    73.00   0.0000e+00   8.9451e+00   5.3842e+00   0  H  0.00  1   !  -9.99000e+02  -99.000  -99.000  -999
OBS: 318  57769.293    75.00   0.0000e+00   8.1953e+00   4.9328e+00   0  H  0.00  1   !  -9.99000e+02  -99.000  -99.000  -999
OBS: 318  57771.293    77.00   0.0000e+00   7.4868e+00   4.5064e+00   0  H  0.00  1   !  -9.99000e+02  -99.000  -99.000  -999
OBS: 318  57773.293    79.00   0.0000e+00   6.8128e+00   4.1007e+00   0  H  0.00  1   !  -9.99000e+02  -99.000  -99.000  -999
OBS: 318  57775.293    81.00   0.0000e+00   6.2319e+00   3.7511e+00   0  H  0.00  1   !  -9.99000e+02  -99.000  -99.000  -999
OBS: 318  57777.293    83.00   0.0000e+00   5.4658e+00   3.2900e+00   0  H  0.00  1   !  -9.99000e+02  -99.000  -99.000  -999
OBS: 318  57779.293    85.00   0.0000e+00   4.5249e+00   2.7236e+00   0  H  0.00  1   !  -9.99000e+02  -99.000  -99.000  -999
OBS: 318  57781.293    87.00   0.0000e+00   3.8530e+00   2.3192e+00   0  H  0.00  1   !  -9.99000e+02  -99.000  -99.000  -999
OBS: 318  57783.293    89.00   0.0000e+00   3.3498e+00   2.0163e+00   0  H  0.00  1   !  -9.99000e+02  -99.000  -99.000  -999
OBS: 318  57785.293    91.00   0.0000e+00   2.9598e+00   1.7815e+00   0  H  0.00  1   !  -9.99000e+02  -99.000  -99.000  -999
OBS: 318  57787.293    93.00   0.0000e+00   2.6333e+00   1.5850e+00   0  H  0.00  1   !  -9.99000e+02  -99.000  -99.000  -999
OBS: 318  57789.293    95.00   0.0000e+00   2.3502e+00   1.4146e+00   0  H  0.00  1   !  -9.99000e+02  -99.000  -99.000  -999
OBS: 318  57791.293    97.00   0.0000e+00   2.0902e+00   1.2581e+00   0  H  0.00  1   !  -9.99000e+02  -99.000  -99.000  -999
OBS: 318  57793.293    99.00   0.0000e+00   1.8412e+00   1.1083e+00   0  H  0.00  1   !  -9.99000e+02  -99.000  -99.000  -999
OBS: 318  57795.293   101.00   0.0000e+00   1.6021e+00   9.6433e-01   0  H  0.00  1   !  -9.99000e+02  -99.000  -99.000  -999
OBS: 318  57797.293   103.00   0.0000e+00   1.4499e+00   8.7270e-01   0  H  0.00  1   !  -9.99000e+02  -99.000  -99.000  -999
OBS: 318  57799.293   105.00   0.0000e+00   1.3229e+00   7.9626e-01   0  H  0.00  1   !  -9.99000e+02  -99.000  -99.000  -999
OBS: 318  57801.293   107.00   0.0000e+00   1.1528e+00   6.9386e-01   0  H  0.00  1   !  -9.99000e+02  -99.000  -99.000  -999
OBS: 318  57803.293   109.00   0.0000e+00   1.0175e+00   6.1244e-01   0  H  0.00  1   !  -9.99000e+02  -99.000  -99.000  -999
OBS: 318  57805.293   111.00   0.0000e+00   8.9899e-01   5.4111e-01   0  H  0.00  1   !  -9.99000e+02  -99.000  -99.000  -999
OBS: 318  57807.293   113.00   0.0000e+00   7.9422e-01   4.7805e-01   0  H  0.00  1   !  -9.99000e+02  -99.000  -99.000  -999
OBS: 318  57809.293   115.00   0.0000e+00   7.0131e-01   4.2212e-01   0  H  0.00  1   !  -9.99000e+02  -99.000  -99.000  -999
OBS: 318  57811.293   117.00   0.0000e+00   6.2034e-01   3.7339e-01   0  H  0.00  1   !  -9.99000e+02  -99.000  -99.000  -999
OBS: 318  57813.293   119.00   0.0000e+00   5.5233e-01   3.3246e-01   0  H  0.00  1   !  -9.99000e+02  -99.000  -99.000  -999
OBS: 318  57815.293   121.00   0.0000e+00   4.9178e-01   2.9601e-01   0  H  0.00  1   !  -9.99000e+02  -99.000  -99.000  -999
OBS: 318  57817.293   123.00   0.0000e+00   4.3787e-01   2.6356e-01   0  H  0.00  1   !  -9.99000e+02  -99.000  -99.000  -999
OBS: 318  57819.293   125.00   0.0000e+00   3.8987e-01   2.3466e-01   0  H  0.00  1   !  -9.99000e+02  -99.000  -99.000  -999
OBS: 318  57821.293   127.00   0.0000e+00   3.4713e-01   2.0894e-01   0  H  0.00  1   !  -9.99000e+02  -99.000  -99.000  -999
OBS: 318  57823.293   129.00   0.0000e+00   3.0907e-01   1.8603e-01   0  H  0.00  1   !  -9.99000e+02  -99.000  -99.000  -999
OBS: 318  57825.293   131.00   0.0000e+00   2.7519e-01   1.6564e-01   0  H  0.00  1   !  -9.99000e+02  -99.000  -99.000  -999
OBS: 318  57827.293   133.00   0.0000e+00   2.4502e-01   1.4748e-01   0  H  0.00  1   !  -9.99000e+02  -99.000  -99.000  -999
OBS: 318  57829.293   135.00   0.0000e+00   2.1816e-01   1.3131e-01   0  H  0.00  1   !  -9.99000e+02  -99.000  -99.000  -999
OBS: 318  57831.293   137.00   0.0000e+00   1.9424e-01   1.1692e-01   0  H  0.00  1   !  -9.99000e+02  -99.000  -99.000  -999
OBS: 318  57833.293   139.00   0.0000e+00   1.7295e-01   1.0410e-01   0  H  0.00  1   !  -9.99000e+02  -99.000  -99.000  -999
