VARNAMES: CID MJD Tobs SIM_FLUXCAL FLUXCAL FLUXCAL_ERR DATAFLAG BAND CHI2 IFIT BAND_REST FLUX_REST KCOR AVWARP SIM_FLUX_REST 
OBS: 946  57715.703    14.11   6.1207e+01   6.1081e+01   4.9955e-01   1  J  0.01  1   Y  1.11418e+18  -0.210  -1.402  1.00000e+11
OBS: 946  57723.895    22.30   7.6308e+01   7.6928e+01   5.4771e-01   1  J  0.01  1   Y  1.41604e+18  -0.200  -0.721  1.00000e+11
OBS: 946  57730.340    28.74   8.8271e+01   8.8118e+01   5.7931e-01   1  J  0.02  1   Y  1.81454e+18  -0.078  -0.731  1.00000e+11
OBS: 946  57642.598   -59.00   0.0000e+00   0.0000e+00   0.0000e+00   0  J  0.00  1   !  -9.99000e+02  -99.000  -99.000  -999
OBS: 946  57644.598   -57.00   0.0000e+00   0.0000e+00   0.0000e+00   0  J  0.00  1   !  -9.99000e+02  -99.000  -99.000  -999
OBS: 946  57646.598   -55.00   0.0000e+00   0.0000e+00   0.0000e+00   0  J  0.00  1   !  -9.99000e+02  -99.000  -99.000  -999
OBS: 946  57648.598   -53.00   0.0000e+00   0.0000e+00   0.0000e+00   0  J  0.00  1   !  -9.99000e+02  -99.000  -99.000  -999
OBS: 946  57650.598   -51.00   0.0000e+00   0.0000e+00   0.0000e+00   0  J  0.00  1   !  -9.99000e+02  -99.000  -99.000  -999
OBS: 946  57652.598   -49.00   0.0000e+00   0.0000e+00   0.0000e+00   0  J  0.00  1   !  -9.99000e+02  -99.000  -99.000  -999
OBS: 946  57654.598   -47.00   0.0000e+00   0.0000e+00   0.0000e+00   0  J  0.00  1   !  -9.99000e+02  -99.000  -99.000  -999
OBS: 946  57656.598   -45.00   0.0000e+00   0.0000e+00   0.0000e+00   0  J  0.00  1   !  -9.99000e+02  -99.000  -99.000  -999
OBS: 946  57658.598   -43.00   0.0000e+00   0.0000e+00   0.0000e+00   0  J  0.00  1   !  -9.99000e+02  -99.000  -99.000  -999
OBS: 946  57660.598   -41.00   0.0000e+00   0.0000e+00   0.0000e+00   0  J  0.00  1   !  -9.99000e+02  -99.000  -99.000  -999
OBS: 946  57662.598   -39.00   0.0000e+00   0.0000e+00   0.0000e+00   0  J  0.00  1   !  -9.99000e+02  -99.000  -99.000  -999
OBS: 946  57664.598   -37.00   0.0000e+00   0.0000e+00   0.0000e+00   0  J  0.00  1   !  -9.99000e+02  -99.000  -99.000  -999
OBS: 946  57666.598   -35.00   0.0000e+00   0.0000e+00   0.0000e+00   0  J  0.00  1   !  -9.99000e+02  -99.000  -99.000  -999
OBS: 946  57668.598   -33.00   0.0000e+00   0.0000e+00   0.0000e+00   0  J  0.00  1   !  -9.99000e+02  -99.000  -99.000  -999
OBS: 946  57670.598   -31.00   0.0000e+00   0.0000e+00   0.0000e+00   0  J  0.00  1   !  -9.99000e+02  -99.000  -99.000  -999
OBS: 946  57672.598   -29.00   0.0000e+00   0.0000e+00   0.0000e+00   0  J  0.00  1   !  -9.99000e+02  -99.000  -99.000  -999
OBS: 946  57674.598   -27.00   0.0000e+00   0.0000e+00   0.0000e+00   0  J  0.00  1   !  -9.99000e+02  -99.000  -99.000  -999
OBS: 946  57676.598   -25.00   0.0000e+00   1.1817e+01   7.1128e+00   0  J  0.00  1   !  -9.99000e+02  -99.000  -99.000  -999
OBS: 946  57678.598   -23.00   0.0000e+00   9.4747e+00   5.7029e+00   0  J  0.00  1   !  -9.99000e+02  -99.000  -99.000  -999
OBS: 946  57680.598   -21.00   0.0000e+00   9.4641e+00   5.6965e+00   0  J  0.00  1   !  -9.99000e+02  -99.000  -99.000  -999
OBS: 946  57682.598   -19.00   0.0000e+00   1.1511e+01   5.6916e+00   0  J  0.00  1   !  -9.99000e+02  -99.000  -99.000  -999
OBS: 946  57684.598   -17.00   0.0000e+00   3.0255e+01   3.4048e+00   0  J  0.00  1   !  -9.99000e+02  -99.000  -99.000  -999
OBS: 946  57686.598   -15.00   0.0000e+00   4.8273e+01   2.3739e+00   0  J  0.00  1   !  -9.99000e+02  -99.000  -99.000  -999
OBS: 946  57688.598   -13.00   0.0000e+00   6.5103e+01   2.2673e+00   0  J  0.00  1   !  -9.99000e+02  -99.000  -99.000  -999
OBS: 946  57690.598   -11.00   0.0000e+00   7.9231e+01   2.2476e+00   0  J  0.00  1   !  -9.99000e+02  -99.000  -99.000  -999
OBS: 946  57692.598    -9.00   0.0000e+00   9.2360e+01   2.0958e+00   0  J  0.00  1   !  -9.99000e+02  -99.000  -99.000  -999
OBS: 946  57694.598    -7.00   0.0000e+00   1.0081e+02   2.0062e+00   0  J  0.00  1   !  -9.99000e+02  -99.000  -99.000  -999
OBS: 946  57696.598    -5.00   0.0000e+00   1.0414e+02   2.0556e+00   0  J  0.00  1   !  -9.99000e+02  -99.000  -99.000  -999
OBS: 946  57698.598    -3.00   0.0000e+00   1.0043e+02   2.1684e+00   0  J  0.00  1   !  -9.99000e+02  -99.000  -99.000  -999
OBS: 946  57700.598    -1.00   0.0000e+00   9.3674e+01   2.2921e+00   0  J  0.00  1   !  -9.99000e+02  -99.000  -99.000  -999
OBS: 946  57702.598     1.00   0.0000e+00   8.5933e+01   2.4168e+00   0  J  0.00  1   !  -9.99000e+02  -99.000  -99.000  -999
OBS: 946  57704.598     3.00   0.0000e+00   7.8705e+01   2.6256e+00   0  J  0.00  1   !  -9.99000e+02  -99.000  -99.000  -999
OBS: 946  57706.598     5.00   0.0000e+00   7.2685e+01   2.8034e+00   0  J  0.00  1   !  -9.99000e+02  -99.000  -99.000  -999
OBS: 946  57708.598     7.00   0.0000e+00   6.8197e+01   2.8583e+00   0  J  0.00  1   !  -9.99000e+02  -99.000  -99.000  -999
OBS: 946  57710.598     9.00   0.0000e+00   6.4264e+01   2.8311e+00   0  J  0.00  1   !  -9.99000e+02  -99.000  -99.000  -999
OBS: 946  57712.598    11.00   0.0000e+00   6.2006e+01   2.8431e+00   0  J  0.00  1   !  -9.99000e+02  -99.000  -99.000  -999
OBS: 946  57714.598    13.00   0.0000e+00   6.1217e+01   2.9691e+00   0  J  0.00  1   !  -9.99000e+02  -99.000  -99.000  -999
OBS: 946  57716.598    15.00   0.0000e+00   6.1871e+01   3.0966e+00   0  J  0.00  1   !  -9.99000e+02  -99.000  -99.000  -999
OBS: 946  57718.598    17.00   0.0000e+00   6.3528e+01   3.0664e+00   0  J  0.00  1   !  -9.99000e+02  -99.000  -99.000  -999
OBS: 946  57720.598    19.00   0.0000e+00   6.7141e+01   3.0244e+00   0  J  0.00  1   !  -9.99000e+02  -99.000  -99.000  -999
OBS: 946  57722.598    21.00   0.0000e+00   7.2899e+01   3.0807e+00   0  J  0.00  1   !  -9.99000e+02  -99.000  -99.000  -999
OBS: 946  57724.598    23.00   0.0000e+00   7.8517e+01   3.2138e+00   0  J  0.00  1   !  -9.99000e+02  -99.000  -99.000  -999
OBS: 946  57726.598    25.00   0.0000e+00   8.3737e+01   3.3630e+00   0  J  0.00  1   !  -9.99000e+02  -99.000  -99.000  -999
OBS: 946  57728.598    27.00   0.0000e+00   8.6674e+01   3.5036e+00   0  J  0.00  1   !  -9.99000e+02  -99.000  -99.000  -999
OBS: 946  57730.598    29.00   0.0000e+00   8.9003e+01   3.5923e+00   0  J  0.00  1   !  -9.99000e+02  -99.000  -99.000  -999
OBS: 946  57732.598    31.00   0.0000e+00   9.3557e+01   3.6571e+00   0  J  0.00  1   !  -9.99000e+02  -99.000  -99.000  -999
OBS: 946  57734.598    33.00   0.0000e+00   9.9394e+01   3.4774e+00   0  J  0.00  1   !  -9.99000e+02  -99.000  -99.000  -999
OBS: 946  57736.598    35.00   0.0000e+00   1.0401e+02   3.2522e+00   0  J  0.00  1   !  -9.99000e+02  -99.000  -99.000  -999
OBS: 946  57738.598    37.00   0.0000e+00   1.0453e+02   3.0823e+00   0  J  0.00  1   !  -9.99000e+02  -99.000  -99.000  -999
OBS: 946  57740.598    39.00   0.0000e+00   1.0238e+02   2.8450e+00   0  J  0.00  1   !  -9.99000e+02  -99.000  -99.000  -999
OBS: 946  57742.598    41.00   0.0000e+00   9.7819e+01   2.5909e+00   0  J  0.00  1   !  -9.99000e+02  -99.000  -99.000  -999
OBS: 946  57744.598    43.00   0.0000e+00   9.2047e+01   2.3445e+00   0  J  0.00  1   !  -9.99000e+02  -99.000  -99.000  -999
OBS: 946  57746.598    45.00   0.0000e+00   8.5278e+01   2.2827e+00   0  J  0.00  1   !  -9.99000e+02  -99.000  -99.000  -999
OBS: 946  57748.598    47.00   0.0000e+00   7.9250e+01   2.3089e+00   0  J  0.00  1   !  -9.99000e+02  -99.000  -99.000  -999
OBS: 946  57750.598    49.00   0.0000e+00   7.2938e+01   2.2673e+00   0  J  0.00  1   !  -9.99000e+02  -99.000  -99.000  -999
OBS: 946  57752.598    51.00   0.0000e+00   6.5883e+01   2.1660e+00   0  J  0.00  1   !  -9.99000e+02  -99.000  -99.000  -999
OBS: 946  57754.598    53.00   0.0000e+00   5.9005e+01   2.2230e+00   0  J  0.00  1   !  -9.99000e+02  -99.000  -99.000  -999
OBS: 946  57756.598    55.00   0.0000e+00   5.3053e+01   2.3530e+00   0  J  0.00  1   !  -9.99000e+02  -99.000  -99.000  -999
OBS: 946  57758.598    57.00   0.0000e+00   4.8159e+01   2.3822e+00   0  J  0.00  1   !  -9.99000e+02  -99.000  -99.000  -999
OBS: 946  57760.598    59.00   0.0000e+00   4.4111e+01   2.3051e+00   0  J  0.00  1   !  -9.99000e+02  -99.000  -99.000  -999
OBS: 946  57762.598    61.00   0.0000e+00   4.0424e+01   2.1685e+00   0  J  0.00  1   !  -9.99000e+02  -99.000  -99.000  -999
OBS: 946  57764.598    63.00   0.0000e+00   3.7002e+01   2.1625e+00   0  J  0.00  1   !  -9.99000e+02  -99.000  -99.000  -999
OBS: 946  57766.598    65.00   0.0000e+00   3.3668e+01   5.6688e+00   0  J  0.00  1   !  -9.99000e+02  -99.000  -99.000  -999
OBS: 946  57768.598    67.00   0.0000e+00   3.0446e+01   1.8326e+01   0  J  0.00  1   !  -9.99000e+02  -99.000  -99.000  -999
OBS: 946  57770.598    69.00   0.0000e+00   2.7636e+01   1.6634e+01   0  J  0.00  1   !  -9.99000e+02  -99.000  -99.000  -999
OBS: 946  57772.598    71.00   0.0000e+00   2.5771e+01   1.5512e+01   0  J  0.00  1   !  -9.99000e+02  -99.000  -99.000  -999
OBS: 946  57774.598    73.00   0.0000e+00   2.4034e+01   1.4466e+01   0  J  0.00  1   !  -9.99000e+02  -99.000  -99.000  -999
OBS: 946  57776.598    75.00   0.0000e+00   2.2471e+01   1.3525e+01   0  J  0.00  1   !  -9.99000e+02  -99.000  -99.000  -999
OBS: 946  57778.598    77.00   0.0000e+00   2.1144e+01   1.2727e+01   0  J  0.00  1   !  -9.99000e+02  -99.000  -99.000  -999
OBS: 946  57780.598    79.00   0.0000e+00   1.9029e+01   1.1454e+01   0  J  0.00  1   !  -9.99000e+02  -99.000  -99.000  -999
OBS: 946  57782.598    81.00   0.0000e+00   1.6494e+01   9.9279e+00   0  J  0.00  1   !  -9.99000e+02  -99.000  -99.000  -999
OBS: 946  57784.598    83.00   0.0000e+00   1.4414e+01   8.6760e+00   0  J  0.00  1   !  -9.99000e+02  -99.000  -99.000  -999
OBS: 946  57786.598    85.00   0.0000e+00   1.2773e+01   7.6882e+00   0  J  0.00  1   !  -9.99000e+02  -99.000  -99.000  -999
OBS: 946  57788.598    87.00   0.0000e+00   1.1468e+01   6.9025e+00   0  J  0.00  1   !  -9.99000e+02  -99.000  -99.000  -999
OBS: 946  57790.598    89.00   0.0000e+00   1.0462e+01   6.2972e+00   0  J  0.00  1   !  -9.99000e+02  -99.000  -99.000  -999
OBS: 946  57792.598    91.00   0.0000e+00   9.6593e+00   5.8140e+00   0  J  0.00  1   !  -9.99000e+02  -99.000  -99.000  -999
OBS: 946  57794.598    93.00   0.0000e+00   8.9596e+00   5.3929e+00   0  J  0.00  1   !  -9.99000e+02  -99.000  -99.000  -999
OBS: 946  57796.598    95.00   0.0000e+00   8.3423e+00   5.0213e+00   0  J  0.00  1   !  -9.99000e+02  -99.000  -99.000  -999
OBS: 946  57798.598    97.00   0.0000e+00   7.7242e+00   4.6493e+00   0  J  0.00  1   !  -9.99000e+02  -99.000  -99.000  -999
OBS: 946  57800.598    99.00   0.0000e+00   7.1090e+00   4.2790e+00   0  J  0.00  1   !  -9.99000e+02  -99.000  -99.000  -999
OBS: 946  57802.598   101.00   0.0000e+00   6.5459e+00   3.9401e+00   0  J  0.00  1   !  -9.99000e+02  -99.000  -99.000  -999
OBS: 946  57804.598   103.00   0.0000e+00   6.0364e+00   3.6334e+00   0  J  0.00  1   !  -9.99000e+02  -99.000  -99.000  -999
OBS: 946  57806.598   105.00   0.0000e+00   5.5701e+00   3.3527e+00   0  J  0.00  1   !  -9.99000e+02  -99.000  -99.000  -999
OBS: 946  57808.598   107.00   0.0000e+00   5.1491e+00   3.0993e+00   0  J  0.00  1   !  -9.99000e+02  -99.000  -99.000  -999
OBS: 946  57810.598   109.00   0.0000e+00   4.7663e+00   2.8689e+00   0  J  0.00  1   !  -9.99000e+02  -99.000  -99.000  -999
OBS: 946  57812.598   111.00   0.0000e+00   4.3979e+00   2.6471e+00   0  J  0.00  1   !  -9.99000e+02  -99.000  -99.000  -999
OBS: 946  57814.598   113.00   0.0000e+00   4.0204e+00   2.4199e+00   0  J  0.00  1   !  -9.99000e+02  -99.000  -99.000  -999
OBS: 946  57816.598   115.00   0.0000e+00   3.6747e+00   2.2118e+00   0  J  0.00  1   !  -9.99000e+02  -99.000  -99.000  -999
OBS: 946  57818.598   117.00   0.0000e+00   3.3588e+00   2.0217e+00   0  J  0.00  1   !  -9.99000e+02  -99.000  -99.000  -999
OBS: 946  57820.598   119.00   0.0000e+00   3.0703e+00   1.8481e+00   0  J  0.00  1   !  -9.99000e+02  -99.000  -99.000  -999
OBS: 946  57822.598   121.00   0.0000e+00   2.8065e+00   1.6893e+00   0  J  0.00  1   !  -9.99000e+02  -99.000  -99.000  -999
OBS: 946  57824.598   123.00   0.0000e+00   2.5654e+00   1.5442e+00   0  J  0.00  1   !  -9.99000e+02  -99.000  -99.000  -999
OBS: 946  57826.598   125.00   0.0000e+00   2.3450e+00   1.4115e+00   0  J  0.00  1   !  -9.99000e+02  -99.000  -99.000  -999
OBS: 946  57828.598   127.00   0.0000e+00   2.1435e+00   1.2902e+00   0  J  0.00  1   !  -9.99000e+02  -99.000  -99.000  -999
OBS: 946  57830.598   129.00   0.0000e+00   1.9593e+00   1.1794e+00   0  J  0.00  1   !  -9.99000e+02  -99.000  -99.000  -999
OBS: 946  57832.598   131.00   0.0000e+00   1.7910e+00   1.0780e+00   0  J  0.00  1   !  -9.99000e+02  -99.000  -99.000  -999
OBS: 946  57834.598   133.00   0.0000e+00   1.6370e+00   9.8536e-01   0  J  0.00  1   !  -9.99000e+02  -99.000  -99.000  -999
OBS: 946  57836.598   135.00   0.0000e+00   1.4963e+00   9.0064e-01   0  J  0.00  1   !  -9.99000e+02  -99.000  -99.000  -999
OBS: 946  57838.598   137.00   0.0000e+00   1.3677e+00   8.2322e-01   0  J  0.00  1   !  -9.99000e+02  -99.000  -99.000  -999
OBS: 946  57840.598   139.00   0.0000e+00   1.2501e+00   7.5248e-01   0  J  0.00  1   !  -9.99000e+02  -99.000  -99.000  -999
OBS: 946  57715.699    14.10   2.0386e+01   2.0228e+01   4.4086e-01   1  H  0.00  1   J  6.86546e+17  0.464  -0.148  1.00000e+11
OBS: 946  57723.891    22.29   1.9237e+01   1.9151e+01   4.3578e-01   1  H  0.00  1   J  5.69605e+17  0.321  -0.872  1.00000e+11
OBS: 946  57730.336    28.74   2.5257e+01   2.5891e+01   4.6666e-01   1  H  0.12  1   J  7.29829e+17  0.263  -0.400  1.00000e+11
OBS: 946  57642.598   -59.00   0.0000e+00   0.0000e+00   0.0000e+00   0  H  0.00  1   !  -9.99000e+02  -99.000  -99.000  -999
OBS: 946  57644.598   -57.00   0.0000e+00   0.0000e+00   0.0000e+00   0  H  0.00  1   !  -9.99000e+02  -99.000  -99.000  -999
OBS: 946  57646.598   -55.00   0.0000e+00   0.0000e+00   0.0000e+00   0  H  0.00  1   !  -9.99000e+02  -99.000  -99.000  -999
OBS: 946  57648.598   -53.00   0.0000e+00   0.0000e+00   0.0000e+00   0  H  0.00  1   !  -9.99000e+02  -99.000  -99.000  -999
OBS: 946  57650.598   -51.00   0.0000e+00   0.0000e+00   0.0000e+00   0  H  0.00  1   !  -9.99000e+02  -99.000  -99.000  -999
OBS: 946  57652.598   -49.00   0.0000e+00   0.0000e+00   0.0000e+00   0  H  0.00  1   !  -9.99000e+02  -99.000  -99.000  -999
OBS: 946  57654.598   -47.00   0.0000e+00   0.0000e+00   0.0000e+00   0  H  0.00  1   !  -9.99000e+02  -99.000  -99.000  -999
OBS: 946  57656.598   -45.00   0.0000e+00   0.0000e+00   0.0000e+00   0  H  0.00  1   !  -9.99000e+02  -99.000  -99.000  -999
OBS: 946  57658.598   -43.00   0.0000e+00   0.0000e+00   0.0000e+00   0  H  0.00  1   !  -9.99000e+02  -99.000  -99.000  -999
OBS: 946  57660.598   -41.00   0.0000e+00   0.0000e+00   0.0000e+00   0  H  0.00  1   !  -9.99000e+02  -99.000  -99.000  -999
OBS: 946  57662.598   -39.00   0.0000e+00   0.0000e+00   0.0000e+00   0  H  0.00  1   !  -9.99000e+02  -99.000  -99.000  -999
OBS: 946  57664.598   -37.00   0.0000e+00   0.0000e+00   0.0000e+00   0  H  0.00  1   !  -9.99000e+02  -99.000  -99.000  -999
OBS: 946  57666.598   -35.00   0.0000e+00   0.0000e+00   0.0000e+00   0  H  0.00  1   !  -9.99000e+02  -99.000  -99.000  -999
OBS: 946  57668.598   -33.00   0.0000e+00   0.0000e+00   0.0000e+00   0  H  0.00  1   !  -9.99000e+02  -99.000  -99.000  -999
OBS: 946  57670.598   -31.00   0.0000e+00   0.0000e+00   0.0000e+00   0  H  0.00  1   !  -9.99000e+02  -99.000  -99.000  -999
OBS: 946  57672.598   -29.00   0.0000e+00   0.0000e+00   0.0000e+00   0  H  0.00  1   !  -9.99000e+02  -99.000  -99.000  -999
OBS: 946  57674.598   -27.00   0.0000e+00   0.0000e+00   0.0000e+00   0  H  0.00  1   !  -9.99000e+02  -99.000  -99.000  -999
OBS: 946  57676.598   -25.00   0.0000e+00   7.8117e+00   4.7020e+00   0  H  0.00  1   !  -9.99000e+02  -99.000  -99.000  -999
OBS: 946  57678.598   -23.00   0.0000e+00   9.2789e+00   5.5851e+00   0  H  0.00  1   !  -9.99000e+02  -99.000  -99.000  -999
OBS: 946  57680.598   -21.00   0.0000e+00   9.2975e+00   5.5963e+00   0  H  0.00  1   !  -9.99000e+02  -99.000  -99.000  -999
OBS: 946  57682.598   -19.00   0.0000e+00   1.1438e+01   5.7735e+00   0  H  0.00  1   !  -9.99000e+02  -99.000  -99.000  -999
OBS: 946  57684.598   -17.00   0.0000e+00   2.4111e+01   3.1258e+00   0  H  0.00  1   !  -9.99000e+02  -99.000  -99.000  -999
OBS: 946  57686.598   -15.00   0.0000e+00   3.7500e+01   1.7496e+00   0  H  0.00  1   !  -9.99000e+02  -99.000  -99.000  -999
OBS: 946  57688.598   -13.00   0.0000e+00   5.0291e+01   1.6616e+00   0  H  0.00  1   !  -9.99000e+02  -99.000  -99.000  -999
OBS: 946  57690.598   -11.00   0.0000e+00   6.0842e+01   1.6637e+00   0  H  0.00  1   !  -9.99000e+02  -99.000  -99.000  -999
OBS: 946  57692.598    -9.00   0.0000e+00   6.8935e+01   1.2824e+00   0  H  0.00  1   !  -9.99000e+02  -99.000  -99.000  -999
OBS: 946  57694.598    -7.00   0.0000e+00   7.3534e+01   1.1237e+00   0  H  0.00  1   !  -9.99000e+02  -99.000  -99.000  -999
OBS: 946  57696.598    -5.00   0.0000e+00   7.4746e+01   1.1830e+00   0  H  0.00  1   !  -9.99000e+02  -99.000  -99.000  -999
OBS: 946  57698.598    -3.00   0.0000e+00   7.2263e+01   1.2276e+00   0  H  0.00  1   !  -9.99000e+02  -99.000  -99.000  -999
OBS: 946  57700.598    -1.00   0.0000e+00   6.7802e+01   1.2586e+00   0  H  0.00  1   !  -9.99000e+02  -99.000  -99.000  -999
OBS: 946  57702.598     1.00   0.0000e+00   6.1148e+01   1.1862e+00   0  H  0.00  1   !  -9.99000e+02  -99.000  -99.000  -999
OBS: 946  57704.598     3.00   0.0000e+00   5.4000e+01   1.1861e+00   0  H  0.00  1   !  -9.99000e+02  -99.000  -99.000  -999
OBS: 946  57706.598     5.00   0.0000e+00   4.7130e+01   1.2164e+00   0  H  0.00  1   !  -9.99000e+02  -99.000  -99.000  -999
OBS: 946  57708.598     7.00   0.0000e+00   4.0214e+01   1.1611e+00   0  H  0.00  1   !  -9.99000e+02  -99.000  -99.000  -999
OBS: 946  57710.598     9.00   0.0000e+00   3.3054e+01   1.1650e+00   0  H  0.00  1   !  -9.99000e+02  -99.000  -99.000  -999
OBS: 946  57712.598    11.00   0.0000e+00   2.6788e+01   1.2143e+00   0  H  0.00  1   !  -9.99000e+02  -99.000  -99.000  -999
OBS: 946  57714.598    13.00   0.0000e+00   2.2161e+01   1.3285e+00   0  H  0.00  1   !  -9.99000e+02  -99.000  -99.000  -999
OBS: 946  57716.598    15.00   0.0000e+00   1.9342e+01   1.4809e+00   0  H  0.00  1   !  -9.99000e+02  -99.000  -99.000  -999
OBS: 946  57718.598    17.00   0.0000e+00   1.8190e+01   1.5434e+00   0  H  0.00  1   !  -9.99000e+02  -99.000  -99.000  -999
OBS: 946  57720.598    19.00   0.0000e+00   1.8122e+01   1.5448e+00   0  H  0.00  1   !  -9.99000e+02  -99.000  -99.000  -999
OBS: 946  57722.598    21.00   0.0000e+00   1.8588e+01   1.6257e+00   0  H  0.00  1   !  -9.99000e+02  -99.000  -99.000  -999
OBS: 946  57724.598    23.00   0.0000e+00   1.9591e+01   1.7904e+00   0  H  0.00  1   !  -9.99000e+02  -99.000  -99.000  -999
OBS: 946  57726.598    25.00   0.0000e+00   2.0897e+01   1.7629e+00   0  H  0.00  1   !  -9.99000e+02  -99.000  -99.000  -999
OBS: 946  57728.598    27.00   0.0000e+00   2.2886e+01   1.7289e+00   0  H  0.00  1   !  -9.99000e+02  -99.000  -99.000  -999
OBS: 946  57730.598    29.00   0.0000e+00   2.5573e+01   1.9225e+00   0  H  0.00  1   !  -9.99000e+02  -99.000  -99.000  -999
OBS: 946  57732.598    31.00   0.0000e+00   2.8292e+01   1.9874e+00   0  H  0.00  1   !  -9.99000e+02  -99.000  -99.000  -999
OBS: 946  57734.598    33.00   0.0000e+00   3.0515e+01   1.9236e+00   0  H  0.00  1   !  -9.99000e+02  -99.000  -99.000  -999
OBS: 946  57736.598    35.00   0.0000e+00   3.2017e+01   2.0358e+00   0  H  0.00  1   !  -9.99000e+02  -99.000  -99.000  -999
OBS: 946  57738.598    37.00   0.0000e+00   3.2444e+01   2.1083e+00   0  H  0.00  1   !  -9.99000e+02  -99.000  -99.000  -999
OBS: 946  57740.598    39.00   0.0000e+00   3.2640e+01   1.9628e+00   0  H  0.00  1   !  -9.99000e+02  -99.000  -99.000  -999
OBS: 946  57742.598    41.00   0.0000e+00   3.2990e+01   1.8187e+00   0  H  0.00  1   !  -9.99000e+02  -99.000  -99.000  -999
OBS: 946  57744.598    43.00   0.0000e+00   3.3364e+01   1.8359e+00   0  H  0.00  1   !  -9.99000e+02  -99.000  -99.000  -999
OBS: 946  57746.598    45.00   0.0000e+00   3.2787e+01   1.8841e+00   0  H  0.00  1   !  -9.99000e+02  -99.000  -99.000  -999
OBS: 946  57748.598    47.00   0.0000e+00   3.0681e+01   2.2364e+00   0  H  0.00  1   !  -9.99000e+02  -99.000  -99.000  -999
OBS: 946  57750.598    49.00   0.0000e+00   2.7572e+01   2.5435e+00   0  H  0.00  1   !  -9.99000e+02  -99.000  -99.000  -999
OBS: 946  57752.598    51.00   0.0000e+00   2.4088e+01   2.4751e+00   0  H  0.00  1   !  -9.99000e+02  -99.000  -99.000  -999
OBS: 946  57754.598    53.00   0.0000e+00   2.0663e+01   2.3246e+00   0  H  0.00  1   !  -9.99000e+02  -99.000  -99.000  -999
OBS: 946  57756.598    55.00   0.0000e+00   1.7838e+01   2.3816e+00   0  H  0.00  1   !  -9.99000e+02  -99.000  -99.000  -999
OBS: 946  57758.598    57.00   0.0000e+00   1.6117e+01   2.6438e+00   0  H  0.00  1   !  -9.99000e+02  -99.000  -99.000  -999
OBS: 946  57760.598    59.00   0.0000e+00   1.5140e+01   2.7326e+00   0  H  0.00  1   !  -9.99000e+02  -99.000  -99.000  -999
OBS: 946  57762.598    61.00   0.0000e+00   1.4194e+01   2.8850e+00   0  H  0.00  1   !  -9.99000e+02  -99.000  -99.000  -999
OBS: 946  57764.598    63.00   0.0000e+00   1.2993e+01   3.3731e+00   0  H  0.00  1   !  -9.99000e+02  -99.000  -99.000  -999
OBS: 946  57766.598    65.00   0.0000e+00   1.1722e+01   4.2426e+00   0  H  0.00  1   !  -9.99000e+02  -99.000  -99.000  -999
OBS: 946  57768.598    67.00   0.0000e+00   1.0627e+01   6.3964e+00   0  H  0.00  1   !  -9.99000e+02  -99.000  -99.000  -999
OBS: 946  57770.598    69.00   0.0000e+00   9.7560e+00   5.8723e+00   0  H  0.00  1   !  -9.99000e+02  -99.000  -99.000  -999
OBS: 946  57772.598    71.00   0.0000e+00   8.8437e+00   5.3231e+00   0  H  0.00  1   !  -9.99000e+02  -99.000  -99.000  -999
OBS: 946  57774.598    73.00   0.0000e+00   8.0024e+00   4.8167e+00   0  H  0.00  1   !  -9.99000e+02  -99.000  -99.000  -999
OBS: 946  57776.598    75.00   0.0000e+00   7.2117e+00   4.3408e+00   0  H  0.00  1   !  -9.99000e+02  -99.000  -99.000  -999
OBS: 946  57778.598    77.00   0.0000e+00   6.5937e+00   3.9688e+00   0  H  0.00  1   !  -9.99000e+02  -99.000  -99.000  -999
OBS: 946  57780.598    79.00   0.0000e+00   5.5889e+00   3.3640e+00   0  H  0.00  1   !  -9.99000e+02  -99.000  -99.000  -999
OBS: 946  57782.598    81.00   0.0000e+00   4.6037e+00   2.7710e+00   0  H  0.00  1   !  -9.99000e+02  -99.000  -99.000  -999
OBS: 946  57784.598    83.00   0.0000e+00   3.9229e+00   2.3612e+00   0  H  0.00  1   !  -9.99000e+02  -99.000  -99.000  -999
OBS: 946  57786.598    85.00   0.0000e+00   3.4389e+00   2.0699e+00   0  H  0.00  1   !  -9.99000e+02  -99.000  -99.000  -999
OBS: 946  57788.598    87.00   0.0000e+00   3.0409e+00   1.8303e+00   0  H  0.00  1   !  -9.99000e+02  -99.000  -99.000  -999
OBS: 946  57790.598    89.00   0.0000e+00   2.6889e+00   1.6185e+00   0  H  0.00  1   !  -9.99000e+02  -99.000  -99.000  -999
OBS: 946  57792.598    91.00   0.0000e+00   2.3605e+00   1.4208e+00   0  H  0.00  1   !  -9.99000e+02  -99.000  -99.000  -999
OBS: 946  57794.598    93.00   0.0000e+00   2.0495e+00   1.2336e+00   0  H  0.00  1   !  -9.99000e+02  -99.000  -99.000  -999
OBS: 946  57796.598    95.00   0.0000e+00   1.7511e+00   1.0540e+00   0  H  0.00  1   !  -9.99000e+02  -99.000  -99.000  -999
OBS: 946  57798.598    97.00   0.0000e+00   1.5316e+00   9.2189e-01   0  H  0.00  1   !  -9.99000e+02  -99.000  -99.000  -999
OBS: 946  57800.598    99.00   0.0000e+00   1.3806e+00   8.3100e-01   0  H  0.00  1   !  -9.99000e+02  -99.000  -99.000  -999
OBS: 946  57802.598   101.00   0.0000e+00   1.2439e+00   7.4874e-01   0  H  0.00  1   !  -9.99000e+02  -99.000  -99.000  -999
OBS: 946  57804.598   103.00   0.0000e+00   1.1199e+00   6.7406e-01   0  H  0.00  1   !  -9.99000e+02  -99.000  -99.000  -999
OBS: 946  57806.598   105.00   0.0000e+00   1.0073e+00   6.0633e-01   0  H  0.00  1   !  -9.99000e+02  -99.000  -99.000  -999
OBS: 946  57808.598   107.00   0.0000e+00   9.0463e-01   5.4451e-01   0  H  0.00  1   !  -9.99000e+02  -99.000  -99.000  -999
OBS: 946  57810.598   109.00   0.0000e+00   8.1094e-01   4.8811e-01   0  H  0.00  1   !  -9.99000e+02  -99.000  -99.000  -999
OBS: 946  57812.598   111.00   0.0000e+00   7.2939e-01   4.3903e-01   0  H  0.00  1   !  -9.99000e+02  -99.000  -99.000  -999
OBS: 946  57814.598   113.00   0.0000e+00   6.6178e-01   3.9833e-01   0  H  0.00  1   !  -9.99000e+02  -99.000  -99.000  -999
OBS: 946  57816.598   115.00   0.0000e+00   6.0042e-01   3.6140e-01   0  H  0.00  1   !  -9.99000e+02  -99.000  -99.000  -999
OBS: 946  57818.598   117.00   0.0000e+00   5.4472e-01   3.2788e-01   0  H  0.00  1   !  -9.99000e+02  -99.000  -99.000  -999
OBS: 946  57820.598   119.00   0.0000e+00   4.9419e-01   2.9746e-01   0  H  0.00  1   !  -9.99000e+02  -99.000  -99.000  -999
OBS: 946  57822.598   121.00   0.0000e+00   4.4832e-01   2.6985e-01   0  H  0.00  1   !  -9.99000e+02  -99.000  -99.000  -999
OBS: 946  57824.598   123.00   0.0000e+00   4.0669e-01   2.4479e-01   0  H  0.00  1   !  -9.99000e+02  -99.000  -99.000  -999
OBS: 946  57826.598   125.00   0.0000e+00   3.6698e-01   2.2089e-01   0  H  0.00  1   !  -9.99000e+02  -99.000  -99.000  -999
OBS: 946  57828.598   127.00   0.0000e+00   3.2981e-01   1.9852e-01   0  H  0.00  1   !  -9.99000e+02  -99.000  -99.000  -999
OBS: 946  57830.598   129.00   0.0000e+00   2.9615e-01   1.7825e-01   0  H  0.00  1   !  -9.99000e+02  -99.000  -99.000  -999
OBS: 946  57832.598   131.00   0.0000e+00   2.6599e-01   1.6010e-01   0  H  0.00  1   !  -9.99000e+02  -99.000  -99.000  -999
OBS: 946  57834.598   133.00   0.0000e+00   2.3957e-01   1.4420e-01   0  H  0.00  1   !  -9.99000e+02  -99.000  -99.000  -999
OBS: 946  57836.598   135.00   0.0000e+00   2.1577e-01   1.2988e-01   0  H  0.00  1   !  -9.99000e+02  -99.000  -99.000  -999
OBS: 946  57838.598   137.00   0.0000e+00   1.9434e-01   1.1698e-01   0  H  0.00  1   !  -9.99000e+02  -99.000  -99.000  -999
OBS: 946  57840.598   139.00   0.0000e+00   1.7504e-01   1.0536e-01   0  H  0.00  1   !  -9.99000e+02  -99.000  -99.000  -999
