VARNAMES: CID MJD Tobs SIM_FLUXCAL FLUXCAL FLUXCAL_ERR DATAFLAG BAND CHI2 IFIT BAND_REST FLUX_REST KCOR AVWARP SIM_FLUX_REST 
OBS: 372  57414.887    19.18   1.3105e+01   1.3222e+01   2.1509e-01   1  H  0.01  1   Y  1.14569e+18  0.075  -0.897  1.00000e+11
OBS: 372  57421.488    25.78   1.6078e+01   1.6201e+01   2.2678e-01   1  H  0.01  1   Y  1.38507e+18  0.061  -1.030  1.00000e+11
OBS: 372  57429.172    33.47   2.0255e+01   2.0156e+01   2.4143e-01   1  H  0.03  1   Y  1.82742e+18  0.124  -0.615  1.00000e+11
OBS: 372  57336.703   -59.00   0.0000e+00   0.0000e+00   0.0000e+00   0  H  0.00  1   !  -9.99000e+02  -99.000  -99.000  -999
OBS: 372  57338.703   -57.00   0.0000e+00   0.0000e+00   0.0000e+00   0  H  0.00  1   !  -9.99000e+02  -99.000  -99.000  -999
OBS: 372  57340.703   -55.00   0.0000e+00   0.0000e+00   0.0000e+00   0  H  0.00  1   !  -9.99000e+02  -99.000  -99.000  -999
OBS: 372  57342.703   -53.00   0.0000e+00   0.0000e+00   0.0000e+00   0  H  0.00  1   !  -9.99000e+02  -99.000  -99.000  -999
OBS: 372  57344.703   -51.00   0.0000e+00   0.0000e+00   0.0000e+00   0  H  0.00  1   !  -9.99000e+02  -99.000  -99.000  -999
OBS: 372  57346.703   -49.00   0.0000e+00   0.0000e+00   0.0000e+00   0  H  0.00  1   !  -9.99000e+02  -99.000  -99.000  -999
OBS: 372  57348.703   -47.00   0.0000e+00   0.0000e+00   0.0000e+00   0  H  0.00  1   !  -9.99000e+02  -99.000  -99.000  -999
OBS: 372  57350.703   -45.00   0.0000e+00   0.0000e+00   0.0000e+00   0  H  0.00  1   !  -9.99000e+02  -99.000  -99.000  -999
OBS: 372  57352.703   -43.00   0.0000e+00   0.0000e+00   0.0000e+00   0  H  0.00  1   !  -9.99000e+02  -99.000  -99.000  -999
OBS: 372  57354.703   -41.00   0.0000e+00   0.0000e+00   0.0000e+00   0  H  0.00  1   !  -9.99000e+02  -99.000  -99.000  -999
OBS: 372  57356.703   -39.00   0.0000e+00   0.0000e+00   0.0000e+00   0  H  0.00  1   !  -9.99000e+02  -99.000  -99.000  -999
OBS: 372  57358.703   -37.00   0.0000e+00   0.0000e+00   0.0000e+00   0  H  0.00  1   !  -9.99000e+02  -99.000  -99.000  -999
OBS: 372  57360.703   -35.00   0.0000e+00   0.0000e+00   0.0000e+00   0  H  0.00  1   !  -9.99000e+02  -99.000  -99.000  -999
OBS: 372  57362.703   -33.00   0.0000e+00   0.0000e+00   0.0000e+00   0  H  0.00  1   !  -9.99000e+02  -99.000  -99.000  -999
OBS: 372  57364.703   -31.00   0.0000e+00   0.0000e+00   0.0000e+00   0  H  0.00  1   !  -9.99000e+02  -99.000  -99.000  -999
OBS: 372  57366.703   -29.00   0.0000e+00   3.1911e+00   1.9207e+00   0  H  0.00  1   !  -9.99000e+02  -99.000  -99.000  -999
OBS: 372  57368.703   -27.00   0.0000e+00   3.2118e+00   1.9332e+00   0  H  0.00  1   !  -9.99000e+02  -99.000  -99.000  -999
OBS: 372  57370.703   -25.00   0.0000e+00   3.2149e+00   1.9351e+00   0  H  0.00  1   !  -9.99000e+02  -99.000  -99.000  -999
OBS: 372  57372.703   -23.00   0.0000e+00   3.2201e+00   1.9382e+00   0  H  0.00  1   !  -9.99000e+02  -99.000  -99.000  -999
OBS: 372  57374.703   -21.00   0.0000e+00   6.3594e+00   1.3594e+00   0  H  0.00  1   !  -9.99000e+02  -99.000  -99.000  -999
OBS: 372  57376.703   -19.00   0.0000e+00   1.0380e+01   9.0342e-01   0  H  0.00  1   !  -9.99000e+02  -99.000  -99.000  -999
OBS: 372  57378.703   -17.00   0.0000e+00   1.4582e+01   6.4945e-01   0  H  0.00  1   !  -9.99000e+02  -99.000  -99.000  -999
OBS: 372  57380.703   -15.00   0.0000e+00   1.8679e+01   6.2271e-01   0  H  0.00  1   !  -9.99000e+02  -99.000  -99.000  -999
OBS: 372  57382.703   -13.00   0.0000e+00   2.2285e+01   6.1115e-01   0  H  0.00  1   !  -9.99000e+02  -99.000  -99.000  -999
OBS: 372  57384.703   -11.00   0.0000e+00   2.5468e+01   5.6281e-01   0  H  0.00  1   !  -9.99000e+02  -99.000  -99.000  -999
OBS: 372  57386.703    -9.00   0.0000e+00   2.7590e+01   5.3902e-01   0  H  0.00  1   !  -9.99000e+02  -99.000  -99.000  -999
OBS: 372  57388.703    -7.00   0.0000e+00   2.8277e+01   5.2714e-01   0  H  0.00  1   !  -9.99000e+02  -99.000  -99.000  -999
OBS: 372  57390.703    -5.00   0.0000e+00   2.7737e+01   5.3507e-01   0  H  0.00  1   !  -9.99000e+02  -99.000  -99.000  -999
OBS: 372  57392.703    -3.00   0.0000e+00   2.5974e+01   5.5118e-01   0  H  0.00  1   !  -9.99000e+02  -99.000  -99.000  -999
OBS: 372  57394.703    -1.00   0.0000e+00   2.3164e+01   5.4842e-01   0  H  0.00  1   !  -9.99000e+02  -99.000  -99.000  -999
OBS: 372  57396.703     1.00   0.0000e+00   2.0481e+01   5.5298e-01   0  H  0.00  1   !  -9.99000e+02  -99.000  -99.000  -999
OBS: 372  57398.703     3.00   0.0000e+00   1.8230e+01   5.8141e-01   0  H  0.00  1   !  -9.99000e+02  -99.000  -99.000  -999
OBS: 372  57400.703     5.00   0.0000e+00   1.6598e+01   6.0749e-01   0  H  0.00  1   !  -9.99000e+02  -99.000  -99.000  -999
OBS: 372  57402.703     7.00   0.0000e+00   1.5126e+01   6.0611e-01   0  H  0.00  1   !  -9.99000e+02  -99.000  -99.000  -999
OBS: 372  57404.703     9.00   0.0000e+00   1.3952e+01   5.7943e-01   0  H  0.00  1   !  -9.99000e+02  -99.000  -99.000  -999
OBS: 372  57406.703    11.00   0.0000e+00   1.3167e+01   5.6496e-01   0  H  0.00  1   !  -9.99000e+02  -99.000  -99.000  -999
OBS: 372  57408.703    13.00   0.0000e+00   1.2782e+01   5.7757e-01   0  H  0.00  1   !  -9.99000e+02  -99.000  -99.000  -999
OBS: 372  57410.703    15.00   0.0000e+00   1.2625e+01   6.0930e-01   0  H  0.00  1   !  -9.99000e+02  -99.000  -99.000  -999
OBS: 372  57412.703    17.00   0.0000e+00   1.2639e+01   6.3430e-01   0  H  0.00  1   !  -9.99000e+02  -99.000  -99.000  -999
OBS: 372  57414.703    19.00   0.0000e+00   1.3090e+01   6.4408e-01   0  H  0.00  1   !  -9.99000e+02  -99.000  -99.000  -999
OBS: 372  57416.703    21.00   0.0000e+00   1.3792e+01   6.3663e-01   0  H  0.00  1   !  -9.99000e+02  -99.000  -99.000  -999
OBS: 372  57418.703    23.00   0.0000e+00   1.4662e+01   6.2479e-01   0  H  0.00  1   !  -9.99000e+02  -99.000  -99.000  -999
OBS: 372  57420.703    25.00   0.0000e+00   1.5690e+01   6.2286e-01   0  H  0.00  1   !  -9.99000e+02  -99.000  -99.000  -999
OBS: 372  57422.703    27.00   0.0000e+00   1.6846e+01   6.3142e-01   0  H  0.00  1   !  -9.99000e+02  -99.000  -99.000  -999
OBS: 372  57424.703    29.00   0.0000e+00   1.8065e+01   6.5426e-01   0  H  0.00  1   !  -9.99000e+02  -99.000  -99.000  -999
OBS: 372  57426.703    31.00   0.0000e+00   1.9134e+01   6.8369e-01   0  H  0.00  1   !  -9.99000e+02  -99.000  -99.000  -999
OBS: 372  57428.703    33.00   0.0000e+00   2.0066e+01   7.2435e-01   0  H  0.00  1   !  -9.99000e+02  -99.000  -99.000  -999
OBS: 372  57430.703    35.00   0.0000e+00   2.1199e+01   7.6837e-01   0  H  0.00  1   !  -9.99000e+02  -99.000  -99.000  -999
OBS: 372  57432.703    37.00   0.0000e+00   2.2938e+01   8.0503e-01   0  H  0.00  1   !  -9.99000e+02  -99.000  -99.000  -999
OBS: 372  57434.703    39.00   0.0000e+00   2.4812e+01   8.0228e-01   0  H  0.00  1   !  -9.99000e+02  -99.000  -99.000  -999
OBS: 372  57436.703    41.00   0.0000e+00   2.6377e+01   7.9296e-01   0  H  0.00  1   !  -9.99000e+02  -99.000  -99.000  -999
OBS: 372  57438.703    43.00   0.0000e+00   2.7179e+01   7.6995e-01   0  H  0.00  1   !  -9.99000e+02  -99.000  -99.000  -999
OBS: 372  57440.703    45.00   0.0000e+00   2.7463e+01   7.4724e-01   0  H  0.00  1   !  -9.99000e+02  -99.000  -99.000  -999
OBS: 372  57442.703    47.00   0.0000e+00   2.7205e+01   7.0991e-01   0  H  0.00  1   !  -9.99000e+02  -99.000  -99.000  -999
OBS: 372  57444.703    49.00   0.0000e+00   2.6487e+01   6.7093e-01   0  H  0.00  1   !  -9.99000e+02  -99.000  -99.000  -999
OBS: 372  57446.703    51.00   0.0000e+00   2.5501e+01   6.6172e-01   0  H  0.00  1   !  -9.99000e+02  -99.000  -99.000  -999
OBS: 372  57448.703    53.00   0.0000e+00   2.4313e+01   6.7975e-01   0  H  0.00  1   !  -9.99000e+02  -99.000  -99.000  -999
OBS: 372  57450.703    55.00   0.0000e+00   2.2926e+01   6.9249e-01   0  H  0.00  1   !  -9.99000e+02  -99.000  -99.000  -999
OBS: 372  57452.703    57.00   0.0000e+00   2.1294e+01   6.7849e-01   0  H  0.00  1   !  -9.99000e+02  -99.000  -99.000  -999
OBS: 372  57454.703    59.00   0.0000e+00   1.9457e+01   6.4598e-01   0  H  0.00  1   !  -9.99000e+02  -99.000  -99.000  -999
OBS: 372  57456.703    61.00   0.0000e+00   1.7627e+01   6.5591e-01   0  H  0.00  1   !  -9.99000e+02  -99.000  -99.000  -999
OBS: 372  57458.703    63.00   0.0000e+00   1.6005e+01   7.1464e-01   0  H  0.00  1   !  -9.99000e+02  -99.000  -99.000  -999
OBS: 372  57460.703    65.00   0.0000e+00   1.4625e+01   7.7606e-01   0  H  0.00  1   !  -9.99000e+02  -99.000  -99.000  -999
OBS: 372  57462.703    67.00   0.0000e+00   1.3471e+01   8.1141e-01   0  H  0.00  1   !  -9.99000e+02  -99.000  -99.000  -999
OBS: 372  57464.703    69.00   0.0000e+00   1.2495e+01   7.8992e-01   0  H  0.00  1   !  -9.99000e+02  -99.000  -99.000  -999
OBS: 372  57466.703    71.00   0.0000e+00   1.1663e+01   7.5045e-01   0  H  0.00  1   !  -9.99000e+02  -99.000  -99.000  -999
OBS: 372  57468.703    73.00   0.0000e+00   1.0933e+01   7.3542e-01   0  H  0.00  1   !  -9.99000e+02  -99.000  -99.000  -999
OBS: 372  57470.703    75.00   0.0000e+00   1.0254e+01   7.4720e-01   0  H  0.00  1   !  -9.99000e+02  -99.000  -99.000  -999
OBS: 372  57472.703    77.00   0.0000e+00   9.6083e+00   5.5681e+00   0  H  0.00  1   !  -9.99000e+02  -99.000  -99.000  -999
OBS: 372  57474.703    79.00   0.0000e+00   8.9659e+00   5.3967e+00   0  H  0.00  1   !  -9.99000e+02  -99.000  -99.000  -999
OBS: 372  57476.703    81.00   0.0000e+00   8.3711e+00   5.0387e+00   0  H  0.00  1   !  -9.99000e+02  -99.000  -99.000  -999
OBS: 372  57478.703    83.00   0.0000e+00   7.8311e+00   4.7137e+00   0  H  0.00  1   !  -9.99000e+02  -99.000  -99.000  -999
OBS: 372  57480.703    85.00   0.0000e+00   7.3260e+00   4.4096e+00   0  H  0.00  1   !  -9.99000e+02  -99.000  -99.000  -999
OBS: 372  57482.703    87.00   0.0000e+00   6.8635e+00   4.1312e+00   0  H  0.00  1   !  -9.99000e+02  -99.000  -99.000  -999
OBS: 372  57484.703    89.00   0.0000e+00   6.4378e+00   3.8750e+00   0  H  0.00  1   !  -9.99000e+02  -99.000  -99.000  -999
OBS: 372  57486.703    91.00   0.0000e+00   5.9971e+00   3.6097e+00   0  H  0.00  1   !  -9.99000e+02  -99.000  -99.000  -999
OBS: 372  57488.703    93.00   0.0000e+00   5.2784e+00   3.1771e+00   0  H  0.00  1   !  -9.99000e+02  -99.000  -99.000  -999
OBS: 372  57490.703    95.00   0.0000e+00   4.6564e+00   2.8027e+00   0  H  0.00  1   !  -9.99000e+02  -99.000  -99.000  -999
OBS: 372  57492.703    97.00   0.0000e+00   4.1422e+00   2.4932e+00   0  H  0.00  1   !  -9.99000e+02  -99.000  -99.000  -999
OBS: 372  57494.703    99.00   0.0000e+00   3.7290e+00   2.2445e+00   0  H  0.00  1   !  -9.99000e+02  -99.000  -99.000  -999
OBS: 372  57496.703   101.00   0.0000e+00   3.3997e+00   2.0463e+00   0  H  0.00  1   !  -9.99000e+02  -99.000  -99.000  -999
OBS: 372  57498.703   103.00   0.0000e+00   3.1469e+00   1.8942e+00   0  H  0.00  1   !  -9.99000e+02  -99.000  -99.000  -999
OBS: 372  57500.703   105.00   0.0000e+00   2.9503e+00   1.7758e+00   0  H  0.00  1   !  -9.99000e+02  -99.000  -99.000  -999
OBS: 372  57502.703   107.00   0.0000e+00   2.7857e+00   1.6767e+00   0  H  0.00  1   !  -9.99000e+02  -99.000  -99.000  -999
OBS: 372  57504.703   109.00   0.0000e+00   2.6364e+00   1.5869e+00   0  H  0.00  1   !  -9.99000e+02  -99.000  -99.000  -999
OBS: 372  57506.703   111.00   0.0000e+00   2.5033e+00   1.5068e+00   0  H  0.00  1   !  -9.99000e+02  -99.000  -99.000  -999
OBS: 372  57508.703   113.00   0.0000e+00   2.3621e+00   1.4218e+00   0  H  0.00  1   !  -9.99000e+02  -99.000  -99.000  -999
OBS: 372  57510.703   115.00   0.0000e+00   2.2166e+00   1.3342e+00   0  H  0.00  1   !  -9.99000e+02  -99.000  -99.000  -999
OBS: 372  57512.703   117.00   0.0000e+00   2.0807e+00   1.2524e+00   0  H  0.00  1   !  -9.99000e+02  -99.000  -99.000  -999
OBS: 372  57514.703   119.00   0.0000e+00   1.9543e+00   1.1763e+00   0  H  0.00  1   !  -9.99000e+02  -99.000  -99.000  -999
OBS: 372  57516.703   121.00   0.0000e+00   1.8364e+00   1.1054e+00   0  H  0.00  1   !  -9.99000e+02  -99.000  -99.000  -999
OBS: 372  57518.703   123.00   0.0000e+00   1.7246e+00   1.0380e+00   0  H  0.00  1   !  -9.99000e+02  -99.000  -99.000  -999
OBS: 372  57520.703   125.00   0.0000e+00   1.6181e+00   9.7397e-01   0  H  0.00  1   !  -9.99000e+02  -99.000  -99.000  -999
OBS: 372  57522.703   127.00   0.0000e+00   1.5193e+00   9.1449e-01   0  H  0.00  1   !  -9.99000e+02  -99.000  -99.000  -999
OBS: 372  57524.703   129.00   0.0000e+00   1.4246e+00   8.5749e-01   0  H  0.00  1   !  -9.99000e+02  -99.000  -99.000  -999
OBS: 372  57526.703   131.00   0.0000e+00   1.3245e+00   7.9720e-01   0  H  0.00  1   !  -9.99000e+02  -99.000  -99.000  -999
OBS: 372  57528.703   133.00   0.0000e+00   1.2313e+00   7.4115e-01   0  H  0.00  1   !  -9.99000e+02  -99.000  -99.000  -999
OBS: 372  57530.703   135.00   0.0000e+00   1.1448e+00   6.8904e-01   0  H  0.00  1   !  -9.99000e+02  -99.000  -99.000  -999
OBS: 372  57532.703   137.00   0.0000e+00   1.0643e+00   6.4059e-01   0  H  0.00  1   !  -9.99000e+02  -99.000  -99.000  -999
OBS: 372  57534.703   139.00   0.0000e+00   9.8944e-01   5.9555e-01   0  H  0.00  1   !  -9.99000e+02  -99.000  -99.000  -999
