VARNAMES: CID MJD Tobs SIM_FLUXCAL FLUXCAL FLUXCAL_ERR DATAFLAG BAND CHI2 IFIT BAND_REST FLUX_REST KCOR AVWARP SIM_FLUX_REST 
OBS: 504  57715.703    14.09   7.2336e+01   7.2524e+01   5.3476e-01   1  J  0.00  1   Y  1.27054e+18  -0.232  -1.892  1.00000e+11
OBS: 504  57723.895    22.28   8.4229e+01   8.3909e+01   5.6763e-01   1  J  0.03  1   Y  1.48116e+18  -0.223  -1.223  1.00000e+11
OBS: 504  57730.340    28.72   9.7284e+01   9.7017e+01   6.0326e-01   1  J  0.04  1   Y  1.96686e+18  -0.073  -0.801  1.00000e+11
OBS: 504  57642.613   -59.00   0.0000e+00   0.0000e+00   0.0000e+00   0  J  0.00  1   !  -9.99000e+02  -99.000  -99.000  -999
OBS: 504  57644.613   -57.00   0.0000e+00   0.0000e+00   0.0000e+00   0  J  0.00  1   !  -9.99000e+02  -99.000  -99.000  -999
OBS: 504  57646.613   -55.00   0.0000e+00   0.0000e+00   0.0000e+00   0  J  0.00  1   !  -9.99000e+02  -99.000  -99.000  -999
OBS: 504  57648.613   -53.00   0.0000e+00   0.0000e+00   0.0000e+00   0  J  0.00  1   !  -9.99000e+02  -99.000  -99.000  -999
OBS: 504  57650.613   -51.00   0.0000e+00   0.0000e+00   0.0000e+00   0  J  0.00  1   !  -9.99000e+02  -99.000  -99.000  -999
OBS: 504  57652.613   -49.00   0.0000e+00   0.0000e+00   0.0000e+00   0  J  0.00  1   !  -9.99000e+02  -99.000  -99.000  -999
OBS: 504  57654.613   -47.00   0.0000e+00   0.0000e+00   0.0000e+00   0  J  0.00  1   !  -9.99000e+02  -99.000  -99.000  -999
OBS: 504  57656.613   -45.00   0.0000e+00   0.0000e+00   0.0000e+00   0  J  0.00  1   !  -9.99000e+02  -99.000  -99.000  -999
OBS: 504  57658.613   -43.00   0.0000e+00   0.0000e+00   0.0000e+00   0  J  0.00  1   !  -9.99000e+02  -99.000  -99.000  -999
OBS: 504  57660.613   -41.00   0.0000e+00   0.0000e+00   0.0000e+00   0  J  0.00  1   !  -9.99000e+02  -99.000  -99.000  -999
OBS: 504  57662.613   -39.00   0.0000e+00   0.0000e+00   0.0000e+00   0  J  0.00  1   !  -9.99000e+02  -99.000  -99.000  -999
OBS: 504  57664.613   -37.00   0.0000e+00   0.0000e+00   0.0000e+00   0  J  0.00  1   !  -9.99000e+02  -99.000  -99.000  -999
OBS: 504  57666.613   -35.00   0.0000e+00   0.0000e+00   0.0000e+00   0  J  0.00  1   !  -9.99000e+02  -99.000  -99.000  -999
OBS: 504  57668.613   -33.00   0.0000e+00   0.0000e+00   0.0000e+00   0  J  0.00  1   !  -9.99000e+02  -99.000  -99.000  -999
OBS: 504  57670.613   -31.00   0.0000e+00   0.0000e+00   0.0000e+00   0  J  0.00  1   !  -9.99000e+02  -99.000  -99.000  -999
OBS: 504  57672.613   -29.00   0.0000e+00   0.0000e+00   0.0000e+00   0  J  0.00  1   !  -9.99000e+02  -99.000  -99.000  -999
OBS: 504  57674.613   -27.00   0.0000e+00   0.0000e+00   0.0000e+00   0  J  0.00  1   !  -9.99000e+02  -99.000  -99.000  -999
OBS: 504  57676.613   -25.00   0.0000e+00   1.9493e+01   1.1733e+01   0  J  0.00  1   !  -9.99000e+02  -99.000  -99.000  -999
OBS: 504  57678.613   -23.00   0.0000e+00   2.1470e+01   1.2923e+01   0  J  0.00  1   !  -9.99000e+02  -99.000  -99.000  -999
OBS: 504  57680.613   -21.00   0.0000e+00   2.1466e+01   1.2920e+01   0  J  0.00  1   !  -9.99000e+02  -99.000  -99.000  -999
OBS: 504  57682.613   -19.00   0.0000e+00   2.4294e+01   1.2319e+01   0  J  0.00  1   !  -9.99000e+02  -99.000  -99.000  -999
OBS: 504  57684.613   -17.00   0.0000e+00   4.1037e+01   5.7500e+00   0  J  0.00  1   !  -9.99000e+02  -99.000  -99.000  -999
OBS: 504  57686.613   -15.00   0.0000e+00   5.8512e+01   3.8084e+00   0  J  0.00  1   !  -9.99000e+02  -99.000  -99.000  -999
OBS: 504  57688.613   -13.00   0.0000e+00   7.4767e+01   2.7667e+00   0  J  0.00  1   !  -9.99000e+02  -99.000  -99.000  -999
OBS: 504  57690.613   -11.00   0.0000e+00   8.8298e+01   2.4228e+00   0  J  0.00  1   !  -9.99000e+02  -99.000  -99.000  -999
OBS: 504  57692.613    -9.00   0.0000e+00   1.0111e+02   2.3925e+00   0  J  0.00  1   !  -9.99000e+02  -99.000  -99.000  -999
OBS: 504  57694.613    -7.00   0.0000e+00   1.1007e+02   2.7127e+00   0  J  0.00  1   !  -9.99000e+02  -99.000  -99.000  -999
OBS: 504  57696.613    -5.00   0.0000e+00   1.1497e+02   3.0088e+00   0  J  0.00  1   !  -9.99000e+02  -99.000  -99.000  -999
OBS: 504  57698.613    -3.00   0.0000e+00   1.1341e+02   2.8383e+00   0  J  0.00  1   !  -9.99000e+02  -99.000  -99.000  -999
OBS: 504  57700.613    -1.00   0.0000e+00   1.0854e+02   2.7000e+00   0  J  0.00  1   !  -9.99000e+02  -99.000  -99.000  -999
OBS: 504  57702.613     1.00   0.0000e+00   1.0198e+02   3.0024e+00   0  J  0.00  1   !  -9.99000e+02  -99.000  -99.000  -999
OBS: 504  57704.613     3.00   0.0000e+00   9.4932e+01   3.4786e+00   0  J  0.00  1   !  -9.99000e+02  -99.000  -99.000  -999
OBS: 504  57706.613     5.00   0.0000e+00   8.8239e+01   3.6371e+00   0  J  0.00  1   !  -9.99000e+02  -99.000  -99.000  -999
OBS: 504  57708.613     7.00   0.0000e+00   8.2400e+01   3.4253e+00   0  J  0.00  1   !  -9.99000e+02  -99.000  -99.000  -999
OBS: 504  57710.613     9.00   0.0000e+00   7.7100e+01   3.2685e+00   0  J  0.00  1   !  -9.99000e+02  -99.000  -99.000  -999
OBS: 504  57712.613    11.00   0.0000e+00   7.3980e+01   3.5856e+00   0  J  0.00  1   !  -9.99000e+02  -99.000  -99.000  -999
OBS: 504  57714.613    13.00   0.0000e+00   7.2680e+01   3.9667e+00   0  J  0.00  1   !  -9.99000e+02  -99.000  -99.000  -999
OBS: 504  57716.613    15.00   0.0000e+00   7.2735e+01   4.0878e+00   0  J  0.00  1   !  -9.99000e+02  -99.000  -99.000  -999
OBS: 504  57718.613    17.00   0.0000e+00   7.3550e+01   3.9714e+00   0  J  0.00  1   !  -9.99000e+02  -99.000  -99.000  -999
OBS: 504  57720.613    19.00   0.0000e+00   7.6266e+01   3.7132e+00   0  J  0.00  1   !  -9.99000e+02  -99.000  -99.000  -999
OBS: 504  57722.613    21.00   0.0000e+00   8.1213e+01   3.7096e+00   0  J  0.00  1   !  -9.99000e+02  -99.000  -99.000  -999
OBS: 504  57724.613    23.00   0.0000e+00   8.6343e+01   3.6550e+00   0  J  0.00  1   !  -9.99000e+02  -99.000  -99.000  -999
OBS: 504  57726.613    25.00   0.0000e+00   9.1818e+01   3.2161e+00   0  J  0.00  1   !  -9.99000e+02  -99.000  -99.000  -999
OBS: 504  57728.613    27.00   0.0000e+00   9.5409e+01   2.8525e+00   0  J  0.00  1   !  -9.99000e+02  -99.000  -99.000  -999
OBS: 504  57730.613    29.00   0.0000e+00   9.8004e+01   2.9309e+00   0  J  0.00  1   !  -9.99000e+02  -99.000  -99.000  -999
OBS: 504  57732.613    31.00   0.0000e+00   1.0195e+02   3.1834e+00   0  J  0.00  1   !  -9.99000e+02  -99.000  -99.000  -999
OBS: 504  57734.613    33.00   0.0000e+00   1.0673e+02   3.1539e+00   0  J  0.00  1   !  -9.99000e+02  -99.000  -99.000  -999
OBS: 504  57736.613    35.00   0.0000e+00   1.1082e+02   3.0826e+00   0  J  0.00  1   !  -9.99000e+02  -99.000  -99.000  -999
OBS: 504  57738.613    37.00   0.0000e+00   1.1240e+02   3.0936e+00   0  J  0.00  1   !  -9.99000e+02  -99.000  -99.000  -999
OBS: 504  57740.613    39.00   0.0000e+00   1.1238e+02   3.3628e+00   0  J  0.00  1   !  -9.99000e+02  -99.000  -99.000  -999
OBS: 504  57742.613    41.00   0.0000e+00   1.1080e+02   3.6881e+00   0  J  0.00  1   !  -9.99000e+02  -99.000  -99.000  -999
OBS: 504  57744.613    43.00   0.0000e+00   1.0794e+02   3.7225e+00   0  J  0.00  1   !  -9.99000e+02  -99.000  -99.000  -999
OBS: 504  57746.613    45.00   0.0000e+00   1.0364e+02   3.4369e+00   0  J  0.00  1   !  -9.99000e+02  -99.000  -99.000  -999
OBS: 504  57748.613    47.00   0.0000e+00   1.0004e+02   3.3541e+00   0  J  0.00  1   !  -9.99000e+02  -99.000  -99.000  -999
OBS: 504  57750.613    49.00   0.0000e+00   9.5806e+01   3.6103e+00   0  J  0.00  1   !  -9.99000e+02  -99.000  -99.000  -999
OBS: 504  57752.613    51.00   0.0000e+00   8.9874e+01   3.7233e+00   0  J  0.00  1   !  -9.99000e+02  -99.000  -99.000  -999
OBS: 504  57754.613    53.00   0.0000e+00   8.3107e+01   3.4576e+00   0  J  0.00  1   !  -9.99000e+02  -99.000  -99.000  -999
OBS: 504  57756.613    55.00   0.0000e+00   7.6241e+01   2.9042e+00   0  J  0.00  1   !  -9.99000e+02  -99.000  -99.000  -999
OBS: 504  57758.613    57.00   0.0000e+00   7.0011e+01   2.3582e+00   0  J  0.00  1   !  -9.99000e+02  -99.000  -99.000  -999
OBS: 504  57760.613    59.00   0.0000e+00   6.4779e+01   1.9591e+00   0  J  0.00  1   !  -9.99000e+02  -99.000  -99.000  -999
OBS: 504  57762.613    61.00   0.0000e+00   6.0328e+01   1.7391e+00   0  J  0.00  1   !  -9.99000e+02  -99.000  -99.000  -999
OBS: 504  57764.613    63.00   0.0000e+00   5.6104e+01   1.7576e+00   0  J  0.00  1   !  -9.99000e+02  -99.000  -99.000  -999
OBS: 504  57766.613    65.00   0.0000e+00   5.1450e+01   1.1070e+01   0  J  0.00  1   !  -9.99000e+02  -99.000  -99.000  -999
OBS: 504  57768.613    67.00   0.0000e+00   4.6402e+01   2.7930e+01   0  J  0.00  1   !  -9.99000e+02  -99.000  -99.000  -999
OBS: 504  57770.613    69.00   0.0000e+00   4.1738e+01   2.5123e+01   0  J  0.00  1   !  -9.99000e+02  -99.000  -99.000  -999
OBS: 504  57772.613    71.00   0.0000e+00   3.8309e+01   2.3058e+01   0  J  0.00  1   !  -9.99000e+02  -99.000  -99.000  -999
OBS: 504  57774.613    73.00   0.0000e+00   3.5211e+01   2.1194e+01   0  J  0.00  1   !  -9.99000e+02  -99.000  -99.000  -999
OBS: 504  57776.613    75.00   0.0000e+00   3.2580e+01   1.9610e+01   0  J  0.00  1   !  -9.99000e+02  -99.000  -99.000  -999
OBS: 504  57778.613    77.00   0.0000e+00   3.0483e+01   1.8348e+01   0  J  0.00  1   !  -9.99000e+02  -99.000  -99.000  -999
OBS: 504  57780.613    79.00   0.0000e+00   2.7135e+01   1.6333e+01   0  J  0.00  1   !  -9.99000e+02  -99.000  -99.000  -999
OBS: 504  57782.613    81.00   0.0000e+00   2.3498e+01   1.4144e+01   0  J  0.00  1   !  -9.99000e+02  -99.000  -99.000  -999
OBS: 504  57784.613    83.00   0.0000e+00   2.0585e+01   1.2390e+01   0  J  0.00  1   !  -9.99000e+02  -99.000  -99.000  -999
OBS: 504  57786.613    85.00   0.0000e+00   1.8281e+01   1.1003e+01   0  J  0.00  1   !  -9.99000e+02  -99.000  -99.000  -999
OBS: 504  57788.613    87.00   0.0000e+00   1.6373e+01   9.8551e+00   0  J  0.00  1   !  -9.99000e+02  -99.000  -99.000  -999
OBS: 504  57790.613    89.00   0.0000e+00   1.4807e+01   8.9126e+00   0  J  0.00  1   !  -9.99000e+02  -99.000  -99.000  -999
OBS: 504  57792.613    91.00   0.0000e+00   1.3481e+01   8.1142e+00   0  J  0.00  1   !  -9.99000e+02  -99.000  -99.000  -999
OBS: 504  57794.613    93.00   0.0000e+00   1.2312e+01   7.4110e+00   0  J  0.00  1   !  -9.99000e+02  -99.000  -99.000  -999
OBS: 504  57796.613    95.00   0.0000e+00   1.1290e+01   6.7958e+00   0  J  0.00  1   !  -9.99000e+02  -99.000  -99.000  -999
OBS: 504  57798.613    97.00   0.0000e+00   1.0279e+01   6.1871e+00   0  J  0.00  1   !  -9.99000e+02  -99.000  -99.000  -999
OBS: 504  57800.613    99.00   0.0000e+00   9.3148e+00   5.6067e+00   0  J  0.00  1   !  -9.99000e+02  -99.000  -99.000  -999
OBS: 504  57802.613   101.00   0.0000e+00   8.4457e+00   5.0836e+00   0  J  0.00  1   !  -9.99000e+02  -99.000  -99.000  -999
OBS: 504  57804.613   103.00   0.0000e+00   7.6684e+00   4.6157e+00   0  J  0.00  1   !  -9.99000e+02  -99.000  -99.000  -999
OBS: 504  57806.613   105.00   0.0000e+00   6.9681e+00   4.1942e+00   0  J  0.00  1   !  -9.99000e+02  -99.000  -99.000  -999
OBS: 504  57808.613   107.00   0.0000e+00   6.3423e+00   3.8175e+00   0  J  0.00  1   !  -9.99000e+02  -99.000  -99.000  -999
OBS: 504  57810.613   109.00   0.0000e+00   5.7819e+00   3.4802e+00   0  J  0.00  1   !  -9.99000e+02  -99.000  -99.000  -999
OBS: 504  57812.613   111.00   0.0000e+00   5.2432e+00   3.1560e+00   0  J  0.00  1   !  -9.99000e+02  -99.000  -99.000  -999
OBS: 504  57814.613   113.00   0.0000e+00   4.7194e+00   2.8407e+00   0  J  0.00  1   !  -9.99000e+02  -99.000  -99.000  -999
OBS: 504  57816.613   115.00   0.0000e+00   4.2479e+00   2.5568e+00   0  J  0.00  1   !  -9.99000e+02  -99.000  -99.000  -999
OBS: 504  57818.613   117.00   0.0000e+00   3.8234e+00   2.3013e+00   0  J  0.00  1   !  -9.99000e+02  -99.000  -99.000  -999
OBS: 504  57820.613   119.00   0.0000e+00   3.4412e+00   2.0713e+00   0  J  0.00  1   !  -9.99000e+02  -99.000  -99.000  -999
OBS: 504  57822.613   121.00   0.0000e+00   3.0971e+00   1.8642e+00   0  J  0.00  1   !  -9.99000e+02  -99.000  -99.000  -999
OBS: 504  57824.613   123.00   0.0000e+00   2.7875e+00   1.6778e+00   0  J  0.00  1   !  -9.99000e+02  -99.000  -99.000  -999
OBS: 504  57826.613   125.00   0.0000e+00   2.5088e+00   1.5101e+00   0  J  0.00  1   !  -9.99000e+02  -99.000  -99.000  -999
OBS: 504  57828.613   127.00   0.0000e+00   2.2578e+00   1.3590e+00   0  J  0.00  1   !  -9.99000e+02  -99.000  -99.000  -999
OBS: 504  57830.613   129.00   0.0000e+00   2.0319e+00   1.2230e+00   0  J  0.00  1   !  -9.99000e+02  -99.000  -99.000  -999
OBS: 504  57832.613   131.00   0.0000e+00   1.8286e+00   1.1007e+00   0  J  0.00  1   !  -9.99000e+02  -99.000  -99.000  -999
OBS: 504  57834.613   133.00   0.0000e+00   1.6456e+00   9.9052e-01   0  J  0.00  1   !  -9.99000e+02  -99.000  -99.000  -999
OBS: 504  57836.613   135.00   0.0000e+00   1.4809e+00   8.9136e-01   0  J  0.00  1   !  -9.99000e+02  -99.000  -99.000  -999
OBS: 504  57838.613   137.00   0.0000e+00   1.3326e+00   8.0209e-01   0  J  0.00  1   !  -9.99000e+02  -99.000  -99.000  -999
OBS: 504  57840.613   139.00   0.0000e+00   1.1992e+00   7.2179e-01   0  J  0.00  1   !  -9.99000e+02  -99.000  -99.000  -999
OBS: 504  57715.699    14.09   2.6427e+01   2.6936e+01   4.7127e-01   1  H  0.03  1   J  9.46011e+17  0.523  1.701  1.00000e+11
OBS: 504  57723.891    22.28   2.7371e+01   2.8256e+01   4.7702e-01   1  H  0.20  1   J  9.44590e+17  0.470  3.610  1.00000e+11
OBS: 504  57730.336    28.72   3.1508e+01   3.2355e+01   4.9446e-01   1  H  0.09  1   J  9.66805e+17  0.348  1.802  1.00000e+11
OBS: 504  57642.613   -59.00   0.0000e+00   0.0000e+00   0.0000e+00   0  H  0.00  1   !  -9.99000e+02  -99.000  -99.000  -999
OBS: 504  57644.613   -57.00   0.0000e+00   0.0000e+00   0.0000e+00   0  H  0.00  1   !  -9.99000e+02  -99.000  -99.000  -999
OBS: 504  57646.613   -55.00   0.0000e+00   0.0000e+00   0.0000e+00   0  H  0.00  1   !  -9.99000e+02  -99.000  -99.000  -999
OBS: 504  57648.613   -53.00   0.0000e+00   0.0000e+00   0.0000e+00   0  H  0.00  1   !  -9.99000e+02  -99.000  -99.000  -999
OBS: 504  57650.613   -51.00   0.0000e+00   0.0000e+00   0.0000e+00   0  H  0.00  1   !  -9.99000e+02  -99.000  -99.000  -999
OBS: 504  57652.613   -49.00   0.0000e+00   0.0000e+00   0.0000e+00   0  H  0.00  1   !  -9.99000e+02  -99.000  -99.000  -999
OBS: 504  57654.613   -47.00   0.0000e+00   0.0000e+00   0.0000e+00   0  H  0.00  1   !  -9.99000e+02  -99.000  -99.000  -999
OBS: 504  57656.613   -45.00   0.0000e+00   0.0000e+00   0.0000e+00   0  H  0.00  1   !  -9.99000e+02  -99.000  -99.000  -999
OBS: 504  57658.613   -43.00   0.0000e+00   0.0000e+00   0.0000e+00   0  H  0.00  1   !  -9.99000e+02  -99.000  -99.000  -999
OBS: 504  57660.613   -41.00   0.0000e+00   0.0000e+00   0.0000e+00   0  H  0.00  1   !  -9.99000e+02  -99.000  -99.000  -999
OBS: 504  57662.613   -39.00   0.0000e+00   0.0000e+00   0.0000e+00   0  H  0.00  1   !  -9.99000e+02  -99.000  -99.000  -999
OBS: 504  57664.613   -37.00   0.0000e+00   0.0000e+00   0.0000e+00   0  H  0.00  1   !  -9.99000e+02  -99.000  -99.000  -999
OBS: 504  57666.613   -35.00   0.0000e+00   0.0000e+00   0.0000e+00   0  H  0.00  1   !  -9.99000e+02  -99.000  -99.000  -999
OBS: 504  57668.613   -33.00   0.0000e+00   0.0000e+00   0.0000e+00   0  H  0.00  1   !  -9.99000e+02  -99.000  -99.000  -999
OBS: 504  57670.613   -31.00   0.0000e+00   0.0000e+00   0.0000e+00   0  H  0.00  1   !  -9.99000e+02  -99.000  -99.000  -999
OBS: 504  57672.613   -29.00   0.0000e+00   0.0000e+00   0.0000e+00   0  H  0.00  1   !  -9.99000e+02  -99.000  -99.000  -999
OBS: 504  57674.613   -27.00   0.0000e+00   0.0000e+00   0.0000e+00   0  H  0.00  1   !  -9.99000e+02  -99.000  -99.000  -999
OBS: 504  57676.613   -25.00   0.0000e+00   3.3994e+01   2.0461e+01   0  H  0.00  1   !  -9.99000e+02  -99.000  -99.000  -999
OBS: 504  57678.613   -23.00   0.0000e+00   3.3966e+01   2.0445e+01   0  H  0.00  1   !  -9.99000e+02  -99.000  -99.000  -999
OBS: 504  57680.613   -21.00   0.0000e+00   3.3921e+01   2.0418e+01   0  H  0.00  1   !  -9.99000e+02  -99.000  -99.000  -999
OBS: 504  57682.613   -19.00   0.0000e+00   3.6552e+01   1.7680e+01   0  H  0.00  1   !  -9.99000e+02  -99.000  -99.000  -999
OBS: 504  57684.613   -17.00   0.0000e+00   5.1484e+01   2.8318e+00   0  H  0.00  1   !  -9.99000e+02  -99.000  -99.000  -999
OBS: 504  57686.613   -15.00   0.0000e+00   6.5973e+01   1.7924e+00   0  H  0.00  1   !  -9.99000e+02  -99.000  -99.000  -999
OBS: 504  57688.613   -13.00   0.0000e+00   7.8268e+01   2.2375e+00   0  H  0.00  1   !  -9.99000e+02  -99.000  -99.000  -999
OBS: 504  57690.613   -11.00   0.0000e+00   8.5133e+01   2.3718e+00   0  H  0.00  1   !  -9.99000e+02  -99.000  -99.000  -999
OBS: 504  57692.613    -9.00   0.0000e+00   8.8671e+01   2.1687e+00   0  H  0.00  1   !  -9.99000e+02  -99.000  -99.000  -999
OBS: 504  57694.613    -7.00   0.0000e+00   9.0224e+01   2.0468e+00   0  H  0.00  1   !  -9.99000e+02  -99.000  -99.000  -999
OBS: 504  57696.613    -5.00   0.0000e+00   8.9597e+01   2.0761e+00   0  H  0.00  1   !  -9.99000e+02  -99.000  -99.000  -999
OBS: 504  57698.613    -3.00   0.0000e+00   8.5881e+01   2.2738e+00   0  H  0.00  1   !  -9.99000e+02  -99.000  -99.000  -999
OBS: 504  57700.613    -1.00   0.0000e+00   8.0063e+01   2.3291e+00   0  H  0.00  1   !  -9.99000e+02  -99.000  -99.000  -999
OBS: 504  57702.613     1.00   0.0000e+00   7.1045e+01   2.3479e+00   0  H  0.00  1   !  -9.99000e+02  -99.000  -99.000  -999
OBS: 504  57704.613     3.00   0.0000e+00   6.1098e+01   2.2911e+00   0  H  0.00  1   !  -9.99000e+02  -99.000  -99.000  -999
OBS: 504  57706.613     5.00   0.0000e+00   5.2349e+01   2.2028e+00   0  H  0.00  1   !  -9.99000e+02  -99.000  -99.000  -999
OBS: 504  57708.613     7.00   0.0000e+00   4.5075e+01   2.1475e+00   0  H  0.00  1   !  -9.99000e+02  -99.000  -99.000  -999
OBS: 504  57710.613     9.00   0.0000e+00   3.8171e+01   2.1355e+00   0  H  0.00  1   !  -9.99000e+02  -99.000  -99.000  -999
OBS: 504  57712.613    11.00   0.0000e+00   3.2292e+01   2.3664e+00   0  H  0.00  1   !  -9.99000e+02  -99.000  -99.000  -999
OBS: 504  57714.613    13.00   0.0000e+00   2.8076e+01   2.6345e+00   0  H  0.00  1   !  -9.99000e+02  -99.000  -99.000  -999
OBS: 504  57716.613    15.00   0.0000e+00   2.5662e+01   2.6556e+00   0  H  0.00  1   !  -9.99000e+02  -99.000  -99.000  -999
OBS: 504  57718.613    17.00   0.0000e+00   2.5133e+01   2.5678e+00   0  H  0.00  1   !  -9.99000e+02  -99.000  -99.000  -999
OBS: 504  57720.613    19.00   0.0000e+00   2.5730e+01   2.4426e+00   0  H  0.00  1   !  -9.99000e+02  -99.000  -99.000  -999
OBS: 504  57722.613    21.00   0.0000e+00   2.6656e+01   2.0985e+00   0  H  0.00  1   !  -9.99000e+02  -99.000  -99.000  -999
OBS: 504  57724.613    23.00   0.0000e+00   2.7769e+01   1.9324e+00   0  H  0.00  1   !  -9.99000e+02  -99.000  -99.000  -999
OBS: 504  57726.613    25.00   0.0000e+00   2.8792e+01   2.1800e+00   0  H  0.00  1   !  -9.99000e+02  -99.000  -99.000  -999
OBS: 504  57728.613    27.00   0.0000e+00   3.0116e+01   2.6103e+00   0  H  0.00  1   !  -9.99000e+02  -99.000  -99.000  -999
OBS: 504  57730.613    29.00   0.0000e+00   3.1738e+01   2.8589e+00   0  H  0.00  1   !  -9.99000e+02  -99.000  -99.000  -999
OBS: 504  57732.613    31.00   0.0000e+00   3.3323e+01   3.0017e+00   0  H  0.00  1   !  -9.99000e+02  -99.000  -99.000  -999
OBS: 504  57734.613    33.00   0.0000e+00   3.5054e+01   3.0989e+00   0  H  0.00  1   !  -9.99000e+02  -99.000  -99.000  -999
OBS: 504  57736.613    35.00   0.0000e+00   3.6925e+01   3.1703e+00   0  H  0.00  1   !  -9.99000e+02  -99.000  -99.000  -999
OBS: 504  57738.613    37.00   0.0000e+00   3.8808e+01   3.3595e+00   0  H  0.00  1   !  -9.99000e+02  -99.000  -99.000  -999
OBS: 504  57740.613    39.00   0.0000e+00   4.1188e+01   3.8861e+00   0  H  0.00  1   !  -9.99000e+02  -99.000  -99.000  -999
OBS: 504  57742.613    41.00   0.0000e+00   4.4276e+01   4.6294e+00   0  H  0.00  1   !  -9.99000e+02  -99.000  -99.000  -999
OBS: 504  57744.613    43.00   0.0000e+00   4.7148e+01   5.2174e+00   0  H  0.00  1   !  -9.99000e+02  -99.000  -99.000  -999
OBS: 504  57746.613    45.00   0.0000e+00   4.8330e+01   5.5610e+00   0  H  0.00  1   !  -9.99000e+02  -99.000  -99.000  -999
OBS: 504  57748.613    47.00   0.0000e+00   4.6789e+01   5.7098e+00   0  H  0.00  1   !  -9.99000e+02  -99.000  -99.000  -999
OBS: 504  57750.613    49.00   0.0000e+00   4.3124e+01   5.5538e+00   0  H  0.00  1   !  -9.99000e+02  -99.000  -99.000  -999
OBS: 504  57752.613    51.00   0.0000e+00   3.8120e+01   4.9644e+00   0  H  0.00  1   !  -9.99000e+02  -99.000  -99.000  -999
OBS: 504  57754.613    53.00   0.0000e+00   3.2712e+01   4.1036e+00   0  H  0.00  1   !  -9.99000e+02  -99.000  -99.000  -999
OBS: 504  57756.613    55.00   0.0000e+00   2.7659e+01   3.2297e+00   0  H  0.00  1   !  -9.99000e+02  -99.000  -99.000  -999
OBS: 504  57758.613    57.00   0.0000e+00   2.3958e+01   2.6439e+00   0  H  0.00  1   !  -9.99000e+02  -99.000  -99.000  -999
OBS: 504  57760.613    59.00   0.0000e+00   2.1991e+01   3.0983e+00   0  H  0.00  1   !  -9.99000e+02  -99.000  -99.000  -999
OBS: 504  57762.613    61.00   0.0000e+00   2.0951e+01   4.6718e+00   0  H  0.00  1   !  -9.99000e+02  -99.000  -99.000  -999
OBS: 504  57764.613    63.00   0.0000e+00   2.0126e+01   6.5347e+00   0  H  0.00  1   !  -9.99000e+02  -99.000  -99.000  -999
OBS: 504  57766.613    65.00   0.0000e+00   1.9194e+01   8.7549e+00   0  H  0.00  1   !  -9.99000e+02  -99.000  -99.000  -999
OBS: 504  57768.613    67.00   0.0000e+00   1.8192e+01   1.0950e+01   0  H  0.00  1   !  -9.99000e+02  -99.000  -99.000  -999
OBS: 504  57770.613    69.00   0.0000e+00   1.7133e+01   1.0313e+01   0  H  0.00  1   !  -9.99000e+02  -99.000  -99.000  -999
OBS: 504  57772.613    71.00   0.0000e+00   1.5855e+01   9.5431e+00   0  H  0.00  1   !  -9.99000e+02  -99.000  -99.000  -999
OBS: 504  57774.613    73.00   0.0000e+00   1.4742e+01   8.8733e+00   0  H  0.00  1   !  -9.99000e+02  -99.000  -99.000  -999
OBS: 504  57776.613    75.00   0.0000e+00   1.3737e+01   8.2682e+00   0  H  0.00  1   !  -9.99000e+02  -99.000  -99.000  -999
OBS: 504  57778.613    77.00   0.0000e+00   1.2843e+01   7.7304e+00   0  H  0.00  1   !  -9.99000e+02  -99.000  -99.000  -999
OBS: 504  57780.613    79.00   0.0000e+00   1.1416e+01   6.8713e+00   0  H  0.00  1   !  -9.99000e+02  -99.000  -99.000  -999
OBS: 504  57782.613    81.00   0.0000e+00   1.0007e+01   6.0230e+00   0  H  0.00  1   !  -9.99000e+02  -99.000  -99.000  -999
OBS: 504  57784.613    83.00   0.0000e+00   8.8835e+00   5.3471e+00   0  H  0.00  1   !  -9.99000e+02  -99.000  -99.000  -999
OBS: 504  57786.613    85.00   0.0000e+00   8.1602e+00   4.9117e+00   0  H  0.00  1   !  -9.99000e+02  -99.000  -99.000  -999
OBS: 504  57788.613    87.00   0.0000e+00   7.5442e+00   4.5409e+00   0  H  0.00  1   !  -9.99000e+02  -99.000  -99.000  -999
OBS: 504  57790.613    89.00   0.0000e+00   7.0212e+00   4.2261e+00   0  H  0.00  1   !  -9.99000e+02  -99.000  -99.000  -999
OBS: 504  57792.613    91.00   0.0000e+00   6.5270e+00   3.9287e+00   0  H  0.00  1   !  -9.99000e+02  -99.000  -99.000  -999
OBS: 504  57794.613    93.00   0.0000e+00   6.0148e+00   3.6204e+00   0  H  0.00  1   !  -9.99000e+02  -99.000  -99.000  -999
OBS: 504  57796.613    95.00   0.0000e+00   5.4611e+00   3.2871e+00   0  H  0.00  1   !  -9.99000e+02  -99.000  -99.000  -999
OBS: 504  57798.613    97.00   0.0000e+00   5.1108e+00   3.0762e+00   0  H  0.00  1   !  -9.99000e+02  -99.000  -99.000  -999
OBS: 504  57800.613    99.00   0.0000e+00   4.8932e+00   2.9452e+00   0  H  0.00  1   !  -9.99000e+02  -99.000  -99.000  -999
OBS: 504  57802.613   101.00   0.0000e+00   4.6857e+00   2.8204e+00   0  H  0.00  1   !  -9.99000e+02  -99.000  -99.000  -999
OBS: 504  57804.613   103.00   0.0000e+00   4.4881e+00   2.7014e+00   0  H  0.00  1   !  -9.99000e+02  -99.000  -99.000  -999
OBS: 504  57806.613   105.00   0.0000e+00   4.2984e+00   2.5873e+00   0  H  0.00  1   !  -9.99000e+02  -99.000  -99.000  -999
OBS: 504  57808.613   107.00   0.0000e+00   4.1127e+00   2.4755e+00   0  H  0.00  1   !  -9.99000e+02  -99.000  -99.000  -999
OBS: 504  57810.613   109.00   0.0000e+00   3.9294e+00   2.3651e+00   0  H  0.00  1   !  -9.99000e+02  -99.000  -99.000  -999
OBS: 504  57812.613   111.00   0.0000e+00   3.7703e+00   2.2694e+00   0  H  0.00  1   !  -9.99000e+02  -99.000  -99.000  -999
OBS: 504  57814.613   113.00   0.0000e+00   3.6385e+00   2.1900e+00   0  H  0.00  1   !  -9.99000e+02  -99.000  -99.000  -999
OBS: 504  57816.613   115.00   0.0000e+00   3.5113e+00   2.1135e+00   0  H  0.00  1   !  -9.99000e+02  -99.000  -99.000  -999
OBS: 504  57818.613   117.00   0.0000e+00   3.3886e+00   2.0396e+00   0  H  0.00  1   !  -9.99000e+02  -99.000  -99.000  -999
OBS: 504  57820.613   119.00   0.0000e+00   3.2701e+00   1.9683e+00   0  H  0.00  1   !  -9.99000e+02  -99.000  -99.000  -999
OBS: 504  57822.613   121.00   0.0000e+00   3.1558e+00   1.8995e+00   0  H  0.00  1   !  -9.99000e+02  -99.000  -99.000  -999
OBS: 504  57824.613   123.00   0.0000e+00   3.0455e+00   1.8331e+00   0  H  0.00  1   !  -9.99000e+02  -99.000  -99.000  -999
OBS: 504  57826.613   125.00   0.0000e+00   2.9390e+00   1.7690e+00   0  H  0.00  1   !  -9.99000e+02  -99.000  -99.000  -999
OBS: 504  57828.613   127.00   0.0000e+00   2.8363e+00   1.7072e+00   0  H  0.00  1   !  -9.99000e+02  -99.000  -99.000  -999
OBS: 504  57830.613   129.00   0.0000e+00   2.7371e+00   1.6475e+00   0  H  0.00  1   !  -9.99000e+02  -99.000  -99.000  -999
OBS: 504  57832.613   131.00   0.0000e+00   2.6414e+00   1.5899e+00   0  H  0.00  1   !  -9.99000e+02  -99.000  -99.000  -999
OBS: 504  57834.613   133.00   0.0000e+00   2.5491e+00   1.5343e+00   0  H  0.00  1   !  -9.99000e+02  -99.000  -99.000  -999
OBS: 504  57836.613   135.00   0.0000e+00   2.4600e+00   1.4807e+00   0  H  0.00  1   !  -9.99000e+02  -99.000  -99.000  -999
OBS: 504  57838.613   137.00   0.0000e+00   2.3740e+00   1.4289e+00   0  H  0.00  1   !  -9.99000e+02  -99.000  -99.000  -999
OBS: 504  57840.613   139.00   0.0000e+00   2.2910e+00   1.3790e+00   0  H  0.00  1   !  -9.99000e+02  -99.000  -99.000  -999
