VARNAMES: CID MJD Tobs SIM_FLUXCAL FLUXCAL FLUXCAL_ERR DATAFLAG BAND CHI2 IFIT BAND_REST FLUX_REST KCOR AVWARP SIM_FLUX_REST 
OBS: 282  57321.625    16.73   1.8748e+01   1.8700e+01   2.4241e-01   1  H  0.02  1   Y  1.26294e+18  0.470  1.675  1.00000e+11
OBS: 282  57327.867    22.97   2.1187e+01   2.1291e+01   2.5151e-01   1  H  0.00  1   Y  1.45574e+18  0.483  3.231  1.00000e+11
OBS: 282  57337.664    32.77   3.0093e+01   3.0397e+01   2.8116e-01   1  H  0.01  1   Y  2.16290e+18  0.527  0.978  1.00000e+11
OBS: 282  57245.898   -59.00   0.0000e+00   0.0000e+00   0.0000e+00   0  H  0.00  1   !  -9.99000e+02  -99.000  -99.000  -999
OBS: 282  57247.898   -57.00   0.0000e+00   0.0000e+00   0.0000e+00   0  H  0.00  1   !  -9.99000e+02  -99.000  -99.000  -999
OBS: 282  57249.898   -55.00   0.0000e+00   0.0000e+00   0.0000e+00   0  H  0.00  1   !  -9.99000e+02  -99.000  -99.000  -999
OBS: 282  57251.898   -53.00   0.0000e+00   0.0000e+00   0.0000e+00   0  H  0.00  1   !  -9.99000e+02  -99.000  -99.000  -999
OBS: 282  57253.898   -51.00   0.0000e+00   0.0000e+00   0.0000e+00   0  H  0.00  1   !  -9.99000e+02  -99.000  -99.000  -999
OBS: 282  57255.898   -49.00   0.0000e+00   0.0000e+00   0.0000e+00   0  H  0.00  1   !  -9.99000e+02  -99.000  -99.000  -999
OBS: 282  57257.898   -47.00   0.0000e+00   0.0000e+00   0.0000e+00   0  H  0.00  1   !  -9.99000e+02  -99.000  -99.000  -999
OBS: 282  57259.898   -45.00   0.0000e+00   0.0000e+00   0.0000e+00   0  H  0.00  1   !  -9.99000e+02  -99.000  -99.000  -999
OBS: 282  57261.898   -43.00   0.0000e+00   0.0000e+00   0.0000e+00   0  H  0.00  1   !  -9.99000e+02  -99.000  -99.000  -999
OBS: 282  57263.898   -41.00   0.0000e+00   0.0000e+00   0.0000e+00   0  H  0.00  1   !  -9.99000e+02  -99.000  -99.000  -999
OBS: 282  57265.898   -39.00   0.0000e+00   0.0000e+00   0.0000e+00   0  H  0.00  1   !  -9.99000e+02  -99.000  -99.000  -999
OBS: 282  57267.898   -37.00   0.0000e+00   0.0000e+00   0.0000e+00   0  H  0.00  1   !  -9.99000e+02  -99.000  -99.000  -999
OBS: 282  57269.898   -35.00   0.0000e+00   0.0000e+00   0.0000e+00   0  H  0.00  1   !  -9.99000e+02  -99.000  -99.000  -999
OBS: 282  57271.898   -33.00   0.0000e+00   0.0000e+00   0.0000e+00   0  H  0.00  1   !  -9.99000e+02  -99.000  -99.000  -999
OBS: 282  57273.898   -31.00   0.0000e+00   0.0000e+00   0.0000e+00   0  H  0.00  1   !  -9.99000e+02  -99.000  -99.000  -999
OBS: 282  57275.898   -29.00   0.0000e+00   0.0000e+00   0.0000e+00   0  H  0.00  1   !  -9.99000e+02  -99.000  -99.000  -999
OBS: 282  57277.898   -27.00   0.0000e+00   8.7364e+00   5.2585e+00   0  H  0.00  1   !  -9.99000e+02  -99.000  -99.000  -999
OBS: 282  57279.898   -25.00   0.0000e+00   1.0621e+01   6.3927e+00   0  H  0.00  1   !  -9.99000e+02  -99.000  -99.000  -999
OBS: 282  57281.898   -23.00   0.0000e+00   1.0676e+01   6.4260e+00   0  H  0.00  1   !  -9.99000e+02  -99.000  -99.000  -999
OBS: 282  57283.898   -21.00   0.0000e+00   1.0975e+01   6.4373e+00   0  H  0.00  1   !  -9.99000e+02  -99.000  -99.000  -999
OBS: 282  57285.898   -19.00   0.0000e+00   1.8330e+01   3.6107e+00   0  H  0.00  1   !  -9.99000e+02  -99.000  -99.000  -999
OBS: 282  57287.898   -17.00   0.0000e+00   2.6673e+01   2.3542e+00   0  H  0.00  1   !  -9.99000e+02  -99.000  -99.000  -999
OBS: 282  57289.898   -15.00   0.0000e+00   3.4175e+01   1.6392e+00   0  H  0.00  1   !  -9.99000e+02  -99.000  -99.000  -999
OBS: 282  57291.898   -13.00   0.0000e+00   4.0112e+01   1.2965e+00   0  H  0.00  1   !  -9.99000e+02  -99.000  -99.000  -999
OBS: 282  57293.898   -11.00   0.0000e+00   4.4231e+01   1.1101e+00   0  H  0.00  1   !  -9.99000e+02  -99.000  -99.000  -999
OBS: 282  57295.898    -9.00   0.0000e+00   4.6639e+01   1.1036e+00   0  H  0.00  1   !  -9.99000e+02  -99.000  -99.000  -999
OBS: 282  57297.898    -7.00   0.0000e+00   4.7829e+01   1.2123e+00   0  H  0.00  1   !  -9.99000e+02  -99.000  -99.000  -999
OBS: 282  57299.898    -5.00   0.0000e+00   4.7165e+01   1.2343e+00   0  H  0.00  1   !  -9.99000e+02  -99.000  -99.000  -999
OBS: 282  57301.898    -3.00   0.0000e+00   4.5190e+01   1.1170e+00   0  H  0.00  1   !  -9.99000e+02  -99.000  -99.000  -999
OBS: 282  57303.898    -1.00   0.0000e+00   4.2237e+01   1.0651e+00   0  H  0.00  1   !  -9.99000e+02  -99.000  -99.000  -999
OBS: 282  57305.898     1.00   0.0000e+00   3.8181e+01   1.1466e+00   0  H  0.00  1   !  -9.99000e+02  -99.000  -99.000  -999
OBS: 282  57307.898     3.00   0.0000e+00   3.3713e+01   1.2407e+00   0  H  0.00  1   !  -9.99000e+02  -99.000  -99.000  -999
OBS: 282  57309.898     5.00   0.0000e+00   2.9632e+01   1.2091e+00   0  H  0.00  1   !  -9.99000e+02  -99.000  -99.000  -999
OBS: 282  57311.898     7.00   0.0000e+00   2.6555e+01   1.1039e+00   0  H  0.00  1   !  -9.99000e+02  -99.000  -99.000  -999
OBS: 282  57313.898     9.00   0.0000e+00   2.3819e+01   1.0067e+00   0  H  0.00  1   !  -9.99000e+02  -99.000  -99.000  -999
OBS: 282  57315.898    11.00   0.0000e+00   2.1555e+01   1.0099e+00   0  H  0.00  1   !  -9.99000e+02  -99.000  -99.000  -999
OBS: 282  57317.898    13.00   0.0000e+00   1.9973e+01   1.0671e+00   0  H  0.00  1   !  -9.99000e+02  -99.000  -99.000  -999
OBS: 282  57319.898    15.00   0.0000e+00   1.9077e+01   1.0681e+00   0  H  0.00  1   !  -9.99000e+02  -99.000  -99.000  -999
OBS: 282  57321.898    17.00   0.0000e+00   1.8885e+01   1.0405e+00   0  H  0.00  1   !  -9.99000e+02  -99.000  -99.000  -999
OBS: 282  57323.898    19.00   0.0000e+00   1.9415e+01   9.8985e-01   0  H  0.00  1   !  -9.99000e+02  -99.000  -99.000  -999
OBS: 282  57325.898    21.00   0.0000e+00   2.0246e+01   9.4941e-01   0  H  0.00  1   !  -9.99000e+02  -99.000  -99.000  -999
OBS: 282  57327.898    23.00   0.0000e+00   2.1343e+01   9.5909e-01   0  H  0.00  1   !  -9.99000e+02  -99.000  -99.000  -999
OBS: 282  57329.898    25.00   0.0000e+00   2.2706e+01   9.0606e-01   0  H  0.00  1   !  -9.99000e+02  -99.000  -99.000  -999
OBS: 282  57331.898    27.00   0.0000e+00   2.4318e+01   8.0689e-01   0  H  0.00  1   !  -9.99000e+02  -99.000  -99.000  -999
OBS: 282  57333.898    29.00   0.0000e+00   2.6288e+01   7.8704e-01   0  H  0.00  1   !  -9.99000e+02  -99.000  -99.000  -999
OBS: 282  57335.898    31.00   0.0000e+00   2.8459e+01   8.6669e-01   0  H  0.00  1   !  -9.99000e+02  -99.000  -99.000  -999
OBS: 282  57337.898    33.00   0.0000e+00   3.0494e+01   9.4184e-01   0  H  0.00  1   !  -9.99000e+02  -99.000  -99.000  -999
OBS: 282  57339.898    35.00   0.0000e+00   3.2342e+01   9.5882e-01   0  H  0.00  1   !  -9.99000e+02  -99.000  -99.000  -999
OBS: 282  57341.898    37.00   0.0000e+00   3.4352e+01   9.4755e-01   0  H  0.00  1   !  -9.99000e+02  -99.000  -99.000  -999
OBS: 282  57343.898    39.00   0.0000e+00   3.6457e+01   1.0078e+00   0  H  0.00  1   !  -9.99000e+02  -99.000  -99.000  -999
OBS: 282  57345.898    41.00   0.0000e+00   3.8460e+01   1.1478e+00   0  H  0.00  1   !  -9.99000e+02  -99.000  -99.000  -999
OBS: 282  57347.898    43.00   0.0000e+00   4.0129e+01   1.3155e+00   0  H  0.00  1   !  -9.99000e+02  -99.000  -99.000  -999
OBS: 282  57349.898    45.00   0.0000e+00   4.1554e+01   1.4378e+00   0  H  0.00  1   !  -9.99000e+02  -99.000  -99.000  -999
OBS: 282  57351.898    47.00   0.0000e+00   4.2262e+01   1.4137e+00   0  H  0.00  1   !  -9.99000e+02  -99.000  -99.000  -999
OBS: 282  57353.898    49.00   0.0000e+00   4.2157e+01   1.3899e+00   0  H  0.00  1   !  -9.99000e+02  -99.000  -99.000  -999
OBS: 282  57355.898    51.00   0.0000e+00   4.0928e+01   1.4596e+00   0  H  0.00  1   !  -9.99000e+02  -99.000  -99.000  -999
OBS: 282  57357.898    53.00   0.0000e+00   3.8781e+01   1.5494e+00   0  H  0.00  1   !  -9.99000e+02  -99.000  -99.000  -999
OBS: 282  57359.898    55.00   0.0000e+00   3.5968e+01   1.5195e+00   0  H  0.00  1   !  -9.99000e+02  -99.000  -99.000  -999
OBS: 282  57361.898    57.00   0.0000e+00   3.2845e+01   1.3173e+00   0  H  0.00  1   !  -9.99000e+02  -99.000  -99.000  -999
OBS: 282  57363.898    59.00   0.0000e+00   2.9932e+01   1.0894e+00   0  H  0.00  1   !  -9.99000e+02  -99.000  -99.000  -999
OBS: 282  57365.898    61.00   0.0000e+00   2.7699e+01   8.9431e-01   0  H  0.00  1   !  -9.99000e+02  -99.000  -99.000  -999
OBS: 282  57367.898    63.00   0.0000e+00   2.6117e+01   7.7980e-01   0  H  0.00  1   !  -9.99000e+02  -99.000  -99.000  -999
OBS: 282  57369.898    65.00   0.0000e+00   2.4872e+01   7.2566e-01   0  H  0.00  1   !  -9.99000e+02  -99.000  -99.000  -999
OBS: 282  57371.898    67.00   0.0000e+00   2.3613e+01   7.5954e-01   0  H  0.00  1   !  -9.99000e+02  -99.000  -99.000  -999
OBS: 282  57373.898    69.00   0.0000e+00   2.2162e+01   8.5864e-01   0  H  0.00  1   !  -9.99000e+02  -99.000  -99.000  -999
OBS: 282  57375.898    71.00   0.0000e+00   2.0553e+01   8.0250e+00   0  H  0.00  1   !  -9.99000e+02  -99.000  -99.000  -999
OBS: 282  57377.898    73.00   0.0000e+00   1.8942e+01   1.1401e+01   0  H  0.00  1   !  -9.99000e+02  -99.000  -99.000  -999
OBS: 282  57379.898    75.00   0.0000e+00   1.7348e+01   1.0442e+01   0  H  0.00  1   !  -9.99000e+02  -99.000  -99.000  -999
OBS: 282  57381.898    77.00   0.0000e+00   1.5762e+01   9.4871e+00   0  H  0.00  1   !  -9.99000e+02  -99.000  -99.000  -999
OBS: 282  57383.898    79.00   0.0000e+00   1.4408e+01   8.6721e+00   0  H  0.00  1   !  -9.99000e+02  -99.000  -99.000  -999
OBS: 282  57385.898    81.00   0.0000e+00   1.3284e+01   7.9957e+00   0  H  0.00  1   !  -9.99000e+02  -99.000  -99.000  -999
OBS: 282  57387.898    83.00   0.0000e+00   1.2382e+01   7.4529e+00   0  H  0.00  1   !  -9.99000e+02  -99.000  -99.000  -999
OBS: 282  57389.898    85.00   0.0000e+00   1.1368e+01   6.8423e+00   0  H  0.00  1   !  -9.99000e+02  -99.000  -99.000  -999
OBS: 282  57391.898    87.00   0.0000e+00   9.9690e+00   6.0005e+00   0  H  0.00  1   !  -9.99000e+02  -99.000  -99.000  -999
OBS: 282  57393.898    89.00   0.0000e+00   8.8351e+00   5.3180e+00   0  H  0.00  1   !  -9.99000e+02  -99.000  -99.000  -999
OBS: 282  57395.898    91.00   0.0000e+00   7.8915e+00   4.7500e+00   0  H  0.00  1   !  -9.99000e+02  -99.000  -99.000  -999
OBS: 282  57397.898    93.00   0.0000e+00   7.0592e+00   4.2490e+00   0  H  0.00  1   !  -9.99000e+02  -99.000  -99.000  -999
OBS: 282  57399.898    95.00   0.0000e+00   6.3489e+00   3.8215e+00   0  H  0.00  1   !  -9.99000e+02  -99.000  -99.000  -999
OBS: 282  57401.898    97.00   0.0000e+00   5.7231e+00   3.4448e+00   0  H  0.00  1   !  -9.99000e+02  -99.000  -99.000  -999
OBS: 282  57403.898    99.00   0.0000e+00   5.1590e+00   3.1052e+00   0  H  0.00  1   !  -9.99000e+02  -99.000  -99.000  -999
OBS: 282  57405.898   101.00   0.0000e+00   4.6335e+00   2.7889e+00   0  H  0.00  1   !  -9.99000e+02  -99.000  -99.000  -999
OBS: 282  57407.898   103.00   0.0000e+00   4.1362e+00   2.4896e+00   0  H  0.00  1   !  -9.99000e+02  -99.000  -99.000  -999
OBS: 282  57409.898   105.00   0.0000e+00   3.7240e+00   2.2415e+00   0  H  0.00  1   !  -9.99000e+02  -99.000  -99.000  -999
OBS: 282  57411.898   107.00   0.0000e+00   3.3943e+00   2.0431e+00   0  H  0.00  1   !  -9.99000e+02  -99.000  -99.000  -999
OBS: 282  57413.898   109.00   0.0000e+00   3.0926e+00   1.8615e+00   0  H  0.00  1   !  -9.99000e+02  -99.000  -99.000  -999
OBS: 282  57415.898   111.00   0.0000e+00   2.8159e+00   1.6949e+00   0  H  0.00  1   !  -9.99000e+02  -99.000  -99.000  -999
OBS: 282  57417.898   113.00   0.0000e+00   2.5622e+00   1.5422e+00   0  H  0.00  1   !  -9.99000e+02  -99.000  -99.000  -999
OBS: 282  57419.898   115.00   0.0000e+00   2.3297e+00   1.4022e+00   0  H  0.00  1   !  -9.99000e+02  -99.000  -99.000  -999
OBS: 282  57421.898   117.00   0.0000e+00   2.1164e+00   1.2739e+00   0  H  0.00  1   !  -9.99000e+02  -99.000  -99.000  -999
OBS: 282  57423.898   119.00   0.0000e+00   1.9204e+00   1.1559e+00   0  H  0.00  1   !  -9.99000e+02  -99.000  -99.000  -999
OBS: 282  57425.898   121.00   0.0000e+00   1.7496e+00   1.0531e+00   0  H  0.00  1   !  -9.99000e+02  -99.000  -99.000  -999
OBS: 282  57427.898   123.00   0.0000e+00   1.5962e+00   9.6079e-01   0  H  0.00  1   !  -9.99000e+02  -99.000  -99.000  -999
OBS: 282  57429.898   125.00   0.0000e+00   1.4563e+00   8.7657e-01   0  H  0.00  1   !  -9.99000e+02  -99.000  -99.000  -999
OBS: 282  57431.898   127.00   0.0000e+00   1.3287e+00   7.9973e-01   0  H  0.00  1   !  -9.99000e+02  -99.000  -99.000  -999
OBS: 282  57433.898   129.00   0.0000e+00   1.2122e+00   7.2963e-01   0  H  0.00  1   !  -9.99000e+02  -99.000  -99.000  -999
OBS: 282  57435.898   131.00   0.0000e+00   1.1059e+00   6.6567e-01   0  H  0.00  1   !  -9.99000e+02  -99.000  -99.000  -999
OBS: 282  57437.898   133.00   0.0000e+00   1.0090e+00   6.0732e-01   0  H  0.00  1   !  -9.99000e+02  -99.000  -99.000  -999
OBS: 282  57439.898   135.00   0.0000e+00   9.2054e-01   5.5409e-01   0  H  0.00  1   !  -9.99000e+02  -99.000  -99.000  -999
OBS: 282  57441.898   137.00   0.0000e+00   8.3985e-01   5.0552e-01   0  H  0.00  1   !  -9.99000e+02  -99.000  -99.000  -999
OBS: 282  57443.898   139.00   0.0000e+00   7.6623e-01   4.6120e-01   0  H  0.00  1   !  -9.99000e+02  -99.000  -99.000  -999
