VARNAMES: CID MJD Tobs SIM_FLUXCAL FLUXCAL FLUXCAL_ERR DATAFLAG BAND CHI2 IFIT BAND_REST FLUX_REST KCOR AVWARP SIM_FLUX_REST 
OBS: 934  57714.637    19.03   1.5384e+01   1.5281e+01   2.2106e-01   1  H  0.00  1   Y  1.24013e+18  0.419  0.531  1.00000e+11
OBS: 934  57721.641    26.03   1.7998e+01   1.7944e+01   2.3127e-01   1  H  0.00  1   Y  1.48627e+18  0.441  1.014  1.00000e+11
OBS: 934  57731.180    35.57   2.5432e+01   2.5355e+01   2.5757e-01   1  H  0.00  1   Y  2.08703e+18  0.434  0.686  1.00000e+11
OBS: 934  57636.609   -59.00   0.0000e+00   0.0000e+00   0.0000e+00   0  H  0.00  1   !  -9.99000e+02  -99.000  -99.000  -999
OBS: 934  57638.609   -57.00   0.0000e+00   0.0000e+00   0.0000e+00   0  H  0.00  1   !  -9.99000e+02  -99.000  -99.000  -999
OBS: 934  57640.609   -55.00   0.0000e+00   0.0000e+00   0.0000e+00   0  H  0.00  1   !  -9.99000e+02  -99.000  -99.000  -999
OBS: 934  57642.609   -53.00   0.0000e+00   0.0000e+00   0.0000e+00   0  H  0.00  1   !  -9.99000e+02  -99.000  -99.000  -999
OBS: 934  57644.609   -51.00   0.0000e+00   0.0000e+00   0.0000e+00   0  H  0.00  1   !  -9.99000e+02  -99.000  -99.000  -999
OBS: 934  57646.609   -49.00   0.0000e+00   0.0000e+00   0.0000e+00   0  H  0.00  1   !  -9.99000e+02  -99.000  -99.000  -999
OBS: 934  57648.609   -47.00   0.0000e+00   0.0000e+00   0.0000e+00   0  H  0.00  1   !  -9.99000e+02  -99.000  -99.000  -999
OBS: 934  57650.609   -45.00   0.0000e+00   0.0000e+00   0.0000e+00   0  H  0.00  1   !  -9.99000e+02  -99.000  -99.000  -999
OBS: 934  57652.609   -43.00   0.0000e+00   0.0000e+00   0.0000e+00   0  H  0.00  1   !  -9.99000e+02  -99.000  -99.000  -999
OBS: 934  57654.609   -41.00   0.0000e+00   0.0000e+00   0.0000e+00   0  H  0.00  1   !  -9.99000e+02  -99.000  -99.000  -999
OBS: 934  57656.609   -39.00   0.0000e+00   0.0000e+00   0.0000e+00   0  H  0.00  1   !  -9.99000e+02  -99.000  -99.000  -999
OBS: 934  57658.609   -37.00   0.0000e+00   0.0000e+00   0.0000e+00   0  H  0.00  1   !  -9.99000e+02  -99.000  -99.000  -999
OBS: 934  57660.609   -35.00   0.0000e+00   0.0000e+00   0.0000e+00   0  H  0.00  1   !  -9.99000e+02  -99.000  -99.000  -999
OBS: 934  57662.609   -33.00   0.0000e+00   0.0000e+00   0.0000e+00   0  H  0.00  1   !  -9.99000e+02  -99.000  -99.000  -999
OBS: 934  57664.609   -31.00   0.0000e+00   0.0000e+00   0.0000e+00   0  H  0.00  1   !  -9.99000e+02  -99.000  -99.000  -999
OBS: 934  57666.609   -29.00   0.0000e+00   0.0000e+00   0.0000e+00   0  H  0.00  1   !  -9.99000e+02  -99.000  -99.000  -999
OBS: 934  57668.609   -27.00   0.0000e+00   7.0009e+00   4.2139e+00   0  H  0.00  1   !  -9.99000e+02  -99.000  -99.000  -999
OBS: 934  57670.609   -25.00   0.0000e+00   7.4240e+00   4.4686e+00   0  H  0.00  1   !  -9.99000e+02  -99.000  -99.000  -999
OBS: 934  57672.609   -23.00   0.0000e+00   7.4302e+00   4.4723e+00   0  H  0.00  1   !  -9.99000e+02  -99.000  -99.000  -999
OBS: 934  57674.609   -21.00   0.0000e+00   8.3569e+00   4.2813e+00   0  H  0.00  1   !  -9.99000e+02  -99.000  -99.000  -999
OBS: 934  57676.609   -19.00   0.0000e+00   1.3880e+01   1.7773e+00   0  H  0.00  1   !  -9.99000e+02  -99.000  -99.000  -999
OBS: 934  57678.609   -17.00   0.0000e+00   1.9752e+01   1.2206e+00   0  H  0.00  1   !  -9.99000e+02  -99.000  -99.000  -999
OBS: 934  57680.609   -15.00   0.0000e+00   2.5187e+01   1.1465e+00   0  H  0.00  1   !  -9.99000e+02  -99.000  -99.000  -999
OBS: 934  57682.609   -13.00   0.0000e+00   2.9996e+01   1.1348e+00   0  H  0.00  1   !  -9.99000e+02  -99.000  -99.000  -999
OBS: 934  57684.609   -11.00   0.0000e+00   3.3530e+01   9.8991e-01   0  H  0.00  1   !  -9.99000e+02  -99.000  -99.000  -999
OBS: 934  57686.609    -9.00   0.0000e+00   3.5787e+01   8.0352e-01   0  H  0.00  1   !  -9.99000e+02  -99.000  -99.000  -999
OBS: 934  57688.609    -7.00   0.0000e+00   3.6744e+01   7.5460e-01   0  H  0.00  1   !  -9.99000e+02  -99.000  -99.000  -999
OBS: 934  57690.609    -5.00   0.0000e+00   3.6104e+01   8.3898e-01   0  H  0.00  1   !  -9.99000e+02  -99.000  -99.000  -999
OBS: 934  57692.609    -3.00   0.0000e+00   3.4346e+01   9.1888e-01   0  H  0.00  1   !  -9.99000e+02  -99.000  -99.000  -999
OBS: 934  57694.609    -1.00   0.0000e+00   3.1856e+01   8.8745e-01   0  H  0.00  1   !  -9.99000e+02  -99.000  -99.000  -999
OBS: 934  57696.609     1.00   0.0000e+00   2.8750e+01   8.0090e-01   0  H  0.00  1   !  -9.99000e+02  -99.000  -99.000  -999
OBS: 934  57698.609     3.00   0.0000e+00   2.5634e+01   7.6433e-01   0  H  0.00  1   !  -9.99000e+02  -99.000  -99.000  -999
OBS: 934  57700.609     5.00   0.0000e+00   2.2890e+01   7.7464e-01   0  H  0.00  1   !  -9.99000e+02  -99.000  -99.000  -999
OBS: 934  57702.609     7.00   0.0000e+00   2.0723e+01   8.0116e-01   0  H  0.00  1   !  -9.99000e+02  -99.000  -99.000  -999
OBS: 934  57704.609     9.00   0.0000e+00   1.8761e+01   8.1590e-01   0  H  0.00  1   !  -9.99000e+02  -99.000  -99.000  -999
OBS: 934  57706.609    11.00   0.0000e+00   1.7073e+01   8.0412e-01   0  H  0.00  1   !  -9.99000e+02  -99.000  -99.000  -999
OBS: 934  57708.609    13.00   0.0000e+00   1.5818e+01   7.6507e-01   0  H  0.00  1   !  -9.99000e+02  -99.000  -99.000  -999
OBS: 934  57710.609    15.00   0.0000e+00   1.5130e+01   7.1354e-01   0  H  0.00  1   !  -9.99000e+02  -99.000  -99.000  -999
OBS: 934  57712.609    17.00   0.0000e+00   1.4953e+01   7.1068e-01   0  H  0.00  1   !  -9.99000e+02  -99.000  -99.000  -999
OBS: 934  57714.609    19.00   0.0000e+00   1.5319e+01   7.0766e-01   0  H  0.00  1   !  -9.99000e+02  -99.000  -99.000  -999
OBS: 934  57716.609    21.00   0.0000e+00   1.5925e+01   6.8737e-01   0  H  0.00  1   !  -9.99000e+02  -99.000  -99.000  -999
OBS: 934  57718.609    23.00   0.0000e+00   1.6643e+01   6.9013e-01   0  H  0.00  1   !  -9.99000e+02  -99.000  -99.000  -999
OBS: 934  57720.609    25.00   0.0000e+00   1.7471e+01   7.0335e-01   0  H  0.00  1   !  -9.99000e+02  -99.000  -99.000  -999
OBS: 934  57722.609    27.00   0.0000e+00   1.8374e+01   7.6131e-01   0  H  0.00  1   !  -9.99000e+02  -99.000  -99.000  -999
OBS: 934  57724.609    29.00   0.0000e+00   1.9462e+01   8.5341e-01   0  H  0.00  1   !  -9.99000e+02  -99.000  -99.000  -999
OBS: 934  57726.609    31.00   0.0000e+00   2.0843e+01   9.3827e-01   0  H  0.00  1   !  -9.99000e+02  -99.000  -99.000  -999
OBS: 934  57728.609    33.00   0.0000e+00   2.2603e+01   9.4920e-01   0  H  0.00  1   !  -9.99000e+02  -99.000  -99.000  -999
OBS: 934  57730.609    35.00   0.0000e+00   2.4672e+01   8.9453e-01   0  H  0.00  1   !  -9.99000e+02  -99.000  -99.000  -999
OBS: 934  57732.609    37.00   0.0000e+00   2.7082e+01   8.2994e-01   0  H  0.00  1   !  -9.99000e+02  -99.000  -99.000  -999
OBS: 934  57734.609    39.00   0.0000e+00   2.9486e+01   8.3813e-01   0  H  0.00  1   !  -9.99000e+02  -99.000  -99.000  -999
OBS: 934  57736.609    41.00   0.0000e+00   3.1568e+01   8.5985e-01   0  H  0.00  1   !  -9.99000e+02  -99.000  -99.000  -999
OBS: 934  57738.609    43.00   0.0000e+00   3.3117e+01   8.6668e-01   0  H  0.00  1   !  -9.99000e+02  -99.000  -99.000  -999
OBS: 934  57740.609    45.00   0.0000e+00   3.4118e+01   8.9287e-01   0  H  0.00  1   !  -9.99000e+02  -99.000  -99.000  -999
OBS: 934  57742.609    47.00   0.0000e+00   3.4836e+01   9.3920e-01   0  H  0.00  1   !  -9.99000e+02  -99.000  -99.000  -999
OBS: 934  57744.609    49.00   0.0000e+00   3.4980e+01   9.4492e-01   0  H  0.00  1   !  -9.99000e+02  -99.000  -99.000  -999
OBS: 934  57746.609    51.00   0.0000e+00   3.4476e+01   9.3130e-01   0  H  0.00  1   !  -9.99000e+02  -99.000  -99.000  -999
OBS: 934  57748.609    53.00   0.0000e+00   3.3170e+01   9.2806e-01   0  H  0.00  1   !  -9.99000e+02  -99.000  -99.000  -999
OBS: 934  57750.609    55.00   0.0000e+00   3.1158e+01   9.2324e-01   0  H  0.00  1   !  -9.99000e+02  -99.000  -99.000  -999
OBS: 934  57752.609    57.00   0.0000e+00   2.8792e+01   9.9202e-01   0  H  0.00  1   !  -9.99000e+02  -99.000  -99.000  -999
OBS: 934  57754.609    59.00   0.0000e+00   2.6427e+01   1.0233e+00   0  H  0.00  1   !  -9.99000e+02  -99.000  -99.000  -999
OBS: 934  57756.609    61.00   0.0000e+00   2.4427e+01   9.5753e-01   0  H  0.00  1   !  -9.99000e+02  -99.000  -99.000  -999
OBS: 934  57758.609    63.00   0.0000e+00   2.2932e+01   8.2587e-01   0  H  0.00  1   !  -9.99000e+02  -99.000  -99.000  -999
OBS: 934  57760.609    65.00   0.0000e+00   2.1685e+01   7.4383e-01   0  H  0.00  1   !  -9.99000e+02  -99.000  -99.000  -999
OBS: 934  57762.609    67.00   0.0000e+00   2.0409e+01   7.5810e-01   0  H  0.00  1   !  -9.99000e+02  -99.000  -99.000  -999
OBS: 934  57764.609    69.00   0.0000e+00   1.9000e+01   8.1896e-01   0  H  0.00  1   !  -9.99000e+02  -99.000  -99.000  -999
OBS: 934  57766.609    71.00   0.0000e+00   1.7518e+01   8.7227e-01   0  H  0.00  1   !  -9.99000e+02  -99.000  -99.000  -999
OBS: 934  57768.609    73.00   0.0000e+00   1.6035e+01   9.6514e+00   0  H  0.00  1   !  -9.99000e+02  -99.000  -99.000  -999
OBS: 934  57770.609    75.00   0.0000e+00   1.4613e+01   8.7956e+00   0  H  0.00  1   !  -9.99000e+02  -99.000  -99.000  -999
OBS: 934  57772.609    77.00   0.0000e+00   1.3262e+01   7.9823e+00   0  H  0.00  1   !  -9.99000e+02  -99.000  -99.000  -999
OBS: 934  57774.609    79.00   0.0000e+00   1.2033e+01   7.2430e+00   0  H  0.00  1   !  -9.99000e+02  -99.000  -99.000  -999
OBS: 934  57776.609    81.00   0.0000e+00   1.0964e+01   6.5996e+00   0  H  0.00  1   !  -9.99000e+02  -99.000  -99.000  -999
OBS: 934  57778.609    83.00   0.0000e+00   1.0071e+01   6.0616e+00   0  H  0.00  1   !  -9.99000e+02  -99.000  -99.000  -999
OBS: 934  57780.609    85.00   0.0000e+00   9.3563e+00   5.6316e+00   0  H  0.00  1   !  -9.99000e+02  -99.000  -99.000  -999
OBS: 934  57782.609    87.00   0.0000e+00   8.2363e+00   4.9575e+00   0  H  0.00  1   !  -9.99000e+02  -99.000  -99.000  -999
OBS: 934  57784.609    89.00   0.0000e+00   7.1463e+00   4.3014e+00   0  H  0.00  1   !  -9.99000e+02  -99.000  -99.000  -999
OBS: 934  57786.609    91.00   0.0000e+00   6.2678e+00   3.7727e+00   0  H  0.00  1   !  -9.99000e+02  -99.000  -99.000  -999
OBS: 934  57788.609    93.00   0.0000e+00   5.5526e+00   3.3422e+00   0  H  0.00  1   !  -9.99000e+02  -99.000  -99.000  -999
OBS: 934  57790.609    95.00   0.0000e+00   4.9610e+00   2.9861e+00   0  H  0.00  1   !  -9.99000e+02  -99.000  -99.000  -999
OBS: 934  57792.609    97.00   0.0000e+00   4.4570e+00   2.6827e+00   0  H  0.00  1   !  -9.99000e+02  -99.000  -99.000  -999
OBS: 934  57794.609    99.00   0.0000e+00   4.0253e+00   2.4229e+00   0  H  0.00  1   !  -9.99000e+02  -99.000  -99.000  -999
OBS: 934  57796.609   101.00   0.0000e+00   3.6345e+00   2.1876e+00   0  H  0.00  1   !  -9.99000e+02  -99.000  -99.000  -999
OBS: 934  57798.609   103.00   0.0000e+00   3.2724e+00   1.9697e+00   0  H  0.00  1   !  -9.99000e+02  -99.000  -99.000  -999
OBS: 934  57800.609   105.00   0.0000e+00   2.9352e+00   1.7667e+00   0  H  0.00  1   !  -9.99000e+02  -99.000  -99.000  -999
OBS: 934  57802.609   107.00   0.0000e+00   2.6578e+00   1.5998e+00   0  H  0.00  1   !  -9.99000e+02  -99.000  -99.000  -999
OBS: 934  57804.609   109.00   0.0000e+00   2.4175e+00   1.4551e+00   0  H  0.00  1   !  -9.99000e+02  -99.000  -99.000  -999
OBS: 934  57806.609   111.00   0.0000e+00   2.1987e+00   1.3234e+00   0  H  0.00  1   !  -9.99000e+02  -99.000  -99.000  -999
OBS: 934  57808.609   113.00   0.0000e+00   1.9991e+00   1.2033e+00   0  H  0.00  1   !  -9.99000e+02  -99.000  -99.000  -999
OBS: 934  57810.609   115.00   0.0000e+00   1.8172e+00   1.0938e+00   0  H  0.00  1   !  -9.99000e+02  -99.000  -99.000  -999
OBS: 934  57812.609   117.00   0.0000e+00   1.6512e+00   9.9390e-01   0  H  0.00  1   !  -9.99000e+02  -99.000  -99.000  -999
OBS: 934  57814.609   119.00   0.0000e+00   1.4994e+00   9.0249e-01   0  H  0.00  1   !  -9.99000e+02  -99.000  -99.000  -999
OBS: 934  57816.609   121.00   0.0000e+00   1.3604e+00   8.1884e-01   0  H  0.00  1   !  -9.99000e+02  -99.000  -99.000  -999
OBS: 934  57818.609   123.00   0.0000e+00   1.2384e+00   7.4543e-01   0  H  0.00  1   !  -9.99000e+02  -99.000  -99.000  -999
OBS: 934  57820.609   125.00   0.0000e+00   1.1282e+00   6.7906e-01   0  H  0.00  1   !  -9.99000e+02  -99.000  -99.000  -999
OBS: 934  57822.609   127.00   0.0000e+00   1.0277e+00   6.1859e-01   0  H  0.00  1   !  -9.99000e+02  -99.000  -99.000  -999
OBS: 934  57824.609   129.00   0.0000e+00   9.3613e-01   5.6347e-01   0  H  0.00  1   !  -9.99000e+02  -99.000  -99.000  -999
OBS: 934  57826.609   131.00   0.0000e+00   8.5271e-01   5.1326e-01   0  H  0.00  1   !  -9.99000e+02  -99.000  -99.000  -999
OBS: 934  57828.609   133.00   0.0000e+00   7.7671e-01   4.6751e-01   0  H  0.00  1   !  -9.99000e+02  -99.000  -99.000  -999
OBS: 934  57830.609   135.00   0.0000e+00   7.0732e-01   4.2575e-01   0  H  0.00  1   !  -9.99000e+02  -99.000  -99.000  -999
OBS: 934  57832.609   137.00   0.0000e+00   6.4412e-01   3.8770e-01   0  H  0.00  1   !  -9.99000e+02  -99.000  -99.000  -999
OBS: 934  57834.609   139.00   0.0000e+00   5.8632e-01   3.5291e-01   0  H  0.00  1   !  -9.99000e+02  -99.000  -99.000  -999
