VARNAMES: CID MJD Tobs SIM_FLUXCAL FLUXCAL FLUXCAL_ERR DATAFLAG BAND CHI2 IFIT BAND_REST FLUX_REST KCOR AVWARP SIM_FLUX_REST 
OBS: 598  57387.055    11.76   1.4795e+01   1.4730e+01   2.2484e-01   1  H  0.01  1   Y  1.11930e+18  0.348  0.766  1.00000e+11
OBS: 598  57394.523    19.23   1.3794e+01   1.3865e+01   2.2148e-01   1  H  0.01  1   Y  1.18016e+18  0.471  -1.030  1.00000e+11
OBS: 598  57401.148    25.86   1.6814e+01   1.6863e+01   2.3293e-01   1  H  0.00  1   Y  1.47605e+18  0.501  -1.016  1.00000e+11
OBS: 598  57316.293   -59.00   0.0000e+00   0.0000e+00   0.0000e+00   0  H  0.00  1   !  -9.99000e+02  -99.000  -99.000  -999
OBS: 598  57318.293   -57.00   0.0000e+00   0.0000e+00   0.0000e+00   0  H  0.00  1   !  -9.99000e+02  -99.000  -99.000  -999
OBS: 598  57320.293   -55.00   0.0000e+00   0.0000e+00   0.0000e+00   0  H  0.00  1   !  -9.99000e+02  -99.000  -99.000  -999
OBS: 598  57322.293   -53.00   0.0000e+00   0.0000e+00   0.0000e+00   0  H  0.00  1   !  -9.99000e+02  -99.000  -99.000  -999
OBS: 598  57324.293   -51.00   0.0000e+00   0.0000e+00   0.0000e+00   0  H  0.00  1   !  -9.99000e+02  -99.000  -99.000  -999
OBS: 598  57326.293   -49.00   0.0000e+00   0.0000e+00   0.0000e+00   0  H  0.00  1   !  -9.99000e+02  -99.000  -99.000  -999
OBS: 598  57328.293   -47.00   0.0000e+00   0.0000e+00   0.0000e+00   0  H  0.00  1   !  -9.99000e+02  -99.000  -99.000  -999
OBS: 598  57330.293   -45.00   0.0000e+00   0.0000e+00   0.0000e+00   0  H  0.00  1   !  -9.99000e+02  -99.000  -99.000  -999
OBS: 598  57332.293   -43.00   0.0000e+00   0.0000e+00   0.0000e+00   0  H  0.00  1   !  -9.99000e+02  -99.000  -99.000  -999
OBS: 598  57334.293   -41.00   0.0000e+00   0.0000e+00   0.0000e+00   0  H  0.00  1   !  -9.99000e+02  -99.000  -99.000  -999
OBS: 598  57336.293   -39.00   0.0000e+00   0.0000e+00   0.0000e+00   0  H  0.00  1   !  -9.99000e+02  -99.000  -99.000  -999
OBS: 598  57338.293   -37.00   0.0000e+00   0.0000e+00   0.0000e+00   0  H  0.00  1   !  -9.99000e+02  -99.000  -99.000  -999
OBS: 598  57340.293   -35.00   0.0000e+00   0.0000e+00   0.0000e+00   0  H  0.00  1   !  -9.99000e+02  -99.000  -99.000  -999
OBS: 598  57342.293   -33.00   0.0000e+00   0.0000e+00   0.0000e+00   0  H  0.00  1   !  -9.99000e+02  -99.000  -99.000  -999
OBS: 598  57344.293   -31.00   0.0000e+00   0.0000e+00   0.0000e+00   0  H  0.00  1   !  -9.99000e+02  -99.000  -99.000  -999
OBS: 598  57346.293   -29.00   0.0000e+00   0.0000e+00   0.0000e+00   0  H  0.00  1   !  -9.99000e+02  -99.000  -99.000  -999
OBS: 598  57348.293   -27.00   0.0000e+00   3.9800e+00   2.3956e+00   0  H  0.00  1   !  -9.99000e+02  -99.000  -99.000  -999
OBS: 598  57350.293   -25.00   0.0000e+00   4.2470e+00   2.5563e+00   0  H  0.00  1   !  -9.99000e+02  -99.000  -99.000  -999
OBS: 598  57352.293   -23.00   0.0000e+00   4.2503e+00   2.5583e+00   0  H  0.00  1   !  -9.99000e+02  -99.000  -99.000  -999
OBS: 598  57354.293   -21.00   0.0000e+00   4.8951e+00   2.6294e+00   0  H  0.00  1   !  -9.99000e+02  -99.000  -99.000  -999
OBS: 598  57356.293   -19.00   0.0000e+00   1.0279e+01   1.5512e+00   0  H  0.00  1   !  -9.99000e+02  -99.000  -99.000  -999
OBS: 598  57358.293   -17.00   0.0000e+00   1.6197e+01   9.3377e-01   0  H  0.00  1   !  -9.99000e+02  -99.000  -99.000  -999
OBS: 598  57360.293   -15.00   0.0000e+00   2.1765e+01   8.0869e-01   0  H  0.00  1   !  -9.99000e+02  -99.000  -99.000  -999
OBS: 598  57362.293   -13.00   0.0000e+00   2.6877e+01   8.1112e-01   0  H  0.00  1   !  -9.99000e+02  -99.000  -99.000  -999
OBS: 598  57364.293   -11.00   0.0000e+00   3.0901e+01   7.4208e-01   0  H  0.00  1   !  -9.99000e+02  -99.000  -99.000  -999
OBS: 598  57366.293    -9.00   0.0000e+00   3.3588e+01   6.7978e-01   0  H  0.00  1   !  -9.99000e+02  -99.000  -99.000  -999
OBS: 598  57368.293    -7.00   0.0000e+00   3.4823e+01   6.5420e-01   0  H  0.00  1   !  -9.99000e+02  -99.000  -99.000  -999
OBS: 598  57370.293    -5.00   0.0000e+00   3.4187e+01   6.5532e-01   0  H  0.00  1   !  -9.99000e+02  -99.000  -99.000  -999
OBS: 598  57372.293    -3.00   0.0000e+00   3.2344e+01   6.7971e-01   0  H  0.00  1   !  -9.99000e+02  -99.000  -99.000  -999
OBS: 598  57374.293    -1.00   0.0000e+00   2.9704e+01   7.0013e-01   0  H  0.00  1   !  -9.99000e+02  -99.000  -99.000  -999
OBS: 598  57376.293     1.00   0.0000e+00   2.6490e+01   7.2538e-01   0  H  0.00  1   !  -9.99000e+02  -99.000  -99.000  -999
OBS: 598  57378.293     3.00   0.0000e+00   2.3326e+01   7.5899e-01   0  H  0.00  1   !  -9.99000e+02  -99.000  -99.000  -999
OBS: 598  57380.293     5.00   0.0000e+00   2.0637e+01   7.7426e-01   0  H  0.00  1   !  -9.99000e+02  -99.000  -99.000  -999
OBS: 598  57382.293     7.00   0.0000e+00   1.8600e+01   7.5474e-01   0  H  0.00  1   !  -9.99000e+02  -99.000  -99.000  -999
OBS: 598  57384.293     9.00   0.0000e+00   1.6798e+01   7.0534e-01   0  H  0.00  1   !  -9.99000e+02  -99.000  -99.000  -999
OBS: 598  57386.293    11.00   0.0000e+00   1.5278e+01   6.6934e-01   0  H  0.00  1   !  -9.99000e+02  -99.000  -99.000  -999
OBS: 598  57388.293    13.00   0.0000e+00   1.4159e+01   6.5981e-01   0  H  0.00  1   !  -9.99000e+02  -99.000  -99.000  -999
OBS: 598  57390.293    15.00   0.0000e+00   1.3527e+01   6.6843e-01   0  H  0.00  1   !  -9.99000e+02  -99.000  -99.000  -999
OBS: 598  57392.293    17.00   0.0000e+00   1.3385e+01   6.7172e-01   0  H  0.00  1   !  -9.99000e+02  -99.000  -99.000  -999
OBS: 598  57394.293    19.00   0.0000e+00   1.3751e+01   6.5333e-01   0  H  0.00  1   !  -9.99000e+02  -99.000  -99.000  -999
OBS: 598  57396.293    21.00   0.0000e+00   1.4354e+01   6.2976e-01   0  H  0.00  1   !  -9.99000e+02  -99.000  -99.000  -999
OBS: 598  57398.293    23.00   0.0000e+00   1.5189e+01   6.1966e-01   0  H  0.00  1   !  -9.99000e+02  -99.000  -99.000  -999
OBS: 598  57400.293    25.00   0.0000e+00   1.6305e+01   6.2566e-01   0  H  0.00  1   !  -9.99000e+02  -99.000  -99.000  -999
OBS: 598  57402.293    27.00   0.0000e+00   1.7598e+01   6.4773e-01   0  H  0.00  1   !  -9.99000e+02  -99.000  -99.000  -999
OBS: 598  57404.293    29.00   0.0000e+00   1.9146e+01   7.0110e-01   0  H  0.00  1   !  -9.99000e+02  -99.000  -99.000  -999
OBS: 598  57406.293    31.00   0.0000e+00   2.0950e+01   7.6925e-01   0  H  0.00  1   !  -9.99000e+02  -99.000  -99.000  -999
OBS: 598  57408.293    33.00   0.0000e+00   2.2921e+01   8.4160e-01   0  H  0.00  1   !  -9.99000e+02  -99.000  -99.000  -999
OBS: 598  57410.293    35.00   0.0000e+00   2.4810e+01   8.6941e-01   0  H  0.00  1   !  -9.99000e+02  -99.000  -99.000  -999
OBS: 598  57412.293    37.00   0.0000e+00   2.6627e+01   8.5365e-01   0  H  0.00  1   !  -9.99000e+02  -99.000  -99.000  -999
OBS: 598  57414.293    39.00   0.0000e+00   2.8069e+01   8.3739e-01   0  H  0.00  1   !  -9.99000e+02  -99.000  -99.000  -999
OBS: 598  57416.293    41.00   0.0000e+00   2.9127e+01   8.2672e-01   0  H  0.00  1   !  -9.99000e+02  -99.000  -99.000  -999
OBS: 598  57418.293    43.00   0.0000e+00   2.9658e+01   7.9479e-01   0  H  0.00  1   !  -9.99000e+02  -99.000  -99.000  -999
OBS: 598  57420.293    45.00   0.0000e+00   2.9739e+01   7.6176e-01   0  H  0.00  1   !  -9.99000e+02  -99.000  -99.000  -999
OBS: 598  57422.293    47.00   0.0000e+00   2.9456e+01   7.4782e-01   0  H  0.00  1   !  -9.99000e+02  -99.000  -99.000  -999
OBS: 598  57424.293    49.00   0.0000e+00   2.8671e+01   7.6794e-01   0  H  0.00  1   !  -9.99000e+02  -99.000  -99.000  -999
OBS: 598  57426.293    51.00   0.0000e+00   2.7387e+01   8.0268e-01   0  H  0.00  1   !  -9.99000e+02  -99.000  -99.000  -999
OBS: 598  57428.293    53.00   0.0000e+00   2.5524e+01   8.0420e-01   0  H  0.00  1   !  -9.99000e+02  -99.000  -99.000  -999
OBS: 598  57430.293    55.00   0.0000e+00   2.3292e+01   7.6190e-01   0  H  0.00  1   !  -9.99000e+02  -99.000  -99.000  -999
OBS: 598  57432.293    57.00   0.0000e+00   2.0929e+01   7.5323e-01   0  H  0.00  1   !  -9.99000e+02  -99.000  -99.000  -999
OBS: 598  57434.293    59.00   0.0000e+00   1.8729e+01   8.0455e-01   0  H  0.00  1   !  -9.99000e+02  -99.000  -99.000  -999
OBS: 598  57436.293    61.00   0.0000e+00   1.6935e+01   8.7791e-01   0  H  0.00  1   !  -9.99000e+02  -99.000  -99.000  -999
OBS: 598  57438.293    63.00   0.0000e+00   1.5655e+01   9.1879e-01   0  H  0.00  1   !  -9.99000e+02  -99.000  -99.000  -999
OBS: 598  57440.293    65.00   0.0000e+00   1.4627e+01   9.0143e-01   0  H  0.00  1   !  -9.99000e+02  -99.000  -99.000  -999
OBS: 598  57442.293    67.00   0.0000e+00   1.3670e+01   8.6052e-01   0  H  0.00  1   !  -9.99000e+02  -99.000  -99.000  -999
OBS: 598  57444.293    69.00   0.0000e+00   1.2714e+01   8.4864e-01   0  H  0.00  1   !  -9.99000e+02  -99.000  -99.000  -999
OBS: 598  57446.293    71.00   0.0000e+00   1.1770e+01   8.6045e-01   0  H  0.00  1   !  -9.99000e+02  -99.000  -99.000  -999
OBS: 598  57448.293    73.00   0.0000e+00   1.0880e+01   6.5488e+00   0  H  0.00  1   !  -9.99000e+02  -99.000  -99.000  -999
OBS: 598  57450.293    75.00   0.0000e+00   1.0073e+01   6.0632e+00   0  H  0.00  1   !  -9.99000e+02  -99.000  -99.000  -999
OBS: 598  57452.293    77.00   0.0000e+00   9.2784e+00   5.5847e+00   0  H  0.00  1   !  -9.99000e+02  -99.000  -99.000  -999
OBS: 598  57454.293    79.00   0.0000e+00   8.5369e+00   5.1385e+00   0  H  0.00  1   !  -9.99000e+02  -99.000  -99.000  -999
OBS: 598  57456.293    81.00   0.0000e+00   7.8384e+00   4.7180e+00   0  H  0.00  1   !  -9.99000e+02  -99.000  -99.000  -999
OBS: 598  57458.293    83.00   0.0000e+00   7.2142e+00   4.3423e+00   0  H  0.00  1   !  -9.99000e+02  -99.000  -99.000  -999
OBS: 598  57460.293    85.00   0.0000e+00   6.6869e+00   4.0249e+00   0  H  0.00  1   !  -9.99000e+02  -99.000  -99.000  -999
OBS: 598  57462.293    87.00   0.0000e+00   5.7311e+00   3.4496e+00   0  H  0.00  1   !  -9.99000e+02  -99.000  -99.000  -999
OBS: 598  57464.293    89.00   0.0000e+00   4.9218e+00   2.9625e+00   0  H  0.00  1   !  -9.99000e+02  -99.000  -99.000  -999
OBS: 598  57466.293    91.00   0.0000e+00   4.2945e+00   2.5849e+00   0  H  0.00  1   !  -9.99000e+02  -99.000  -99.000  -999
OBS: 598  57468.293    93.00   0.0000e+00   3.8092e+00   2.2928e+00   0  H  0.00  1   !  -9.99000e+02  -99.000  -99.000  -999
OBS: 598  57470.293    95.00   0.0000e+00   3.4165e+00   2.0564e+00   0  H  0.00  1   !  -9.99000e+02  -99.000  -99.000  -999
OBS: 598  57472.293    97.00   0.0000e+00   3.0974e+00   1.8643e+00   0  H  0.00  1   !  -9.99000e+02  -99.000  -99.000  -999
OBS: 598  57474.293    99.00   0.0000e+00   2.8263e+00   1.7012e+00   0  H  0.00  1   !  -9.99000e+02  -99.000  -99.000  -999
OBS: 598  57476.293   101.00   0.0000e+00   2.5828e+00   1.5546e+00   0  H  0.00  1   !  -9.99000e+02  -99.000  -99.000  -999
OBS: 598  57478.293   103.00   0.0000e+00   2.3533e+00   1.4165e+00   0  H  0.00  1   !  -9.99000e+02  -99.000  -99.000  -999
OBS: 598  57480.293   105.00   0.0000e+00   2.1380e+00   1.2869e+00   0  H  0.00  1   !  -9.99000e+02  -99.000  -99.000  -999
OBS: 598  57482.293   107.00   0.0000e+00   1.9667e+00   1.1838e+00   0  H  0.00  1   !  -9.99000e+02  -99.000  -99.000  -999
OBS: 598  57484.293   109.00   0.0000e+00   1.8112e+00   1.0902e+00   0  H  0.00  1   !  -9.99000e+02  -99.000  -99.000  -999
OBS: 598  57486.293   111.00   0.0000e+00   1.6675e+00   1.0037e+00   0  H  0.00  1   !  -9.99000e+02  -99.000  -99.000  -999
OBS: 598  57488.293   113.00   0.0000e+00   1.5344e+00   9.2360e-01   0  H  0.00  1   !  -9.99000e+02  -99.000  -99.000  -999
OBS: 598  57490.293   115.00   0.0000e+00   1.4114e+00   8.4955e-01   0  H  0.00  1   !  -9.99000e+02  -99.000  -99.000  -999
OBS: 598  57492.293   117.00   0.0000e+00   1.2985e+00   7.8157e-01   0  H  0.00  1   !  -9.99000e+02  -99.000  -99.000  -999
OBS: 598  57494.293   119.00   0.0000e+00   1.1950e+00   7.1928e-01   0  H  0.00  1   !  -9.99000e+02  -99.000  -99.000  -999
OBS: 598  57496.293   121.00   0.0000e+00   1.0994e+00   6.6176e-01   0  H  0.00  1   !  -9.99000e+02  -99.000  -99.000  -999
OBS: 598  57498.293   123.00   0.0000e+00   1.0178e+00   6.1262e-01   0  H  0.00  1   !  -9.99000e+02  -99.000  -99.000  -999
OBS: 598  57500.293   125.00   0.0000e+00   9.4221e-01   5.6713e-01   0  H  0.00  1   !  -9.99000e+02  -99.000  -99.000  -999
OBS: 598  57502.293   127.00   0.0000e+00   8.7225e-01   5.2501e-01   0  H  0.00  1   !  -9.99000e+02  -99.000  -99.000  -999
OBS: 598  57504.293   129.00   0.0000e+00   8.0748e-01   4.8603e-01   0  H  0.00  1   !  -9.99000e+02  -99.000  -99.000  -999
OBS: 598  57506.293   131.00   0.0000e+00   7.4752e-01   4.4994e-01   0  H  0.00  1   !  -9.99000e+02  -99.000  -99.000  -999
OBS: 598  57508.293   133.00   0.0000e+00   6.9201e-01   4.1653e-01   0  H  0.00  1   !  -9.99000e+02  -99.000  -99.000  -999
OBS: 598  57510.293   135.00   0.0000e+00   6.4062e-01   3.8560e-01   0  H  0.00  1   !  -9.99000e+02  -99.000  -99.000  -999
OBS: 598  57512.293   137.00   0.0000e+00   5.9305e-01   3.5696e-01   0  H  0.00  1   !  -9.99000e+02  -99.000  -99.000  -999
OBS: 598  57514.293   139.00   0.0000e+00   5.4901e-01   3.3046e-01   0  H  0.00  1   !  -9.99000e+02  -99.000  -99.000  -999
