VARNAMES: CID MJD Tobs SIM_FLUXCAL FLUXCAL FLUXCAL_ERR DATAFLAG BAND CHI2 IFIT BAND_REST FLUX_REST KCOR AVWARP SIM_FLUX_REST 
OBS: 436  57390.137    13.84   1.4759e+01   1.4862e+01   2.2064e-01   1  H  0.00  1   Y  1.12729e+18  0.425  0.287  1.00000e+11
OBS: 436  57396.309    20.01   1.4814e+01   1.4862e+01   2.2064e-01   1  H  0.00  1   Y  1.23216e+18  0.522  -0.973  1.00000e+11
OBS: 436  57404.590    28.29   1.9164e+01   1.9252e+01   2.3727e-01   1  H  0.00  1   Y  1.63328e+18  0.547  -0.745  1.00000e+11
OBS: 436  57317.297   -59.00   0.0000e+00   0.0000e+00   0.0000e+00   0  H  0.00  1   !  -9.99000e+02  -99.000  -99.000  -999
OBS: 436  57319.297   -57.00   0.0000e+00   0.0000e+00   0.0000e+00   0  H  0.00  1   !  -9.99000e+02  -99.000  -99.000  -999
OBS: 436  57321.297   -55.00   0.0000e+00   0.0000e+00   0.0000e+00   0  H  0.00  1   !  -9.99000e+02  -99.000  -99.000  -999
OBS: 436  57323.297   -53.00   0.0000e+00   0.0000e+00   0.0000e+00   0  H  0.00  1   !  -9.99000e+02  -99.000  -99.000  -999
OBS: 436  57325.297   -51.00   0.0000e+00   0.0000e+00   0.0000e+00   0  H  0.00  1   !  -9.99000e+02  -99.000  -99.000  -999
OBS: 436  57327.297   -49.00   0.0000e+00   0.0000e+00   0.0000e+00   0  H  0.00  1   !  -9.99000e+02  -99.000  -99.000  -999
OBS: 436  57329.297   -47.00   0.0000e+00   0.0000e+00   0.0000e+00   0  H  0.00  1   !  -9.99000e+02  -99.000  -99.000  -999
OBS: 436  57331.297   -45.00   0.0000e+00   0.0000e+00   0.0000e+00   0  H  0.00  1   !  -9.99000e+02  -99.000  -99.000  -999
OBS: 436  57333.297   -43.00   0.0000e+00   0.0000e+00   0.0000e+00   0  H  0.00  1   !  -9.99000e+02  -99.000  -99.000  -999
OBS: 436  57335.297   -41.00   0.0000e+00   0.0000e+00   0.0000e+00   0  H  0.00  1   !  -9.99000e+02  -99.000  -99.000  -999
OBS: 436  57337.297   -39.00   0.0000e+00   0.0000e+00   0.0000e+00   0  H  0.00  1   !  -9.99000e+02  -99.000  -99.000  -999
OBS: 436  57339.297   -37.00   0.0000e+00   0.0000e+00   0.0000e+00   0  H  0.00  1   !  -9.99000e+02  -99.000  -99.000  -999
OBS: 436  57341.297   -35.00   0.0000e+00   0.0000e+00   0.0000e+00   0  H  0.00  1   !  -9.99000e+02  -99.000  -99.000  -999
OBS: 436  57343.297   -33.00   0.0000e+00   0.0000e+00   0.0000e+00   0  H  0.00  1   !  -9.99000e+02  -99.000  -99.000  -999
OBS: 436  57345.297   -31.00   0.0000e+00   0.0000e+00   0.0000e+00   0  H  0.00  1   !  -9.99000e+02  -99.000  -99.000  -999
OBS: 436  57347.297   -29.00   0.0000e+00   0.0000e+00   0.0000e+00   0  H  0.00  1   !  -9.99000e+02  -99.000  -99.000  -999
OBS: 436  57349.297   -27.00   0.0000e+00   5.1811e+00   3.1185e+00   0  H  0.00  1   !  -9.99000e+02  -99.000  -99.000  -999
OBS: 436  57351.297   -25.00   0.0000e+00   5.3254e+00   3.2054e+00   0  H  0.00  1   !  -9.99000e+02  -99.000  -99.000  -999
OBS: 436  57353.297   -23.00   0.0000e+00   5.3310e+00   3.2088e+00   0  H  0.00  1   !  -9.99000e+02  -99.000  -99.000  -999
OBS: 436  57355.297   -21.00   0.0000e+00   5.7371e+00   3.2339e+00   0  H  0.00  1   !  -9.99000e+02  -99.000  -99.000  -999
OBS: 436  57357.297   -19.00   0.0000e+00   1.1430e+01   1.6790e+00   0  H  0.00  1   !  -9.99000e+02  -99.000  -99.000  -999
OBS: 436  57359.297   -17.00   0.0000e+00   1.7747e+01   1.0255e+00   0  H  0.00  1   !  -9.99000e+02  -99.000  -99.000  -999
OBS: 436  57361.297   -15.00   0.0000e+00   2.3686e+01   8.9753e-01   0  H  0.00  1   !  -9.99000e+02  -99.000  -99.000  -999
OBS: 436  57363.297   -13.00   0.0000e+00   2.9052e+01   9.2844e-01   0  H  0.00  1   !  -9.99000e+02  -99.000  -99.000  -999
OBS: 436  57365.297   -11.00   0.0000e+00   3.3256e+01   8.4701e-01   0  H  0.00  1   !  -9.99000e+02  -99.000  -99.000  -999
OBS: 436  57367.297    -9.00   0.0000e+00   3.5984e+01   7.6608e-01   0  H  0.00  1   !  -9.99000e+02  -99.000  -99.000  -999
OBS: 436  57369.297    -7.00   0.0000e+00   3.7259e+01   7.2961e-01   0  H  0.00  1   !  -9.99000e+02  -99.000  -99.000  -999
OBS: 436  57371.297    -5.00   0.0000e+00   3.6584e+01   7.4364e-01   0  H  0.00  1   !  -9.99000e+02  -99.000  -99.000  -999
OBS: 436  57373.297    -3.00   0.0000e+00   3.4657e+01   7.5975e-01   0  H  0.00  1   !  -9.99000e+02  -99.000  -99.000  -999
OBS: 436  57375.297    -1.00   0.0000e+00   3.1978e+01   7.9889e-01   0  H  0.00  1   !  -9.99000e+02  -99.000  -99.000  -999
OBS: 436  57377.297     1.00   0.0000e+00   2.8675e+01   8.0184e-01   0  H  0.00  1   !  -9.99000e+02  -99.000  -99.000  -999
OBS: 436  57379.297     3.00   0.0000e+00   2.5354e+01   8.2499e-01   0  H  0.00  1   !  -9.99000e+02  -99.000  -99.000  -999
OBS: 436  57381.297     5.00   0.0000e+00   2.2476e+01   8.4063e-01   0  H  0.00  1   !  -9.99000e+02  -99.000  -99.000  -999
OBS: 436  57383.297     7.00   0.0000e+00   2.0288e+01   8.4106e-01   0  H  0.00  1   !  -9.99000e+02  -99.000  -99.000  -999
OBS: 436  57385.297     9.00   0.0000e+00   1.8272e+01   7.8719e-01   0  H  0.00  1   !  -9.99000e+02  -99.000  -99.000  -999
OBS: 436  57387.297    11.00   0.0000e+00   1.6538e+01   7.4164e-01   0  H  0.00  1   !  -9.99000e+02  -99.000  -99.000  -999
OBS: 436  57389.297    13.00   0.0000e+00   1.5227e+01   7.1702e-01   0  H  0.00  1   !  -9.99000e+02  -99.000  -99.000  -999
OBS: 436  57391.297    15.00   0.0000e+00   1.4451e+01   7.0795e-01   0  H  0.00  1   !  -9.99000e+02  -99.000  -99.000  -999
OBS: 436  57393.297    17.00   0.0000e+00   1.4253e+01   7.1421e-01   0  H  0.00  1   !  -9.99000e+02  -99.000  -99.000  -999
OBS: 436  57395.297    19.00   0.0000e+00   1.4604e+01   6.9638e-01   0  H  0.00  1   !  -9.99000e+02  -99.000  -99.000  -999
OBS: 436  57397.297    21.00   0.0000e+00   1.5205e+01   6.7654e-01   0  H  0.00  1   !  -9.99000e+02  -99.000  -99.000  -999
OBS: 436  57399.297    23.00   0.0000e+00   1.6046e+01   6.7714e-01   0  H  0.00  1   !  -9.99000e+02  -99.000  -99.000  -999
OBS: 436  57401.297    25.00   0.0000e+00   1.7125e+01   7.0177e-01   0  H  0.00  1   !  -9.99000e+02  -99.000  -99.000  -999
OBS: 436  57403.297    27.00   0.0000e+00   1.8348e+01   7.4716e-01   0  H  0.00  1   !  -9.99000e+02  -99.000  -99.000  -999
OBS: 436  57405.297    29.00   0.0000e+00   1.9845e+01   8.1721e-01   0  H  0.00  1   !  -9.99000e+02  -99.000  -99.000  -999
OBS: 436  57407.297    31.00   0.0000e+00   2.1677e+01   9.0142e-01   0  H  0.00  1   !  -9.99000e+02  -99.000  -99.000  -999
OBS: 436  57409.297    33.00   0.0000e+00   2.3732e+01   9.5151e-01   0  H  0.00  1   !  -9.99000e+02  -99.000  -99.000  -999
OBS: 436  57411.297    35.00   0.0000e+00   2.5750e+01   9.5203e-01   0  H  0.00  1   !  -9.99000e+02  -99.000  -99.000  -999
OBS: 436  57413.297    37.00   0.0000e+00   2.7743e+01   9.2444e-01   0  H  0.00  1   !  -9.99000e+02  -99.000  -99.000  -999
OBS: 436  57415.297    39.00   0.0000e+00   2.9428e+01   9.0453e-01   0  H  0.00  1   !  -9.99000e+02  -99.000  -99.000  -999
OBS: 436  57417.297    41.00   0.0000e+00   3.0728e+01   8.8133e-01   0  H  0.00  1   !  -9.99000e+02  -99.000  -99.000  -999
OBS: 436  57419.297    43.00   0.0000e+00   3.1413e+01   8.6330e-01   0  H  0.00  1   !  -9.99000e+02  -99.000  -99.000  -999
OBS: 436  57421.297    45.00   0.0000e+00   3.1729e+01   8.3407e-01   0  H  0.00  1   !  -9.99000e+02  -99.000  -99.000  -999
OBS: 436  57423.297    47.00   0.0000e+00   3.1596e+01   8.0769e-01   0  H  0.00  1   !  -9.99000e+02  -99.000  -99.000  -999
OBS: 436  57425.297    49.00   0.0000e+00   3.0917e+01   8.2713e-01   0  H  0.00  1   !  -9.99000e+02  -99.000  -99.000  -999
OBS: 436  57427.297    51.00   0.0000e+00   2.9561e+01   8.5398e-01   0  H  0.00  1   !  -9.99000e+02  -99.000  -99.000  -999
OBS: 436  57429.297    53.00   0.0000e+00   2.7523e+01   8.4881e-01   0  H  0.00  1   !  -9.99000e+02  -99.000  -99.000  -999
OBS: 436  57431.297    55.00   0.0000e+00   2.5120e+01   8.0541e-01   0  H  0.00  1   !  -9.99000e+02  -99.000  -99.000  -999
OBS: 436  57433.297    57.00   0.0000e+00   2.2597e+01   7.9886e-01   0  H  0.00  1   !  -9.99000e+02  -99.000  -99.000  -999
OBS: 436  57435.297    59.00   0.0000e+00   2.0312e+01   8.4168e-01   0  H  0.00  1   !  -9.99000e+02  -99.000  -99.000  -999
OBS: 436  57437.297    61.00   0.0000e+00   1.8535e+01   8.5910e-01   0  H  0.00  1   !  -9.99000e+02  -99.000  -99.000  -999
OBS: 436  57439.297    63.00   0.0000e+00   1.7276e+01   8.5460e-01   0  H  0.00  1   !  -9.99000e+02  -99.000  -99.000  -999
OBS: 436  57441.297    65.00   0.0000e+00   1.6209e+01   8.2697e-01   0  H  0.00  1   !  -9.99000e+02  -99.000  -99.000  -999
OBS: 436  57443.297    67.00   0.0000e+00   1.5151e+01   8.0305e-01   0  H  0.00  1   !  -9.99000e+02  -99.000  -99.000  -999
OBS: 436  57445.297    69.00   0.0000e+00   1.4074e+01   8.1791e-01   0  H  0.00  1   !  -9.99000e+02  -99.000  -99.000  -999
OBS: 436  57447.297    71.00   0.0000e+00   1.2997e+01   3.3336e+00   0  H  0.00  1   !  -9.99000e+02  -99.000  -99.000  -999
OBS: 436  57449.297    73.00   0.0000e+00   1.1989e+01   7.2162e+00   0  H  0.00  1   !  -9.99000e+02  -99.000  -99.000  -999
OBS: 436  57451.297    75.00   0.0000e+00   1.1075e+01   6.6660e+00   0  H  0.00  1   !  -9.99000e+02  -99.000  -99.000  -999
OBS: 436  57453.297    77.00   0.0000e+00   1.0143e+01   6.1053e+00   0  H  0.00  1   !  -9.99000e+02  -99.000  -99.000  -999
OBS: 436  57455.297    79.00   0.0000e+00   9.2965e+00   5.5957e+00   0  H  0.00  1   !  -9.99000e+02  -99.000  -99.000  -999
OBS: 436  57457.297    81.00   0.0000e+00   8.5182e+00   5.1272e+00   0  H  0.00  1   !  -9.99000e+02  -99.000  -99.000  -999
OBS: 436  57459.297    83.00   0.0000e+00   7.8411e+00   4.7197e+00   0  H  0.00  1   !  -9.99000e+02  -99.000  -99.000  -999
OBS: 436  57461.297    85.00   0.0000e+00   7.1975e+00   4.3322e+00   0  H  0.00  1   !  -9.99000e+02  -99.000  -99.000  -999
OBS: 436  57463.297    87.00   0.0000e+00   6.1227e+00   3.6853e+00   0  H  0.00  1   !  -9.99000e+02  -99.000  -99.000  -999
OBS: 436  57465.297    89.00   0.0000e+00   5.2837e+00   3.1803e+00   0  H  0.00  1   !  -9.99000e+02  -99.000  -99.000  -999
OBS: 436  57467.297    91.00   0.0000e+00   4.6439e+00   2.7952e+00   0  H  0.00  1   !  -9.99000e+02  -99.000  -99.000  -999
OBS: 436  57469.297    93.00   0.0000e+00   4.1285e+00   2.4850e+00   0  H  0.00  1   !  -9.99000e+02  -99.000  -99.000  -999
OBS: 436  57471.297    95.00   0.0000e+00   3.7096e+00   2.2328e+00   0  H  0.00  1   !  -9.99000e+02  -99.000  -99.000  -999
OBS: 436  57473.297    97.00   0.0000e+00   3.3575e+00   2.0209e+00   0  H  0.00  1   !  -9.99000e+02  -99.000  -99.000  -999
OBS: 436  57475.297    99.00   0.0000e+00   3.0527e+00   1.8375e+00   0  H  0.00  1   !  -9.99000e+02  -99.000  -99.000  -999
OBS: 436  57477.297   101.00   0.0000e+00   2.7701e+00   1.6674e+00   0  H  0.00  1   !  -9.99000e+02  -99.000  -99.000  -999
OBS: 436  57479.297   103.00   0.0000e+00   2.5042e+00   1.5073e+00   0  H  0.00  1   !  -9.99000e+02  -99.000  -99.000  -999
OBS: 436  57481.297   105.00   0.0000e+00   2.2656e+00   1.3637e+00   0  H  0.00  1   !  -9.99000e+02  -99.000  -99.000  -999
OBS: 436  57483.297   107.00   0.0000e+00   2.0795e+00   1.2517e+00   0  H  0.00  1   !  -9.99000e+02  -99.000  -99.000  -999
OBS: 436  57485.297   109.00   0.0000e+00   1.9083e+00   1.1486e+00   0  H  0.00  1   !  -9.99000e+02  -99.000  -99.000  -999
OBS: 436  57487.297   111.00   0.0000e+00   1.7505e+00   1.0536e+00   0  H  0.00  1   !  -9.99000e+02  -99.000  -99.000  -999
OBS: 436  57489.297   113.00   0.0000e+00   1.6051e+00   9.6613e-01   0  H  0.00  1   !  -9.99000e+02  -99.000  -99.000  -999
OBS: 436  57491.297   115.00   0.0000e+00   1.4708e+00   8.8529e-01   0  H  0.00  1   !  -9.99000e+02  -99.000  -99.000  -999
OBS: 436  57493.297   117.00   0.0000e+00   1.3466e+00   8.1053e-01   0  H  0.00  1   !  -9.99000e+02  -99.000  -99.000  -999
OBS: 436  57495.297   119.00   0.0000e+00   1.2313e+00   7.4115e-01   0  H  0.00  1   !  -9.99000e+02  -99.000  -99.000  -999
OBS: 436  57497.297   121.00   0.0000e+00   1.1285e+00   6.7925e-01   0  H  0.00  1   !  -9.99000e+02  -99.000  -99.000  -999
OBS: 436  57499.297   123.00   0.0000e+00   1.0383e+00   6.2497e-01   0  H  0.00  1   !  -9.99000e+02  -99.000  -99.000  -999
OBS: 436  57501.297   125.00   0.0000e+00   9.5533e-01   5.7503e-01   0  H  0.00  1   !  -9.99000e+02  -99.000  -99.000  -999
OBS: 436  57503.297   127.00   0.0000e+00   8.7899e-01   5.2908e-01   0  H  0.00  1   !  -9.99000e+02  -99.000  -99.000  -999
OBS: 436  57505.297   129.00   0.0000e+00   8.0876e-01   4.8680e-01   0  H  0.00  1   !  -9.99000e+02  -99.000  -99.000  -999
OBS: 436  57507.297   131.00   0.0000e+00   7.4416e-01   4.4792e-01   0  H  0.00  1   !  -9.99000e+02  -99.000  -99.000  -999
OBS: 436  57509.297   133.00   0.0000e+00   6.8473e-01   4.1214e-01   0  H  0.00  1   !  -9.99000e+02  -99.000  -99.000  -999
OBS: 436  57511.297   135.00   0.0000e+00   6.3005e-01   3.7923e-01   0  H  0.00  1   !  -9.99000e+02  -99.000  -99.000  -999
OBS: 436  57513.297   137.00   0.0000e+00   5.7974e-01   3.4895e-01   0  H  0.00  1   !  -9.99000e+02  -99.000  -99.000  -999
OBS: 436  57515.297   139.00   0.0000e+00   5.3421e-01   3.2154e-01   0  H  0.00  1   !  -9.99000e+02  -99.000  -99.000  -999
