VARNAMES: CID MJD Tobs SIM_FLUXCAL FLUXCAL FLUXCAL_ERR DATAFLAG BAND CHI2 IFIT BAND_REST FLUX_REST KCOR AVWARP SIM_FLUX_REST 
OBS: 998  57728.531    32.02   7.2058e+01   7.2288e+01   5.4106e-01   1  J  0.00  1   Y  2.06547e+18  -0.042  -0.764  1.00000e+11
OBS: 998  57637.512   -59.00   0.0000e+00   0.0000e+00   0.0000e+00   0  J  0.00  1   !  -9.99000e+02  -99.000  -99.000  -999
OBS: 998  57639.512   -57.00   0.0000e+00   0.0000e+00   0.0000e+00   0  J  0.00  1   !  -9.99000e+02  -99.000  -99.000  -999
OBS: 998  57641.512   -55.00   0.0000e+00   0.0000e+00   0.0000e+00   0  J  0.00  1   !  -9.99000e+02  -99.000  -99.000  -999
OBS: 998  57643.512   -53.00   0.0000e+00   0.0000e+00   0.0000e+00   0  J  0.00  1   !  -9.99000e+02  -99.000  -99.000  -999
OBS: 998  57645.512   -51.00   0.0000e+00   0.0000e+00   0.0000e+00   0  J  0.00  1   !  -9.99000e+02  -99.000  -99.000  -999
OBS: 998  57647.512   -49.00   0.0000e+00   0.0000e+00   0.0000e+00   0  J  0.00  1   !  -9.99000e+02  -99.000  -99.000  -999
OBS: 998  57649.512   -47.00   0.0000e+00   0.0000e+00   0.0000e+00   0  J  0.00  1   !  -9.99000e+02  -99.000  -99.000  -999
OBS: 998  57651.512   -45.00   0.0000e+00   0.0000e+00   0.0000e+00   0  J  0.00  1   !  -9.99000e+02  -99.000  -99.000  -999
OBS: 998  57653.512   -43.00   0.0000e+00   0.0000e+00   0.0000e+00   0  J  0.00  1   !  -9.99000e+02  -99.000  -99.000  -999
OBS: 998  57655.512   -41.00   0.0000e+00   0.0000e+00   0.0000e+00   0  J  0.00  1   !  -9.99000e+02  -99.000  -99.000  -999
OBS: 998  57657.512   -39.00   0.0000e+00   0.0000e+00   0.0000e+00   0  J  0.00  1   !  -9.99000e+02  -99.000  -99.000  -999
OBS: 998  57659.512   -37.00   0.0000e+00   0.0000e+00   0.0000e+00   0  J  0.00  1   !  -9.99000e+02  -99.000  -99.000  -999
OBS: 998  57661.512   -35.00   0.0000e+00   0.0000e+00   0.0000e+00   0  J  0.00  1   !  -9.99000e+02  -99.000  -99.000  -999
OBS: 998  57663.512   -33.00   0.0000e+00   0.0000e+00   0.0000e+00   0  J  0.00  1   !  -9.99000e+02  -99.000  -99.000  -999
OBS: 998  57665.512   -31.00   0.0000e+00   0.0000e+00   0.0000e+00   0  J  0.00  1   !  -9.99000e+02  -99.000  -99.000  -999
OBS: 998  57667.512   -29.00   0.0000e+00   0.0000e+00   0.0000e+00   0  J  0.00  1   !  -9.99000e+02  -99.000  -99.000  -999
OBS: 998  57669.512   -27.00   0.0000e+00   0.0000e+00   0.0000e+00   0  J  0.00  1   !  -9.99000e+02  -99.000  -99.000  -999
OBS: 998  57671.512   -25.00   0.0000e+00   1.0580e+01   6.3683e+00   0  J  0.00  1   !  -9.99000e+02  -99.000  -99.000  -999
OBS: 998  57673.512   -23.00   0.0000e+00   7.5321e+00   4.5336e+00   0  J  0.00  1   !  -9.99000e+02  -99.000  -99.000  -999
OBS: 998  57675.512   -21.00   0.0000e+00   7.5223e+00   4.5277e+00   0  J  0.00  1   !  -9.99000e+02  -99.000  -99.000  -999
OBS: 998  57677.512   -19.00   0.0000e+00   1.0376e+01   4.2892e+00   0  J  0.00  1   !  -9.99000e+02  -99.000  -99.000  -999
OBS: 998  57679.512   -17.00   0.0000e+00   2.5798e+01   2.4307e+00   0  J  0.00  1   !  -9.99000e+02  -99.000  -99.000  -999
OBS: 998  57681.512   -15.00   0.0000e+00   3.9456e+01   1.8561e+00   0  J  0.00  1   !  -9.99000e+02  -99.000  -99.000  -999
OBS: 998  57683.512   -13.00   0.0000e+00   5.1901e+01   1.8228e+00   0  J  0.00  1   !  -9.99000e+02  -99.000  -99.000  -999
OBS: 998  57685.512   -11.00   0.0000e+00   6.2546e+01   1.7984e+00   0  J  0.00  1   !  -9.99000e+02  -99.000  -99.000  -999
OBS: 998  57687.512    -9.00   0.0000e+00   7.2539e+01   1.6885e+00   0  J  0.00  1   !  -9.99000e+02  -99.000  -99.000  -999
OBS: 998  57689.512    -7.00   0.0000e+00   7.9079e+01   1.6161e+00   0  J  0.00  1   !  -9.99000e+02  -99.000  -99.000  -999
OBS: 998  57691.512    -5.00   0.0000e+00   8.1654e+01   1.6775e+00   0  J  0.00  1   !  -9.99000e+02  -99.000  -99.000  -999
OBS: 998  57693.512    -3.00   0.0000e+00   7.9161e+01   1.7709e+00   0  J  0.00  1   !  -9.99000e+02  -99.000  -99.000  -999
OBS: 998  57695.512    -1.00   0.0000e+00   7.4234e+01   1.8572e+00   0  J  0.00  1   !  -9.99000e+02  -99.000  -99.000  -999
OBS: 998  57697.512     1.00   0.0000e+00   6.8504e+01   1.9333e+00   0  J  0.00  1   !  -9.99000e+02  -99.000  -99.000  -999
OBS: 998  57699.512     3.00   0.0000e+00   6.3005e+01   2.0842e+00   0  J  0.00  1   !  -9.99000e+02  -99.000  -99.000  -999
OBS: 998  57701.512     5.00   0.0000e+00   5.8432e+01   2.2383e+00   0  J  0.00  1   !  -9.99000e+02  -99.000  -99.000  -999
OBS: 998  57703.512     7.00   0.0000e+00   5.5096e+01   2.3211e+00   0  J  0.00  1   !  -9.99000e+02  -99.000  -99.000  -999
OBS: 998  57705.512     9.00   0.0000e+00   5.2073e+01   2.3302e+00   0  J  0.00  1   !  -9.99000e+02  -99.000  -99.000  -999
OBS: 998  57707.512    11.00   0.0000e+00   4.9969e+01   2.3082e+00   0  J  0.00  1   !  -9.99000e+02  -99.000  -99.000  -999
OBS: 998  57709.512    13.00   0.0000e+00   4.8919e+01   2.3239e+00   0  J  0.00  1   !  -9.99000e+02  -99.000  -99.000  -999
OBS: 998  57711.512    15.00   0.0000e+00   4.9111e+01   2.3866e+00   0  J  0.00  1   !  -9.99000e+02  -99.000  -99.000  -999
OBS: 998  57713.512    17.00   0.0000e+00   5.0042e+01   2.4263e+00   0  J  0.00  1   !  -9.99000e+02  -99.000  -99.000  -999
OBS: 998  57715.512    19.00   0.0000e+00   5.2364e+01   2.3864e+00   0  J  0.00  1   !  -9.99000e+02  -99.000  -99.000  -999
OBS: 998  57717.512    21.00   0.0000e+00   5.6643e+01   2.4536e+00   0  J  0.00  1   !  -9.99000e+02  -99.000  -99.000  -999
OBS: 998  57719.512    23.00   0.0000e+00   6.0704e+01   2.5757e+00   0  J  0.00  1   !  -9.99000e+02  -99.000  -99.000  -999
OBS: 998  57721.512    25.00   0.0000e+00   6.4421e+01   2.7677e+00   0  J  0.00  1   !  -9.99000e+02  -99.000  -99.000  -999
OBS: 998  57723.512    27.00   0.0000e+00   6.6329e+01   2.8614e+00   0  J  0.00  1   !  -9.99000e+02  -99.000  -99.000  -999
OBS: 998  57725.512    29.00   0.0000e+00   6.7382e+01   2.9138e+00   0  J  0.00  1   !  -9.99000e+02  -99.000  -99.000  -999
OBS: 998  57727.512    31.00   0.0000e+00   7.0140e+01   2.8929e+00   0  J  0.00  1   !  -9.99000e+02  -99.000  -99.000  -999
OBS: 998  57729.512    33.00   0.0000e+00   7.4586e+01   2.7540e+00   0  J  0.00  1   !  -9.99000e+02  -99.000  -99.000  -999
OBS: 998  57731.512    35.00   0.0000e+00   7.8513e+01   2.5309e+00   0  J  0.00  1   !  -9.99000e+02  -99.000  -99.000  -999
OBS: 998  57733.512    37.00   0.0000e+00   7.9907e+01   2.3745e+00   0  J  0.00  1   !  -9.99000e+02  -99.000  -99.000  -999
OBS: 998  57735.512    39.00   0.0000e+00   7.8751e+01   2.2164e+00   0  J  0.00  1   !  -9.99000e+02  -99.000  -99.000  -999
OBS: 998  57737.512    41.00   0.0000e+00   7.5733e+01   2.0340e+00   0  J  0.00  1   !  -9.99000e+02  -99.000  -99.000  -999
OBS: 998  57739.512    43.00   0.0000e+00   7.1751e+01   1.8353e+00   0  J  0.00  1   !  -9.99000e+02  -99.000  -99.000  -999
OBS: 998  57741.512    45.00   0.0000e+00   6.6925e+01   1.7294e+00   0  J  0.00  1   !  -9.99000e+02  -99.000  -99.000  -999
OBS: 998  57743.512    47.00   0.0000e+00   6.2189e+01   1.7109e+00   0  J  0.00  1   !  -9.99000e+02  -99.000  -99.000  -999
OBS: 998  57745.512    49.00   0.0000e+00   5.7797e+01   1.7214e+00   0  J  0.00  1   !  -9.99000e+02  -99.000  -99.000  -999
OBS: 998  57747.512    51.00   0.0000e+00   5.2790e+01   1.6407e+00   0  J  0.00  1   !  -9.99000e+02  -99.000  -99.000  -999
OBS: 998  57749.512    53.00   0.0000e+00   4.7669e+01   1.6632e+00   0  J  0.00  1   !  -9.99000e+02  -99.000  -99.000  -999
OBS: 998  57751.512    55.00   0.0000e+00   4.2983e+01   1.7247e+00   0  J  0.00  1   !  -9.99000e+02  -99.000  -99.000  -999
OBS: 998  57753.512    57.00   0.0000e+00   3.9051e+01   1.6862e+00   0  J  0.00  1   !  -9.99000e+02  -99.000  -99.000  -999
OBS: 998  57755.512    59.00   0.0000e+00   3.5813e+01   1.6010e+00   0  J  0.00  1   !  -9.99000e+02  -99.000  -99.000  -999
OBS: 998  57757.512    61.00   0.0000e+00   3.2828e+01   1.5149e+00   0  J  0.00  1   !  -9.99000e+02  -99.000  -99.000  -999
OBS: 998  57759.512    63.00   0.0000e+00   3.0077e+01   1.4955e+00   0  J  0.00  1   !  -9.99000e+02  -99.000  -99.000  -999
OBS: 998  57761.512    65.00   0.0000e+00   2.7381e+01   1.5727e+00   0  J  0.00  1   !  -9.99000e+02  -99.000  -99.000  -999
OBS: 998  57763.512    67.00   0.0000e+00   2.4754e+01   1.4536e+01   0  J  0.00  1   !  -9.99000e+02  -99.000  -99.000  -999
OBS: 998  57765.512    69.00   0.0000e+00   2.2254e+01   1.3395e+01   0  J  0.00  1   !  -9.99000e+02  -99.000  -99.000  -999
OBS: 998  57767.512    71.00   0.0000e+00   2.0536e+01   1.2361e+01   0  J  0.00  1   !  -9.99000e+02  -99.000  -99.000  -999
OBS: 998  57769.512    73.00   0.0000e+00   1.9176e+01   1.1543e+01   0  J  0.00  1   !  -9.99000e+02  -99.000  -99.000  -999
OBS: 998  57771.512    75.00   0.0000e+00   1.7929e+01   1.0791e+01   0  J  0.00  1   !  -9.99000e+02  -99.000  -99.000  -999
OBS: 998  57773.512    77.00   0.0000e+00   1.6856e+01   1.0146e+01   0  J  0.00  1   !  -9.99000e+02  -99.000  -99.000  -999
OBS: 998  57775.512    79.00   0.0000e+00   1.5898e+01   9.5689e+00   0  J  0.00  1   !  -9.99000e+02  -99.000  -99.000  -999
OBS: 998  57777.512    81.00   0.0000e+00   1.3897e+01   8.3647e+00   0  J  0.00  1   !  -9.99000e+02  -99.000  -99.000  -999
OBS: 998  57779.512    83.00   0.0000e+00   1.2139e+01   7.3064e+00   0  J  0.00  1   !  -9.99000e+02  -99.000  -99.000  -999
OBS: 998  57781.512    85.00   0.0000e+00   1.0713e+01   6.4484e+00   0  J  0.00  1   !  -9.99000e+02  -99.000  -99.000  -999
OBS: 998  57783.512    87.00   0.0000e+00   9.5645e+00   5.7570e+00   0  J  0.00  1   !  -9.99000e+02  -99.000  -99.000  -999
OBS: 998  57785.512    89.00   0.0000e+00   8.6561e+00   5.2102e+00   0  J  0.00  1   !  -9.99000e+02  -99.000  -99.000  -999
OBS: 998  57787.512    91.00   0.0000e+00   7.9409e+00   4.7797e+00   0  J  0.00  1   !  -9.99000e+02  -99.000  -99.000  -999
OBS: 998  57789.512    93.00   0.0000e+00   7.3634e+00   4.4321e+00   0  J  0.00  1   !  -9.99000e+02  -99.000  -99.000  -999
OBS: 998  57791.512    95.00   0.0000e+00   6.8506e+00   4.1235e+00   0  J  0.00  1   !  -9.99000e+02  -99.000  -99.000  -999
OBS: 998  57793.512    97.00   0.0000e+00   6.4013e+00   3.8530e+00   0  J  0.00  1   !  -9.99000e+02  -99.000  -99.000  -999
OBS: 998  57795.512    99.00   0.0000e+00   5.9041e+00   3.5537e+00   0  J  0.00  1   !  -9.99000e+02  -99.000  -99.000  -999
OBS: 998  57797.512   101.00   0.0000e+00   5.4350e+00   3.2714e+00   0  J  0.00  1   !  -9.99000e+02  -99.000  -99.000  -999
OBS: 998  57799.512   103.00   0.0000e+00   5.0071e+00   3.0138e+00   0  J  0.00  1   !  -9.99000e+02  -99.000  -99.000  -999
OBS: 998  57801.512   105.00   0.0000e+00   4.6184e+00   2.7799e+00   0  J  0.00  1   !  -9.99000e+02  -99.000  -99.000  -999
OBS: 998  57803.512   107.00   0.0000e+00   4.2642e+00   2.5667e+00   0  J  0.00  1   !  -9.99000e+02  -99.000  -99.000  -999
OBS: 998  57805.512   109.00   0.0000e+00   3.9439e+00   2.3739e+00   0  J  0.00  1   !  -9.99000e+02  -99.000  -99.000  -999
OBS: 998  57807.512   111.00   0.0000e+00   3.6540e+00   2.1994e+00   0  J  0.00  1   !  -9.99000e+02  -99.000  -99.000  -999
OBS: 998  57809.512   113.00   0.0000e+00   3.3597e+00   2.0223e+00   0  J  0.00  1   !  -9.99000e+02  -99.000  -99.000  -999
OBS: 998  57811.512   115.00   0.0000e+00   3.0710e+00   1.8484e+00   0  J  0.00  1   !  -9.99000e+02  -99.000  -99.000  -999
OBS: 998  57813.512   117.00   0.0000e+00   2.8061e+00   1.6890e+00   0  J  0.00  1   !  -9.99000e+02  -99.000  -99.000  -999
OBS: 998  57815.512   119.00   0.0000e+00   2.5636e+00   1.5430e+00   0  J  0.00  1   !  -9.99000e+02  -99.000  -99.000  -999
OBS: 998  57817.512   121.00   0.0000e+00   2.3423e+00   1.4099e+00   0  J  0.00  1   !  -9.99000e+02  -99.000  -99.000  -999
OBS: 998  57819.512   123.00   0.0000e+00   2.1404e+00   1.2883e+00   0  J  0.00  1   !  -9.99000e+02  -99.000  -99.000  -999
OBS: 998  57821.512   125.00   0.0000e+00   1.9558e+00   1.1772e+00   0  J  0.00  1   !  -9.99000e+02  -99.000  -99.000  -999
OBS: 998  57823.512   127.00   0.0000e+00   1.7872e+00   1.0757e+00   0  J  0.00  1   !  -9.99000e+02  -99.000  -99.000  -999
OBS: 998  57825.512   129.00   0.0000e+00   1.6331e+00   9.8298e-01   0  J  0.00  1   !  -9.99000e+02  -99.000  -99.000  -999
OBS: 998  57827.512   131.00   0.0000e+00   1.4923e+00   8.9822e-01   0  J  0.00  1   !  -9.99000e+02  -99.000  -99.000  -999
OBS: 998  57829.512   133.00   0.0000e+00   1.3636e+00   8.2076e-01   0  J  0.00  1   !  -9.99000e+02  -99.000  -99.000  -999
OBS: 998  57831.512   135.00   0.0000e+00   1.2460e+00   7.4997e-01   0  J  0.00  1   !  -9.99000e+02  -99.000  -99.000  -999
OBS: 998  57833.512   137.00   0.0000e+00   1.1385e+00   6.8526e-01   0  J  0.00  1   !  -9.99000e+02  -99.000  -99.000  -999
OBS: 998  57835.512   139.00   0.0000e+00   1.0402e+00   6.2611e-01   0  J  0.00  1   !  -9.99000e+02  -99.000  -99.000  -999
OBS: 998  57728.527    32.02   2.4497e+01   2.4416e+01   4.7623e-01   1  H  0.00  1   J  8.02181e+17  0.110  -0.058  1.00000e+11
OBS: 998  57637.512   -59.00   0.0000e+00   0.0000e+00   0.0000e+00   0  H  0.00  1   !  -9.99000e+02  -99.000  -99.000  -999
OBS: 998  57639.512   -57.00   0.0000e+00   0.0000e+00   0.0000e+00   0  H  0.00  1   !  -9.99000e+02  -99.000  -99.000  -999
OBS: 998  57641.512   -55.00   0.0000e+00   0.0000e+00   0.0000e+00   0  H  0.00  1   !  -9.99000e+02  -99.000  -99.000  -999
OBS: 998  57643.512   -53.00   0.0000e+00   0.0000e+00   0.0000e+00   0  H  0.00  1   !  -9.99000e+02  -99.000  -99.000  -999
OBS: 998  57645.512   -51.00   0.0000e+00   0.0000e+00   0.0000e+00   0  H  0.00  1   !  -9.99000e+02  -99.000  -99.000  -999
OBS: 998  57647.512   -49.00   0.0000e+00   0.0000e+00   0.0000e+00   0  H  0.00  1   !  -9.99000e+02  -99.000  -99.000  -999
OBS: 998  57649.512   -47.00   0.0000e+00   0.0000e+00   0.0000e+00   0  H  0.00  1   !  -9.99000e+02  -99.000  -99.000  -999
OBS: 998  57651.512   -45.00   0.0000e+00   0.0000e+00   0.0000e+00   0  H  0.00  1   !  -9.99000e+02  -99.000  -99.000  -999
OBS: 998  57653.512   -43.00   0.0000e+00   0.0000e+00   0.0000e+00   0  H  0.00  1   !  -9.99000e+02  -99.000  -99.000  -999
OBS: 998  57655.512   -41.00   0.0000e+00   0.0000e+00   0.0000e+00   0  H  0.00  1   !  -9.99000e+02  -99.000  -99.000  -999
OBS: 998  57657.512   -39.00   0.0000e+00   0.0000e+00   0.0000e+00   0  H  0.00  1   !  -9.99000e+02  -99.000  -99.000  -999
OBS: 998  57659.512   -37.00   0.0000e+00   0.0000e+00   0.0000e+00   0  H  0.00  1   !  -9.99000e+02  -99.000  -99.000  -999
OBS: 998  57661.512   -35.00   0.0000e+00   0.0000e+00   0.0000e+00   0  H  0.00  1   !  -9.99000e+02  -99.000  -99.000  -999
OBS: 998  57663.512   -33.00   0.0000e+00   0.0000e+00   0.0000e+00   0  H  0.00  1   !  -9.99000e+02  -99.000  -99.000  -999
OBS: 998  57665.512   -31.00   0.0000e+00   0.0000e+00   0.0000e+00   0  H  0.00  1   !  -9.99000e+02  -99.000  -99.000  -999
OBS: 998  57667.512   -29.00   0.0000e+00   0.0000e+00   0.0000e+00   0  H  0.00  1   !  -9.99000e+02  -99.000  -99.000  -999
OBS: 998  57669.512   -27.00   0.0000e+00   0.0000e+00   0.0000e+00   0  H  0.00  1   !  -9.99000e+02  -99.000  -99.000  -999
OBS: 998  57671.512   -25.00   0.0000e+00   7.1220e+00   4.2868e+00   0  H  0.00  1   !  -9.99000e+02  -99.000  -99.000  -999
OBS: 998  57673.512   -23.00   0.0000e+00   8.2055e+00   4.9390e+00   0  H  0.00  1   !  -9.99000e+02  -99.000  -99.000  -999
OBS: 998  57675.512   -21.00   0.0000e+00   8.2199e+00   4.9477e+00   0  H  0.00  1   !  -9.99000e+02  -99.000  -99.000  -999
OBS: 998  57677.512   -19.00   0.0000e+00   1.1125e+01   4.7699e+00   0  H  0.00  1   !  -9.99000e+02  -99.000  -99.000  -999
OBS: 998  57679.512   -17.00   0.0000e+00   2.1153e+01   2.1625e+00   0  H  0.00  1   !  -9.99000e+02  -99.000  -99.000  -999
OBS: 998  57681.512   -15.00   0.0000e+00   3.1360e+01   1.3284e+00   0  H  0.00  1   !  -9.99000e+02  -99.000  -99.000  -999
OBS: 998  57683.512   -13.00   0.0000e+00   4.0811e+01   1.3337e+00   0  H  0.00  1   !  -9.99000e+02  -99.000  -99.000  -999
OBS: 998  57685.512   -11.00   0.0000e+00   4.8425e+01   1.2903e+00   0  H  0.00  1   !  -9.99000e+02  -99.000  -99.000  -999
OBS: 998  57687.512    -9.00   0.0000e+00   5.3861e+01   9.8561e-01   0  H  0.00  1   !  -9.99000e+02  -99.000  -99.000  -999
OBS: 998  57689.512    -7.00   0.0000e+00   5.6894e+01   8.6630e-01   0  H  0.00  1   !  -9.99000e+02  -99.000  -99.000  -999
OBS: 998  57691.512    -5.00   0.0000e+00   5.7385e+01   8.7672e-01   0  H  0.00  1   !  -9.99000e+02  -99.000  -99.000  -999
OBS: 998  57693.512    -3.00   0.0000e+00   5.5311e+01   9.4096e-01   0  H  0.00  1   !  -9.99000e+02  -99.000  -99.000  -999
OBS: 998  57695.512    -1.00   0.0000e+00   5.1882e+01   9.4366e-01   0  H  0.00  1   !  -9.99000e+02  -99.000  -99.000  -999
OBS: 998  57697.512     1.00   0.0000e+00   4.6834e+01   9.0812e-01   0  H  0.00  1   !  -9.99000e+02  -99.000  -99.000  -999
OBS: 998  57699.512     3.00   0.0000e+00   4.1399e+01   9.0013e-01   0  H  0.00  1   !  -9.99000e+02  -99.000  -99.000  -999
OBS: 998  57701.512     5.00   0.0000e+00   3.6218e+01   9.0180e-01   0  H  0.00  1   !  -9.99000e+02  -99.000  -99.000  -999
OBS: 998  57703.512     7.00   0.0000e+00   3.1246e+01   8.7299e-01   0  H  0.00  1   !  -9.99000e+02  -99.000  -99.000  -999
OBS: 998  57705.512     9.00   0.0000e+00   2.6100e+01   8.8580e-01   0  H  0.00  1   !  -9.99000e+02  -99.000  -99.000  -999
OBS: 998  57707.512    11.00   0.0000e+00   2.1549e+01   9.4293e-01   0  H  0.00  1   !  -9.99000e+02  -99.000  -99.000  -999
OBS: 998  57709.512    13.00   0.0000e+00   1.8149e+01   1.0457e+00   0  H  0.00  1   !  -9.99000e+02  -99.000  -99.000  -999
OBS: 998  57711.512    15.00   0.0000e+00   1.5997e+01   1.1647e+00   0  H  0.00  1   !  -9.99000e+02  -99.000  -99.000  -999
OBS: 998  57713.512    17.00   0.0000e+00   1.5158e+01   1.2461e+00   0  H  0.00  1   !  -9.99000e+02  -99.000  -99.000  -999
OBS: 998  57715.512    19.00   0.0000e+00   1.5231e+01   1.2657e+00   0  H  0.00  1   !  -9.99000e+02  -99.000  -99.000  -999
OBS: 998  57717.512    21.00   0.0000e+00   1.5636e+01   1.3548e+00   0  H  0.00  1   !  -9.99000e+02  -99.000  -99.000  -999
OBS: 998  57719.512    23.00   0.0000e+00   1.6464e+01   1.5035e+00   0  H  0.00  1   !  -9.99000e+02  -99.000  -99.000  -999
OBS: 998  57721.512    25.00   0.0000e+00   1.7455e+01   1.5030e+00   0  H  0.00  1   !  -9.99000e+02  -99.000  -99.000  -999
OBS: 998  57723.512    27.00   0.0000e+00   1.8953e+01   1.4590e+00   0  H  0.00  1   !  -9.99000e+02  -99.000  -99.000  -999
OBS: 998  57725.512    29.00   0.0000e+00   2.1045e+01   1.6100e+00   0  H  0.00  1   !  -9.99000e+02  -99.000  -99.000  -999
OBS: 998  57727.512    31.00   0.0000e+00   2.3307e+01   1.6588e+00   0  H  0.00  1   !  -9.99000e+02  -99.000  -99.000  -999
OBS: 998  57729.512    33.00   0.0000e+00   2.5335e+01   1.5776e+00   0  H  0.00  1   !  -9.99000e+02  -99.000  -99.000  -999
OBS: 998  57731.512    35.00   0.0000e+00   2.6948e+01   1.6532e+00   0  H  0.00  1   !  -9.99000e+02  -99.000  -99.000  -999
OBS: 998  57733.512    37.00   0.0000e+00   2.7914e+01   1.7883e+00   0  H  0.00  1   !  -9.99000e+02  -99.000  -99.000  -999
OBS: 998  57735.512    39.00   0.0000e+00   2.8538e+01   1.7248e+00   0  H  0.00  1   !  -9.99000e+02  -99.000  -99.000  -999
OBS: 998  57737.512    41.00   0.0000e+00   2.9042e+01   1.5810e+00   0  H  0.00  1   !  -9.99000e+02  -99.000  -99.000  -999
OBS: 998  57739.512    43.00   0.0000e+00   2.9762e+01   1.5773e+00   0  H  0.00  1   !  -9.99000e+02  -99.000  -99.000  -999
OBS: 998  57741.512    45.00   0.0000e+00   2.9731e+01   1.5994e+00   0  H  0.00  1   !  -9.99000e+02  -99.000  -99.000  -999
OBS: 998  57743.512    47.00   0.0000e+00   2.8466e+01   1.8070e+00   0  H  0.00  1   !  -9.99000e+02  -99.000  -99.000  -999
OBS: 998  57745.512    49.00   0.0000e+00   2.5978e+01   2.1260e+00   0  H  0.00  1   !  -9.99000e+02  -99.000  -99.000  -999
OBS: 998  57747.512    51.00   0.0000e+00   2.3030e+01   2.1434e+00   0  H  0.00  1   !  -9.99000e+02  -99.000  -99.000  -999
OBS: 998  57749.512    53.00   0.0000e+00   2.0021e+01   2.0666e+00   0  H  0.00  1   !  -9.99000e+02  -99.000  -99.000  -999
OBS: 998  57751.512    55.00   0.0000e+00   1.7290e+01   2.0464e+00   0  H  0.00  1   !  -9.99000e+02  -99.000  -99.000  -999
OBS: 998  57753.512    57.00   0.0000e+00   1.5406e+01   2.1962e+00   0  H  0.00  1   !  -9.99000e+02  -99.000  -99.000  -999
OBS: 998  57755.512    59.00   0.0000e+00   1.4306e+01   2.3144e+00   0  H  0.00  1   !  -9.99000e+02  -99.000  -99.000  -999
OBS: 998  57757.512    61.00   0.0000e+00   1.3502e+01   2.4119e+00   0  H  0.00  1   !  -9.99000e+02  -99.000  -99.000  -999
OBS: 998  57759.512    63.00   0.0000e+00   1.2576e+01   2.8202e+00   0  H  0.00  1   !  -9.99000e+02  -99.000  -99.000  -999
OBS: 998  57761.512    65.00   0.0000e+00   1.1503e+01   3.3372e+00   0  H  0.00  1   !  -9.99000e+02  -99.000  -99.000  -999
OBS: 998  57763.512    67.00   0.0000e+00   1.0488e+01   6.2153e+00   0  H  0.00  1   !  -9.99000e+02  -99.000  -99.000  -999
OBS: 998  57765.512    69.00   0.0000e+00   9.6771e+00   5.8248e+00   0  H  0.00  1   !  -9.99000e+02  -99.000  -99.000  -999
OBS: 998  57767.512    71.00   0.0000e+00   8.8311e+00   5.3155e+00   0  H  0.00  1   !  -9.99000e+02  -99.000  -99.000  -999
OBS: 998  57769.512    73.00   0.0000e+00   8.0129e+00   4.8231e+00   0  H  0.00  1   !  -9.99000e+02  -99.000  -99.000  -999
OBS: 998  57771.512    75.00   0.0000e+00   7.2418e+00   4.3589e+00   0  H  0.00  1   !  -9.99000e+02  -99.000  -99.000  -999
OBS: 998  57773.512    77.00   0.0000e+00   6.5714e+00   3.9554e+00   0  H  0.00  1   !  -9.99000e+02  -99.000  -99.000  -999
OBS: 998  57775.512    79.00   0.0000e+00   6.0153e+00   3.6207e+00   0  H  0.00  1   !  -9.99000e+02  -99.000  -99.000  -999
OBS: 998  57777.512    81.00   0.0000e+00   4.9226e+00   2.9630e+00   0  H  0.00  1   !  -9.99000e+02  -99.000  -99.000  -999
OBS: 998  57779.512    83.00   0.0000e+00   4.1477e+00   2.4965e+00   0  H  0.00  1   !  -9.99000e+02  -99.000  -99.000  -999
OBS: 998  57781.512    85.00   0.0000e+00   3.5971e+00   2.1651e+00   0  H  0.00  1   !  -9.99000e+02  -99.000  -99.000  -999
OBS: 998  57783.512    87.00   0.0000e+00   3.1661e+00   1.9057e+00   0  H  0.00  1   !  -9.99000e+02  -99.000  -99.000  -999
OBS: 998  57785.512    89.00   0.0000e+00   2.8040e+00   1.6878e+00   0  H  0.00  1   !  -9.99000e+02  -99.000  -99.000  -999
OBS: 998  57787.512    91.00   0.0000e+00   2.4799e+00   1.4927e+00   0  H  0.00  1   !  -9.99000e+02  -99.000  -99.000  -999
OBS: 998  57789.512    93.00   0.0000e+00   2.1763e+00   1.3100e+00   0  H  0.00  1   !  -9.99000e+02  -99.000  -99.000  -999
OBS: 998  57791.512    95.00   0.0000e+00   1.8856e+00   1.1350e+00   0  H  0.00  1   !  -9.99000e+02  -99.000  -99.000  -999
OBS: 998  57793.512    97.00   0.0000e+00   1.6046e+00   9.6581e-01   0  H  0.00  1   !  -9.99000e+02  -99.000  -99.000  -999
OBS: 998  57795.512    99.00   0.0000e+00   1.4396e+00   8.6649e-01   0  H  0.00  1   !  -9.99000e+02  -99.000  -99.000  -999
OBS: 998  57797.512   101.00   0.0000e+00   1.3044e+00   7.8511e-01   0  H  0.00  1   !  -9.99000e+02  -99.000  -99.000  -999
OBS: 998  57799.512   103.00   0.0000e+00   1.1812e+00   7.1096e-01   0  H  0.00  1   !  -9.99000e+02  -99.000  -99.000  -999
OBS: 998  57801.512   105.00   0.0000e+00   1.0689e+00   6.4337e-01   0  H  0.00  1   !  -9.99000e+02  -99.000  -99.000  -999
OBS: 998  57803.512   107.00   0.0000e+00   9.6627e-01   5.8161e-01   0  H  0.00  1   !  -9.99000e+02  -99.000  -99.000  -999
OBS: 998  57805.512   109.00   0.0000e+00   8.7221e-01   5.2499e-01   0  H  0.00  1   !  -9.99000e+02  -99.000  -99.000  -999
OBS: 998  57807.512   111.00   0.0000e+00   7.8553e-01   4.7282e-01   0  H  0.00  1   !  -9.99000e+02  -99.000  -99.000  -999
OBS: 998  57809.512   113.00   0.0000e+00   7.1307e-01   4.2921e-01   0  H  0.00  1   !  -9.99000e+02  -99.000  -99.000  -999
OBS: 998  57811.512   115.00   0.0000e+00   6.5109e-01   3.9190e-01   0  H  0.00  1   !  -9.99000e+02  -99.000  -99.000  -999
OBS: 998  57813.512   117.00   0.0000e+00   5.9447e-01   3.5782e-01   0  H  0.00  1   !  -9.99000e+02  -99.000  -99.000  -999
OBS: 998  57815.512   119.00   0.0000e+00   5.4276e-01   3.2669e-01   0  H  0.00  1   !  -9.99000e+02  -99.000  -99.000  -999
OBS: 998  57817.512   121.00   0.0000e+00   4.9555e-01   2.9827e-01   0  H  0.00  1   !  -9.99000e+02  -99.000  -99.000  -999
OBS: 998  57819.512   123.00   0.0000e+00   4.5242e-01   2.7232e-01   0  H  0.00  1   !  -9.99000e+02  -99.000  -99.000  -999
OBS: 998  57821.512   125.00   0.0000e+00   4.1304e-01   2.4862e-01   0  H  0.00  1   !  -9.99000e+02  -99.000  -99.000  -999
OBS: 998  57823.512   127.00   0.0000e+00   3.7708e-01   2.2697e-01   0  H  0.00  1   !  -9.99000e+02  -99.000  -99.000  -999
OBS: 998  57825.512   129.00   0.0000e+00   3.4425e-01   2.0721e-01   0  H  0.00  1   !  -9.99000e+02  -99.000  -99.000  -999
OBS: 998  57827.512   131.00   0.0000e+00   3.1424e-01   1.8915e-01   0  H  0.00  1   !  -9.99000e+02  -99.000  -99.000  -999
OBS: 998  57829.512   133.00   0.0000e+00   2.8683e-01   1.7264e-01   0  H  0.00  1   !  -9.99000e+02  -99.000  -99.000  -999
OBS: 998  57831.512   135.00   0.0000e+00   2.6180e-01   1.5758e-01   0  H  0.00  1   !  -9.99000e+02  -99.000  -99.000  -999
OBS: 998  57833.512   137.00   0.0000e+00   2.3894e-01   1.4382e-01   0  H  0.00  1   !  -9.99000e+02  -99.000  -99.000  -999
OBS: 998  57835.512   139.00   0.0000e+00   2.1808e-01   1.3126e-01   0  H  0.00  1   !  -9.99000e+02  -99.000  -99.000  -999
