VARNAMES: CID MJD Tobs SIM_FLUXCAL FLUXCAL FLUXCAL_ERR DATAFLAG BAND CHI2 IFIT BAND_REST FLUX_REST KCOR AVWARP SIM_FLUX_REST 
OBS: 12  57715.703    14.10   6.2089e+01   6.1678e+01   5.0145e-01   1  J  0.06  1   Y  1.05312e+18  -0.200  -1.408  1.00000e+11
OBS: 12  57723.895    22.29   7.9576e+01   8.0448e+01   5.5784e-01   1  J  0.03  1   Y  1.37596e+18  -0.198  -0.828  1.00000e+11
OBS: 12  57730.340    28.73   9.5679e+01   9.5884e+01   6.0026e-01   1  J  0.00  1   Y  1.85192e+18  -0.066  -0.673  1.00000e+11
OBS: 12  57642.605   -59.00   0.0000e+00   0.0000e+00   0.0000e+00   0  J  0.00  1   !  -9.99000e+02  -99.000  -99.000  -999
OBS: 12  57644.605   -57.00   0.0000e+00   0.0000e+00   0.0000e+00   0  J  0.00  1   !  -9.99000e+02  -99.000  -99.000  -999
OBS: 12  57646.605   -55.00   0.0000e+00   0.0000e+00   0.0000e+00   0  J  0.00  1   !  -9.99000e+02  -99.000  -99.000  -999
OBS: 12  57648.605   -53.00   0.0000e+00   0.0000e+00   0.0000e+00   0  J  0.00  1   !  -9.99000e+02  -99.000  -99.000  -999
OBS: 12  57650.605   -51.00   0.0000e+00   0.0000e+00   0.0000e+00   0  J  0.00  1   !  -9.99000e+02  -99.000  -99.000  -999
OBS: 12  57652.605   -49.00   0.0000e+00   0.0000e+00   0.0000e+00   0  J  0.00  1   !  -9.99000e+02  -99.000  -99.000  -999
OBS: 12  57654.605   -47.00   0.0000e+00   0.0000e+00   0.0000e+00   0  J  0.00  1   !  -9.99000e+02  -99.000  -99.000  -999
OBS: 12  57656.605   -45.00   0.0000e+00   0.0000e+00   0.0000e+00   0  J  0.00  1   !  -9.99000e+02  -99.000  -99.000  -999
OBS: 12  57658.605   -43.00   0.0000e+00   0.0000e+00   0.0000e+00   0  J  0.00  1   !  -9.99000e+02  -99.000  -99.000  -999
OBS: 12  57660.605   -41.00   0.0000e+00   0.0000e+00   0.0000e+00   0  J  0.00  1   !  -9.99000e+02  -99.000  -99.000  -999
OBS: 12  57662.605   -39.00   0.0000e+00   0.0000e+00   0.0000e+00   0  J  0.00  1   !  -9.99000e+02  -99.000  -99.000  -999
OBS: 12  57664.605   -37.00   0.0000e+00   0.0000e+00   0.0000e+00   0  J  0.00  1   !  -9.99000e+02  -99.000  -99.000  -999
OBS: 12  57666.605   -35.00   0.0000e+00   0.0000e+00   0.0000e+00   0  J  0.00  1   !  -9.99000e+02  -99.000  -99.000  -999
OBS: 12  57668.605   -33.00   0.0000e+00   0.0000e+00   0.0000e+00   0  J  0.00  1   !  -9.99000e+02  -99.000  -99.000  -999
OBS: 12  57670.605   -31.00   0.0000e+00   0.0000e+00   0.0000e+00   0  J  0.00  1   !  -9.99000e+02  -99.000  -99.000  -999
OBS: 12  57672.605   -29.00   0.0000e+00   0.0000e+00   0.0000e+00   0  J  0.00  1   !  -9.99000e+02  -99.000  -99.000  -999
OBS: 12  57674.605   -27.00   0.0000e+00   0.0000e+00   0.0000e+00   0  J  0.00  1   !  -9.99000e+02  -99.000  -99.000  -999
OBS: 12  57676.605   -25.00   0.0000e+00   8.9571e+00   5.3914e+00   0  J  0.00  1   !  -9.99000e+02  -99.000  -99.000  -999
OBS: 12  57678.605   -23.00   0.0000e+00   7.2724e+00   4.3773e+00   0  J  0.00  1   !  -9.99000e+02  -99.000  -99.000  -999
OBS: 12  57680.605   -21.00   0.0000e+00   7.2645e+00   4.3726e+00   0  J  0.00  1   !  -9.99000e+02  -99.000  -99.000  -999
OBS: 12  57682.605   -19.00   0.0000e+00   9.1710e+00   4.7101e+00   0  J  0.00  1   !  -9.99000e+02  -99.000  -99.000  -999
OBS: 12  57684.605   -17.00   0.0000e+00   2.8277e+01   3.9851e+00   0  J  0.00  1   !  -9.99000e+02  -99.000  -99.000  -999
OBS: 12  57686.605   -15.00   0.0000e+00   4.7819e+01   2.6262e+00   0  J  0.00  1   !  -9.99000e+02  -99.000  -99.000  -999
OBS: 12  57688.605   -13.00   0.0000e+00   6.6282e+01   2.2152e+00   0  J  0.00  1   !  -9.99000e+02  -99.000  -99.000  -999
OBS: 12  57690.605   -11.00   0.0000e+00   8.1904e+01   2.1776e+00   0  J  0.00  1   !  -9.99000e+02  -99.000  -99.000  -999
OBS: 12  57692.605    -9.00   0.0000e+00   9.6484e+01   2.0341e+00   0  J  0.00  1   !  -9.99000e+02  -99.000  -99.000  -999
OBS: 12  57694.605    -7.00   0.0000e+00   1.0596e+02   1.9413e+00   0  J  0.00  1   !  -9.99000e+02  -99.000  -99.000  -999
OBS: 12  57696.605    -5.00   0.0000e+00   1.0965e+02   1.9856e+00   0  J  0.00  1   !  -9.99000e+02  -99.000  -99.000  -999
OBS: 12  57698.605    -3.00   0.0000e+00   1.0564e+02   2.1573e+00   0  J  0.00  1   !  -9.99000e+02  -99.000  -99.000  -999
OBS: 12  57700.605    -1.00   0.0000e+00   9.8017e+01   2.2935e+00   0  J  0.00  1   !  -9.99000e+02  -99.000  -99.000  -999
OBS: 12  57702.605     1.00   0.0000e+00   8.9250e+01   2.4348e+00   0  J  0.00  1   !  -9.99000e+02  -99.000  -99.000  -999
OBS: 12  57704.605     3.00   0.0000e+00   8.0966e+01   2.6410e+00   0  J  0.00  1   !  -9.99000e+02  -99.000  -99.000  -999
OBS: 12  57706.605     5.00   0.0000e+00   7.4061e+01   2.8523e+00   0  J  0.00  1   !  -9.99000e+02  -99.000  -99.000  -999
OBS: 12  57708.605     7.00   0.0000e+00   6.8899e+01   2.8289e+00   0  J  0.00  1   !  -9.99000e+02  -99.000  -99.000  -999
OBS: 12  57710.605     9.00   0.0000e+00   6.4667e+01   2.7413e+00   0  J  0.00  1   !  -9.99000e+02  -99.000  -99.000  -999
OBS: 12  57712.605    11.00   0.0000e+00   6.2551e+01   2.8157e+00   0  J  0.00  1   !  -9.99000e+02  -99.000  -99.000  -999
OBS: 12  57714.605    13.00   0.0000e+00   6.2090e+01   3.0138e+00   0  J  0.00  1   !  -9.99000e+02  -99.000  -99.000  -999
OBS: 12  57716.605    15.00   0.0000e+00   6.2983e+01   3.1608e+00   0  J  0.00  1   !  -9.99000e+02  -99.000  -99.000  -999
OBS: 12  57718.605    17.00   0.0000e+00   6.4925e+01   3.1122e+00   0  J  0.00  1   !  -9.99000e+02  -99.000  -99.000  -999
OBS: 12  57720.605    19.00   0.0000e+00   6.8992e+01   2.9440e+00   0  J  0.00  1   !  -9.99000e+02  -99.000  -99.000  -999
OBS: 12  57722.605    21.00   0.0000e+00   7.5487e+01   2.9597e+00   0  J  0.00  1   !  -9.99000e+02  -99.000  -99.000  -999
OBS: 12  57724.605    23.00   0.0000e+00   8.2387e+01   2.9608e+00   0  J  0.00  1   !  -9.99000e+02  -99.000  -99.000  -999
OBS: 12  57726.605    25.00   0.0000e+00   8.9239e+01   2.9925e+00   0  J  0.00  1   !  -9.99000e+02  -99.000  -99.000  -999
OBS: 12  57728.605    27.00   0.0000e+00   9.3557e+01   3.0148e+00   0  J  0.00  1   !  -9.99000e+02  -99.000  -99.000  -999
OBS: 12  57730.605    29.00   0.0000e+00   9.6477e+01   3.2076e+00   0  J  0.00  1   !  -9.99000e+02  -99.000  -99.000  -999
OBS: 12  57732.605    31.00   0.0000e+00   1.0079e+02   3.4022e+00   0  J  0.00  1   !  -9.99000e+02  -99.000  -99.000  -999
OBS: 12  57734.605    33.00   0.0000e+00   1.0503e+02   3.2763e+00   0  J  0.00  1   !  -9.99000e+02  -99.000  -99.000  -999
OBS: 12  57736.605    35.00   0.0000e+00   1.0724e+02   3.0634e+00   0  J  0.00  1   !  -9.99000e+02  -99.000  -99.000  -999
OBS: 12  57738.605    37.00   0.0000e+00   1.0544e+02   2.8440e+00   0  J  0.00  1   !  -9.99000e+02  -99.000  -99.000  -999
OBS: 12  57740.605    39.00   0.0000e+00   1.0154e+02   2.6399e+00   0  J  0.00  1   !  -9.99000e+02  -99.000  -99.000  -999
OBS: 12  57742.605    41.00   0.0000e+00   9.5782e+01   2.4262e+00   0  J  0.00  1   !  -9.99000e+02  -99.000  -99.000  -999
OBS: 12  57744.605    43.00   0.0000e+00   8.9088e+01   2.2747e+00   0  J  0.00  1   !  -9.99000e+02  -99.000  -99.000  -999
OBS: 12  57746.605    45.00   0.0000e+00   8.1687e+01   2.2494e+00   0  J  0.00  1   !  -9.99000e+02  -99.000  -99.000  -999
OBS: 12  57748.605    47.00   0.0000e+00   7.5325e+01   2.3307e+00   0  J  0.00  1   !  -9.99000e+02  -99.000  -99.000  -999
OBS: 12  57750.605    49.00   0.0000e+00   6.8858e+01   2.3126e+00   0  J  0.00  1   !  -9.99000e+02  -99.000  -99.000  -999
OBS: 12  57752.605    51.00   0.0000e+00   6.1735e+01   2.2314e+00   0  J  0.00  1   !  -9.99000e+02  -99.000  -99.000  -999
OBS: 12  57754.605    53.00   0.0000e+00   5.4850e+01   2.3679e+00   0  J  0.00  1   !  -9.99000e+02  -99.000  -99.000  -999
OBS: 12  57756.605    55.00   0.0000e+00   4.8867e+01   2.7109e+00   0  J  0.00  1   !  -9.99000e+02  -99.000  -99.000  -999
OBS: 12  57758.605    57.00   0.0000e+00   4.3958e+01   2.9774e+00   0  J  0.00  1   !  -9.99000e+02  -99.000  -99.000  -999
OBS: 12  57760.605    59.00   0.0000e+00   3.9979e+01   2.9431e+00   0  J  0.00  1   !  -9.99000e+02  -99.000  -99.000  -999
OBS: 12  57762.605    61.00   0.0000e+00   3.6524e+01   2.7534e+00   0  J  0.00  1   !  -9.99000e+02  -99.000  -99.000  -999
OBS: 12  57764.605    63.00   0.0000e+00   3.3436e+01   2.6460e+00   0  J  0.00  1   !  -9.99000e+02  -99.000  -99.000  -999
OBS: 12  57766.605    65.00   0.0000e+00   3.0482e+01   7.2584e+00   0  J  0.00  1   !  -9.99000e+02  -99.000  -99.000  -999
OBS: 12  57768.605    67.00   0.0000e+00   2.7694e+01   1.6670e+01   0  J  0.00  1   !  -9.99000e+02  -99.000  -99.000  -999
OBS: 12  57770.605    69.00   0.0000e+00   2.5356e+01   1.5262e+01   0  J  0.00  1   !  -9.99000e+02  -99.000  -99.000  -999
OBS: 12  57772.605    71.00   0.0000e+00   2.3817e+01   1.4336e+01   0  J  0.00  1   !  -9.99000e+02  -99.000  -99.000  -999
OBS: 12  57774.605    73.00   0.0000e+00   2.2346e+01   1.3451e+01   0  J  0.00  1   !  -9.99000e+02  -99.000  -99.000  -999
OBS: 12  57776.605    75.00   0.0000e+00   2.0972e+01   1.2623e+01   0  J  0.00  1   !  -9.99000e+02  -99.000  -99.000  -999
OBS: 12  57778.605    77.00   0.0000e+00   1.9757e+01   1.1892e+01   0  J  0.00  1   !  -9.99000e+02  -99.000  -99.000  -999
OBS: 12  57780.605    79.00   0.0000e+00   1.7582e+01   1.0583e+01   0  J  0.00  1   !  -9.99000e+02  -99.000  -99.000  -999
OBS: 12  57782.605    81.00   0.0000e+00   1.5115e+01   9.0980e+00   0  J  0.00  1   !  -9.99000e+02  -99.000  -99.000  -999
OBS: 12  57784.605    83.00   0.0000e+00   1.3142e+01   7.9101e+00   0  J  0.00  1   !  -9.99000e+02  -99.000  -99.000  -999
OBS: 12  57786.605    85.00   0.0000e+00   1.1617e+01   6.9927e+00   0  J  0.00  1   !  -9.99000e+02  -99.000  -99.000  -999
OBS: 12  57788.605    87.00   0.0000e+00   1.0449e+01   6.2894e+00   0  J  0.00  1   !  -9.99000e+02  -99.000  -99.000  -999
OBS: 12  57790.605    89.00   0.0000e+00   9.5693e+00   5.7599e+00   0  J  0.00  1   !  -9.99000e+02  -99.000  -99.000  -999
OBS: 12  57792.605    91.00   0.0000e+00   8.8883e+00   5.3499e+00   0  J  0.00  1   !  -9.99000e+02  -99.000  -99.000  -999
OBS: 12  57794.605    93.00   0.0000e+00   8.2894e+00   4.9895e+00   0  J  0.00  1   !  -9.99000e+02  -99.000  -99.000  -999
OBS: 12  57796.605    95.00   0.0000e+00   7.7615e+00   4.6717e+00   0  J  0.00  1   !  -9.99000e+02  -99.000  -99.000  -999
OBS: 12  57798.605    97.00   0.0000e+00   7.2177e+00   4.3444e+00   0  J  0.00  1   !  -9.99000e+02  -99.000  -99.000  -999
OBS: 12  57800.605    99.00   0.0000e+00   6.6803e+00   4.0210e+00   0  J  0.00  1   !  -9.99000e+02  -99.000  -99.000  -999
OBS: 12  57802.605   101.00   0.0000e+00   6.1863e+00   3.7236e+00   0  J  0.00  1   !  -9.99000e+02  -99.000  -99.000  -999
OBS: 12  57804.605   103.00   0.0000e+00   5.7369e+00   3.4531e+00   0  J  0.00  1   !  -9.99000e+02  -99.000  -99.000  -999
OBS: 12  57806.605   105.00   0.0000e+00   5.3241e+00   3.2046e+00   0  J  0.00  1   !  -9.99000e+02  -99.000  -99.000  -999
OBS: 12  57808.605   107.00   0.0000e+00   4.9493e+00   2.9791e+00   0  J  0.00  1   !  -9.99000e+02  -99.000  -99.000  -999
OBS: 12  57810.605   109.00   0.0000e+00   4.6081e+00   2.7737e+00   0  J  0.00  1   !  -9.99000e+02  -99.000  -99.000  -999
OBS: 12  57812.605   111.00   0.0000e+00   4.2688e+00   2.5694e+00   0  J  0.00  1   !  -9.99000e+02  -99.000  -99.000  -999
OBS: 12  57814.605   113.00   0.0000e+00   3.9242e+00   2.3620e+00   0  J  0.00  1   !  -9.99000e+02  -99.000  -99.000  -999
OBS: 12  57816.605   115.00   0.0000e+00   3.6075e+00   2.1714e+00   0  J  0.00  1   !  -9.99000e+02  -99.000  -99.000  -999
OBS: 12  57818.605   117.00   0.0000e+00   3.3163e+00   1.9961e+00   0  J  0.00  1   !  -9.99000e+02  -99.000  -99.000  -999
OBS: 12  57820.605   119.00   0.0000e+00   3.0485e+00   1.8350e+00   0  J  0.00  1   !  -9.99000e+02  -99.000  -99.000  -999
OBS: 12  57822.605   121.00   0.0000e+00   2.8024e+00   1.6868e+00   0  J  0.00  1   !  -9.99000e+02  -99.000  -99.000  -999
OBS: 12  57824.605   123.00   0.0000e+00   2.5762e+00   1.5506e+00   0  J  0.00  1   !  -9.99000e+02  -99.000  -99.000  -999
OBS: 12  57826.605   125.00   0.0000e+00   2.3681e+00   1.4254e+00   0  J  0.00  1   !  -9.99000e+02  -99.000  -99.000  -999
OBS: 12  57828.605   127.00   0.0000e+00   2.1768e+00   1.3103e+00   0  J  0.00  1   !  -9.99000e+02  -99.000  -99.000  -999
OBS: 12  57830.605   129.00   0.0000e+00   2.0010e+00   1.2044e+00   0  J  0.00  1   !  -9.99000e+02  -99.000  -99.000  -999
OBS: 12  57832.605   131.00   0.0000e+00   1.8394e+00   1.1072e+00   0  J  0.00  1   !  -9.99000e+02  -99.000  -99.000  -999
OBS: 12  57834.605   133.00   0.0000e+00   1.6909e+00   1.0178e+00   0  J  0.00  1   !  -9.99000e+02  -99.000  -99.000  -999
OBS: 12  57836.605   135.00   0.0000e+00   1.5542e+00   9.3552e-01   0  J  0.00  1   !  -9.99000e+02  -99.000  -99.000  -999
OBS: 12  57838.605   137.00   0.0000e+00   1.4286e+00   8.5989e-01   0  J  0.00  1   !  -9.99000e+02  -99.000  -99.000  -999
OBS: 12  57840.605   139.00   0.0000e+00   1.3131e+00   7.9038e-01   0  J  0.00  1   !  -9.99000e+02  -99.000  -99.000  -999
OBS: 12  57715.699    14.10   2.0586e+01   2.0213e+01   4.4079e-01   1  H  0.00  1   J  6.34084e+17  0.461  -0.552  1.00000e+11
OBS: 12  57723.891    22.28   1.9985e+01   1.9590e+01   4.3786e-01   1  H  0.00  1   J  5.43260e+17  0.327  -1.103  1.00000e+11
OBS: 12  57730.336    28.73   2.7292e+01   2.6840e+01   4.7084e-01   1  H  0.01  1   J  7.03099e+17  0.265  -0.761  1.00000e+11
OBS: 12  57642.605   -59.00   0.0000e+00   0.0000e+00   0.0000e+00   0  H  0.00  1   !  -9.99000e+02  -99.000  -99.000  -999
OBS: 12  57644.605   -57.00   0.0000e+00   0.0000e+00   0.0000e+00   0  H  0.00  1   !  -9.99000e+02  -99.000  -99.000  -999
OBS: 12  57646.605   -55.00   0.0000e+00   0.0000e+00   0.0000e+00   0  H  0.00  1   !  -9.99000e+02  -99.000  -99.000  -999
OBS: 12  57648.605   -53.00   0.0000e+00   0.0000e+00   0.0000e+00   0  H  0.00  1   !  -9.99000e+02  -99.000  -99.000  -999
OBS: 12  57650.605   -51.00   0.0000e+00   0.0000e+00   0.0000e+00   0  H  0.00  1   !  -9.99000e+02  -99.000  -99.000  -999
OBS: 12  57652.605   -49.00   0.0000e+00   0.0000e+00   0.0000e+00   0  H  0.00  1   !  -9.99000e+02  -99.000  -99.000  -999
OBS: 12  57654.605   -47.00   0.0000e+00   0.0000e+00   0.0000e+00   0  H  0.00  1   !  -9.99000e+02  -99.000  -99.000  -999
OBS: 12  57656.605   -45.00   0.0000e+00   0.0000e+00   0.0000e+00   0  H  0.00  1   !  -9.99000e+02  -99.000  -99.000  -999
OBS: 12  57658.605   -43.00   0.0000e+00   0.0000e+00   0.0000e+00   0  H  0.00  1   !  -9.99000e+02  -99.000  -99.000  -999
OBS: 12  57660.605   -41.00   0.0000e+00   0.0000e+00   0.0000e+00   0  H  0.00  1   !  -9.99000e+02  -99.000  -99.000  -999
OBS: 12  57662.605   -39.00   0.0000e+00   0.0000e+00   0.0000e+00   0  H  0.00  1   !  -9.99000e+02  -99.000  -99.000  -999
OBS: 12  57664.605   -37.00   0.0000e+00   0.0000e+00   0.0000e+00   0  H  0.00  1   !  -9.99000e+02  -99.000  -99.000  -999
OBS: 12  57666.605   -35.00   0.0000e+00   0.0000e+00   0.0000e+00   0  H  0.00  1   !  -9.99000e+02  -99.000  -99.000  -999
OBS: 12  57668.605   -33.00   0.0000e+00   0.0000e+00   0.0000e+00   0  H  0.00  1   !  -9.99000e+02  -99.000  -99.000  -999
OBS: 12  57670.605   -31.00   0.0000e+00   0.0000e+00   0.0000e+00   0  H  0.00  1   !  -9.99000e+02  -99.000  -99.000  -999
OBS: 12  57672.605   -29.00   0.0000e+00   0.0000e+00   0.0000e+00   0  H  0.00  1   !  -9.99000e+02  -99.000  -99.000  -999
OBS: 12  57674.605   -27.00   0.0000e+00   0.0000e+00   0.0000e+00   0  H  0.00  1   !  -9.99000e+02  -99.000  -99.000  -999
OBS: 12  57676.605   -25.00   0.0000e+00   5.7033e+00   3.4329e+00   0  H  0.00  1   !  -9.99000e+02  -99.000  -99.000  -999
OBS: 12  57678.605   -23.00   0.0000e+00   6.8503e+00   4.1233e+00   0  H  0.00  1   !  -9.99000e+02  -99.000  -99.000  -999
OBS: 12  57680.605   -21.00   0.0000e+00   6.8641e+00   4.1316e+00   0  H  0.00  1   !  -9.99000e+02  -99.000  -99.000  -999
OBS: 12  57682.605   -19.00   0.0000e+00   8.7856e+00   4.6091e+00   0  H  0.00  1   !  -9.99000e+02  -99.000  -99.000  -999
OBS: 12  57684.605   -17.00   0.0000e+00   2.2095e+01   3.5768e+00   0  H  0.00  1   !  -9.99000e+02  -99.000  -99.000  -999
OBS: 12  57686.605   -15.00   0.0000e+00   3.6339e+01   1.9741e+00   0  H  0.00  1   !  -9.99000e+02  -99.000  -99.000  -999
OBS: 12  57688.605   -13.00   0.0000e+00   5.0192e+01   1.6683e+00   0  H  0.00  1   !  -9.99000e+02  -99.000  -99.000  -999
OBS: 12  57690.605   -11.00   0.0000e+00   6.1954e+01   1.6210e+00   0  H  0.00  1   !  -9.99000e+02  -99.000  -99.000  -999
OBS: 12  57692.605    -9.00   0.0000e+00   7.1443e+01   1.3343e+00   0  H  0.00  1   !  -9.99000e+02  -99.000  -99.000  -999
OBS: 12  57694.605    -7.00   0.0000e+00   7.7053e+01   1.2347e+00   0  H  0.00  1   !  -9.99000e+02  -99.000  -99.000  -999
OBS: 12  57696.605    -5.00   0.0000e+00   7.8601e+01   1.3024e+00   0  H  0.00  1   !  -9.99000e+02  -99.000  -99.000  -999
OBS: 12  57698.605    -3.00   0.0000e+00   7.5905e+01   1.3880e+00   0  H  0.00  1   !  -9.99000e+02  -99.000  -99.000  -999
OBS: 12  57700.605    -1.00   0.0000e+00   7.0833e+01   1.3999e+00   0  H  0.00  1   !  -9.99000e+02  -99.000  -99.000  -999
OBS: 12  57702.605     1.00   0.0000e+00   6.3441e+01   1.3329e+00   0  H  0.00  1   !  -9.99000e+02  -99.000  -99.000  -999
OBS: 12  57704.605     3.00   0.0000e+00   5.5693e+01   1.3304e+00   0  H  0.00  1   !  -9.99000e+02  -99.000  -99.000  -999
OBS: 12  57706.605     5.00   0.0000e+00   4.8294e+01   1.3724e+00   0  H  0.00  1   !  -9.99000e+02  -99.000  -99.000  -999
OBS: 12  57708.605     7.00   0.0000e+00   4.0864e+01   1.3202e+00   0  H  0.00  1   !  -9.99000e+02  -99.000  -99.000  -999
OBS: 12  57710.605     9.00   0.0000e+00   3.3214e+01   1.2596e+00   0  H  0.00  1   !  -9.99000e+02  -99.000  -99.000  -999
OBS: 12  57712.605    11.00   0.0000e+00   2.6639e+01   1.2803e+00   0  H  0.00  1   !  -9.99000e+02  -99.000  -99.000  -999
OBS: 12  57714.605    13.00   0.0000e+00   2.1922e+01   1.4329e+00   0  H  0.00  1   !  -9.99000e+02  -99.000  -99.000  -999
OBS: 12  57716.605    15.00   0.0000e+00   1.9189e+01   1.6187e+00   0  H  0.00  1   !  -9.99000e+02  -99.000  -99.000  -999
OBS: 12  57718.605    17.00   0.0000e+00   1.8206e+01   1.6998e+00   0  H  0.00  1   !  -9.99000e+02  -99.000  -99.000  -999
OBS: 12  57720.605    19.00   0.0000e+00   1.8269e+01   1.6512e+00   0  H  0.00  1   !  -9.99000e+02  -99.000  -99.000  -999
OBS: 12  57722.605    21.00   0.0000e+00   1.8833e+01   1.6525e+00   0  H  0.00  1   !  -9.99000e+02  -99.000  -99.000  -999
OBS: 12  57724.605    23.00   0.0000e+00   2.0006e+01   1.7813e+00   0  H  0.00  1   !  -9.99000e+02  -99.000  -99.000  -999
OBS: 12  57726.605    25.00   0.0000e+00   2.1625e+01   1.8060e+00   0  H  0.00  1   !  -9.99000e+02  -99.000  -99.000  -999
OBS: 12  57728.605    27.00   0.0000e+00   2.4029e+01   1.8124e+00   0  H  0.00  1   !  -9.99000e+02  -99.000  -99.000  -999
OBS: 12  57730.605    29.00   0.0000e+00   2.7091e+01   2.0213e+00   0  H  0.00  1   !  -9.99000e+02  -99.000  -99.000  -999
OBS: 12  57732.605    31.00   0.0000e+00   2.9995e+01   2.1503e+00   0  H  0.00  1   !  -9.99000e+02  -99.000  -99.000  -999
OBS: 12  57734.605    33.00   0.0000e+00   3.2018e+01   2.1294e+00   0  H  0.00  1   !  -9.99000e+02  -99.000  -99.000  -999
OBS: 12  57736.605    35.00   0.0000e+00   3.2918e+01   2.2464e+00   0  H  0.00  1   !  -9.99000e+02  -99.000  -99.000  -999
OBS: 12  57738.605    37.00   0.0000e+00   3.2512e+01   2.2414e+00   0  H  0.00  1   !  -9.99000e+02  -99.000  -99.000  -999
OBS: 12  57740.605    39.00   0.0000e+00   3.1835e+01   2.0494e+00   0  H  0.00  1   !  -9.99000e+02  -99.000  -99.000  -999
OBS: 12  57742.605    41.00   0.0000e+00   3.1400e+01   1.9101e+00   0  H  0.00  1   !  -9.99000e+02  -99.000  -99.000  -999
OBS: 12  57744.605    43.00   0.0000e+00   3.1128e+01   1.9507e+00   0  H  0.00  1   !  -9.99000e+02  -99.000  -99.000  -999
OBS: 12  57746.605    45.00   0.0000e+00   3.0273e+01   2.0381e+00   0  H  0.00  1   !  -9.99000e+02  -99.000  -99.000  -999
OBS: 12  57748.605    47.00   0.0000e+00   2.8154e+01   2.4441e+00   0  H  0.00  1   !  -9.99000e+02  -99.000  -99.000  -999
OBS: 12  57750.605    49.00   0.0000e+00   2.5210e+01   2.8630e+00   0  H  0.00  1   !  -9.99000e+02  -99.000  -99.000  -999
OBS: 12  57752.605    51.00   0.0000e+00   2.1919e+01   2.7730e+00   0  H  0.00  1   !  -9.99000e+02  -99.000  -99.000  -999
OBS: 12  57754.605    53.00   0.0000e+00   1.8743e+01   2.4542e+00   0  H  0.00  1   !  -9.99000e+02  -99.000  -99.000  -999
OBS: 12  57756.605    55.00   0.0000e+00   1.6180e+01   2.5782e+00   0  H  0.00  1   !  -9.99000e+02  -99.000  -99.000  -999
OBS: 12  57758.605    57.00   0.0000e+00   1.4633e+01   2.9658e+00   0  H  0.00  1   !  -9.99000e+02  -99.000  -99.000  -999
OBS: 12  57760.605    59.00   0.0000e+00   1.3760e+01   3.1327e+00   0  H  0.00  1   !  -9.99000e+02  -99.000  -99.000  -999
OBS: 12  57762.605    61.00   0.0000e+00   1.2872e+01   3.1619e+00   0  H  0.00  1   !  -9.99000e+02  -99.000  -99.000  -999
OBS: 12  57764.605    63.00   0.0000e+00   1.1718e+01   3.3639e+00   0  H  0.00  1   !  -9.99000e+02  -99.000  -99.000  -999
OBS: 12  57766.605    65.00   0.0000e+00   1.0493e+01   4.2206e+00   0  H  0.00  1   !  -9.99000e+02  -99.000  -99.000  -999
OBS: 12  57768.605    67.00   0.0000e+00   9.4548e+00   5.6909e+00   0  H  0.00  1   !  -9.99000e+02  -99.000  -99.000  -999
OBS: 12  57770.605    69.00   0.0000e+00   8.6393e+00   5.2001e+00   0  H  0.00  1   !  -9.99000e+02  -99.000  -99.000  -999
OBS: 12  57772.605    71.00   0.0000e+00   7.8154e+00   4.7042e+00   0  H  0.00  1   !  -9.99000e+02  -99.000  -99.000  -999
OBS: 12  57774.605    73.00   0.0000e+00   7.0330e+00   4.2332e+00   0  H  0.00  1   !  -9.99000e+02  -99.000  -99.000  -999
OBS: 12  57776.605    75.00   0.0000e+00   6.2904e+00   3.7862e+00   0  H  0.00  1   !  -9.99000e+02  -99.000  -99.000  -999
OBS: 12  57778.605    77.00   0.0000e+00   5.7252e+00   3.4461e+00   0  H  0.00  1   !  -9.99000e+02  -99.000  -99.000  -999
OBS: 12  57780.605    79.00   0.0000e+00   4.7196e+00   2.8408e+00   0  H  0.00  1   !  -9.99000e+02  -99.000  -99.000  -999
OBS: 12  57782.605    81.00   0.0000e+00   3.8329e+00   2.3071e+00   0  H  0.00  1   !  -9.99000e+02  -99.000  -99.000  -999
OBS: 12  57784.605    83.00   0.0000e+00   3.2483e+00   1.9552e+00   0  H  0.00  1   !  -9.99000e+02  -99.000  -99.000  -999
OBS: 12  57786.605    85.00   0.0000e+00   2.8353e+00   1.7066e+00   0  H  0.00  1   !  -9.99000e+02  -99.000  -99.000  -999
OBS: 12  57788.605    87.00   0.0000e+00   2.4955e+00   1.5021e+00   0  H  0.00  1   !  -9.99000e+02  -99.000  -99.000  -999
OBS: 12  57790.605    89.00   0.0000e+00   2.1914e+00   1.3190e+00   0  H  0.00  1   !  -9.99000e+02  -99.000  -99.000  -999
OBS: 12  57792.605    91.00   0.0000e+00   1.9041e+00   1.1461e+00   0  H  0.00  1   !  -9.99000e+02  -99.000  -99.000  -999
OBS: 12  57794.605    93.00   0.0000e+00   1.6361e+00   9.8478e-01   0  H  0.00  1   !  -9.99000e+02  -99.000  -99.000  -999
OBS: 12  57796.605    95.00   0.0000e+00   1.3810e+00   8.3126e-01   0  H  0.00  1   !  -9.99000e+02  -99.000  -99.000  -999
OBS: 12  57798.605    97.00   0.0000e+00   1.2017e+00   7.2332e-01   0  H  0.00  1   !  -9.99000e+02  -99.000  -99.000  -999
OBS: 12  57800.605    99.00   0.0000e+00   1.0726e+00   6.4561e-01   0  H  0.00  1   !  -9.99000e+02  -99.000  -99.000  -999
OBS: 12  57802.605   101.00   0.0000e+00   9.3934e-01   5.6540e-01   0  H  0.00  1   !  -9.99000e+02  -99.000  -99.000  -999
OBS: 12  57804.605   103.00   0.0000e+00   8.2366e-01   4.9577e-01   0  H  0.00  1   !  -9.99000e+02  -99.000  -99.000  -999
OBS: 12  57806.605   105.00   0.0000e+00   7.2213e-01   4.3466e-01   0  H  0.00  1   !  -9.99000e+02  -99.000  -99.000  -999
OBS: 12  57808.605   107.00   0.0000e+00   6.3234e-01   3.8061e-01   0  H  0.00  1   !  -9.99000e+02  -99.000  -99.000  -999
OBS: 12  57810.605   109.00   0.0000e+00   5.5271e-01   3.3269e-01   0  H  0.00  1   !  -9.99000e+02  -99.000  -99.000  -999
OBS: 12  57812.605   111.00   0.0000e+00   4.8549e-01   2.9222e-01   0  H  0.00  1   !  -9.99000e+02  -99.000  -99.000  -999
OBS: 12  57814.605   113.00   0.0000e+00   4.2952e-01   2.5853e-01   0  H  0.00  1   !  -9.99000e+02  -99.000  -99.000  -999
OBS: 12  57816.605   115.00   0.0000e+00   3.7999e-01   2.2872e-01   0  H  0.00  1   !  -9.99000e+02  -99.000  -99.000  -999
OBS: 12  57818.605   117.00   0.0000e+00   3.3618e-01   2.0235e-01   0  H  0.00  1   !  -9.99000e+02  -99.000  -99.000  -999
OBS: 12  57820.605   119.00   0.0000e+00   2.9741e-01   1.7902e-01   0  H  0.00  1   !  -9.99000e+02  -99.000  -99.000  -999
OBS: 12  57822.605   121.00   0.0000e+00   2.6312e-01   1.5838e-01   0  H  0.00  1   !  -9.99000e+02  -99.000  -99.000  -999
OBS: 12  57824.605   123.00   0.0000e+00   2.3278e-01   1.4011e-01   0  H  0.00  1   !  -9.99000e+02  -99.000  -99.000  -999
OBS: 12  57826.605   125.00   0.0000e+00   2.0594e-01   1.2396e-01   0  H  0.00  1   !  -9.99000e+02  -99.000  -99.000  -999
OBS: 12  57828.605   127.00   0.0000e+00   1.8220e-01   1.0967e-01   0  H  0.00  1   !  -9.99000e+02  -99.000  -99.000  -999
OBS: 12  57830.605   129.00   0.0000e+00   1.6119e-01   9.7021e-02   0  H  0.00  1   !  -9.99000e+02  -99.000  -99.000  -999
OBS: 12  57832.605   131.00   0.0000e+00   1.4260e-01   8.5834e-02   0  H  0.00  1   !  -9.99000e+02  -99.000  -99.000  -999
OBS: 12  57834.605   133.00   0.0000e+00   1.2616e-01   7.5937e-02   0  H  0.00  1   !  -9.99000e+02  -99.000  -99.000  -999
OBS: 12  57836.605   135.00   0.0000e+00   1.1161e-01   6.7181e-02   0  H  0.00  1   !  -9.99000e+02  -99.000  -99.000  -999
OBS: 12  57838.605   137.00   0.0000e+00   9.8744e-02   5.9435e-02   0  H  0.00  1   !  -9.99000e+02  -99.000  -99.000  -999
OBS: 12  57840.605   139.00   0.0000e+00   8.7358e-02   5.2582e-02   0  H  0.00  1   !  -9.99000e+02  -99.000  -99.000  -999
