VARNAMES: CID MJD Tobs SIM_FLUXCAL FLUXCAL FLUXCAL_ERR DATAFLAG BAND CHI2 IFIT BAND_REST FLUX_REST KCOR AVWARP SIM_FLUX_REST 
OBS: 14  57728.531    32.03   5.9863e+01   5.9063e+01   5.0065e-01   1  J  0.00  1   Y  2.06251e+18  -0.057  -1.001  1.00000e+11
OBS: 14  57637.496   -59.00   0.0000e+00   0.0000e+00   0.0000e+00   0  J  0.00  1   !  -9.99000e+02  -99.000  -99.000  -999
OBS: 14  57639.496   -57.00   0.0000e+00   0.0000e+00   0.0000e+00   0  J  0.00  1   !  -9.99000e+02  -99.000  -99.000  -999
OBS: 14  57641.496   -55.00   0.0000e+00   0.0000e+00   0.0000e+00   0  J  0.00  1   !  -9.99000e+02  -99.000  -99.000  -999
OBS: 14  57643.496   -53.00   0.0000e+00   0.0000e+00   0.0000e+00   0  J  0.00  1   !  -9.99000e+02  -99.000  -99.000  -999
OBS: 14  57645.496   -51.00   0.0000e+00   0.0000e+00   0.0000e+00   0  J  0.00  1   !  -9.99000e+02  -99.000  -99.000  -999
OBS: 14  57647.496   -49.00   0.0000e+00   0.0000e+00   0.0000e+00   0  J  0.00  1   !  -9.99000e+02  -99.000  -99.000  -999
OBS: 14  57649.496   -47.00   0.0000e+00   0.0000e+00   0.0000e+00   0  J  0.00  1   !  -9.99000e+02  -99.000  -99.000  -999
OBS: 14  57651.496   -45.00   0.0000e+00   0.0000e+00   0.0000e+00   0  J  0.00  1   !  -9.99000e+02  -99.000  -99.000  -999
OBS: 14  57653.496   -43.00   0.0000e+00   0.0000e+00   0.0000e+00   0  J  0.00  1   !  -9.99000e+02  -99.000  -99.000  -999
OBS: 14  57655.496   -41.00   0.0000e+00   0.0000e+00   0.0000e+00   0  J  0.00  1   !  -9.99000e+02  -99.000  -99.000  -999
OBS: 14  57657.496   -39.00   0.0000e+00   0.0000e+00   0.0000e+00   0  J  0.00  1   !  -9.99000e+02  -99.000  -99.000  -999
OBS: 14  57659.496   -37.00   0.0000e+00   0.0000e+00   0.0000e+00   0  J  0.00  1   !  -9.99000e+02  -99.000  -99.000  -999
OBS: 14  57661.496   -35.00   0.0000e+00   0.0000e+00   0.0000e+00   0  J  0.00  1   !  -9.99000e+02  -99.000  -99.000  -999
OBS: 14  57663.496   -33.00   0.0000e+00   0.0000e+00   0.0000e+00   0  J  0.00  1   !  -9.99000e+02  -99.000  -99.000  -999
OBS: 14  57665.496   -31.00   0.0000e+00   0.0000e+00   0.0000e+00   0  J  0.00  1   !  -9.99000e+02  -99.000  -99.000  -999
OBS: 14  57667.496   -29.00   0.0000e+00   0.0000e+00   0.0000e+00   0  J  0.00  1   !  -9.99000e+02  -99.000  -99.000  -999
OBS: 14  57669.496   -27.00   0.0000e+00   0.0000e+00   0.0000e+00   0  J  0.00  1   !  -9.99000e+02  -99.000  -99.000  -999
OBS: 14  57671.496   -25.00   0.0000e+00   1.6268e+01   9.7922e+00   0  J  0.00  1   !  -9.99000e+02  -99.000  -99.000  -999
OBS: 14  57673.496   -23.00   0.0000e+00   1.7145e+01   1.0320e+01   0  J  0.00  1   !  -9.99000e+02  -99.000  -99.000  -999
OBS: 14  57675.496   -21.00   0.0000e+00   1.7140e+01   1.0317e+01   0  J  0.00  1   !  -9.99000e+02  -99.000  -99.000  -999
OBS: 14  57677.496   -19.00   0.0000e+00   2.0296e+01   8.2726e+00   0  J  0.00  1   !  -9.99000e+02  -99.000  -99.000  -999
OBS: 14  57679.496   -17.00   0.0000e+00   3.0558e+01   2.9129e+00   0  J  0.00  1   !  -9.99000e+02  -99.000  -99.000  -999
OBS: 14  57681.496   -15.00   0.0000e+00   4.0716e+01   2.0848e+00   0  J  0.00  1   !  -9.99000e+02  -99.000  -99.000  -999
OBS: 14  57683.496   -13.00   0.0000e+00   4.9470e+01   1.6433e+00   0  J  0.00  1   !  -9.99000e+02  -99.000  -99.000  -999
OBS: 14  57685.496   -11.00   0.0000e+00   5.6840e+01   1.4638e+00   0  J  0.00  1   !  -9.99000e+02  -99.000  -99.000  -999
OBS: 14  57687.496    -9.00   0.0000e+00   6.4078e+01   1.5163e+00   0  J  0.00  1   !  -9.99000e+02  -99.000  -99.000  -999
OBS: 14  57689.496    -7.00   0.0000e+00   6.9385e+01   1.7192e+00   0  J  0.00  1   !  -9.99000e+02  -99.000  -99.000  -999
OBS: 14  57691.496    -5.00   0.0000e+00   7.2450e+01   1.8960e+00   0  J  0.00  1   !  -9.99000e+02  -99.000  -99.000  -999
OBS: 14  57693.496    -3.00   0.0000e+00   7.2006e+01   1.7979e+00   0  J  0.00  1   !  -9.99000e+02  -99.000  -99.000  -999
OBS: 14  57695.496    -1.00   0.0000e+00   6.9715e+01   1.7215e+00   0  J  0.00  1   !  -9.99000e+02  -99.000  -99.000  -999
OBS: 14  57697.496     1.00   0.0000e+00   6.6189e+01   1.8465e+00   0  J  0.00  1   !  -9.99000e+02  -99.000  -99.000  -999
OBS: 14  57699.496     3.00   0.0000e+00   6.2145e+01   2.1424e+00   0  J  0.00  1   !  -9.99000e+02  -99.000  -99.000  -999
OBS: 14  57701.496     5.00   0.0000e+00   5.8214e+01   2.3343e+00   0  J  0.00  1   !  -9.99000e+02  -99.000  -99.000  -999
OBS: 14  57703.496     7.00   0.0000e+00   5.4924e+01   2.2831e+00   0  J  0.00  1   !  -9.99000e+02  -99.000  -99.000  -999
OBS: 14  57705.496     9.00   0.0000e+00   5.1761e+01   2.1516e+00   0  J  0.00  1   !  -9.99000e+02  -99.000  -99.000  -999
OBS: 14  57707.496    11.00   0.0000e+00   4.9394e+01   2.2024e+00   0  J  0.00  1   !  -9.99000e+02  -99.000  -99.000  -999
OBS: 14  57709.496    13.00   0.0000e+00   4.7885e+01   2.4357e+00   0  J  0.00  1   !  -9.99000e+02  -99.000  -99.000  -999
OBS: 14  57711.496    15.00   0.0000e+00   4.7212e+01   2.6299e+00   0  J  0.00  1   !  -9.99000e+02  -99.000  -99.000  -999
OBS: 14  57713.496    17.00   0.0000e+00   4.6830e+01   2.6319e+00   0  J  0.00  1   !  -9.99000e+02  -99.000  -99.000  -999
OBS: 14  57715.496    19.00   0.0000e+00   4.7433e+01   2.5209e+00   0  J  0.00  1   !  -9.99000e+02  -99.000  -99.000  -999
OBS: 14  57717.496    21.00   0.0000e+00   4.9625e+01   2.4065e+00   0  J  0.00  1   !  -9.99000e+02  -99.000  -99.000  -999
OBS: 14  57719.496    23.00   0.0000e+00   5.1726e+01   2.3719e+00   0  J  0.00  1   !  -9.99000e+02  -99.000  -99.000  -999
OBS: 14  57721.496    25.00   0.0000e+00   5.3892e+01   2.3093e+00   0  J  0.00  1   !  -9.99000e+02  -99.000  -99.000  -999
OBS: 14  57723.496    27.00   0.0000e+00   5.5224e+01   2.0043e+00   0  J  0.00  1   !  -9.99000e+02  -99.000  -99.000  -999
OBS: 14  57725.496    29.00   0.0000e+00   5.6054e+01   1.7005e+00   0  J  0.00  1   !  -9.99000e+02  -99.000  -99.000  -999
OBS: 14  57727.496    31.00   0.0000e+00   5.7855e+01   1.7099e+00   0  J  0.00  1   !  -9.99000e+02  -99.000  -99.000  -999
OBS: 14  57729.496    33.00   0.0000e+00   6.0400e+01   1.8409e+00   0  J  0.00  1   !  -9.99000e+02  -99.000  -99.000  -999
OBS: 14  57731.496    35.00   0.0000e+00   6.2516e+01   1.9133e+00   0  J  0.00  1   !  -9.99000e+02  -99.000  -99.000  -999
OBS: 14  57733.496    37.00   0.0000e+00   6.3608e+01   1.8166e+00   0  J  0.00  1   !  -9.99000e+02  -99.000  -99.000  -999
OBS: 14  57735.496    39.00   0.0000e+00   6.4292e+01   1.7532e+00   0  J  0.00  1   !  -9.99000e+02  -99.000  -99.000  -999
OBS: 14  57737.496    41.00   0.0000e+00   6.4658e+01   1.8252e+00   0  J  0.00  1   !  -9.99000e+02  -99.000  -99.000  -999
OBS: 14  57739.496    43.00   0.0000e+00   6.4602e+01   1.9909e+00   0  J  0.00  1   !  -9.99000e+02  -99.000  -99.000  -999
OBS: 14  57741.496    45.00   0.0000e+00   6.3540e+01   2.1371e+00   0  J  0.00  1   !  -9.99000e+02  -99.000  -99.000  -999
OBS: 14  57743.496    47.00   0.0000e+00   6.2334e+01   2.1480e+00   0  J  0.00  1   !  -9.99000e+02  -99.000  -99.000  -999
OBS: 14  57745.496    49.00   0.0000e+00   6.1372e+01   2.0597e+00   0  J  0.00  1   !  -9.99000e+02  -99.000  -99.000  -999
OBS: 14  57747.496    51.00   0.0000e+00   5.9656e+01   2.0094e+00   0  J  0.00  1   !  -9.99000e+02  -99.000  -99.000  -999
OBS: 14  57749.496    53.00   0.0000e+00   5.7110e+01   2.1103e+00   0  J  0.00  1   !  -9.99000e+02  -99.000  -99.000  -999
OBS: 14  57751.496    55.00   0.0000e+00   5.3893e+01   2.2234e+00   0  J  0.00  1   !  -9.99000e+02  -99.000  -99.000  -999
OBS: 14  57753.496    57.00   0.0000e+00   5.0153e+01   2.1107e+00   0  J  0.00  1   !  -9.99000e+02  -99.000  -99.000  -999
OBS: 14  57755.496    59.00   0.0000e+00   4.6271e+01   1.8375e+00   0  J  0.00  1   !  -9.99000e+02  -99.000  -99.000  -999
OBS: 14  57757.496    61.00   0.0000e+00   4.2445e+01   1.4962e+00   0  J  0.00  1   !  -9.99000e+02  -99.000  -99.000  -999
OBS: 14  57759.496    63.00   0.0000e+00   3.9163e+01   1.2489e+00   0  J  0.00  1   !  -9.99000e+02  -99.000  -99.000  -999
OBS: 14  57761.496    65.00   0.0000e+00   3.6343e+01   1.0795e+00   0  J  0.00  1   !  -9.99000e+02  -99.000  -99.000  -999
OBS: 14  57763.496    67.00   0.0000e+00   3.3717e+01   2.0295e+01   0  J  0.00  1   !  -9.99000e+02  -99.000  -99.000  -999
OBS: 14  57765.496    69.00   0.0000e+00   3.1057e+01   1.8694e+01   0  J  0.00  1   !  -9.99000e+02  -99.000  -99.000  -999
OBS: 14  57767.496    71.00   0.0000e+00   2.9122e+01   1.7529e+01   0  J  0.00  1   !  -9.99000e+02  -99.000  -99.000  -999
OBS: 14  57769.496    73.00   0.0000e+00   2.7329e+01   1.6450e+01   0  J  0.00  1   !  -9.99000e+02  -99.000  -99.000  -999
OBS: 14  57771.496    75.00   0.0000e+00   2.5493e+01   1.5345e+01   0  J  0.00  1   !  -9.99000e+02  -99.000  -99.000  -999
OBS: 14  57773.496    77.00   0.0000e+00   2.3693e+01   1.4261e+01   0  J  0.00  1   !  -9.99000e+02  -99.000  -99.000  -999
OBS: 14  57775.496    79.00   0.0000e+00   2.1882e+01   1.3171e+01   0  J  0.00  1   !  -9.99000e+02  -99.000  -99.000  -999
OBS: 14  57777.496    81.00   0.0000e+00   1.8817e+01   1.1326e+01   0  J  0.00  1   !  -9.99000e+02  -99.000  -99.000  -999
OBS: 14  57779.496    83.00   0.0000e+00   1.6153e+01   9.7224e+00   0  J  0.00  1   !  -9.99000e+02  -99.000  -99.000  -999
OBS: 14  57781.496    85.00   0.0000e+00   1.4009e+01   8.4321e+00   0  J  0.00  1   !  -9.99000e+02  -99.000  -99.000  -999
OBS: 14  57783.496    87.00   0.0000e+00   1.2302e+01   7.4048e+00   0  J  0.00  1   !  -9.99000e+02  -99.000  -99.000  -999
OBS: 14  57785.496    89.00   0.0000e+00   1.0944e+01   6.5873e+00   0  J  0.00  1   !  -9.99000e+02  -99.000  -99.000  -999
OBS: 14  57787.496    91.00   0.0000e+00   9.8547e+00   5.9316e+00   0  J  0.00  1   !  -9.99000e+02  -99.000  -99.000  -999
OBS: 14  57789.496    93.00   0.0000e+00   8.9492e+00   5.3866e+00   0  J  0.00  1   !  -9.99000e+02  -99.000  -99.000  -999
OBS: 14  57791.496    95.00   0.0000e+00   8.1554e+00   4.9088e+00   0  J  0.00  1   !  -9.99000e+02  -99.000  -99.000  -999
OBS: 14  57793.496    97.00   0.0000e+00   7.4634e+00   4.4923e+00   0  J  0.00  1   !  -9.99000e+02  -99.000  -99.000  -999
OBS: 14  57795.496    99.00   0.0000e+00   6.7354e+00   4.0541e+00   0  J  0.00  1   !  -9.99000e+02  -99.000  -99.000  -999
OBS: 14  57797.496   101.00   0.0000e+00   6.0719e+00   3.6548e+00   0  J  0.00  1   !  -9.99000e+02  -99.000  -99.000  -999
OBS: 14  57799.496   103.00   0.0000e+00   5.4791e+00   3.2979e+00   0  J  0.00  1   !  -9.99000e+02  -99.000  -99.000  -999
OBS: 14  57801.496   105.00   0.0000e+00   4.9487e+00   2.9787e+00   0  J  0.00  1   !  -9.99000e+02  -99.000  -99.000  -999
OBS: 14  57803.496   107.00   0.0000e+00   4.4754e+00   2.6938e+00   0  J  0.00  1   !  -9.99000e+02  -99.000  -99.000  -999
OBS: 14  57805.496   109.00   0.0000e+00   4.0536e+00   2.4399e+00   0  J  0.00  1   !  -9.99000e+02  -99.000  -99.000  -999
OBS: 14  57807.496   111.00   0.0000e+00   3.6788e+00   2.2143e+00   0  J  0.00  1   !  -9.99000e+02  -99.000  -99.000  -999
OBS: 14  57809.496   113.00   0.0000e+00   3.3090e+00   1.9918e+00   0  J  0.00  1   !  -9.99000e+02  -99.000  -99.000  -999
OBS: 14  57811.496   115.00   0.0000e+00   2.9617e+00   1.7827e+00   0  J  0.00  1   !  -9.99000e+02  -99.000  -99.000  -999
OBS: 14  57813.496   117.00   0.0000e+00   2.6507e+00   1.5955e+00   0  J  0.00  1   !  -9.99000e+02  -99.000  -99.000  -999
OBS: 14  57815.496   119.00   0.0000e+00   2.3724e+00   1.4280e+00   0  J  0.00  1   !  -9.99000e+02  -99.000  -99.000  -999
OBS: 14  57817.496   121.00   0.0000e+00   2.1239e+00   1.2784e+00   0  J  0.00  1   !  -9.99000e+02  -99.000  -99.000  -999
OBS: 14  57819.496   123.00   0.0000e+00   1.9018e+00   1.1447e+00   0  J  0.00  1   !  -9.99000e+02  -99.000  -99.000  -999
OBS: 14  57821.496   125.00   0.0000e+00   1.7031e+00   1.0251e+00   0  J  0.00  1   !  -9.99000e+02  -99.000  -99.000  -999
OBS: 14  57823.496   127.00   0.0000e+00   1.5252e+00   9.1801e-01   0  J  0.00  1   !  -9.99000e+02  -99.000  -99.000  -999
OBS: 14  57825.496   129.00   0.0000e+00   1.3646e+00   8.2135e-01   0  J  0.00  1   !  -9.99000e+02  -99.000  -99.000  -999
OBS: 14  57827.496   131.00   0.0000e+00   1.2208e+00   7.3479e-01   0  J  0.00  1   !  -9.99000e+02  -99.000  -99.000  -999
OBS: 14  57829.496   133.00   0.0000e+00   1.0920e+00   6.5727e-01   0  J  0.00  1   !  -9.99000e+02  -99.000  -99.000  -999
OBS: 14  57831.496   135.00   0.0000e+00   9.7685e-01   5.8798e-01   0  J  0.00  1   !  -9.99000e+02  -99.000  -99.000  -999
OBS: 14  57833.496   137.00   0.0000e+00   8.7426e-01   5.2623e-01   0  J  0.00  1   !  -9.99000e+02  -99.000  -99.000  -999
OBS: 14  57835.496   139.00   0.0000e+00   7.8243e-01   4.7095e-01   0  J  0.00  1   !  -9.99000e+02  -99.000  -99.000  -999
OBS: 14  57728.527    32.03   2.3029e+01   2.2855e+01   4.6940e-01   1  H  0.04  1   J  1.03774e+18  0.228  2.613  1.00000e+11
OBS: 14  57637.496   -59.00   0.0000e+00   0.0000e+00   0.0000e+00   0  H  0.00  1   !  -9.99000e+02  -99.000  -99.000  -999
OBS: 14  57639.496   -57.00   0.0000e+00   0.0000e+00   0.0000e+00   0  H  0.00  1   !  -9.99000e+02  -99.000  -99.000  -999
OBS: 14  57641.496   -55.00   0.0000e+00   0.0000e+00   0.0000e+00   0  H  0.00  1   !  -9.99000e+02  -99.000  -99.000  -999
OBS: 14  57643.496   -53.00   0.0000e+00   0.0000e+00   0.0000e+00   0  H  0.00  1   !  -9.99000e+02  -99.000  -99.000  -999
OBS: 14  57645.496   -51.00   0.0000e+00   0.0000e+00   0.0000e+00   0  H  0.00  1   !  -9.99000e+02  -99.000  -99.000  -999
OBS: 14  57647.496   -49.00   0.0000e+00   0.0000e+00   0.0000e+00   0  H  0.00  1   !  -9.99000e+02  -99.000  -99.000  -999
OBS: 14  57649.496   -47.00   0.0000e+00   0.0000e+00   0.0000e+00   0  H  0.00  1   !  -9.99000e+02  -99.000  -99.000  -999
OBS: 14  57651.496   -45.00   0.0000e+00   0.0000e+00   0.0000e+00   0  H  0.00  1   !  -9.99000e+02  -99.000  -99.000  -999
OBS: 14  57653.496   -43.00   0.0000e+00   0.0000e+00   0.0000e+00   0  H  0.00  1   !  -9.99000e+02  -99.000  -99.000  -999
OBS: 14  57655.496   -41.00   0.0000e+00   0.0000e+00   0.0000e+00   0  H  0.00  1   !  -9.99000e+02  -99.000  -99.000  -999
OBS: 14  57657.496   -39.00   0.0000e+00   0.0000e+00   0.0000e+00   0  H  0.00  1   !  -9.99000e+02  -99.000  -99.000  -999
OBS: 14  57659.496   -37.00   0.0000e+00   0.0000e+00   0.0000e+00   0  H  0.00  1   !  -9.99000e+02  -99.000  -99.000  -999
OBS: 14  57661.496   -35.00   0.0000e+00   0.0000e+00   0.0000e+00   0  H  0.00  1   !  -9.99000e+02  -99.000  -99.000  -999
OBS: 14  57663.496   -33.00   0.0000e+00   0.0000e+00   0.0000e+00   0  H  0.00  1   !  -9.99000e+02  -99.000  -99.000  -999
OBS: 14  57665.496   -31.00   0.0000e+00   0.0000e+00   0.0000e+00   0  H  0.00  1   !  -9.99000e+02  -99.000  -99.000  -999
OBS: 14  57667.496   -29.00   0.0000e+00   0.0000e+00   0.0000e+00   0  H  0.00  1   !  -9.99000e+02  -99.000  -99.000  -999
OBS: 14  57669.496   -27.00   0.0000e+00   0.0000e+00   0.0000e+00   0  H  0.00  1   !  -9.99000e+02  -99.000  -99.000  -999
OBS: 14  57671.496   -25.00   0.0000e+00   2.8418e+01   1.7105e+01   0  H  0.00  1   !  -9.99000e+02  -99.000  -99.000  -999
OBS: 14  57673.496   -23.00   0.0000e+00   2.6642e+01   1.6036e+01   0  H  0.00  1   !  -9.99000e+02  -99.000  -99.000  -999
OBS: 14  57675.496   -21.00   0.0000e+00   2.6576e+01   1.5996e+01   0  H  0.00  1   !  -9.99000e+02  -99.000  -99.000  -999
OBS: 14  57677.496   -19.00   0.0000e+00   2.9508e+01   1.0910e+01   0  H  0.00  1   !  -9.99000e+02  -99.000  -99.000  -999
OBS: 14  57679.496   -17.00   0.0000e+00   3.8520e+01   1.2224e+00   0  H  0.00  1   !  -9.99000e+02  -99.000  -99.000  -999
OBS: 14  57681.496   -15.00   0.0000e+00   4.5973e+01   1.2316e+00   0  H  0.00  1   !  -9.99000e+02  -99.000  -99.000  -999
OBS: 14  57683.496   -13.00   0.0000e+00   5.1479e+01   1.4733e+00   0  H  0.00  1   !  -9.99000e+02  -99.000  -99.000  -999
OBS: 14  57685.496   -11.00   0.0000e+00   5.4846e+01   1.4700e+00   0  H  0.00  1   !  -9.99000e+02  -99.000  -99.000  -999
OBS: 14  57687.496    -9.00   0.0000e+00   5.6546e+01   1.3712e+00   0  H  0.00  1   !  -9.99000e+02  -99.000  -99.000  -999
OBS: 14  57689.496    -7.00   0.0000e+00   5.7335e+01   1.2776e+00   0  H  0.00  1   !  -9.99000e+02  -99.000  -99.000  -999
OBS: 14  57691.496    -5.00   0.0000e+00   5.6736e+01   1.3480e+00   0  H  0.00  1   !  -9.99000e+02  -99.000  -99.000  -999
OBS: 14  57693.496    -3.00   0.0000e+00   5.4526e+01   1.4468e+00   0  H  0.00  1   !  -9.99000e+02  -99.000  -99.000  -999
OBS: 14  57695.496    -1.00   0.0000e+00   5.1255e+01   1.4921e+00   0  H  0.00  1   !  -9.99000e+02  -99.000  -99.000  -999
OBS: 14  57697.496     1.00   0.0000e+00   4.6037e+01   1.4896e+00   0  H  0.00  1   !  -9.99000e+02  -99.000  -99.000  -999
OBS: 14  57699.496     3.00   0.0000e+00   4.0181e+01   1.4675e+00   0  H  0.00  1   !  -9.99000e+02  -99.000  -99.000  -999
OBS: 14  57701.496     5.00   0.0000e+00   3.4891e+01   1.4330e+00   0  H  0.00  1   !  -9.99000e+02  -99.000  -99.000  -999
OBS: 14  57703.496     7.00   0.0000e+00   3.0502e+01   1.3815e+00   0  H  0.00  1   !  -9.99000e+02  -99.000  -99.000  -999
OBS: 14  57705.496     9.00   0.0000e+00   2.6277e+01   1.3666e+00   0  H  0.00  1   !  -9.99000e+02  -99.000  -99.000  -999
OBS: 14  57707.496    11.00   0.0000e+00   2.2507e+01   1.4505e+00   0  H  0.00  1   !  -9.99000e+02  -99.000  -99.000  -999
OBS: 14  57709.496    13.00   0.0000e+00   1.9506e+01   1.6070e+00   0  H  0.00  1   !  -9.99000e+02  -99.000  -99.000  -999
OBS: 14  57711.496    15.00   0.0000e+00   1.7495e+01   1.7327e+00   0  H  0.00  1   !  -9.99000e+02  -99.000  -99.000  -999
OBS: 14  57713.496    17.00   0.0000e+00   1.6765e+01   1.7454e+00   0  H  0.00  1   !  -9.99000e+02  -99.000  -99.000  -999
OBS: 14  57715.496    19.00   0.0000e+00   1.6858e+01   1.7086e+00   0  H  0.00  1   !  -9.99000e+02  -99.000  -99.000  -999
OBS: 14  57717.496    21.00   0.0000e+00   1.7162e+01   1.6042e+00   0  H  0.00  1   !  -9.99000e+02  -99.000  -99.000  -999
OBS: 14  57719.496    23.00   0.0000e+00   1.7839e+01   1.3827e+00   0  H  0.00  1   !  -9.99000e+02  -99.000  -99.000  -999
OBS: 14  57721.496    25.00   0.0000e+00   1.8604e+01   1.2853e+00   0  H  0.00  1   !  -9.99000e+02  -99.000  -99.000  -999
OBS: 14  57723.496    27.00   0.0000e+00   1.9633e+01   1.4745e+00   0  H  0.00  1   !  -9.99000e+02  -99.000  -99.000  -999
OBS: 14  57725.496    29.00   0.0000e+00   2.0839e+01   1.7850e+00   0  H  0.00  1   !  -9.99000e+02  -99.000  -99.000  -999
OBS: 14  57727.496    31.00   0.0000e+00   2.1938e+01   1.9688e+00   0  H  0.00  1   !  -9.99000e+02  -99.000  -99.000  -999
OBS: 14  57729.496    33.00   0.0000e+00   2.2923e+01   2.0624e+00   0  H  0.00  1   !  -9.99000e+02  -99.000  -99.000  -999
OBS: 14  57731.496    35.00   0.0000e+00   2.3960e+01   2.1339e+00   0  H  0.00  1   !  -9.99000e+02  -99.000  -99.000  -999
OBS: 14  57733.496    37.00   0.0000e+00   2.4877e+01   2.1713e+00   0  H  0.00  1   !  -9.99000e+02  -99.000  -99.000  -999
OBS: 14  57735.496    39.00   0.0000e+00   2.6018e+01   2.2349e+00   0  H  0.00  1   !  -9.99000e+02  -99.000  -99.000  -999
OBS: 14  57737.496    41.00   0.0000e+00   2.7666e+01   2.4608e+00   0  H  0.00  1   !  -9.99000e+02  -99.000  -99.000  -999
OBS: 14  57739.496    43.00   0.0000e+00   3.0071e+01   2.9402e+00   0  H  0.00  1   !  -9.99000e+02  -99.000  -99.000  -999
OBS: 14  57741.496    45.00   0.0000e+00   3.2317e+01   3.4495e+00   0  H  0.00  1   !  -9.99000e+02  -99.000  -99.000  -999
OBS: 14  57743.496    47.00   0.0000e+00   3.3715e+01   3.7662e+00   0  H  0.00  1   !  -9.99000e+02  -99.000  -99.000  -999
OBS: 14  57745.496    49.00   0.0000e+00   3.3684e+01   3.9032e+00   0  H  0.00  1   !  -9.99000e+02  -99.000  -99.000  -999
OBS: 14  57747.496    51.00   0.0000e+00   3.2495e+01   3.9754e+00   0  H  0.00  1   !  -9.99000e+02  -99.000  -99.000  -999
OBS: 14  57749.496    53.00   0.0000e+00   3.0366e+01   3.9090e+00   0  H  0.00  1   !  -9.99000e+02  -99.000  -99.000  -999
OBS: 14  57751.496    55.00   0.0000e+00   2.7581e+01   3.5884e+00   0  H  0.00  1   !  -9.99000e+02  -99.000  -99.000  -999
OBS: 14  57753.496    57.00   0.0000e+00   2.4275e+01   3.0739e+00   0  H  0.00  1   !  -9.99000e+02  -99.000  -99.000  -999
OBS: 14  57755.496    59.00   0.0000e+00   2.1035e+01   2.5032e+00   0  H  0.00  1   !  -9.99000e+02  -99.000  -99.000  -999
OBS: 14  57757.496    61.00   0.0000e+00   1.8608e+01   2.0758e+00   0  H  0.00  1   !  -9.99000e+02  -99.000  -99.000  -999
OBS: 14  57759.496    63.00   0.0000e+00   1.7050e+01   2.0306e+00   0  H  0.00  1   !  -9.99000e+02  -99.000  -99.000  -999
OBS: 14  57761.496    65.00   0.0000e+00   1.6265e+01   2.9166e+00   0  H  0.00  1   !  -9.99000e+02  -99.000  -99.000  -999
OBS: 14  57763.496    67.00   0.0000e+00   1.5785e+01   9.5014e+00   0  H  0.00  1   !  -9.99000e+02  -99.000  -99.000  -999
OBS: 14  57765.496    69.00   0.0000e+00   1.5318e+01   9.2202e+00   0  H  0.00  1   !  -9.99000e+02  -99.000  -99.000  -999
OBS: 14  57767.496    71.00   0.0000e+00   1.4377e+01   8.6537e+00   0  H  0.00  1   !  -9.99000e+02  -99.000  -99.000  -999
OBS: 14  57769.496    73.00   0.0000e+00   1.3260e+01   7.9814e+00   0  H  0.00  1   !  -9.99000e+02  -99.000  -99.000  -999
OBS: 14  57771.496    75.00   0.0000e+00   1.2213e+01   7.3511e+00   0  H  0.00  1   !  -9.99000e+02  -99.000  -99.000  -999
OBS: 14  57773.496    77.00   0.0000e+00   1.1267e+01   6.7820e+00   0  H  0.00  1   !  -9.99000e+02  -99.000  -99.000  -999
OBS: 14  57775.496    79.00   0.0000e+00   1.0363e+01   6.2379e+00   0  H  0.00  1   !  -9.99000e+02  -99.000  -99.000  -999
OBS: 14  57777.496    81.00   0.0000e+00   9.0479e+00   5.4460e+00   0  H  0.00  1   !  -9.99000e+02  -99.000  -99.000  -999
OBS: 14  57779.496    83.00   0.0000e+00   7.9845e+00   4.8060e+00   0  H  0.00  1   !  -9.99000e+02  -99.000  -99.000  -999
OBS: 14  57781.496    85.00   0.0000e+00   7.2215e+00   4.3467e+00   0  H  0.00  1   !  -9.99000e+02  -99.000  -99.000  -999
OBS: 14  57783.496    87.00   0.0000e+00   6.5839e+00   3.9629e+00   0  H  0.00  1   !  -9.99000e+02  -99.000  -99.000  -999
OBS: 14  57785.496    89.00   0.0000e+00   6.0579e+00   3.6463e+00   0  H  0.00  1   !  -9.99000e+02  -99.000  -99.000  -999
OBS: 14  57787.496    91.00   0.0000e+00   5.6336e+00   3.3910e+00   0  H  0.00  1   !  -9.99000e+02  -99.000  -99.000  -999
OBS: 14  57789.496    93.00   0.0000e+00   5.2491e+00   3.1595e+00   0  H  0.00  1   !  -9.99000e+02  -99.000  -99.000  -999
OBS: 14  57791.496    95.00   0.0000e+00   4.8278e+00   2.9059e+00   0  H  0.00  1   !  -9.99000e+02  -99.000  -99.000  -999
OBS: 14  57793.496    97.00   0.0000e+00   4.3689e+00   2.6297e+00   0  H  0.00  1   !  -9.99000e+02  -99.000  -99.000  -999
OBS: 14  57795.496    99.00   0.0000e+00   4.1882e+00   2.5209e+00   0  H  0.00  1   !  -9.99000e+02  -99.000  -99.000  -999
OBS: 14  57797.496   101.00   0.0000e+00   4.0413e+00   2.4325e+00   0  H  0.00  1   !  -9.99000e+02  -99.000  -99.000  -999
OBS: 14  57799.496   103.00   0.0000e+00   3.9010e+00   2.3481e+00   0  H  0.00  1   !  -9.99000e+02  -99.000  -99.000  -999
OBS: 14  57801.496   105.00   0.0000e+00   3.7670e+00   2.2674e+00   0  H  0.00  1   !  -9.99000e+02  -99.000  -99.000  -999
OBS: 14  57803.496   107.00   0.0000e+00   3.6364e+00   2.1888e+00   0  H  0.00  1   !  -9.99000e+02  -99.000  -99.000  -999
OBS: 14  57805.496   109.00   0.0000e+00   3.5062e+00   2.1104e+00   0  H  0.00  1   !  -9.99000e+02  -99.000  -99.000  -999
OBS: 14  57807.496   111.00   0.0000e+00   3.3735e+00   2.0305e+00   0  H  0.00  1   !  -9.99000e+02  -99.000  -99.000  -999
OBS: 14  57809.496   113.00   0.0000e+00   3.2731e+00   1.9701e+00   0  H  0.00  1   !  -9.99000e+02  -99.000  -99.000  -999
OBS: 14  57811.496   115.00   0.0000e+00   3.1900e+00   1.9201e+00   0  H  0.00  1   !  -9.99000e+02  -99.000  -99.000  -999
OBS: 14  57813.496   117.00   0.0000e+00   3.1090e+00   1.8714e+00   0  H  0.00  1   !  -9.99000e+02  -99.000  -99.000  -999
OBS: 14  57815.496   119.00   0.0000e+00   3.0301e+00   1.8239e+00   0  H  0.00  1   !  -9.99000e+02  -99.000  -99.000  -999
OBS: 14  57817.496   121.00   0.0000e+00   2.9532e+00   1.7776e+00   0  H  0.00  1   !  -9.99000e+02  -99.000  -99.000  -999
OBS: 14  57819.496   123.00   0.0000e+00   2.8782e+00   1.7324e+00   0  H  0.00  1   !  -9.99000e+02  -99.000  -99.000  -999
OBS: 14  57821.496   125.00   0.0000e+00   2.8052e+00   1.6885e+00   0  H  0.00  1   !  -9.99000e+02  -99.000  -99.000  -999
OBS: 14  57823.496   127.00   0.0000e+00   2.7340e+00   1.6456e+00   0  H  0.00  1   !  -9.99000e+02  -99.000  -99.000  -999
OBS: 14  57825.496   129.00   0.0000e+00   2.6646e+00   1.6039e+00   0  H  0.00  1   !  -9.99000e+02  -99.000  -99.000  -999
OBS: 14  57827.496   131.00   0.0000e+00   2.5970e+00   1.5631e+00   0  H  0.00  1   !  -9.99000e+02  -99.000  -99.000  -999
OBS: 14  57829.496   133.00   0.0000e+00   2.5311e+00   1.5235e+00   0  H  0.00  1   !  -9.99000e+02  -99.000  -99.000  -999
OBS: 14  57831.496   135.00   0.0000e+00   2.4668e+00   1.4848e+00   0  H  0.00  1   !  -9.99000e+02  -99.000  -99.000  -999
OBS: 14  57833.496   137.00   0.0000e+00   2.4042e+00   1.4471e+00   0  H  0.00  1   !  -9.99000e+02  -99.000  -99.000  -999
OBS: 14  57835.496   139.00   0.0000e+00   2.3432e+00   1.4104e+00   0  H  0.00  1   !  -9.99000e+02  -99.000  -99.000  -999
