VARNAMES: CID MJD Tobs SIM_FLUXCAL FLUXCAL FLUXCAL_ERR DATAFLAG BAND CHI2 IFIT BAND_REST FLUX_REST KCOR AVWARP SIM_FLUX_REST 
OBS: 589  57714.637    19.05   1.2573e+01   1.2432e+01   2.0959e-01   1  H  0.12  1   Y  1.28328e+18  0.373  3.442  1.00000e+11
OBS: 589  57721.641    26.05   1.4249e+01   1.4352e+01   2.1739e-01   1  H  0.00  1   Y  1.50223e+18  0.388  4.513  1.00000e+11
OBS: 589  57731.180    35.59   1.9802e+01   2.0148e+01   2.3940e-01   1  H  0.05  1   Y  2.15499e+18  0.411  2.376  1.00000e+11
OBS: 589  57636.586   -59.00   0.0000e+00   0.0000e+00   0.0000e+00   0  H  0.00  1   !  -9.99000e+02  -99.000  -99.000  -999
OBS: 589  57638.586   -57.00   0.0000e+00   0.0000e+00   0.0000e+00   0  H  0.00  1   !  -9.99000e+02  -99.000  -99.000  -999
OBS: 589  57640.586   -55.00   0.0000e+00   0.0000e+00   0.0000e+00   0  H  0.00  1   !  -9.99000e+02  -99.000  -99.000  -999
OBS: 589  57642.586   -53.00   0.0000e+00   0.0000e+00   0.0000e+00   0  H  0.00  1   !  -9.99000e+02  -99.000  -99.000  -999
OBS: 589  57644.586   -51.00   0.0000e+00   0.0000e+00   0.0000e+00   0  H  0.00  1   !  -9.99000e+02  -99.000  -99.000  -999
OBS: 589  57646.586   -49.00   0.0000e+00   0.0000e+00   0.0000e+00   0  H  0.00  1   !  -9.99000e+02  -99.000  -99.000  -999
OBS: 589  57648.586   -47.00   0.0000e+00   0.0000e+00   0.0000e+00   0  H  0.00  1   !  -9.99000e+02  -99.000  -99.000  -999
OBS: 589  57650.586   -45.00   0.0000e+00   0.0000e+00   0.0000e+00   0  H  0.00  1   !  -9.99000e+02  -99.000  -99.000  -999
OBS: 589  57652.586   -43.00   0.0000e+00   0.0000e+00   0.0000e+00   0  H  0.00  1   !  -9.99000e+02  -99.000  -99.000  -999
OBS: 589  57654.586   -41.00   0.0000e+00   0.0000e+00   0.0000e+00   0  H  0.00  1   !  -9.99000e+02  -99.000  -99.000  -999
OBS: 589  57656.586   -39.00   0.0000e+00   0.0000e+00   0.0000e+00   0  H  0.00  1   !  -9.99000e+02  -99.000  -99.000  -999
OBS: 589  57658.586   -37.00   0.0000e+00   0.0000e+00   0.0000e+00   0  H  0.00  1   !  -9.99000e+02  -99.000  -99.000  -999
OBS: 589  57660.586   -35.00   0.0000e+00   0.0000e+00   0.0000e+00   0  H  0.00  1   !  -9.99000e+02  -99.000  -99.000  -999
OBS: 589  57662.586   -33.00   0.0000e+00   0.0000e+00   0.0000e+00   0  H  0.00  1   !  -9.99000e+02  -99.000  -99.000  -999
OBS: 589  57664.586   -31.00   0.0000e+00   0.0000e+00   0.0000e+00   0  H  0.00  1   !  -9.99000e+02  -99.000  -99.000  -999
OBS: 589  57666.586   -29.00   0.0000e+00   0.0000e+00   0.0000e+00   0  H  0.00  1   !  -9.99000e+02  -99.000  -99.000  -999
OBS: 589  57668.586   -27.00   0.0000e+00   8.3541e+00   5.0284e+00   0  H  0.00  1   !  -9.99000e+02  -99.000  -99.000  -999
OBS: 589  57670.586   -25.00   0.0000e+00   8.8553e+00   5.3301e+00   0  H  0.00  1   !  -9.99000e+02  -99.000  -99.000  -999
OBS: 589  57672.586   -23.00   0.0000e+00   8.8884e+00   5.3501e+00   0  H  0.00  1   !  -9.99000e+02  -99.000  -99.000  -999
OBS: 589  57674.586   -21.00   0.0000e+00   9.6648e+00   4.9379e+00   0  H  0.00  1   !  -9.99000e+02  -99.000  -99.000  -999
OBS: 589  57676.586   -19.00   0.0000e+00   1.4020e+01   1.6860e+00   0  H  0.00  1   !  -9.99000e+02  -99.000  -99.000  -999
OBS: 589  57678.586   -17.00   0.0000e+00   1.8701e+01   1.1419e+00   0  H  0.00  1   !  -9.99000e+02  -99.000  -99.000  -999
OBS: 589  57680.586   -15.00   0.0000e+00   2.2979e+01   8.9968e-01   0  H  0.00  1   !  -9.99000e+02  -99.000  -99.000  -999
OBS: 589  57682.586   -13.00   0.0000e+00   2.6174e+01   7.4688e-01   0  H  0.00  1   !  -9.99000e+02  -99.000  -99.000  -999
OBS: 589  57684.586   -11.00   0.0000e+00   2.8414e+01   6.8916e-01   0  H  0.00  1   !  -9.99000e+02  -99.000  -99.000  -999
OBS: 589  57686.586    -9.00   0.0000e+00   2.9850e+01   7.0632e-01   0  H  0.00  1   !  -9.99000e+02  -99.000  -99.000  -999
OBS: 589  57688.586    -7.00   0.0000e+00   3.0533e+01   7.7580e-01   0  H  0.00  1   !  -9.99000e+02  -99.000  -99.000  -999
OBS: 589  57690.586    -5.00   0.0000e+00   3.0240e+01   7.9139e-01   0  H  0.00  1   !  -9.99000e+02  -99.000  -99.000  -999
OBS: 589  57692.586    -3.00   0.0000e+00   2.9210e+01   7.2053e-01   0  H  0.00  1   !  -9.99000e+02  -99.000  -99.000  -999
OBS: 589  57694.586    -1.00   0.0000e+00   2.7577e+01   6.8524e-01   0  H  0.00  1   !  -9.99000e+02  -99.000  -99.000  -999
OBS: 589  57696.586     1.00   0.0000e+00   2.5228e+01   7.0127e-01   0  H  0.00  1   !  -9.99000e+02  -99.000  -99.000  -999
OBS: 589  57698.586     3.00   0.0000e+00   2.2638e+01   7.7579e-01   0  H  0.00  1   !  -9.99000e+02  -99.000  -99.000  -999
OBS: 589  57700.586     5.00   0.0000e+00   2.0231e+01   7.9768e-01   0  H  0.00  1   !  -9.99000e+02  -99.000  -99.000  -999
OBS: 589  57702.586     7.00   0.0000e+00   1.8326e+01   7.6631e-01   0  H  0.00  1   !  -9.99000e+02  -99.000  -99.000  -999
OBS: 589  57704.586     9.00   0.0000e+00   1.6603e+01   6.9018e-01   0  H  0.00  1   !  -9.99000e+02  -99.000  -99.000  -999
OBS: 589  57706.586    11.00   0.0000e+00   1.5101e+01   6.4626e-01   0  H  0.00  1   !  -9.99000e+02  -99.000  -99.000  -999
OBS: 589  57708.586    13.00   0.0000e+00   1.3893e+01   6.5757e-01   0  H  0.00  1   !  -9.99000e+02  -99.000  -99.000  -999
OBS: 589  57710.586    15.00   0.0000e+00   1.3058e+01   7.0097e-01   0  H  0.00  1   !  -9.99000e+02  -99.000  -99.000  -999
OBS: 589  57712.586    17.00   0.0000e+00   1.2631e+01   7.0898e-01   0  H  0.00  1   !  -9.99000e+02  -99.000  -99.000  -999
OBS: 589  57714.586    19.00   0.0000e+00   1.2683e+01   7.0579e-01   0  H  0.00  1   !  -9.99000e+02  -99.000  -99.000  -999
OBS: 589  57716.586    21.00   0.0000e+00   1.2952e+01   6.7348e-01   0  H  0.00  1   !  -9.99000e+02  -99.000  -99.000  -999
OBS: 589  57718.586    23.00   0.0000e+00   1.3362e+01   6.3987e-01   0  H  0.00  1   !  -9.99000e+02  -99.000  -99.000  -999
OBS: 589  57720.586    25.00   0.0000e+00   1.3987e+01   6.3866e-01   0  H  0.00  1   !  -9.99000e+02  -99.000  -99.000  -999
OBS: 589  57722.586    27.00   0.0000e+00   1.4784e+01   6.2998e-01   0  H  0.00  1   !  -9.99000e+02  -99.000  -99.000  -999
OBS: 589  57724.586    29.00   0.0000e+00   1.5825e+01   5.8072e-01   0  H  0.00  1   !  -9.99000e+02  -99.000  -99.000  -999
OBS: 589  57726.586    31.00   0.0000e+00   1.7094e+01   5.3531e-01   0  H  0.00  1   !  -9.99000e+02  -99.000  -99.000  -999
OBS: 589  57728.586    33.00   0.0000e+00   1.8413e+01   5.4419e-01   0  H  0.00  1   !  -9.99000e+02  -99.000  -99.000  -999
OBS: 589  57730.586    35.00   0.0000e+00   1.9630e+01   5.8917e-01   0  H  0.00  1   !  -9.99000e+02  -99.000  -99.000  -999
OBS: 589  57732.586    37.00   0.0000e+00   2.0862e+01   6.3434e-01   0  H  0.00  1   !  -9.99000e+02  -99.000  -99.000  -999
OBS: 589  57734.586    39.00   0.0000e+00   2.2095e+01   6.5379e-01   0  H  0.00  1   !  -9.99000e+02  -99.000  -99.000  -999
OBS: 589  57736.586    41.00   0.0000e+00   2.3375e+01   6.5624e-01   0  H  0.00  1   !  -9.99000e+02  -99.000  -99.000  -999
OBS: 589  57738.586    43.00   0.0000e+00   2.4727e+01   6.7100e-01   0  H  0.00  1   !  -9.99000e+02  -99.000  -99.000  -999
OBS: 589  57740.586    45.00   0.0000e+00   2.6077e+01   7.5071e-01   0  H  0.00  1   !  -9.99000e+02  -99.000  -99.000  -999
OBS: 589  57742.586    47.00   0.0000e+00   2.7284e+01   8.5985e-01   0  H  0.00  1   !  -9.99000e+02  -99.000  -99.000  -999
OBS: 589  57744.586    49.00   0.0000e+00   2.8133e+01   9.6018e-01   0  H  0.00  1   !  -9.99000e+02  -99.000  -99.000  -999
OBS: 589  57746.586    51.00   0.0000e+00   2.8630e+01   9.7447e-01   0  H  0.00  1   !  -9.99000e+02  -99.000  -99.000  -999
OBS: 589  57748.586    53.00   0.0000e+00   2.8720e+01   9.6765e-01   0  H  0.00  1   !  -9.99000e+02  -99.000  -99.000  -999
OBS: 589  57750.586    55.00   0.0000e+00   2.8366e+01   9.4885e-01   0  H  0.00  1   !  -9.99000e+02  -99.000  -99.000  -999
OBS: 589  57752.586    57.00   0.0000e+00   2.7598e+01   1.0019e+00   0  H  0.00  1   !  -9.99000e+02  -99.000  -99.000  -999
OBS: 589  57754.586    59.00   0.0000e+00   2.6363e+01   1.0586e+00   0  H  0.00  1   !  -9.99000e+02  -99.000  -99.000  -999
OBS: 589  57756.586    61.00   0.0000e+00   2.4785e+01   1.0467e+00   0  H  0.00  1   !  -9.99000e+02  -99.000  -99.000  -999
OBS: 589  57758.586    63.00   0.0000e+00   2.3010e+01   9.3959e-01   0  H  0.00  1   !  -9.99000e+02  -99.000  -99.000  -999
OBS: 589  57760.586    65.00   0.0000e+00   2.1265e+01   7.9334e-01   0  H  0.00  1   !  -9.99000e+02  -99.000  -99.000  -999
OBS: 589  57762.586    67.00   0.0000e+00   1.9763e+01   6.6286e-01   0  H  0.00  1   !  -9.99000e+02  -99.000  -99.000  -999
OBS: 589  57764.586    69.00   0.0000e+00   1.8644e+01   5.7087e-01   0  H  0.00  1   !  -9.99000e+02  -99.000  -99.000  -999
OBS: 589  57766.586    71.00   0.0000e+00   1.7763e+01   5.1326e-01   0  H  0.00  1   !  -9.99000e+02  -99.000  -99.000  -999
OBS: 589  57768.586    73.00   0.0000e+00   1.6976e+01   1.0218e+01   0  H  0.00  1   !  -9.99000e+02  -99.000  -99.000  -999
OBS: 589  57770.586    75.00   0.0000e+00   1.6119e+01   9.7023e+00   0  H  0.00  1   !  -9.99000e+02  -99.000  -99.000  -999
OBS: 589  57772.586    77.00   0.0000e+00   1.5059e+01   9.0641e+00   0  H  0.00  1   !  -9.99000e+02  -99.000  -99.000  -999
OBS: 589  57774.586    79.00   0.0000e+00   1.3879e+01   8.3537e+00   0  H  0.00  1   !  -9.99000e+02  -99.000  -99.000  -999
OBS: 589  57776.586    81.00   0.0000e+00   1.2712e+01   7.6513e+00   0  H  0.00  1   !  -9.99000e+02  -99.000  -99.000  -999
OBS: 589  57778.586    83.00   0.0000e+00   1.1605e+01   6.9851e+00   0  H  0.00  1   !  -9.99000e+02  -99.000  -99.000  -999
OBS: 589  57780.586    85.00   0.0000e+00   1.0599e+01   6.3798e+00   0  H  0.00  1   !  -9.99000e+02  -99.000  -99.000  -999
OBS: 589  57782.586    87.00   0.0000e+00   9.2220e+00   5.5508e+00   0  H  0.00  1   !  -9.99000e+02  -99.000  -99.000  -999
OBS: 589  57784.586    89.00   0.0000e+00   7.9288e+00   4.7724e+00   0  H  0.00  1   !  -9.99000e+02  -99.000  -99.000  -999
OBS: 589  57786.586    91.00   0.0000e+00   6.8539e+00   4.1254e+00   0  H  0.00  1   !  -9.99000e+02  -99.000  -99.000  -999
OBS: 589  57788.586    93.00   0.0000e+00   5.9572e+00   3.5857e+00   0  H  0.00  1   !  -9.99000e+02  -99.000  -99.000  -999
OBS: 589  57790.586    95.00   0.0000e+00   5.2441e+00   3.1565e+00   0  H  0.00  1   !  -9.99000e+02  -99.000  -99.000  -999
OBS: 589  57792.586    97.00   0.0000e+00   4.6587e+00   2.8041e+00   0  H  0.00  1   !  -9.99000e+02  -99.000  -99.000  -999
OBS: 589  57794.586    99.00   0.0000e+00   4.1750e+00   2.5130e+00   0  H  0.00  1   !  -9.99000e+02  -99.000  -99.000  -999
OBS: 589  57796.586   101.00   0.0000e+00   3.7485e+00   2.2562e+00   0  H  0.00  1   !  -9.99000e+02  -99.000  -99.000  -999
OBS: 589  57798.586   103.00   0.0000e+00   3.3558e+00   2.0199e+00   0  H  0.00  1   !  -9.99000e+02  -99.000  -99.000  -999
OBS: 589  57800.586   105.00   0.0000e+00   2.9927e+00   1.8013e+00   0  H  0.00  1   !  -9.99000e+02  -99.000  -99.000  -999
OBS: 589  57802.586   107.00   0.0000e+00   2.6961e+00   1.6228e+00   0  H  0.00  1   !  -9.99000e+02  -99.000  -99.000  -999
OBS: 589  57804.586   109.00   0.0000e+00   2.4391e+00   1.4681e+00   0  H  0.00  1   !  -9.99000e+02  -99.000  -99.000  -999
OBS: 589  57806.586   111.00   0.0000e+00   2.2059e+00   1.3278e+00   0  H  0.00  1   !  -9.99000e+02  -99.000  -99.000  -999
OBS: 589  57808.586   113.00   0.0000e+00   1.9941e+00   1.2003e+00   0  H  0.00  1   !  -9.99000e+02  -99.000  -99.000  -999
OBS: 589  57810.586   115.00   0.0000e+00   1.8019e+00   1.0846e+00   0  H  0.00  1   !  -9.99000e+02  -99.000  -99.000  -999
OBS: 589  57812.586   117.00   0.0000e+00   1.6273e+00   9.7952e-01   0  H  0.00  1   !  -9.99000e+02  -99.000  -99.000  -999
OBS: 589  57814.586   119.00   0.0000e+00   1.4687e+00   8.8405e-01   0  H  0.00  1   !  -9.99000e+02  -99.000  -99.000  -999
OBS: 589  57816.586   121.00   0.0000e+00   1.3246e+00   7.9727e-01   0  H  0.00  1   !  -9.99000e+02  -99.000  -99.000  -999
OBS: 589  57818.586   123.00   0.0000e+00   1.1986e+00   7.2144e-01   0  H  0.00  1   !  -9.99000e+02  -99.000  -99.000  -999
OBS: 589  57820.586   125.00   0.0000e+00   1.0851e+00   6.5315e-01   0  H  0.00  1   !  -9.99000e+02  -99.000  -99.000  -999
OBS: 589  57822.586   127.00   0.0000e+00   9.8241e-01   5.9132e-01   0  H  0.00  1   !  -9.99000e+02  -99.000  -99.000  -999
OBS: 589  57824.586   129.00   0.0000e+00   8.8942e-01   5.3535e-01   0  H  0.00  1   !  -9.99000e+02  -99.000  -99.000  -999
OBS: 589  57826.586   131.00   0.0000e+00   8.0523e-01   4.8468e-01   0  H  0.00  1   !  -9.99000e+02  -99.000  -99.000  -999
OBS: 589  57828.586   133.00   0.0000e+00   7.2901e-01   4.3880e-01   0  H  0.00  1   !  -9.99000e+02  -99.000  -99.000  -999
OBS: 589  57830.586   135.00   0.0000e+00   6.6000e-01   3.9726e-01   0  H  0.00  1   !  -9.99000e+02  -99.000  -99.000  -999
OBS: 589  57832.586   137.00   0.0000e+00   5.9753e-01   3.5966e-01   0  H  0.00  1   !  -9.99000e+02  -99.000  -99.000  -999
OBS: 589  57834.586   139.00   0.0000e+00   5.4096e-01   3.2561e-01   0  H  0.00  1   !  -9.99000e+02  -99.000  -99.000  -999
