VARNAMES: CID MJD Tobs SIM_FLUXCAL FLUXCAL FLUXCAL_ERR DATAFLAG BAND CHI2 IFIT BAND_REST FLUX_REST KCOR AVWARP SIM_FLUX_REST 
OBS: 418  57707.594    13.30   4.1950e+01   4.2150e+01   4.3875e-01   1  J  0.05  1   Y  1.09640e+18  -0.365  -1.523  1.00000e+11
OBS: 418  57712.715    18.43   4.2306e+01   4.2442e+01   4.3981e-01   1  J  0.06  1   Y  1.17042e+18  -0.302  -0.938  1.00000e+11
OBS: 418  57719.605    25.32   5.2328e+01   5.2673e+01   4.7539e-01   1  J  0.04  1   Y  1.49206e+18  -0.272  -0.721  1.00000e+11
OBS: 418  57635.289   -59.00   0.0000e+00   0.0000e+00   0.0000e+00   0  J  0.00  1   !  -9.99000e+02  -99.000  -99.000  -999
OBS: 418  57637.289   -57.00   0.0000e+00   0.0000e+00   0.0000e+00   0  J  0.00  1   !  -9.99000e+02  -99.000  -99.000  -999
OBS: 418  57639.289   -55.00   0.0000e+00   0.0000e+00   0.0000e+00   0  J  0.00  1   !  -9.99000e+02  -99.000  -99.000  -999
OBS: 418  57641.289   -53.00   0.0000e+00   0.0000e+00   0.0000e+00   0  J  0.00  1   !  -9.99000e+02  -99.000  -99.000  -999
OBS: 418  57643.289   -51.00   0.0000e+00   0.0000e+00   0.0000e+00   0  J  0.00  1   !  -9.99000e+02  -99.000  -99.000  -999
OBS: 418  57645.289   -49.00   0.0000e+00   0.0000e+00   0.0000e+00   0  J  0.00  1   !  -9.99000e+02  -99.000  -99.000  -999
OBS: 418  57647.289   -47.00   0.0000e+00   0.0000e+00   0.0000e+00   0  J  0.00  1   !  -9.99000e+02  -99.000  -99.000  -999
OBS: 418  57649.289   -45.00   0.0000e+00   0.0000e+00   0.0000e+00   0  J  0.00  1   !  -9.99000e+02  -99.000  -99.000  -999
OBS: 418  57651.289   -43.00   0.0000e+00   0.0000e+00   0.0000e+00   0  J  0.00  1   !  -9.99000e+02  -99.000  -99.000  -999
OBS: 418  57653.289   -41.00   0.0000e+00   0.0000e+00   0.0000e+00   0  J  0.00  1   !  -9.99000e+02  -99.000  -99.000  -999
OBS: 418  57655.289   -39.00   0.0000e+00   0.0000e+00   0.0000e+00   0  J  0.00  1   !  -9.99000e+02  -99.000  -99.000  -999
OBS: 418  57657.289   -37.00   0.0000e+00   0.0000e+00   0.0000e+00   0  J  0.00  1   !  -9.99000e+02  -99.000  -99.000  -999
OBS: 418  57659.289   -35.00   0.0000e+00   0.0000e+00   0.0000e+00   0  J  0.00  1   !  -9.99000e+02  -99.000  -99.000  -999
OBS: 418  57661.289   -33.00   0.0000e+00   0.0000e+00   0.0000e+00   0  J  0.00  1   !  -9.99000e+02  -99.000  -99.000  -999
OBS: 418  57663.289   -31.00   0.0000e+00   0.0000e+00   0.0000e+00   0  J  0.00  1   !  -9.99000e+02  -99.000  -99.000  -999
OBS: 418  57665.289   -29.00   0.0000e+00   0.0000e+00   0.0000e+00   0  J  0.00  1   !  -9.99000e+02  -99.000  -99.000  -999
OBS: 418  57667.289   -27.00   0.0000e+00   5.9586e+00   3.5866e+00   0  J  0.00  1   !  -9.99000e+02  -99.000  -99.000  -999
OBS: 418  57669.289   -25.00   0.0000e+00   4.7610e+00   2.8657e+00   0  J  0.00  1   !  -9.99000e+02  -99.000  -99.000  -999
OBS: 418  57671.289   -23.00   0.0000e+00   4.7292e+00   2.8466e+00   0  J  0.00  1   !  -9.99000e+02  -99.000  -99.000  -999
OBS: 418  57673.289   -21.00   0.0000e+00   4.7228e+00   2.8427e+00   0  J  0.00  1   !  -9.99000e+02  -99.000  -99.000  -999
OBS: 418  57675.289   -19.00   0.0000e+00   1.2513e+01   2.5183e+00   0  J  0.00  1   !  -9.99000e+02  -99.000  -99.000  -999
OBS: 418  57677.289   -17.00   0.0000e+00   2.4246e+01   1.8678e+00   0  J  0.00  1   !  -9.99000e+02  -99.000  -99.000  -999
OBS: 418  57679.289   -15.00   0.0000e+00   3.6448e+01   1.4458e+00   0  J  0.00  1   !  -9.99000e+02  -99.000  -99.000  -999
OBS: 418  57681.289   -13.00   0.0000e+00   4.6730e+01   1.4905e+00   0  J  0.00  1   !  -9.99000e+02  -99.000  -99.000  -999
OBS: 418  57683.289   -11.00   0.0000e+00   5.6507e+01   1.4618e+00   0  J  0.00  1   !  -9.99000e+02  -99.000  -99.000  -999
OBS: 418  57685.289    -9.00   0.0000e+00   6.4867e+01   1.3707e+00   0  J  0.00  1   !  -9.99000e+02  -99.000  -99.000  -999
OBS: 418  57687.289    -7.00   0.0000e+00   7.0738e+01   1.3590e+00   0  J  0.00  1   !  -9.99000e+02  -99.000  -99.000  -999
OBS: 418  57689.289    -5.00   0.0000e+00   7.2908e+01   1.4253e+00   0  J  0.00  1   !  -9.99000e+02  -99.000  -99.000  -999
OBS: 418  57691.289    -3.00   0.0000e+00   7.1102e+01   1.5152e+00   0  J  0.00  1   !  -9.99000e+02  -99.000  -99.000  -999
OBS: 418  57693.289    -1.00   0.0000e+00   6.7084e+01   1.6236e+00   0  J  0.00  1   !  -9.99000e+02  -99.000  -99.000  -999
OBS: 418  57695.289     1.00   0.0000e+00   6.2098e+01   1.7319e+00   0  J  0.00  1   !  -9.99000e+02  -99.000  -99.000  -999
OBS: 418  57697.289     3.00   0.0000e+00   5.7273e+01   1.8869e+00   0  J  0.00  1   !  -9.99000e+02  -99.000  -99.000  -999
OBS: 418  57699.289     5.00   0.0000e+00   5.3162e+01   2.0254e+00   0  J  0.00  1   !  -9.99000e+02  -99.000  -99.000  -999
OBS: 418  57701.289     7.00   0.0000e+00   5.0071e+01   2.0485e+00   0  J  0.00  1   !  -9.99000e+02  -99.000  -99.000  -999
OBS: 418  57703.289     9.00   0.0000e+00   4.7032e+01   2.0192e+00   0  J  0.00  1   !  -9.99000e+02  -99.000  -99.000  -999
OBS: 418  57705.289    11.00   0.0000e+00   4.4413e+01   2.0028e+00   0  J  0.00  1   !  -9.99000e+02  -99.000  -99.000  -999
OBS: 418  57707.289    13.00   0.0000e+00   4.2773e+01   2.0366e+00   0  J  0.00  1   !  -9.99000e+02  -99.000  -99.000  -999
OBS: 418  57709.289    15.00   0.0000e+00   4.2202e+01   2.1157e+00   0  J  0.00  1   !  -9.99000e+02  -99.000  -99.000  -999
OBS: 418  57711.289    17.00   0.0000e+00   4.2405e+01   2.0964e+00   0  J  0.00  1   !  -9.99000e+02  -99.000  -99.000  -999
OBS: 418  57713.289    19.00   0.0000e+00   4.3237e+01   2.0092e+00   0  J  0.00  1   !  -9.99000e+02  -99.000  -99.000  -999
OBS: 418  57715.289    21.00   0.0000e+00   4.6019e+01   1.9804e+00   0  J  0.00  1   !  -9.99000e+02  -99.000  -99.000  -999
OBS: 418  57717.289    23.00   0.0000e+00   4.9497e+01   2.0053e+00   0  J  0.00  1   !  -9.99000e+02  -99.000  -99.000  -999
OBS: 418  57719.289    25.00   0.0000e+00   5.2619e+01   2.0573e+00   0  J  0.00  1   !  -9.99000e+02  -99.000  -99.000  -999
OBS: 418  57721.289    27.00   0.0000e+00   5.5190e+01   2.1239e+00   0  J  0.00  1   !  -9.99000e+02  -99.000  -99.000  -999
OBS: 418  57723.289    29.00   0.0000e+00   5.5895e+01   2.1510e+00   0  J  0.00  1   !  -9.99000e+02  -99.000  -99.000  -999
OBS: 418  57725.289    31.00   0.0000e+00   5.6529e+01   2.1754e+00   0  J  0.00  1   !  -9.99000e+02  -99.000  -99.000  -999
OBS: 418  57727.289    33.00   0.0000e+00   5.8972e+01   2.2021e+00   0  J  0.00  1   !  -9.99000e+02  -99.000  -99.000  -999
OBS: 418  57729.289    35.00   0.0000e+00   6.1744e+01   2.0996e+00   0  J  0.00  1   !  -9.99000e+02  -99.000  -99.000  -999
OBS: 418  57731.289    37.00   0.0000e+00   6.3394e+01   1.9455e+00   0  J  0.00  1   !  -9.99000e+02  -99.000  -99.000  -999
OBS: 418  57733.289    39.00   0.0000e+00   6.2465e+01   1.8184e+00   0  J  0.00  1   !  -9.99000e+02  -99.000  -99.000  -999
OBS: 418  57735.289    41.00   0.0000e+00   6.0142e+01   1.6762e+00   0  J  0.00  1   !  -9.99000e+02  -99.000  -99.000  -999
OBS: 418  57737.289    43.00   0.0000e+00   5.6575e+01   1.4791e+00   0  J  0.00  1   !  -9.99000e+02  -99.000  -99.000  -999
OBS: 418  57739.289    45.00   0.0000e+00   5.2617e+01   1.3345e+00   0  J  0.00  1   !  -9.99000e+02  -99.000  -99.000  -999
OBS: 418  57741.289    47.00   0.0000e+00   4.8179e+01   1.2760e+00   0  J  0.00  1   !  -9.99000e+02  -99.000  -99.000  -999
OBS: 418  57743.289    49.00   0.0000e+00   4.4263e+01   1.2583e+00   0  J  0.00  1   !  -9.99000e+02  -99.000  -99.000  -999
OBS: 418  57745.289    51.00   0.0000e+00   4.0863e+01   1.2529e+00   0  J  0.00  1   !  -9.99000e+02  -99.000  -99.000  -999
OBS: 418  57747.289    53.00   0.0000e+00   3.7217e+01   1.2018e+00   0  J  0.00  1   !  -9.99000e+02  -99.000  -99.000  -999
OBS: 418  57749.289    55.00   0.0000e+00   3.3564e+01   1.1966e+00   0  J  0.00  1   !  -9.99000e+02  -99.000  -99.000  -999
OBS: 418  57751.289    57.00   0.0000e+00   3.0196e+01   1.2770e+00   0  J  0.00  1   !  -9.99000e+02  -99.000  -99.000  -999
OBS: 418  57753.289    59.00   0.0000e+00   2.7302e+01   1.3682e+00   0  J  0.00  1   !  -9.99000e+02  -99.000  -99.000  -999
OBS: 418  57755.289    61.00   0.0000e+00   2.4886e+01   1.3719e+00   0  J  0.00  1   !  -9.99000e+02  -99.000  -99.000  -999
OBS: 418  57757.289    63.00   0.0000e+00   2.2717e+01   1.2928e+00   0  J  0.00  1   !  -9.99000e+02  -99.000  -99.000  -999
OBS: 418  57759.289    65.00   0.0000e+00   2.0782e+01   1.2224e+00   0  J  0.00  1   !  -9.99000e+02  -99.000  -99.000  -999
OBS: 418  57761.289    67.00   0.0000e+00   1.8971e+01   1.2152e+00   0  J  0.00  1   !  -9.99000e+02  -99.000  -99.000  -999
OBS: 418  57763.289    69.00   0.0000e+00   1.7197e+01   6.3991e+00   0  J  0.00  1   !  -9.99000e+02  -99.000  -99.000  -999
OBS: 418  57765.289    71.00   0.0000e+00   1.5506e+01   9.3330e+00   0  J  0.00  1   !  -9.99000e+02  -99.000  -99.000  -999
OBS: 418  57767.289    73.00   0.0000e+00   1.4175e+01   8.5322e+00   0  J  0.00  1   !  -9.99000e+02  -99.000  -99.000  -999
OBS: 418  57769.289    75.00   0.0000e+00   1.3398e+01   8.0642e+00   0  J  0.00  1   !  -9.99000e+02  -99.000  -99.000  -999
OBS: 418  57771.289    77.00   0.0000e+00   1.2659e+01   7.6194e+00   0  J  0.00  1   !  -9.99000e+02  -99.000  -99.000  -999
OBS: 418  57773.289    79.00   0.0000e+00   1.1973e+01   7.2066e+00   0  J  0.00  1   !  -9.99000e+02  -99.000  -99.000  -999
OBS: 418  57775.289    81.00   0.0000e+00   1.1384e+01   6.8524e+00   0  J  0.00  1   !  -9.99000e+02  -99.000  -99.000  -999
OBS: 418  57777.289    83.00   0.0000e+00   1.0491e+01   6.3145e+00   0  J  0.00  1   !  -9.99000e+02  -99.000  -99.000  -999
OBS: 418  57779.289    85.00   0.0000e+00   9.2249e+00   5.5526e+00   0  J  0.00  1   !  -9.99000e+02  -99.000  -99.000  -999
OBS: 418  57781.289    87.00   0.0000e+00   8.1368e+00   4.8976e+00   0  J  0.00  1   !  -9.99000e+02  -99.000  -99.000  -999
OBS: 418  57783.289    89.00   0.0000e+00   7.2432e+00   4.3598e+00   0  J  0.00  1   !  -9.99000e+02  -99.000  -99.000  -999
OBS: 418  57785.289    91.00   0.0000e+00   6.5321e+00   3.9318e+00   0  J  0.00  1   !  -9.99000e+02  -99.000  -99.000  -999
OBS: 418  57787.289    93.00   0.0000e+00   5.9735e+00   3.5955e+00   0  J  0.00  1   !  -9.99000e+02  -99.000  -99.000  -999
OBS: 418  57789.289    95.00   0.0000e+00   5.5473e+00   3.3390e+00   0  J  0.00  1   !  -9.99000e+02  -99.000  -99.000  -999
OBS: 418  57791.289    97.00   0.0000e+00   5.1991e+00   3.1294e+00   0  J  0.00  1   !  -9.99000e+02  -99.000  -99.000  -999
OBS: 418  57793.289    99.00   0.0000e+00   4.8940e+00   2.9457e+00   0  J  0.00  1   !  -9.99000e+02  -99.000  -99.000  -999
OBS: 418  57795.289   101.00   0.0000e+00   4.6276e+00   2.7854e+00   0  J  0.00  1   !  -9.99000e+02  -99.000  -99.000  -999
OBS: 418  57797.289   103.00   0.0000e+00   4.2979e+00   2.5870e+00   0  J  0.00  1   !  -9.99000e+02  -99.000  -99.000  -999
OBS: 418  57799.289   105.00   0.0000e+00   3.9857e+00   2.3990e+00   0  J  0.00  1   !  -9.99000e+02  -99.000  -99.000  -999
OBS: 418  57801.289   107.00   0.0000e+00   3.6992e+00   2.2266e+00   0  J  0.00  1   !  -9.99000e+02  -99.000  -99.000  -999
OBS: 418  57803.289   109.00   0.0000e+00   3.4376e+00   2.0691e+00   0  J  0.00  1   !  -9.99000e+02  -99.000  -99.000  -999
OBS: 418  57805.289   111.00   0.0000e+00   3.1972e+00   1.9244e+00   0  J  0.00  1   !  -9.99000e+02  -99.000  -99.000  -999
OBS: 418  57807.289   113.00   0.0000e+00   2.9787e+00   1.7929e+00   0  J  0.00  1   !  -9.99000e+02  -99.000  -99.000  -999
OBS: 418  57809.289   115.00   0.0000e+00   2.7785e+00   1.6724e+00   0  J  0.00  1   !  -9.99000e+02  -99.000  -99.000  -999
OBS: 418  57811.289   117.00   0.0000e+00   2.5822e+00   1.5543e+00   0  J  0.00  1   !  -9.99000e+02  -99.000  -99.000  -999
OBS: 418  57813.289   119.00   0.0000e+00   2.3739e+00   1.4288e+00   0  J  0.00  1   !  -9.99000e+02  -99.000  -99.000  -999
OBS: 418  57815.289   121.00   0.0000e+00   2.1818e+00   1.3133e+00   0  J  0.00  1   !  -9.99000e+02  -99.000  -99.000  -999
OBS: 418  57817.289   123.00   0.0000e+00   2.0052e+00   1.2070e+00   0  J  0.00  1   !  -9.99000e+02  -99.000  -99.000  -999
OBS: 418  57819.289   125.00   0.0000e+00   1.8432e+00   1.1094e+00   0  J  0.00  1   !  -9.99000e+02  -99.000  -99.000  -999
OBS: 418  57821.289   127.00   0.0000e+00   1.6943e+00   1.0198e+00   0  J  0.00  1   !  -9.99000e+02  -99.000  -99.000  -999
OBS: 418  57823.289   129.00   0.0000e+00   1.5573e+00   9.3737e-01   0  J  0.00  1   !  -9.99000e+02  -99.000  -99.000  -999
OBS: 418  57825.289   131.00   0.0000e+00   1.4315e+00   8.6161e-01   0  J  0.00  1   !  -9.99000e+02  -99.000  -99.000  -999
OBS: 418  57827.289   133.00   0.0000e+00   1.3157e+00   7.9196e-01   0  J  0.00  1   !  -9.99000e+02  -99.000  -99.000  -999
OBS: 418  57829.289   135.00   0.0000e+00   1.2094e+00   7.2796e-01   0  J  0.00  1   !  -9.99000e+02  -99.000  -99.000  -999
OBS: 418  57831.289   137.00   0.0000e+00   1.1116e+00   6.6911e-01   0  J  0.00  1   !  -9.99000e+02  -99.000  -99.000  -999
OBS: 418  57833.289   139.00   0.0000e+00   1.0218e+00   6.1502e-01   0  J  0.00  1   !  -9.99000e+02  -99.000  -99.000  -999
OBS: 418  57707.590    13.30   1.7476e+01   1.8146e+01   4.3840e-01   1  H  0.58  1   J  8.16501e+17  0.230  0.195  1.00000e+11
OBS: 418  57712.711    18.42   1.6043e+01   1.5325e+01   4.2489e-01   1  H  0.16  1   J  5.37188e+17  -0.041  -0.964  1.00000e+11
OBS: 418  57719.602    25.31   1.9249e+01   2.0187e+01   4.4792e-01   1  H  0.38  1   J  6.22393e+17  -0.180  -0.938  1.00000e+11
OBS: 418  57635.289   -59.00   0.0000e+00   0.0000e+00   0.0000e+00   0  H  0.00  1   !  -9.99000e+02  -99.000  -99.000  -999
OBS: 418  57637.289   -57.00   0.0000e+00   0.0000e+00   0.0000e+00   0  H  0.00  1   !  -9.99000e+02  -99.000  -99.000  -999
OBS: 418  57639.289   -55.00   0.0000e+00   0.0000e+00   0.0000e+00   0  H  0.00  1   !  -9.99000e+02  -99.000  -99.000  -999
OBS: 418  57641.289   -53.00   0.0000e+00   0.0000e+00   0.0000e+00   0  H  0.00  1   !  -9.99000e+02  -99.000  -99.000  -999
OBS: 418  57643.289   -51.00   0.0000e+00   0.0000e+00   0.0000e+00   0  H  0.00  1   !  -9.99000e+02  -99.000  -99.000  -999
OBS: 418  57645.289   -49.00   0.0000e+00   0.0000e+00   0.0000e+00   0  H  0.00  1   !  -9.99000e+02  -99.000  -99.000  -999
OBS: 418  57647.289   -47.00   0.0000e+00   0.0000e+00   0.0000e+00   0  H  0.00  1   !  -9.99000e+02  -99.000  -99.000  -999
OBS: 418  57649.289   -45.00   0.0000e+00   0.0000e+00   0.0000e+00   0  H  0.00  1   !  -9.99000e+02  -99.000  -99.000  -999
OBS: 418  57651.289   -43.00   0.0000e+00   0.0000e+00   0.0000e+00   0  H  0.00  1   !  -9.99000e+02  -99.000  -99.000  -999
OBS: 418  57653.289   -41.00   0.0000e+00   0.0000e+00   0.0000e+00   0  H  0.00  1   !  -9.99000e+02  -99.000  -99.000  -999
OBS: 418  57655.289   -39.00   0.0000e+00   0.0000e+00   0.0000e+00   0  H  0.00  1   !  -9.99000e+02  -99.000  -99.000  -999
OBS: 418  57657.289   -37.00   0.0000e+00   0.0000e+00   0.0000e+00   0  H  0.00  1   !  -9.99000e+02  -99.000  -99.000  -999
OBS: 418  57659.289   -35.00   0.0000e+00   0.0000e+00   0.0000e+00   0  H  0.00  1   !  -9.99000e+02  -99.000  -99.000  -999
OBS: 418  57661.289   -33.00   0.0000e+00   0.0000e+00   0.0000e+00   0  H  0.00  1   !  -9.99000e+02  -99.000  -99.000  -999
OBS: 418  57663.289   -31.00   0.0000e+00   0.0000e+00   0.0000e+00   0  H  0.00  1   !  -9.99000e+02  -99.000  -99.000  -999
OBS: 418  57665.289   -29.00   0.0000e+00   0.0000e+00   0.0000e+00   0  H  0.00  1   !  -9.99000e+02  -99.000  -99.000  -999
OBS: 418  57667.289   -27.00   0.0000e+00   4.0597e+00   2.4436e+00   0  H  0.00  1   !  -9.99000e+02  -99.000  -99.000  -999
OBS: 418  57669.289   -25.00   0.0000e+00   6.1151e+00   3.6807e+00   0  H  0.00  1   !  -9.99000e+02  -99.000  -99.000  -999
OBS: 418  57671.289   -23.00   0.0000e+00   6.3281e+00   3.8090e+00   0  H  0.00  1   !  -9.99000e+02  -99.000  -99.000  -999
OBS: 418  57673.289   -21.00   0.0000e+00   6.3307e+00   3.8105e+00   0  H  0.00  1   !  -9.99000e+02  -99.000  -99.000  -999
OBS: 418  57675.289   -19.00   0.0000e+00   1.2187e+01   3.0208e+00   0  H  0.00  1   !  -9.99000e+02  -99.000  -99.000  -999
OBS: 418  57677.289   -17.00   0.0000e+00   2.0597e+01   1.7222e+00   0  H  0.00  1   !  -9.99000e+02  -99.000  -99.000  -999
OBS: 418  57679.289   -15.00   0.0000e+00   2.9447e+01   1.0690e+00   0  H  0.00  1   !  -9.99000e+02  -99.000  -99.000  -999
OBS: 418  57681.289   -13.00   0.0000e+00   3.6742e+01   1.1495e+00   0  H  0.00  1   !  -9.99000e+02  -99.000  -99.000  -999
OBS: 418  57683.289   -11.00   0.0000e+00   4.2843e+01   1.0392e+00   0  H  0.00  1   !  -9.99000e+02  -99.000  -99.000  -999
OBS: 418  57685.289    -9.00   0.0000e+00   4.6613e+01   8.1485e-01   0  H  0.00  1   !  -9.99000e+02  -99.000  -99.000  -999
OBS: 418  57687.289    -7.00   0.0000e+00   4.8647e+01   7.3354e-01   0  H  0.00  1   !  -9.99000e+02  -99.000  -99.000  -999
OBS: 418  57689.289    -5.00   0.0000e+00   4.8151e+01   7.6922e-01   0  H  0.00  1   !  -9.99000e+02  -99.000  -99.000  -999
OBS: 418  57691.289    -3.00   0.0000e+00   4.5774e+01   8.1020e-01   0  H  0.00  1   !  -9.99000e+02  -99.000  -99.000  -999
OBS: 418  57693.289    -1.00   0.0000e+00   4.2485e+01   8.0718e-01   0  H  0.00  1   !  -9.99000e+02  -99.000  -99.000  -999
OBS: 418  57695.289     1.00   0.0000e+00   3.8196e+01   7.7033e-01   0  H  0.00  1   !  -9.99000e+02  -99.000  -99.000  -999
OBS: 418  57697.289     3.00   0.0000e+00   3.3707e+01   7.5808e-01   0  H  0.00  1   !  -9.99000e+02  -99.000  -99.000  -999
OBS: 418  57699.289     5.00   0.0000e+00   2.9607e+01   7.6727e-01   0  H  0.00  1   !  -9.99000e+02  -99.000  -99.000  -999
OBS: 418  57701.289     7.00   0.0000e+00   2.6225e+01   7.5262e-01   0  H  0.00  1   !  -9.99000e+02  -99.000  -99.000  -999
OBS: 418  57703.289     9.00   0.0000e+00   2.2853e+01   7.7797e-01   0  H  0.00  1   !  -9.99000e+02  -99.000  -99.000  -999
OBS: 418  57705.289    11.00   0.0000e+00   1.9852e+01   8.4213e-01   0  H  0.00  1   !  -9.99000e+02  -99.000  -99.000  -999
OBS: 418  57707.289    13.00   0.0000e+00   1.7591e+01   9.7183e-01   0  H  0.00  1   !  -9.99000e+02  -99.000  -99.000  -999
OBS: 418  57709.289    15.00   0.0000e+00   1.6131e+01   1.1702e+00   0  H  0.00  1   !  -9.99000e+02  -99.000  -99.000  -999
OBS: 418  57711.289    17.00   0.0000e+00   1.5746e+01   1.3286e+00   0  H  0.00  1   !  -9.99000e+02  -99.000  -99.000  -999
OBS: 418  57713.289    19.00   0.0000e+00   1.6042e+01   1.3992e+00   0  H  0.00  1   !  -9.99000e+02  -99.000  -99.000  -999
OBS: 418  57715.289    21.00   0.0000e+00   1.6645e+01   1.4398e+00   0  H  0.00  1   !  -9.99000e+02  -99.000  -99.000  -999
OBS: 418  57717.289    23.00   0.0000e+00   1.7591e+01   1.5767e+00   0  H  0.00  1   !  -9.99000e+02  -99.000  -99.000  -999
OBS: 418  57719.289    25.00   0.0000e+00   1.8880e+01   1.7054e+00   0  H  0.00  1   !  -9.99000e+02  -99.000  -99.000  -999
OBS: 418  57721.289    27.00   0.0000e+00   2.0462e+01   1.6465e+00   0  H  0.00  1   !  -9.99000e+02  -99.000  -99.000  -999
OBS: 418  57723.289    29.00   0.0000e+00   2.2677e+01   1.7038e+00   0  H  0.00  1   !  -9.99000e+02  -99.000  -99.000  -999
OBS: 418  57725.289    31.00   0.0000e+00   2.5304e+01   1.8893e+00   0  H  0.00  1   !  -9.99000e+02  -99.000  -99.000  -999
OBS: 418  57727.289    33.00   0.0000e+00   2.7484e+01   1.9234e+00   0  H  0.00  1   !  -9.99000e+02  -99.000  -99.000  -999
OBS: 418  57729.289    35.00   0.0000e+00   2.9331e+01   1.8605e+00   0  H  0.00  1   !  -9.99000e+02  -99.000  -99.000  -999
OBS: 418  57731.289    37.00   0.0000e+00   3.0786e+01   1.9865e+00   0  H  0.00  1   !  -9.99000e+02  -99.000  -99.000  -999
OBS: 418  57733.289    39.00   0.0000e+00   3.1694e+01   2.0865e+00   0  H  0.00  1   !  -9.99000e+02  -99.000  -99.000  -999
OBS: 418  57735.289    41.00   0.0000e+00   3.2206e+01   1.9774e+00   0  H  0.00  1   !  -9.99000e+02  -99.000  -99.000  -999
OBS: 418  57737.289    43.00   0.0000e+00   3.2487e+01   1.8450e+00   0  H  0.00  1   !  -9.99000e+02  -99.000  -99.000  -999
OBS: 418  57739.289    45.00   0.0000e+00   3.2765e+01   1.8553e+00   0  H  0.00  1   !  -9.99000e+02  -99.000  -99.000  -999
OBS: 418  57741.289    47.00   0.0000e+00   3.2343e+01   1.8754e+00   0  H  0.00  1   !  -9.99000e+02  -99.000  -99.000  -999
OBS: 418  57743.289    49.00   0.0000e+00   3.0970e+01   2.1496e+00   0  H  0.00  1   !  -9.99000e+02  -99.000  -99.000  -999
OBS: 418  57745.289    51.00   0.0000e+00   2.8576e+01   2.5867e+00   0  H  0.00  1   !  -9.99000e+02  -99.000  -99.000  -999
OBS: 418  57747.289    53.00   0.0000e+00   2.5730e+01   2.6861e+00   0  H  0.00  1   !  -9.99000e+02  -99.000  -99.000  -999
OBS: 418  57749.289    55.00   0.0000e+00   2.2801e+01   2.5507e+00   0  H  0.00  1   !  -9.99000e+02  -99.000  -99.000  -999
OBS: 418  57751.289    57.00   0.0000e+00   2.0121e+01   2.5237e+00   0  H  0.00  1   !  -9.99000e+02  -99.000  -99.000  -999
OBS: 418  57753.289    59.00   0.0000e+00   1.8088e+01   2.7761e+00   0  H  0.00  1   !  -9.99000e+02  -99.000  -99.000  -999
OBS: 418  57755.289    61.00   0.0000e+00   1.6786e+01   3.0318e+00   0  H  0.00  1   !  -9.99000e+02  -99.000  -99.000  -999
OBS: 418  57757.289    63.00   0.0000e+00   1.5816e+01   3.0826e+00   0  H  0.00  1   !  -9.99000e+02  -99.000  -99.000  -999
OBS: 418  57759.289    65.00   0.0000e+00   1.4832e+01   3.3503e+00   0  H  0.00  1   !  -9.99000e+02  -99.000  -99.000  -999
OBS: 418  57761.289    67.00   0.0000e+00   1.3770e+01   3.8581e+00   0  H  0.00  1   !  -9.99000e+02  -99.000  -99.000  -999
OBS: 418  57763.289    69.00   0.0000e+00   1.2718e+01   5.9433e+00   0  H  0.00  1   !  -9.99000e+02  -99.000  -99.000  -999
OBS: 418  57765.289    71.00   0.0000e+00   1.1795e+01   7.0995e+00   0  H  0.00  1   !  -9.99000e+02  -99.000  -99.000  -999
OBS: 418  57767.289    73.00   0.0000e+00   1.0944e+01   6.5876e+00   0  H  0.00  1   !  -9.99000e+02  -99.000  -99.000  -999
OBS: 418  57769.289    75.00   0.0000e+00   9.9912e+00   6.0138e+00   0  H  0.00  1   !  -9.99000e+02  -99.000  -99.000  -999
OBS: 418  57771.289    77.00   0.0000e+00   9.1107e+00   5.4838e+00   0  H  0.00  1   !  -9.99000e+02  -99.000  -99.000  -999
OBS: 418  57773.289    79.00   0.0000e+00   8.2948e+00   4.9927e+00   0  H  0.00  1   !  -9.99000e+02  -99.000  -99.000  -999
OBS: 418  57775.289    81.00   0.0000e+00   7.6108e+00   4.5810e+00   0  H  0.00  1   !  -9.99000e+02  -99.000  -99.000  -999
OBS: 418  57777.289    83.00   0.0000e+00   6.6780e+00   4.0196e+00   0  H  0.00  1   !  -9.99000e+02  -99.000  -99.000  -999
OBS: 418  57779.289    85.00   0.0000e+00   5.5985e+00   3.3698e+00   0  H  0.00  1   !  -9.99000e+02  -99.000  -99.000  -999
OBS: 418  57781.289    87.00   0.0000e+00   4.8010e+00   2.8898e+00   0  H  0.00  1   !  -9.99000e+02  -99.000  -99.000  -999
OBS: 418  57783.289    89.00   0.0000e+00   4.1944e+00   2.5246e+00   0  H  0.00  1   !  -9.99000e+02  -99.000  -99.000  -999
OBS: 418  57785.289    91.00   0.0000e+00   3.7124e+00   2.2345e+00   0  H  0.00  1   !  -9.99000e+02  -99.000  -99.000  -999
OBS: 418  57787.289    93.00   0.0000e+00   3.3051e+00   1.9893e+00   0  H  0.00  1   !  -9.99000e+02  -99.000  -99.000  -999
OBS: 418  57789.289    95.00   0.0000e+00   2.9486e+00   1.7748e+00   0  H  0.00  1   !  -9.99000e+02  -99.000  -99.000  -999
OBS: 418  57791.289    97.00   0.0000e+00   2.6211e+00   1.5776e+00   0  H  0.00  1   !  -9.99000e+02  -99.000  -99.000  -999
OBS: 418  57793.289    99.00   0.0000e+00   2.3051e+00   1.3875e+00   0  H  0.00  1   !  -9.99000e+02  -99.000  -99.000  -999
OBS: 418  57795.289   101.00   0.0000e+00   2.0030e+00   1.2056e+00   0  H  0.00  1   !  -9.99000e+02  -99.000  -99.000  -999
OBS: 418  57797.289   103.00   0.0000e+00   1.8203e+00   1.0957e+00   0  H  0.00  1   !  -9.99000e+02  -99.000  -99.000  -999
OBS: 418  57799.289   105.00   0.0000e+00   1.6621e+00   1.0004e+00   0  H  0.00  1   !  -9.99000e+02  -99.000  -99.000  -999
OBS: 418  57801.289   107.00   0.0000e+00   1.5175e+00   9.1337e-01   0  H  0.00  1   !  -9.99000e+02  -99.000  -99.000  -999
OBS: 418  57803.289   109.00   0.0000e+00   1.3847e+00   8.3348e-01   0  H  0.00  1   !  -9.99000e+02  -99.000  -99.000  -999
OBS: 418  57805.289   111.00   0.0000e+00   1.2630e+00   7.6019e-01   0  H  0.00  1   !  -9.99000e+02  -99.000  -99.000  -999
OBS: 418  57807.289   113.00   0.0000e+00   1.1517e+00   6.9319e-01   0  H  0.00  1   !  -9.99000e+02  -99.000  -99.000  -999
OBS: 418  57809.289   115.00   0.0000e+00   1.0494e+00   6.3167e-01   0  H  0.00  1   !  -9.99000e+02  -99.000  -99.000  -999
OBS: 418  57811.289   117.00   0.0000e+00   9.5873e-01   5.7707e-01   0  H  0.00  1   !  -9.99000e+02  -99.000  -99.000  -999
OBS: 418  57813.289   119.00   0.0000e+00   8.7002e-01   5.2368e-01   0  H  0.00  1   !  -9.99000e+02  -99.000  -99.000  -999
OBS: 418  57815.289   121.00   0.0000e+00   7.8489e-01   4.7244e-01   0  H  0.00  1   !  -9.99000e+02  -99.000  -99.000  -999
OBS: 418  57817.289   123.00   0.0000e+00   7.0696e-01   4.2553e-01   0  H  0.00  1   !  -9.99000e+02  -99.000  -99.000  -999
OBS: 418  57819.289   125.00   0.0000e+00   6.3766e-01   3.8381e-01   0  H  0.00  1   !  -9.99000e+02  -99.000  -99.000  -999
OBS: 418  57821.289   127.00   0.0000e+00   5.7515e-01   3.4619e-01   0  H  0.00  1   !  -9.99000e+02  -99.000  -99.000  -999
OBS: 418  57823.289   129.00   0.0000e+00   5.1877e-01   3.1225e-01   0  H  0.00  1   !  -9.99000e+02  -99.000  -99.000  -999
OBS: 418  57825.289   131.00   0.0000e+00   4.6791e-01   2.8164e-01   0  H  0.00  1   !  -9.99000e+02  -99.000  -99.000  -999
OBS: 418  57827.289   133.00   0.0000e+00   4.2204e-01   2.5403e-01   0  H  0.00  1   !  -9.99000e+02  -99.000  -99.000  -999
OBS: 418  57829.289   135.00   0.0000e+00   3.8067e-01   2.2913e-01   0  H  0.00  1   !  -9.99000e+02  -99.000  -99.000  -999
OBS: 418  57831.289   137.00   0.0000e+00   3.4335e-01   2.0667e-01   0  H  0.00  1   !  -9.99000e+02  -99.000  -99.000  -999
OBS: 418  57833.289   139.00   0.0000e+00   3.0969e-01   1.8641e-01   0  H  0.00  1   !  -9.99000e+02  -99.000  -99.000  -999
