VARNAMES: CID MJD Tobs SIM_FLUXCAL FLUXCAL FLUXCAL_ERR DATAFLAG BAND CHI2 IFIT BAND_REST FLUX_REST KCOR AVWARP SIM_FLUX_REST 
OBS: 5  57707.594    13.30   3.8671e+01   3.8211e+01   4.2423e-01   1  J  0.08  1   Y  1.16101e+18  -0.378  -1.690  1.00000e+11
OBS: 5  57712.715    18.42   3.8638e+01   3.8871e+01   4.2669e-01   1  J  0.01  1   Y  1.25331e+18  -0.314  -1.091  1.00000e+11
OBS: 5  57719.605    25.31   4.5341e+01   4.6214e+01   4.5325e-01   1  J  0.17  1   Y  1.53332e+18  -0.283  -0.849  1.00000e+11
OBS: 5  57635.297   -59.00   0.0000e+00   0.0000e+00   0.0000e+00   0  J  0.00  1   !  -9.99000e+02  -99.000  -99.000  -999
OBS: 5  57637.297   -57.00   0.0000e+00   0.0000e+00   0.0000e+00   0  J  0.00  1   !  -9.99000e+02  -99.000  -99.000  -999
OBS: 5  57639.297   -55.00   0.0000e+00   0.0000e+00   0.0000e+00   0  J  0.00  1   !  -9.99000e+02  -99.000  -99.000  -999
OBS: 5  57641.297   -53.00   0.0000e+00   0.0000e+00   0.0000e+00   0  J  0.00  1   !  -9.99000e+02  -99.000  -99.000  -999
OBS: 5  57643.297   -51.00   0.0000e+00   0.0000e+00   0.0000e+00   0  J  0.00  1   !  -9.99000e+02  -99.000  -99.000  -999
OBS: 5  57645.297   -49.00   0.0000e+00   0.0000e+00   0.0000e+00   0  J  0.00  1   !  -9.99000e+02  -99.000  -99.000  -999
OBS: 5  57647.297   -47.00   0.0000e+00   0.0000e+00   0.0000e+00   0  J  0.00  1   !  -9.99000e+02  -99.000  -99.000  -999
OBS: 5  57649.297   -45.00   0.0000e+00   0.0000e+00   0.0000e+00   0  J  0.00  1   !  -9.99000e+02  -99.000  -99.000  -999
OBS: 5  57651.297   -43.00   0.0000e+00   0.0000e+00   0.0000e+00   0  J  0.00  1   !  -9.99000e+02  -99.000  -99.000  -999
OBS: 5  57653.297   -41.00   0.0000e+00   0.0000e+00   0.0000e+00   0  J  0.00  1   !  -9.99000e+02  -99.000  -99.000  -999
OBS: 5  57655.297   -39.00   0.0000e+00   0.0000e+00   0.0000e+00   0  J  0.00  1   !  -9.99000e+02  -99.000  -99.000  -999
OBS: 5  57657.297   -37.00   0.0000e+00   0.0000e+00   0.0000e+00   0  J  0.00  1   !  -9.99000e+02  -99.000  -99.000  -999
OBS: 5  57659.297   -35.00   0.0000e+00   0.0000e+00   0.0000e+00   0  J  0.00  1   !  -9.99000e+02  -99.000  -99.000  -999
OBS: 5  57661.297   -33.00   0.0000e+00   0.0000e+00   0.0000e+00   0  J  0.00  1   !  -9.99000e+02  -99.000  -99.000  -999
OBS: 5  57663.297   -31.00   0.0000e+00   0.0000e+00   0.0000e+00   0  J  0.00  1   !  -9.99000e+02  -99.000  -99.000  -999
OBS: 5  57665.297   -29.00   0.0000e+00   0.0000e+00   0.0000e+00   0  J  0.00  1   !  -9.99000e+02  -99.000  -99.000  -999
OBS: 5  57667.297   -27.00   0.0000e+00   7.3079e+00   4.3987e+00   0  J  0.00  1   !  -9.99000e+02  -99.000  -99.000  -999
OBS: 5  57669.297   -25.00   0.0000e+00   6.6836e+00   4.0229e+00   0  J  0.00  1   !  -9.99000e+02  -99.000  -99.000  -999
OBS: 5  57671.297   -23.00   0.0000e+00   6.7122e+00   4.0402e+00   0  J  0.00  1   !  -9.99000e+02  -99.000  -99.000  -999
OBS: 5  57673.297   -21.00   0.0000e+00   6.7020e+00   4.0340e+00   0  J  0.00  1   !  -9.99000e+02  -99.000  -99.000  -999
OBS: 5  57675.297   -19.00   0.0000e+00   1.4022e+01   2.4408e+00   0  J  0.00  1   !  -9.99000e+02  -99.000  -99.000  -999
OBS: 5  57677.297   -17.00   0.0000e+00   2.3865e+01   1.8210e+00   0  J  0.00  1   !  -9.99000e+02  -99.000  -99.000  -999
OBS: 5  57679.297   -15.00   0.0000e+00   3.4005e+01   1.5266e+00   0  J  0.00  1   !  -9.99000e+02  -99.000  -99.000  -999
OBS: 5  57681.297   -13.00   0.0000e+00   4.2354e+01   1.5984e+00   0  J  0.00  1   !  -9.99000e+02  -99.000  -99.000  -999
OBS: 5  57683.297   -11.00   0.0000e+00   5.0268e+01   1.5016e+00   0  J  0.00  1   !  -9.99000e+02  -99.000  -99.000  -999
OBS: 5  57685.297    -9.00   0.0000e+00   5.7005e+01   1.2715e+00   0  J  0.00  1   !  -9.99000e+02  -99.000  -99.000  -999
OBS: 5  57687.297    -7.00   0.0000e+00   6.1813e+01   1.2165e+00   0  J  0.00  1   !  -9.99000e+02  -99.000  -99.000  -999
OBS: 5  57689.297    -5.00   0.0000e+00   6.3631e+01   1.4016e+00   0  J  0.00  1   !  -9.99000e+02  -99.000  -99.000  -999
OBS: 5  57691.297    -3.00   0.0000e+00   6.2225e+01   1.5977e+00   0  J  0.00  1   !  -9.99000e+02  -99.000  -99.000  -999
OBS: 5  57693.297    -1.00   0.0000e+00   5.9065e+01   1.5955e+00   0  J  0.00  1   !  -9.99000e+02  -99.000  -99.000  -999
OBS: 5  57695.297     1.00   0.0000e+00   5.5159e+01   1.5241e+00   0  J  0.00  1   !  -9.99000e+02  -99.000  -99.000  -999
OBS: 5  57697.297     3.00   0.0000e+00   5.1403e+01   1.5110e+00   0  J  0.00  1   !  -9.99000e+02  -99.000  -99.000  -999
OBS: 5  57699.297     5.00   0.0000e+00   4.8154e+01   1.6554e+00   0  J  0.00  1   !  -9.99000e+02  -99.000  -99.000  -999
OBS: 5  57701.297     7.00   0.0000e+00   4.5584e+01   1.7919e+00   0  J  0.00  1   !  -9.99000e+02  -99.000  -99.000  -999
OBS: 5  57703.297     9.00   0.0000e+00   4.2880e+01   1.8701e+00   0  J  0.00  1   !  -9.99000e+02  -99.000  -99.000  -999
OBS: 5  57705.297    11.00   0.0000e+00   4.0465e+01   1.8913e+00   0  J  0.00  1   !  -9.99000e+02  -99.000  -99.000  -999
OBS: 5  57707.297    13.00   0.0000e+00   3.8895e+01   1.8000e+00   0  J  0.00  1   !  -9.99000e+02  -99.000  -99.000  -999
OBS: 5  57709.297    15.00   0.0000e+00   3.8313e+01   1.6929e+00   0  J  0.00  1   !  -9.99000e+02  -99.000  -99.000  -999
OBS: 5  57711.297    17.00   0.0000e+00   3.8366e+01   1.7418e+00   0  J  0.00  1   !  -9.99000e+02  -99.000  -99.000  -999
OBS: 5  57713.297    19.00   0.0000e+00   3.8892e+01   1.7233e+00   0  J  0.00  1   !  -9.99000e+02  -99.000  -99.000  -999
OBS: 5  57715.297    21.00   0.0000e+00   4.0965e+01   1.6897e+00   0  J  0.00  1   !  -9.99000e+02  -99.000  -99.000  -999
OBS: 5  57717.297    23.00   0.0000e+00   4.3338e+01   1.7642e+00   0  J  0.00  1   !  -9.99000e+02  -99.000  -99.000  -999
OBS: 5  57719.297    25.00   0.0000e+00   4.5147e+01   1.8234e+00   0  J  0.00  1   !  -9.99000e+02  -99.000  -99.000  -999
OBS: 5  57721.297    27.00   0.0000e+00   4.6436e+01   1.9917e+00   0  J  0.00  1   !  -9.99000e+02  -99.000  -99.000  -999
OBS: 5  57723.297    29.00   0.0000e+00   4.6362e+01   2.0871e+00   0  J  0.00  1   !  -9.99000e+02  -99.000  -99.000  -999
OBS: 5  57725.297    31.00   0.0000e+00   4.6709e+01   2.0195e+00   0  J  0.00  1   !  -9.99000e+02  -99.000  -99.000  -999
OBS: 5  57727.297    33.00   0.0000e+00   4.9142e+01   1.8751e+00   0  J  0.00  1   !  -9.99000e+02  -99.000  -99.000  -999
OBS: 5  57729.297    35.00   0.0000e+00   5.2418e+01   1.6332e+00   0  J  0.00  1   !  -9.99000e+02  -99.000  -99.000  -999
OBS: 5  57731.297    37.00   0.0000e+00   5.5056e+01   1.5296e+00   0  J  0.00  1   !  -9.99000e+02  -99.000  -99.000  -999
OBS: 5  57733.297    39.00   0.0000e+00   5.5491e+01   1.4731e+00   0  J  0.00  1   !  -9.99000e+02  -99.000  -99.000  -999
OBS: 5  57735.297    41.00   0.0000e+00   5.4519e+01   1.3810e+00   0  J  0.00  1   !  -9.99000e+02  -99.000  -99.000  -999
OBS: 5  57737.297    43.00   0.0000e+00   5.2304e+01   1.3249e+00   0  J  0.00  1   !  -9.99000e+02  -99.000  -99.000  -999
OBS: 5  57739.297    45.00   0.0000e+00   4.9720e+01   1.2976e+00   0  J  0.00  1   !  -9.99000e+02  -99.000  -99.000  -999
OBS: 5  57741.297    47.00   0.0000e+00   4.6591e+01   1.2193e+00   0  J  0.00  1   !  -9.99000e+02  -99.000  -99.000  -999
OBS: 5  57743.297    49.00   0.0000e+00   4.3762e+01   1.1775e+00   0  J  0.00  1   !  -9.99000e+02  -99.000  -99.000  -999
OBS: 5  57745.297    51.00   0.0000e+00   4.1136e+01   1.1229e+00   0  J  0.00  1   !  -9.99000e+02  -99.000  -99.000  -999
OBS: 5  57747.297    53.00   0.0000e+00   3.8062e+01   1.1381e+00   0  J  0.00  1   !  -9.99000e+02  -99.000  -99.000  -999
OBS: 5  57749.297    55.00   0.0000e+00   3.4891e+01   1.2122e+00   0  J  0.00  1   !  -9.99000e+02  -99.000  -99.000  -999
OBS: 5  57751.297    57.00   0.0000e+00   3.1898e+01   1.2287e+00   0  J  0.00  1   !  -9.99000e+02  -99.000  -99.000  -999
OBS: 5  57753.297    59.00   0.0000e+00   2.9296e+01   1.1020e+00   0  J  0.00  1   !  -9.99000e+02  -99.000  -99.000  -999
OBS: 5  57755.297    61.00   0.0000e+00   2.7078e+01   9.1621e-01   0  J  0.00  1   !  -9.99000e+02  -99.000  -99.000  -999
OBS: 5  57757.297    63.00   0.0000e+00   2.4961e+01   8.5169e-01   0  J  0.00  1   !  -9.99000e+02  -99.000  -99.000  -999
OBS: 5  57759.297    65.00   0.0000e+00   2.2913e+01   8.9207e-01   0  J  0.00  1   !  -9.99000e+02  -99.000  -99.000  -999
OBS: 5  57761.297    67.00   0.0000e+00   2.0879e+01   9.6355e-01   0  J  0.00  1   !  -9.99000e+02  -99.000  -99.000  -999
OBS: 5  57763.297    69.00   0.0000e+00   1.8803e+01   7.4068e+00   0  J  0.00  1   !  -9.99000e+02  -99.000  -99.000  -999
OBS: 5  57765.297    71.00   0.0000e+00   1.6792e+01   1.0107e+01   0  J  0.00  1   !  -9.99000e+02  -99.000  -99.000  -999
OBS: 5  57767.297    73.00   0.0000e+00   1.5184e+01   9.1394e+00   0  J  0.00  1   !  -9.99000e+02  -99.000  -99.000  -999
OBS: 5  57769.297    75.00   0.0000e+00   1.4187e+01   8.5394e+00   0  J  0.00  1   !  -9.99000e+02  -99.000  -99.000  -999
OBS: 5  57771.297    77.00   0.0000e+00   1.3264e+01   7.9840e+00   0  J  0.00  1   !  -9.99000e+02  -99.000  -99.000  -999
OBS: 5  57773.297    79.00   0.0000e+00   1.2447e+01   7.4919e+00   0  J  0.00  1   !  -9.99000e+02  -99.000  -99.000  -999
OBS: 5  57775.297    81.00   0.0000e+00   1.1790e+01   7.0964e+00   0  J  0.00  1   !  -9.99000e+02  -99.000  -99.000  -999
OBS: 5  57777.297    83.00   0.0000e+00   1.0802e+01   6.5019e+00   0  J  0.00  1   !  -9.99000e+02  -99.000  -99.000  -999
OBS: 5  57779.297    85.00   0.0000e+00   9.4884e+00   5.7111e+00   0  J  0.00  1   !  -9.99000e+02  -99.000  -99.000  -999
OBS: 5  57781.297    87.00   0.0000e+00   8.3880e+00   5.0488e+00   0  J  0.00  1   !  -9.99000e+02  -99.000  -99.000  -999
OBS: 5  57783.297    89.00   0.0000e+00   7.4794e+00   4.5019e+00   0  J  0.00  1   !  -9.99000e+02  -99.000  -99.000  -999
OBS: 5  57785.297    91.00   0.0000e+00   6.7364e+00   4.0547e+00   0  J  0.00  1   !  -9.99000e+02  -99.000  -99.000  -999
OBS: 5  57787.297    93.00   0.0000e+00   6.1279e+00   3.6885e+00   0  J  0.00  1   !  -9.99000e+02  -99.000  -99.000  -999
OBS: 5  57789.297    95.00   0.0000e+00   5.6355e+00   3.3921e+00   0  J  0.00  1   !  -9.99000e+02  -99.000  -99.000  -999
OBS: 5  57791.297    97.00   0.0000e+00   5.2219e+00   3.1431e+00   0  J  0.00  1   !  -9.99000e+02  -99.000  -99.000  -999
OBS: 5  57793.297    99.00   0.0000e+00   4.8600e+00   2.9253e+00   0  J  0.00  1   !  -9.99000e+02  -99.000  -99.000  -999
OBS: 5  57795.297   101.00   0.0000e+00   4.5430e+00   2.7345e+00   0  J  0.00  1   !  -9.99000e+02  -99.000  -99.000  -999
OBS: 5  57797.297   103.00   0.0000e+00   4.1641e+00   2.5064e+00   0  J  0.00  1   !  -9.99000e+02  -99.000  -99.000  -999
OBS: 5  57799.297   105.00   0.0000e+00   3.8155e+00   2.2966e+00   0  J  0.00  1   !  -9.99000e+02  -99.000  -99.000  -999
OBS: 5  57801.297   107.00   0.0000e+00   3.4990e+00   2.1061e+00   0  J  0.00  1   !  -9.99000e+02  -99.000  -99.000  -999
OBS: 5  57803.297   109.00   0.0000e+00   3.2125e+00   1.9337e+00   0  J  0.00  1   !  -9.99000e+02  -99.000  -99.000  -999
OBS: 5  57805.297   111.00   0.0000e+00   2.9522e+00   1.7770e+00   0  J  0.00  1   !  -9.99000e+02  -99.000  -99.000  -999
OBS: 5  57807.297   113.00   0.0000e+00   2.7175e+00   1.6357e+00   0  J  0.00  1   !  -9.99000e+02  -99.000  -99.000  -999
OBS: 5  57809.297   115.00   0.0000e+00   2.5048e+00   1.5077e+00   0  J  0.00  1   !  -9.99000e+02  -99.000  -99.000  -999
OBS: 5  57811.297   117.00   0.0000e+00   2.2970e+00   1.3826e+00   0  J  0.00  1   !  -9.99000e+02  -99.000  -99.000  -999
OBS: 5  57813.297   119.00   0.0000e+00   2.0861e+00   1.2557e+00   0  J  0.00  1   !  -9.99000e+02  -99.000  -99.000  -999
OBS: 5  57815.297   121.00   0.0000e+00   1.8946e+00   1.1404e+00   0  J  0.00  1   !  -9.99000e+02  -99.000  -99.000  -999
OBS: 5  57817.297   123.00   0.0000e+00   1.7207e+00   1.0357e+00   0  J  0.00  1   !  -9.99000e+02  -99.000  -99.000  -999
OBS: 5  57819.297   125.00   0.0000e+00   1.5628e+00   9.4064e-01   0  J  0.00  1   !  -9.99000e+02  -99.000  -99.000  -999
OBS: 5  57821.297   127.00   0.0000e+00   1.4192e+00   8.5425e-01   0  J  0.00  1   !  -9.99000e+02  -99.000  -99.000  -999
OBS: 5  57823.297   129.00   0.0000e+00   1.2889e+00   7.7578e-01   0  J  0.00  1   !  -9.99000e+02  -99.000  -99.000  -999
OBS: 5  57825.297   131.00   0.0000e+00   1.1704e+00   7.0449e-01   0  J  0.00  1   !  -9.99000e+02  -99.000  -99.000  -999
OBS: 5  57827.297   133.00   0.0000e+00   1.0628e+00   6.3972e-01   0  J  0.00  1   !  -9.99000e+02  -99.000  -99.000  -999
OBS: 5  57829.297   135.00   0.0000e+00   9.6515e-01   5.8093e-01   0  J  0.00  1   !  -9.99000e+02  -99.000  -99.000  -999
OBS: 5  57831.297   137.00   0.0000e+00   8.7646e-01   5.2755e-01   0  J  0.00  1   !  -9.99000e+02  -99.000  -99.000  -999
OBS: 5  57833.297   139.00   0.0000e+00   7.9583e-01   4.7902e-01   0  J  0.00  1   !  -9.99000e+02  -99.000  -99.000  -999
OBS: 5  57707.590    13.29   1.5991e+01   1.5850e+01   4.2743e-01   1  H  0.01  1   J  8.84667e+17  0.282  1.009  1.00000e+11
OBS: 5  57712.711    18.42   1.4686e+01   1.4337e+01   4.2006e-01   1  H  0.07  1   J  6.39964e+17  0.039  0.210  1.00000e+11
OBS: 5  57719.602    25.31   1.6929e+01   1.6798e+01   4.3200e-01   1  H  0.01  1   J  6.76118e+17  -0.073  0.611  1.00000e+11
OBS: 5  57635.297   -59.00   0.0000e+00   0.0000e+00   0.0000e+00   0  H  0.00  1   !  -9.99000e+02  -99.000  -99.000  -999
OBS: 5  57637.297   -57.00   0.0000e+00   0.0000e+00   0.0000e+00   0  H  0.00  1   !  -9.99000e+02  -99.000  -99.000  -999
OBS: 5  57639.297   -55.00   0.0000e+00   0.0000e+00   0.0000e+00   0  H  0.00  1   !  -9.99000e+02  -99.000  -99.000  -999
OBS: 5  57641.297   -53.00   0.0000e+00   0.0000e+00   0.0000e+00   0  H  0.00  1   !  -9.99000e+02  -99.000  -99.000  -999
OBS: 5  57643.297   -51.00   0.0000e+00   0.0000e+00   0.0000e+00   0  H  0.00  1   !  -9.99000e+02  -99.000  -99.000  -999
OBS: 5  57645.297   -49.00   0.0000e+00   0.0000e+00   0.0000e+00   0  H  0.00  1   !  -9.99000e+02  -99.000  -99.000  -999
OBS: 5  57647.297   -47.00   0.0000e+00   0.0000e+00   0.0000e+00   0  H  0.00  1   !  -9.99000e+02  -99.000  -99.000  -999
OBS: 5  57649.297   -45.00   0.0000e+00   0.0000e+00   0.0000e+00   0  H  0.00  1   !  -9.99000e+02  -99.000  -99.000  -999
OBS: 5  57651.297   -43.00   0.0000e+00   0.0000e+00   0.0000e+00   0  H  0.00  1   !  -9.99000e+02  -99.000  -99.000  -999
OBS: 5  57653.297   -41.00   0.0000e+00   0.0000e+00   0.0000e+00   0  H  0.00  1   !  -9.99000e+02  -99.000  -99.000  -999
OBS: 5  57655.297   -39.00   0.0000e+00   0.0000e+00   0.0000e+00   0  H  0.00  1   !  -9.99000e+02  -99.000  -99.000  -999
OBS: 5  57657.297   -37.00   0.0000e+00   0.0000e+00   0.0000e+00   0  H  0.00  1   !  -9.99000e+02  -99.000  -99.000  -999
OBS: 5  57659.297   -35.00   0.0000e+00   0.0000e+00   0.0000e+00   0  H  0.00  1   !  -9.99000e+02  -99.000  -99.000  -999
OBS: 5  57661.297   -33.00   0.0000e+00   0.0000e+00   0.0000e+00   0  H  0.00  1   !  -9.99000e+02  -99.000  -99.000  -999
OBS: 5  57663.297   -31.00   0.0000e+00   0.0000e+00   0.0000e+00   0  H  0.00  1   !  -9.99000e+02  -99.000  -99.000  -999
OBS: 5  57665.297   -29.00   0.0000e+00   0.0000e+00   0.0000e+00   0  H  0.00  1   !  -9.99000e+02  -99.000  -99.000  -999
OBS: 5  57667.297   -27.00   0.0000e+00   6.5106e+00   3.9188e+00   0  H  0.00  1   !  -9.99000e+02  -99.000  -99.000  -999
OBS: 5  57669.297   -25.00   0.0000e+00   8.4541e+00   5.0886e+00   0  H  0.00  1   !  -9.99000e+02  -99.000  -99.000  -999
OBS: 5  57671.297   -23.00   0.0000e+00   8.7694e+00   5.2784e+00   0  H  0.00  1   !  -9.99000e+02  -99.000  -99.000  -999
OBS: 5  57673.297   -21.00   0.0000e+00   8.7742e+00   5.2813e+00   0  H  0.00  1   !  -9.99000e+02  -99.000  -99.000  -999
OBS: 5  57675.297   -19.00   0.0000e+00   1.3889e+01   2.3778e+00   0  H  0.00  1   !  -9.99000e+02  -99.000  -99.000  -999
OBS: 5  57677.297   -17.00   0.0000e+00   2.1203e+01   1.3549e+00   0  H  0.00  1   !  -9.99000e+02  -99.000  -99.000  -999
OBS: 5  57679.297   -15.00   0.0000e+00   2.8714e+01   9.7212e-01   0  H  0.00  1   !  -9.99000e+02  -99.000  -99.000  -999
OBS: 5  57681.297   -13.00   0.0000e+00   3.4583e+01   1.1270e+00   0  H  0.00  1   !  -9.99000e+02  -99.000  -99.000  -999
OBS: 5  57683.297   -11.00   0.0000e+00   3.9143e+01   1.0339e+00   0  H  0.00  1   !  -9.99000e+02  -99.000  -99.000  -999
OBS: 5  57685.297    -9.00   0.0000e+00   4.1624e+01   7.8018e-01   0  H  0.00  1   !  -9.99000e+02  -99.000  -99.000  -999
OBS: 5  57687.297    -7.00   0.0000e+00   4.2934e+01   6.7800e-01   0  H  0.00  1   !  -9.99000e+02  -99.000  -99.000  -999
OBS: 5  57689.297    -5.00   0.0000e+00   4.2388e+01   6.7705e-01   0  H  0.00  1   !  -9.99000e+02  -99.000  -99.000  -999
OBS: 5  57691.297    -3.00   0.0000e+00   4.0456e+01   6.9089e-01   0  H  0.00  1   !  -9.99000e+02  -99.000  -99.000  -999
OBS: 5  57693.297    -1.00   0.0000e+00   3.7830e+01   6.8891e-01   0  H  0.00  1   !  -9.99000e+02  -99.000  -99.000  -999
OBS: 5  57695.297     1.00   0.0000e+00   3.4286e+01   6.6403e-01   0  H  0.00  1   !  -9.99000e+02  -99.000  -99.000  -999
OBS: 5  57697.297     3.00   0.0000e+00   3.0447e+01   6.5507e-01   0  H  0.00  1   !  -9.99000e+02  -99.000  -99.000  -999
OBS: 5  57699.297     5.00   0.0000e+00   2.6840e+01   6.4227e-01   0  H  0.00  1   !  -9.99000e+02  -99.000  -99.000  -999
OBS: 5  57701.297     7.00   0.0000e+00   2.3854e+01   6.5384e-01   0  H  0.00  1   !  -9.99000e+02  -99.000  -99.000  -999
OBS: 5  57703.297     9.00   0.0000e+00   2.0873e+01   6.9739e-01   0  H  0.00  1   !  -9.99000e+02  -99.000  -99.000  -999
OBS: 5  57705.297    11.00   0.0000e+00   1.8203e+01   7.8156e-01   0  H  0.00  1   !  -9.99000e+02  -99.000  -99.000  -999
OBS: 5  57707.297    13.00   0.0000e+00   1.6212e+01   9.2032e-01   0  H  0.00  1   !  -9.99000e+02  -99.000  -99.000  -999
OBS: 5  57709.297    15.00   0.0000e+00   1.4898e+01   1.0261e+00   0  H  0.00  1   !  -9.99000e+02  -99.000  -99.000  -999
OBS: 5  57711.297    17.00   0.0000e+00   1.4535e+01   1.1235e+00   0  H  0.00  1   !  -9.99000e+02  -99.000  -99.000  -999
OBS: 5  57713.297    19.00   0.0000e+00   1.4790e+01   1.1710e+00   0  H  0.00  1   !  -9.99000e+02  -99.000  -99.000  -999
OBS: 5  57715.297    21.00   0.0000e+00   1.5284e+01   1.2552e+00   0  H  0.00  1   !  -9.99000e+02  -99.000  -99.000  -999
OBS: 5  57717.297    23.00   0.0000e+00   1.5969e+01   1.3790e+00   0  H  0.00  1   !  -9.99000e+02  -99.000  -99.000  -999
OBS: 5  57719.297    25.00   0.0000e+00   1.6791e+01   1.4398e+00   0  H  0.00  1   !  -9.99000e+02  -99.000  -99.000  -999
OBS: 5  57721.297    27.00   0.0000e+00   1.7755e+01   1.4233e+00   0  H  0.00  1   !  -9.99000e+02  -99.000  -99.000  -999
OBS: 5  57723.297    29.00   0.0000e+00   1.9239e+01   1.5033e+00   0  H  0.00  1   !  -9.99000e+02  -99.000  -99.000  -999
OBS: 5  57725.297    31.00   0.0000e+00   2.1151e+01   1.5768e+00   0  H  0.00  1   !  -9.99000e+02  -99.000  -99.000  -999
OBS: 5  57727.297    33.00   0.0000e+00   2.2921e+01   1.4984e+00   0  H  0.00  1   !  -9.99000e+02  -99.000  -99.000  -999
OBS: 5  57729.297    35.00   0.0000e+00   2.4767e+01   1.4371e+00   0  H  0.00  1   !  -9.99000e+02  -99.000  -99.000  -999
OBS: 5  57731.297    37.00   0.0000e+00   2.6591e+01   1.5896e+00   0  H  0.00  1   !  -9.99000e+02  -99.000  -99.000  -999
OBS: 5  57733.297    39.00   0.0000e+00   2.8165e+01   1.7277e+00   0  H  0.00  1   !  -9.99000e+02  -99.000  -99.000  -999
OBS: 5  57735.297    41.00   0.0000e+00   2.9472e+01   1.7309e+00   0  H  0.00  1   !  -9.99000e+02  -99.000  -99.000  -999
OBS: 5  57737.297    43.00   0.0000e+00   3.0601e+01   1.7068e+00   0  H  0.00  1   !  -9.99000e+02  -99.000  -99.000  -999
OBS: 5  57739.297    45.00   0.0000e+00   3.1704e+01   1.7537e+00   0  H  0.00  1   !  -9.99000e+02  -99.000  -99.000  -999
OBS: 5  57741.297    47.00   0.0000e+00   3.1973e+01   1.8023e+00   0  H  0.00  1   !  -9.99000e+02  -99.000  -99.000  -999
OBS: 5  57743.297    49.00   0.0000e+00   3.1178e+01   2.0378e+00   0  H  0.00  1   !  -9.99000e+02  -99.000  -99.000  -999
OBS: 5  57745.297    51.00   0.0000e+00   2.9223e+01   2.2317e+00   0  H  0.00  1   !  -9.99000e+02  -99.000  -99.000  -999
OBS: 5  57747.297    53.00   0.0000e+00   2.6693e+01   2.2036e+00   0  H  0.00  1   !  -9.99000e+02  -99.000  -99.000  -999
OBS: 5  57749.297    55.00   0.0000e+00   2.3974e+01   2.2633e+00   0  H  0.00  1   !  -9.99000e+02  -99.000  -99.000  -999
OBS: 5  57751.297    57.00   0.0000e+00   2.1415e+01   2.3191e+00   0  H  0.00  1   !  -9.99000e+02  -99.000  -99.000  -999
OBS: 5  57753.297    59.00   0.0000e+00   1.9512e+01   2.3502e+00   0  H  0.00  1   !  -9.99000e+02  -99.000  -99.000  -999
OBS: 5  57755.297    61.00   0.0000e+00   1.8280e+01   2.3882e+00   0  H  0.00  1   !  -9.99000e+02  -99.000  -99.000  -999
OBS: 5  57757.297    63.00   0.0000e+00   1.7352e+01   2.6081e+00   0  H  0.00  1   !  -9.99000e+02  -99.000  -99.000  -999
OBS: 5  57759.297    65.00   0.0000e+00   1.6338e+01   3.4468e+00   0  H  0.00  1   !  -9.99000e+02  -99.000  -99.000  -999
OBS: 5  57761.297    67.00   0.0000e+00   1.5209e+01   4.3857e+00   0  H  0.00  1   !  -9.99000e+02  -99.000  -99.000  -999
OBS: 5  57763.297    69.00   0.0000e+00   1.4056e+01   6.8432e+00   0  H  0.00  1   !  -9.99000e+02  -99.000  -99.000  -999
OBS: 5  57765.297    71.00   0.0000e+00   1.3009e+01   7.8301e+00   0  H  0.00  1   !  -9.99000e+02  -99.000  -99.000  -999
OBS: 5  57767.297    73.00   0.0000e+00   1.1975e+01   7.2078e+00   0  H  0.00  1   !  -9.99000e+02  -99.000  -99.000  -999
OBS: 5  57769.297    75.00   0.0000e+00   1.0860e+01   6.5366e+00   0  H  0.00  1   !  -9.99000e+02  -99.000  -99.000  -999
OBS: 5  57771.297    77.00   0.0000e+00   9.8695e+00   5.9406e+00   0  H  0.00  1   !  -9.99000e+02  -99.000  -99.000  -999
OBS: 5  57773.297    79.00   0.0000e+00   8.9988e+00   5.4165e+00   0  H  0.00  1   !  -9.99000e+02  -99.000  -99.000  -999
OBS: 5  57775.297    81.00   0.0000e+00   8.3036e+00   4.9980e+00   0  H  0.00  1   !  -9.99000e+02  -99.000  -99.000  -999
OBS: 5  57777.297    83.00   0.0000e+00   7.3346e+00   4.4148e+00   0  H  0.00  1   !  -9.99000e+02  -99.000  -99.000  -999
OBS: 5  57779.297    85.00   0.0000e+00   6.2528e+00   3.7636e+00   0  H  0.00  1   !  -9.99000e+02  -99.000  -99.000  -999
OBS: 5  57781.297    87.00   0.0000e+00   5.4207e+00   3.2628e+00   0  H  0.00  1   !  -9.99000e+02  -99.000  -99.000  -999
OBS: 5  57783.297    89.00   0.0000e+00   4.7581e+00   2.8640e+00   0  H  0.00  1   !  -9.99000e+02  -99.000  -99.000  -999
OBS: 5  57785.297    91.00   0.0000e+00   4.2152e+00   2.5372e+00   0  H  0.00  1   !  -9.99000e+02  -99.000  -99.000  -999
OBS: 5  57787.297    93.00   0.0000e+00   3.7490e+00   2.2566e+00   0  H  0.00  1   !  -9.99000e+02  -99.000  -99.000  -999
OBS: 5  57789.297    95.00   0.0000e+00   3.3373e+00   2.0088e+00   0  H  0.00  1   !  -9.99000e+02  -99.000  -99.000  -999
OBS: 5  57791.297    97.00   0.0000e+00   2.9588e+00   1.7809e+00   0  H  0.00  1   !  -9.99000e+02  -99.000  -99.000  -999
OBS: 5  57793.297    99.00   0.0000e+00   2.5929e+00   1.5607e+00   0  H  0.00  1   !  -9.99000e+02  -99.000  -99.000  -999
OBS: 5  57795.297   101.00   0.0000e+00   2.2445e+00   1.3510e+00   0  H  0.00  1   !  -9.99000e+02  -99.000  -99.000  -999
OBS: 5  57797.297   103.00   0.0000e+00   2.0423e+00   1.2293e+00   0  H  0.00  1   !  -9.99000e+02  -99.000  -99.000  -999
OBS: 5  57799.297   105.00   0.0000e+00   1.8620e+00   1.1208e+00   0  H  0.00  1   !  -9.99000e+02  -99.000  -99.000  -999
OBS: 5  57801.297   107.00   0.0000e+00   1.6974e+00   1.0217e+00   0  H  0.00  1   !  -9.99000e+02  -99.000  -99.000  -999
OBS: 5  57803.297   109.00   0.0000e+00   1.5471e+00   9.3122e-01   0  H  0.00  1   !  -9.99000e+02  -99.000  -99.000  -999
OBS: 5  57805.297   111.00   0.0000e+00   1.4097e+00   8.4853e-01   0  H  0.00  1   !  -9.99000e+02  -99.000  -99.000  -999
OBS: 5  57807.297   113.00   0.0000e+00   1.2838e+00   7.7271e-01   0  H  0.00  1   !  -9.99000e+02  -99.000  -99.000  -999
OBS: 5  57809.297   115.00   0.0000e+00   1.1682e+00   7.0318e-01   0  H  0.00  1   !  -9.99000e+02  -99.000  -99.000  -999
OBS: 5  57811.297   117.00   0.0000e+00   1.0675e+00   6.4255e-01   0  H  0.00  1   !  -9.99000e+02  -99.000  -99.000  -999
OBS: 5  57813.297   119.00   0.0000e+00   9.8166e-01   5.9087e-01   0  H  0.00  1   !  -9.99000e+02  -99.000  -99.000  -999
OBS: 5  57815.297   121.00   0.0000e+00   9.0281e-01   5.4341e-01   0  H  0.00  1   !  -9.99000e+02  -99.000  -99.000  -999
OBS: 5  57817.297   123.00   0.0000e+00   8.3039e-01   4.9982e-01   0  H  0.00  1   !  -9.99000e+02  -99.000  -99.000  -999
OBS: 5  57819.297   125.00   0.0000e+00   7.6388e-01   4.5979e-01   0  H  0.00  1   !  -9.99000e+02  -99.000  -99.000  -999
OBS: 5  57821.297   127.00   0.0000e+00   7.0277e-01   4.2301e-01   0  H  0.00  1   !  -9.99000e+02  -99.000  -99.000  -999
OBS: 5  57823.297   129.00   0.0000e+00   6.4663e-01   3.8922e-01   0  H  0.00  1   !  -9.99000e+02  -99.000  -99.000  -999
OBS: 5  57825.297   131.00   0.0000e+00   5.9505e-01   3.5817e-01   0  H  0.00  1   !  -9.99000e+02  -99.000  -99.000  -999
OBS: 5  57827.297   133.00   0.0000e+00   5.4763e-01   3.2962e-01   0  H  0.00  1   !  -9.99000e+02  -99.000  -99.000  -999
OBS: 5  57829.297   135.00   0.0000e+00   5.0391e-01   3.0331e-01   0  H  0.00  1   !  -9.99000e+02  -99.000  -99.000  -999
OBS: 5  57831.297   137.00   0.0000e+00   4.6374e-01   2.7913e-01   0  H  0.00  1   !  -9.99000e+02  -99.000  -99.000  -999
OBS: 5  57833.297   139.00   0.0000e+00   4.2688e-01   2.5694e-01   0  H  0.00  1   !  -9.99000e+02  -99.000  -99.000  -999
