VARNAMES: CID MJD Tobs SIM_FLUXCAL FLUXCAL FLUXCAL_ERR DATAFLAG BAND CHI2 IFIT BAND_REST FLUX_REST KCOR AVWARP SIM_FLUX_REST 
OBS: 279  57714.637    19.03   1.8927e+01   1.8947e+01   2.3500e-01   1  H  0.00  1   Y  1.30432e+18  0.380  2.800  1.00000e+11
OBS: 279  57721.641    26.03   2.2164e+01   2.2225e+01   2.4681e-01   1  H  0.00  1   Y  1.55242e+18  0.396  3.787  1.00000e+11
OBS: 279  57731.180    35.57   3.1182e+01   3.1271e+01   2.7677e-01   1  H  0.00  1   Y  2.23441e+18  0.420  1.480  1.00000e+11
OBS: 279  57636.605   -59.00   0.0000e+00   0.0000e+00   0.0000e+00   0  H  0.00  1   !  -9.99000e+02  -99.000  -99.000  -999
OBS: 279  57638.605   -57.00   0.0000e+00   0.0000e+00   0.0000e+00   0  H  0.00  1   !  -9.99000e+02  -99.000  -99.000  -999
OBS: 279  57640.605   -55.00   0.0000e+00   0.0000e+00   0.0000e+00   0  H  0.00  1   !  -9.99000e+02  -99.000  -99.000  -999
OBS: 279  57642.605   -53.00   0.0000e+00   0.0000e+00   0.0000e+00   0  H  0.00  1   !  -9.99000e+02  -99.000  -99.000  -999
OBS: 279  57644.605   -51.00   0.0000e+00   0.0000e+00   0.0000e+00   0  H  0.00  1   !  -9.99000e+02  -99.000  -99.000  -999
OBS: 279  57646.605   -49.00   0.0000e+00   0.0000e+00   0.0000e+00   0  H  0.00  1   !  -9.99000e+02  -99.000  -99.000  -999
OBS: 279  57648.605   -47.00   0.0000e+00   0.0000e+00   0.0000e+00   0  H  0.00  1   !  -9.99000e+02  -99.000  -99.000  -999
OBS: 279  57650.605   -45.00   0.0000e+00   0.0000e+00   0.0000e+00   0  H  0.00  1   !  -9.99000e+02  -99.000  -99.000  -999
OBS: 279  57652.605   -43.00   0.0000e+00   0.0000e+00   0.0000e+00   0  H  0.00  1   !  -9.99000e+02  -99.000  -99.000  -999
OBS: 279  57654.605   -41.00   0.0000e+00   0.0000e+00   0.0000e+00   0  H  0.00  1   !  -9.99000e+02  -99.000  -99.000  -999
OBS: 279  57656.605   -39.00   0.0000e+00   0.0000e+00   0.0000e+00   0  H  0.00  1   !  -9.99000e+02  -99.000  -99.000  -999
OBS: 279  57658.605   -37.00   0.0000e+00   0.0000e+00   0.0000e+00   0  H  0.00  1   !  -9.99000e+02  -99.000  -99.000  -999
OBS: 279  57660.605   -35.00   0.0000e+00   0.0000e+00   0.0000e+00   0  H  0.00  1   !  -9.99000e+02  -99.000  -99.000  -999
OBS: 279  57662.605   -33.00   0.0000e+00   0.0000e+00   0.0000e+00   0  H  0.00  1   !  -9.99000e+02  -99.000  -99.000  -999
OBS: 279  57664.605   -31.00   0.0000e+00   0.0000e+00   0.0000e+00   0  H  0.00  1   !  -9.99000e+02  -99.000  -99.000  -999
OBS: 279  57666.605   -29.00   0.0000e+00   0.0000e+00   0.0000e+00   0  H  0.00  1   !  -9.99000e+02  -99.000  -99.000  -999
OBS: 279  57668.605   -27.00   0.0000e+00   1.0720e+01   6.4524e+00   0  H  0.00  1   !  -9.99000e+02  -99.000  -99.000  -999
OBS: 279  57670.605   -25.00   0.0000e+00   1.1343e+01   6.8274e+00   0  H  0.00  1   !  -9.99000e+02  -99.000  -99.000  -999
OBS: 279  57672.605   -23.00   0.0000e+00   1.1385e+01   6.8525e+00   0  H  0.00  1   !  -9.99000e+02  -99.000  -99.000  -999
OBS: 279  57674.605   -21.00   0.0000e+00   1.2575e+01   6.4552e+00   0  H  0.00  1   !  -9.99000e+02  -99.000  -99.000  -999
OBS: 279  57676.605   -19.00   0.0000e+00   1.9180e+01   2.7695e+00   0  H  0.00  1   !  -9.99000e+02  -99.000  -99.000  -999
OBS: 279  57678.605   -17.00   0.0000e+00   2.6359e+01   1.8394e+00   0  H  0.00  1   !  -9.99000e+02  -99.000  -99.000  -999
OBS: 279  57680.605   -15.00   0.0000e+00   3.2852e+01   1.3690e+00   0  H  0.00  1   !  -9.99000e+02  -99.000  -99.000  -999
OBS: 279  57682.605   -13.00   0.0000e+00   3.8048e+01   1.1200e+00   0  H  0.00  1   !  -9.99000e+02  -99.000  -99.000  -999
OBS: 279  57684.605   -11.00   0.0000e+00   4.1712e+01   1.0361e+00   0  H  0.00  1   !  -9.99000e+02  -99.000  -99.000  -999
OBS: 279  57686.605    -9.00   0.0000e+00   4.4076e+01   1.0430e+00   0  H  0.00  1   !  -9.99000e+02  -99.000  -99.000  -999
OBS: 279  57688.605    -7.00   0.0000e+00   4.5206e+01   1.1487e+00   0  H  0.00  1   !  -9.99000e+02  -99.000  -99.000  -999
OBS: 279  57690.605    -5.00   0.0000e+00   4.4744e+01   1.1710e+00   0  H  0.00  1   !  -9.99000e+02  -99.000  -99.000  -999
OBS: 279  57692.605    -3.00   0.0000e+00   4.3120e+01   1.0635e+00   0  H  0.00  1   !  -9.99000e+02  -99.000  -99.000  -999
OBS: 279  57694.605    -1.00   0.0000e+00   4.0514e+01   1.0126e+00   0  H  0.00  1   !  -9.99000e+02  -99.000  -99.000  -999
OBS: 279  57696.605     1.00   0.0000e+00   3.6870e+01   1.0624e+00   0  H  0.00  1   !  -9.99000e+02  -99.000  -99.000  -999
OBS: 279  57698.605     3.00   0.0000e+00   3.2903e+01   1.1556e+00   0  H  0.00  1   !  -9.99000e+02  -99.000  -99.000  -999
OBS: 279  57700.605     5.00   0.0000e+00   2.9284e+01   1.1797e+00   0  H  0.00  1   !  -9.99000e+02  -99.000  -99.000  -999
OBS: 279  57702.605     7.00   0.0000e+00   2.6431e+01   1.1193e+00   0  H  0.00  1   !  -9.99000e+02  -99.000  -99.000  -999
OBS: 279  57704.605     9.00   0.0000e+00   2.3891e+01   9.9942e-01   0  H  0.00  1   !  -9.99000e+02  -99.000  -99.000  -999
OBS: 279  57706.605    11.00   0.0000e+00   2.1739e+01   9.6210e-01   0  H  0.00  1   !  -9.99000e+02  -99.000  -99.000  -999
OBS: 279  57708.605    13.00   0.0000e+00   2.0116e+01   1.0096e+00   0  H  0.00  1   !  -9.99000e+02  -99.000  -99.000  -999
OBS: 279  57710.605    15.00   0.0000e+00   1.9106e+01   1.0534e+00   0  H  0.00  1   !  -9.99000e+02  -99.000  -99.000  -999
OBS: 279  57712.605    17.00   0.0000e+00   1.8704e+01   1.0512e+00   0  H  0.00  1   !  -9.99000e+02  -99.000  -99.000  -999
OBS: 279  57714.605    19.00   0.0000e+00   1.8972e+01   1.0244e+00   0  H  0.00  1   !  -9.99000e+02  -99.000  -99.000  -999
OBS: 279  57716.605    21.00   0.0000e+00   1.9570e+01   9.6781e-01   0  H  0.00  1   !  -9.99000e+02  -99.000  -99.000  -999
OBS: 279  57718.605    23.00   0.0000e+00   2.0388e+01   9.4893e-01   0  H  0.00  1   !  -9.99000e+02  -99.000  -99.000  -999
OBS: 279  57720.605    25.00   0.0000e+00   2.1524e+01   9.4539e-01   0  H  0.00  1   !  -9.99000e+02  -99.000  -99.000  -999
OBS: 279  57722.605    27.00   0.0000e+00   2.2930e+01   8.9304e-01   0  H  0.00  1   !  -9.99000e+02  -99.000  -99.000  -999
OBS: 279  57724.605    29.00   0.0000e+00   2.4706e+01   8.0893e-01   0  H  0.00  1   !  -9.99000e+02  -99.000  -99.000  -999
OBS: 279  57726.605    31.00   0.0000e+00   2.6746e+01   7.9689e-01   0  H  0.00  1   !  -9.99000e+02  -99.000  -99.000  -999
OBS: 279  57728.605    33.00   0.0000e+00   2.8810e+01   8.7602e-01   0  H  0.00  1   !  -9.99000e+02  -99.000  -99.000  -999
OBS: 279  57730.605    35.00   0.0000e+00   3.0703e+01   9.3358e-01   0  H  0.00  1   !  -9.99000e+02  -99.000  -99.000  -999
OBS: 279  57732.605    37.00   0.0000e+00   3.2675e+01   9.6789e-01   0  H  0.00  1   !  -9.99000e+02  -99.000  -99.000  -999
OBS: 279  57734.605    39.00   0.0000e+00   3.4713e+01   9.5756e-01   0  H  0.00  1   !  -9.99000e+02  -99.000  -99.000  -999
OBS: 279  57736.605    41.00   0.0000e+00   3.6810e+01   1.0168e+00   0  H  0.00  1   !  -9.99000e+02  -99.000  -99.000  -999
OBS: 279  57738.605    43.00   0.0000e+00   3.8797e+01   1.1238e+00   0  H  0.00  1   !  -9.99000e+02  -99.000  -99.000  -999
OBS: 279  57740.605    45.00   0.0000e+00   4.0496e+01   1.2936e+00   0  H  0.00  1   !  -9.99000e+02  -99.000  -99.000  -999
OBS: 279  57742.605    47.00   0.0000e+00   4.1841e+01   1.4283e+00   0  H  0.00  1   !  -9.99000e+02  -99.000  -99.000  -999
OBS: 279  57744.605    49.00   0.0000e+00   4.2549e+01   1.4638e+00   0  H  0.00  1   !  -9.99000e+02  -99.000  -99.000  -999
OBS: 279  57746.605    51.00   0.0000e+00   4.2632e+01   1.4155e+00   0  H  0.00  1   !  -9.99000e+02  -99.000  -99.000  -999
OBS: 279  57748.605    53.00   0.0000e+00   4.2011e+01   1.4327e+00   0  H  0.00  1   !  -9.99000e+02  -99.000  -99.000  -999
OBS: 279  57750.605    55.00   0.0000e+00   4.0578e+01   1.5241e+00   0  H  0.00  1   !  -9.99000e+02  -99.000  -99.000  -999
OBS: 279  57752.605    57.00   0.0000e+00   3.8535e+01   1.5952e+00   0  H  0.00  1   !  -9.99000e+02  -99.000  -99.000  -999
OBS: 279  57754.605    59.00   0.0000e+00   3.5920e+01   1.5138e+00   0  H  0.00  1   !  -9.99000e+02  -99.000  -99.000  -999
OBS: 279  57756.605    61.00   0.0000e+00   3.3162e+01   1.3155e+00   0  H  0.00  1   !  -9.99000e+02  -99.000  -99.000  -999
OBS: 279  57758.605    63.00   0.0000e+00   3.0613e+01   1.0895e+00   0  H  0.00  1   !  -9.99000e+02  -99.000  -99.000  -999
OBS: 279  57760.605    65.00   0.0000e+00   2.8555e+01   9.1519e-01   0  H  0.00  1   !  -9.99000e+02  -99.000  -99.000  -999
OBS: 279  57762.605    67.00   0.0000e+00   2.6972e+01   7.9999e-01   0  H  0.00  1   !  -9.99000e+02  -99.000  -99.000  -999
OBS: 279  57764.605    69.00   0.0000e+00   2.5708e+01   7.4886e-01   0  H  0.00  1   !  -9.99000e+02  -99.000  -99.000  -999
OBS: 279  57766.605    71.00   0.0000e+00   2.4423e+01   7.7786e-01   0  H  0.00  1   !  -9.99000e+02  -99.000  -99.000  -999
OBS: 279  57768.605    73.00   0.0000e+00   2.2956e+01   1.3818e+01   0  H  0.00  1   !  -9.99000e+02  -99.000  -99.000  -999
OBS: 279  57770.605    75.00   0.0000e+00   2.1319e+01   1.2832e+01   0  H  0.00  1   !  -9.99000e+02  -99.000  -99.000  -999
OBS: 279  57772.605    77.00   0.0000e+00   1.9540e+01   1.1761e+01   0  H  0.00  1   !  -9.99000e+02  -99.000  -99.000  -999
OBS: 279  57774.605    79.00   0.0000e+00   1.7787e+01   1.0706e+01   0  H  0.00  1   !  -9.99000e+02  -99.000  -99.000  -999
OBS: 279  57776.605    81.00   0.0000e+00   1.6185e+01   9.7418e+00   0  H  0.00  1   !  -9.99000e+02  -99.000  -99.000  -999
OBS: 279  57778.605    83.00   0.0000e+00   1.4787e+01   8.9003e+00   0  H  0.00  1   !  -9.99000e+02  -99.000  -99.000  -999
OBS: 279  57780.605    85.00   0.0000e+00   1.3610e+01   8.1919e+00   0  H  0.00  1   !  -9.99000e+02  -99.000  -99.000  -999
OBS: 279  57782.605    87.00   0.0000e+00   1.1934e+01   7.1833e+00   0  H  0.00  1   !  -9.99000e+02  -99.000  -99.000  -999
OBS: 279  57784.605    89.00   0.0000e+00   1.0321e+01   6.2120e+00   0  H  0.00  1   !  -9.99000e+02  -99.000  -99.000  -999
OBS: 279  57786.605    91.00   0.0000e+00   9.0150e+00   5.4262e+00   0  H  0.00  1   !  -9.99000e+02  -99.000  -99.000  -999
OBS: 279  57788.605    93.00   0.0000e+00   7.9323e+00   4.7745e+00   0  H  0.00  1   !  -9.99000e+02  -99.000  -99.000  -999
OBS: 279  57790.605    95.00   0.0000e+00   7.0494e+00   4.2431e+00   0  H  0.00  1   !  -9.99000e+02  -99.000  -99.000  -999
OBS: 279  57792.605    97.00   0.0000e+00   6.3027e+00   3.7936e+00   0  H  0.00  1   !  -9.99000e+02  -99.000  -99.000  -999
OBS: 279  57794.605    99.00   0.0000e+00   5.6619e+00   3.4080e+00   0  H  0.00  1   !  -9.99000e+02  -99.000  -99.000  -999
OBS: 279  57796.605   101.00   0.0000e+00   5.0948e+00   3.0666e+00   0  H  0.00  1   !  -9.99000e+02  -99.000  -99.000  -999
OBS: 279  57798.605   103.00   0.0000e+00   4.5721e+00   2.7520e+00   0  H  0.00  1   !  -9.99000e+02  -99.000  -99.000  -999
OBS: 279  57800.605   105.00   0.0000e+00   4.0873e+00   2.4602e+00   0  H  0.00  1   !  -9.99000e+02  -99.000  -99.000  -999
OBS: 279  57802.605   107.00   0.0000e+00   3.6877e+00   2.2197e+00   0  H  0.00  1   !  -9.99000e+02  -99.000  -99.000  -999
OBS: 279  57804.605   109.00   0.0000e+00   3.3429e+00   2.0121e+00   0  H  0.00  1   !  -9.99000e+02  -99.000  -99.000  -999
OBS: 279  57806.605   111.00   0.0000e+00   3.0295e+00   1.8235e+00   0  H  0.00  1   !  -9.99000e+02  -99.000  -99.000  -999
OBS: 279  57808.605   113.00   0.0000e+00   2.7442e+00   1.6518e+00   0  H  0.00  1   !  -9.99000e+02  -99.000  -99.000  -999
OBS: 279  57810.605   115.00   0.0000e+00   2.4847e+00   1.4956e+00   0  H  0.00  1   !  -9.99000e+02  -99.000  -99.000  -999
OBS: 279  57812.605   117.00   0.0000e+00   2.2487e+00   1.3535e+00   0  H  0.00  1   !  -9.99000e+02  -99.000  -99.000  -999
OBS: 279  57814.605   119.00   0.0000e+00   2.0339e+00   1.2242e+00   0  H  0.00  1   !  -9.99000e+02  -99.000  -99.000  -999
OBS: 279  57816.605   121.00   0.0000e+00   1.8381e+00   1.1064e+00   0  H  0.00  1   !  -9.99000e+02  -99.000  -99.000  -999
OBS: 279  57818.605   123.00   0.0000e+00   1.6663e+00   1.0030e+00   0  H  0.00  1   !  -9.99000e+02  -99.000  -99.000  -999
OBS: 279  57820.605   125.00   0.0000e+00   1.5116e+00   9.0982e-01   0  H  0.00  1   !  -9.99000e+02  -99.000  -99.000  -999
OBS: 279  57822.605   127.00   0.0000e+00   1.3712e+00   8.2532e-01   0  H  0.00  1   !  -9.99000e+02  -99.000  -99.000  -999
OBS: 279  57824.605   129.00   0.0000e+00   1.2438e+00   7.4867e-01   0  H  0.00  1   !  -9.99000e+02  -99.000  -99.000  -999
OBS: 279  57826.605   131.00   0.0000e+00   1.1283e+00   6.7913e-01   0  H  0.00  1   !  -9.99000e+02  -99.000  -99.000  -999
OBS: 279  57828.605   133.00   0.0000e+00   1.0235e+00   6.1606e-01   0  H  0.00  1   !  -9.99000e+02  -99.000  -99.000  -999
OBS: 279  57830.605   135.00   0.0000e+00   9.2844e-01   5.5884e-01   0  H  0.00  1   !  -9.99000e+02  -99.000  -99.000  -999
OBS: 279  57832.605   137.00   0.0000e+00   8.4221e-01   5.0693e-01   0  H  0.00  1   !  -9.99000e+02  -99.000  -99.000  -999
OBS: 279  57834.605   139.00   0.0000e+00   7.6398e-01   4.5985e-01   0  H  0.00  1   !  -9.99000e+02  -99.000  -99.000  -999
