VARNAMES: CID MJD Tobs SIM_FLUXCAL FLUXCAL FLUXCAL_ERR DATAFLAG BAND CHI2 IFIT BAND_REST FLUX_REST KCOR AVWARP SIM_FLUX_REST 
OBS: 160  57707.594    13.31   5.3596e+01   5.4018e+01   4.7987e-01   1  J  0.00  1   Y  1.27239e+18  -0.391  -1.831  1.00000e+11
OBS: 160  57712.715    18.43   5.3316e+01   5.3335e+01   4.7760e-01   1  J  0.02  1   Y  1.30301e+18  -0.352  -1.487  1.00000e+11
OBS: 160  57719.605    25.32   6.3214e+01   6.3040e+01   5.0891e-01   1  J  0.08  1   Y  1.61961e+18  -0.297  -1.009  1.00000e+11
OBS: 160  57635.285   -59.00   0.0000e+00   0.0000e+00   0.0000e+00   0  J  0.00  1   !  -9.99000e+02  -99.000  -99.000  -999
OBS: 160  57637.285   -57.00   0.0000e+00   0.0000e+00   0.0000e+00   0  J  0.00  1   !  -9.99000e+02  -99.000  -99.000  -999
OBS: 160  57639.285   -55.00   0.0000e+00   0.0000e+00   0.0000e+00   0  J  0.00  1   !  -9.99000e+02  -99.000  -99.000  -999
OBS: 160  57641.285   -53.00   0.0000e+00   0.0000e+00   0.0000e+00   0  J  0.00  1   !  -9.99000e+02  -99.000  -99.000  -999
OBS: 160  57643.285   -51.00   0.0000e+00   0.0000e+00   0.0000e+00   0  J  0.00  1   !  -9.99000e+02  -99.000  -99.000  -999
OBS: 160  57645.285   -49.00   0.0000e+00   0.0000e+00   0.0000e+00   0  J  0.00  1   !  -9.99000e+02  -99.000  -99.000  -999
OBS: 160  57647.285   -47.00   0.0000e+00   0.0000e+00   0.0000e+00   0  J  0.00  1   !  -9.99000e+02  -99.000  -99.000  -999
OBS: 160  57649.285   -45.00   0.0000e+00   0.0000e+00   0.0000e+00   0  J  0.00  1   !  -9.99000e+02  -99.000  -99.000  -999
OBS: 160  57651.285   -43.00   0.0000e+00   0.0000e+00   0.0000e+00   0  J  0.00  1   !  -9.99000e+02  -99.000  -99.000  -999
OBS: 160  57653.285   -41.00   0.0000e+00   0.0000e+00   0.0000e+00   0  J  0.00  1   !  -9.99000e+02  -99.000  -99.000  -999
OBS: 160  57655.285   -39.00   0.0000e+00   0.0000e+00   0.0000e+00   0  J  0.00  1   !  -9.99000e+02  -99.000  -99.000  -999
OBS: 160  57657.285   -37.00   0.0000e+00   0.0000e+00   0.0000e+00   0  J  0.00  1   !  -9.99000e+02  -99.000  -99.000  -999
OBS: 160  57659.285   -35.00   0.0000e+00   0.0000e+00   0.0000e+00   0  J  0.00  1   !  -9.99000e+02  -99.000  -99.000  -999
OBS: 160  57661.285   -33.00   0.0000e+00   0.0000e+00   0.0000e+00   0  J  0.00  1   !  -9.99000e+02  -99.000  -99.000  -999
OBS: 160  57663.285   -31.00   0.0000e+00   0.0000e+00   0.0000e+00   0  J  0.00  1   !  -9.99000e+02  -99.000  -99.000  -999
OBS: 160  57665.285   -29.00   0.0000e+00   0.0000e+00   0.0000e+00   0  J  0.00  1   !  -9.99000e+02  -99.000  -99.000  -999
OBS: 160  57667.285   -27.00   0.0000e+00   9.9031e+00   5.9608e+00   0  J  0.00  1   !  -9.99000e+02  -99.000  -99.000  -999
OBS: 160  57669.285   -25.00   0.0000e+00   1.3223e+01   7.9593e+00   0  J  0.00  1   !  -9.99000e+02  -99.000  -99.000  -999
OBS: 160  57671.285   -23.00   0.0000e+00   1.3392e+01   8.0606e+00   0  J  0.00  1   !  -9.99000e+02  -99.000  -99.000  -999
OBS: 160  57673.285   -21.00   0.0000e+00   1.3378e+01   8.0526e+00   0  J  0.00  1   !  -9.99000e+02  -99.000  -99.000  -999
OBS: 160  57675.285   -19.00   0.0000e+00   2.1486e+01   5.0970e+00   0  J  0.00  1   !  -9.99000e+02  -99.000  -99.000  -999
OBS: 160  57677.285   -17.00   0.0000e+00   3.3284e+01   3.6387e+00   0  J  0.00  1   !  -9.99000e+02  -99.000  -99.000  -999
OBS: 160  57679.285   -15.00   0.0000e+00   4.5772e+01   2.4048e+00   0  J  0.00  1   !  -9.99000e+02  -99.000  -99.000  -999
OBS: 160  57681.285   -13.00   0.0000e+00   5.6249e+01   1.9355e+00   0  J  0.00  1   !  -9.99000e+02  -99.000  -99.000  -999
OBS: 160  57683.285   -11.00   0.0000e+00   6.6182e+01   1.6992e+00   0  J  0.00  1   !  -9.99000e+02  -99.000  -99.000  -999
OBS: 160  57685.285    -9.00   0.0000e+00   7.4964e+01   1.7738e+00   0  J  0.00  1   !  -9.99000e+02  -99.000  -99.000  -999
OBS: 160  57687.285    -7.00   0.0000e+00   8.1650e+01   2.0510e+00   0  J  0.00  1   !  -9.99000e+02  -99.000  -99.000  -999
OBS: 160  57689.285    -5.00   0.0000e+00   8.5050e+01   2.2258e+00   0  J  0.00  1   !  -9.99000e+02  -99.000  -99.000  -999
OBS: 160  57691.285    -3.00   0.0000e+00   8.4462e+01   2.0966e+00   0  J  0.00  1   !  -9.99000e+02  -99.000  -99.000  -999
OBS: 160  57693.285    -1.00   0.0000e+00   8.1354e+01   2.0473e+00   0  J  0.00  1   !  -9.99000e+02  -99.000  -99.000  -999
OBS: 160  57695.285     1.00   0.0000e+00   7.6750e+01   2.3116e+00   0  J  0.00  1   !  -9.99000e+02  -99.000  -99.000  -999
OBS: 160  57697.285     3.00   0.0000e+00   7.1738e+01   2.6560e+00   0  J  0.00  1   !  -9.99000e+02  -99.000  -99.000  -999
OBS: 160  57699.285     5.00   0.0000e+00   6.7063e+01   2.7486e+00   0  J  0.00  1   !  -9.99000e+02  -99.000  -99.000  -999
OBS: 160  57701.285     7.00   0.0000e+00   6.3277e+01   2.6303e+00   0  J  0.00  1   !  -9.99000e+02  -99.000  -99.000  -999
OBS: 160  57703.285     9.00   0.0000e+00   5.9414e+01   2.5303e+00   0  J  0.00  1   !  -9.99000e+02  -99.000  -99.000  -999
OBS: 160  57705.285    11.00   0.0000e+00   5.6164e+01   2.6895e+00   0  J  0.00  1   !  -9.99000e+02  -99.000  -99.000  -999
OBS: 160  57707.285    13.00   0.0000e+00   5.4225e+01   2.9359e+00   0  J  0.00  1   !  -9.99000e+02  -99.000  -99.000  -999
OBS: 160  57709.285    15.00   0.0000e+00   5.3583e+01   3.0145e+00   0  J  0.00  1   !  -9.99000e+02  -99.000  -99.000  -999
OBS: 160  57711.285    17.00   0.0000e+00   5.3497e+01   2.8988e+00   0  J  0.00  1   !  -9.99000e+02  -99.000  -99.000  -999
OBS: 160  57713.285    19.00   0.0000e+00   5.3900e+01   2.6745e+00   0  J  0.00  1   !  -9.99000e+02  -99.000  -99.000  -999
OBS: 160  57715.285    21.00   0.0000e+00   5.6528e+01   2.6236e+00   0  J  0.00  1   !  -9.99000e+02  -99.000  -99.000  -999
OBS: 160  57717.285    23.00   0.0000e+00   5.9932e+01   2.6189e+00   0  J  0.00  1   !  -9.99000e+02  -99.000  -99.000  -999
OBS: 160  57719.285    25.00   0.0000e+00   6.3140e+01   2.3626e+00   0  J  0.00  1   !  -9.99000e+02  -99.000  -99.000  -999
OBS: 160  57721.285    27.00   0.0000e+00   6.6076e+01   2.0652e+00   0  J  0.00  1   !  -9.99000e+02  -99.000  -99.000  -999
OBS: 160  57723.285    29.00   0.0000e+00   6.6804e+01   1.9915e+00   0  J  0.00  1   !  -9.99000e+02  -99.000  -99.000  -999
OBS: 160  57725.285    31.00   0.0000e+00   6.7176e+01   2.0828e+00   0  J  0.00  1   !  -9.99000e+02  -99.000  -99.000  -999
OBS: 160  57727.285    33.00   0.0000e+00   6.9411e+01   2.1048e+00   0  J  0.00  1   !  -9.99000e+02  -99.000  -99.000  -999
OBS: 160  57729.285    35.00   0.0000e+00   7.2080e+01   2.0531e+00   0  J  0.00  1   !  -9.99000e+02  -99.000  -99.000  -999
OBS: 160  57731.285    37.00   0.0000e+00   7.3915e+01   2.0026e+00   0  J  0.00  1   !  -9.99000e+02  -99.000  -99.000  -999
OBS: 160  57733.285    39.00   0.0000e+00   7.3490e+01   2.1170e+00   0  J  0.00  1   !  -9.99000e+02  -99.000  -99.000  -999
OBS: 160  57735.285    41.00   0.0000e+00   7.1930e+01   2.2530e+00   0  J  0.00  1   !  -9.99000e+02  -99.000  -99.000  -999
OBS: 160  57737.285    43.00   0.0000e+00   6.9447e+01   2.3759e+00   0  J  0.00  1   !  -9.99000e+02  -99.000  -99.000  -999
OBS: 160  57739.285    45.00   0.0000e+00   6.6521e+01   2.2526e+00   0  J  0.00  1   !  -9.99000e+02  -99.000  -99.000  -999
OBS: 160  57741.285    47.00   0.0000e+00   6.2808e+01   2.0708e+00   0  J  0.00  1   !  -9.99000e+02  -99.000  -99.000  -999
OBS: 160  57743.285    49.00   0.0000e+00   5.9392e+01   2.0481e+00   0  J  0.00  1   !  -9.99000e+02  -99.000  -99.000  -999
OBS: 160  57745.285    51.00   0.0000e+00   5.6158e+01   2.1913e+00   0  J  0.00  1   !  -9.99000e+02  -99.000  -99.000  -999
OBS: 160  57747.285    53.00   0.0000e+00   5.2276e+01   2.1981e+00   0  J  0.00  1   !  -9.99000e+02  -99.000  -99.000  -999
OBS: 160  57749.285    55.00   0.0000e+00   4.8079e+01   1.9617e+00   0  J  0.00  1   !  -9.99000e+02  -99.000  -99.000  -999
OBS: 160  57751.285    57.00   0.0000e+00   4.4020e+01   1.6295e+00   0  J  0.00  1   !  -9.99000e+02  -99.000  -99.000  -999
OBS: 160  57753.285    59.00   0.0000e+00   4.0379e+01   1.3171e+00   0  J  0.00  1   !  -9.99000e+02  -99.000  -99.000  -999
OBS: 160  57755.285    61.00   0.0000e+00   3.7347e+01   1.1248e+00   0  J  0.00  1   !  -9.99000e+02  -99.000  -99.000  -999
OBS: 160  57757.285    63.00   0.0000e+00   3.4593e+01   1.0031e+00   0  J  0.00  1   !  -9.99000e+02  -99.000  -99.000  -999
OBS: 160  57759.285    65.00   0.0000e+00   3.2018e+01   1.0241e+00   0  J  0.00  1   !  -9.99000e+02  -99.000  -99.000  -999
OBS: 160  57761.285    67.00   0.0000e+00   2.9346e+01   1.1322e+00   0  J  0.00  1   !  -9.99000e+02  -99.000  -99.000  -999
OBS: 160  57763.285    69.00   0.0000e+00   2.6458e+01   1.0539e+01   0  J  0.00  1   !  -9.99000e+02  -99.000  -99.000  -999
OBS: 160  57765.285    71.00   0.0000e+00   2.3573e+01   1.4189e+01   0  J  0.00  1   !  -9.99000e+02  -99.000  -99.000  -999
OBS: 160  57767.285    73.00   0.0000e+00   2.1240e+01   1.2785e+01   0  J  0.00  1   !  -9.99000e+02  -99.000  -99.000  -999
OBS: 160  57769.285    75.00   0.0000e+00   1.9762e+01   1.1895e+01   0  J  0.00  1   !  -9.99000e+02  -99.000  -99.000  -999
OBS: 160  57771.285    77.00   0.0000e+00   1.8477e+01   1.1122e+01   0  J  0.00  1   !  -9.99000e+02  -99.000  -99.000  -999
OBS: 160  57773.285    79.00   0.0000e+00   1.7404e+01   1.0475e+01   0  J  0.00  1   !  -9.99000e+02  -99.000  -99.000  -999
OBS: 160  57775.285    81.00   0.0000e+00   1.6572e+01   9.9747e+00   0  J  0.00  1   !  -9.99000e+02  -99.000  -99.000  -999
OBS: 160  57777.285    83.00   0.0000e+00   1.5281e+01   9.1975e+00   0  J  0.00  1   !  -9.99000e+02  -99.000  -99.000  -999
OBS: 160  57779.285    85.00   0.0000e+00   1.3550e+01   8.1557e+00   0  J  0.00  1   !  -9.99000e+02  -99.000  -99.000  -999
OBS: 160  57781.285    87.00   0.0000e+00   1.2100e+01   7.2831e+00   0  J  0.00  1   !  -9.99000e+02  -99.000  -99.000  -999
OBS: 160  57783.285    89.00   0.0000e+00   1.0916e+01   6.5704e+00   0  J  0.00  1   !  -9.99000e+02  -99.000  -99.000  -999
OBS: 160  57785.285    91.00   0.0000e+00   9.9335e+00   5.9791e+00   0  J  0.00  1   !  -9.99000e+02  -99.000  -99.000  -999
OBS: 160  57787.285    93.00   0.0000e+00   9.1163e+00   5.4872e+00   0  J  0.00  1   !  -9.99000e+02  -99.000  -99.000  -999
OBS: 160  57789.285    95.00   0.0000e+00   8.4170e+00   5.0663e+00   0  J  0.00  1   !  -9.99000e+02  -99.000  -99.000  -999
OBS: 160  57791.285    97.00   0.0000e+00   7.8158e+00   4.7044e+00   0  J  0.00  1   !  -9.99000e+02  -99.000  -99.000  -999
OBS: 160  57793.285    99.00   0.0000e+00   7.2891e+00   4.3874e+00   0  J  0.00  1   !  -9.99000e+02  -99.000  -99.000  -999
OBS: 160  57795.285   101.00   0.0000e+00   6.8275e+00   4.1095e+00   0  J  0.00  1   !  -9.99000e+02  -99.000  -99.000  -999
OBS: 160  57797.285   103.00   0.0000e+00   6.2687e+00   3.7732e+00   0  J  0.00  1   !  -9.99000e+02  -99.000  -99.000  -999
OBS: 160  57799.285   105.00   0.0000e+00   5.7549e+00   3.4639e+00   0  J  0.00  1   !  -9.99000e+02  -99.000  -99.000  -999
OBS: 160  57801.285   107.00   0.0000e+00   5.2881e+00   3.1830e+00   0  J  0.00  1   !  -9.99000e+02  -99.000  -99.000  -999
OBS: 160  57803.285   109.00   0.0000e+00   4.8645e+00   2.9280e+00   0  J  0.00  1   !  -9.99000e+02  -99.000  -99.000  -999
OBS: 160  57805.285   111.00   0.0000e+00   4.4792e+00   2.6961e+00   0  J  0.00  1   !  -9.99000e+02  -99.000  -99.000  -999
OBS: 160  57807.285   113.00   0.0000e+00   4.1311e+00   2.4866e+00   0  J  0.00  1   !  -9.99000e+02  -99.000  -99.000  -999
OBS: 160  57809.285   115.00   0.0000e+00   3.8154e+00   2.2965e+00   0  J  0.00  1   !  -9.99000e+02  -99.000  -99.000  -999
OBS: 160  57811.285   117.00   0.0000e+00   3.5045e+00   2.1094e+00   0  J  0.00  1   !  -9.99000e+02  -99.000  -99.000  -999
OBS: 160  57813.285   119.00   0.0000e+00   3.1891e+00   1.9196e+00   0  J  0.00  1   !  -9.99000e+02  -99.000  -99.000  -999
OBS: 160  57815.285   121.00   0.0000e+00   2.9021e+00   1.7468e+00   0  J  0.00  1   !  -9.99000e+02  -99.000  -99.000  -999
OBS: 160  57817.285   123.00   0.0000e+00   2.6408e+00   1.5895e+00   0  J  0.00  1   !  -9.99000e+02  -99.000  -99.000  -999
OBS: 160  57819.285   125.00   0.0000e+00   2.4030e+00   1.4464e+00   0  J  0.00  1   !  -9.99000e+02  -99.000  -99.000  -999
OBS: 160  57821.285   127.00   0.0000e+00   2.1865e+00   1.3161e+00   0  J  0.00  1   !  -9.99000e+02  -99.000  -99.000  -999
OBS: 160  57823.285   129.00   0.0000e+00   1.9895e+00   1.1975e+00   0  J  0.00  1   !  -9.99000e+02  -99.000  -99.000  -999
OBS: 160  57825.285   131.00   0.0000e+00   1.8101e+00   1.0895e+00   0  J  0.00  1   !  -9.99000e+02  -99.000  -99.000  -999
OBS: 160  57827.285   133.00   0.0000e+00   1.6470e+00   9.9136e-01   0  J  0.00  1   !  -9.99000e+02  -99.000  -99.000  -999
OBS: 160  57829.285   135.00   0.0000e+00   1.4985e+00   9.0196e-01   0  J  0.00  1   !  -9.99000e+02  -99.000  -99.000  -999
OBS: 160  57831.285   137.00   0.0000e+00   1.3633e+00   8.2056e-01   0  J  0.00  1   !  -9.99000e+02  -99.000  -99.000  -999
OBS: 160  57833.285   139.00   0.0000e+00   1.2403e+00   7.4653e-01   0  J  0.00  1   !  -9.99000e+02  -99.000  -99.000  -999
OBS: 160  57707.590    13.30   2.2256e+01   2.2681e+01   4.5928e-01   1  H  0.12  1   J  9.93980e+17  0.283  1.005  1.00000e+11
OBS: 160  57712.711    18.43   2.1453e+01   2.1642e+01   4.5458e-01   1  H  0.04  1   J  8.53854e+17  0.169  2.308  1.00000e+11
OBS: 160  57719.602    25.32   2.5594e+01   2.6004e+01   4.7401e-01   1  H  0.13  1   J  9.38049e+17  0.071  2.878  1.00000e+11
OBS: 160  57635.285   -59.00   0.0000e+00   0.0000e+00   0.0000e+00   0  H  0.00  1   !  -9.99000e+02  -99.000  -99.000  -999
OBS: 160  57637.285   -57.00   0.0000e+00   0.0000e+00   0.0000e+00   0  H  0.00  1   !  -9.99000e+02  -99.000  -99.000  -999
OBS: 160  57639.285   -55.00   0.0000e+00   0.0000e+00   0.0000e+00   0  H  0.00  1   !  -9.99000e+02  -99.000  -99.000  -999
OBS: 160  57641.285   -53.00   0.0000e+00   0.0000e+00   0.0000e+00   0  H  0.00  1   !  -9.99000e+02  -99.000  -99.000  -999
OBS: 160  57643.285   -51.00   0.0000e+00   0.0000e+00   0.0000e+00   0  H  0.00  1   !  -9.99000e+02  -99.000  -99.000  -999
OBS: 160  57645.285   -49.00   0.0000e+00   0.0000e+00   0.0000e+00   0  H  0.00  1   !  -9.99000e+02  -99.000  -99.000  -999
OBS: 160  57647.285   -47.00   0.0000e+00   0.0000e+00   0.0000e+00   0  H  0.00  1   !  -9.99000e+02  -99.000  -99.000  -999
OBS: 160  57649.285   -45.00   0.0000e+00   0.0000e+00   0.0000e+00   0  H  0.00  1   !  -9.99000e+02  -99.000  -99.000  -999
OBS: 160  57651.285   -43.00   0.0000e+00   0.0000e+00   0.0000e+00   0  H  0.00  1   !  -9.99000e+02  -99.000  -99.000  -999
OBS: 160  57653.285   -41.00   0.0000e+00   0.0000e+00   0.0000e+00   0  H  0.00  1   !  -9.99000e+02  -99.000  -99.000  -999
OBS: 160  57655.285   -39.00   0.0000e+00   0.0000e+00   0.0000e+00   0  H  0.00  1   !  -9.99000e+02  -99.000  -99.000  -999
OBS: 160  57657.285   -37.00   0.0000e+00   0.0000e+00   0.0000e+00   0  H  0.00  1   !  -9.99000e+02  -99.000  -99.000  -999
OBS: 160  57659.285   -35.00   0.0000e+00   0.0000e+00   0.0000e+00   0  H  0.00  1   !  -9.99000e+02  -99.000  -99.000  -999
OBS: 160  57661.285   -33.00   0.0000e+00   0.0000e+00   0.0000e+00   0  H  0.00  1   !  -9.99000e+02  -99.000  -99.000  -999
OBS: 160  57663.285   -31.00   0.0000e+00   0.0000e+00   0.0000e+00   0  H  0.00  1   !  -9.99000e+02  -99.000  -99.000  -999
OBS: 160  57665.285   -29.00   0.0000e+00   0.0000e+00   0.0000e+00   0  H  0.00  1   !  -9.99000e+02  -99.000  -99.000  -999
OBS: 160  57667.285   -27.00   0.0000e+00   1.8081e+01   1.0883e+01   0  H  0.00  1   !  -9.99000e+02  -99.000  -99.000  -999
OBS: 160  57669.285   -25.00   0.0000e+00   1.8964e+01   1.1414e+01   0  H  0.00  1   !  -9.99000e+02  -99.000  -99.000  -999
OBS: 160  57671.285   -23.00   0.0000e+00   1.9692e+01   1.1853e+01   0  H  0.00  1   !  -9.99000e+02  -99.000  -99.000  -999
OBS: 160  57673.285   -21.00   0.0000e+00   1.9558e+01   1.1772e+01   0  H  0.00  1   !  -9.99000e+02  -99.000  -99.000  -999
OBS: 160  57675.285   -19.00   0.0000e+00   2.5788e+01   2.8402e+00   0  H  0.00  1   !  -9.99000e+02  -99.000  -99.000  -999
OBS: 160  57677.285   -17.00   0.0000e+00   3.4641e+01   1.4821e+00   0  H  0.00  1   !  -9.99000e+02  -99.000  -99.000  -999
OBS: 160  57679.285   -15.00   0.0000e+00   4.4029e+01   1.1170e+00   0  H  0.00  1   !  -9.99000e+02  -99.000  -99.000  -999
OBS: 160  57681.285   -13.00   0.0000e+00   5.1403e+01   1.4529e+00   0  H  0.00  1   !  -9.99000e+02  -99.000  -99.000  -999
OBS: 160  57683.285   -11.00   0.0000e+00   5.6301e+01   1.5261e+00   0  H  0.00  1   !  -9.99000e+02  -99.000  -99.000  -999
OBS: 160  57685.285    -9.00   0.0000e+00   5.8551e+01   1.4431e+00   0  H  0.00  1   !  -9.99000e+02  -99.000  -99.000  -999
OBS: 160  57687.285    -7.00   0.0000e+00   5.9663e+01   1.3257e+00   0  H  0.00  1   !  -9.99000e+02  -99.000  -99.000  -999
OBS: 160  57689.285    -5.00   0.0000e+00   5.8735e+01   1.3892e+00   0  H  0.00  1   !  -9.99000e+02  -99.000  -99.000  -999
OBS: 160  57691.285    -3.00   0.0000e+00   5.6102e+01   1.4960e+00   0  H  0.00  1   !  -9.99000e+02  -99.000  -99.000  -999
OBS: 160  57693.285    -1.00   0.0000e+00   5.2377e+01   1.5246e+00   0  H  0.00  1   !  -9.99000e+02  -99.000  -99.000  -999
OBS: 160  57695.285     1.00   0.0000e+00   4.7056e+01   1.5462e+00   0  H  0.00  1   !  -9.99000e+02  -99.000  -99.000  -999
OBS: 160  57697.285     3.00   0.0000e+00   4.1092e+01   1.5231e+00   0  H  0.00  1   !  -9.99000e+02  -99.000  -99.000  -999
OBS: 160  57699.285     5.00   0.0000e+00   3.5674e+01   1.4816e+00   0  H  0.00  1   !  -9.99000e+02  -99.000  -99.000  -999
OBS: 160  57701.285     7.00   0.0000e+00   3.1520e+01   1.4663e+00   0  H  0.00  1   !  -9.99000e+02  -99.000  -99.000  -999
OBS: 160  57703.285     9.00   0.0000e+00   2.7701e+01   1.5257e+00   0  H  0.00  1   !  -9.99000e+02  -99.000  -99.000  -999
OBS: 160  57705.285    11.00   0.0000e+00   2.4462e+01   1.7078e+00   0  H  0.00  1   !  -9.99000e+02  -99.000  -99.000  -999
OBS: 160  57707.285    13.00   0.0000e+00   2.2236e+01   2.0074e+00   0  H  0.00  1   !  -9.99000e+02  -99.000  -99.000  -999
OBS: 160  57709.285    15.00   0.0000e+00   2.0861e+01   2.1520e+00   0  H  0.00  1   !  -9.99000e+02  -99.000  -99.000  -999
OBS: 160  57711.285    17.00   0.0000e+00   2.0744e+01   2.1268e+00   0  H  0.00  1   !  -9.99000e+02  -99.000  -99.000  -999
OBS: 160  57713.285    19.00   0.0000e+00   2.1461e+01   2.1160e+00   0  H  0.00  1   !  -9.99000e+02  -99.000  -99.000  -999
OBS: 160  57715.285    21.00   0.0000e+00   2.2427e+01   1.8752e+00   0  H  0.00  1   !  -9.99000e+02  -99.000  -99.000  -999
OBS: 160  57717.285    23.00   0.0000e+00   2.3621e+01   1.6555e+00   0  H  0.00  1   !  -9.99000e+02  -99.000  -99.000  -999
OBS: 160  57719.285    25.00   0.0000e+00   2.5062e+01   1.8034e+00   0  H  0.00  1   !  -9.99000e+02  -99.000  -99.000  -999
OBS: 160  57721.285    27.00   0.0000e+00   2.6753e+01   2.2231e+00   0  H  0.00  1   !  -9.99000e+02  -99.000  -99.000  -999
OBS: 160  57723.285    29.00   0.0000e+00   2.8989e+01   2.5912e+00   0  H  0.00  1   !  -9.99000e+02  -99.000  -99.000  -999
OBS: 160  57725.285    31.00   0.0000e+00   3.1397e+01   2.8266e+00   0  H  0.00  1   !  -9.99000e+02  -99.000  -99.000  -999
OBS: 160  57727.285    33.00   0.0000e+00   3.3164e+01   2.9527e+00   0  H  0.00  1   !  -9.99000e+02  -99.000  -99.000  -999
OBS: 160  57729.285    35.00   0.0000e+00   3.4935e+01   3.0493e+00   0  H  0.00  1   !  -9.99000e+02  -99.000  -99.000  -999
OBS: 160  57731.285    37.00   0.0000e+00   3.6909e+01   3.1428e+00   0  H  0.00  1   !  -9.99000e+02  -99.000  -99.000  -999
OBS: 160  57733.285    39.00   0.0000e+00   3.8999e+01   3.4894e+00   0  H  0.00  1   !  -9.99000e+02  -99.000  -99.000  -999
OBS: 160  57735.285    41.00   0.0000e+00   4.1044e+01   4.0418e+00   0  H  0.00  1   !  -9.99000e+02  -99.000  -99.000  -999
OBS: 160  57737.285    43.00   0.0000e+00   4.3010e+01   4.5985e+00   0  H  0.00  1   !  -9.99000e+02  -99.000  -99.000  -999
OBS: 160  57739.285    45.00   0.0000e+00   4.4736e+01   5.0160e+00   0  H  0.00  1   !  -9.99000e+02  -99.000  -99.000  -999
OBS: 160  57741.285    47.00   0.0000e+00   4.5152e+01   5.2912e+00   0  H  0.00  1   !  -9.99000e+02  -99.000  -99.000  -999
OBS: 160  57743.285    49.00   0.0000e+00   4.4039e+01   5.4832e+00   0  H  0.00  1   !  -9.99000e+02  -99.000  -99.000  -999
OBS: 160  57745.285    51.00   0.0000e+00   4.1291e+01   5.3583e+00   0  H  0.00  1   !  -9.99000e+02  -99.000  -99.000  -999
OBS: 160  57747.285    53.00   0.0000e+00   3.7663e+01   4.8763e+00   0  H  0.00  1   !  -9.99000e+02  -99.000  -99.000  -999
OBS: 160  57749.285    55.00   0.0000e+00   3.3674e+01   4.1622e+00   0  H  0.00  1   !  -9.99000e+02  -99.000  -99.000  -999
OBS: 160  57751.285    57.00   0.0000e+00   2.9974e+01   3.4397e+00   0  H  0.00  1   !  -9.99000e+02  -99.000  -99.000  -999
OBS: 160  57753.285    59.00   0.0000e+00   2.7141e+01   3.0450e+00   0  H  0.00  1   !  -9.99000e+02  -99.000  -99.000  -999
OBS: 160  57755.285    61.00   0.0000e+00   2.5327e+01   3.7487e+00   0  H  0.00  1   !  -9.99000e+02  -99.000  -99.000  -999
OBS: 160  57757.285    63.00   0.0000e+00   2.4199e+01   5.5822e+00   0  H  0.00  1   !  -9.99000e+02  -99.000  -99.000  -999
OBS: 160  57759.285    65.00   0.0000e+00   2.3166e+01   7.6316e+00   0  H  0.00  1   !  -9.99000e+02  -99.000  -99.000  -999
OBS: 160  57761.285    67.00   0.0000e+00   2.1959e+01   9.1200e+00   0  H  0.00  1   !  -9.99000e+02  -99.000  -99.000  -999
OBS: 160  57763.285    69.00   0.0000e+00   2.0615e+01   1.1116e+01   0  H  0.00  1   !  -9.99000e+02  -99.000  -99.000  -999
OBS: 160  57765.285    71.00   0.0000e+00   1.9294e+01   1.1613e+01   0  H  0.00  1   !  -9.99000e+02  -99.000  -99.000  -999
OBS: 160  57767.285    73.00   0.0000e+00   1.7878e+01   1.0761e+01   0  H  0.00  1   !  -9.99000e+02  -99.000  -99.000  -999
OBS: 160  57769.285    75.00   0.0000e+00   1.6293e+01   9.8067e+00   0  H  0.00  1   !  -9.99000e+02  -99.000  -99.000  -999
OBS: 160  57771.285    77.00   0.0000e+00   1.4933e+01   8.9885e+00   0  H  0.00  1   !  -9.99000e+02  -99.000  -99.000  -999
OBS: 160  57773.285    79.00   0.0000e+00   1.3785e+01   8.2975e+00   0  H  0.00  1   !  -9.99000e+02  -99.000  -99.000  -999
OBS: 160  57775.285    81.00   0.0000e+00   1.2874e+01   7.7490e+00   0  H  0.00  1   !  -9.99000e+02  -99.000  -99.000  -999
OBS: 160  57777.285    83.00   0.0000e+00   1.1606e+01   6.9859e+00   0  H  0.00  1   !  -9.99000e+02  -99.000  -99.000  -999
OBS: 160  57779.285    85.00   0.0000e+00   1.0184e+01   6.1297e+00   0  H  0.00  1   !  -9.99000e+02  -99.000  -99.000  -999
OBS: 160  57781.285    87.00   0.0000e+00   9.0716e+00   5.4603e+00   0  H  0.00  1   !  -9.99000e+02  -99.000  -99.000  -999
OBS: 160  57783.285    89.00   0.0000e+00   8.3273e+00   5.0123e+00   0  H  0.00  1   !  -9.99000e+02  -99.000  -99.000  -999
OBS: 160  57785.285    91.00   0.0000e+00   7.7183e+00   4.6458e+00   0  H  0.00  1   !  -9.99000e+02  -99.000  -99.000  -999
OBS: 160  57787.285    93.00   0.0000e+00   7.1615e+00   4.3106e+00   0  H  0.00  1   !  -9.99000e+02  -99.000  -99.000  -999
OBS: 160  57789.285    95.00   0.0000e+00   6.6258e+00   3.9881e+00   0  H  0.00  1   !  -9.99000e+02  -99.000  -99.000  -999
OBS: 160  57791.285    97.00   0.0000e+00   6.0878e+00   3.6643e+00   0  H  0.00  1   !  -9.99000e+02  -99.000  -99.000  -999
OBS: 160  57793.285    99.00   0.0000e+00   5.5158e+00   3.3200e+00   0  H  0.00  1   !  -9.99000e+02  -99.000  -99.000  -999
OBS: 160  57795.285   101.00   0.0000e+00   4.9248e+00   2.9643e+00   0  H  0.00  1   !  -9.99000e+02  -99.000  -99.000  -999
OBS: 160  57797.285   103.00   0.0000e+00   4.6807e+00   2.8174e+00   0  H  0.00  1   !  -9.99000e+02  -99.000  -99.000  -999
OBS: 160  57799.285   105.00   0.0000e+00   4.4590e+00   2.6839e+00   0  H  0.00  1   !  -9.99000e+02  -99.000  -99.000  -999
OBS: 160  57801.285   107.00   0.0000e+00   4.2529e+00   2.5599e+00   0  H  0.00  1   !  -9.99000e+02  -99.000  -99.000  -999
OBS: 160  57803.285   109.00   0.0000e+00   4.0614e+00   2.4446e+00   0  H  0.00  1   !  -9.99000e+02  -99.000  -99.000  -999
OBS: 160  57805.285   111.00   0.0000e+00   3.8810e+00   2.3360e+00   0  H  0.00  1   !  -9.99000e+02  -99.000  -99.000  -999
OBS: 160  57807.285   113.00   0.0000e+00   3.7066e+00   2.2310e+00   0  H  0.00  1   !  -9.99000e+02  -99.000  -99.000  -999
OBS: 160  57809.285   115.00   0.0000e+00   3.5366e+00   2.1287e+00   0  H  0.00  1   !  -9.99000e+02  -99.000  -99.000  -999
OBS: 160  57811.285   117.00   0.0000e+00   3.3883e+00   2.0394e+00   0  H  0.00  1   !  -9.99000e+02  -99.000  -99.000  -999
OBS: 160  57813.285   119.00   0.0000e+00   3.2671e+00   1.9665e+00   0  H  0.00  1   !  -9.99000e+02  -99.000  -99.000  -999
OBS: 160  57815.285   121.00   0.0000e+00   3.1502e+00   1.8962e+00   0  H  0.00  1   !  -9.99000e+02  -99.000  -99.000  -999
OBS: 160  57817.285   123.00   0.0000e+00   3.0376e+00   1.8283e+00   0  H  0.00  1   !  -9.99000e+02  -99.000  -99.000  -999
OBS: 160  57819.285   125.00   0.0000e+00   2.9289e+00   1.7629e+00   0  H  0.00  1   !  -9.99000e+02  -99.000  -99.000  -999
OBS: 160  57821.285   127.00   0.0000e+00   2.8242e+00   1.6999e+00   0  H  0.00  1   !  -9.99000e+02  -99.000  -99.000  -999
OBS: 160  57823.285   129.00   0.0000e+00   2.7231e+00   1.6391e+00   0  H  0.00  1   !  -9.99000e+02  -99.000  -99.000  -999
OBS: 160  57825.285   131.00   0.0000e+00   2.6257e+00   1.5805e+00   0  H  0.00  1   !  -9.99000e+02  -99.000  -99.000  -999
OBS: 160  57827.285   133.00   0.0000e+00   2.5318e+00   1.5239e+00   0  H  0.00  1   !  -9.99000e+02  -99.000  -99.000  -999
OBS: 160  57829.285   135.00   0.0000e+00   2.4413e+00   1.4694e+00   0  H  0.00  1   !  -9.99000e+02  -99.000  -99.000  -999
OBS: 160  57831.285   137.00   0.0000e+00   2.3540e+00   1.4169e+00   0  H  0.00  1   !  -9.99000e+02  -99.000  -99.000  -999
OBS: 160  57833.285   139.00   0.0000e+00   2.2698e+00   1.3662e+00   0  H  0.00  1   !  -9.99000e+02  -99.000  -99.000  -999
