VARNAMES: CID MJD Tobs SIM_FLUXCAL FLUXCAL FLUXCAL_ERR DATAFLAG BAND CHI2 IFIT BAND_REST FLUX_REST KCOR AVWARP SIM_FLUX_REST 
OBS: 51  57414.887    19.18   1.3973e+01   1.4070e+01   2.1848e-01   1  H  0.00  1   Y  1.23910e+18  0.135  1.742  1.00000e+11
OBS: 51  57421.488    25.78   1.6055e+01   1.6026e+01   2.2611e-01   1  H  0.01  1   Y  1.41786e+18  0.140  2.728  1.00000e+11
OBS: 51  57429.172    33.46   2.0271e+01   2.0362e+01   2.4217e-01   1  H  0.00  1   Y  1.85273e+18  0.171  1.479  1.00000e+11
OBS: 51  57336.707   -59.00   0.0000e+00   0.0000e+00   0.0000e+00   0  H  0.00  1   !  -9.99000e+02  -99.000  -99.000  -999
OBS: 51  57338.707   -57.00   0.0000e+00   0.0000e+00   0.0000e+00   0  H  0.00  1   !  -9.99000e+02  -99.000  -99.000  -999
OBS: 51  57340.707   -55.00   0.0000e+00   0.0000e+00   0.0000e+00   0  H  0.00  1   !  -9.99000e+02  -99.000  -99.000  -999
OBS: 51  57342.707   -53.00   0.0000e+00   0.0000e+00   0.0000e+00   0  H  0.00  1   !  -9.99000e+02  -99.000  -99.000  -999
OBS: 51  57344.707   -51.00   0.0000e+00   0.0000e+00   0.0000e+00   0  H  0.00  1   !  -9.99000e+02  -99.000  -99.000  -999
OBS: 51  57346.707   -49.00   0.0000e+00   0.0000e+00   0.0000e+00   0  H  0.00  1   !  -9.99000e+02  -99.000  -99.000  -999
OBS: 51  57348.707   -47.00   0.0000e+00   0.0000e+00   0.0000e+00   0  H  0.00  1   !  -9.99000e+02  -99.000  -99.000  -999
OBS: 51  57350.707   -45.00   0.0000e+00   0.0000e+00   0.0000e+00   0  H  0.00  1   !  -9.99000e+02  -99.000  -99.000  -999
OBS: 51  57352.707   -43.00   0.0000e+00   0.0000e+00   0.0000e+00   0  H  0.00  1   !  -9.99000e+02  -99.000  -99.000  -999
OBS: 51  57354.707   -41.00   0.0000e+00   0.0000e+00   0.0000e+00   0  H  0.00  1   !  -9.99000e+02  -99.000  -99.000  -999
OBS: 51  57356.707   -39.00   0.0000e+00   0.0000e+00   0.0000e+00   0  H  0.00  1   !  -9.99000e+02  -99.000  -99.000  -999
OBS: 51  57358.707   -37.00   0.0000e+00   0.0000e+00   0.0000e+00   0  H  0.00  1   !  -9.99000e+02  -99.000  -99.000  -999
OBS: 51  57360.707   -35.00   0.0000e+00   0.0000e+00   0.0000e+00   0  H  0.00  1   !  -9.99000e+02  -99.000  -99.000  -999
OBS: 51  57362.707   -33.00   0.0000e+00   0.0000e+00   0.0000e+00   0  H  0.00  1   !  -9.99000e+02  -99.000  -99.000  -999
OBS: 51  57364.707   -31.00   0.0000e+00   0.0000e+00   0.0000e+00   0  H  0.00  1   !  -9.99000e+02  -99.000  -99.000  -999
OBS: 51  57366.707   -29.00   0.0000e+00   5.6152e+00   3.3798e+00   0  H  0.00  1   !  -9.99000e+02  -99.000  -99.000  -999
OBS: 51  57368.707   -27.00   0.0000e+00   5.2127e+00   3.1376e+00   0  H  0.00  1   !  -9.99000e+02  -99.000  -99.000  -999
OBS: 51  57370.707   -25.00   0.0000e+00   5.2097e+00   3.1358e+00   0  H  0.00  1   !  -9.99000e+02  -99.000  -99.000  -999
OBS: 51  57372.707   -23.00   0.0000e+00   5.2081e+00   3.1348e+00   0  H  0.00  1   !  -9.99000e+02  -99.000  -99.000  -999
OBS: 51  57374.707   -21.00   0.0000e+00   8.0909e+00   1.6940e+00   0  H  0.00  1   !  -9.99000e+02  -99.000  -99.000  -999
OBS: 51  57376.707   -19.00   0.0000e+00   1.2001e+01   1.2688e+00   0  H  0.00  1   !  -9.99000e+02  -99.000  -99.000  -999
OBS: 51  57378.707   -17.00   0.0000e+00   1.6158e+01   1.0175e+00   0  H  0.00  1   !  -9.99000e+02  -99.000  -99.000  -999
OBS: 51  57380.707   -15.00   0.0000e+00   2.0349e+01   9.4967e-01   0  H  0.00  1   !  -9.99000e+02  -99.000  -99.000  -999
OBS: 51  57382.707   -13.00   0.0000e+00   2.4081e+01   9.2586e-01   0  H  0.00  1   !  -9.99000e+02  -99.000  -99.000  -999
OBS: 51  57384.707   -11.00   0.0000e+00   2.7420e+01   8.5224e-01   0  H  0.00  1   !  -9.99000e+02  -99.000  -99.000  -999
OBS: 51  57386.707    -9.00   0.0000e+00   2.9721e+01   8.0212e-01   0  H  0.00  1   !  -9.99000e+02  -99.000  -99.000  -999
OBS: 51  57388.707    -7.00   0.0000e+00   3.0643e+01   8.1784e-01   0  H  0.00  1   !  -9.99000e+02  -99.000  -99.000  -999
OBS: 51  57390.707    -5.00   0.0000e+00   3.0457e+01   8.6391e-01   0  H  0.00  1   !  -9.99000e+02  -99.000  -99.000  -999
OBS: 51  57392.707    -3.00   0.0000e+00   2.9104e+01   8.6040e-01   0  H  0.00  1   !  -9.99000e+02  -99.000  -99.000  -999
OBS: 51  57394.707    -1.00   0.0000e+00   2.6645e+01   8.1987e-01   0  H  0.00  1   !  -9.99000e+02  -99.000  -99.000  -999
OBS: 51  57396.707     1.00   0.0000e+00   2.4216e+01   8.0009e-01   0  H  0.00  1   !  -9.99000e+02  -99.000  -99.000  -999
OBS: 51  57398.707     3.00   0.0000e+00   2.2077e+01   8.0315e-01   0  H  0.00  1   !  -9.99000e+02  -99.000  -99.000  -999
OBS: 51  57400.707     5.00   0.0000e+00   2.0369e+01   8.2834e-01   0  H  0.00  1   !  -9.99000e+02  -99.000  -99.000  -999
OBS: 51  57402.707     7.00   0.0000e+00   1.8520e+01   8.1669e-01   0  H  0.00  1   !  -9.99000e+02  -99.000  -99.000  -999
OBS: 51  57404.707     9.00   0.0000e+00   1.6806e+01   7.9875e-01   0  H  0.00  1   !  -9.99000e+02  -99.000  -99.000  -999
OBS: 51  57406.707    11.00   0.0000e+00   1.5461e+01   8.0905e-01   0  H  0.00  1   !  -9.99000e+02  -99.000  -99.000  -999
OBS: 51  57408.707    13.00   0.0000e+00   1.4607e+01   8.3974e-01   0  H  0.00  1   !  -9.99000e+02  -99.000  -99.000  -999
OBS: 51  57410.707    15.00   0.0000e+00   1.4063e+01   8.6090e-01   0  H  0.00  1   !  -9.99000e+02  -99.000  -99.000  -999
OBS: 51  57412.707    17.00   0.0000e+00   1.3787e+01   8.5420e-01   0  H  0.00  1   !  -9.99000e+02  -99.000  -99.000  -999
OBS: 51  57414.707    19.00   0.0000e+00   1.3983e+01   8.4324e-01   0  H  0.00  1   !  -9.99000e+02  -99.000  -99.000  -999
OBS: 51  57416.707    21.00   0.0000e+00   1.4434e+01   8.2606e-01   0  H  0.00  1   !  -9.99000e+02  -99.000  -99.000  -999
OBS: 51  57418.707    23.00   0.0000e+00   1.5036e+01   8.2540e-01   0  H  0.00  1   !  -9.99000e+02  -99.000  -99.000  -999
OBS: 51  57420.707    25.00   0.0000e+00   1.5777e+01   8.3013e-01   0  H  0.00  1   !  -9.99000e+02  -99.000  -99.000  -999
OBS: 51  57422.707    27.00   0.0000e+00   1.6689e+01   8.4001e-01   0  H  0.00  1   !  -9.99000e+02  -99.000  -99.000  -999
OBS: 51  57424.707    29.00   0.0000e+00   1.7810e+01   8.6353e-01   0  H  0.00  1   !  -9.99000e+02  -99.000  -99.000  -999
OBS: 51  57426.707    31.00   0.0000e+00   1.8940e+01   8.8738e-01   0  H  0.00  1   !  -9.99000e+02  -99.000  -99.000  -999
OBS: 51  57428.707    33.00   0.0000e+00   2.0055e+01   9.0924e-01   0  H  0.00  1   !  -9.99000e+02  -99.000  -99.000  -999
OBS: 51  57430.707    35.00   0.0000e+00   2.1372e+01   9.1301e-01   0  H  0.00  1   !  -9.99000e+02  -99.000  -99.000  -999
OBS: 51  57432.707    37.00   0.0000e+00   2.3291e+01   9.1507e-01   0  H  0.00  1   !  -9.99000e+02  -99.000  -99.000  -999
OBS: 51  57434.707    39.00   0.0000e+00   2.5445e+01   9.1258e-01   0  H  0.00  1   !  -9.99000e+02  -99.000  -99.000  -999
OBS: 51  57436.707    41.00   0.0000e+00   2.7406e+01   9.2232e-01   0  H  0.00  1   !  -9.99000e+02  -99.000  -99.000  -999
OBS: 51  57438.707    43.00   0.0000e+00   2.8715e+01   9.3372e-01   0  H  0.00  1   !  -9.99000e+02  -99.000  -99.000  -999
OBS: 51  57440.707    45.00   0.0000e+00   2.9523e+01   9.4812e-01   0  H  0.00  1   !  -9.99000e+02  -99.000  -99.000  -999
OBS: 51  57442.707    47.00   0.0000e+00   2.9839e+01   9.5826e-01   0  H  0.00  1   !  -9.99000e+02  -99.000  -99.000  -999
OBS: 51  57444.707    49.00   0.0000e+00   2.9924e+01   9.6099e-01   0  H  0.00  1   !  -9.99000e+02  -99.000  -99.000  -999
OBS: 51  57446.707    51.00   0.0000e+00   2.9877e+01   9.3810e-01   0  H  0.00  1   !  -9.99000e+02  -99.000  -99.000  -999
OBS: 51  57448.707    53.00   0.0000e+00   2.9630e+01   9.0511e-01   0  H  0.00  1   !  -9.99000e+02  -99.000  -99.000  -999
OBS: 51  57450.707    55.00   0.0000e+00   2.9167e+01   9.3301e-01   0  H  0.00  1   !  -9.99000e+02  -99.000  -99.000  -999
OBS: 51  57452.707    57.00   0.0000e+00   2.8287e+01   9.6587e-01   0  H  0.00  1   !  -9.99000e+02  -99.000  -99.000  -999
OBS: 51  57454.707    59.00   0.0000e+00   2.7003e+01   9.8107e-01   0  H  0.00  1   !  -9.99000e+02  -99.000  -99.000  -999
OBS: 51  57456.707    61.00   0.0000e+00   2.5558e+01   9.6275e-01   0  H  0.00  1   !  -9.99000e+02  -99.000  -99.000  -999
OBS: 51  57458.707    63.00   0.0000e+00   2.4131e+01   9.2438e-01   0  H  0.00  1   !  -9.99000e+02  -99.000  -99.000  -999
OBS: 51  57460.707    65.00   0.0000e+00   2.2795e+01   8.7180e-01   0  H  0.00  1   !  -9.99000e+02  -99.000  -99.000  -999
OBS: 51  57462.707    67.00   0.0000e+00   2.1576e+01   8.0894e-01   0  H  0.00  1   !  -9.99000e+02  -99.000  -99.000  -999
OBS: 51  57464.707    69.00   0.0000e+00   2.0439e+01   7.7636e-01   0  H  0.00  1   !  -9.99000e+02  -99.000  -99.000  -999
OBS: 51  57466.707    71.00   0.0000e+00   1.9296e+01   7.7993e-01   0  H  0.00  1   !  -9.99000e+02  -99.000  -99.000  -999
OBS: 51  57468.707    73.00   0.0000e+00   1.8026e+01   8.0739e-01   0  H  0.00  1   !  -9.99000e+02  -99.000  -99.000  -999
OBS: 51  57470.707    75.00   0.0000e+00   1.6632e+01   8.3186e-01   0  H  0.00  1   !  -9.99000e+02  -99.000  -99.000  -999
OBS: 51  57472.707    77.00   0.0000e+00   1.5156e+01   9.1224e+00   0  H  0.00  1   !  -9.99000e+02  -99.000  -99.000  -999
OBS: 51  57474.707    79.00   0.0000e+00   1.3665e+01   8.2254e+00   0  H  0.00  1   !  -9.99000e+02  -99.000  -99.000  -999
OBS: 51  57476.707    81.00   0.0000e+00   1.2325e+01   7.4187e+00   0  H  0.00  1   !  -9.99000e+02  -99.000  -99.000  -999
OBS: 51  57478.707    83.00   0.0000e+00   1.1171e+01   6.7241e+00   0  H  0.00  1   !  -9.99000e+02  -99.000  -99.000  -999
OBS: 51  57480.707    85.00   0.0000e+00   1.0204e+01   6.1417e+00   0  H  0.00  1   !  -9.99000e+02  -99.000  -99.000  -999
OBS: 51  57482.707    87.00   0.0000e+00   9.4181e+00   5.6688e+00   0  H  0.00  1   !  -9.99000e+02  -99.000  -99.000  -999
OBS: 51  57484.707    89.00   0.0000e+00   8.8025e+00   5.2984e+00   0  H  0.00  1   !  -9.99000e+02  -99.000  -99.000  -999
OBS: 51  57486.707    91.00   0.0000e+00   8.1446e+00   4.9023e+00   0  H  0.00  1   !  -9.99000e+02  -99.000  -99.000  -999
OBS: 51  57488.707    93.00   0.0000e+00   7.1488e+00   4.3030e+00   0  H  0.00  1   !  -9.99000e+02  -99.000  -99.000  -999
OBS: 51  57490.707    95.00   0.0000e+00   6.3281e+00   3.8090e+00   0  H  0.00  1   !  -9.99000e+02  -99.000  -99.000  -999
OBS: 51  57492.707    97.00   0.0000e+00   5.6527e+00   3.4024e+00   0  H  0.00  1   !  -9.99000e+02  -99.000  -99.000  -999
OBS: 51  57494.707    99.00   0.0000e+00   5.0802e+00   3.0578e+00   0  H  0.00  1   !  -9.99000e+02  -99.000  -99.000  -999
OBS: 51  57496.707   101.00   0.0000e+00   4.5943e+00   2.7654e+00   0  H  0.00  1   !  -9.99000e+02  -99.000  -99.000  -999
OBS: 51  57498.707   103.00   0.0000e+00   4.1850e+00   2.5190e+00   0  H  0.00  1   !  -9.99000e+02  -99.000  -99.000  -999
OBS: 51  57500.707   105.00   0.0000e+00   3.8271e+00   2.3036e+00   0  H  0.00  1   !  -9.99000e+02  -99.000  -99.000  -999
OBS: 51  57502.707   107.00   0.0000e+00   3.5143e+00   2.1153e+00   0  H  0.00  1   !  -9.99000e+02  -99.000  -99.000  -999
OBS: 51  57504.707   109.00   0.0000e+00   3.2308e+00   1.9446e+00   0  H  0.00  1   !  -9.99000e+02  -99.000  -99.000  -999
OBS: 51  57506.707   111.00   0.0000e+00   2.9871e+00   1.7979e+00   0  H  0.00  1   !  -9.99000e+02  -99.000  -99.000  -999
OBS: 51  57508.707   113.00   0.0000e+00   2.7401e+00   1.6493e+00   0  H  0.00  1   !  -9.99000e+02  -99.000  -99.000  -999
OBS: 51  57510.707   115.00   0.0000e+00   2.5080e+00   1.5096e+00   0  H  0.00  1   !  -9.99000e+02  -99.000  -99.000  -999
OBS: 51  57512.707   117.00   0.0000e+00   2.2961e+00   1.3820e+00   0  H  0.00  1   !  -9.99000e+02  -99.000  -99.000  -999
OBS: 51  57514.707   119.00   0.0000e+00   2.1032e+00   1.2659e+00   0  H  0.00  1   !  -9.99000e+02  -99.000  -99.000  -999
OBS: 51  57516.707   121.00   0.0000e+00   1.9276e+00   1.1603e+00   0  H  0.00  1   !  -9.99000e+02  -99.000  -99.000  -999
OBS: 51  57518.707   123.00   0.0000e+00   1.7680e+00   1.0642e+00   0  H  0.00  1   !  -9.99000e+02  -99.000  -99.000  -999
OBS: 51  57520.707   125.00   0.0000e+00   1.6231e+00   9.7694e-01   0  H  0.00  1   !  -9.99000e+02  -99.000  -99.000  -999
OBS: 51  57522.707   127.00   0.0000e+00   1.4919e+00   8.9798e-01   0  H  0.00  1   !  -9.99000e+02  -99.000  -99.000  -999
OBS: 51  57524.707   129.00   0.0000e+00   1.3679e+00   8.2335e-01   0  H  0.00  1   !  -9.99000e+02  -99.000  -99.000  -999
OBS: 51  57526.707   131.00   0.0000e+00   1.2485e+00   7.5147e-01   0  H  0.00  1   !  -9.99000e+02  -99.000  -99.000  -999
OBS: 51  57528.707   133.00   0.0000e+00   1.1395e+00   6.8587e-01   0  H  0.00  1   !  -9.99000e+02  -99.000  -99.000  -999
OBS: 51  57530.707   135.00   0.0000e+00   1.0400e+00   6.2600e-01   0  H  0.00  1   !  -9.99000e+02  -99.000  -99.000  -999
OBS: 51  57532.707   137.00   0.0000e+00   9.4923e-01   5.7135e-01   0  H  0.00  1   !  -9.99000e+02  -99.000  -99.000  -999
OBS: 51  57534.707   139.00   0.0000e+00   8.6636e-01   5.2147e-01   0  H  0.00  1   !  -9.99000e+02  -99.000  -99.000  -999
