VARNAMES: CID MJD Tobs SIM_FLUXCAL FLUXCAL FLUXCAL_ERR DATAFLAG BAND CHI2 IFIT BAND_REST FLUX_REST KCOR AVWARP SIM_FLUX_REST 
OBS: 104  57657.391    12.49   1.0976e+01   1.1200e+01   2.3765e-01   1  H  0.39  1   Y  9.67937e+17  0.129  -0.206  1.00000e+11
OBS: 104  57663.617    18.72   1.1672e+01   1.1622e+01   2.3918e-01   1  H  0.02  1   Y  1.02006e+18  0.146  -1.351  1.00000e+11
OBS: 104  57672.027    27.13   1.6930e+01   1.6478e+01   2.5619e-01   1  H  0.26  1   Y  1.43985e+18  0.141  -1.384  1.00000e+11
OBS: 104  57585.895   -59.00   0.0000e+00   0.0000e+00   0.0000e+00   0  H  0.00  1   !  -9.99000e+02  -99.000  -99.000  -999
OBS: 104  57587.895   -57.00   0.0000e+00   0.0000e+00   0.0000e+00   0  H  0.00  1   !  -9.99000e+02  -99.000  -99.000  -999
OBS: 104  57589.895   -55.00   0.0000e+00   0.0000e+00   0.0000e+00   0  H  0.00  1   !  -9.99000e+02  -99.000  -99.000  -999
OBS: 104  57591.895   -53.00   0.0000e+00   0.0000e+00   0.0000e+00   0  H  0.00  1   !  -9.99000e+02  -99.000  -99.000  -999
OBS: 104  57593.895   -51.00   0.0000e+00   0.0000e+00   0.0000e+00   0  H  0.00  1   !  -9.99000e+02  -99.000  -99.000  -999
OBS: 104  57595.895   -49.00   0.0000e+00   0.0000e+00   0.0000e+00   0  H  0.00  1   !  -9.99000e+02  -99.000  -99.000  -999
OBS: 104  57597.895   -47.00   0.0000e+00   0.0000e+00   0.0000e+00   0  H  0.00  1   !  -9.99000e+02  -99.000  -99.000  -999
OBS: 104  57599.895   -45.00   0.0000e+00   0.0000e+00   0.0000e+00   0  H  0.00  1   !  -9.99000e+02  -99.000  -99.000  -999
OBS: 104  57601.895   -43.00   0.0000e+00   0.0000e+00   0.0000e+00   0  H  0.00  1   !  -9.99000e+02  -99.000  -99.000  -999
OBS: 104  57603.895   -41.00   0.0000e+00   0.0000e+00   0.0000e+00   0  H  0.00  1   !  -9.99000e+02  -99.000  -99.000  -999
OBS: 104  57605.895   -39.00   0.0000e+00   0.0000e+00   0.0000e+00   0  H  0.00  1   !  -9.99000e+02  -99.000  -99.000  -999
OBS: 104  57607.895   -37.00   0.0000e+00   0.0000e+00   0.0000e+00   0  H  0.00  1   !  -9.99000e+02  -99.000  -99.000  -999
OBS: 104  57609.895   -35.00   0.0000e+00   0.0000e+00   0.0000e+00   0  H  0.00  1   !  -9.99000e+02  -99.000  -99.000  -999
OBS: 104  57611.895   -33.00   0.0000e+00   0.0000e+00   0.0000e+00   0  H  0.00  1   !  -9.99000e+02  -99.000  -99.000  -999
OBS: 104  57613.895   -31.00   0.0000e+00   0.0000e+00   0.0000e+00   0  H  0.00  1   !  -9.99000e+02  -99.000  -99.000  -999
OBS: 104  57615.895   -29.00   0.0000e+00   0.0000e+00   0.0000e+00   0  H  0.00  1   !  -9.99000e+02  -99.000  -99.000  -999
OBS: 104  57617.895   -27.00   0.0000e+00   0.0000e+00   0.0000e+00   0  H  0.00  1   !  -9.99000e+02  -99.000  -99.000  -999
OBS: 104  57619.895   -25.00   0.0000e+00   0.0000e+00   0.0000e+00   0  H  0.00  1   !  -9.99000e+02  -99.000  -99.000  -999
OBS: 104  57621.895   -23.00   0.0000e+00   0.0000e+00   0.0000e+00   0  H  0.00  1   !  -9.99000e+02  -99.000  -99.000  -999
OBS: 104  57623.895   -21.00   0.0000e+00   2.0623e-01   1.5130e-01   0  H  0.00  1   !  -9.99000e+02  -99.000  -99.000  -999
OBS: 104  57625.895   -19.00   0.0000e+00   5.6853e+00   1.6680e+00   0  H  0.00  1   !  -9.99000e+02  -99.000  -99.000  -999
OBS: 104  57627.895   -17.00   0.0000e+00   1.0077e+01   1.2841e+00   0  H  0.00  1   !  -9.99000e+02  -99.000  -99.000  -999
OBS: 104  57629.895   -15.00   0.0000e+00   1.4639e+01   8.9427e-01   0  H  0.00  1   !  -9.99000e+02  -99.000  -99.000  -999
OBS: 104  57631.895   -13.00   0.0000e+00   1.8822e+01   6.9148e-01   0  H  0.00  1   !  -9.99000e+02  -99.000  -99.000  -999
OBS: 104  57633.895   -11.00   0.0000e+00   2.2661e+01   5.9617e-01   0  H  0.00  1   !  -9.99000e+02  -99.000  -99.000  -999
OBS: 104  57635.895    -9.00   0.0000e+00   2.5618e+01   5.4477e-01   0  H  0.00  1   !  -9.99000e+02  -99.000  -99.000  -999
OBS: 104  57637.895    -7.00   0.0000e+00   2.6978e+01   5.2814e-01   0  H  0.00  1   !  -9.99000e+02  -99.000  -99.000  -999
OBS: 104  57639.895    -5.00   0.0000e+00   2.6936e+01   5.4121e-01   0  H  0.00  1   !  -9.99000e+02  -99.000  -99.000  -999
OBS: 104  57641.895    -3.00   0.0000e+00   2.5477e+01   5.6049e-01   0  H  0.00  1   !  -9.99000e+02  -99.000  -99.000  -999
OBS: 104  57643.895    -1.00   0.0000e+00   2.2770e+01   5.7654e-01   0  H  0.00  1   !  -9.99000e+02  -99.000  -99.000  -999
OBS: 104  57645.895     1.00   0.0000e+00   1.9935e+01   5.6077e-01   0  H  0.00  1   !  -9.99000e+02  -99.000  -99.000  -999
OBS: 104  57647.895     3.00   0.0000e+00   1.7361e+01   5.2842e-01   0  H  0.00  1   !  -9.99000e+02  -99.000  -99.000  -999
OBS: 104  57649.895     5.00   0.0000e+00   1.5270e+01   5.5666e-01   0  H  0.00  1   !  -9.99000e+02  -99.000  -99.000  -999
OBS: 104  57651.895     7.00   0.0000e+00   1.3409e+01   5.8943e-01   0  H  0.00  1   !  -9.99000e+02  -99.000  -99.000  -999
OBS: 104  57653.895     9.00   0.0000e+00   1.1978e+01   5.9078e-01   0  H  0.00  1   !  -9.99000e+02  -99.000  -99.000  -999
OBS: 104  57655.895    11.00   0.0000e+00   1.1148e+01   5.3951e-01   0  H  0.00  1   !  -9.99000e+02  -99.000  -99.000  -999
OBS: 104  57657.895    13.00   0.0000e+00   1.0827e+01   4.7352e-01   0  H  0.00  1   !  -9.99000e+02  -99.000  -99.000  -999
OBS: 104  57659.895    15.00   0.0000e+00   1.0834e+01   4.3171e-01   0  H  0.00  1   !  -9.99000e+02  -99.000  -99.000  -999
OBS: 104  57661.895    17.00   0.0000e+00   1.1063e+01   4.4083e-01   0  H  0.00  1   !  -9.99000e+02  -99.000  -99.000  -999
OBS: 104  57663.895    19.00   0.0000e+00   1.1650e+01   4.5707e-01   0  H  0.00  1   !  -9.99000e+02  -99.000  -99.000  -999
OBS: 104  57665.895    21.00   0.0000e+00   1.2483e+01   4.7482e-01   0  H  0.00  1   !  -9.99000e+02  -99.000  -99.000  -999
OBS: 104  57667.895    23.00   0.0000e+00   1.3567e+01   4.8012e-01   0  H  0.00  1   !  -9.99000e+02  -99.000  -99.000  -999
OBS: 104  57669.895    25.00   0.0000e+00   1.4941e+01   4.7748e-01   0  H  0.00  1   !  -9.99000e+02  -99.000  -99.000  -999
OBS: 104  57671.895    27.00   0.0000e+00   1.6636e+01   4.8985e-01   0  H  0.00  1   !  -9.99000e+02  -99.000  -99.000  -999
OBS: 104  57673.895    29.00   0.0000e+00   1.8566e+01   5.0446e-01   0  H  0.00  1   !  -9.99000e+02  -99.000  -99.000  -999
OBS: 104  57675.895    31.00   0.0000e+00   2.0412e+01   5.0874e-01   0  H  0.00  1   !  -9.99000e+02  -99.000  -99.000  -999
OBS: 104  57677.895    33.00   0.0000e+00   2.1962e+01   5.5603e-01   0  H  0.00  1   !  -9.99000e+02  -99.000  -99.000  -999
OBS: 104  57679.895    35.00   0.0000e+00   2.3122e+01   5.8557e-01   0  H  0.00  1   !  -9.99000e+02  -99.000  -99.000  -999
OBS: 104  57681.895    37.00   0.0000e+00   2.3940e+01   5.7614e-01   0  H  0.00  1   !  -9.99000e+02  -99.000  -99.000  -999
OBS: 104  57683.895    39.00   0.0000e+00   2.3978e+01   5.2780e-01   0  H  0.00  1   !  -9.99000e+02  -99.000  -99.000  -999
OBS: 104  57685.895    41.00   0.0000e+00   2.3008e+01   5.2279e-01   0  H  0.00  1   !  -9.99000e+02  -99.000  -99.000  -999
OBS: 104  57687.895    43.00   0.0000e+00   2.1521e+01   5.5070e-01   0  H  0.00  1   !  -9.99000e+02  -99.000  -99.000  -999
OBS: 104  57689.895    45.00   0.0000e+00   2.0029e+01   5.6163e-01   0  H  0.00  1   !  -9.99000e+02  -99.000  -99.000  -999
OBS: 104  57691.895    47.00   0.0000e+00   1.8688e+01   5.6652e-01   0  H  0.00  1   !  -9.99000e+02  -99.000  -99.000  -999
OBS: 104  57693.895    49.00   0.0000e+00   1.7473e+01   5.6981e-01   0  H  0.00  1   !  -9.99000e+02  -99.000  -99.000  -999
OBS: 104  57695.895    51.00   0.0000e+00   1.6316e+01   5.8337e-01   0  H  0.00  1   !  -9.99000e+02  -99.000  -99.000  -999
OBS: 104  57697.895    53.00   0.0000e+00   1.5209e+01   5.8503e-01   0  H  0.00  1   !  -9.99000e+02  -99.000  -99.000  -999
OBS: 104  57699.895    55.00   0.0000e+00   1.4153e+01   5.9336e-01   0  H  0.00  1   !  -9.99000e+02  -99.000  -99.000  -999
OBS: 104  57701.895    57.00   0.0000e+00   1.3071e+01   6.1866e-01   0  H  0.00  1   !  -9.99000e+02  -99.000  -99.000  -999
OBS: 104  57703.895    59.00   0.0000e+00   1.1990e+01   6.5125e-01   0  H  0.00  1   !  -9.99000e+02  -99.000  -99.000  -999
OBS: 104  57705.895    61.00   0.0000e+00   1.0968e+01   7.0388e-01   0  H  0.00  1   !  -9.99000e+02  -99.000  -99.000  -999
OBS: 104  57707.895    63.00   0.0000e+00   1.0002e+01   7.7347e-01   0  H  0.00  1   !  -9.99000e+02  -99.000  -99.000  -999
OBS: 104  57709.895    65.00   0.0000e+00   9.1048e+00   8.3412e-01   0  H  0.00  1   !  -9.99000e+02  -99.000  -99.000  -999
OBS: 104  57711.895    67.00   0.0000e+00   8.2923e+00   8.7680e-01   0  H  0.00  1   !  -9.99000e+02  -99.000  -99.000  -999
OBS: 104  57713.895    69.00   0.0000e+00   7.5875e+00   8.7502e-01   0  H  0.00  1   !  -9.99000e+02  -99.000  -99.000  -999
OBS: 104  57715.895    71.00   0.0000e+00   7.0010e+00   8.2928e-01   0  H  0.00  1   !  -9.99000e+02  -99.000  -99.000  -999
OBS: 104  57717.895    73.00   0.0000e+00   6.5090e+00   7.7806e-01   0  H  0.00  1   !  -9.99000e+02  -99.000  -99.000  -999
OBS: 104  57719.895    75.00   0.0000e+00   6.0924e+00   1.4507e+00   0  H  0.00  1   !  -9.99000e+02  -99.000  -99.000  -999
OBS: 104  57721.895    77.00   0.0000e+00   5.7447e+00   3.4578e+00   0  H  0.00  1   !  -9.99000e+02  -99.000  -99.000  -999
OBS: 104  57723.895    79.00   0.0000e+00   5.4476e+00   3.2790e+00   0  H  0.00  1   !  -9.99000e+02  -99.000  -99.000  -999
OBS: 104  57725.895    81.00   0.0000e+00   5.2056e+00   3.1333e+00   0  H  0.00  1   !  -9.99000e+02  -99.000  -99.000  -999
OBS: 104  57727.895    83.00   0.0000e+00   4.9752e+00   2.9946e+00   0  H  0.00  1   !  -9.99000e+02  -99.000  -99.000  -999
OBS: 104  57729.895    85.00   0.0000e+00   4.7324e+00   2.8485e+00   0  H  0.00  1   !  -9.99000e+02  -99.000  -99.000  -999
OBS: 104  57731.895    87.00   0.0000e+00   4.4489e+00   2.6778e+00   0  H  0.00  1   !  -9.99000e+02  -99.000  -99.000  -999
OBS: 104  57733.895    89.00   0.0000e+00   4.1319e+00   2.4870e+00   0  H  0.00  1   !  -9.99000e+02  -99.000  -99.000  -999
OBS: 104  57735.895    91.00   0.0000e+00   3.5686e+00   2.1480e+00   0  H  0.00  1   !  -9.99000e+02  -99.000  -99.000  -999
OBS: 104  57737.895    93.00   0.0000e+00   2.9696e+00   1.7874e+00   0  H  0.00  1   !  -9.99000e+02  -99.000  -99.000  -999
OBS: 104  57739.895    95.00   0.0000e+00   2.5056e+00   1.5081e+00   0  H  0.00  1   !  -9.99000e+02  -99.000  -99.000  -999
OBS: 104  57741.895    97.00   0.0000e+00   2.1628e+00   1.3018e+00   0  H  0.00  1   !  -9.99000e+02  -99.000  -99.000  -999
OBS: 104  57743.895    99.00   0.0000e+00   1.9280e+00   1.1605e+00   0  H  0.00  1   !  -9.99000e+02  -99.000  -99.000  -999
OBS: 104  57745.895   101.00   0.0000e+00   1.7673e+00   1.0638e+00   0  H  0.00  1   !  -9.99000e+02  -99.000  -99.000  -999
OBS: 104  57747.895   103.00   0.0000e+00   1.6516e+00   9.9410e-01   0  H  0.00  1   !  -9.99000e+02  -99.000  -99.000  -999
OBS: 104  57749.895   105.00   0.0000e+00   1.5576e+00   9.3754e-01   0  H  0.00  1   !  -9.99000e+02  -99.000  -99.000  -999
OBS: 104  57751.895   107.00   0.0000e+00   1.4713e+00   8.8557e-01   0  H  0.00  1   !  -9.99000e+02  -99.000  -99.000  -999
OBS: 104  57753.895   109.00   0.0000e+00   1.3925e+00   8.3818e-01   0  H  0.00  1   !  -9.99000e+02  -99.000  -99.000  -999
OBS: 104  57755.895   111.00   0.0000e+00   1.3181e+00   7.9335e-01   0  H  0.00  1   !  -9.99000e+02  -99.000  -99.000  -999
OBS: 104  57757.895   113.00   0.0000e+00   1.2386e+00   7.4551e-01   0  H  0.00  1   !  -9.99000e+02  -99.000  -99.000  -999
OBS: 104  57759.895   115.00   0.0000e+00   1.1643e+00   7.0078e-01   0  H  0.00  1   !  -9.99000e+02  -99.000  -99.000  -999
OBS: 104  57761.895   117.00   0.0000e+00   1.0951e+00   6.5914e-01   0  H  0.00  1   !  -9.99000e+02  -99.000  -99.000  -999
OBS: 104  57763.895   119.00   0.0000e+00   1.0307e+00   6.2038e-01   0  H  0.00  1   !  -9.99000e+02  -99.000  -99.000  -999
OBS: 104  57765.895   121.00   0.0000e+00   9.7073e-01   5.8429e-01   0  H  0.00  1   !  -9.99000e+02  -99.000  -99.000  -999
OBS: 104  57767.895   123.00   0.0000e+00   9.1528e-01   5.5092e-01   0  H  0.00  1   !  -9.99000e+02  -99.000  -99.000  -999
OBS: 104  57769.895   125.00   0.0000e+00   8.6404e-01   5.2008e-01   0  H  0.00  1   !  -9.99000e+02  -99.000  -99.000  -999
OBS: 104  57771.895   127.00   0.0000e+00   8.1703e-01   4.9178e-01   0  H  0.00  1   !  -9.99000e+02  -99.000  -99.000  -999
OBS: 104  57773.895   129.00   0.0000e+00   7.6555e-01   4.6079e-01   0  H  0.00  1   !  -9.99000e+02  -99.000  -99.000  -999
OBS: 104  57775.895   131.00   0.0000e+00   7.1715e-01   4.3166e-01   0  H  0.00  1   !  -9.99000e+02  -99.000  -99.000  -999
OBS: 104  57777.895   133.00   0.0000e+00   6.7181e-01   4.0437e-01   0  H  0.00  1   !  -9.99000e+02  -99.000  -99.000  -999
OBS: 104  57779.895   135.00   0.0000e+00   6.2934e-01   3.7881e-01   0  H  0.00  1   !  -9.99000e+02  -99.000  -99.000  -999
OBS: 104  57781.895   137.00   0.0000e+00   5.8955e-01   3.5486e-01   0  H  0.00  1   !  -9.99000e+02  -99.000  -99.000  -999
OBS: 104  57783.895   139.00   0.0000e+00   5.5228e-01   3.3243e-01   0  H  0.00  1   !  -9.99000e+02  -99.000  -99.000  -999
