VARNAMES: CID MJD Tobs SIM_FLUXCAL FLUXCAL FLUXCAL_ERR DATAFLAG BAND CHI2 IFIT BAND_REST FLUX_REST KCOR AVWARP SIM_FLUX_REST 
OBS: 194  57708.527    12.62   1.8397e+01   1.8253e+01   2.4423e-01   1  H  0.03  1   Y  1.31283e+18  0.313  1.119  1.00000e+11
OBS: 194  57716.543    20.64   1.7902e+01   1.8366e+01   2.4463e-01   1  H  0.21  1   Y  1.37367e+18  0.356  2.955  1.00000e+11
OBS: 194  57723.562    27.66   2.1860e+01   2.1749e+01   2.5635e-01   1  H  0.04  1   Y  1.65693e+18  0.376  3.111  1.00000e+11
OBS: 194  57636.906   -59.00   0.0000e+00   0.0000e+00   0.0000e+00   0  H  0.00  1   !  -9.99000e+02  -99.000  -99.000  -999
OBS: 194  57638.906   -57.00   0.0000e+00   0.0000e+00   0.0000e+00   0  H  0.00  1   !  -9.99000e+02  -99.000  -99.000  -999
OBS: 194  57640.906   -55.00   0.0000e+00   0.0000e+00   0.0000e+00   0  H  0.00  1   !  -9.99000e+02  -99.000  -99.000  -999
OBS: 194  57642.906   -53.00   0.0000e+00   0.0000e+00   0.0000e+00   0  H  0.00  1   !  -9.99000e+02  -99.000  -99.000  -999
OBS: 194  57644.906   -51.00   0.0000e+00   0.0000e+00   0.0000e+00   0  H  0.00  1   !  -9.99000e+02  -99.000  -99.000  -999
OBS: 194  57646.906   -49.00   0.0000e+00   0.0000e+00   0.0000e+00   0  H  0.00  1   !  -9.99000e+02  -99.000  -99.000  -999
OBS: 194  57648.906   -47.00   0.0000e+00   0.0000e+00   0.0000e+00   0  H  0.00  1   !  -9.99000e+02  -99.000  -99.000  -999
OBS: 194  57650.906   -45.00   0.0000e+00   0.0000e+00   0.0000e+00   0  H  0.00  1   !  -9.99000e+02  -99.000  -99.000  -999
OBS: 194  57652.906   -43.00   0.0000e+00   0.0000e+00   0.0000e+00   0  H  0.00  1   !  -9.99000e+02  -99.000  -99.000  -999
OBS: 194  57654.906   -41.00   0.0000e+00   0.0000e+00   0.0000e+00   0  H  0.00  1   !  -9.99000e+02  -99.000  -99.000  -999
OBS: 194  57656.906   -39.00   0.0000e+00   0.0000e+00   0.0000e+00   0  H  0.00  1   !  -9.99000e+02  -99.000  -99.000  -999
OBS: 194  57658.906   -37.00   0.0000e+00   0.0000e+00   0.0000e+00   0  H  0.00  1   !  -9.99000e+02  -99.000  -99.000  -999
OBS: 194  57660.906   -35.00   0.0000e+00   0.0000e+00   0.0000e+00   0  H  0.00  1   !  -9.99000e+02  -99.000  -99.000  -999
OBS: 194  57662.906   -33.00   0.0000e+00   0.0000e+00   0.0000e+00   0  H  0.00  1   !  -9.99000e+02  -99.000  -99.000  -999
OBS: 194  57664.906   -31.00   0.0000e+00   0.0000e+00   0.0000e+00   0  H  0.00  1   !  -9.99000e+02  -99.000  -99.000  -999
OBS: 194  57666.906   -29.00   0.0000e+00   0.0000e+00   0.0000e+00   0  H  0.00  1   !  -9.99000e+02  -99.000  -99.000  -999
OBS: 194  57668.906   -27.00   0.0000e+00   8.9630e+00   5.3949e+00   0  H  0.00  1   !  -9.99000e+02  -99.000  -99.000  -999
OBS: 194  57670.906   -25.00   0.0000e+00   9.3595e+00   5.6336e+00   0  H  0.00  1   !  -9.99000e+02  -99.000  -99.000  -999
OBS: 194  57672.906   -23.00   0.0000e+00   9.3887e+00   5.6511e+00   0  H  0.00  1   !  -9.99000e+02  -99.000  -99.000  -999
OBS: 194  57674.906   -21.00   0.0000e+00   1.0757e+01   5.2469e+00   0  H  0.00  1   !  -9.99000e+02  -99.000  -99.000  -999
OBS: 194  57676.906   -19.00   0.0000e+00   1.6685e+01   2.4887e+00   0  H  0.00  1   !  -9.99000e+02  -99.000  -99.000  -999
OBS: 194  57678.906   -17.00   0.0000e+00   2.3066e+01   1.6524e+00   0  H  0.00  1   !  -9.99000e+02  -99.000  -99.000  -999
OBS: 194  57680.906   -15.00   0.0000e+00   2.8912e+01   1.2198e+00   0  H  0.00  1   !  -9.99000e+02  -99.000  -99.000  -999
OBS: 194  57682.906   -13.00   0.0000e+00   3.3812e+01   1.0119e+00   0  H  0.00  1   !  -9.99000e+02  -99.000  -99.000  -999
OBS: 194  57684.906   -11.00   0.0000e+00   3.7309e+01   9.2394e-01   0  H  0.00  1   !  -9.99000e+02  -99.000  -99.000  -999
OBS: 194  57686.906    -9.00   0.0000e+00   3.9622e+01   9.3755e-01   0  H  0.00  1   !  -9.99000e+02  -99.000  -99.000  -999
OBS: 194  57688.906    -7.00   0.0000e+00   4.0727e+01   1.0359e+00   0  H  0.00  1   !  -9.99000e+02  -99.000  -99.000  -999
OBS: 194  57690.906    -5.00   0.0000e+00   4.0377e+01   1.0567e+00   0  H  0.00  1   !  -9.99000e+02  -99.000  -99.000  -999
OBS: 194  57692.906    -3.00   0.0000e+00   3.8918e+01   9.5910e-01   0  H  0.00  1   !  -9.99000e+02  -99.000  -99.000  -999
OBS: 194  57694.906    -1.00   0.0000e+00   3.6459e+01   9.1155e-01   0  H  0.00  1   !  -9.99000e+02  -99.000  -99.000  -999
OBS: 194  57696.906     1.00   0.0000e+00   3.3119e+01   9.6426e-01   0  H  0.00  1   !  -9.99000e+02  -99.000  -99.000  -999
OBS: 194  57698.906     3.00   0.0000e+00   2.9560e+01   1.0598e+00   0  H  0.00  1   !  -9.99000e+02  -99.000  -99.000  -999
OBS: 194  57700.906     5.00   0.0000e+00   2.6336e+01   1.0597e+00   0  H  0.00  1   !  -9.99000e+02  -99.000  -99.000  -999
OBS: 194  57702.906     7.00   0.0000e+00   2.3742e+01   9.8693e-01   0  H  0.00  1   !  -9.99000e+02  -99.000  -99.000  -999
OBS: 194  57704.906     9.00   0.0000e+00   2.1468e+01   8.9737e-01   0  H  0.00  1   !  -9.99000e+02  -99.000  -99.000  -999
OBS: 194  57706.906    11.00   0.0000e+00   1.9577e+01   8.7533e-01   0  H  0.00  1   !  -9.99000e+02  -99.000  -99.000  -999
OBS: 194  57708.906    13.00   0.0000e+00   1.8197e+01   9.3232e-01   0  H  0.00  1   !  -9.99000e+02  -99.000  -99.000  -999
OBS: 194  57710.906    15.00   0.0000e+00   1.7400e+01   9.6151e-01   0  H  0.00  1   !  -9.99000e+02  -99.000  -99.000  -999
OBS: 194  57712.906    17.00   0.0000e+00   1.7125e+01   9.6246e-01   0  H  0.00  1   !  -9.99000e+02  -99.000  -99.000  -999
OBS: 194  57714.906    19.00   0.0000e+00   1.7439e+01   9.3587e-01   0  H  0.00  1   !  -9.99000e+02  -99.000  -99.000  -999
OBS: 194  57716.906    21.00   0.0000e+00   1.8064e+01   8.8302e-01   0  H  0.00  1   !  -9.99000e+02  -99.000  -99.000  -999
OBS: 194  57718.906    23.00   0.0000e+00   1.8870e+01   8.6537e-01   0  H  0.00  1   !  -9.99000e+02  -99.000  -99.000  -999
OBS: 194  57720.906    25.00   0.0000e+00   2.0000e+01   8.7157e-01   0  H  0.00  1   !  -9.99000e+02  -99.000  -99.000  -999
OBS: 194  57722.906    27.00   0.0000e+00   2.1388e+01   7.9999e-01   0  H  0.00  1   !  -9.99000e+02  -99.000  -99.000  -999
OBS: 194  57724.906    29.00   0.0000e+00   2.3086e+01   7.2964e-01   0  H  0.00  1   !  -9.99000e+02  -99.000  -99.000  -999
OBS: 194  57726.906    31.00   0.0000e+00   2.5002e+01   7.3893e-01   0  H  0.00  1   !  -9.99000e+02  -99.000  -99.000  -999
OBS: 194  57728.906    33.00   0.0000e+00   2.6947e+01   8.1903e-01   0  H  0.00  1   !  -9.99000e+02  -99.000  -99.000  -999
OBS: 194  57730.906    35.00   0.0000e+00   2.8770e+01   8.9009e-01   0  H  0.00  1   !  -9.99000e+02  -99.000  -99.000  -999
OBS: 194  57732.906    37.00   0.0000e+00   3.0693e+01   8.9303e-01   0  H  0.00  1   !  -9.99000e+02  -99.000  -99.000  -999
OBS: 194  57734.906    39.00   0.0000e+00   3.2671e+01   9.0562e-01   0  H  0.00  1   !  -9.99000e+02  -99.000  -99.000  -999
OBS: 194  57736.906    41.00   0.0000e+00   3.4598e+01   9.5114e-01   0  H  0.00  1   !  -9.99000e+02  -99.000  -99.000  -999
OBS: 194  57738.906    43.00   0.0000e+00   3.6332e+01   1.0712e+00   0  H  0.00  1   !  -9.99000e+02  -99.000  -99.000  -999
OBS: 194  57740.906    45.00   0.0000e+00   3.7681e+01   1.2322e+00   0  H  0.00  1   !  -9.99000e+02  -99.000  -99.000  -999
OBS: 194  57742.906    47.00   0.0000e+00   3.8650e+01   1.3318e+00   0  H  0.00  1   !  -9.99000e+02  -99.000  -99.000  -999
OBS: 194  57744.906    49.00   0.0000e+00   3.9075e+01   1.3175e+00   0  H  0.00  1   !  -9.99000e+02  -99.000  -99.000  -999
OBS: 194  57746.906    51.00   0.0000e+00   3.8890e+01   1.2822e+00   0  H  0.00  1   !  -9.99000e+02  -99.000  -99.000  -999
OBS: 194  57748.906    53.00   0.0000e+00   3.8105e+01   1.3166e+00   0  H  0.00  1   !  -9.99000e+02  -99.000  -99.000  -999
OBS: 194  57750.906    55.00   0.0000e+00   3.6601e+01   1.4250e+00   0  H  0.00  1   !  -9.99000e+02  -99.000  -99.000  -999
OBS: 194  57752.906    57.00   0.0000e+00   3.4510e+01   1.4466e+00   0  H  0.00  1   !  -9.99000e+02  -99.000  -99.000  -999
OBS: 194  57754.906    59.00   0.0000e+00   3.2063e+01   1.3276e+00   0  H  0.00  1   !  -9.99000e+02  -99.000  -99.000  -999
OBS: 194  57756.906    61.00   0.0000e+00   2.9579e+01   1.1286e+00   0  H  0.00  1   !  -9.99000e+02  -99.000  -99.000  -999
OBS: 194  57758.906    63.00   0.0000e+00   2.7391e+01   9.3465e-01   0  H  0.00  1   !  -9.99000e+02  -99.000  -99.000  -999
OBS: 194  57760.906    65.00   0.0000e+00   2.5693e+01   7.9120e-01   0  H  0.00  1   !  -9.99000e+02  -99.000  -99.000  -999
OBS: 194  57762.906    67.00   0.0000e+00   2.4365e+01   7.0634e-01   0  H  0.00  1   !  -9.99000e+02  -99.000  -99.000  -999
OBS: 194  57764.906    69.00   0.0000e+00   2.3172e+01   6.8867e-01   0  H  0.00  1   !  -9.99000e+02  -99.000  -99.000  -999
OBS: 194  57766.906    71.00   0.0000e+00   2.1852e+01   7.4448e-01   0  H  0.00  1   !  -9.99000e+02  -99.000  -99.000  -999
OBS: 194  57768.906    73.00   0.0000e+00   2.0373e+01   1.1068e+01   0  H  0.00  1   !  -9.99000e+02  -99.000  -99.000  -999
OBS: 194  57770.906    75.00   0.0000e+00   1.8780e+01   1.1304e+01   0  H  0.00  1   !  -9.99000e+02  -99.000  -99.000  -999
OBS: 194  57772.906    77.00   0.0000e+00   1.7145e+01   1.0320e+01   0  H  0.00  1   !  -9.99000e+02  -99.000  -99.000  -999
OBS: 194  57774.906    79.00   0.0000e+00   1.5569e+01   9.3712e+00   0  H  0.00  1   !  -9.99000e+02  -99.000  -99.000  -999
OBS: 194  57776.906    81.00   0.0000e+00   1.4170e+01   8.5288e+00   0  H  0.00  1   !  -9.99000e+02  -99.000  -99.000  -999
OBS: 194  57778.906    83.00   0.0000e+00   1.2976e+01   7.8107e+00   0  H  0.00  1   !  -9.99000e+02  -99.000  -99.000  -999
OBS: 194  57780.906    85.00   0.0000e+00   1.1990e+01   7.2170e+00   0  H  0.00  1   !  -9.99000e+02  -99.000  -99.000  -999
OBS: 194  57782.906    87.00   0.0000e+00   1.0807e+01   6.5046e+00   0  H  0.00  1   !  -9.99000e+02  -99.000  -99.000  -999
OBS: 194  57784.906    89.00   0.0000e+00   9.3730e+00   5.6417e+00   0  H  0.00  1   !  -9.99000e+02  -99.000  -99.000  -999
OBS: 194  57786.906    91.00   0.0000e+00   8.2382e+00   4.9586e+00   0  H  0.00  1   !  -9.99000e+02  -99.000  -99.000  -999
OBS: 194  57788.906    93.00   0.0000e+00   7.3047e+00   4.3968e+00   0  H  0.00  1   !  -9.99000e+02  -99.000  -99.000  -999
OBS: 194  57790.906    95.00   0.0000e+00   6.5145e+00   3.9212e+00   0  H  0.00  1   !  -9.99000e+02  -99.000  -99.000  -999
OBS: 194  57792.906    97.00   0.0000e+00   5.8467e+00   3.5192e+00   0  H  0.00  1   !  -9.99000e+02  -99.000  -99.000  -999
OBS: 194  57794.906    99.00   0.0000e+00   5.2727e+00   3.1737e+00   0  H  0.00  1   !  -9.99000e+02  -99.000  -99.000  -999
OBS: 194  57796.906   101.00   0.0000e+00   4.7657e+00   2.8685e+00   0  H  0.00  1   !  -9.99000e+02  -99.000  -99.000  -999
OBS: 194  57798.906   103.00   0.0000e+00   4.2999e+00   2.5882e+00   0  H  0.00  1   !  -9.99000e+02  -99.000  -99.000  -999
OBS: 194  57800.906   105.00   0.0000e+00   3.8689e+00   2.3288e+00   0  H  0.00  1   !  -9.99000e+02  -99.000  -99.000  -999
OBS: 194  57802.906   107.00   0.0000e+00   3.4901e+00   2.1007e+00   0  H  0.00  1   !  -9.99000e+02  -99.000  -99.000  -999
OBS: 194  57804.906   109.00   0.0000e+00   3.1730e+00   1.9098e+00   0  H  0.00  1   !  -9.99000e+02  -99.000  -99.000  -999
OBS: 194  57806.906   111.00   0.0000e+00   2.8841e+00   1.7360e+00   0  H  0.00  1   !  -9.99000e+02  -99.000  -99.000  -999
OBS: 194  57808.906   113.00   0.0000e+00   2.6207e+00   1.5774e+00   0  H  0.00  1   !  -9.99000e+02  -99.000  -99.000  -999
OBS: 194  57810.906   115.00   0.0000e+00   2.3807e+00   1.4330e+00   0  H  0.00  1   !  -9.99000e+02  -99.000  -99.000  -999
OBS: 194  57812.906   117.00   0.0000e+00   2.1618e+00   1.3012e+00   0  H  0.00  1   !  -9.99000e+02  -99.000  -99.000  -999
OBS: 194  57814.906   119.00   0.0000e+00   1.9624e+00   1.1812e+00   0  H  0.00  1   !  -9.99000e+02  -99.000  -99.000  -999
OBS: 194  57816.906   121.00   0.0000e+00   1.7805e+00   1.0717e+00   0  H  0.00  1   !  -9.99000e+02  -99.000  -99.000  -999
OBS: 194  57818.906   123.00   0.0000e+00   1.6169e+00   9.7323e-01   0  H  0.00  1   !  -9.99000e+02  -99.000  -99.000  -999
OBS: 194  57820.906   125.00   0.0000e+00   1.4705e+00   8.8509e-01   0  H  0.00  1   !  -9.99000e+02  -99.000  -99.000  -999
OBS: 194  57822.906   127.00   0.0000e+00   1.3373e+00   8.0494e-01   0  H  0.00  1   !  -9.99000e+02  -99.000  -99.000  -999
OBS: 194  57824.906   129.00   0.0000e+00   1.2162e+00   7.3205e-01   0  H  0.00  1   !  -9.99000e+02  -99.000  -99.000  -999
OBS: 194  57826.906   131.00   0.0000e+00   1.1061e+00   6.6576e-01   0  H  0.00  1   !  -9.99000e+02  -99.000  -99.000  -999
OBS: 194  57828.906   133.00   0.0000e+00   1.0059e+00   6.0547e-01   0  H  0.00  1   !  -9.99000e+02  -99.000  -99.000  -999
OBS: 194  57830.906   135.00   0.0000e+00   9.1482e-01   5.5064e-01   0  H  0.00  1   !  -9.99000e+02  -99.000  -99.000  -999
OBS: 194  57832.906   137.00   0.0000e+00   8.3197e-01   5.0077e-01   0  H  0.00  1   !  -9.99000e+02  -99.000  -99.000  -999
OBS: 194  57834.906   139.00   0.0000e+00   7.5663e-01   4.5543e-01   0  H  0.00  1   !  -9.99000e+02  -99.000  -99.000  -999
