VARNAMES: CID MJD Tobs SIM_FLUXCAL FLUXCAL FLUXCAL_ERR DATAFLAG BAND CHI2 IFIT BAND_REST FLUX_REST KCOR AVWARP SIM_FLUX_REST 
OBS: 742  57714.719    16.42   1.9042e+01   1.8536e+01   2.2996e-01   1  H  0.02  1   Y  1.27072e+18  0.465  2.078  1.00000e+11
OBS: 742  57721.715    23.42   2.1216e+01   2.0995e+01   2.3905e-01   1  H  0.04  1   Y  1.46593e+18  0.485  3.699  1.00000e+11
OBS: 742  57729.527    31.24   2.7920e+01   2.7332e+01   2.6103e-01   1  H  0.00  1   Y  1.96929e+18  0.519  1.965  1.00000e+11
OBS: 742  57639.293   -59.00   0.0000e+00   0.0000e+00   0.0000e+00   0  H  0.00  1   !  -9.99000e+02  -99.000  -99.000  -999
OBS: 742  57641.293   -57.00   0.0000e+00   0.0000e+00   0.0000e+00   0  H  0.00  1   !  -9.99000e+02  -99.000  -99.000  -999
OBS: 742  57643.293   -55.00   0.0000e+00   0.0000e+00   0.0000e+00   0  H  0.00  1   !  -9.99000e+02  -99.000  -99.000  -999
OBS: 742  57645.293   -53.00   0.0000e+00   0.0000e+00   0.0000e+00   0  H  0.00  1   !  -9.99000e+02  -99.000  -99.000  -999
OBS: 742  57647.293   -51.00   0.0000e+00   0.0000e+00   0.0000e+00   0  H  0.00  1   !  -9.99000e+02  -99.000  -99.000  -999
OBS: 742  57649.293   -49.00   0.0000e+00   0.0000e+00   0.0000e+00   0  H  0.00  1   !  -9.99000e+02  -99.000  -99.000  -999
OBS: 742  57651.293   -47.00   0.0000e+00   0.0000e+00   0.0000e+00   0  H  0.00  1   !  -9.99000e+02  -99.000  -99.000  -999
OBS: 742  57653.293   -45.00   0.0000e+00   0.0000e+00   0.0000e+00   0  H  0.00  1   !  -9.99000e+02  -99.000  -99.000  -999
OBS: 742  57655.293   -43.00   0.0000e+00   0.0000e+00   0.0000e+00   0  H  0.00  1   !  -9.99000e+02  -99.000  -99.000  -999
OBS: 742  57657.293   -41.00   0.0000e+00   0.0000e+00   0.0000e+00   0  H  0.00  1   !  -9.99000e+02  -99.000  -99.000  -999
OBS: 742  57659.293   -39.00   0.0000e+00   0.0000e+00   0.0000e+00   0  H  0.00  1   !  -9.99000e+02  -99.000  -99.000  -999
OBS: 742  57661.293   -37.00   0.0000e+00   0.0000e+00   0.0000e+00   0  H  0.00  1   !  -9.99000e+02  -99.000  -99.000  -999
OBS: 742  57663.293   -35.00   0.0000e+00   0.0000e+00   0.0000e+00   0  H  0.00  1   !  -9.99000e+02  -99.000  -99.000  -999
OBS: 742  57665.293   -33.00   0.0000e+00   0.0000e+00   0.0000e+00   0  H  0.00  1   !  -9.99000e+02  -99.000  -99.000  -999
OBS: 742  57667.293   -31.00   0.0000e+00   0.0000e+00   0.0000e+00   0  H  0.00  1   !  -9.99000e+02  -99.000  -99.000  -999
OBS: 742  57669.293   -29.00   0.0000e+00   0.0000e+00   0.0000e+00   0  H  0.00  1   !  -9.99000e+02  -99.000  -99.000  -999
OBS: 742  57671.293   -27.00   0.0000e+00   9.9619e+00   5.9962e+00   0  H  0.00  1   !  -9.99000e+02  -99.000  -99.000  -999
OBS: 742  57673.293   -25.00   0.0000e+00   1.2095e+01   7.2799e+00   0  H  0.00  1   !  -9.99000e+02  -99.000  -99.000  -999
OBS: 742  57675.293   -23.00   0.0000e+00   1.2160e+01   7.3191e+00   0  H  0.00  1   !  -9.99000e+02  -99.000  -99.000  -999
OBS: 742  57677.293   -21.00   0.0000e+00   1.2355e+01   7.3265e+00   0  H  0.00  1   !  -9.99000e+02  -99.000  -99.000  -999
OBS: 742  57679.293   -19.00   0.0000e+00   1.9605e+01   3.3633e+00   0  H  0.00  1   !  -9.99000e+02  -99.000  -99.000  -999
OBS: 742  57681.293   -17.00   0.0000e+00   2.7746e+01   2.2195e+00   0  H  0.00  1   !  -9.99000e+02  -99.000  -99.000  -999
OBS: 742  57683.293   -15.00   0.0000e+00   3.5163e+01   1.5745e+00   0  H  0.00  1   !  -9.99000e+02  -99.000  -99.000  -999
OBS: 742  57685.293   -13.00   0.0000e+00   4.0626e+01   1.2743e+00   0  H  0.00  1   !  -9.99000e+02  -99.000  -99.000  -999
OBS: 742  57687.293   -11.00   0.0000e+00   4.4372e+01   1.1121e+00   0  H  0.00  1   !  -9.99000e+02  -99.000  -99.000  -999
OBS: 742  57689.293    -9.00   0.0000e+00   4.6544e+01   1.1014e+00   0  H  0.00  1   !  -9.99000e+02  -99.000  -99.000  -999
OBS: 742  57691.293    -7.00   0.0000e+00   4.7633e+01   1.2070e+00   0  H  0.00  1   !  -9.99000e+02  -99.000  -99.000  -999
OBS: 742  57693.293    -5.00   0.0000e+00   4.6927e+01   1.2281e+00   0  H  0.00  1   !  -9.99000e+02  -99.000  -99.000  -999
OBS: 742  57695.293    -3.00   0.0000e+00   4.5026e+01   1.1133e+00   0  H  0.00  1   !  -9.99000e+02  -99.000  -99.000  -999
OBS: 742  57697.293    -1.00   0.0000e+00   4.2255e+01   1.0553e+00   0  H  0.00  1   !  -9.99000e+02  -99.000  -99.000  -999
OBS: 742  57699.293     1.00   0.0000e+00   3.8345e+01   1.1191e+00   0  H  0.00  1   !  -9.99000e+02  -99.000  -99.000  -999
OBS: 742  57701.293     3.00   0.0000e+00   3.3985e+01   1.2006e+00   0  H  0.00  1   !  -9.99000e+02  -99.000  -99.000  -999
OBS: 742  57703.293     5.00   0.0000e+00   2.9980e+01   1.2124e+00   0  H  0.00  1   !  -9.99000e+02  -99.000  -99.000  -999
OBS: 742  57705.293     7.00   0.0000e+00   2.6935e+01   1.1411e+00   0  H  0.00  1   !  -9.99000e+02  -99.000  -99.000  -999
OBS: 742  57707.293     9.00   0.0000e+00   2.4190e+01   1.0142e+00   0  H  0.00  1   !  -9.99000e+02  -99.000  -99.000  -999
OBS: 742  57709.293    11.00   0.0000e+00   2.1832e+01   9.8960e-01   0  H  0.00  1   !  -9.99000e+02  -99.000  -99.000  -999
OBS: 742  57711.293    13.00   0.0000e+00   2.0095e+01   1.0323e+00   0  H  0.00  1   !  -9.99000e+02  -99.000  -99.000  -999
OBS: 742  57713.293    15.00   0.0000e+00   1.9000e+01   1.0578e+00   0  H  0.00  1   !  -9.99000e+02  -99.000  -99.000  -999
OBS: 742  57715.293    17.00   0.0000e+00   1.8638e+01   1.0437e+00   0  H  0.00  1   !  -9.99000e+02  -99.000  -99.000  -999
OBS: 742  57717.293    19.00   0.0000e+00   1.8995e+01   9.9953e-01   0  H  0.00  1   !  -9.99000e+02  -99.000  -99.000  -999
OBS: 742  57719.293    21.00   0.0000e+00   1.9654e+01   9.5305e-01   0  H  0.00  1   !  -9.99000e+02  -99.000  -99.000  -999
OBS: 742  57721.293    23.00   0.0000e+00   2.0577e+01   9.3706e-01   0  H  0.00  1   !  -9.99000e+02  -99.000  -99.000  -999
OBS: 742  57723.293    25.00   0.0000e+00   2.1782e+01   9.1908e-01   0  H  0.00  1   !  -9.99000e+02  -99.000  -99.000  -999
OBS: 742  57725.293    27.00   0.0000e+00   2.3232e+01   8.4098e-01   0  H  0.00  1   !  -9.99000e+02  -99.000  -99.000  -999
OBS: 742  57727.293    29.00   0.0000e+00   2.5081e+01   7.6902e-01   0  H  0.00  1   !  -9.99000e+02  -99.000  -99.000  -999
OBS: 742  57729.293    31.00   0.0000e+00   2.7144e+01   8.0446e-01   0  H  0.00  1   !  -9.99000e+02  -99.000  -99.000  -999
OBS: 742  57731.293    33.00   0.0000e+00   2.9047e+01   8.9613e-01   0  H  0.00  1   !  -9.99000e+02  -99.000  -99.000  -999
OBS: 742  57733.293    35.00   0.0000e+00   3.0726e+01   9.3570e-01   0  H  0.00  1   !  -9.99000e+02  -99.000  -99.000  -999
OBS: 742  57735.293    37.00   0.0000e+00   3.2523e+01   9.3952e-01   0  H  0.00  1   !  -9.99000e+02  -99.000  -99.000  -999
OBS: 742  57737.293    39.00   0.0000e+00   3.4438e+01   9.3617e-01   0  H  0.00  1   !  -9.99000e+02  -99.000  -99.000  -999
OBS: 742  57739.293    41.00   0.0000e+00   3.6437e+01   1.0288e+00   0  H  0.00  1   !  -9.99000e+02  -99.000  -99.000  -999
OBS: 742  57741.293    43.00   0.0000e+00   3.8303e+01   1.1758e+00   0  H  0.00  1   !  -9.99000e+02  -99.000  -99.000  -999
OBS: 742  57743.293    45.00   0.0000e+00   4.0120e+01   1.3597e+00   0  H  0.00  1   !  -9.99000e+02  -99.000  -99.000  -999
OBS: 742  57745.293    47.00   0.0000e+00   4.1350e+01   1.4165e+00   0  H  0.00  1   !  -9.99000e+02  -99.000  -99.000  -999
OBS: 742  57747.293    49.00   0.0000e+00   4.1888e+01   1.4147e+00   0  H  0.00  1   !  -9.99000e+02  -99.000  -99.000  -999
OBS: 742  57749.293    51.00   0.0000e+00   4.1400e+01   1.3898e+00   0  H  0.00  1   !  -9.99000e+02  -99.000  -99.000  -999
OBS: 742  57751.293    53.00   0.0000e+00   4.0022e+01   1.4682e+00   0  H  0.00  1   !  -9.99000e+02  -99.000  -99.000  -999
OBS: 742  57753.293    55.00   0.0000e+00   3.7862e+01   1.5240e+00   0  H  0.00  1   !  -9.99000e+02  -99.000  -99.000  -999
OBS: 742  57755.293    57.00   0.0000e+00   3.5113e+01   1.4780e+00   0  H  0.00  1   !  -9.99000e+02  -99.000  -99.000  -999
OBS: 742  57757.293    59.00   0.0000e+00   3.2165e+01   1.3018e+00   0  H  0.00  1   !  -9.99000e+02  -99.000  -99.000  -999
OBS: 742  57759.293    61.00   0.0000e+00   2.9423e+01   1.0593e+00   0  H  0.00  1   !  -9.99000e+02  -99.000  -99.000  -999
OBS: 742  57761.293    63.00   0.0000e+00   2.7273e+01   8.8109e-01   0  H  0.00  1   !  -9.99000e+02  -99.000  -99.000  -999
OBS: 742  57763.293    65.00   0.0000e+00   2.5759e+01   7.7555e-01   0  H  0.00  1   !  -9.99000e+02  -99.000  -99.000  -999
OBS: 742  57765.293    67.00   0.0000e+00   2.4577e+01   7.2604e-01   0  H  0.00  1   !  -9.99000e+02  -99.000  -99.000  -999
OBS: 742  57767.293    69.00   0.0000e+00   2.3418e+01   7.4668e-01   0  H  0.00  1   !  -9.99000e+02  -99.000  -99.000  -999
OBS: 742  57769.293    71.00   0.0000e+00   2.2087e+01   9.6086e+00   0  H  0.00  1   !  -9.99000e+02  -99.000  -99.000  -999
OBS: 742  57771.293    73.00   0.0000e+00   2.0629e+01   1.2417e+01   0  H  0.00  1   !  -9.99000e+02  -99.000  -99.000  -999
OBS: 742  57773.293    75.00   0.0000e+00   1.8999e+01   1.1436e+01   0  H  0.00  1   !  -9.99000e+02  -99.000  -99.000  -999
OBS: 742  57775.293    77.00   0.0000e+00   1.7295e+01   1.0410e+01   0  H  0.00  1   !  -9.99000e+02  -99.000  -99.000  -999
OBS: 742  57777.293    79.00   0.0000e+00   1.5754e+01   9.4826e+00   0  H  0.00  1   !  -9.99000e+02  -99.000  -99.000  -999
OBS: 742  57779.293    81.00   0.0000e+00   1.4404e+01   8.6700e+00   0  H  0.00  1   !  -9.99000e+02  -99.000  -99.000  -999
OBS: 742  57781.293    83.00   0.0000e+00   1.3268e+01   7.9862e+00   0  H  0.00  1   !  -9.99000e+02  -99.000  -99.000  -999
OBS: 742  57783.293    85.00   0.0000e+00   1.1921e+01   7.1753e+00   0  H  0.00  1   !  -9.99000e+02  -99.000  -99.000  -999
OBS: 742  57785.293    87.00   0.0000e+00   1.0286e+01   6.1910e+00   0  H  0.00  1   !  -9.99000e+02  -99.000  -99.000  -999
OBS: 742  57787.293    89.00   0.0000e+00   8.9878e+00   5.4098e+00   0  H  0.00  1   !  -9.99000e+02  -99.000  -99.000  -999
OBS: 742  57789.293    91.00   0.0000e+00   7.9098e+00   4.7610e+00   0  H  0.00  1   !  -9.99000e+02  -99.000  -99.000  -999
OBS: 742  57791.293    93.00   0.0000e+00   6.9980e+00   4.2122e+00   0  H  0.00  1   !  -9.99000e+02  -99.000  -99.000  -999
OBS: 742  57793.293    95.00   0.0000e+00   6.2315e+00   3.7508e+00   0  H  0.00  1   !  -9.99000e+02  -99.000  -99.000  -999
OBS: 742  57795.293    97.00   0.0000e+00   5.5736e+00   3.3548e+00   0  H  0.00  1   !  -9.99000e+02  -99.000  -99.000  -999
OBS: 742  57797.293    99.00   0.0000e+00   4.9866e+00   3.0015e+00   0  H  0.00  1   !  -9.99000e+02  -99.000  -99.000  -999
OBS: 742  57799.293   101.00   0.0000e+00   4.4443e+00   2.6750e+00   0  H  0.00  1   !  -9.99000e+02  -99.000  -99.000  -999
OBS: 742  57801.293   103.00   0.0000e+00   3.9335e+00   2.3676e+00   0  H  0.00  1   !  -9.99000e+02  -99.000  -99.000  -999
OBS: 742  57803.293   105.00   0.0000e+00   3.5243e+00   2.1213e+00   0  H  0.00  1   !  -9.99000e+02  -99.000  -99.000  -999
OBS: 742  57805.293   107.00   0.0000e+00   3.1906e+00   1.9205e+00   0  H  0.00  1   !  -9.99000e+02  -99.000  -99.000  -999
OBS: 742  57807.293   109.00   0.0000e+00   2.8873e+00   1.7379e+00   0  H  0.00  1   !  -9.99000e+02  -99.000  -99.000  -999
OBS: 742  57809.293   111.00   0.0000e+00   2.6109e+00   1.5716e+00   0  H  0.00  1   !  -9.99000e+02  -99.000  -99.000  -999
OBS: 742  57811.293   113.00   0.0000e+00   2.3595e+00   1.4202e+00   0  H  0.00  1   !  -9.99000e+02  -99.000  -99.000  -999
OBS: 742  57813.293   115.00   0.0000e+00   2.1307e+00   1.2825e+00   0  H  0.00  1   !  -9.99000e+02  -99.000  -99.000  -999
OBS: 742  57815.293   117.00   0.0000e+00   1.9221e+00   1.1570e+00   0  H  0.00  1   !  -9.99000e+02  -99.000  -99.000  -999
OBS: 742  57817.293   119.00   0.0000e+00   1.7320e+00   1.0425e+00   0  H  0.00  1   !  -9.99000e+02  -99.000  -99.000  -999
OBS: 742  57819.293   121.00   0.0000e+00   1.5684e+00   9.4402e-01   0  H  0.00  1   !  -9.99000e+02  -99.000  -99.000  -999
OBS: 742  57821.293   123.00   0.0000e+00   1.4213e+00   8.5549e-01   0  H  0.00  1   !  -9.99000e+02  -99.000  -99.000  -999
OBS: 742  57823.293   125.00   0.0000e+00   1.2880e+00   7.7526e-01   0  H  0.00  1   !  -9.99000e+02  -99.000  -99.000  -999
OBS: 742  57825.293   127.00   0.0000e+00   1.1672e+00   7.0256e-01   0  H  0.00  1   !  -9.99000e+02  -99.000  -99.000  -999
OBS: 742  57827.293   129.00   0.0000e+00   1.0578e+00   6.3668e-01   0  H  0.00  1   !  -9.99000e+02  -99.000  -99.000  -999
OBS: 742  57829.293   131.00   0.0000e+00   9.5856e-01   5.7697e-01   0  H  0.00  1   !  -9.99000e+02  -99.000  -99.000  -999
OBS: 742  57831.293   133.00   0.0000e+00   8.6867e-01   5.2286e-01   0  H  0.00  1   !  -9.99000e+02  -99.000  -99.000  -999
OBS: 742  57833.293   135.00   0.0000e+00   7.8721e-01   4.7383e-01   0  H  0.00  1   !  -9.99000e+02  -99.000  -99.000  -999
OBS: 742  57835.293   137.00   0.0000e+00   7.1339e-01   4.2939e-01   0  H  0.00  1   !  -9.99000e+02  -99.000  -99.000  -999
OBS: 742  57837.293   139.00   0.0000e+00   6.4649e-01   3.8913e-01   0  H  0.00  1   !  -9.99000e+02  -99.000  -99.000  -999
