VARNAMES: CID MJD Tobs SIM_FLUXCAL FLUXCAL FLUXCAL_ERR DATAFLAG BAND CHI2 IFIT BAND_REST FLUX_REST KCOR AVWARP SIM_FLUX_REST 
OBS: 512  57715.703    14.11   5.3635e+01   5.4351e+01   4.7763e-01   1  J  0.00  1   Y  1.11132e+18  -0.202  -1.396  1.00000e+11
OBS: 512  57723.895    22.30   6.7202e+01   6.6449e+01   5.1636e-01   1  J  0.42  1   Y  1.36899e+18  -0.193  -0.729  1.00000e+11
OBS: 512  57730.340    28.75   7.8326e+01   7.9023e+01   5.5376e-01   1  J  0.02  1   Y  1.82264e+18  -0.071  -0.722  1.00000e+11
OBS: 512  57642.590   -59.00   0.0000e+00   0.0000e+00   0.0000e+00   0  J  0.00  1   !  -9.99000e+02  -99.000  -99.000  -999
OBS: 512  57644.590   -57.00   0.0000e+00   0.0000e+00   0.0000e+00   0  J  0.00  1   !  -9.99000e+02  -99.000  -99.000  -999
OBS: 512  57646.590   -55.00   0.0000e+00   0.0000e+00   0.0000e+00   0  J  0.00  1   !  -9.99000e+02  -99.000  -99.000  -999
OBS: 512  57648.590   -53.00   0.0000e+00   0.0000e+00   0.0000e+00   0  J  0.00  1   !  -9.99000e+02  -99.000  -99.000  -999
OBS: 512  57650.590   -51.00   0.0000e+00   0.0000e+00   0.0000e+00   0  J  0.00  1   !  -9.99000e+02  -99.000  -99.000  -999
OBS: 512  57652.590   -49.00   0.0000e+00   0.0000e+00   0.0000e+00   0  J  0.00  1   !  -9.99000e+02  -99.000  -99.000  -999
OBS: 512  57654.590   -47.00   0.0000e+00   0.0000e+00   0.0000e+00   0  J  0.00  1   !  -9.99000e+02  -99.000  -99.000  -999
OBS: 512  57656.590   -45.00   0.0000e+00   0.0000e+00   0.0000e+00   0  J  0.00  1   !  -9.99000e+02  -99.000  -99.000  -999
OBS: 512  57658.590   -43.00   0.0000e+00   0.0000e+00   0.0000e+00   0  J  0.00  1   !  -9.99000e+02  -99.000  -99.000  -999
OBS: 512  57660.590   -41.00   0.0000e+00   0.0000e+00   0.0000e+00   0  J  0.00  1   !  -9.99000e+02  -99.000  -99.000  -999
OBS: 512  57662.590   -39.00   0.0000e+00   0.0000e+00   0.0000e+00   0  J  0.00  1   !  -9.99000e+02  -99.000  -99.000  -999
OBS: 512  57664.590   -37.00   0.0000e+00   0.0000e+00   0.0000e+00   0  J  0.00  1   !  -9.99000e+02  -99.000  -99.000  -999
OBS: 512  57666.590   -35.00   0.0000e+00   0.0000e+00   0.0000e+00   0  J  0.00  1   !  -9.99000e+02  -99.000  -99.000  -999
OBS: 512  57668.590   -33.00   0.0000e+00   0.0000e+00   0.0000e+00   0  J  0.00  1   !  -9.99000e+02  -99.000  -99.000  -999
OBS: 512  57670.590   -31.00   0.0000e+00   0.0000e+00   0.0000e+00   0  J  0.00  1   !  -9.99000e+02  -99.000  -99.000  -999
OBS: 512  57672.590   -29.00   0.0000e+00   0.0000e+00   0.0000e+00   0  J  0.00  1   !  -9.99000e+02  -99.000  -99.000  -999
OBS: 512  57674.590   -27.00   0.0000e+00   0.0000e+00   0.0000e+00   0  J  0.00  1   !  -9.99000e+02  -99.000  -99.000  -999
OBS: 512  57676.590   -25.00   0.0000e+00   1.0189e+01   6.1331e+00   0  J  0.00  1   !  -9.99000e+02  -99.000  -99.000  -999
OBS: 512  57678.590   -23.00   0.0000e+00   8.2443e+00   4.9623e+00   0  J  0.00  1   !  -9.99000e+02  -99.000  -99.000  -999
OBS: 512  57680.590   -21.00   0.0000e+00   8.2353e+00   4.9569e+00   0  J  0.00  1   !  -9.99000e+02  -99.000  -99.000  -999
OBS: 512  57682.590   -19.00   0.0000e+00   9.9638e+00   4.9975e+00   0  J  0.00  1   !  -9.99000e+02  -99.000  -99.000  -999
OBS: 512  57684.590   -17.00   0.0000e+00   2.6535e+01   3.0762e+00   0  J  0.00  1   !  -9.99000e+02  -99.000  -99.000  -999
OBS: 512  57686.590   -15.00   0.0000e+00   4.2733e+01   2.1267e+00   0  J  0.00  1   !  -9.99000e+02  -99.000  -99.000  -999
OBS: 512  57688.590   -13.00   0.0000e+00   5.7887e+01   1.9854e+00   0  J  0.00  1   !  -9.99000e+02  -99.000  -99.000  -999
OBS: 512  57690.590   -11.00   0.0000e+00   7.0598e+01   1.9951e+00   0  J  0.00  1   !  -9.99000e+02  -99.000  -99.000  -999
OBS: 512  57692.590    -9.00   0.0000e+00   8.2439e+01   1.8262e+00   0  J  0.00  1   !  -9.99000e+02  -99.000  -99.000  -999
OBS: 512  57694.590    -7.00   0.0000e+00   9.0001e+01   1.7916e+00   0  J  0.00  1   !  -9.99000e+02  -99.000  -99.000  -999
OBS: 512  57696.590    -5.00   0.0000e+00   9.2991e+01   1.8312e+00   0  J  0.00  1   !  -9.99000e+02  -99.000  -99.000  -999
OBS: 512  57698.590    -3.00   0.0000e+00   8.9622e+01   1.9263e+00   0  J  0.00  1   !  -9.99000e+02  -99.000  -99.000  -999
OBS: 512  57700.590    -1.00   0.0000e+00   8.3503e+01   2.0233e+00   0  J  0.00  1   !  -9.99000e+02  -99.000  -99.000  -999
OBS: 512  57702.590     1.00   0.0000e+00   7.6481e+01   2.1511e+00   0  J  0.00  1   !  -9.99000e+02  -99.000  -99.000  -999
OBS: 512  57704.590     3.00   0.0000e+00   6.9951e+01   2.3413e+00   0  J  0.00  1   !  -9.99000e+02  -99.000  -99.000  -999
OBS: 512  57706.590     5.00   0.0000e+00   6.4529e+01   2.4925e+00   0  J  0.00  1   !  -9.99000e+02  -99.000  -99.000  -999
OBS: 512  57708.590     7.00   0.0000e+00   6.0458e+01   2.5121e+00   0  J  0.00  1   !  -9.99000e+02  -99.000  -99.000  -999
OBS: 512  57710.590     9.00   0.0000e+00   5.6933e+01   2.4756e+00   0  J  0.00  1   !  -9.99000e+02  -99.000  -99.000  -999
OBS: 512  57712.590    11.00   0.0000e+00   5.4945e+01   2.5203e+00   0  J  0.00  1   !  -9.99000e+02  -99.000  -99.000  -999
OBS: 512  57714.590    13.00   0.0000e+00   5.4300e+01   2.6352e+00   0  J  0.00  1   !  -9.99000e+02  -99.000  -99.000  -999
OBS: 512  57716.590    15.00   0.0000e+00   5.4899e+01   2.7551e+00   0  J  0.00  1   !  -9.99000e+02  -99.000  -99.000  -999
OBS: 512  57718.590    17.00   0.0000e+00   5.6437e+01   2.7226e+00   0  J  0.00  1   !  -9.99000e+02  -99.000  -99.000  -999
OBS: 512  57720.590    19.00   0.0000e+00   5.9707e+01   2.6868e+00   0  J  0.00  1   !  -9.99000e+02  -99.000  -99.000  -999
OBS: 512  57722.590    21.00   0.0000e+00   6.4894e+01   2.7326e+00   0  J  0.00  1   !  -9.99000e+02  -99.000  -99.000  -999
OBS: 512  57724.590    23.00   0.0000e+00   7.0024e+01   2.8216e+00   0  J  0.00  1   !  -9.99000e+02  -99.000  -99.000  -999
OBS: 512  57726.590    25.00   0.0000e+00   7.4834e+01   2.9356e+00   0  J  0.00  1   !  -9.99000e+02  -99.000  -99.000  -999
OBS: 512  57728.590    27.00   0.0000e+00   7.7576e+01   3.0432e+00   0  J  0.00  1   !  -9.99000e+02  -99.000  -99.000  -999
OBS: 512  57730.590    29.00   0.0000e+00   7.9778e+01   3.1296e+00   0  J  0.00  1   !  -9.99000e+02  -99.000  -99.000  -999
OBS: 512  57732.590    31.00   0.0000e+00   8.3849e+01   3.2214e+00   0  J  0.00  1   !  -9.99000e+02  -99.000  -99.000  -999
OBS: 512  57734.590    33.00   0.0000e+00   8.8962e+01   3.0621e+00   0  J  0.00  1   !  -9.99000e+02  -99.000  -99.000  -999
OBS: 512  57736.590    35.00   0.0000e+00   9.2839e+01   2.8981e+00   0  J  0.00  1   !  -9.99000e+02  -99.000  -99.000  -999
OBS: 512  57738.590    37.00   0.0000e+00   9.3079e+01   2.7151e+00   0  J  0.00  1   !  -9.99000e+02  -99.000  -99.000  -999
OBS: 512  57740.590    39.00   0.0000e+00   9.0965e+01   2.5250e+00   0  J  0.00  1   !  -9.99000e+02  -99.000  -99.000  -999
OBS: 512  57742.590    41.00   0.0000e+00   8.6782e+01   2.2957e+00   0  J  0.00  1   !  -9.99000e+02  -99.000  -99.000  -999
OBS: 512  57744.590    43.00   0.0000e+00   8.1540e+01   2.0797e+00   0  J  0.00  1   !  -9.99000e+02  -99.000  -99.000  -999
OBS: 512  57746.590    45.00   0.0000e+00   7.5440e+01   2.0221e+00   0  J  0.00  1   !  -9.99000e+02  -99.000  -99.000  -999
OBS: 512  57748.590    47.00   0.0000e+00   7.0008e+01   2.0449e+00   0  J  0.00  1   !  -9.99000e+02  -99.000  -99.000  -999
OBS: 512  57750.590    49.00   0.0000e+00   6.4328e+01   2.0022e+00   0  J  0.00  1   !  -9.99000e+02  -99.000  -99.000  -999
OBS: 512  57752.590    51.00   0.0000e+00   5.8029e+01   1.9211e+00   0  J  0.00  1   !  -9.99000e+02  -99.000  -99.000  -999
OBS: 512  57754.590    53.00   0.0000e+00   5.1888e+01   1.9955e+00   0  J  0.00  1   !  -9.99000e+02  -99.000  -99.000  -999
OBS: 512  57756.590    55.00   0.0000e+00   4.6589e+01   2.1200e+00   0  J  0.00  1   !  -9.99000e+02  -99.000  -99.000  -999
OBS: 512  57758.590    57.00   0.0000e+00   4.2260e+01   2.2006e+00   0  J  0.00  1   !  -9.99000e+02  -99.000  -99.000  -999
OBS: 512  57760.590    59.00   0.0000e+00   3.8668e+01   2.1067e+00   0  J  0.00  1   !  -9.99000e+02  -99.000  -99.000  -999
OBS: 512  57762.590    61.00   0.0000e+00   3.5427e+01   1.9828e+00   0  J  0.00  1   !  -9.99000e+02  -99.000  -99.000  -999
OBS: 512  57764.590    63.00   0.0000e+00   3.2424e+01   1.9779e+00   0  J  0.00  1   !  -9.99000e+02  -99.000  -99.000  -999
OBS: 512  57766.590    65.00   0.0000e+00   2.9506e+01   6.2453e+00   0  J  0.00  1   !  -9.99000e+02  -99.000  -99.000  -999
OBS: 512  57768.590    67.00   0.0000e+00   2.6701e+01   1.6072e+01   0  J  0.00  1   !  -9.99000e+02  -99.000  -99.000  -999
OBS: 512  57770.590    69.00   0.0000e+00   2.4294e+01   1.4623e+01   0  J  0.00  1   !  -9.99000e+02  -99.000  -99.000  -999
OBS: 512  57772.590    71.00   0.0000e+00   2.2672e+01   1.3646e+01   0  J  0.00  1   !  -9.99000e+02  -99.000  -99.000  -999
OBS: 512  57774.590    73.00   0.0000e+00   2.1157e+01   1.2735e+01   0  J  0.00  1   !  -9.99000e+02  -99.000  -99.000  -999
OBS: 512  57776.590    75.00   0.0000e+00   1.9781e+01   1.1906e+01   0  J  0.00  1   !  -9.99000e+02  -99.000  -99.000  -999
OBS: 512  57778.590    77.00   0.0000e+00   1.8630e+01   1.1213e+01   0  J  0.00  1   !  -9.99000e+02  -99.000  -99.000  -999
OBS: 512  57780.590    79.00   0.0000e+00   1.6683e+01   1.0042e+01   0  J  0.00  1   !  -9.99000e+02  -99.000  -99.000  -999
OBS: 512  57782.590    81.00   0.0000e+00   1.4444e+01   8.6940e+00   0  J  0.00  1   !  -9.99000e+02  -99.000  -99.000  -999
OBS: 512  57784.590    83.00   0.0000e+00   1.2620e+01   7.5963e+00   0  J  0.00  1   !  -9.99000e+02  -99.000  -99.000  -999
OBS: 512  57786.590    85.00   0.0000e+00   1.1184e+01   6.7320e+00   0  J  0.00  1   !  -9.99000e+02  -99.000  -99.000  -999
OBS: 512  57788.590    87.00   0.0000e+00   1.0053e+01   6.0510e+00   0  J  0.00  1   !  -9.99000e+02  -99.000  -99.000  -999
OBS: 512  57790.590    89.00   0.0000e+00   9.1761e+00   5.5232e+00   0  J  0.00  1   !  -9.99000e+02  -99.000  -99.000  -999
OBS: 512  57792.590    91.00   0.0000e+00   8.4820e+00   5.1054e+00   0  J  0.00  1   !  -9.99000e+02  -99.000  -99.000  -999
OBS: 512  57794.590    93.00   0.0000e+00   7.8731e+00   4.7389e+00   0  J  0.00  1   !  -9.99000e+02  -99.000  -99.000  -999
OBS: 512  57796.590    95.00   0.0000e+00   7.3369e+00   4.4162e+00   0  J  0.00  1   !  -9.99000e+02  -99.000  -99.000  -999
OBS: 512  57798.590    97.00   0.0000e+00   6.7924e+00   4.0884e+00   0  J  0.00  1   !  -9.99000e+02  -99.000  -99.000  -999
OBS: 512  57800.590    99.00   0.0000e+00   6.2560e+00   3.7655e+00   0  J  0.00  1   !  -9.99000e+02  -99.000  -99.000  -999
OBS: 512  57802.590   101.00   0.0000e+00   5.7647e+00   3.4699e+00   0  J  0.00  1   !  -9.99000e+02  -99.000  -99.000  -999
OBS: 512  57804.590   103.00   0.0000e+00   5.3200e+00   3.2022e+00   0  J  0.00  1   !  -9.99000e+02  -99.000  -99.000  -999
OBS: 512  57806.590   105.00   0.0000e+00   4.9130e+00   2.9572e+00   0  J  0.00  1   !  -9.99000e+02  -99.000  -99.000  -999
OBS: 512  57808.590   107.00   0.0000e+00   4.5451e+00   2.7357e+00   0  J  0.00  1   !  -9.99000e+02  -99.000  -99.000  -999
OBS: 512  57810.590   109.00   0.0000e+00   4.2109e+00   2.5346e+00   0  J  0.00  1   !  -9.99000e+02  -99.000  -99.000  -999
OBS: 512  57812.590   111.00   0.0000e+00   3.8841e+00   2.3379e+00   0  J  0.00  1   !  -9.99000e+02  -99.000  -99.000  -999
OBS: 512  57814.590   113.00   0.0000e+00   3.5535e+00   2.1389e+00   0  J  0.00  1   !  -9.99000e+02  -99.000  -99.000  -999
OBS: 512  57816.590   115.00   0.0000e+00   3.2505e+00   1.9565e+00   0  J  0.00  1   !  -9.99000e+02  -99.000  -99.000  -999
OBS: 512  57818.590   117.00   0.0000e+00   2.9733e+00   1.7897e+00   0  J  0.00  1   !  -9.99000e+02  -99.000  -99.000  -999
OBS: 512  57820.590   119.00   0.0000e+00   2.7200e+00   1.6372e+00   0  J  0.00  1   !  -9.99000e+02  -99.000  -99.000  -999
OBS: 512  57822.590   121.00   0.0000e+00   2.4883e+00   1.4977e+00   0  J  0.00  1   !  -9.99000e+02  -99.000  -99.000  -999
OBS: 512  57824.590   123.00   0.0000e+00   2.2763e+00   1.3701e+00   0  J  0.00  1   !  -9.99000e+02  -99.000  -99.000  -999
OBS: 512  57826.590   125.00   0.0000e+00   2.0823e+00   1.2534e+00   0  J  0.00  1   !  -9.99000e+02  -99.000  -99.000  -999
OBS: 512  57828.590   127.00   0.0000e+00   1.9049e+00   1.1466e+00   0  J  0.00  1   !  -9.99000e+02  -99.000  -99.000  -999
OBS: 512  57830.590   129.00   0.0000e+00   1.7426e+00   1.0489e+00   0  J  0.00  1   !  -9.99000e+02  -99.000  -99.000  -999
OBS: 512  57832.590   131.00   0.0000e+00   1.5941e+00   9.5952e-01   0  J  0.00  1   !  -9.99000e+02  -99.000  -99.000  -999
OBS: 512  57834.590   133.00   0.0000e+00   1.4583e+00   8.7774e-01   0  J  0.00  1   !  -9.99000e+02  -99.000  -99.000  -999
OBS: 512  57836.590   135.00   0.0000e+00   1.3339e+00   8.0291e-01   0  J  0.00  1   !  -9.99000e+02  -99.000  -99.000  -999
OBS: 512  57838.590   137.00   0.0000e+00   1.2202e+00   7.3445e-01   0  J  0.00  1   !  -9.99000e+02  -99.000  -99.000  -999
OBS: 512  57840.590   139.00   0.0000e+00   1.1162e+00   6.7185e-01   0  J  0.00  1   !  -9.99000e+02  -99.000  -99.000  -999
OBS: 512  57715.699    14.11   1.8695e+01   1.9047e+01   4.3529e-01   1  H  0.63  1   J  7.21806e+17  0.468  -0.209  1.00000e+11
OBS: 512  57723.891    22.30   1.7646e+01   1.7975e+01   4.3017e-01   1  H  0.37  1   J  5.99177e+17  0.329  -0.919  1.00000e+11
OBS: 512  57730.336    28.75   2.3300e+01   2.2880e+01   4.5313e-01   1  H  0.06  1   J  7.23059e+17  0.271  -0.449  1.00000e+11
OBS: 512  57642.590   -59.00   0.0000e+00   0.0000e+00   0.0000e+00   0  H  0.00  1   !  -9.99000e+02  -99.000  -99.000  -999
OBS: 512  57644.590   -57.00   0.0000e+00   0.0000e+00   0.0000e+00   0  H  0.00  1   !  -9.99000e+02  -99.000  -99.000  -999
OBS: 512  57646.590   -55.00   0.0000e+00   0.0000e+00   0.0000e+00   0  H  0.00  1   !  -9.99000e+02  -99.000  -99.000  -999
OBS: 512  57648.590   -53.00   0.0000e+00   0.0000e+00   0.0000e+00   0  H  0.00  1   !  -9.99000e+02  -99.000  -99.000  -999
OBS: 512  57650.590   -51.00   0.0000e+00   0.0000e+00   0.0000e+00   0  H  0.00  1   !  -9.99000e+02  -99.000  -99.000  -999
OBS: 512  57652.590   -49.00   0.0000e+00   0.0000e+00   0.0000e+00   0  H  0.00  1   !  -9.99000e+02  -99.000  -99.000  -999
OBS: 512  57654.590   -47.00   0.0000e+00   0.0000e+00   0.0000e+00   0  H  0.00  1   !  -9.99000e+02  -99.000  -99.000  -999
OBS: 512  57656.590   -45.00   0.0000e+00   0.0000e+00   0.0000e+00   0  H  0.00  1   !  -9.99000e+02  -99.000  -99.000  -999
OBS: 512  57658.590   -43.00   0.0000e+00   0.0000e+00   0.0000e+00   0  H  0.00  1   !  -9.99000e+02  -99.000  -99.000  -999
OBS: 512  57660.590   -41.00   0.0000e+00   0.0000e+00   0.0000e+00   0  H  0.00  1   !  -9.99000e+02  -99.000  -99.000  -999
OBS: 512  57662.590   -39.00   0.0000e+00   0.0000e+00   0.0000e+00   0  H  0.00  1   !  -9.99000e+02  -99.000  -99.000  -999
OBS: 512  57664.590   -37.00   0.0000e+00   0.0000e+00   0.0000e+00   0  H  0.00  1   !  -9.99000e+02  -99.000  -99.000  -999
OBS: 512  57666.590   -35.00   0.0000e+00   0.0000e+00   0.0000e+00   0  H  0.00  1   !  -9.99000e+02  -99.000  -99.000  -999
OBS: 512  57668.590   -33.00   0.0000e+00   0.0000e+00   0.0000e+00   0  H  0.00  1   !  -9.99000e+02  -99.000  -99.000  -999
OBS: 512  57670.590   -31.00   0.0000e+00   0.0000e+00   0.0000e+00   0  H  0.00  1   !  -9.99000e+02  -99.000  -99.000  -999
OBS: 512  57672.590   -29.00   0.0000e+00   0.0000e+00   0.0000e+00   0  H  0.00  1   !  -9.99000e+02  -99.000  -99.000  -999
OBS: 512  57674.590   -27.00   0.0000e+00   0.0000e+00   0.0000e+00   0  H  0.00  1   !  -9.99000e+02  -99.000  -99.000  -999
OBS: 512  57676.590   -25.00   0.0000e+00   6.6791e+00   4.0202e+00   0  H  0.00  1   !  -9.99000e+02  -99.000  -99.000  -999
OBS: 512  57678.590   -23.00   0.0000e+00   7.9561e+00   4.7889e+00   0  H  0.00  1   !  -9.99000e+02  -99.000  -99.000  -999
OBS: 512  57680.590   -21.00   0.0000e+00   7.9721e+00   4.7985e+00   0  H  0.00  1   !  -9.99000e+02  -99.000  -99.000  -999
OBS: 512  57682.590   -19.00   0.0000e+00   9.7607e+00   4.9944e+00   0  H  0.00  1   !  -9.99000e+02  -99.000  -99.000  -999
OBS: 512  57684.590   -17.00   0.0000e+00   2.1044e+01   2.8446e+00   0  H  0.00  1   !  -9.99000e+02  -99.000  -99.000  -999
OBS: 512  57686.590   -15.00   0.0000e+00   3.3049e+01   1.5774e+00   0  H  0.00  1   !  -9.99000e+02  -99.000  -99.000  -999
OBS: 512  57688.590   -13.00   0.0000e+00   4.4533e+01   1.4739e+00   0  H  0.00  1   !  -9.99000e+02  -99.000  -99.000  -999
OBS: 512  57690.590   -11.00   0.0000e+00   5.4076e+01   1.4658e+00   0  H  0.00  1   !  -9.99000e+02  -99.000  -99.000  -999
OBS: 512  57692.590    -9.00   0.0000e+00   6.1461e+01   1.1450e+00   0  H  0.00  1   !  -9.99000e+02  -99.000  -99.000  -999
OBS: 512  57694.590    -7.00   0.0000e+00   6.5682e+01   1.0040e+00   0  H  0.00  1   !  -9.99000e+02  -99.000  -99.000  -999
OBS: 512  57696.590    -5.00   0.0000e+00   6.6840e+01   1.0576e+00   0  H  0.00  1   !  -9.99000e+02  -99.000  -99.000  -999
OBS: 512  57698.590    -3.00   0.0000e+00   6.4617e+01   1.1218e+00   0  H  0.00  1   !  -9.99000e+02  -99.000  -99.000  -999
OBS: 512  57700.590    -1.00   0.0000e+00   6.0591e+01   1.1461e+00   0  H  0.00  1   !  -9.99000e+02  -99.000  -99.000  -999
OBS: 512  57702.590     1.00   0.0000e+00   5.4604e+01   1.0906e+00   0  H  0.00  1   !  -9.99000e+02  -99.000  -99.000  -999
OBS: 512  57704.590     3.00   0.0000e+00   4.8206e+01   1.0875e+00   0  H  0.00  1   !  -9.99000e+02  -99.000  -99.000  -999
OBS: 512  57706.590     5.00   0.0000e+00   4.2039e+01   1.0890e+00   0  H  0.00  1   !  -9.99000e+02  -99.000  -99.000  -999
OBS: 512  57708.590     7.00   0.0000e+00   3.5816e+01   1.0436e+00   0  H  0.00  1   !  -9.99000e+02  -99.000  -99.000  -999
OBS: 512  57710.590     9.00   0.0000e+00   2.9387e+01   1.0379e+00   0  H  0.00  1   !  -9.99000e+02  -99.000  -99.000  -999
OBS: 512  57712.590    11.00   0.0000e+00   2.3757e+01   1.0787e+00   0  H  0.00  1   !  -9.99000e+02  -99.000  -99.000  -999
OBS: 512  57714.590    13.00   0.0000e+00   1.9617e+01   1.1911e+00   0  H  0.00  1   !  -9.99000e+02  -99.000  -99.000  -999
OBS: 512  57716.590    15.00   0.0000e+00   1.7110e+01   1.3279e+00   0  H  0.00  1   !  -9.99000e+02  -99.000  -99.000  -999
OBS: 512  57718.590    17.00   0.0000e+00   1.6101e+01   1.3894e+00   0  H  0.00  1   !  -9.99000e+02  -99.000  -99.000  -999
OBS: 512  57720.590    19.00   0.0000e+00   1.6032e+01   1.3777e+00   0  H  0.00  1   !  -9.99000e+02  -99.000  -99.000  -999
OBS: 512  57722.590    21.00   0.0000e+00   1.6451e+01   1.4466e+00   0  H  0.00  1   !  -9.99000e+02  -99.000  -99.000  -999
OBS: 512  57724.590    23.00   0.0000e+00   1.7360e+01   1.5858e+00   0  H  0.00  1   !  -9.99000e+02  -99.000  -99.000  -999
OBS: 512  57726.590    25.00   0.0000e+00   1.8548e+01   1.5611e+00   0  H  0.00  1   !  -9.99000e+02  -99.000  -99.000  -999
OBS: 512  57728.590    27.00   0.0000e+00   2.0360e+01   1.5363e+00   0  H  0.00  1   !  -9.99000e+02  -99.000  -99.000  -999
OBS: 512  57730.590    29.00   0.0000e+00   2.2782e+01   1.7116e+00   0  H  0.00  1   !  -9.99000e+02  -99.000  -99.000  -999
OBS: 512  57732.590    31.00   0.0000e+00   2.5195e+01   1.7811e+00   0  H  0.00  1   !  -9.99000e+02  -99.000  -99.000  -999
OBS: 512  57734.590    33.00   0.0000e+00   2.7133e+01   1.7202e+00   0  H  0.00  1   !  -9.99000e+02  -99.000  -99.000  -999
OBS: 512  57736.590    35.00   0.0000e+00   2.8383e+01   1.8157e+00   0  H  0.00  1   !  -9.99000e+02  -99.000  -99.000  -999
OBS: 512  57738.590    37.00   0.0000e+00   2.8651e+01   1.8733e+00   0  H  0.00  1   !  -9.99000e+02  -99.000  -99.000  -999
OBS: 512  57740.590    39.00   0.0000e+00   2.8724e+01   1.7404e+00   0  H  0.00  1   !  -9.99000e+02  -99.000  -99.000  -999
OBS: 512  57742.590    41.00   0.0000e+00   2.8948e+01   1.6118e+00   0  H  0.00  1   !  -9.99000e+02  -99.000  -99.000  -999
OBS: 512  57744.590    43.00   0.0000e+00   2.9172e+01   1.6324e+00   0  H  0.00  1   !  -9.99000e+02  -99.000  -99.000  -999
OBS: 512  57746.590    45.00   0.0000e+00   2.8608e+01   1.6747e+00   0  H  0.00  1   !  -9.99000e+02  -99.000  -99.000  -999
OBS: 512  57748.590    47.00   0.0000e+00   2.6690e+01   1.9999e+00   0  H  0.00  1   !  -9.99000e+02  -99.000  -99.000  -999
OBS: 512  57750.590    49.00   0.0000e+00   2.3950e+01   2.2763e+00   0  H  0.00  1   !  -9.99000e+02  -99.000  -99.000  -999
OBS: 512  57752.590    51.00   0.0000e+00   2.0890e+01   2.2009e+00   0  H  0.00  1   !  -9.99000e+02  -99.000  -99.000  -999
OBS: 512  57754.590    53.00   0.0000e+00   1.7900e+01   2.0526e+00   0  H  0.00  1   !  -9.99000e+02  -99.000  -99.000  -999
OBS: 512  57756.590    55.00   0.0000e+00   1.5451e+01   2.1196e+00   0  H  0.00  1   !  -9.99000e+02  -99.000  -99.000  -999
OBS: 512  57758.590    57.00   0.0000e+00   1.3982e+01   2.3647e+00   0  H  0.00  1   !  -9.99000e+02  -99.000  -99.000  -999
OBS: 512  57760.590    59.00   0.0000e+00   1.3145e+01   2.4461e+00   0  H  0.00  1   !  -9.99000e+02  -99.000  -99.000  -999
OBS: 512  57762.590    61.00   0.0000e+00   1.2307e+01   2.5773e+00   0  H  0.00  1   !  -9.99000e+02  -99.000  -99.000  -999
OBS: 512  57764.590    63.00   0.0000e+00   1.1247e+01   2.9717e+00   0  H  0.00  1   !  -9.99000e+02  -99.000  -99.000  -999
OBS: 512  57766.590    65.00   0.0000e+00   1.0129e+01   3.8854e+00   0  H  0.00  1   !  -9.99000e+02  -99.000  -99.000  -999
OBS: 512  57768.590    67.00   0.0000e+00   9.1722e+00   5.5209e+00   0  H  0.00  1   !  -9.99000e+02  -99.000  -99.000  -999
OBS: 512  57770.590    69.00   0.0000e+00   8.4092e+00   5.0616e+00   0  H  0.00  1   !  -9.99000e+02  -99.000  -99.000  -999
OBS: 512  57772.590    71.00   0.0000e+00   7.6242e+00   4.5891e+00   0  H  0.00  1   !  -9.99000e+02  -99.000  -99.000  -999
OBS: 512  57774.590    73.00   0.0000e+00   6.8907e+00   4.1476e+00   0  H  0.00  1   !  -9.99000e+02  -99.000  -99.000  -999
OBS: 512  57776.590    75.00   0.0000e+00   6.2055e+00   3.7352e+00   0  H  0.00  1   !  -9.99000e+02  -99.000  -99.000  -999
OBS: 512  57778.590    77.00   0.0000e+00   5.6789e+00   3.4182e+00   0  H  0.00  1   !  -9.99000e+02  -99.000  -99.000  -999
OBS: 512  57780.590    79.00   0.0000e+00   4.7665e+00   2.8690e+00   0  H  0.00  1   !  -9.99000e+02  -99.000  -99.000  -999
OBS: 512  57782.590    81.00   0.0000e+00   3.9261e+00   2.3631e+00   0  H  0.00  1   !  -9.99000e+02  -99.000  -99.000  -999
OBS: 512  57784.590    83.00   0.0000e+00   3.3483e+00   2.0154e+00   0  H  0.00  1   !  -9.99000e+02  -99.000  -99.000  -999
OBS: 512  57786.590    85.00   0.0000e+00   2.9348e+00   1.7665e+00   0  H  0.00  1   !  -9.99000e+02  -99.000  -99.000  -999
OBS: 512  57788.590    87.00   0.0000e+00   2.5948e+00   1.5619e+00   0  H  0.00  1   !  -9.99000e+02  -99.000  -99.000  -999
OBS: 512  57790.590    89.00   0.0000e+00   2.2924e+00   1.3798e+00   0  H  0.00  1   !  -9.99000e+02  -99.000  -99.000  -999
OBS: 512  57792.590    91.00   0.0000e+00   2.0087e+00   1.2090e+00   0  H  0.00  1   !  -9.99000e+02  -99.000  -99.000  -999
OBS: 512  57794.590    93.00   0.0000e+00   1.7410e+00   1.0479e+00   0  H  0.00  1   !  -9.99000e+02  -99.000  -99.000  -999
OBS: 512  57796.590    95.00   0.0000e+00   1.4840e+00   8.9321e-01   0  H  0.00  1   !  -9.99000e+02  -99.000  -99.000  -999
OBS: 512  57798.590    97.00   0.0000e+00   1.3011e+00   7.8316e-01   0  H  0.00  1   !  -9.99000e+02  -99.000  -99.000  -999
OBS: 512  57800.590    99.00   0.0000e+00   1.1711e+00   7.0489e-01   0  H  0.00  1   !  -9.99000e+02  -99.000  -99.000  -999
OBS: 512  57802.590   101.00   0.0000e+00   1.0536e+00   6.3418e-01   0  H  0.00  1   !  -9.99000e+02  -99.000  -99.000  -999
OBS: 512  57804.590   103.00   0.0000e+00   9.4711e-01   5.7007e-01   0  H  0.00  1   !  -9.99000e+02  -99.000  -99.000  -999
OBS: 512  57806.590   105.00   0.0000e+00   8.5043e-01   5.1188e-01   0  H  0.00  1   !  -9.99000e+02  -99.000  -99.000  -999
OBS: 512  57808.590   107.00   0.0000e+00   7.6263e-01   4.5903e-01   0  H  0.00  1   !  -9.99000e+02  -99.000  -99.000  -999
OBS: 512  57810.590   109.00   0.0000e+00   6.8261e-01   4.1087e-01   0  H  0.00  1   !  -9.99000e+02  -99.000  -99.000  -999
OBS: 512  57812.590   111.00   0.0000e+00   6.1367e-01   3.6937e-01   0  H  0.00  1   !  -9.99000e+02  -99.000  -99.000  -999
OBS: 512  57814.590   113.00   0.0000e+00   5.5586e-01   3.3458e-01   0  H  0.00  1   !  -9.99000e+02  -99.000  -99.000  -999
OBS: 512  57816.590   115.00   0.0000e+00   5.0347e-01   3.0304e-01   0  H  0.00  1   !  -9.99000e+02  -99.000  -99.000  -999
OBS: 512  57818.590   117.00   0.0000e+00   4.5370e-01   2.7309e-01   0  H  0.00  1   !  -9.99000e+02  -99.000  -99.000  -999
OBS: 512  57820.590   119.00   0.0000e+00   4.0720e-01   2.4510e-01   0  H  0.00  1   !  -9.99000e+02  -99.000  -99.000  -999
OBS: 512  57822.590   121.00   0.0000e+00   3.6508e-01   2.1975e-01   0  H  0.00  1   !  -9.99000e+02  -99.000  -99.000  -999
OBS: 512  57824.590   123.00   0.0000e+00   3.2783e-01   1.9732e-01   0  H  0.00  1   !  -9.99000e+02  -99.000  -99.000  -999
OBS: 512  57826.590   125.00   0.0000e+00   2.9447e-01   1.7725e-01   0  H  0.00  1   !  -9.99000e+02  -99.000  -99.000  -999
OBS: 512  57828.590   127.00   0.0000e+00   2.6451e-01   1.5921e-01   0  H  0.00  1   !  -9.99000e+02  -99.000  -99.000  -999
OBS: 512  57830.590   129.00   0.0000e+00   2.3760e-01   1.4301e-01   0  H  0.00  1   !  -9.99000e+02  -99.000  -99.000  -999
OBS: 512  57832.590   131.00   0.0000e+00   2.1342e-01   1.2846e-01   0  H  0.00  1   !  -9.99000e+02  -99.000  -99.000  -999
OBS: 512  57834.590   133.00   0.0000e+00   1.9171e-01   1.1539e-01   0  H  0.00  1   !  -9.99000e+02  -99.000  -99.000  -999
OBS: 512  57836.590   135.00   0.0000e+00   1.7220e-01   1.0365e-01   0  H  0.00  1   !  -9.99000e+02  -99.000  -99.000  -999
OBS: 512  57838.590   137.00   0.0000e+00   1.5468e-01   9.3104e-02   0  H  0.00  1   !  -9.99000e+02  -99.000  -99.000  -999
OBS: 512  57840.590   139.00   0.0000e+00   1.3894e-01   8.3631e-02   0  H  0.00  1   !  -9.99000e+02  -99.000  -99.000  -999
