VARNAMES: CID MJD Tobs SIM_FLUXCAL FLUXCAL FLUXCAL_ERR DATAFLAG BAND CHI2 IFIT BAND_REST FLUX_REST KCOR AVWARP SIM_FLUX_REST 
OBS: 958  57657.457    11.66   1.7343e+01   1.7470e+01   2.6736e-01   1  H  0.02  1   Y  1.47826e+18  0.125  1.841  1.00000e+11
OBS: 958  57663.684    17.89   1.4789e+01   1.5168e+01   2.5979e-01   1  H  0.17  1   Y  1.33370e+18  0.167  3.115  1.00000e+11
OBS: 958  57672.098    26.30   1.6356e+01   1.5997e+01   2.6254e-01   1  H  0.23  1   Y  1.41988e+18  0.177  4.610  1.00000e+11
OBS: 958  57586.797   -59.00   0.0000e+00   0.0000e+00   0.0000e+00   0  H  0.00  1   !  -9.99000e+02  -99.000  -99.000  -999
OBS: 958  57588.797   -57.00   0.0000e+00   0.0000e+00   0.0000e+00   0  H  0.00  1   !  -9.99000e+02  -99.000  -99.000  -999
OBS: 958  57590.797   -55.00   0.0000e+00   0.0000e+00   0.0000e+00   0  H  0.00  1   !  -9.99000e+02  -99.000  -99.000  -999
OBS: 958  57592.797   -53.00   0.0000e+00   0.0000e+00   0.0000e+00   0  H  0.00  1   !  -9.99000e+02  -99.000  -99.000  -999
OBS: 958  57594.797   -51.00   0.0000e+00   0.0000e+00   0.0000e+00   0  H  0.00  1   !  -9.99000e+02  -99.000  -99.000  -999
OBS: 958  57596.797   -49.00   0.0000e+00   0.0000e+00   0.0000e+00   0  H  0.00  1   !  -9.99000e+02  -99.000  -99.000  -999
OBS: 958  57598.797   -47.00   0.0000e+00   0.0000e+00   0.0000e+00   0  H  0.00  1   !  -9.99000e+02  -99.000  -99.000  -999
OBS: 958  57600.797   -45.00   0.0000e+00   0.0000e+00   0.0000e+00   0  H  0.00  1   !  -9.99000e+02  -99.000  -99.000  -999
OBS: 958  57602.797   -43.00   0.0000e+00   0.0000e+00   0.0000e+00   0  H  0.00  1   !  -9.99000e+02  -99.000  -99.000  -999
OBS: 958  57604.797   -41.00   0.0000e+00   0.0000e+00   0.0000e+00   0  H  0.00  1   !  -9.99000e+02  -99.000  -99.000  -999
OBS: 958  57606.797   -39.00   0.0000e+00   0.0000e+00   0.0000e+00   0  H  0.00  1   !  -9.99000e+02  -99.000  -99.000  -999
OBS: 958  57608.797   -37.00   0.0000e+00   0.0000e+00   0.0000e+00   0  H  0.00  1   !  -9.99000e+02  -99.000  -99.000  -999
OBS: 958  57610.797   -35.00   0.0000e+00   0.0000e+00   0.0000e+00   0  H  0.00  1   !  -9.99000e+02  -99.000  -99.000  -999
OBS: 958  57612.797   -33.00   0.0000e+00   0.0000e+00   0.0000e+00   0  H  0.00  1   !  -9.99000e+02  -99.000  -99.000  -999
OBS: 958  57614.797   -31.00   0.0000e+00   0.0000e+00   0.0000e+00   0  H  0.00  1   !  -9.99000e+02  -99.000  -99.000  -999
OBS: 958  57616.797   -29.00   0.0000e+00   8.4551e+00   5.0892e+00   0  H  0.00  1   !  -9.99000e+02  -99.000  -99.000  -999
OBS: 958  57618.797   -27.00   0.0000e+00   7.9387e+00   4.7784e+00   0  H  0.00  1   !  -9.99000e+02  -99.000  -99.000  -999
OBS: 958  57620.797   -25.00   0.0000e+00   7.9353e+00   4.7763e+00   0  H  0.00  1   !  -9.99000e+02  -99.000  -99.000  -999
OBS: 958  57622.797   -23.00   0.0000e+00   7.9338e+00   4.7754e+00   0  H  0.00  1   !  -9.99000e+02  -99.000  -99.000  -999
OBS: 958  57624.797   -21.00   0.0000e+00   1.0762e+01   1.6825e+00   0  H  0.00  1   !  -9.99000e+02  -99.000  -99.000  -999
OBS: 958  57626.797   -19.00   0.0000e+00   1.4554e+01   1.2185e+00   0  H  0.00  1   !  -9.99000e+02  -99.000  -99.000  -999
OBS: 958  57628.797   -17.00   0.0000e+00   1.8497e+01   9.0340e-01   0  H  0.00  1   !  -9.99000e+02  -99.000  -99.000  -999
OBS: 958  57630.797   -15.00   0.0000e+00   2.2470e+01   7.5691e-01   0  H  0.00  1   !  -9.99000e+02  -99.000  -99.000  -999
OBS: 958  57632.797   -13.00   0.0000e+00   2.5995e+01   6.9310e-01   0  H  0.00  1   !  -9.99000e+02  -99.000  -99.000  -999
OBS: 958  57634.797   -11.00   0.0000e+00   2.9117e+01   6.9662e-01   0  H  0.00  1   !  -9.99000e+02  -99.000  -99.000  -999
OBS: 958  57636.797    -9.00   0.0000e+00   3.1325e+01   7.5566e-01   0  H  0.00  1   !  -9.99000e+02  -99.000  -99.000  -999
OBS: 958  57638.797    -7.00   0.0000e+00   3.2398e+01   8.3001e-01   0  H  0.00  1   !  -9.99000e+02  -99.000  -99.000  -999
OBS: 958  57640.797    -5.00   0.0000e+00   3.2570e+01   8.5236e-01   0  H  0.00  1   !  -9.99000e+02  -99.000  -99.000  -999
OBS: 958  57642.797    -3.00   0.0000e+00   3.1685e+01   7.7611e-01   0  H  0.00  1   !  -9.99000e+02  -99.000  -99.000  -999
OBS: 958  57644.797    -1.00   0.0000e+00   2.9649e+01   7.3454e-01   0  H  0.00  1   !  -9.99000e+02  -99.000  -99.000  -999
OBS: 958  57646.797     1.00   0.0000e+00   2.7449e+01   7.5678e-01   0  H  0.00  1   !  -9.99000e+02  -99.000  -99.000  -999
OBS: 958  57648.797     3.00   0.0000e+00   2.5390e+01   8.3661e-01   0  H  0.00  1   !  -9.99000e+02  -99.000  -99.000  -999
OBS: 958  57650.797     5.00   0.0000e+00   2.3605e+01   9.0604e-01   0  H  0.00  1   !  -9.99000e+02  -99.000  -99.000  -999
OBS: 958  57652.797     7.00   0.0000e+00   2.1561e+01   8.8987e-01   0  H  0.00  1   !  -9.99000e+02  -99.000  -99.000  -999
OBS: 958  57654.797     9.00   0.0000e+00   1.9570e+01   8.1349e-01   0  H  0.00  1   !  -9.99000e+02  -99.000  -99.000  -999
OBS: 958  57656.797    11.00   0.0000e+00   1.7851e+01   7.5175e-01   0  H  0.00  1   !  -9.99000e+02  -99.000  -99.000  -999
OBS: 958  57658.797    13.00   0.0000e+00   1.6591e+01   7.5522e-01   0  H  0.00  1   !  -9.99000e+02  -99.000  -99.000  -999
OBS: 958  57660.797    15.00   0.0000e+00   1.5619e+01   7.9567e-01   0  H  0.00  1   !  -9.99000e+02  -99.000  -99.000  -999
OBS: 958  57662.797    17.00   0.0000e+00   1.4947e+01   8.2637e-01   0  H  0.00  1   !  -9.99000e+02  -99.000  -99.000  -999
OBS: 958  57664.797    19.00   0.0000e+00   1.4805e+01   8.3207e-01   0  H  0.00  1   !  -9.99000e+02  -99.000  -99.000  -999
OBS: 958  57666.797    21.00   0.0000e+00   1.4985e+01   8.1730e-01   0  H  0.00  1   !  -9.99000e+02  -99.000  -99.000  -999
OBS: 958  57668.797    23.00   0.0000e+00   1.5380e+01   7.8259e-01   0  H  0.00  1   !  -9.99000e+02  -99.000  -99.000  -999
OBS: 958  57670.797    25.00   0.0000e+00   1.5935e+01   7.5504e-01   0  H  0.00  1   !  -9.99000e+02  -99.000  -99.000  -999
OBS: 958  57672.797    27.00   0.0000e+00   1.6636e+01   7.5010e-01   0  H  0.00  1   !  -9.99000e+02  -99.000  -99.000  -999
OBS: 958  57674.797    29.00   0.0000e+00   1.7593e+01   7.3983e-01   0  H  0.00  1   !  -9.99000e+02  -99.000  -99.000  -999
OBS: 958  57676.797    31.00   0.0000e+00   1.8700e+01   6.7929e-01   0  H  0.00  1   !  -9.99000e+02  -99.000  -99.000  -999
OBS: 958  57678.797    33.00   0.0000e+00   1.9923e+01   6.1881e-01   0  H  0.00  1   !  -9.99000e+02  -99.000  -99.000  -999
OBS: 958  57680.797    35.00   0.0000e+00   2.1362e+01   6.3137e-01   0  H  0.00  1   !  -9.99000e+02  -99.000  -99.000  -999
OBS: 958  57682.797    37.00   0.0000e+00   2.3100e+01   6.9470e-01   0  H  0.00  1   !  -9.99000e+02  -99.000  -99.000  -999
OBS: 958  57684.797    39.00   0.0000e+00   2.4820e+01   7.7458e-01   0  H  0.00  1   !  -9.99000e+02  -99.000  -99.000  -999
OBS: 958  57686.797    41.00   0.0000e+00   2.6317e+01   7.8817e-01   0  H  0.00  1   !  -9.99000e+02  -99.000  -99.000  -999
OBS: 958  57688.797    43.00   0.0000e+00   2.7556e+01   7.7701e-01   0  H  0.00  1   !  -9.99000e+02  -99.000  -99.000  -999
OBS: 958  57690.797    45.00   0.0000e+00   2.8779e+01   7.7913e-01   0  H  0.00  1   !  -9.99000e+02  -99.000  -99.000  -999
OBS: 958  57692.797    47.00   0.0000e+00   2.9806e+01   8.4342e-01   0  H  0.00  1   !  -9.99000e+02  -99.000  -99.000  -999
OBS: 958  57694.797    49.00   0.0000e+00   3.0509e+01   9.3235e-01   0  H  0.00  1   !  -9.99000e+02  -99.000  -99.000  -999
OBS: 958  57696.797    51.00   0.0000e+00   3.0879e+01   1.0139e+00   0  H  0.00  1   !  -9.99000e+02  -99.000  -99.000  -999
OBS: 958  57698.797    53.00   0.0000e+00   3.0942e+01   1.0732e+00   0  H  0.00  1   !  -9.99000e+02  -99.000  -99.000  -999
OBS: 958  57700.797    55.00   0.0000e+00   3.0931e+01   1.0574e+00   0  H  0.00  1   !  -9.99000e+02  -99.000  -99.000  -999
OBS: 958  57702.797    57.00   0.0000e+00   3.0772e+01   1.0169e+00   0  H  0.00  1   !  -9.99000e+02  -99.000  -99.000  -999
OBS: 958  57704.797    59.00   0.0000e+00   3.0386e+01   1.0404e+00   0  H  0.00  1   !  -9.99000e+02  -99.000  -99.000  -999
OBS: 958  57706.797    61.00   0.0000e+00   2.9746e+01   1.1079e+00   0  H  0.00  1   !  -9.99000e+02  -99.000  -99.000  -999
OBS: 958  57708.797    63.00   0.0000e+00   2.8807e+01   1.1769e+00   0  H  0.00  1   !  -9.99000e+02  -99.000  -99.000  -999
OBS: 958  57710.797    65.00   0.0000e+00   2.7575e+01   1.1646e+00   0  H  0.00  1   !  -9.99000e+02  -99.000  -99.000  -999
OBS: 958  57712.797    67.00   0.0000e+00   2.6193e+01   1.0635e+00   0  H  0.00  1   !  -9.99000e+02  -99.000  -99.000  -999
OBS: 958  57714.797    69.00   0.0000e+00   2.4771e+01   9.2111e-01   0  H  0.00  1   !  -9.99000e+02  -99.000  -99.000  -999
OBS: 958  57716.797    71.00   0.0000e+00   2.3402e+01   7.9108e-01   0  H  0.00  1   !  -9.99000e+02  -99.000  -99.000  -999
OBS: 958  57718.797    73.00   0.0000e+00   2.2171e+01   6.9109e-01   0  H  0.00  1   !  -9.99000e+02  -99.000  -99.000  -999
OBS: 958  57720.797    75.00   0.0000e+00   2.1084e+01   6.2527e-01   0  H  0.00  1   !  -9.99000e+02  -99.000  -99.000  -999
OBS: 958  57722.797    77.00   0.0000e+00   2.0071e+01   1.2081e+01   0  H  0.00  1   !  -9.99000e+02  -99.000  -99.000  -999
OBS: 958  57724.797    79.00   0.0000e+00   1.9006e+01   1.1440e+01   0  H  0.00  1   !  -9.99000e+02  -99.000  -99.000  -999
OBS: 958  57726.797    81.00   0.0000e+00   1.7888e+01   1.0767e+01   0  H  0.00  1   !  -9.99000e+02  -99.000  -99.000  -999
OBS: 958  57728.797    83.00   0.0000e+00   1.6677e+01   1.0038e+01   0  H  0.00  1   !  -9.99000e+02  -99.000  -99.000  -999
OBS: 958  57730.797    85.00   0.0000e+00   1.5394e+01   9.2661e+00   0  H  0.00  1   !  -9.99000e+02  -99.000  -99.000  -999
OBS: 958  57732.797    87.00   0.0000e+00   1.4108e+01   8.4921e+00   0  H  0.00  1   !  -9.99000e+02  -99.000  -99.000  -999
OBS: 958  57734.797    89.00   0.0000e+00   1.2901e+01   7.7654e+00   0  H  0.00  1   !  -9.99000e+02  -99.000  -99.000  -999
OBS: 958  57736.797    91.00   0.0000e+00   1.1481e+01   6.9108e+00   0  H  0.00  1   !  -9.99000e+02  -99.000  -99.000  -999
OBS: 958  57738.797    93.00   0.0000e+00   9.7984e+00   5.8978e+00   0  H  0.00  1   !  -9.99000e+02  -99.000  -99.000  -999
OBS: 958  57740.797    95.00   0.0000e+00   8.4550e+00   5.0892e+00   0  H  0.00  1   !  -9.99000e+02  -99.000  -99.000  -999
OBS: 958  57742.797    97.00   0.0000e+00   7.4032e+00   4.4561e+00   0  H  0.00  1   !  -9.99000e+02  -99.000  -99.000  -999
OBS: 958  57744.797    99.00   0.0000e+00   6.5603e+00   3.9487e+00   0  H  0.00  1   !  -9.99000e+02  -99.000  -99.000  -999
OBS: 958  57746.797   101.00   0.0000e+00   5.8771e+00   3.5375e+00   0  H  0.00  1   !  -9.99000e+02  -99.000  -99.000  -999
OBS: 958  57748.797   103.00   0.0000e+00   5.3227e+00   3.2038e+00   0  H  0.00  1   !  -9.99000e+02  -99.000  -99.000  -999
OBS: 958  57750.797   105.00   0.0000e+00   4.8596e+00   2.9251e+00   0  H  0.00  1   !  -9.99000e+02  -99.000  -99.000  -999
OBS: 958  57752.797   107.00   0.0000e+00   4.4503e+00   2.6787e+00   0  H  0.00  1   !  -9.99000e+02  -99.000  -99.000  -999
OBS: 958  57754.797   109.00   0.0000e+00   4.0834e+00   2.4579e+00   0  H  0.00  1   !  -9.99000e+02  -99.000  -99.000  -999
OBS: 958  57756.797   111.00   0.0000e+00   3.7546e+00   2.2600e+00   0  H  0.00  1   !  -9.99000e+02  -99.000  -99.000  -999
OBS: 958  57758.797   113.00   0.0000e+00   3.4267e+00   2.0625e+00   0  H  0.00  1   !  -9.99000e+02  -99.000  -99.000  -999
OBS: 958  57760.797   115.00   0.0000e+00   3.1244e+00   1.8806e+00   0  H  0.00  1   !  -9.99000e+02  -99.000  -99.000  -999
OBS: 958  57762.797   117.00   0.0000e+00   2.8497e+00   1.7153e+00   0  H  0.00  1   !  -9.99000e+02  -99.000  -99.000  -999
OBS: 958  57764.797   119.00   0.0000e+00   2.6007e+00   1.5654e+00   0  H  0.00  1   !  -9.99000e+02  -99.000  -99.000  -999
OBS: 958  57766.797   121.00   0.0000e+00   2.3747e+00   1.4294e+00   0  H  0.00  1   !  -9.99000e+02  -99.000  -99.000  -999
OBS: 958  57768.797   123.00   0.0000e+00   2.1700e+00   1.3061e+00   0  H  0.00  1   !  -9.99000e+02  -99.000  -99.000  -999
OBS: 958  57770.797   125.00   0.0000e+00   1.9848e+00   1.1946e+00   0  H  0.00  1   !  -9.99000e+02  -99.000  -99.000  -999
OBS: 958  57772.797   127.00   0.0000e+00   1.8177e+00   1.0941e+00   0  H  0.00  1   !  -9.99000e+02  -99.000  -99.000  -999
OBS: 958  57774.797   129.00   0.0000e+00   1.6582e+00   9.9809e-01   0  H  0.00  1   !  -9.99000e+02  -99.000  -99.000  -999
OBS: 958  57776.797   131.00   0.0000e+00   1.5079e+00   9.0764e-01   0  H  0.00  1   !  -9.99000e+02  -99.000  -99.000  -999
OBS: 958  57778.797   133.00   0.0000e+00   1.3713e+00   8.2539e-01   0  H  0.00  1   !  -9.99000e+02  -99.000  -99.000  -999
OBS: 958  57780.797   135.00   0.0000e+00   1.2470e+00   7.5059e-01   0  H  0.00  1   !  -9.99000e+02  -99.000  -99.000  -999
OBS: 958  57782.797   137.00   0.0000e+00   1.1340e+00   6.8257e-01   0  H  0.00  1   !  -9.99000e+02  -99.000  -99.000  -999
OBS: 958  57784.797   139.00   0.0000e+00   1.0312e+00   6.2071e-01   0  H  0.00  1   !  -9.99000e+02  -99.000  -99.000  -999
