VARNAMES: CID MJD Tobs SIM_FLUXCAL FLUXCAL FLUXCAL_ERR DATAFLAG BAND CHI2 IFIT BAND_REST FLUX_REST KCOR AVWARP SIM_FLUX_REST 
OBS: 361  57384.312    10.50   2.2307e+01   2.2479e+01   2.7265e-01   1  H  0.02  1   Y  1.48384e+18  0.208  1.160  1.00000e+11
OBS: 361  57391.340    17.53   1.8656e+01   1.8554e+01   2.5987e-01   1  H  0.01  1   Y  1.28016e+18  0.256  2.587  1.00000e+11
OBS: 361  57399.289    25.48   2.1166e+01   2.1139e+01   2.6836e-01   1  H  0.00  1   Y  1.46639e+18  0.262  4.137  1.00000e+11
OBS: 361  57314.812   -59.00   0.0000e+00   0.0000e+00   0.0000e+00   0  H  0.00  1   !  -9.99000e+02  -99.000  -99.000  -999
OBS: 361  57316.812   -57.00   0.0000e+00   0.0000e+00   0.0000e+00   0  H  0.00  1   !  -9.99000e+02  -99.000  -99.000  -999
OBS: 361  57318.812   -55.00   0.0000e+00   0.0000e+00   0.0000e+00   0  H  0.00  1   !  -9.99000e+02  -99.000  -99.000  -999
OBS: 361  57320.812   -53.00   0.0000e+00   0.0000e+00   0.0000e+00   0  H  0.00  1   !  -9.99000e+02  -99.000  -99.000  -999
OBS: 361  57322.812   -51.00   0.0000e+00   0.0000e+00   0.0000e+00   0  H  0.00  1   !  -9.99000e+02  -99.000  -99.000  -999
OBS: 361  57324.812   -49.00   0.0000e+00   0.0000e+00   0.0000e+00   0  H  0.00  1   !  -9.99000e+02  -99.000  -99.000  -999
OBS: 361  57326.812   -47.00   0.0000e+00   0.0000e+00   0.0000e+00   0  H  0.00  1   !  -9.99000e+02  -99.000  -99.000  -999
OBS: 361  57328.812   -45.00   0.0000e+00   0.0000e+00   0.0000e+00   0  H  0.00  1   !  -9.99000e+02  -99.000  -99.000  -999
OBS: 361  57330.812   -43.00   0.0000e+00   0.0000e+00   0.0000e+00   0  H  0.00  1   !  -9.99000e+02  -99.000  -99.000  -999
OBS: 361  57332.812   -41.00   0.0000e+00   0.0000e+00   0.0000e+00   0  H  0.00  1   !  -9.99000e+02  -99.000  -99.000  -999
OBS: 361  57334.812   -39.00   0.0000e+00   0.0000e+00   0.0000e+00   0  H  0.00  1   !  -9.99000e+02  -99.000  -99.000  -999
OBS: 361  57336.812   -37.00   0.0000e+00   0.0000e+00   0.0000e+00   0  H  0.00  1   !  -9.99000e+02  -99.000  -99.000  -999
OBS: 361  57338.812   -35.00   0.0000e+00   0.0000e+00   0.0000e+00   0  H  0.00  1   !  -9.99000e+02  -99.000  -99.000  -999
OBS: 361  57340.812   -33.00   0.0000e+00   0.0000e+00   0.0000e+00   0  H  0.00  1   !  -9.99000e+02  -99.000  -99.000  -999
OBS: 361  57342.812   -31.00   0.0000e+00   0.0000e+00   0.0000e+00   0  H  0.00  1   !  -9.99000e+02  -99.000  -99.000  -999
OBS: 361  57344.812   -29.00   0.0000e+00   1.0183e+01   6.1291e+00   0  H  0.00  1   !  -9.99000e+02  -99.000  -99.000  -999
OBS: 361  57346.812   -27.00   0.0000e+00   1.0195e+01   6.1364e+00   0  H  0.00  1   !  -9.99000e+02  -99.000  -99.000  -999
OBS: 361  57348.812   -25.00   0.0000e+00   1.0278e+01   6.1864e+00   0  H  0.00  1   !  -9.99000e+02  -99.000  -99.000  -999
OBS: 361  57350.812   -23.00   0.0000e+00   1.0291e+01   6.1940e+00   0  H  0.00  1   !  -9.99000e+02  -99.000  -99.000  -999
OBS: 361  57352.812   -21.00   0.0000e+00   1.2900e+01   4.3951e+00   0  H  0.00  1   !  -9.99000e+02  -99.000  -99.000  -999
OBS: 361  57354.812   -19.00   0.0000e+00   1.8556e+01   1.9869e+00   0  H  0.00  1   !  -9.99000e+02  -99.000  -99.000  -999
OBS: 361  57356.812   -17.00   0.0000e+00   2.4349e+01   1.4174e+00   0  H  0.00  1   !  -9.99000e+02  -99.000  -99.000  -999
OBS: 361  57358.812   -15.00   0.0000e+00   2.9970e+01   1.1106e+00   0  H  0.00  1   !  -9.99000e+02  -99.000  -99.000  -999
OBS: 361  57360.812   -13.00   0.0000e+00   3.4811e+01   9.8162e-01   0  H  0.00  1   !  -9.99000e+02  -99.000  -99.000  -999
OBS: 361  57362.812   -11.00   0.0000e+00   3.8594e+01   9.4465e-01   0  H  0.00  1   !  -9.99000e+02  -99.000  -99.000  -999
OBS: 361  57364.812    -9.00   0.0000e+00   4.1230e+01   9.7559e-01   0  H  0.00  1   !  -9.99000e+02  -99.000  -99.000  -999
OBS: 361  57366.812    -7.00   0.0000e+00   4.2467e+01   1.0841e+00   0  H  0.00  1   !  -9.99000e+02  -99.000  -99.000  -999
OBS: 361  57368.812    -5.00   0.0000e+00   4.2386e+01   1.1093e+00   0  H  0.00  1   !  -9.99000e+02  -99.000  -99.000  -999
OBS: 361  57370.812    -3.00   0.0000e+00   4.1082e+01   1.0092e+00   0  H  0.00  1   !  -9.99000e+02  -99.000  -99.000  -999
OBS: 361  57372.812    -1.00   0.0000e+00   3.8540e+01   9.6458e-01   0  H  0.00  1   !  -9.99000e+02  -99.000  -99.000  -999
OBS: 361  57374.812     1.00   0.0000e+00   3.5294e+01   1.0048e+00   0  H  0.00  1   !  -9.99000e+02  -99.000  -99.000  -999
OBS: 361  57376.812     3.00   0.0000e+00   3.1998e+01   1.0882e+00   0  H  0.00  1   !  -9.99000e+02  -99.000  -99.000  -999
OBS: 361  57378.812     5.00   0.0000e+00   2.9077e+01   1.1490e+00   0  H  0.00  1   !  -9.99000e+02  -99.000  -99.000  -999
OBS: 361  57380.812     7.00   0.0000e+00   2.6388e+01   1.1143e+00   0  H  0.00  1   !  -9.99000e+02  -99.000  -99.000  -999
OBS: 361  57382.812     9.00   0.0000e+00   2.3953e+01   9.9833e-01   0  H  0.00  1   !  -9.99000e+02  -99.000  -99.000  -999
OBS: 361  57384.812    11.00   0.0000e+00   2.1877e+01   9.4668e-01   0  H  0.00  1   !  -9.99000e+02  -99.000  -99.000  -999
OBS: 361  57386.812    13.00   0.0000e+00   2.0344e+01   9.7282e-01   0  H  0.00  1   !  -9.99000e+02  -99.000  -99.000  -999
OBS: 361  57388.812    15.00   0.0000e+00   1.9278e+01   1.0433e+00   0  H  0.00  1   !  -9.99000e+02  -99.000  -99.000  -999
OBS: 361  57390.812    17.00   0.0000e+00   1.8744e+01   1.0534e+00   0  H  0.00  1   !  -9.99000e+02  -99.000  -99.000  -999
OBS: 361  57392.812    19.00   0.0000e+00   1.8806e+01   1.0418e+00   0  H  0.00  1   !  -9.99000e+02  -99.000  -99.000  -999
OBS: 361  57394.812    21.00   0.0000e+00   1.9292e+01   9.9865e-01   0  H  0.00  1   !  -9.99000e+02  -99.000  -99.000  -999
OBS: 361  57396.812    23.00   0.0000e+00   1.9986e+01   9.5227e-01   0  H  0.00  1   !  -9.99000e+02  -99.000  -99.000  -999
OBS: 361  57398.812    25.00   0.0000e+00   2.0908e+01   9.5847e-01   0  H  0.00  1   !  -9.99000e+02  -99.000  -99.000  -999
OBS: 361  57400.812    27.00   0.0000e+00   2.2174e+01   9.4320e-01   0  H  0.00  1   !  -9.99000e+02  -99.000  -99.000  -999
OBS: 361  57402.812    29.00   0.0000e+00   2.3752e+01   8.7210e-01   0  H  0.00  1   !  -9.99000e+02  -99.000  -99.000  -999
OBS: 361  57404.812    31.00   0.0000e+00   2.5565e+01   7.9620e-01   0  H  0.00  1   !  -9.99000e+02  -99.000  -99.000  -999
OBS: 361  57406.812    33.00   0.0000e+00   2.7481e+01   8.1222e-01   0  H  0.00  1   !  -9.99000e+02  -99.000  -99.000  -999
OBS: 361  57408.812    35.00   0.0000e+00   2.9539e+01   8.9387e-01   0  H  0.00  1   !  -9.99000e+02  -99.000  -99.000  -999
OBS: 361  57410.812    37.00   0.0000e+00   3.1653e+01   9.8434e-01   0  H  0.00  1   !  -9.99000e+02  -99.000  -99.000  -999
OBS: 361  57412.812    39.00   0.0000e+00   3.3751e+01   9.9454e-01   0  H  0.00  1   !  -9.99000e+02  -99.000  -99.000  -999
OBS: 361  57414.812    41.00   0.0000e+00   3.5686e+01   9.9676e-01   0  H  0.00  1   !  -9.99000e+02  -99.000  -99.000  -999
OBS: 361  57416.812    43.00   0.0000e+00   3.7540e+01   1.0228e+00   0  H  0.00  1   !  -9.99000e+02  -99.000  -99.000  -999
OBS: 361  57418.812    45.00   0.0000e+00   3.9166e+01   1.1334e+00   0  H  0.00  1   !  -9.99000e+02  -99.000  -99.000  -999
OBS: 361  57420.812    47.00   0.0000e+00   4.0438e+01   1.2640e+00   0  H  0.00  1   !  -9.99000e+02  -99.000  -99.000  -999
OBS: 361  57422.812    49.00   0.0000e+00   4.1124e+01   1.4019e+00   0  H  0.00  1   !  -9.99000e+02  -99.000  -99.000  -999
OBS: 361  57424.812    51.00   0.0000e+00   4.1425e+01   1.4133e+00   0  H  0.00  1   !  -9.99000e+02  -99.000  -99.000  -999
OBS: 361  57426.812    53.00   0.0000e+00   4.1402e+01   1.3976e+00   0  H  0.00  1   !  -9.99000e+02  -99.000  -99.000  -999
OBS: 361  57428.812    55.00   0.0000e+00   4.0969e+01   1.3664e+00   0  H  0.00  1   !  -9.99000e+02  -99.000  -99.000  -999
OBS: 361  57430.812    57.00   0.0000e+00   4.0046e+01   1.4378e+00   0  H  0.00  1   !  -9.99000e+02  -99.000  -99.000  -999
OBS: 361  57432.812    59.00   0.0000e+00   3.8568e+01   1.5457e+00   0  H  0.00  1   !  -9.99000e+02  -99.000  -99.000  -999
OBS: 361  57434.812    61.00   0.0000e+00   3.6612e+01   1.5386e+00   0  H  0.00  1   !  -9.99000e+02  -99.000  -99.000  -999
OBS: 361  57436.812    63.00   0.0000e+00   3.4380e+01   1.4081e+00   0  H  0.00  1   !  -9.99000e+02  -99.000  -99.000  -999
OBS: 361  57438.812    65.00   0.0000e+00   3.2115e+01   1.2051e+00   0  H  0.00  1   !  -9.99000e+02  -99.000  -99.000  -999
OBS: 361  57440.812    67.00   0.0000e+00   3.0048e+01   1.0205e+00   0  H  0.00  1   !  -9.99000e+02  -99.000  -99.000  -999
OBS: 361  57442.812    69.00   0.0000e+00   2.8305e+01   8.6433e-01   0  H  0.00  1   !  -9.99000e+02  -99.000  -99.000  -999
OBS: 361  57444.812    71.00   0.0000e+00   2.6896e+01   7.8718e-01   0  H  0.00  1   !  -9.99000e+02  -99.000  -99.000  -999
OBS: 361  57446.812    73.00   0.0000e+00   2.5596e+01   7.6393e-01   0  H  0.00  1   !  -9.99000e+02  -99.000  -99.000  -999
OBS: 361  57448.812    75.00   0.0000e+00   2.4217e+01   1.4577e+01   0  H  0.00  1   !  -9.99000e+02  -99.000  -99.000  -999
OBS: 361  57450.812    77.00   0.0000e+00   2.2616e+01   1.3613e+01   0  H  0.00  1   !  -9.99000e+02  -99.000  -99.000  -999
OBS: 361  57452.812    79.00   0.0000e+00   2.0918e+01   1.2591e+01   0  H  0.00  1   !  -9.99000e+02  -99.000  -99.000  -999
OBS: 361  57454.812    81.00   0.0000e+00   1.9169e+01   1.1538e+01   0  H  0.00  1   !  -9.99000e+02  -99.000  -99.000  -999
OBS: 361  57456.812    83.00   0.0000e+00   1.7471e+01   1.0516e+01   0  H  0.00  1   !  -9.99000e+02  -99.000  -99.000  -999
OBS: 361  57458.812    85.00   0.0000e+00   1.5924e+01   9.5849e+00   0  H  0.00  1   !  -9.99000e+02  -99.000  -99.000  -999
OBS: 361  57460.812    87.00   0.0000e+00   1.4591e+01   8.7822e+00   0  H  0.00  1   !  -9.99000e+02  -99.000  -99.000  -999
OBS: 361  57462.812    89.00   0.0000e+00   1.2999e+01   7.8243e+00   0  H  0.00  1   !  -9.99000e+02  -99.000  -99.000  -999
OBS: 361  57464.812    91.00   0.0000e+00   1.1150e+01   6.7114e+00   0  H  0.00  1   !  -9.99000e+02  -99.000  -99.000  -999
OBS: 361  57466.812    93.00   0.0000e+00   9.6904e+00   5.8328e+00   0  H  0.00  1   !  -9.99000e+02  -99.000  -99.000  -999
OBS: 361  57468.812    95.00   0.0000e+00   8.5103e+00   5.1224e+00   0  H  0.00  1   !  -9.99000e+02  -99.000  -99.000  -999
OBS: 361  57470.812    97.00   0.0000e+00   7.5516e+00   4.5454e+00   0  H  0.00  1   !  -9.99000e+02  -99.000  -99.000  -999
OBS: 361  57472.812    99.00   0.0000e+00   6.7740e+00   4.0774e+00   0  H  0.00  1   !  -9.99000e+02  -99.000  -99.000  -999
OBS: 361  57474.812   101.00   0.0000e+00   6.1163e+00   3.6814e+00   0  H  0.00  1   !  -9.99000e+02  -99.000  -99.000  -999
OBS: 361  57476.812   103.00   0.0000e+00   5.5483e+00   3.3396e+00   0  H  0.00  1   !  -9.99000e+02  -99.000  -99.000  -999
OBS: 361  57478.812   105.00   0.0000e+00   5.0357e+00   3.0311e+00   0  H  0.00  1   !  -9.99000e+02  -99.000  -99.000  -999
OBS: 361  57480.812   107.00   0.0000e+00   4.5695e+00   2.7505e+00   0  H  0.00  1   !  -9.99000e+02  -99.000  -99.000  -999
OBS: 361  57482.812   109.00   0.0000e+00   4.1469e+00   2.4961e+00   0  H  0.00  1   !  -9.99000e+02  -99.000  -99.000  -999
OBS: 361  57484.812   111.00   0.0000e+00   3.7694e+00   2.2689e+00   0  H  0.00  1   !  -9.99000e+02  -99.000  -99.000  -999
OBS: 361  57486.812   113.00   0.0000e+00   3.4266e+00   2.0625e+00   0  H  0.00  1   !  -9.99000e+02  -99.000  -99.000  -999
OBS: 361  57488.812   115.00   0.0000e+00   3.1154e+00   1.8752e+00   0  H  0.00  1   !  -9.99000e+02  -99.000  -99.000  -999
OBS: 361  57490.812   117.00   0.0000e+00   2.8330e+00   1.7052e+00   0  H  0.00  1   !  -9.99000e+02  -99.000  -99.000  -999
OBS: 361  57492.812   119.00   0.0000e+00   2.5766e+00   1.5509e+00   0  H  0.00  1   !  -9.99000e+02  -99.000  -99.000  -999
OBS: 361  57494.812   121.00   0.0000e+00   2.3443e+00   1.4111e+00   0  H  0.00  1   !  -9.99000e+02  -99.000  -99.000  -999
OBS: 361  57496.812   123.00   0.0000e+00   2.1338e+00   1.2844e+00   0  H  0.00  1   !  -9.99000e+02  -99.000  -99.000  -999
OBS: 361  57498.812   125.00   0.0000e+00   1.9428e+00   1.1694e+00   0  H  0.00  1   !  -9.99000e+02  -99.000  -99.000  -999
OBS: 361  57500.812   127.00   0.0000e+00   1.7640e+00   1.0618e+00   0  H  0.00  1   !  -9.99000e+02  -99.000  -99.000  -999
OBS: 361  57502.812   129.00   0.0000e+00   1.6016e+00   9.6402e-01   0  H  0.00  1   !  -9.99000e+02  -99.000  -99.000  -999
OBS: 361  57504.812   131.00   0.0000e+00   1.4542e+00   8.7528e-01   0  H  0.00  1   !  -9.99000e+02  -99.000  -99.000  -999
OBS: 361  57506.812   133.00   0.0000e+00   1.3203e+00   7.9471e-01   0  H  0.00  1   !  -9.99000e+02  -99.000  -99.000  -999
OBS: 361  57508.812   135.00   0.0000e+00   1.1988e+00   7.2155e-01   0  H  0.00  1   !  -9.99000e+02  -99.000  -99.000  -999
OBS: 361  57510.812   137.00   0.0000e+00   1.0884e+00   6.5513e-01   0  H  0.00  1   !  -9.99000e+02  -99.000  -99.000  -999
OBS: 361  57512.812   139.00   0.0000e+00   9.8822e-01   5.9482e-01   0  H  0.00  1   !  -9.99000e+02  -99.000  -99.000  -999
