VARNAMES: CID MJD Tobs SIM_FLUXCAL FLUXCAL FLUXCAL_ERR DATAFLAG BAND CHI2 IFIT BAND_REST FLUX_REST KCOR AVWARP SIM_FLUX_REST 
OBS: 753  57728.531    32.03   6.8943e+01   6.9226e+01   5.3198e-01   1  J  0.01  1   Y  2.07607e+18  -0.034  -0.715  1.00000e+11
OBS: 753  57637.504   -59.00   0.0000e+00   0.0000e+00   0.0000e+00   0  J  0.00  1   !  -9.99000e+02  -99.000  -99.000  -999
OBS: 753  57639.504   -57.00   0.0000e+00   0.0000e+00   0.0000e+00   0  J  0.00  1   !  -9.99000e+02  -99.000  -99.000  -999
OBS: 753  57641.504   -55.00   0.0000e+00   0.0000e+00   0.0000e+00   0  J  0.00  1   !  -9.99000e+02  -99.000  -99.000  -999
OBS: 753  57643.504   -53.00   0.0000e+00   0.0000e+00   0.0000e+00   0  J  0.00  1   !  -9.99000e+02  -99.000  -99.000  -999
OBS: 753  57645.504   -51.00   0.0000e+00   0.0000e+00   0.0000e+00   0  J  0.00  1   !  -9.99000e+02  -99.000  -99.000  -999
OBS: 753  57647.504   -49.00   0.0000e+00   0.0000e+00   0.0000e+00   0  J  0.00  1   !  -9.99000e+02  -99.000  -99.000  -999
OBS: 753  57649.504   -47.00   0.0000e+00   0.0000e+00   0.0000e+00   0  J  0.00  1   !  -9.99000e+02  -99.000  -99.000  -999
OBS: 753  57651.504   -45.00   0.0000e+00   0.0000e+00   0.0000e+00   0  J  0.00  1   !  -9.99000e+02  -99.000  -99.000  -999
OBS: 753  57653.504   -43.00   0.0000e+00   0.0000e+00   0.0000e+00   0  J  0.00  1   !  -9.99000e+02  -99.000  -99.000  -999
OBS: 753  57655.504   -41.00   0.0000e+00   0.0000e+00   0.0000e+00   0  J  0.00  1   !  -9.99000e+02  -99.000  -99.000  -999
OBS: 753  57657.504   -39.00   0.0000e+00   0.0000e+00   0.0000e+00   0  J  0.00  1   !  -9.99000e+02  -99.000  -99.000  -999
OBS: 753  57659.504   -37.00   0.0000e+00   0.0000e+00   0.0000e+00   0  J  0.00  1   !  -9.99000e+02  -99.000  -99.000  -999
OBS: 753  57661.504   -35.00   0.0000e+00   0.0000e+00   0.0000e+00   0  J  0.00  1   !  -9.99000e+02  -99.000  -99.000  -999
OBS: 753  57663.504   -33.00   0.0000e+00   0.0000e+00   0.0000e+00   0  J  0.00  1   !  -9.99000e+02  -99.000  -99.000  -999
OBS: 753  57665.504   -31.00   0.0000e+00   0.0000e+00   0.0000e+00   0  J  0.00  1   !  -9.99000e+02  -99.000  -99.000  -999
OBS: 753  57667.504   -29.00   0.0000e+00   0.0000e+00   0.0000e+00   0  J  0.00  1   !  -9.99000e+02  -99.000  -99.000  -999
OBS: 753  57669.504   -27.00   0.0000e+00   0.0000e+00   0.0000e+00   0  J  0.00  1   !  -9.99000e+02  -99.000  -99.000  -999
OBS: 753  57671.504   -25.00   0.0000e+00   8.9052e+00   5.3601e+00   0  J  0.00  1   !  -9.99000e+02  -99.000  -99.000  -999
OBS: 753  57673.504   -23.00   0.0000e+00   6.4813e+00   3.9011e+00   0  J  0.00  1   !  -9.99000e+02  -99.000  -99.000  -999
OBS: 753  57675.504   -21.00   0.0000e+00   6.4730e+00   3.8962e+00   0  J  0.00  1   !  -9.99000e+02  -99.000  -99.000  -999
OBS: 753  57677.504   -19.00   0.0000e+00   8.7130e+00   3.7669e+00   0  J  0.00  1   !  -9.99000e+02  -99.000  -99.000  -999
OBS: 753  57679.504   -17.00   0.0000e+00   2.3306e+01   2.3164e+00   0  J  0.00  1   !  -9.99000e+02  -99.000  -99.000  -999
OBS: 753  57681.504   -15.00   0.0000e+00   3.6354e+01   1.7120e+00   0  J  0.00  1   !  -9.99000e+02  -99.000  -99.000  -999
OBS: 753  57683.504   -13.00   0.0000e+00   4.8437e+01   1.6509e+00   0  J  0.00  1   !  -9.99000e+02  -99.000  -99.000  -999
OBS: 753  57685.504   -11.00   0.0000e+00   5.8738e+01   1.6330e+00   0  J  0.00  1   !  -9.99000e+02  -99.000  -99.000  -999
OBS: 753  57687.504    -9.00   0.0000e+00   6.8383e+01   1.5244e+00   0  J  0.00  1   !  -9.99000e+02  -99.000  -99.000  -999
OBS: 753  57689.504    -7.00   0.0000e+00   7.4707e+01   1.4830e+00   0  J  0.00  1   !  -9.99000e+02  -99.000  -99.000  -999
OBS: 753  57691.504    -5.00   0.0000e+00   7.7207e+01   1.5234e+00   0  J  0.00  1   !  -9.99000e+02  -99.000  -99.000  -999
OBS: 753  57693.504    -3.00   0.0000e+00   7.4703e+01   1.6092e+00   0  J  0.00  1   !  -9.99000e+02  -99.000  -99.000  -999
OBS: 753  57695.504    -1.00   0.0000e+00   6.9921e+01   1.6959e+00   0  J  0.00  1   !  -9.99000e+02  -99.000  -99.000  -999
OBS: 753  57697.504     1.00   0.0000e+00   6.4303e+01   1.8070e+00   0  J  0.00  1   !  -9.99000e+02  -99.000  -99.000  -999
OBS: 753  57699.504     3.00   0.0000e+00   5.8957e+01   1.9659e+00   0  J  0.00  1   !  -9.99000e+02  -99.000  -99.000  -999
OBS: 753  57701.504     5.00   0.0000e+00   5.4480e+01   2.0974e+00   0  J  0.00  1   !  -9.99000e+02  -99.000  -99.000  -999
OBS: 753  57703.504     7.00   0.0000e+00   5.1251e+01   2.1370e+00   0  J  0.00  1   !  -9.99000e+02  -99.000  -99.000  -999
OBS: 753  57705.504     9.00   0.0000e+00   4.8395e+01   2.1151e+00   0  J  0.00  1   !  -9.99000e+02  -99.000  -99.000  -999
OBS: 753  57707.504    11.00   0.0000e+00   4.6505e+01   2.1245e+00   0  J  0.00  1   !  -9.99000e+02  -99.000  -99.000  -999
OBS: 753  57709.504    13.00   0.0000e+00   4.5641e+01   2.2049e+00   0  J  0.00  1   !  -9.99000e+02  -99.000  -99.000  -999
OBS: 753  57711.504    15.00   0.0000e+00   4.5902e+01   2.3035e+00   0  J  0.00  1   !  -9.99000e+02  -99.000  -99.000  -999
OBS: 753  57713.504    17.00   0.0000e+00   4.6858e+01   2.2740e+00   0  J  0.00  1   !  -9.99000e+02  -99.000  -99.000  -999
OBS: 753  57715.504    19.00   0.0000e+00   4.9158e+01   2.2359e+00   0  J  0.00  1   !  -9.99000e+02  -99.000  -99.000  -999
OBS: 753  57717.504    21.00   0.0000e+00   5.3381e+01   2.2644e+00   0  J  0.00  1   !  -9.99000e+02  -99.000  -99.000  -999
OBS: 753  57719.504    23.00   0.0000e+00   5.7505e+01   2.3499e+00   0  J  0.00  1   !  -9.99000e+02  -99.000  -99.000  -999
OBS: 753  57721.504    25.00   0.0000e+00   6.1402e+01   2.4316e+00   0  J  0.00  1   !  -9.99000e+02  -99.000  -99.000  -999
OBS: 753  57723.504    27.00   0.0000e+00   6.3590e+01   2.5183e+00   0  J  0.00  1   !  -9.99000e+02  -99.000  -99.000  -999
OBS: 753  57725.504    29.00   0.0000e+00   6.4872e+01   2.5690e+00   0  J  0.00  1   !  -9.99000e+02  -99.000  -99.000  -999
OBS: 753  57727.504    31.00   0.0000e+00   6.7528e+01   2.6373e+00   0  J  0.00  1   !  -9.99000e+02  -99.000  -99.000  -999
OBS: 753  57729.504    33.00   0.0000e+00   7.1464e+01   2.5477e+00   0  J  0.00  1   !  -9.99000e+02  -99.000  -99.000  -999
OBS: 753  57731.504    35.00   0.0000e+00   7.4631e+01   2.3732e+00   0  J  0.00  1   !  -9.99000e+02  -99.000  -99.000  -999
OBS: 753  57733.504    37.00   0.0000e+00   7.5318e+01   2.2490e+00   0  J  0.00  1   !  -9.99000e+02  -99.000  -99.000  -999
OBS: 753  57735.504    39.00   0.0000e+00   7.3774e+01   2.0718e+00   0  J  0.00  1   !  -9.99000e+02  -99.000  -99.000  -999
OBS: 753  57737.504    41.00   0.0000e+00   7.0522e+01   1.8896e+00   0  J  0.00  1   !  -9.99000e+02  -99.000  -99.000  -999
OBS: 753  57739.504    43.00   0.0000e+00   6.6432e+01   1.6948e+00   0  J  0.00  1   !  -9.99000e+02  -99.000  -99.000  -999
OBS: 753  57741.504    45.00   0.0000e+00   6.1612e+01   1.6284e+00   0  J  0.00  1   !  -9.99000e+02  -99.000  -99.000  -999
OBS: 753  57743.504    47.00   0.0000e+00   5.7022e+01   1.6207e+00   0  J  0.00  1   !  -9.99000e+02  -99.000  -99.000  -999
OBS: 753  57745.504    49.00   0.0000e+00   5.2733e+01   1.6196e+00   0  J  0.00  1   !  -9.99000e+02  -99.000  -99.000  -999
OBS: 753  57747.504    51.00   0.0000e+00   4.7923e+01   1.5342e+00   0  J  0.00  1   !  -9.99000e+02  -99.000  -99.000  -999
OBS: 753  57749.504    53.00   0.0000e+00   4.3021e+01   1.5567e+00   0  J  0.00  1   !  -9.99000e+02  -99.000  -99.000  -999
OBS: 753  57751.504    55.00   0.0000e+00   3.8606e+01   1.6363e+00   0  J  0.00  1   !  -9.99000e+02  -99.000  -99.000  -999
OBS: 753  57753.504    57.00   0.0000e+00   3.4948e+01   1.7212e+00   0  J  0.00  1   !  -9.99000e+02  -99.000  -99.000  -999
OBS: 753  57755.504    59.00   0.0000e+00   3.1935e+01   1.6993e+00   0  J  0.00  1   !  -9.99000e+02  -99.000  -99.000  -999
OBS: 753  57757.504    61.00   0.0000e+00   2.9222e+01   1.5940e+00   0  J  0.00  1   !  -9.99000e+02  -99.000  -99.000  -999
OBS: 753  57759.504    63.00   0.0000e+00   2.6765e+01   1.5279e+00   0  J  0.00  1   !  -9.99000e+02  -99.000  -99.000  -999
OBS: 753  57761.504    65.00   0.0000e+00   2.4375e+01   1.5765e+00   0  J  0.00  1   !  -9.99000e+02  -99.000  -99.000  -999
OBS: 753  57763.504    67.00   0.0000e+00   2.2071e+01   1.3285e+01   0  J  0.00  1   !  -9.99000e+02  -99.000  -99.000  -999
OBS: 753  57765.504    69.00   0.0000e+00   1.9912e+01   1.1985e+01   0  J  0.00  1   !  -9.99000e+02  -99.000  -99.000  -999
OBS: 753  57767.504    71.00   0.0000e+00   1.8484e+01   1.1125e+01   0  J  0.00  1   !  -9.99000e+02  -99.000  -99.000  -999
OBS: 753  57769.504    73.00   0.0000e+00   1.7296e+01   1.0411e+01   0  J  0.00  1   !  -9.99000e+02  -99.000  -99.000  -999
OBS: 753  57771.504    75.00   0.0000e+00   1.6210e+01   9.7571e+00   0  J  0.00  1   !  -9.99000e+02  -99.000  -99.000  -999
OBS: 753  57773.504    77.00   0.0000e+00   1.5254e+01   9.1818e+00   0  J  0.00  1   !  -9.99000e+02  -99.000  -99.000  -999
OBS: 753  57775.504    79.00   0.0000e+00   1.4285e+01   8.5984e+00   0  J  0.00  1   !  -9.99000e+02  -99.000  -99.000  -999
OBS: 753  57777.504    81.00   0.0000e+00   1.2448e+01   7.4927e+00   0  J  0.00  1   !  -9.99000e+02  -99.000  -99.000  -999
OBS: 753  57779.504    83.00   0.0000e+00   1.0857e+01   6.5350e+00   0  J  0.00  1   !  -9.99000e+02  -99.000  -99.000  -999
OBS: 753  57781.504    85.00   0.0000e+00   9.5711e+00   5.7610e+00   0  J  0.00  1   !  -9.99000e+02  -99.000  -99.000  -999
OBS: 753  57783.504    87.00   0.0000e+00   8.5551e+00   5.1494e+00   0  J  0.00  1   !  -9.99000e+02  -99.000  -99.000  -999
OBS: 753  57785.504    89.00   0.0000e+00   7.7571e+00   4.6691e+00   0  J  0.00  1   !  -9.99000e+02  -99.000  -99.000  -999
OBS: 753  57787.504    91.00   0.0000e+00   7.1392e+00   4.2971e+00   0  J  0.00  1   !  -9.99000e+02  -99.000  -99.000  -999
OBS: 753  57789.504    93.00   0.0000e+00   6.6293e+00   3.9903e+00   0  J  0.00  1   !  -9.99000e+02  -99.000  -99.000  -999
OBS: 753  57791.504    95.00   0.0000e+00   6.1781e+00   3.7186e+00   0  J  0.00  1   !  -9.99000e+02  -99.000  -99.000  -999
OBS: 753  57793.504    97.00   0.0000e+00   5.7790e+00   3.4785e+00   0  J  0.00  1   !  -9.99000e+02  -99.000  -99.000  -999
OBS: 753  57795.504    99.00   0.0000e+00   5.3281e+00   3.2071e+00   0  J  0.00  1   !  -9.99000e+02  -99.000  -99.000  -999
OBS: 753  57797.504   101.00   0.0000e+00   4.9119e+00   2.9565e+00   0  J  0.00  1   !  -9.99000e+02  -99.000  -99.000  -999
OBS: 753  57799.504   103.00   0.0000e+00   4.5332e+00   2.7286e+00   0  J  0.00  1   !  -9.99000e+02  -99.000  -99.000  -999
OBS: 753  57801.504   105.00   0.0000e+00   4.1875e+00   2.5205e+00   0  J  0.00  1   !  -9.99000e+02  -99.000  -99.000  -999
OBS: 753  57803.504   107.00   0.0000e+00   3.8730e+00   2.3312e+00   0  J  0.00  1   !  -9.99000e+02  -99.000  -99.000  -999
OBS: 753  57805.504   109.00   0.0000e+00   3.5882e+00   2.1598e+00   0  J  0.00  1   !  -9.99000e+02  -99.000  -99.000  -999
OBS: 753  57807.504   111.00   0.0000e+00   3.3309e+00   2.0049e+00   0  J  0.00  1   !  -9.99000e+02  -99.000  -99.000  -999
OBS: 753  57809.504   113.00   0.0000e+00   3.0608e+00   1.8424e+00   0  J  0.00  1   !  -9.99000e+02  -99.000  -99.000  -999
OBS: 753  57811.504   115.00   0.0000e+00   2.8013e+00   1.6862e+00   0  J  0.00  1   !  -9.99000e+02  -99.000  -99.000  -999
OBS: 753  57813.504   117.00   0.0000e+00   2.5634e+00   1.5429e+00   0  J  0.00  1   !  -9.99000e+02  -99.000  -99.000  -999
OBS: 753  57815.504   119.00   0.0000e+00   2.3460e+00   1.4121e+00   0  J  0.00  1   !  -9.99000e+02  -99.000  -99.000  -999
OBS: 753  57817.504   121.00   0.0000e+00   2.1471e+00   1.2923e+00   0  J  0.00  1   !  -9.99000e+02  -99.000  -99.000  -999
OBS: 753  57819.504   123.00   0.0000e+00   1.9650e+00   1.1827e+00   0  J  0.00  1   !  -9.99000e+02  -99.000  -99.000  -999
OBS: 753  57821.504   125.00   0.0000e+00   1.7983e+00   1.0824e+00   0  J  0.00  1   !  -9.99000e+02  -99.000  -99.000  -999
OBS: 753  57823.504   127.00   0.0000e+00   1.6458e+00   9.9062e-01   0  J  0.00  1   !  -9.99000e+02  -99.000  -99.000  -999
OBS: 753  57825.504   129.00   0.0000e+00   1.5062e+00   9.0658e-01   0  J  0.00  1   !  -9.99000e+02  -99.000  -99.000  -999
OBS: 753  57827.504   131.00   0.0000e+00   1.3784e+00   8.2969e-01   0  J  0.00  1   !  -9.99000e+02  -99.000  -99.000  -999
OBS: 753  57829.504   133.00   0.0000e+00   1.2615e+00   7.5931e-01   0  J  0.00  1   !  -9.99000e+02  -99.000  -99.000  -999
OBS: 753  57831.504   135.00   0.0000e+00   1.1544e+00   6.9487e-01   0  J  0.00  1   !  -9.99000e+02  -99.000  -99.000  -999
OBS: 753  57833.504   137.00   0.0000e+00   1.0564e+00   6.3588e-01   0  J  0.00  1   !  -9.99000e+02  -99.000  -99.000  -999
OBS: 753  57835.504   139.00   0.0000e+00   9.6678e-01   5.8191e-01   0  J  0.00  1   !  -9.99000e+02  -99.000  -99.000  -999
OBS: 753  57728.527    32.02   2.3323e+01   2.3261e+01   4.7119e-01   1  H  0.05  1   J  8.08236e+17  0.126  -0.195  1.00000e+11
OBS: 753  57637.504   -59.00   0.0000e+00   0.0000e+00   0.0000e+00   0  H  0.00  1   !  -9.99000e+02  -99.000  -99.000  -999
OBS: 753  57639.504   -57.00   0.0000e+00   0.0000e+00   0.0000e+00   0  H  0.00  1   !  -9.99000e+02  -99.000  -99.000  -999
OBS: 753  57641.504   -55.00   0.0000e+00   0.0000e+00   0.0000e+00   0  H  0.00  1   !  -9.99000e+02  -99.000  -99.000  -999
OBS: 753  57643.504   -53.00   0.0000e+00   0.0000e+00   0.0000e+00   0  H  0.00  1   !  -9.99000e+02  -99.000  -99.000  -999
OBS: 753  57645.504   -51.00   0.0000e+00   0.0000e+00   0.0000e+00   0  H  0.00  1   !  -9.99000e+02  -99.000  -99.000  -999
OBS: 753  57647.504   -49.00   0.0000e+00   0.0000e+00   0.0000e+00   0  H  0.00  1   !  -9.99000e+02  -99.000  -99.000  -999
OBS: 753  57649.504   -47.00   0.0000e+00   0.0000e+00   0.0000e+00   0  H  0.00  1   !  -9.99000e+02  -99.000  -99.000  -999
OBS: 753  57651.504   -45.00   0.0000e+00   0.0000e+00   0.0000e+00   0  H  0.00  1   !  -9.99000e+02  -99.000  -99.000  -999
OBS: 753  57653.504   -43.00   0.0000e+00   0.0000e+00   0.0000e+00   0  H  0.00  1   !  -9.99000e+02  -99.000  -99.000  -999
OBS: 753  57655.504   -41.00   0.0000e+00   0.0000e+00   0.0000e+00   0  H  0.00  1   !  -9.99000e+02  -99.000  -99.000  -999
OBS: 753  57657.504   -39.00   0.0000e+00   0.0000e+00   0.0000e+00   0  H  0.00  1   !  -9.99000e+02  -99.000  -99.000  -999
OBS: 753  57659.504   -37.00   0.0000e+00   0.0000e+00   0.0000e+00   0  H  0.00  1   !  -9.99000e+02  -99.000  -99.000  -999
OBS: 753  57661.504   -35.00   0.0000e+00   0.0000e+00   0.0000e+00   0  H  0.00  1   !  -9.99000e+02  -99.000  -99.000  -999
OBS: 753  57663.504   -33.00   0.0000e+00   0.0000e+00   0.0000e+00   0  H  0.00  1   !  -9.99000e+02  -99.000  -99.000  -999
OBS: 753  57665.504   -31.00   0.0000e+00   0.0000e+00   0.0000e+00   0  H  0.00  1   !  -9.99000e+02  -99.000  -99.000  -999
OBS: 753  57667.504   -29.00   0.0000e+00   0.0000e+00   0.0000e+00   0  H  0.00  1   !  -9.99000e+02  -99.000  -99.000  -999
OBS: 753  57669.504   -27.00   0.0000e+00   0.0000e+00   0.0000e+00   0  H  0.00  1   !  -9.99000e+02  -99.000  -99.000  -999
OBS: 753  57671.504   -25.00   0.0000e+00   5.7622e+00   3.4683e+00   0  H  0.00  1   !  -9.99000e+02  -99.000  -99.000  -999
OBS: 753  57673.504   -23.00   0.0000e+00   6.7745e+00   4.0776e+00   0  H  0.00  1   !  -9.99000e+02  -99.000  -99.000  -999
OBS: 753  57675.504   -21.00   0.0000e+00   6.7867e+00   4.0850e+00   0  H  0.00  1   !  -9.99000e+02  -99.000  -99.000  -999
OBS: 753  57677.504   -19.00   0.0000e+00   9.2765e+00   4.1746e+00   0  H  0.00  1   !  -9.99000e+02  -99.000  -99.000  -999
OBS: 753  57679.504   -17.00   0.0000e+00   1.8785e+01   2.1118e+00   0  H  0.00  1   !  -9.99000e+02  -99.000  -99.000  -999
OBS: 753  57681.504   -15.00   0.0000e+00   2.8473e+01   1.2649e+00   0  H  0.00  1   !  -9.99000e+02  -99.000  -99.000  -999
OBS: 753  57683.504   -13.00   0.0000e+00   3.7596e+01   1.2302e+00   0  H  0.00  1   !  -9.99000e+02  -99.000  -99.000  -999
OBS: 753  57685.504   -11.00   0.0000e+00   4.5082e+01   1.2024e+00   0  H  0.00  1   !  -9.99000e+02  -99.000  -99.000  -999
OBS: 753  57687.504    -9.00   0.0000e+00   5.0611e+01   9.2875e-01   0  H  0.00  1   !  -9.99000e+02  -99.000  -99.000  -999
OBS: 753  57689.504    -7.00   0.0000e+00   5.3744e+01   8.1883e-01   0  H  0.00  1   !  -9.99000e+02  -99.000  -99.000  -999
OBS: 753  57691.504    -5.00   0.0000e+00   5.4334e+01   8.6175e-01   0  H  0.00  1   !  -9.99000e+02  -99.000  -99.000  -999
OBS: 753  57693.504    -3.00   0.0000e+00   5.2350e+01   8.9846e-01   0  H  0.00  1   !  -9.99000e+02  -99.000  -99.000  -999
OBS: 753  57695.504    -1.00   0.0000e+00   4.9027e+01   9.2366e-01   0  H  0.00  1   !  -9.99000e+02  -99.000  -99.000  -999
OBS: 753  57697.504     1.00   0.0000e+00   4.4156e+01   8.6624e-01   0  H  0.00  1   !  -9.99000e+02  -99.000  -99.000  -999
OBS: 753  57699.504     3.00   0.0000e+00   3.8962e+01   8.6226e-01   0  H  0.00  1   !  -9.99000e+02  -99.000  -99.000  -999
OBS: 753  57701.504     5.00   0.0000e+00   3.4032e+01   8.7602e-01   0  H  0.00  1   !  -9.99000e+02  -99.000  -99.000  -999
OBS: 753  57703.504     7.00   0.0000e+00   2.9242e+01   8.4203e-01   0  H  0.00  1   !  -9.99000e+02  -99.000  -99.000  -999
OBS: 753  57705.504     9.00   0.0000e+00   2.4295e+01   8.4704e-01   0  H  0.00  1   !  -9.99000e+02  -99.000  -99.000  -999
OBS: 753  57707.504    11.00   0.0000e+00   1.9945e+01   8.8890e-01   0  H  0.00  1   !  -9.99000e+02  -99.000  -99.000  -999
OBS: 753  57709.504    13.00   0.0000e+00   1.6704e+01   9.8455e-01   0  H  0.00  1   !  -9.99000e+02  -99.000  -99.000  -999
OBS: 753  57711.504    15.00   0.0000e+00   1.4691e+01   1.1146e+00   0  H  0.00  1   !  -9.99000e+02  -99.000  -99.000  -999
OBS: 753  57713.504    17.00   0.0000e+00   1.3912e+01   1.1876e+00   0  H  0.00  1   !  -9.99000e+02  -99.000  -99.000  -999
OBS: 753  57715.504    19.00   0.0000e+00   1.3975e+01   1.1981e+00   0  H  0.00  1   !  -9.99000e+02  -99.000  -99.000  -999
OBS: 753  57717.504    21.00   0.0000e+00   1.4360e+01   1.2494e+00   0  H  0.00  1   !  -9.99000e+02  -99.000  -99.000  -999
OBS: 753  57719.504    23.00   0.0000e+00   1.5169e+01   1.3799e+00   0  H  0.00  1   !  -9.99000e+02  -99.000  -99.000  -999
OBS: 753  57721.504    25.00   0.0000e+00   1.6186e+01   1.3958e+00   0  H  0.00  1   !  -9.99000e+02  -99.000  -99.000  -999
OBS: 753  57723.504    27.00   0.0000e+00   1.7709e+01   1.3522e+00   0  H  0.00  1   !  -9.99000e+02  -99.000  -99.000  -999
OBS: 753  57725.504    29.00   0.0000e+00   1.9783e+01   1.4959e+00   0  H  0.00  1   !  -9.99000e+02  -99.000  -99.000  -999
OBS: 753  57727.504    31.00   0.0000e+00   2.1941e+01   1.5704e+00   0  H  0.00  1   !  -9.99000e+02  -99.000  -99.000  -999
OBS: 753  57729.504    33.00   0.0000e+00   2.3781e+01   1.5280e+00   0  H  0.00  1   !  -9.99000e+02  -99.000  -99.000  -999
OBS: 753  57731.504    35.00   0.0000e+00   2.5110e+01   1.5863e+00   0  H  0.00  1   !  -9.99000e+02  -99.000  -99.000  -999
OBS: 753  57733.504    37.00   0.0000e+00   2.5728e+01   1.6884e+00   0  H  0.00  1   !  -9.99000e+02  -99.000  -99.000  -999
OBS: 753  57735.504    39.00   0.0000e+00   2.6002e+01   1.6070e+00   0  H  0.00  1   !  -9.99000e+02  -99.000  -99.000  -999
OBS: 753  57737.504    41.00   0.0000e+00   2.6210e+01   1.4677e+00   0  H  0.00  1   !  -9.99000e+02  -99.000  -99.000  -999
OBS: 753  57739.504    43.00   0.0000e+00   2.6622e+01   1.4749e+00   0  H  0.00  1   !  -9.99000e+02  -99.000  -99.000  -999
OBS: 753  57741.504    45.00   0.0000e+00   2.6410e+01   1.4960e+00   0  H  0.00  1   !  -9.99000e+02  -99.000  -99.000  -999
OBS: 753  57743.504    47.00   0.0000e+00   2.5149e+01   1.7168e+00   0  H  0.00  1   !  -9.99000e+02  -99.000  -99.000  -999
OBS: 753  57745.504    49.00   0.0000e+00   2.2833e+01   2.0247e+00   0  H  0.00  1   !  -9.99000e+02  -99.000  -99.000  -999
OBS: 753  57747.504    51.00   0.0000e+00   2.0167e+01   2.0493e+00   0  H  0.00  1   !  -9.99000e+02  -99.000  -99.000  -999
OBS: 753  57749.504    53.00   0.0000e+00   1.7455e+01   1.9240e+00   0  H  0.00  1   !  -9.99000e+02  -99.000  -99.000  -999
OBS: 753  57751.504    55.00   0.0000e+00   1.5038e+01   1.8940e+00   0  H  0.00  1   !  -9.99000e+02  -99.000  -99.000  -999
OBS: 753  57753.504    57.00   0.0000e+00   1.3426e+01   2.0917e+00   0  H  0.00  1   !  -9.99000e+02  -99.000  -99.000  -999
OBS: 753  57755.504    59.00   0.0000e+00   1.2471e+01   2.2369e+00   0  H  0.00  1   !  -9.99000e+02  -99.000  -99.000  -999
OBS: 753  57757.504    61.00   0.0000e+00   1.1762e+01   2.3041e+00   0  H  0.00  1   !  -9.99000e+02  -99.000  -99.000  -999
OBS: 753  57759.504    63.00   0.0000e+00   1.0921e+01   2.5904e+00   0  H  0.00  1   !  -9.99000e+02  -99.000  -99.000  -999
OBS: 753  57761.504    65.00   0.0000e+00   9.9460e+00   2.9593e+00   0  H  0.00  1   !  -9.99000e+02  -99.000  -99.000  -999
OBS: 753  57763.504    67.00   0.0000e+00   9.0404e+00   5.4415e+00   0  H  0.00  1   !  -9.99000e+02  -99.000  -99.000  -999
OBS: 753  57765.504    69.00   0.0000e+00   8.3334e+00   5.0160e+00   0  H  0.00  1   !  -9.99000e+02  -99.000  -99.000  -999
OBS: 753  57767.504    71.00   0.0000e+00   7.5881e+00   4.5674e+00   0  H  0.00  1   !  -9.99000e+02  -99.000  -99.000  -999
OBS: 753  57769.504    73.00   0.0000e+00   6.8794e+00   4.1408e+00   0  H  0.00  1   !  -9.99000e+02  -99.000  -99.000  -999
OBS: 753  57771.504    75.00   0.0000e+00   6.2031e+00   3.7337e+00   0  H  0.00  1   !  -9.99000e+02  -99.000  -99.000  -999
OBS: 753  57773.504    77.00   0.0000e+00   5.6186e+00   3.3819e+00   0  H  0.00  1   !  -9.99000e+02  -99.000  -99.000  -999
OBS: 753  57775.504    79.00   0.0000e+00   5.0727e+00   3.0533e+00   0  H  0.00  1   !  -9.99000e+02  -99.000  -99.000  -999
OBS: 753  57777.504    81.00   0.0000e+00   4.1221e+00   2.4812e+00   0  H  0.00  1   !  -9.99000e+02  -99.000  -99.000  -999
OBS: 753  57779.504    83.00   0.0000e+00   3.4665e+00   2.0865e+00   0  H  0.00  1   !  -9.99000e+02  -99.000  -99.000  -999
OBS: 753  57781.504    85.00   0.0000e+00   3.0023e+00   1.8071e+00   0  H  0.00  1   !  -9.99000e+02  -99.000  -99.000  -999
OBS: 753  57783.504    87.00   0.0000e+00   2.6422e+00   1.5904e+00   0  H  0.00  1   !  -9.99000e+02  -99.000  -99.000  -999
OBS: 753  57785.504    89.00   0.0000e+00   2.3360e+00   1.4060e+00   0  H  0.00  1   !  -9.99000e+02  -99.000  -99.000  -999
OBS: 753  57787.504    91.00   0.0000e+00   2.0595e+00   1.2397e+00   0  H  0.00  1   !  -9.99000e+02  -99.000  -99.000  -999
OBS: 753  57789.504    93.00   0.0000e+00   1.7997e+00   1.0833e+00   0  H  0.00  1   !  -9.99000e+02  -99.000  -99.000  -999
OBS: 753  57791.504    95.00   0.0000e+00   1.5500e+00   9.3296e-01   0  H  0.00  1   !  -9.99000e+02  -99.000  -99.000  -999
OBS: 753  57793.504    97.00   0.0000e+00   1.3123e+00   7.8989e-01   0  H  0.00  1   !  -9.99000e+02  -99.000  -99.000  -999
OBS: 753  57795.504    99.00   0.0000e+00   1.1825e+00   7.1178e-01   0  H  0.00  1   !  -9.99000e+02  -99.000  -99.000  -999
OBS: 753  57797.504   101.00   0.0000e+00   1.0674e+00   6.4251e-01   0  H  0.00  1   !  -9.99000e+02  -99.000  -99.000  -999
OBS: 753  57799.504   103.00   0.0000e+00   9.6290e-01   5.7958e-01   0  H  0.00  1   !  -9.99000e+02  -99.000  -99.000  -999
OBS: 753  57801.504   105.00   0.0000e+00   8.6801e-01   5.2246e-01   0  H  0.00  1   !  -9.99000e+02  -99.000  -99.000  -999
OBS: 753  57803.504   107.00   0.0000e+00   7.8129e-01   4.7027e-01   0  H  0.00  1   !  -9.99000e+02  -99.000  -99.000  -999
OBS: 753  57805.504   109.00   0.0000e+00   7.0222e-01   4.2267e-01   0  H  0.00  1   !  -9.99000e+02  -99.000  -99.000  -999
OBS: 753  57807.504   111.00   0.0000e+00   6.2963e-01   3.7898e-01   0  H  0.00  1   !  -9.99000e+02  -99.000  -99.000  -999
OBS: 753  57809.504   113.00   0.0000e+00   5.7041e-01   3.4334e-01   0  H  0.00  1   !  -9.99000e+02  -99.000  -99.000  -999
OBS: 753  57811.504   115.00   0.0000e+00   5.1870e-01   3.1221e-01   0  H  0.00  1   !  -9.99000e+02  -99.000  -99.000  -999
OBS: 753  57813.504   117.00   0.0000e+00   4.7166e-01   2.8389e-01   0  H  0.00  1   !  -9.99000e+02  -99.000  -99.000  -999
OBS: 753  57815.504   119.00   0.0000e+00   4.2885e-01   2.5813e-01   0  H  0.00  1   !  -9.99000e+02  -99.000  -99.000  -999
OBS: 753  57817.504   121.00   0.0000e+00   3.8939e-01   2.3438e-01   0  H  0.00  1   !  -9.99000e+02  -99.000  -99.000  -999
OBS: 753  57819.504   123.00   0.0000e+00   3.5025e-01   2.1082e-01   0  H  0.00  1   !  -9.99000e+02  -99.000  -99.000  -999
OBS: 753  57821.504   125.00   0.0000e+00   3.1468e-01   1.8941e-01   0  H  0.00  1   !  -9.99000e+02  -99.000  -99.000  -999
OBS: 753  57823.504   127.00   0.0000e+00   2.8246e-01   1.7002e-01   0  H  0.00  1   !  -9.99000e+02  -99.000  -99.000  -999
OBS: 753  57825.504   129.00   0.0000e+00   2.5438e-01   1.5311e-01   0  H  0.00  1   !  -9.99000e+02  -99.000  -99.000  -999
OBS: 753  57827.504   131.00   0.0000e+00   2.2909e-01   1.3789e-01   0  H  0.00  1   !  -9.99000e+02  -99.000  -99.000  -999
OBS: 753  57829.504   133.00   0.0000e+00   2.0631e-01   1.2418e-01   0  H  0.00  1   !  -9.99000e+02  -99.000  -99.000  -999
OBS: 753  57831.504   135.00   0.0000e+00   1.8580e-01   1.1184e-01   0  H  0.00  1   !  -9.99000e+02  -99.000  -99.000  -999
OBS: 753  57833.504   137.00   0.0000e+00   1.6733e-01   1.0072e-01   0  H  0.00  1   !  -9.99000e+02  -99.000  -99.000  -999
OBS: 753  57835.504   139.00   0.0000e+00   1.5069e-01   9.0704e-02   0  H  0.00  1   !  -9.99000e+02  -99.000  -99.000  -999
