VARNAMES: CID MJD Tobs SIM_FLUXCAL FLUXCAL FLUXCAL_ERR DATAFLAG BAND CHI2 IFIT BAND_REST FLUX_REST KCOR AVWARP SIM_FLUX_REST 
OBS: 159  57384.312    10.52   1.3778e+01   1.3650e+01   2.4295e-01   1  H  0.00  1   Y  1.29538e+18  0.209  1.416  1.00000e+11
OBS: 159  57391.340    17.54   1.2168e+01   1.2041e+01   2.3714e-01   1  H  0.00  1   Y  1.19687e+18  0.260  1.091  1.00000e+11
OBS: 159  57399.289    25.49   1.4375e+01   1.4322e+01   2.4534e-01   1  H  0.01  1   Y  1.43166e+18  0.266  1.653  1.00000e+11
OBS: 159  57314.797   -59.00   0.0000e+00   0.0000e+00   0.0000e+00   0  H  0.00  1   !  -9.99000e+02  -99.000  -99.000  -999
OBS: 159  57316.797   -57.00   0.0000e+00   0.0000e+00   0.0000e+00   0  H  0.00  1   !  -9.99000e+02  -99.000  -99.000  -999
OBS: 159  57318.797   -55.00   0.0000e+00   0.0000e+00   0.0000e+00   0  H  0.00  1   !  -9.99000e+02  -99.000  -99.000  -999
OBS: 159  57320.797   -53.00   0.0000e+00   0.0000e+00   0.0000e+00   0  H  0.00  1   !  -9.99000e+02  -99.000  -99.000  -999
OBS: 159  57322.797   -51.00   0.0000e+00   0.0000e+00   0.0000e+00   0  H  0.00  1   !  -9.99000e+02  -99.000  -99.000  -999
OBS: 159  57324.797   -49.00   0.0000e+00   0.0000e+00   0.0000e+00   0  H  0.00  1   !  -9.99000e+02  -99.000  -99.000  -999
OBS: 159  57326.797   -47.00   0.0000e+00   0.0000e+00   0.0000e+00   0  H  0.00  1   !  -9.99000e+02  -99.000  -99.000  -999
OBS: 159  57328.797   -45.00   0.0000e+00   0.0000e+00   0.0000e+00   0  H  0.00  1   !  -9.99000e+02  -99.000  -99.000  -999
OBS: 159  57330.797   -43.00   0.0000e+00   0.0000e+00   0.0000e+00   0  H  0.00  1   !  -9.99000e+02  -99.000  -99.000  -999
OBS: 159  57332.797   -41.00   0.0000e+00   0.0000e+00   0.0000e+00   0  H  0.00  1   !  -9.99000e+02  -99.000  -99.000  -999
OBS: 159  57334.797   -39.00   0.0000e+00   0.0000e+00   0.0000e+00   0  H  0.00  1   !  -9.99000e+02  -99.000  -99.000  -999
OBS: 159  57336.797   -37.00   0.0000e+00   0.0000e+00   0.0000e+00   0  H  0.00  1   !  -9.99000e+02  -99.000  -99.000  -999
OBS: 159  57338.797   -35.00   0.0000e+00   0.0000e+00   0.0000e+00   0  H  0.00  1   !  -9.99000e+02  -99.000  -99.000  -999
OBS: 159  57340.797   -33.00   0.0000e+00   0.0000e+00   0.0000e+00   0  H  0.00  1   !  -9.99000e+02  -99.000  -99.000  -999
OBS: 159  57342.797   -31.00   0.0000e+00   0.0000e+00   0.0000e+00   0  H  0.00  1   !  -9.99000e+02  -99.000  -99.000  -999
OBS: 159  57344.797   -29.00   0.0000e+00   5.4105e+00   3.2567e+00   0  H  0.00  1   !  -9.99000e+02  -99.000  -99.000  -999
OBS: 159  57346.797   -27.00   0.0000e+00   5.3608e+00   3.2267e+00   0  H  0.00  1   !  -9.99000e+02  -99.000  -99.000  -999
OBS: 159  57348.797   -25.00   0.0000e+00   5.4018e+00   3.2514e+00   0  H  0.00  1   !  -9.99000e+02  -99.000  -99.000  -999
OBS: 159  57350.797   -23.00   0.0000e+00   5.4042e+00   3.2529e+00   0  H  0.00  1   !  -9.99000e+02  -99.000  -99.000  -999
OBS: 159  57352.797   -21.00   0.0000e+00   7.2029e+00   2.5142e+00   0  H  0.00  1   !  -9.99000e+02  -99.000  -99.000  -999
OBS: 159  57354.797   -19.00   0.0000e+00   1.1249e+01   1.1931e+00   0  H  0.00  1   !  -9.99000e+02  -99.000  -99.000  -999
OBS: 159  57356.797   -17.00   0.0000e+00   1.5261e+01   9.6229e-01   0  H  0.00  1   !  -9.99000e+02  -99.000  -99.000  -999
OBS: 159  57358.797   -15.00   0.0000e+00   1.9200e+01   9.1323e-01   0  H  0.00  1   !  -9.99000e+02  -99.000  -99.000  -999
OBS: 159  57360.797   -13.00   0.0000e+00   2.2690e+01   8.8427e-01   0  H  0.00  1   !  -9.99000e+02  -99.000  -99.000  -999
OBS: 159  57362.797   -11.00   0.0000e+00   2.5423e+01   7.8245e-01   0  H  0.00  1   !  -9.99000e+02  -99.000  -99.000  -999
OBS: 159  57364.797    -9.00   0.0000e+00   2.7260e+01   6.4010e-01   0  H  0.00  1   !  -9.99000e+02  -99.000  -99.000  -999
OBS: 159  57366.797    -7.00   0.0000e+00   2.7929e+01   6.2540e-01   0  H  0.00  1   !  -9.99000e+02  -99.000  -99.000  -999
OBS: 159  57368.797    -5.00   0.0000e+00   2.7528e+01   6.9228e-01   0  H  0.00  1   !  -9.99000e+02  -99.000  -99.000  -999
OBS: 159  57370.797    -3.00   0.0000e+00   2.6186e+01   7.4877e-01   0  H  0.00  1   !  -9.99000e+02  -99.000  -99.000  -999
OBS: 159  57372.797    -1.00   0.0000e+00   2.4088e+01   7.1835e-01   0  H  0.00  1   !  -9.99000e+02  -99.000  -99.000  -999
OBS: 159  57374.797     1.00   0.0000e+00   2.1714e+01   6.6017e-01   0  H  0.00  1   !  -9.99000e+02  -99.000  -99.000  -999
OBS: 159  57376.797     3.00   0.0000e+00   1.9487e+01   6.2771e-01   0  H  0.00  1   !  -9.99000e+02  -99.000  -99.000  -999
OBS: 159  57378.797     5.00   0.0000e+00   1.7659e+01   6.3688e-01   0  H  0.00  1   !  -9.99000e+02  -99.000  -99.000  -999
OBS: 159  57380.797     7.00   0.0000e+00   1.6027e+01   6.5318e-01   0  H  0.00  1   !  -9.99000e+02  -99.000  -99.000  -999
OBS: 159  57382.797     9.00   0.0000e+00   1.4594e+01   6.6334e-01   0  H  0.00  1   !  -9.99000e+02  -99.000  -99.000  -999
OBS: 159  57384.797    11.00   0.0000e+00   1.3426e+01   6.6758e-01   0  H  0.00  1   !  -9.99000e+02  -99.000  -99.000  -999
OBS: 159  57386.797    13.00   0.0000e+00   1.2610e+01   6.6203e-01   0  H  0.00  1   !  -9.99000e+02  -99.000  -99.000  -999
OBS: 159  57388.797    15.00   0.0000e+00   1.2150e+01   6.4896e-01   0  H  0.00  1   !  -9.99000e+02  -99.000  -99.000  -999
OBS: 159  57390.797    17.00   0.0000e+00   1.2050e+01   6.3567e-01   0  H  0.00  1   !  -9.99000e+02  -99.000  -99.000  -999
OBS: 159  57392.797    19.00   0.0000e+00   1.2338e+01   6.4084e-01   0  H  0.00  1   !  -9.99000e+02  -99.000  -99.000  -999
OBS: 159  57394.797    21.00   0.0000e+00   1.2855e+01   6.2377e-01   0  H  0.00  1   !  -9.99000e+02  -99.000  -99.000  -999
OBS: 159  57396.797    23.00   0.0000e+00   1.3441e+01   6.2031e-01   0  H  0.00  1   !  -9.99000e+02  -99.000  -99.000  -999
OBS: 159  57398.797    25.00   0.0000e+00   1.4094e+01   6.3368e-01   0  H  0.00  1   !  -9.99000e+02  -99.000  -99.000  -999
OBS: 159  57400.797    27.00   0.0000e+00   1.4832e+01   6.5455e-01   0  H  0.00  1   !  -9.99000e+02  -99.000  -99.000  -999
OBS: 159  57402.797    29.00   0.0000e+00   1.5641e+01   7.1071e-01   0  H  0.00  1   !  -9.99000e+02  -99.000  -99.000  -999
OBS: 159  57404.797    31.00   0.0000e+00   1.6536e+01   7.7123e-01   0  H  0.00  1   !  -9.99000e+02  -99.000  -99.000  -999
OBS: 159  57406.797    33.00   0.0000e+00   1.7643e+01   7.8759e-01   0  H  0.00  1   !  -9.99000e+02  -99.000  -99.000  -999
OBS: 159  57408.797    35.00   0.0000e+00   1.9123e+01   7.7244e-01   0  H  0.00  1   !  -9.99000e+02  -99.000  -99.000  -999
OBS: 159  57410.797    37.00   0.0000e+00   2.1008e+01   7.4974e-01   0  H  0.00  1   !  -9.99000e+02  -99.000  -99.000  -999
OBS: 159  57412.797    39.00   0.0000e+00   2.3093e+01   7.3868e-01   0  H  0.00  1   !  -9.99000e+02  -99.000  -99.000  -999
OBS: 159  57414.797    41.00   0.0000e+00   2.4929e+01   7.5919e-01   0  H  0.00  1   !  -9.99000e+02  -99.000  -99.000  -999
OBS: 159  57416.797    43.00   0.0000e+00   2.6282e+01   7.7665e-01   0  H  0.00  1   !  -9.99000e+02  -99.000  -99.000  -999
OBS: 159  57418.797    45.00   0.0000e+00   2.7132e+01   8.0150e-01   0  H  0.00  1   !  -9.99000e+02  -99.000  -99.000  -999
OBS: 159  57420.797    47.00   0.0000e+00   2.7647e+01   8.1672e-01   0  H  0.00  1   !  -9.99000e+02  -99.000  -99.000  -999
OBS: 159  57422.797    49.00   0.0000e+00   2.7874e+01   8.1463e-01   0  H  0.00  1   !  -9.99000e+02  -99.000  -99.000  -999
OBS: 159  57424.797    51.00   0.0000e+00   2.7845e+01   7.9930e-01   0  H  0.00  1   !  -9.99000e+02  -99.000  -99.000  -999
OBS: 159  57426.797    53.00   0.0000e+00   2.7458e+01   7.8785e-01   0  H  0.00  1   !  -9.99000e+02  -99.000  -99.000  -999
OBS: 159  57428.797    55.00   0.0000e+00   2.6516e+01   7.7162e-01   0  H  0.00  1   !  -9.99000e+02  -99.000  -99.000  -999
OBS: 159  57430.797    57.00   0.0000e+00   2.5118e+01   7.9553e-01   0  H  0.00  1   !  -9.99000e+02  -99.000  -99.000  -999
OBS: 159  57432.797    59.00   0.0000e+00   2.3459e+01   8.4909e-01   0  H  0.00  1   !  -9.99000e+02  -99.000  -99.000  -999
OBS: 159  57434.797    61.00   0.0000e+00   2.1835e+01   8.7198e-01   0  H  0.00  1   !  -9.99000e+02  -99.000  -99.000  -999
OBS: 159  57436.797    63.00   0.0000e+00   2.0412e+01   8.3064e-01   0  H  0.00  1   !  -9.99000e+02  -99.000  -99.000  -999
OBS: 159  57438.797    65.00   0.0000e+00   1.9241e+01   7.2889e-01   0  H  0.00  1   !  -9.99000e+02  -99.000  -99.000  -999
OBS: 159  57440.797    67.00   0.0000e+00   1.8189e+01   6.7752e-01   0  H  0.00  1   !  -9.99000e+02  -99.000  -99.000  -999
OBS: 159  57442.797    69.00   0.0000e+00   1.7137e+01   6.8269e-01   0  H  0.00  1   !  -9.99000e+02  -99.000  -99.000  -999
OBS: 159  57444.797    71.00   0.0000e+00   1.5976e+01   7.1152e-01   0  H  0.00  1   !  -9.99000e+02  -99.000  -99.000  -999
OBS: 159  57446.797    73.00   0.0000e+00   1.4739e+01   7.4402e-01   0  H  0.00  1   !  -9.99000e+02  -99.000  -99.000  -999
OBS: 159  57448.797    75.00   0.0000e+00   1.3476e+01   8.1116e+00   0  H  0.00  1   !  -9.99000e+02  -99.000  -99.000  -999
OBS: 159  57450.797    77.00   0.0000e+00   1.2221e+01   7.3561e+00   0  H  0.00  1   !  -9.99000e+02  -99.000  -99.000  -999
OBS: 159  57452.797    79.00   0.0000e+00   1.1063e+01   6.6589e+00   0  H  0.00  1   !  -9.99000e+02  -99.000  -99.000  -999
OBS: 159  57454.797    81.00   0.0000e+00   1.0035e+01   6.0403e+00   0  H  0.00  1   !  -9.99000e+02  -99.000  -99.000  -999
OBS: 159  57456.797    83.00   0.0000e+00   9.1624e+00   5.5149e+00   0  H  0.00  1   !  -9.99000e+02  -99.000  -99.000  -999
OBS: 159  57458.797    85.00   0.0000e+00   8.4327e+00   5.0757e+00   0  H  0.00  1   !  -9.99000e+02  -99.000  -99.000  -999
OBS: 159  57460.797    87.00   0.0000e+00   7.8510e+00   4.7256e+00   0  H  0.00  1   !  -9.99000e+02  -99.000  -99.000  -999
OBS: 159  57462.797    89.00   0.0000e+00   7.1066e+00   4.2776e+00   0  H  0.00  1   !  -9.99000e+02  -99.000  -99.000  -999
OBS: 159  57464.797    91.00   0.0000e+00   6.1874e+00   3.7243e+00   0  H  0.00  1   !  -9.99000e+02  -99.000  -99.000  -999
OBS: 159  57466.797    93.00   0.0000e+00   5.4477e+00   3.2790e+00   0  H  0.00  1   !  -9.99000e+02  -99.000  -99.000  -999
OBS: 159  57468.797    95.00   0.0000e+00   4.8369e+00   2.9114e+00   0  H  0.00  1   !  -9.99000e+02  -99.000  -99.000  -999
OBS: 159  57470.797    97.00   0.0000e+00   4.3273e+00   2.6046e+00   0  H  0.00  1   !  -9.99000e+02  -99.000  -99.000  -999
OBS: 159  57472.797    99.00   0.0000e+00   3.8981e+00   2.3463e+00   0  H  0.00  1   !  -9.99000e+02  -99.000  -99.000  -999
OBS: 159  57474.797   101.00   0.0000e+00   3.5315e+00   2.1256e+00   0  H  0.00  1   !  -9.99000e+02  -99.000  -99.000  -999
OBS: 159  57476.797   103.00   0.0000e+00   3.2126e+00   1.9337e+00   0  H  0.00  1   !  -9.99000e+02  -99.000  -99.000  -999
OBS: 159  57478.797   105.00   0.0000e+00   2.9239e+00   1.7599e+00   0  H  0.00  1   !  -9.99000e+02  -99.000  -99.000  -999
OBS: 159  57480.797   107.00   0.0000e+00   2.6606e+00   1.6014e+00   0  H  0.00  1   !  -9.99000e+02  -99.000  -99.000  -999
OBS: 159  57482.797   109.00   0.0000e+00   2.4212e+00   1.4574e+00   0  H  0.00  1   !  -9.99000e+02  -99.000  -99.000  -999
OBS: 159  57484.797   111.00   0.0000e+00   2.2057e+00   1.3276e+00   0  H  0.00  1   !  -9.99000e+02  -99.000  -99.000  -999
OBS: 159  57486.797   113.00   0.0000e+00   2.0096e+00   1.2096e+00   0  H  0.00  1   !  -9.99000e+02  -99.000  -99.000  -999
OBS: 159  57488.797   115.00   0.0000e+00   1.8311e+00   1.1022e+00   0  H  0.00  1   !  -9.99000e+02  -99.000  -99.000  -999
OBS: 159  57490.797   117.00   0.0000e+00   1.6687e+00   1.0044e+00   0  H  0.00  1   !  -9.99000e+02  -99.000  -99.000  -999
OBS: 159  57492.797   119.00   0.0000e+00   1.5210e+00   9.1548e-01   0  H  0.00  1   !  -9.99000e+02  -99.000  -99.000  -999
OBS: 159  57494.797   121.00   0.0000e+00   1.3868e+00   8.3473e-01   0  H  0.00  1   !  -9.99000e+02  -99.000  -99.000  -999
OBS: 159  57496.797   123.00   0.0000e+00   1.2649e+00   7.6135e-01   0  H  0.00  1   !  -9.99000e+02  -99.000  -99.000  -999
OBS: 159  57498.797   125.00   0.0000e+00   1.1542e+00   6.9475e-01   0  H  0.00  1   !  -9.99000e+02  -99.000  -99.000  -999
OBS: 159  57500.797   127.00   0.0000e+00   1.0507e+00   6.3241e-01   0  H  0.00  1   !  -9.99000e+02  -99.000  -99.000  -999
OBS: 159  57502.797   129.00   0.0000e+00   9.5629e-01   5.7560e-01   0  H  0.00  1   !  -9.99000e+02  -99.000  -99.000  -999
OBS: 159  57504.797   131.00   0.0000e+00   8.7040e-01   5.2390e-01   0  H  0.00  1   !  -9.99000e+02  -99.000  -99.000  -999
OBS: 159  57506.797   133.00   0.0000e+00   7.9222e-01   4.7684e-01   0  H  0.00  1   !  -9.99000e+02  -99.000  -99.000  -999
OBS: 159  57508.797   135.00   0.0000e+00   7.2106e-01   4.3401e-01   0  H  0.00  1   !  -9.99000e+02  -99.000  -99.000  -999
OBS: 159  57510.797   137.00   0.0000e+00   6.5629e-01   3.9503e-01   0  H  0.00  1   !  -9.99000e+02  -99.000  -99.000  -999
OBS: 159  57512.797   139.00   0.0000e+00   5.9735e-01   3.5955e-01   0  H  0.00  1   !  -9.99000e+02  -99.000  -99.000  -999
