VARNAMES: CID MJD Tobs SIM_FLUXCAL FLUXCAL FLUXCAL_ERR DATAFLAG BAND CHI2 IFIT BAND_REST FLUX_REST KCOR AVWARP SIM_FLUX_REST 
OBS: 53  57384.312    10.54   1.0985e+01   1.1021e+01   2.3338e-01   1  H  0.01  1   Y  1.18454e+18  0.205  1.232  1.00000e+11
OBS: 53  57391.340    17.56   1.0059e+01   1.0314e+01   2.3074e-01   1  H  0.24  1   Y  1.15825e+18  0.252  -0.632  1.00000e+11
OBS: 53  57399.289    25.51   1.2553e+01   1.2273e+01   2.3798e-01   1  H  0.24  1   Y  1.38261e+18  0.256  -0.978  1.00000e+11
OBS: 53  57314.777   -59.00   0.0000e+00   0.0000e+00   0.0000e+00   0  H  0.00  1   !  -9.99000e+02  -99.000  -99.000  -999
OBS: 53  57316.777   -57.00   0.0000e+00   0.0000e+00   0.0000e+00   0  H  0.00  1   !  -9.99000e+02  -99.000  -99.000  -999
OBS: 53  57318.777   -55.00   0.0000e+00   0.0000e+00   0.0000e+00   0  H  0.00  1   !  -9.99000e+02  -99.000  -99.000  -999
OBS: 53  57320.777   -53.00   0.0000e+00   0.0000e+00   0.0000e+00   0  H  0.00  1   !  -9.99000e+02  -99.000  -99.000  -999
OBS: 53  57322.777   -51.00   0.0000e+00   0.0000e+00   0.0000e+00   0  H  0.00  1   !  -9.99000e+02  -99.000  -99.000  -999
OBS: 53  57324.777   -49.00   0.0000e+00   0.0000e+00   0.0000e+00   0  H  0.00  1   !  -9.99000e+02  -99.000  -99.000  -999
OBS: 53  57326.777   -47.00   0.0000e+00   0.0000e+00   0.0000e+00   0  H  0.00  1   !  -9.99000e+02  -99.000  -99.000  -999
OBS: 53  57328.777   -45.00   0.0000e+00   0.0000e+00   0.0000e+00   0  H  0.00  1   !  -9.99000e+02  -99.000  -99.000  -999
OBS: 53  57330.777   -43.00   0.0000e+00   0.0000e+00   0.0000e+00   0  H  0.00  1   !  -9.99000e+02  -99.000  -99.000  -999
OBS: 53  57332.777   -41.00   0.0000e+00   0.0000e+00   0.0000e+00   0  H  0.00  1   !  -9.99000e+02  -99.000  -99.000  -999
OBS: 53  57334.777   -39.00   0.0000e+00   0.0000e+00   0.0000e+00   0  H  0.00  1   !  -9.99000e+02  -99.000  -99.000  -999
OBS: 53  57336.777   -37.00   0.0000e+00   0.0000e+00   0.0000e+00   0  H  0.00  1   !  -9.99000e+02  -99.000  -99.000  -999
OBS: 53  57338.777   -35.00   0.0000e+00   0.0000e+00   0.0000e+00   0  H  0.00  1   !  -9.99000e+02  -99.000  -99.000  -999
OBS: 53  57340.777   -33.00   0.0000e+00   0.0000e+00   0.0000e+00   0  H  0.00  1   !  -9.99000e+02  -99.000  -99.000  -999
OBS: 53  57342.777   -31.00   0.0000e+00   0.0000e+00   0.0000e+00   0  H  0.00  1   !  -9.99000e+02  -99.000  -99.000  -999
OBS: 53  57344.777   -29.00   0.0000e+00   3.0137e+00   1.8140e+00   0  H  0.00  1   !  -9.99000e+02  -99.000  -99.000  -999
OBS: 53  57346.777   -27.00   0.0000e+00   2.9490e+00   1.7750e+00   0  H  0.00  1   !  -9.99000e+02  -99.000  -99.000  -999
OBS: 53  57348.777   -25.00   0.0000e+00   2.9598e+00   1.7815e+00   0  H  0.00  1   !  -9.99000e+02  -99.000  -99.000  -999
OBS: 53  57350.777   -23.00   0.0000e+00   2.9612e+00   1.7824e+00   0  H  0.00  1   !  -9.99000e+02  -99.000  -99.000  -999
OBS: 53  57352.777   -21.00   0.0000e+00   4.5517e+00   1.6061e+00   0  H  0.00  1   !  -9.99000e+02  -99.000  -99.000  -999
OBS: 53  57354.777   -19.00   0.0000e+00   8.1716e+00   8.2074e-01   0  H  0.00  1   !  -9.99000e+02  -99.000  -99.000  -999
OBS: 53  57356.777   -17.00   0.0000e+00   1.1771e+01   5.8467e-01   0  H  0.00  1   !  -9.99000e+02  -99.000  -99.000  -999
OBS: 53  57358.777   -15.00   0.0000e+00   1.5375e+01   5.3887e-01   0  H  0.00  1   !  -9.99000e+02  -99.000  -99.000  -999
OBS: 53  57360.777   -13.00   0.0000e+00   1.8610e+01   5.3758e-01   0  H  0.00  1   !  -9.99000e+02  -99.000  -99.000  -999
OBS: 53  57362.777   -11.00   0.0000e+00   2.1213e+01   5.0070e-01   0  H  0.00  1   !  -9.99000e+02  -99.000  -99.000  -999
OBS: 53  57364.777    -9.00   0.0000e+00   2.2993e+01   4.5697e-01   0  H  0.00  1   !  -9.99000e+02  -99.000  -99.000  -999
OBS: 53  57366.777    -7.00   0.0000e+00   2.3597e+01   4.4331e-01   0  H  0.00  1   !  -9.99000e+02  -99.000  -99.000  -999
OBS: 53  57368.777    -5.00   0.0000e+00   2.3166e+01   4.5469e-01   0  H  0.00  1   !  -9.99000e+02  -99.000  -99.000  -999
OBS: 53  57370.777    -3.00   0.0000e+00   2.1840e+01   4.6200e-01   0  H  0.00  1   !  -9.99000e+02  -99.000  -99.000  -999
OBS: 53  57372.777    -1.00   0.0000e+00   1.9800e+01   4.7642e-01   0  H  0.00  1   !  -9.99000e+02  -99.000  -99.000  -999
OBS: 53  57374.777     1.00   0.0000e+00   1.7555e+01   4.8489e-01   0  H  0.00  1   !  -9.99000e+02  -99.000  -99.000  -999
OBS: 53  57376.777     3.00   0.0000e+00   1.5523e+01   5.0122e-01   0  H  0.00  1   !  -9.99000e+02  -99.000  -99.000  -999
OBS: 53  57378.777     5.00   0.0000e+00   1.3942e+01   5.2198e-01   0  H  0.00  1   !  -9.99000e+02  -99.000  -99.000  -999
OBS: 53  57380.777     7.00   0.0000e+00   1.2651e+01   5.0977e-01   0  H  0.00  1   !  -9.99000e+02  -99.000  -99.000  -999
OBS: 53  57382.777     9.00   0.0000e+00   1.1606e+01   4.9164e-01   0  H  0.00  1   !  -9.99000e+02  -99.000  -99.000  -999
OBS: 53  57384.777    11.00   0.0000e+00   1.0806e+01   4.7577e-01   0  H  0.00  1   !  -9.99000e+02  -99.000  -99.000  -999
OBS: 53  57386.777    13.00   0.0000e+00   1.0278e+01   4.7730e-01   0  H  0.00  1   !  -9.99000e+02  -99.000  -99.000  -999
OBS: 53  57388.777    15.00   0.0000e+00   9.9989e+00   4.8807e-01   0  H  0.00  1   !  -9.99000e+02  -99.000  -99.000  -999
OBS: 53  57390.777    17.00   0.0000e+00   9.9964e+00   5.0166e-01   0  H  0.00  1   !  -9.99000e+02  -99.000  -99.000  -999
OBS: 53  57392.777    19.00   0.0000e+00   1.0327e+01   5.0183e-01   0  H  0.00  1   !  -9.99000e+02  -99.000  -99.000  -999
OBS: 53  57394.777    21.00   0.0000e+00   1.0853e+01   4.8995e-01   0  H  0.00  1   !  -9.99000e+02  -99.000  -99.000  -999
OBS: 53  57396.777    23.00   0.0000e+00   1.1513e+01   4.8564e-01   0  H  0.00  1   !  -9.99000e+02  -99.000  -99.000  -999
OBS: 53  57398.777    25.00   0.0000e+00   1.2312e+01   4.9052e-01   0  H  0.00  1   !  -9.99000e+02  -99.000  -99.000  -999
OBS: 53  57400.777    27.00   0.0000e+00   1.3230e+01   5.0893e-01   0  H  0.00  1   !  -9.99000e+02  -99.000  -99.000  -999
OBS: 53  57402.777    29.00   0.0000e+00   1.4206e+01   5.3874e-01   0  H  0.00  1   !  -9.99000e+02  -99.000  -99.000  -999
OBS: 53  57404.777    31.00   0.0000e+00   1.5205e+01   5.7662e-01   0  H  0.00  1   !  -9.99000e+02  -99.000  -99.000  -999
OBS: 53  57406.777    33.00   0.0000e+00   1.6305e+01   6.1834e-01   0  H  0.00  1   !  -9.99000e+02  -99.000  -99.000  -999
OBS: 53  57408.777    35.00   0.0000e+00   1.7638e+01   6.5663e-01   0  H  0.00  1   !  -9.99000e+02  -99.000  -99.000  -999
OBS: 53  57410.777    37.00   0.0000e+00   1.9150e+01   6.6853e-01   0  H  0.00  1   !  -9.99000e+02  -99.000  -99.000  -999
OBS: 53  57412.777    39.00   0.0000e+00   2.0606e+01   6.4952e-01   0  H  0.00  1   !  -9.99000e+02  -99.000  -99.000  -999
OBS: 53  57414.777    41.00   0.0000e+00   2.1722e+01   6.4405e-01   0  H  0.00  1   !  -9.99000e+02  -99.000  -99.000  -999
OBS: 53  57416.777    43.00   0.0000e+00   2.2391e+01   6.3692e-01   0  H  0.00  1   !  -9.99000e+02  -99.000  -99.000  -999
OBS: 53  57418.777    45.00   0.0000e+00   2.2593e+01   6.0438e-01   0  H  0.00  1   !  -9.99000e+02  -99.000  -99.000  -999
OBS: 53  57420.777    47.00   0.0000e+00   2.2427e+01   5.6866e-01   0  H  0.00  1   !  -9.99000e+02  -99.000  -99.000  -999
OBS: 53  57422.777    49.00   0.0000e+00   2.1900e+01   5.6080e-01   0  H  0.00  1   !  -9.99000e+02  -99.000  -99.000  -999
OBS: 53  57424.777    51.00   0.0000e+00   2.1114e+01   5.6483e-01   0  H  0.00  1   !  -9.99000e+02  -99.000  -99.000  -999
OBS: 53  57426.777    53.00   0.0000e+00   2.0094e+01   5.8255e-01   0  H  0.00  1   !  -9.99000e+02  -99.000  -99.000  -999
OBS: 53  57428.777    55.00   0.0000e+00   1.8733e+01   5.7990e-01   0  H  0.00  1   !  -9.99000e+02  -99.000  -99.000  -999
OBS: 53  57430.777    57.00   0.0000e+00   1.7156e+01   5.5972e-01   0  H  0.00  1   !  -9.99000e+02  -99.000  -99.000  -999
OBS: 53  57432.777    59.00   0.0000e+00   1.5517e+01   5.5016e-01   0  H  0.00  1   !  -9.99000e+02  -99.000  -99.000  -999
OBS: 53  57434.777    61.00   0.0000e+00   1.4011e+01   5.8473e-01   0  H  0.00  1   !  -9.99000e+02  -99.000  -99.000  -999
OBS: 53  57436.777    63.00   0.0000e+00   1.2749e+01   6.3329e-01   0  H  0.00  1   !  -9.99000e+02  -99.000  -99.000  -999
OBS: 53  57438.777    65.00   0.0000e+00   1.1758e+01   6.5230e-01   0  H  0.00  1   !  -9.99000e+02  -99.000  -99.000  -999
OBS: 53  57440.777    67.00   0.0000e+00   1.0945e+01   6.3646e-01   0  H  0.00  1   !  -9.99000e+02  -99.000  -99.000  -999
OBS: 53  57442.777    69.00   0.0000e+00   1.0228e+01   6.0669e-01   0  H  0.00  1   !  -9.99000e+02  -99.000  -99.000  -999
OBS: 53  57444.777    71.00   0.0000e+00   9.5473e+00   5.9525e-01   0  H  0.00  1   !  -9.99000e+02  -99.000  -99.000  -999
OBS: 53  57446.777    73.00   0.0000e+00   8.8965e+00   6.1125e-01   0  H  0.00  1   !  -9.99000e+02  -99.000  -99.000  -999
OBS: 53  57448.777    75.00   0.0000e+00   8.2639e+00   4.9741e+00   0  H  0.00  1   !  -9.99000e+02  -99.000  -99.000  -999
OBS: 53  57450.777    77.00   0.0000e+00   7.6653e+00   4.6139e+00   0  H  0.00  1   !  -9.99000e+02  -99.000  -99.000  -999
OBS: 53  57452.777    79.00   0.0000e+00   7.1044e+00   4.2762e+00   0  H  0.00  1   !  -9.99000e+02  -99.000  -99.000  -999
OBS: 53  57454.777    81.00   0.0000e+00   6.5798e+00   3.9604e+00   0  H  0.00  1   !  -9.99000e+02  -99.000  -99.000  -999
OBS: 53  57456.777    83.00   0.0000e+00   6.0977e+00   3.6703e+00   0  H  0.00  1   !  -9.99000e+02  -99.000  -99.000  -999
OBS: 53  57458.777    85.00   0.0000e+00   5.6561e+00   3.4045e+00   0  H  0.00  1   !  -9.99000e+02  -99.000  -99.000  -999
OBS: 53  57460.777    87.00   0.0000e+00   5.2656e+00   3.1694e+00   0  H  0.00  1   !  -9.99000e+02  -99.000  -99.000  -999
OBS: 53  57462.777    89.00   0.0000e+00   4.7743e+00   2.8737e+00   0  H  0.00  1   !  -9.99000e+02  -99.000  -99.000  -999
OBS: 53  57464.777    91.00   0.0000e+00   4.1434e+00   2.4939e+00   0  H  0.00  1   !  -9.99000e+02  -99.000  -99.000  -999
OBS: 53  57466.777    93.00   0.0000e+00   3.6321e+00   2.1862e+00   0  H  0.00  1   !  -9.99000e+02  -99.000  -99.000  -999
OBS: 53  57468.777    95.00   0.0000e+00   3.2236e+00   1.9403e+00   0  H  0.00  1   !  -9.99000e+02  -99.000  -99.000  -999
OBS: 53  57470.777    97.00   0.0000e+00   2.8952e+00   1.7426e+00   0  H  0.00  1   !  -9.99000e+02  -99.000  -99.000  -999
OBS: 53  57472.777    99.00   0.0000e+00   2.6341e+00   1.5855e+00   0  H  0.00  1   !  -9.99000e+02  -99.000  -99.000  -999
OBS: 53  57474.777   101.00   0.0000e+00   2.4219e+00   1.4577e+00   0  H  0.00  1   !  -9.99000e+02  -99.000  -99.000  -999
OBS: 53  57476.777   103.00   0.0000e+00   2.2483e+00   1.3533e+00   0  H  0.00  1   !  -9.99000e+02  -99.000  -99.000  -999
OBS: 53  57478.777   105.00   0.0000e+00   2.0919e+00   1.2591e+00   0  H  0.00  1   !  -9.99000e+02  -99.000  -99.000  -999
OBS: 53  57480.777   107.00   0.0000e+00   1.9476e+00   1.1723e+00   0  H  0.00  1   !  -9.99000e+02  -99.000  -99.000  -999
OBS: 53  57482.777   109.00   0.0000e+00   1.8140e+00   1.0919e+00   0  H  0.00  1   !  -9.99000e+02  -99.000  -99.000  -999
OBS: 53  57484.777   111.00   0.0000e+00   1.6878e+00   1.0159e+00   0  H  0.00  1   !  -9.99000e+02  -99.000  -99.000  -999
OBS: 53  57486.777   113.00   0.0000e+00   1.5705e+00   9.4532e-01   0  H  0.00  1   !  -9.99000e+02  -99.000  -99.000  -999
OBS: 53  57488.777   115.00   0.0000e+00   1.4618e+00   8.7988e-01   0  H  0.00  1   !  -9.99000e+02  -99.000  -99.000  -999
OBS: 53  57490.777   117.00   0.0000e+00   1.3610e+00   8.1921e-01   0  H  0.00  1   !  -9.99000e+02  -99.000  -99.000  -999
OBS: 53  57492.777   119.00   0.0000e+00   1.2676e+00   7.6299e-01   0  H  0.00  1   !  -9.99000e+02  -99.000  -99.000  -999
OBS: 53  57494.777   121.00   0.0000e+00   1.1813e+00   7.1106e-01   0  H  0.00  1   !  -9.99000e+02  -99.000  -99.000  -999
OBS: 53  57496.777   123.00   0.0000e+00   1.1017e+00   6.6314e-01   0  H  0.00  1   !  -9.99000e+02  -99.000  -99.000  -999
OBS: 53  57498.777   125.00   0.0000e+00   1.0277e+00   6.1856e-01   0  H  0.00  1   !  -9.99000e+02  -99.000  -99.000  -999
OBS: 53  57500.777   127.00   0.0000e+00   9.5361e-01   5.7399e-01   0  H  0.00  1   !  -9.99000e+02  -99.000  -99.000  -999
OBS: 53  57502.777   129.00   0.0000e+00   8.8479e-01   5.3257e-01   0  H  0.00  1   !  -9.99000e+02  -99.000  -99.000  -999
OBS: 53  57504.777   131.00   0.0000e+00   8.2095e-01   4.9414e-01   0  H  0.00  1   !  -9.99000e+02  -99.000  -99.000  -999
OBS: 53  57506.777   133.00   0.0000e+00   7.6171e-01   4.5848e-01   0  H  0.00  1   !  -9.99000e+02  -99.000  -99.000  -999
OBS: 53  57508.777   135.00   0.0000e+00   7.0675e-01   4.2540e-01   0  H  0.00  1   !  -9.99000e+02  -99.000  -99.000  -999
OBS: 53  57510.777   137.00   0.0000e+00   6.5575e-01   3.9470e-01   0  H  0.00  1   !  -9.99000e+02  -99.000  -99.000  -999
OBS: 53  57512.777   139.00   0.0000e+00   6.0843e-01   3.6622e-01   0  H  0.00  1   !  -9.99000e+02  -99.000  -99.000  -999
