VARNAMES: CID MJD Tobs SIM_FLUXCAL FLUXCAL FLUXCAL_ERR DATAFLAG BAND CHI2 IFIT BAND_REST FLUX_REST KCOR AVWARP SIM_FLUX_REST 
OBS: 865  57686.879    24.57   1.9458e+01   1.9448e+01   2.6400e-01   1  H  0.00  1   Y  1.48406e+18  0.253  3.258  1.00000e+11
OBS: 865  57693.559    31.25   2.5045e+01   2.4587e+01   2.8038e-01   1  H  0.28  1   Y  1.89685e+18  0.265  1.637  1.00000e+11
OBS: 865  57701.703    39.40   3.3148e+01   3.3538e+01   3.0682e-01   1  H  0.21  1   Y  2.58655e+18  0.264  0.768  1.00000e+11
OBS: 865  57603.305   -59.00   0.0000e+00   0.0000e+00   0.0000e+00   0  H  0.00  1   !  -9.99000e+02  -99.000  -99.000  -999
OBS: 865  57605.305   -57.00   0.0000e+00   0.0000e+00   0.0000e+00   0  H  0.00  1   !  -9.99000e+02  -99.000  -99.000  -999
OBS: 865  57607.305   -55.00   0.0000e+00   0.0000e+00   0.0000e+00   0  H  0.00  1   !  -9.99000e+02  -99.000  -99.000  -999
OBS: 865  57609.305   -53.00   0.0000e+00   0.0000e+00   0.0000e+00   0  H  0.00  1   !  -9.99000e+02  -99.000  -99.000  -999
OBS: 865  57611.305   -51.00   0.0000e+00   0.0000e+00   0.0000e+00   0  H  0.00  1   !  -9.99000e+02  -99.000  -99.000  -999
OBS: 865  57613.305   -49.00   0.0000e+00   0.0000e+00   0.0000e+00   0  H  0.00  1   !  -9.99000e+02  -99.000  -99.000  -999
OBS: 865  57615.305   -47.00   0.0000e+00   0.0000e+00   0.0000e+00   0  H  0.00  1   !  -9.99000e+02  -99.000  -99.000  -999
OBS: 865  57617.305   -45.00   0.0000e+00   0.0000e+00   0.0000e+00   0  H  0.00  1   !  -9.99000e+02  -99.000  -99.000  -999
OBS: 865  57619.305   -43.00   0.0000e+00   0.0000e+00   0.0000e+00   0  H  0.00  1   !  -9.99000e+02  -99.000  -99.000  -999
OBS: 865  57621.305   -41.00   0.0000e+00   0.0000e+00   0.0000e+00   0  H  0.00  1   !  -9.99000e+02  -99.000  -99.000  -999
OBS: 865  57623.305   -39.00   0.0000e+00   0.0000e+00   0.0000e+00   0  H  0.00  1   !  -9.99000e+02  -99.000  -99.000  -999
OBS: 865  57625.305   -37.00   0.0000e+00   0.0000e+00   0.0000e+00   0  H  0.00  1   !  -9.99000e+02  -99.000  -99.000  -999
OBS: 865  57627.305   -35.00   0.0000e+00   0.0000e+00   0.0000e+00   0  H  0.00  1   !  -9.99000e+02  -99.000  -99.000  -999
OBS: 865  57629.305   -33.00   0.0000e+00   0.0000e+00   0.0000e+00   0  H  0.00  1   !  -9.99000e+02  -99.000  -99.000  -999
OBS: 865  57631.305   -31.00   0.0000e+00   0.0000e+00   0.0000e+00   0  H  0.00  1   !  -9.99000e+02  -99.000  -99.000  -999
OBS: 865  57633.305   -29.00   0.0000e+00   7.0651e+00   4.2526e+00   0  H  0.00  1   !  -9.99000e+02  -99.000  -99.000  -999
OBS: 865  57635.305   -27.00   0.0000e+00   7.0666e+00   4.2534e+00   0  H  0.00  1   !  -9.99000e+02  -99.000  -99.000  -999
OBS: 865  57637.305   -25.00   0.0000e+00   7.1118e+00   4.2807e+00   0  H  0.00  1   !  -9.99000e+02  -99.000  -99.000  -999
OBS: 865  57639.305   -23.00   0.0000e+00   7.1197e+00   4.2854e+00   0  H  0.00  1   !  -9.99000e+02  -99.000  -99.000  -999
OBS: 865  57641.305   -21.00   0.0000e+00   9.5063e+00   3.4725e+00   0  H  0.00  1   !  -9.99000e+02  -99.000  -99.000  -999
OBS: 865  57643.305   -19.00   0.0000e+00   1.4636e+01   1.9919e+00   0  H  0.00  1   !  -9.99000e+02  -99.000  -99.000  -999
OBS: 865  57645.305   -17.00   0.0000e+00   1.9963e+01   1.3832e+00   0  H  0.00  1   !  -9.99000e+02  -99.000  -99.000  -999
OBS: 865  57647.305   -15.00   0.0000e+00   2.5289e+01   1.0355e+00   0  H  0.00  1   !  -9.99000e+02  -99.000  -99.000  -999
OBS: 865  57649.305   -13.00   0.0000e+00   3.0036e+01   8.8817e-01   0  H  0.00  1   !  -9.99000e+02  -99.000  -99.000  -999
OBS: 865  57651.305   -11.00   0.0000e+00   3.3810e+01   8.2786e-01   0  H  0.00  1   !  -9.99000e+02  -99.000  -99.000  -999
OBS: 865  57653.305    -9.00   0.0000e+00   3.6473e+01   8.6304e-01   0  H  0.00  1   !  -9.99000e+02  -99.000  -99.000  -999
OBS: 865  57655.305    -7.00   0.0000e+00   3.7648e+01   9.6134e-01   0  H  0.00  1   !  -9.99000e+02  -99.000  -99.000  -999
OBS: 865  57657.305    -5.00   0.0000e+00   3.7575e+01   9.8336e-01   0  H  0.00  1   !  -9.99000e+02  -99.000  -99.000  -999
OBS: 865  57659.305    -3.00   0.0000e+00   3.6281e+01   8.9103e-01   0  H  0.00  1   !  -9.99000e+02  -99.000  -99.000  -999
OBS: 865  57661.305    -1.00   0.0000e+00   3.3764e+01   8.5417e-01   0  H  0.00  1   !  -9.99000e+02  -99.000  -99.000  -999
OBS: 865  57663.305     1.00   0.0000e+00   3.0703e+01   9.1782e-01   0  H  0.00  1   !  -9.99000e+02  -99.000  -99.000  -999
OBS: 865  57665.305     3.00   0.0000e+00   2.7666e+01   1.0089e+00   0  H  0.00  1   !  -9.99000e+02  -99.000  -99.000  -999
OBS: 865  57667.305     5.00   0.0000e+00   2.5027e+01   1.0143e+00   0  H  0.00  1   !  -9.99000e+02  -99.000  -99.000  -999
OBS: 865  57669.305     7.00   0.0000e+00   2.2622e+01   9.4038e-01   0  H  0.00  1   !  -9.99000e+02  -99.000  -99.000  -999
OBS: 865  57671.305     9.00   0.0000e+00   2.0495e+01   8.5604e-01   0  H  0.00  1   !  -9.99000e+02  -99.000  -99.000  -999
OBS: 865  57673.305    11.00   0.0000e+00   1.8816e+01   8.5309e-01   0  H  0.00  1   !  -9.99000e+02  -99.000  -99.000  -999
OBS: 865  57675.305    13.00   0.0000e+00   1.7669e+01   9.1717e-01   0  H  0.00  1   !  -9.99000e+02  -99.000  -99.000  -999
OBS: 865  57677.305    15.00   0.0000e+00   1.6988e+01   9.4421e-01   0  H  0.00  1   !  -9.99000e+02  -99.000  -99.000  -999
OBS: 865  57679.305    17.00   0.0000e+00   1.6762e+01   9.3463e-01   0  H  0.00  1   !  -9.99000e+02  -99.000  -99.000  -999
OBS: 865  57681.305    19.00   0.0000e+00   1.7051e+01   9.0360e-01   0  H  0.00  1   !  -9.99000e+02  -99.000  -99.000  -999
OBS: 865  57683.305    21.00   0.0000e+00   1.7689e+01   8.6016e-01   0  H  0.00  1   !  -9.99000e+02  -99.000  -99.000  -999
OBS: 865  57685.305    23.00   0.0000e+00   1.8555e+01   8.5719e-01   0  H  0.00  1   !  -9.99000e+02  -99.000  -99.000  -999
OBS: 865  57687.305    25.00   0.0000e+00   1.9687e+01   8.5289e-01   0  H  0.00  1   !  -9.99000e+02  -99.000  -99.000  -999
OBS: 865  57689.305    27.00   0.0000e+00   2.1185e+01   7.8843e-01   0  H  0.00  1   !  -9.99000e+02  -99.000  -99.000  -999
OBS: 865  57691.305    29.00   0.0000e+00   2.2949e+01   7.2243e-01   0  H  0.00  1   !  -9.99000e+02  -99.000  -99.000  -999
OBS: 865  57693.305    31.00   0.0000e+00   2.4782e+01   7.3546e-01   0  H  0.00  1   !  -9.99000e+02  -99.000  -99.000  -999
OBS: 865  57695.305    33.00   0.0000e+00   2.6570e+01   8.1753e-01   0  H  0.00  1   !  -9.99000e+02  -99.000  -99.000  -999
OBS: 865  57697.305    35.00   0.0000e+00   2.8479e+01   8.7281e-01   0  H  0.00  1   !  -9.99000e+02  -99.000  -99.000  -999
OBS: 865  57699.305    37.00   0.0000e+00   3.0571e+01   8.9613e-01   0  H  0.00  1   !  -9.99000e+02  -99.000  -99.000  -999
OBS: 865  57701.305    39.00   0.0000e+00   3.2688e+01   8.9675e-01   0  H  0.00  1   !  -9.99000e+02  -99.000  -99.000  -999
OBS: 865  57703.305    41.00   0.0000e+00   3.4478e+01   9.5642e-01   0  H  0.00  1   !  -9.99000e+02  -99.000  -99.000  -999
OBS: 865  57705.305    43.00   0.0000e+00   3.5802e+01   1.0715e+00   0  H  0.00  1   !  -9.99000e+02  -99.000  -99.000  -999
OBS: 865  57707.305    45.00   0.0000e+00   3.6658e+01   1.2004e+00   0  H  0.00  1   !  -9.99000e+02  -99.000  -99.000  -999
OBS: 865  57709.305    47.00   0.0000e+00   3.7087e+01   1.2819e+00   0  H  0.00  1   !  -9.99000e+02  -99.000  -99.000  -999
OBS: 865  57711.305    49.00   0.0000e+00   3.7100e+01   1.2455e+00   0  H  0.00  1   !  -9.99000e+02  -99.000  -99.000  -999
OBS: 865  57713.305    51.00   0.0000e+00   3.6746e+01   1.2115e+00   0  H  0.00  1   !  -9.99000e+02  -99.000  -99.000  -999
OBS: 865  57715.305    53.00   0.0000e+00   3.6004e+01   1.2507e+00   0  H  0.00  1   !  -9.99000e+02  -99.000  -99.000  -999
OBS: 865  57717.305    55.00   0.0000e+00   3.4694e+01   1.3562e+00   0  H  0.00  1   !  -9.99000e+02  -99.000  -99.000  -999
OBS: 865  57719.305    57.00   0.0000e+00   3.2924e+01   1.3801e+00   0  H  0.00  1   !  -9.99000e+02  -99.000  -99.000  -999
OBS: 865  57721.305    59.00   0.0000e+00   3.0838e+01   1.2725e+00   0  H  0.00  1   !  -9.99000e+02  -99.000  -99.000  -999
OBS: 865  57723.305    61.00   0.0000e+00   2.8725e+01   1.0854e+00   0  H  0.00  1   !  -9.99000e+02  -99.000  -99.000  -999
OBS: 865  57725.305    63.00   0.0000e+00   2.6778e+01   8.9994e-01   0  H  0.00  1   !  -9.99000e+02  -99.000  -99.000  -999
OBS: 865  57727.305    65.00   0.0000e+00   2.5175e+01   7.7968e-01   0  H  0.00  1   !  -9.99000e+02  -99.000  -99.000  -999
OBS: 865  57729.305    67.00   0.0000e+00   2.3849e+01   6.9505e-01   0  H  0.00  1   !  -9.99000e+02  -99.000  -99.000  -999
OBS: 865  57731.305    69.00   0.0000e+00   2.2607e+01   6.8326e-01   0  H  0.00  1   !  -9.99000e+02  -99.000  -99.000  -999
OBS: 865  57733.305    71.00   0.0000e+00   2.1248e+01   7.2901e-01   0  H  0.00  1   !  -9.99000e+02  -99.000  -99.000  -999
OBS: 865  57735.305    73.00   0.0000e+00   1.9701e+01   8.2440e-01   0  H  0.00  1   !  -9.99000e+02  -99.000  -99.000  -999
OBS: 865  57737.305    75.00   0.0000e+00   1.8049e+01   1.0637e+01   0  H  0.00  1   !  -9.99000e+02  -99.000  -99.000  -999
OBS: 865  57739.305    77.00   0.0000e+00   1.6393e+01   9.8673e+00   0  H  0.00  1   !  -9.99000e+02  -99.000  -99.000  -999
OBS: 865  57741.305    79.00   0.0000e+00   1.4849e+01   8.9379e+00   0  H  0.00  1   !  -9.99000e+02  -99.000  -99.000  -999
OBS: 865  57743.305    81.00   0.0000e+00   1.3479e+01   8.1133e+00   0  H  0.00  1   !  -9.99000e+02  -99.000  -99.000  -999
OBS: 865  57745.305    83.00   0.0000e+00   1.2340e+01   7.4273e+00   0  H  0.00  1   !  -9.99000e+02  -99.000  -99.000  -999
OBS: 865  57747.305    85.00   0.0000e+00   1.1410e+01   6.8679e+00   0  H  0.00  1   !  -9.99000e+02  -99.000  -99.000  -999
OBS: 865  57749.305    87.00   0.0000e+00   1.0685e+01   6.4312e+00   0  H  0.00  1   !  -9.99000e+02  -99.000  -99.000  -999
OBS: 865  57751.305    89.00   0.0000e+00   9.8451e+00   5.9259e+00   0  H  0.00  1   !  -9.99000e+02  -99.000  -99.000  -999
OBS: 865  57753.305    91.00   0.0000e+00   8.6793e+00   5.2241e+00   0  H  0.00  1   !  -9.99000e+02  -99.000  -99.000  -999
OBS: 865  57755.305    93.00   0.0000e+00   7.7288e+00   4.6520e+00   0  H  0.00  1   !  -9.99000e+02  -99.000  -99.000  -999
OBS: 865  57757.305    95.00   0.0000e+00   6.9465e+00   4.1812e+00   0  H  0.00  1   !  -9.99000e+02  -99.000  -99.000  -999
OBS: 865  57759.305    97.00   0.0000e+00   6.2838e+00   3.7823e+00   0  H  0.00  1   !  -9.99000e+02  -99.000  -99.000  -999
OBS: 865  57761.305    99.00   0.0000e+00   5.7131e+00   3.4388e+00   0  H  0.00  1   !  -9.99000e+02  -99.000  -99.000  -999
OBS: 865  57763.305   101.00   0.0000e+00   5.2183e+00   3.1410e+00   0  H  0.00  1   !  -9.99000e+02  -99.000  -99.000  -999
OBS: 865  57765.305   103.00   0.0000e+00   4.7784e+00   2.8762e+00   0  H  0.00  1   !  -9.99000e+02  -99.000  -99.000  -999
OBS: 865  57767.305   105.00   0.0000e+00   4.3786e+00   2.6355e+00   0  H  0.00  1   !  -9.99000e+02  -99.000  -99.000  -999
OBS: 865  57769.305   107.00   0.0000e+00   4.0121e+00   2.4149e+00   0  H  0.00  1   !  -9.99000e+02  -99.000  -99.000  -999
OBS: 865  57771.305   109.00   0.0000e+00   3.6765e+00   2.2129e+00   0  H  0.00  1   !  -9.99000e+02  -99.000  -99.000  -999
OBS: 865  57773.305   111.00   0.0000e+00   3.3723e+00   2.0298e+00   0  H  0.00  1   !  -9.99000e+02  -99.000  -99.000  -999
OBS: 865  57775.305   113.00   0.0000e+00   3.0936e+00   1.8620e+00   0  H  0.00  1   !  -9.99000e+02  -99.000  -99.000  -999
OBS: 865  57777.305   115.00   0.0000e+00   2.8383e+00   1.7084e+00   0  H  0.00  1   !  -9.99000e+02  -99.000  -99.000  -999
OBS: 865  57779.305   117.00   0.0000e+00   2.6047e+00   1.5678e+00   0  H  0.00  1   !  -9.99000e+02  -99.000  -99.000  -999
OBS: 865  57781.305   119.00   0.0000e+00   2.3909e+00   1.4391e+00   0  H  0.00  1   !  -9.99000e+02  -99.000  -99.000  -999
OBS: 865  57783.305   121.00   0.0000e+00   2.1955e+00   1.3215e+00   0  H  0.00  1   !  -9.99000e+02  -99.000  -99.000  -999
OBS: 865  57785.305   123.00   0.0000e+00   2.0170e+00   1.2141e+00   0  H  0.00  1   !  -9.99000e+02  -99.000  -99.000  -999
OBS: 865  57787.305   125.00   0.0000e+00   1.8542e+00   1.1161e+00   0  H  0.00  1   !  -9.99000e+02  -99.000  -99.000  -999
OBS: 865  57789.305   127.00   0.0000e+00   1.6989e+00   1.0226e+00   0  H  0.00  1   !  -9.99000e+02  -99.000  -99.000  -999
OBS: 865  57791.305   129.00   0.0000e+00   1.5564e+00   9.3681e-01   0  H  0.00  1   !  -9.99000e+02  -99.000  -99.000  -999
OBS: 865  57793.305   131.00   0.0000e+00   1.4258e+00   8.5821e-01   0  H  0.00  1   !  -9.99000e+02  -99.000  -99.000  -999
OBS: 865  57795.305   133.00   0.0000e+00   1.3062e+00   7.8621e-01   0  H  0.00  1   !  -9.99000e+02  -99.000  -99.000  -999
OBS: 865  57797.305   135.00   0.0000e+00   1.1966e+00   7.2025e-01   0  H  0.00  1   !  -9.99000e+02  -99.000  -99.000  -999
OBS: 865  57799.305   137.00   0.0000e+00   1.0962e+00   6.5982e-01   0  H  0.00  1   !  -9.99000e+02  -99.000  -99.000  -999
OBS: 865  57801.305   139.00   0.0000e+00   1.0042e+00   6.0447e-01   0  H  0.00  1   !  -9.99000e+02  -99.000  -99.000  -999
