VARNAMES: CID MJD Tobs SIM_FLUXCAL FLUXCAL FLUXCAL_ERR DATAFLAG BAND CHI2 IFIT BAND_REST FLUX_REST KCOR AVWARP SIM_FLUX_REST 
OBS: 6459  56586.637    14.94   2.8109e+01   2.7826e+01   3.3738e-01   1  J  0.26  1   i  1.56210e+18  -0.230  -1.830  1.00000e+11
OBS: 6459  56593.285    21.59   2.7962e+01   2.8355e+01   3.3826e-01   1  J  0.10  1   i  1.29842e+18  -0.451  -1.254  1.00000e+11
OBS: 6459  56512.699   -59.00   0.0000e+00   0.0000e+00   0.0000e+00   0  J  0.00  1   !  -9.99000e+02  -99.000  -99.000  -999
OBS: 6459  56514.699   -57.00   0.0000e+00   0.0000e+00   0.0000e+00   0  J  0.00  1   !  -9.99000e+02  -99.000  -99.000  -999
OBS: 6459  56516.699   -55.00   0.0000e+00   0.0000e+00   0.0000e+00   0  J  0.00  1   !  -9.99000e+02  -99.000  -99.000  -999
OBS: 6459  56518.699   -53.00   0.0000e+00   0.0000e+00   0.0000e+00   0  J  0.00  1   !  -9.99000e+02  -99.000  -99.000  -999
OBS: 6459  56520.699   -51.00   0.0000e+00   0.0000e+00   0.0000e+00   0  J  0.00  1   !  -9.99000e+02  -99.000  -99.000  -999
OBS: 6459  56522.699   -49.00   0.0000e+00   0.0000e+00   0.0000e+00   0  J  0.00  1   !  -9.99000e+02  -99.000  -99.000  -999
OBS: 6459  56524.699   -47.00   0.0000e+00   0.0000e+00   0.0000e+00   0  J  0.00  1   !  -9.99000e+02  -99.000  -99.000  -999
OBS: 6459  56526.699   -45.00   0.0000e+00   0.0000e+00   0.0000e+00   0  J  0.00  1   !  -9.99000e+02  -99.000  -99.000  -999
OBS: 6459  56528.699   -43.00   0.0000e+00   0.0000e+00   0.0000e+00   0  J  0.00  1   !  -9.99000e+02  -99.000  -99.000  -999
OBS: 6459  56530.699   -41.00   0.0000e+00   0.0000e+00   0.0000e+00   0  J  0.00  1   !  -9.99000e+02  -99.000  -99.000  -999
OBS: 6459  56532.699   -39.00   0.0000e+00   0.0000e+00   0.0000e+00   0  J  0.00  1   !  -9.99000e+02  -99.000  -99.000  -999
OBS: 6459  56534.699   -37.00   0.0000e+00   0.0000e+00   0.0000e+00   0  J  0.00  1   !  -9.99000e+02  -99.000  -99.000  -999
OBS: 6459  56536.699   -35.00   0.0000e+00   0.0000e+00   0.0000e+00   0  J  0.00  1   !  -9.99000e+02  -99.000  -99.000  -999
OBS: 6459  56538.699   -33.00   0.0000e+00   0.0000e+00   0.0000e+00   0  J  0.00  1   !  -9.99000e+02  -99.000  -99.000  -999
OBS: 6459  56540.699   -31.00   0.0000e+00   0.0000e+00   0.0000e+00   0  J  0.00  1   !  -9.99000e+02  -99.000  -99.000  -999
OBS: 6459  56542.699   -29.00   0.0000e+00   0.0000e+00   0.0000e+00   0  J  0.00  1   !  -9.99000e+02  -99.000  -99.000  -999
OBS: 6459  56544.699   -27.00   0.0000e+00   5.4471e+00   3.2787e+00   0  J  0.00  1   !  -9.99000e+02  -99.000  -99.000  -999
OBS: 6459  56546.699   -25.00   0.0000e+00   5.6609e+00   3.4073e+00   0  J  0.00  1   !  -9.99000e+02  -99.000  -99.000  -999
OBS: 6459  56548.699   -23.00   0.0000e+00   5.6603e+00   3.4070e+00   0  J  0.00  1   !  -9.99000e+02  -99.000  -99.000  -999
OBS: 6459  56550.699   -21.00   0.0000e+00   6.4997e+00   3.9122e+00   0  J  0.00  1   !  -9.99000e+02  -99.000  -99.000  -999
OBS: 6459  56552.699   -19.00   0.0000e+00   1.2553e+01   4.4806e+00   0  J  0.00  1   !  -9.99000e+02  -99.000  -99.000  -999
OBS: 6459  56554.699   -17.00   0.0000e+00   1.9087e+01   1.7687e+00   0  J  0.00  1   !  -9.99000e+02  -99.000  -99.000  -999
OBS: 6459  56556.699   -15.00   0.0000e+00   2.5208e+01   1.2044e+00   0  J  0.00  1   !  -9.99000e+02  -99.000  -99.000  -999
OBS: 6459  56558.699   -13.00   0.0000e+00   3.0748e+01   8.7134e-01   0  J  0.00  1   !  -9.99000e+02  -99.000  -99.000  -999
OBS: 6459  56560.699   -11.00   0.0000e+00   3.5766e+01   7.2637e-01   0  J  0.00  1   !  -9.99000e+02  -99.000  -99.000  -999
OBS: 6459  56562.699    -9.00   0.0000e+00   3.9942e+01   6.7723e-01   0  J  0.00  1   !  -9.99000e+02  -99.000  -99.000  -999
OBS: 6459  56564.699    -7.00   0.0000e+00   4.3170e+01   6.7868e-01   0  J  0.00  1   !  -9.99000e+02  -99.000  -99.000  -999
OBS: 6459  56566.699    -5.00   0.0000e+00   4.4770e+01   7.0384e-01   0  J  0.00  1   !  -9.99000e+02  -99.000  -99.000  -999
OBS: 6459  56568.699    -3.00   0.0000e+00   4.4497e+01   6.9954e-01   0  J  0.00  1   !  -9.99000e+02  -99.000  -99.000  -999
OBS: 6459  56570.699    -1.00   0.0000e+00   4.2859e+01   7.0576e-01   0  J  0.00  1   !  -9.99000e+02  -99.000  -99.000  -999
OBS: 6459  56572.699     1.00   0.0000e+00   4.0647e+01   6.9101e-01   0  J  0.00  1   !  -9.99000e+02  -99.000  -99.000  -999
OBS: 6459  56574.699     3.00   0.0000e+00   3.8346e+01   6.9030e-01   0  J  0.00  1   !  -9.99000e+02  -99.000  -99.000  -999
OBS: 6459  56576.699     5.00   0.0000e+00   3.6190e+01   6.6598e-01   0  J  0.00  1   !  -9.99000e+02  -99.000  -99.000  -999
OBS: 6459  56578.699     7.00   0.0000e+00   3.4351e+01   6.7035e-01   0  J  0.00  1   !  -9.99000e+02  -99.000  -99.000  -999
OBS: 6459  56580.699     9.00   0.0000e+00   3.2364e+01   6.6813e-01   0  J  0.00  1   !  -9.99000e+02  -99.000  -99.000  -999
OBS: 6459  56582.699    11.00   0.0000e+00   3.0462e+01   6.6370e-01   0  J  0.00  1   !  -9.99000e+02  -99.000  -99.000  -999
OBS: 6459  56584.699    13.00   0.0000e+00   2.9063e+01   6.6994e-01   0  J  0.00  1   !  -9.99000e+02  -99.000  -99.000  -999
OBS: 6459  56586.699    15.00   0.0000e+00   2.8203e+01   7.0451e-01   0  J  0.00  1   !  -9.99000e+02  -99.000  -99.000  -999
OBS: 6459  56588.699    17.00   0.0000e+00   2.7654e+01   7.4438e-01   0  J  0.00  1   !  -9.99000e+02  -99.000  -99.000  -999
OBS: 6459  56590.699    19.00   0.0000e+00   2.7421e+01   7.9520e-01   0  J  0.00  1   !  -9.99000e+02  -99.000  -99.000  -999
OBS: 6459  56592.699    21.00   0.0000e+00   2.7805e+01   8.3957e-01   0  J  0.00  1   !  -9.99000e+02  -99.000  -99.000  -999
OBS: 6459  56594.699    23.00   0.0000e+00   2.8844e+01   8.7705e-01   0  J  0.00  1   !  -9.99000e+02  -99.000  -99.000  -999
OBS: 6459  56596.699    25.00   0.0000e+00   2.9929e+01   8.9576e-01   0  J  0.00  1   !  -9.99000e+02  -99.000  -99.000  -999
OBS: 6459  56598.699    27.00   0.0000e+00   3.1079e+01   8.9518e-01   0  J  0.00  1   !  -9.99000e+02  -99.000  -99.000  -999
OBS: 6459  56600.699    29.00   0.0000e+00   3.1653e+01   8.9868e-01   0  J  0.00  1   !  -9.99000e+02  -99.000  -99.000  -999
OBS: 6459  56602.699    31.00   0.0000e+00   3.1779e+01   8.8530e-01   0  J  0.00  1   !  -9.99000e+02  -99.000  -99.000  -999
OBS: 6459  56604.699    33.00   0.0000e+00   3.2320e+01   9.0037e-01   0  J  0.00  1   !  -9.99000e+02  -99.000  -99.000  -999
OBS: 6459  56606.699    35.00   0.0000e+00   3.3736e+01   9.5653e-01   0  J  0.00  1   !  -9.99000e+02  -99.000  -99.000  -999
OBS: 6459  56608.699    37.00   0.0000e+00   3.5270e+01   1.0396e+00   0  J  0.00  1   !  -9.99000e+02  -99.000  -99.000  -999
OBS: 6459  56610.699    39.00   0.0000e+00   3.5979e+01   1.0498e+00   0  J  0.00  1   !  -9.99000e+02  -99.000  -99.000  -999
OBS: 6459  56612.699    41.00   0.0000e+00   3.5647e+01   9.9910e-01   0  J  0.00  1   !  -9.99000e+02  -99.000  -99.000  -999
OBS: 6459  56614.699    43.00   0.0000e+00   3.4535e+01   9.9488e-01   0  J  0.00  1   !  -9.99000e+02  -99.000  -99.000  -999
OBS: 6459  56616.699    45.00   0.0000e+00   3.3055e+01   9.9316e-01   0  J  0.00  1   !  -9.99000e+02  -99.000  -99.000  -999
OBS: 6459  56618.699    47.00   0.0000e+00   3.1418e+01   1.0097e+00   0  J  0.00  1   !  -9.99000e+02  -99.000  -99.000  -999
OBS: 6459  56620.699    49.00   0.0000e+00   2.9456e+01   1.0058e+00   0  J  0.00  1   !  -9.99000e+02  -99.000  -99.000  -999
OBS: 6459  56622.699    51.00   0.0000e+00   2.7670e+01   9.9726e-01   0  J  0.00  1   !  -9.99000e+02  -99.000  -99.000  -999
OBS: 6459  56624.699    53.00   0.0000e+00   2.6063e+01   9.8101e-01   0  J  0.00  1   !  -9.99000e+02  -99.000  -99.000  -999
OBS: 6459  56626.699    55.00   0.0000e+00   2.4223e+01   9.9540e-01   0  J  0.00  1   !  -9.99000e+02  -99.000  -99.000  -999
OBS: 6459  56628.699    57.00   0.0000e+00   2.2331e+01   1.0488e+00   0  J  0.00  1   !  -9.99000e+02  -99.000  -99.000  -999
OBS: 6459  56630.699    59.00   0.0000e+00   2.0494e+01   1.1111e+00   0  J  0.00  1   !  -9.99000e+02  -99.000  -99.000  -999
OBS: 6459  56632.699    61.00   0.0000e+00   1.8825e+01   1.0840e+00   0  J  0.00  1   !  -9.99000e+02  -99.000  -99.000  -999
OBS: 6459  56634.699    63.00   0.0000e+00   1.7377e+01   9.9152e-01   0  J  0.00  1   !  -9.99000e+02  -99.000  -99.000  -999
OBS: 6459  56636.699    65.00   0.0000e+00   1.6097e+01   9.2757e-01   0  J  0.00  1   !  -9.99000e+02  -99.000  -99.000  -999
OBS: 6459  56638.699    67.00   0.0000e+00   1.4936e+01   8.9305e-01   0  J  0.00  1   !  -9.99000e+02  -99.000  -99.000  -999
OBS: 6459  56640.699    69.00   0.0000e+00   1.3817e+01   8.7637e-01   0  J  0.00  1   !  -9.99000e+02  -99.000  -99.000  -999
OBS: 6459  56642.699    71.00   0.0000e+00   1.2671e+01   8.6775e-01   0  J  0.00  1   !  -9.99000e+02  -99.000  -99.000  -999
OBS: 6459  56644.699    73.00   0.0000e+00   1.1518e+01   8.5815e-01   0  J  0.00  1   !  -9.99000e+02  -99.000  -99.000  -999
OBS: 6459  56646.699    75.00   0.0000e+00   1.0425e+01   8.3801e-01   0  J  0.00  1   !  -9.99000e+02  -99.000  -99.000  -999
OBS: 6459  56648.699    77.00   0.0000e+00   9.7124e+00   8.1941e-01   0  J  0.00  1   !  -9.99000e+02  -99.000  -99.000  -999
OBS: 6459  56650.699    79.00   0.0000e+00   9.1129e+00   7.8279e-01   0  J  0.00  1   !  -9.99000e+02  -99.000  -99.000  -999
OBS: 6459  56652.699    81.00   0.0000e+00   8.5643e+00   7.5545e-01   0  J  0.00  1   !  -9.99000e+02  -99.000  -99.000  -999
OBS: 6459  56654.699    83.00   0.0000e+00   8.0844e+00   8.2066e-01   0  J  0.00  1   !  -9.99000e+02  -99.000  -99.000  -999
OBS: 6459  56656.699    85.00   0.0000e+00   7.6835e+00   9.2938e-01   0  J  0.00  1   !  -9.99000e+02  -99.000  -99.000  -999
OBS: 6459  56658.699    87.00   0.0000e+00   6.9386e+00   9.6790e-01   0  J  0.00  1   !  -9.99000e+02  -99.000  -99.000  -999
OBS: 6459  56660.699    89.00   0.0000e+00   6.1466e+00   8.7710e-01   0  J  0.00  1   !  -9.99000e+02  -99.000  -99.000  -999
OBS: 6459  56662.699    91.00   0.0000e+00   5.4856e+00   7.2594e-01   0  J  0.00  1   !  -9.99000e+02  -99.000  -99.000  -999
OBS: 6459  56664.699    93.00   0.0000e+00   4.9384e+00   8.0385e-01   0  J  0.00  1   !  -9.99000e+02  -99.000  -99.000  -999
OBS: 6459  56666.699    95.00   0.0000e+00   4.4787e+00   2.3225e+00   0  J  0.00  1   !  -9.99000e+02  -99.000  -99.000  -999
OBS: 6459  56668.699    97.00   0.0000e+00   4.0938e+00   2.4641e+00   0  J  0.00  1   !  -9.99000e+02  -99.000  -99.000  -999
OBS: 6459  56670.699    99.00   0.0000e+00   3.7693e+00   2.2688e+00   0  J  0.00  1   !  -9.99000e+02  -99.000  -99.000  -999
OBS: 6459  56672.699   101.00   0.0000e+00   3.4867e+00   2.0987e+00   0  J  0.00  1   !  -9.99000e+02  -99.000  -99.000  -999
OBS: 6459  56674.699   103.00   0.0000e+00   3.2326e+00   1.9458e+00   0  J  0.00  1   !  -9.99000e+02  -99.000  -99.000  -999
OBS: 6459  56676.699   105.00   0.0000e+00   3.0044e+00   1.8084e+00   0  J  0.00  1   !  -9.99000e+02  -99.000  -99.000  -999
OBS: 6459  56678.699   107.00   0.0000e+00   2.7687e+00   1.6665e+00   0  J  0.00  1   !  -9.99000e+02  -99.000  -99.000  -999
OBS: 6459  56680.699   109.00   0.0000e+00   2.5472e+00   1.5332e+00   0  J  0.00  1   !  -9.99000e+02  -99.000  -99.000  -999
OBS: 6459  56682.699   111.00   0.0000e+00   2.3441e+00   1.4110e+00   0  J  0.00  1   !  -9.99000e+02  -99.000  -99.000  -999
OBS: 6459  56684.699   113.00   0.0000e+00   2.1603e+00   1.3003e+00   0  J  0.00  1   !  -9.99000e+02  -99.000  -99.000  -999
OBS: 6459  56686.699   115.00   0.0000e+00   1.9911e+00   1.1984e+00   0  J  0.00  1   !  -9.99000e+02  -99.000  -99.000  -999
OBS: 6459  56688.699   117.00   0.0000e+00   1.8372e+00   1.1058e+00   0  J  0.00  1   !  -9.99000e+02  -99.000  -99.000  -999
OBS: 6459  56690.699   119.00   0.0000e+00   1.6971e+00   1.0215e+00   0  J  0.00  1   !  -9.99000e+02  -99.000  -99.000  -999
OBS: 6459  56692.699   121.00   0.0000e+00   1.5707e+00   9.4541e-01   0  J  0.00  1   !  -9.99000e+02  -99.000  -99.000  -999
OBS: 6459  56694.699   123.00   0.0000e+00   1.4702e+00   8.8495e-01   0  J  0.00  1   !  -9.99000e+02  -99.000  -99.000  -999
OBS: 6459  56696.699   125.00   0.0000e+00   1.3764e+00   8.2847e-01   0  J  0.00  1   !  -9.99000e+02  -99.000  -99.000  -999
OBS: 6459  56698.699   127.00   0.0000e+00   1.2887e+00   7.7566e-01   0  J  0.00  1   !  -9.99000e+02  -99.000  -99.000  -999
OBS: 6459  56700.699   129.00   0.0000e+00   1.2066e+00   7.2628e-01   0  J  0.00  1   !  -9.99000e+02  -99.000  -99.000  -999
OBS: 6459  56702.699   131.00   0.0000e+00   1.1299e+00   6.8009e-01   0  J  0.00  1   !  -9.99000e+02  -99.000  -99.000  -999
OBS: 6459  56704.699   133.00   0.0000e+00   1.0578e+00   6.3669e-01   0  J  0.00  1   !  -9.99000e+02  -99.000  -99.000  -999
OBS: 6459  56706.699   135.00   0.0000e+00   9.9045e-01   5.9616e-01   0  J  0.00  1   !  -9.99000e+02  -99.000  -99.000  -999
OBS: 6459  56708.699   137.00   0.0000e+00   9.2771e-01   5.5840e-01   0  J  0.00  1   !  -9.99000e+02  -99.000  -99.000  -999
OBS: 6459  56710.699   139.00   0.0000e+00   8.6902e-01   5.2307e-01   0  J  0.00  1   !  -9.99000e+02  -99.000  -99.000  -999
OBS: 6459  56586.645    14.95   1.2190e+01   1.2190e+01   3.7404e-01   1  H  0.02  1   Y  1.19825e+18  0.378  1.419  1.00000e+11
OBS: 6459  56593.297    21.60   1.2852e+01   1.2607e+01   3.7556e-01   1  H  0.03  1   Y  1.28691e+18  0.419  2.118  1.00000e+11
OBS: 6459  56600.121    28.42   1.5467e+01   1.5463e+01   3.8472e-01   1  H  0.02  1   Y  1.61039e+18  0.441  1.950  1.00000e+11
OBS: 6459  56610.629    38.93   2.3363e+01   2.3375e+01   4.1164e-01   1  H  0.06  1   Y  2.46550e+18  0.455  0.823  1.00000e+11
OBS: 6459  56512.699   -59.00   0.0000e+00   0.0000e+00   0.0000e+00   0  H  0.00  1   !  -9.99000e+02  -99.000  -99.000  -999
OBS: 6459  56514.699   -57.00   0.0000e+00   0.0000e+00   0.0000e+00   0  H  0.00  1   !  -9.99000e+02  -99.000  -99.000  -999
OBS: 6459  56516.699   -55.00   0.0000e+00   0.0000e+00   0.0000e+00   0  H  0.00  1   !  -9.99000e+02  -99.000  -99.000  -999
OBS: 6459  56518.699   -53.00   0.0000e+00   0.0000e+00   0.0000e+00   0  H  0.00  1   !  -9.99000e+02  -99.000  -99.000  -999
OBS: 6459  56520.699   -51.00   0.0000e+00   0.0000e+00   0.0000e+00   0  H  0.00  1   !  -9.99000e+02  -99.000  -99.000  -999
OBS: 6459  56522.699   -49.00   0.0000e+00   0.0000e+00   0.0000e+00   0  H  0.00  1   !  -9.99000e+02  -99.000  -99.000  -999
OBS: 6459  56524.699   -47.00   0.0000e+00   0.0000e+00   0.0000e+00   0  H  0.00  1   !  -9.99000e+02  -99.000  -99.000  -999
OBS: 6459  56526.699   -45.00   0.0000e+00   0.0000e+00   0.0000e+00   0  H  0.00  1   !  -9.99000e+02  -99.000  -99.000  -999
OBS: 6459  56528.699   -43.00   0.0000e+00   0.0000e+00   0.0000e+00   0  H  0.00  1   !  -9.99000e+02  -99.000  -99.000  -999
OBS: 6459  56530.699   -41.00   0.0000e+00   0.0000e+00   0.0000e+00   0  H  0.00  1   !  -9.99000e+02  -99.000  -99.000  -999
OBS: 6459  56532.699   -39.00   0.0000e+00   0.0000e+00   0.0000e+00   0  H  0.00  1   !  -9.99000e+02  -99.000  -99.000  -999
OBS: 6459  56534.699   -37.00   0.0000e+00   0.0000e+00   0.0000e+00   0  H  0.00  1   !  -9.99000e+02  -99.000  -99.000  -999
OBS: 6459  56536.699   -35.00   0.0000e+00   0.0000e+00   0.0000e+00   0  H  0.00  1   !  -9.99000e+02  -99.000  -99.000  -999
OBS: 6459  56538.699   -33.00   0.0000e+00   0.0000e+00   0.0000e+00   0  H  0.00  1   !  -9.99000e+02  -99.000  -99.000  -999
OBS: 6459  56540.699   -31.00   0.0000e+00   0.0000e+00   0.0000e+00   0  H  0.00  1   !  -9.99000e+02  -99.000  -99.000  -999
OBS: 6459  56542.699   -29.00   0.0000e+00   0.0000e+00   0.0000e+00   0  H  0.00  1   !  -9.99000e+02  -99.000  -99.000  -999
OBS: 6459  56544.699   -27.00   0.0000e+00   6.0622e+00   3.6489e+00   0  H  0.00  1   !  -9.99000e+02  -99.000  -99.000  -999
OBS: 6459  56546.699   -25.00   0.0000e+00   6.4967e+00   3.9104e+00   0  H  0.00  1   !  -9.99000e+02  -99.000  -99.000  -999
OBS: 6459  56548.699   -23.00   0.0000e+00   6.5045e+00   3.9151e+00   0  H  0.00  1   !  -9.99000e+02  -99.000  -99.000  -999
OBS: 6459  56550.699   -21.00   0.0000e+00   7.1584e+00   3.7756e+00   0  H  0.00  1   !  -9.99000e+02  -99.000  -99.000  -999
OBS: 6459  56552.699   -19.00   0.0000e+00   1.1529e+01   1.7421e+00   0  H  0.00  1   !  -9.99000e+02  -99.000  -99.000  -999
OBS: 6459  56554.699   -17.00   0.0000e+00   1.6257e+01   1.2274e+00   0  H  0.00  1   !  -9.99000e+02  -99.000  -99.000  -999
OBS: 6459  56556.699   -15.00   0.0000e+00   2.0622e+01   1.0945e+00   0  H  0.00  1   !  -9.99000e+02  -99.000  -99.000  -999
OBS: 6459  56558.699   -13.00   0.0000e+00   2.4409e+01   1.0368e+00   0  H  0.00  1   !  -9.99000e+02  -99.000  -99.000  -999
OBS: 6459  56560.699   -11.00   0.0000e+00   2.7132e+01   9.2562e-01   0  H  0.00  1   !  -9.99000e+02  -99.000  -99.000  -999
OBS: 6459  56562.699    -9.00   0.0000e+00   2.8827e+01   8.0803e-01   0  H  0.00  1   !  -9.99000e+02  -99.000  -99.000  -999
OBS: 6459  56564.699    -7.00   0.0000e+00   2.9594e+01   7.7446e-01   0  H  0.00  1   !  -9.99000e+02  -99.000  -99.000  -999
OBS: 6459  56566.699    -5.00   0.0000e+00   2.9137e+01   8.0905e-01   0  H  0.00  1   !  -9.99000e+02  -99.000  -99.000  -999
OBS: 6459  56568.699    -3.00   0.0000e+00   2.7841e+01   8.2011e-01   0  H  0.00  1   !  -9.99000e+02  -99.000  -99.000  -999
OBS: 6459  56570.699    -1.00   0.0000e+00   2.5918e+01   8.1678e-01   0  H  0.00  1   !  -9.99000e+02  -99.000  -99.000  -999
OBS: 6459  56572.699     1.00   0.0000e+00   2.3434e+01   7.8076e-01   0  H  0.00  1   !  -9.99000e+02  -99.000  -99.000  -999
OBS: 6459  56574.699     3.00   0.0000e+00   2.0844e+01   7.4840e-01   0  H  0.00  1   !  -9.99000e+02  -99.000  -99.000  -999
OBS: 6459  56576.699     5.00   0.0000e+00   1.8520e+01   7.4583e-01   0  H  0.00  1   !  -9.99000e+02  -99.000  -99.000  -999
OBS: 6459  56578.699     7.00   0.0000e+00   1.6684e+01   7.4518e-01   0  H  0.00  1   !  -9.99000e+02  -99.000  -99.000  -999
OBS: 6459  56580.699     9.00   0.0000e+00   1.5034e+01   7.3232e-01   0  H  0.00  1   !  -9.99000e+02  -99.000  -99.000  -999
OBS: 6459  56582.699    11.00   0.0000e+00   1.3645e+01   7.3844e-01   0  H  0.00  1   !  -9.99000e+02  -99.000  -99.000  -999
OBS: 6459  56584.699    13.00   0.0000e+00   1.2642e+01   7.4496e-01   0  H  0.00  1   !  -9.99000e+02  -99.000  -99.000  -999
OBS: 6459  56586.699    15.00   0.0000e+00   1.2065e+01   7.3445e-01   0  H  0.00  1   !  -9.99000e+02  -99.000  -99.000  -999
OBS: 6459  56588.699    17.00   0.0000e+00   1.1883e+01   7.1852e-01   0  H  0.00  1   !  -9.99000e+02  -99.000  -99.000  -999
OBS: 6459  56590.699    19.00   0.0000e+00   1.2141e+01   7.0219e-01   0  H  0.00  1   !  -9.99000e+02  -99.000  -99.000  -999
OBS: 6459  56592.699    21.00   0.0000e+00   1.2582e+01   6.9025e-01   0  H  0.00  1   !  -9.99000e+02  -99.000  -99.000  -999
OBS: 6459  56594.699    23.00   0.0000e+00   1.3145e+01   6.9168e-01   0  H  0.00  1   !  -9.99000e+02  -99.000  -99.000  -999
OBS: 6459  56596.699    25.00   0.0000e+00   1.3840e+01   7.0459e-01   0  H  0.00  1   !  -9.99000e+02  -99.000  -99.000  -999
OBS: 6459  56598.699    27.00   0.0000e+00   1.4650e+01   7.2302e-01   0  H  0.00  1   !  -9.99000e+02  -99.000  -99.000  -999
OBS: 6459  56600.699    29.00   0.0000e+00   1.5654e+01   7.6714e-01   0  H  0.00  1   !  -9.99000e+02  -99.000  -99.000  -999
OBS: 6459  56602.699    31.00   0.0000e+00   1.6866e+01   7.9579e-01   0  H  0.00  1   !  -9.99000e+02  -99.000  -99.000  -999
OBS: 6459  56604.699    33.00   0.0000e+00   1.8254e+01   7.9860e-01   0  H  0.00  1   !  -9.99000e+02  -99.000  -99.000  -999
OBS: 6459  56606.699    35.00   0.0000e+00   1.9750e+01   7.9115e-01   0  H  0.00  1   !  -9.99000e+02  -99.000  -99.000  -999
OBS: 6459  56608.699    37.00   0.0000e+00   2.1465e+01   7.8197e-01   0  H  0.00  1   !  -9.99000e+02  -99.000  -99.000  -999
OBS: 6459  56610.699    39.00   0.0000e+00   2.3211e+01   7.8937e-01   0  H  0.00  1   !  -9.99000e+02  -99.000  -99.000  -999
OBS: 6459  56612.699    41.00   0.0000e+00   2.4815e+01   8.1816e-01   0  H  0.00  1   !  -9.99000e+02  -99.000  -99.000  -999
OBS: 6459  56614.699    43.00   0.0000e+00   2.6084e+01   8.3767e-01   0  H  0.00  1   !  -9.99000e+02  -99.000  -99.000  -999
OBS: 6459  56616.699    45.00   0.0000e+00   2.7060e+01   8.6784e-01   0  H  0.00  1   !  -9.99000e+02  -99.000  -99.000  -999
OBS: 6459  56618.699    47.00   0.0000e+00   2.7771e+01   8.6811e-01   0  H  0.00  1   !  -9.99000e+02  -99.000  -99.000  -999
OBS: 6459  56620.699    49.00   0.0000e+00   2.8001e+01   8.6413e-01   0  H  0.00  1   !  -9.99000e+02  -99.000  -99.000  -999
OBS: 6459  56622.699    51.00   0.0000e+00   2.7707e+01   8.4248e-01   0  H  0.00  1   !  -9.99000e+02  -99.000  -99.000  -999
OBS: 6459  56624.699    53.00   0.0000e+00   2.6762e+01   8.4702e-01   0  H  0.00  1   !  -9.99000e+02  -99.000  -99.000  -999
OBS: 6459  56626.699    55.00   0.0000e+00   2.5241e+01   8.5961e-01   0  H  0.00  1   !  -9.99000e+02  -99.000  -99.000  -999
OBS: 6459  56628.699    57.00   0.0000e+00   2.3408e+01   8.7218e-01   0  H  0.00  1   !  -9.99000e+02  -99.000  -99.000  -999
OBS: 6459  56630.699    59.00   0.0000e+00   2.1544e+01   8.4811e-01   0  H  0.00  1   !  -9.99000e+02  -99.000  -99.000  -999
OBS: 6459  56632.699    61.00   0.0000e+00   1.9953e+01   7.9502e-01   0  H  0.00  1   !  -9.99000e+02  -99.000  -99.000  -999
OBS: 6459  56634.699    63.00   0.0000e+00   1.8769e+01   7.2760e-01   0  H  0.00  1   !  -9.99000e+02  -99.000  -99.000  -999
OBS: 6459  56636.699    65.00   0.0000e+00   1.7802e+01   6.8874e-01   0  H  0.00  1   !  -9.99000e+02  -99.000  -99.000  -999
OBS: 6459  56638.699    67.00   0.0000e+00   1.6833e+01   6.8996e-01   0  H  0.00  1   !  -9.99000e+02  -99.000  -99.000  -999
OBS: 6459  56640.699    69.00   0.0000e+00   1.5729e+01   7.1982e-01   0  H  0.00  1   !  -9.99000e+02  -99.000  -99.000  -999
OBS: 6459  56642.699    71.00   0.0000e+00   1.4527e+01   7.4604e-01   0  H  0.00  1   !  -9.99000e+02  -99.000  -99.000  -999
OBS: 6459  56644.699    73.00   0.0000e+00   1.3292e+01   8.0008e+00   0  H  0.00  1   !  -9.99000e+02  -99.000  -99.000  -999
OBS: 6459  56646.699    75.00   0.0000e+00   1.2103e+01   7.2849e+00   0  H  0.00  1   !  -9.99000e+02  -99.000  -99.000  -999
OBS: 6459  56648.699    77.00   0.0000e+00   1.0944e+01   6.5871e+00   0  H  0.00  1   !  -9.99000e+02  -99.000  -99.000  -999
OBS: 6459  56650.699    79.00   0.0000e+00   9.9211e+00   5.9716e+00   0  H  0.00  1   !  -9.99000e+02  -99.000  -99.000  -999
OBS: 6459  56652.699    81.00   0.0000e+00   9.0488e+00   5.4466e+00   0  H  0.00  1   !  -9.99000e+02  -99.000  -99.000  -999
OBS: 6459  56654.699    83.00   0.0000e+00   8.3415e+00   5.0209e+00   0  H  0.00  1   !  -9.99000e+02  -99.000  -99.000  -999
OBS: 6459  56656.699    85.00   0.0000e+00   7.7805e+00   4.6832e+00   0  H  0.00  1   !  -9.99000e+02  -99.000  -99.000  -999
OBS: 6459  56658.699    87.00   0.0000e+00   6.8294e+00   4.1107e+00   0  H  0.00  1   !  -9.99000e+02  -99.000  -99.000  -999
OBS: 6459  56660.699    89.00   0.0000e+00   5.9657e+00   3.5908e+00   0  H  0.00  1   !  -9.99000e+02  -99.000  -99.000  -999
OBS: 6459  56662.699    91.00   0.0000e+00   5.2630e+00   3.1679e+00   0  H  0.00  1   !  -9.99000e+02  -99.000  -99.000  -999
OBS: 6459  56664.699    93.00   0.0000e+00   4.6839e+00   2.8193e+00   0  H  0.00  1   !  -9.99000e+02  -99.000  -99.000  -999
OBS: 6459  56666.699    95.00   0.0000e+00   4.1950e+00   2.5250e+00   0  H  0.00  1   !  -9.99000e+02  -99.000  -99.000  -999
OBS: 6459  56668.699    97.00   0.0000e+00   3.7755e+00   2.2725e+00   0  H  0.00  1   !  -9.99000e+02  -99.000  -99.000  -999
OBS: 6459  56670.699    99.00   0.0000e+00   3.4086e+00   2.0517e+00   0  H  0.00  1   !  -9.99000e+02  -99.000  -99.000  -999
OBS: 6459  56672.699   101.00   0.0000e+00   3.0746e+00   1.8506e+00   0  H  0.00  1   !  -9.99000e+02  -99.000  -99.000  -999
OBS: 6459  56674.699   103.00   0.0000e+00   2.7628e+00   1.6629e+00   0  H  0.00  1   !  -9.99000e+02  -99.000  -99.000  -999
OBS: 6459  56676.699   105.00   0.0000e+00   2.4721e+00   1.4880e+00   0  H  0.00  1   !  -9.99000e+02  -99.000  -99.000  -999
OBS: 6459  56678.699   107.00   0.0000e+00   2.2427e+00   1.3499e+00   0  H  0.00  1   !  -9.99000e+02  -99.000  -99.000  -999
OBS: 6459  56680.699   109.00   0.0000e+00   2.0324e+00   1.2233e+00   0  H  0.00  1   !  -9.99000e+02  -99.000  -99.000  -999
OBS: 6459  56682.699   111.00   0.0000e+00   1.8416e+00   1.1085e+00   0  H  0.00  1   !  -9.99000e+02  -99.000  -99.000  -999
OBS: 6459  56684.699   113.00   0.0000e+00   1.6684e+00   1.0042e+00   0  H  0.00  1   !  -9.99000e+02  -99.000  -99.000  -999
OBS: 6459  56686.699   115.00   0.0000e+00   1.5108e+00   9.0938e-01   0  H  0.00  1   !  -9.99000e+02  -99.000  -99.000  -999
OBS: 6459  56688.699   117.00   0.0000e+00   1.3673e+00   8.2300e-01   0  H  0.00  1   !  -9.99000e+02  -99.000  -99.000  -999
OBS: 6459  56690.699   119.00   0.0000e+00   1.2366e+00   7.4431e-01   0  H  0.00  1   !  -9.99000e+02  -99.000  -99.000  -999
OBS: 6459  56692.699   121.00   0.0000e+00   1.1173e+00   6.7254e-01   0  H  0.00  1   !  -9.99000e+02  -99.000  -99.000  -999
OBS: 6459  56694.699   123.00   0.0000e+00   1.0140e+00   6.1032e-01   0  H  0.00  1   !  -9.99000e+02  -99.000  -99.000  -999
OBS: 6459  56696.699   125.00   0.0000e+00   9.2020e-01   5.5388e-01   0  H  0.00  1   !  -9.99000e+02  -99.000  -99.000  -999
OBS: 6459  56698.699   127.00   0.0000e+00   8.3509e-01   5.0265e-01   0  H  0.00  1   !  -9.99000e+02  -99.000  -99.000  -999
OBS: 6459  56700.699   129.00   0.0000e+00   7.5786e-01   4.5616e-01   0  H  0.00  1   !  -9.99000e+02  -99.000  -99.000  -999
OBS: 6459  56702.699   131.00   0.0000e+00   6.8777e-01   4.1397e-01   0  H  0.00  1   !  -9.99000e+02  -99.000  -99.000  -999
OBS: 6459  56704.699   133.00   0.0000e+00   6.2416e-01   3.7569e-01   0  H  0.00  1   !  -9.99000e+02  -99.000  -99.000  -999
OBS: 6459  56706.699   135.00   0.0000e+00   5.6643e-01   3.4094e-01   0  H  0.00  1   !  -9.99000e+02  -99.000  -99.000  -999
OBS: 6459  56708.699   137.00   0.0000e+00   5.1405e-01   3.0941e-01   0  H  0.00  1   !  -9.99000e+02  -99.000  -99.000  -999
OBS: 6459  56710.699   139.00   0.0000e+00   4.6650e-01   2.8079e-01   0  H  0.00  1   !  -9.99000e+02  -99.000  -99.000  -999
