VARNAMES: CID MJD Tobs SIM_FLUXCAL FLUXCAL FLUXCAL_ERR DATAFLAG BAND CHI2 IFIT BAND_REST FLUX_REST KCOR AVWARP SIM_FLUX_REST 
OBS: 7076  56523.773     3.29   8.1232e+01   8.0452e+01   1.1168e+00   1  J  0.00  1   Y  1.47595e+18  0.034  -1.316  1.00000e+11
OBS: 7076  56528.957     8.47   6.0489e+01   6.0840e+01   1.0486e+00   1  J  0.06  1   Y  1.04029e+18  -0.042  -1.318  1.00000e+11
OBS: 7076  56536.863    16.38   7.0200e+01   7.0591e+01   1.0812e+00   1  J  0.04  1   Y  1.14371e+18  -0.101  -1.138  1.00000e+11
OBS: 7076  56461.484   -59.00   0.0000e+00   0.0000e+00   0.0000e+00   0  J  0.00  1   !  -9.99000e+02  -99.000  -99.000  -999
OBS: 7076  56463.484   -57.00   0.0000e+00   0.0000e+00   0.0000e+00   0  J  0.00  1   !  -9.99000e+02  -99.000  -99.000  -999
OBS: 7076  56465.484   -55.00   0.0000e+00   0.0000e+00   0.0000e+00   0  J  0.00  1   !  -9.99000e+02  -99.000  -99.000  -999
OBS: 7076  56467.484   -53.00   0.0000e+00   0.0000e+00   0.0000e+00   0  J  0.00  1   !  -9.99000e+02  -99.000  -99.000  -999
OBS: 7076  56469.484   -51.00   0.0000e+00   0.0000e+00   0.0000e+00   0  J  0.00  1   !  -9.99000e+02  -99.000  -99.000  -999
OBS: 7076  56471.484   -49.00   0.0000e+00   0.0000e+00   0.0000e+00   0  J  0.00  1   !  -9.99000e+02  -99.000  -99.000  -999
OBS: 7076  56473.484   -47.00   0.0000e+00   0.0000e+00   0.0000e+00   0  J  0.00  1   !  -9.99000e+02  -99.000  -99.000  -999
OBS: 7076  56475.484   -45.00   0.0000e+00   0.0000e+00   0.0000e+00   0  J  0.00  1   !  -9.99000e+02  -99.000  -99.000  -999
OBS: 7076  56477.484   -43.00   0.0000e+00   0.0000e+00   0.0000e+00   0  J  0.00  1   !  -9.99000e+02  -99.000  -99.000  -999
OBS: 7076  56479.484   -41.00   0.0000e+00   0.0000e+00   0.0000e+00   0  J  0.00  1   !  -9.99000e+02  -99.000  -99.000  -999
OBS: 7076  56481.484   -39.00   0.0000e+00   0.0000e+00   0.0000e+00   0  J  0.00  1   !  -9.99000e+02  -99.000  -99.000  -999
OBS: 7076  56483.484   -37.00   0.0000e+00   0.0000e+00   0.0000e+00   0  J  0.00  1   !  -9.99000e+02  -99.000  -99.000  -999
OBS: 7076  56485.484   -35.00   0.0000e+00   0.0000e+00   0.0000e+00   0  J  0.00  1   !  -9.99000e+02  -99.000  -99.000  -999
OBS: 7076  56487.484   -33.00   0.0000e+00   0.0000e+00   0.0000e+00   0  J  0.00  1   !  -9.99000e+02  -99.000  -99.000  -999
OBS: 7076  56489.484   -31.00   0.0000e+00   0.0000e+00   0.0000e+00   0  J  0.00  1   !  -9.99000e+02  -99.000  -99.000  -999
OBS: 7076  56491.484   -29.00   0.0000e+00   0.0000e+00   0.0000e+00   0  J  0.00  1   !  -9.99000e+02  -99.000  -99.000  -999
OBS: 7076  56493.484   -27.00   0.0000e+00   0.0000e+00   0.0000e+00   0  J  0.00  1   !  -9.99000e+02  -99.000  -99.000  -999
OBS: 7076  56495.484   -25.00   0.0000e+00   0.0000e+00   0.0000e+00   0  J  0.00  1   !  -9.99000e+02  -99.000  -99.000  -999
OBS: 7076  56497.484   -23.00   0.0000e+00   0.0000e+00   0.0000e+00   0  J  0.00  1   !  -9.99000e+02  -99.000  -99.000  -999
OBS: 7076  56499.484   -21.00   0.0000e+00   0.0000e+00   0.0000e+00   0  J  0.00  1   !  -9.99000e+02  -99.000  -99.000  -999
OBS: 7076  56501.484   -19.00   0.0000e+00   0.0000e+00   0.0000e+00   0  J  0.00  1   !  -9.99000e+02  -99.000  -99.000  -999
OBS: 7076  56503.484   -17.00   0.0000e+00   0.0000e+00   0.0000e+00   0  J  0.00  1   !  -9.99000e+02  -99.000  -99.000  -999
OBS: 7076  56505.484   -15.00   0.0000e+00   2.1313e+01   7.9977e+00   0  J  0.00  1   !  -9.99000e+02  -99.000  -99.000  -999
OBS: 7076  56507.484   -13.00   0.0000e+00   4.2123e+01   6.1979e+00   0  J  0.00  1   !  -9.99000e+02  -99.000  -99.000  -999
OBS: 7076  56509.484   -11.00   0.0000e+00   6.2060e+01   4.5693e+00   0  J  0.00  1   !  -9.99000e+02  -99.000  -99.000  -999
OBS: 7076  56511.484    -9.00   0.0000e+00   8.1722e+01   3.5893e+00   0  J  0.00  1   !  -9.99000e+02  -99.000  -99.000  -999
OBS: 7076  56513.484    -7.00   0.0000e+00   9.7203e+01   3.0231e+00   0  J  0.00  1   !  -9.99000e+02  -99.000  -99.000  -999
OBS: 7076  56515.484    -5.00   0.0000e+00   1.0691e+02   2.6425e+00   0  J  0.00  1   !  -9.99000e+02  -99.000  -99.000  -999
OBS: 7076  56517.484    -3.00   0.0000e+00   1.0684e+02   2.4529e+00   0  J  0.00  1   !  -9.99000e+02  -99.000  -99.000  -999
OBS: 7076  56519.484    -1.00   0.0000e+00   1.0099e+02   2.4262e+00   0  J  0.00  1   !  -9.99000e+02  -99.000  -99.000  -999
OBS: 7076  56521.484     1.00   0.0000e+00   9.1903e+01   2.5097e+00   0  J  0.00  1   !  -9.99000e+02  -99.000  -99.000  -999
OBS: 7076  56523.484     3.00   0.0000e+00   8.2024e+01   2.5417e+00   0  J  0.00  1   !  -9.99000e+02  -99.000  -99.000  -999
OBS: 7076  56525.484     5.00   0.0000e+00   7.2643e+01   2.6808e+00   0  J  0.00  1   !  -9.99000e+02  -99.000  -99.000  -999
OBS: 7076  56527.484     7.00   0.0000e+00   6.4608e+01   2.8201e+00   0  J  0.00  1   !  -9.99000e+02  -99.000  -99.000  -999
OBS: 7076  56529.484     9.00   0.0000e+00   5.8789e+01   2.8515e+00   0  J  0.00  1   !  -9.99000e+02  -99.000  -99.000  -999
OBS: 7076  56531.484    11.00   0.0000e+00   5.7526e+01   2.8506e+00   0  J  0.00  1   !  -9.99000e+02  -99.000  -99.000  -999
OBS: 7076  56533.484    13.00   0.0000e+00   5.9941e+01   2.9694e+00   0  J  0.00  1   !  -9.99000e+02  -99.000  -99.000  -999
OBS: 7076  56535.484    15.00   0.0000e+00   6.5175e+01   3.1226e+00   0  J  0.00  1   !  -9.99000e+02  -99.000  -99.000  -999
OBS: 7076  56537.484    17.00   0.0000e+00   7.2275e+01   3.1946e+00   0  J  0.00  1   !  -9.99000e+02  -99.000  -99.000  -999
OBS: 7076  56539.484    19.00   0.0000e+00   8.1336e+01   3.3275e+00   0  J  0.00  1   !  -9.99000e+02  -99.000  -99.000  -999
OBS: 7076  56541.484    21.00   0.0000e+00   9.1460e+01   3.7138e+00   0  J  0.00  1   !  -9.99000e+02  -99.000  -99.000  -999
OBS: 7076  56543.484    23.00   0.0000e+00   1.0049e+02   4.1275e+00   0  J  0.00  1   !  -9.99000e+02  -99.000  -99.000  -999
OBS: 7076  56545.484    25.00   0.0000e+00   1.0797e+02   4.2745e+00   0  J  0.00  1   !  -9.99000e+02  -99.000  -99.000  -999
OBS: 7076  56547.484    27.00   0.0000e+00   1.1126e+02   3.9886e+00   0  J  0.00  1   !  -9.99000e+02  -99.000  -99.000  -999
OBS: 7076  56549.484    29.00   0.0000e+00   1.1181e+02   3.4544e+00   0  J  0.00  1   !  -9.99000e+02  -99.000  -99.000  -999
OBS: 7076  56551.484    31.00   0.0000e+00   1.1144e+02   3.0779e+00   0  J  0.00  1   !  -9.99000e+02  -99.000  -99.000  -999
OBS: 7076  56553.484    33.00   0.0000e+00   1.0738e+02   2.9341e+00   0  J  0.00  1   !  -9.99000e+02  -99.000  -99.000  -999
OBS: 7076  56555.484    35.00   0.0000e+00   9.7689e+01   2.8260e+00   0  J  0.00  1   !  -9.99000e+02  -99.000  -99.000  -999
OBS: 7076  56557.484    37.00   0.0000e+00   8.4386e+01   2.7372e+00   0  J  0.00  1   !  -9.99000e+02  -99.000  -99.000  -999
OBS: 7076  56559.484    39.00   0.0000e+00   7.0741e+01   2.6132e+00   0  J  0.00  1   !  -9.99000e+02  -99.000  -99.000  -999
OBS: 7076  56561.484    41.00   0.0000e+00   5.9244e+01   2.4538e+00   0  J  0.00  1   !  -9.99000e+02  -99.000  -99.000  -999
OBS: 7076  56563.484    43.00   0.0000e+00   5.0403e+01   2.3676e+00   0  J  0.00  1   !  -9.99000e+02  -99.000  -99.000  -999
OBS: 7076  56565.484    45.00   0.0000e+00   4.3945e+01   2.4382e+00   0  J  0.00  1   !  -9.99000e+02  -99.000  -99.000  -999
OBS: 7076  56567.484    47.00   0.0000e+00   3.9915e+01   2.5736e+00   0  J  0.00  1   !  -9.99000e+02  -99.000  -99.000  -999
OBS: 7076  56569.484    49.00   0.0000e+00   3.6747e+01   2.5236e+00   0  J  0.00  1   !  -9.99000e+02  -99.000  -99.000  -999
OBS: 7076  56571.484    51.00   0.0000e+00   3.3975e+01   2.3684e+00   0  J  0.00  1   !  -9.99000e+02  -99.000  -99.000  -999
OBS: 7076  56573.484    53.00   0.0000e+00   3.1340e+01   2.5085e+00   0  J  0.00  1   !  -9.99000e+02  -99.000  -99.000  -999
OBS: 7076  56575.484    55.00   0.0000e+00   2.8720e+01   2.8982e+00   0  J  0.00  1   !  -9.99000e+02  -99.000  -99.000  -999
OBS: 7076  56577.484    57.00   0.0000e+00   2.6055e+01   3.3843e+00   0  J  0.00  1   !  -9.99000e+02  -99.000  -99.000  -999
OBS: 7076  56579.484    59.00   0.0000e+00   2.3440e+01   3.7407e+00   0  J  0.00  1   !  -9.99000e+02  -99.000  -99.000  -999
OBS: 7076  56581.484    61.00   0.0000e+00   2.1089e+01   3.8925e+00   0  J  0.00  1   !  -9.99000e+02  -99.000  -99.000  -999
OBS: 7076  56583.484    63.00   0.0000e+00   1.9058e+01   3.8507e+00   0  J  0.00  1   !  -9.99000e+02  -99.000  -99.000  -999
OBS: 7076  56585.484    65.00   0.0000e+00   1.7340e+01   3.6839e+00   0  J  0.00  1   !  -9.99000e+02  -99.000  -99.000  -999
OBS: 7076  56587.484    67.00   0.0000e+00   1.6001e+01   9.6310e+00   0  J  0.00  1   !  -9.99000e+02  -99.000  -99.000  -999
OBS: 7076  56589.484    69.00   0.0000e+00   1.5275e+01   9.1940e+00   0  J  0.00  1   !  -9.99000e+02  -99.000  -99.000  -999
OBS: 7076  56591.484    71.00   0.0000e+00   1.4794e+01   8.9049e+00   0  J  0.00  1   !  -9.99000e+02  -99.000  -99.000  -999
OBS: 7076  56593.484    73.00   0.0000e+00   1.4188e+01   8.5398e+00   0  J  0.00  1   !  -9.99000e+02  -99.000  -99.000  -999
OBS: 7076  56595.484    75.00   0.0000e+00   1.3298e+01   8.0045e+00   0  J  0.00  1   !  -9.99000e+02  -99.000  -99.000  -999
OBS: 7076  56597.484    77.00   0.0000e+00   1.1850e+01   7.1327e+00   0  J  0.00  1   !  -9.99000e+02  -99.000  -99.000  -999
OBS: 7076  56599.484    79.00   0.0000e+00   9.2798e+00   5.5856e+00   0  J  0.00  1   !  -9.99000e+02  -99.000  -99.000  -999
OBS: 7076  56601.484    81.00   0.0000e+00   7.3042e+00   4.3965e+00   0  J  0.00  1   !  -9.99000e+02  -99.000  -99.000  -999
OBS: 7076  56603.484    83.00   0.0000e+00   5.9375e+00   3.5738e+00   0  J  0.00  1   !  -9.99000e+02  -99.000  -99.000  -999
OBS: 7076  56605.484    85.00   0.0000e+00   5.0965e+00   3.0676e+00   0  J  0.00  1   !  -9.99000e+02  -99.000  -99.000  -999
OBS: 7076  56607.484    87.00   0.0000e+00   4.5680e+00   2.7495e+00   0  J  0.00  1   !  -9.99000e+02  -99.000  -99.000  -999
OBS: 7076  56609.484    89.00   0.0000e+00   4.2550e+00   2.5611e+00   0  J  0.00  1   !  -9.99000e+02  -99.000  -99.000  -999
OBS: 7076  56611.484    91.00   0.0000e+00   4.0104e+00   2.4139e+00   0  J  0.00  1   !  -9.99000e+02  -99.000  -99.000  -999
OBS: 7076  56613.484    93.00   0.0000e+00   3.7912e+00   2.2820e+00   0  J  0.00  1   !  -9.99000e+02  -99.000  -99.000  -999
OBS: 7076  56615.484    95.00   0.0000e+00   3.5814e+00   2.1557e+00   0  J  0.00  1   !  -9.99000e+02  -99.000  -99.000  -999
OBS: 7076  56617.484    97.00   0.0000e+00   3.3558e+00   2.0199e+00   0  J  0.00  1   !  -9.99000e+02  -99.000  -99.000  -999
OBS: 7076  56619.484    99.00   0.0000e+00   3.1458e+00   1.8935e+00   0  J  0.00  1   !  -9.99000e+02  -99.000  -99.000  -999
OBS: 7076  56621.484   101.00   0.0000e+00   2.9523e+00   1.7770e+00   0  J  0.00  1   !  -9.99000e+02  -99.000  -99.000  -999
OBS: 7076  56623.484   103.00   0.0000e+00   2.7724e+00   1.6688e+00   0  J  0.00  1   !  -9.99000e+02  -99.000  -99.000  -999
OBS: 7076  56625.484   105.00   0.0000e+00   2.6070e+00   1.5692e+00   0  J  0.00  1   !  -9.99000e+02  -99.000  -99.000  -999
OBS: 7076  56627.484   107.00   0.0000e+00   2.4549e+00   1.4776e+00   0  J  0.00  1   !  -9.99000e+02  -99.000  -99.000  -999
OBS: 7076  56629.484   109.00   0.0000e+00   2.3094e+00   1.3901e+00   0  J  0.00  1   !  -9.99000e+02  -99.000  -99.000  -999
OBS: 7076  56631.484   111.00   0.0000e+00   2.1510e+00   1.2947e+00   0  J  0.00  1   !  -9.99000e+02  -99.000  -99.000  -999
OBS: 7076  56633.484   113.00   0.0000e+00   2.0034e+00   1.2059e+00   0  J  0.00  1   !  -9.99000e+02  -99.000  -99.000  -999
OBS: 7076  56635.484   115.00   0.0000e+00   1.8659e+00   1.1231e+00   0  J  0.00  1   !  -9.99000e+02  -99.000  -99.000  -999
OBS: 7076  56637.484   117.00   0.0000e+00   1.7379e+00   1.0460e+00   0  J  0.00  1   !  -9.99000e+02  -99.000  -99.000  -999
OBS: 7076  56639.484   119.00   0.0000e+00   1.6186e+00   9.7423e-01   0  J  0.00  1   !  -9.99000e+02  -99.000  -99.000  -999
OBS: 7076  56641.484   121.00   0.0000e+00   1.5074e+00   9.0734e-01   0  J  0.00  1   !  -9.99000e+02  -99.000  -99.000  -999
OBS: 7076  56643.484   123.00   0.0000e+00   1.4040e+00   8.4506e-01   0  J  0.00  1   !  -9.99000e+02  -99.000  -99.000  -999
OBS: 7076  56645.484   125.00   0.0000e+00   1.3077e+00   7.8713e-01   0  J  0.00  1   !  -9.99000e+02  -99.000  -99.000  -999
OBS: 7076  56647.484   127.00   0.0000e+00   1.2181e+00   7.3318e-01   0  J  0.00  1   !  -9.99000e+02  -99.000  -99.000  -999
OBS: 7076  56649.484   129.00   0.0000e+00   1.1346e+00   6.8292e-01   0  J  0.00  1   !  -9.99000e+02  -99.000  -99.000  -999
OBS: 7076  56651.484   131.00   0.0000e+00   1.0567e+00   6.3607e-01   0  J  0.00  1   !  -9.99000e+02  -99.000  -99.000  -999
OBS: 7076  56653.484   133.00   0.0000e+00   9.8423e-01   5.9242e-01   0  J  0.00  1   !  -9.99000e+02  -99.000  -99.000  -999
OBS: 7076  56655.484   135.00   0.0000e+00   9.1669e-01   5.5177e-01   0  J  0.00  1   !  -9.99000e+02  -99.000  -99.000  -999
OBS: 7076  56657.484   137.00   0.0000e+00   8.5377e-01   5.1389e-01   0  J  0.00  1   !  -9.99000e+02  -99.000  -99.000  -999
OBS: 7076  56659.484   139.00   0.0000e+00   7.9516e-01   4.7862e-01   0  J  0.00  1   !  -9.99000e+02  -99.000  -99.000  -999
OBS: 7076  56523.777     3.29   5.3760e+01   5.2078e+01   1.3695e+00   1  H  0.01  1   J  1.60945e+18  0.600  -0.842  1.00000e+11
OBS: 7076  56528.961     8.48   3.0459e+01   2.9764e+01   1.3067e+00   1  H  0.00  1   J  8.81909e+17  0.555  -0.872  1.00000e+11
OBS: 7076  56536.867    16.38   1.9113e+01   1.6849e+01   1.2737e+00   1  H  0.55  1   J  4.58981e+17  0.463  -1.989  1.00000e+11
OBS: 7076  56461.484   -59.00   0.0000e+00   0.0000e+00   0.0000e+00   0  H  0.00  1   !  -9.99000e+02  -99.000  -99.000  -999
OBS: 7076  56463.484   -57.00   0.0000e+00   0.0000e+00   0.0000e+00   0  H  0.00  1   !  -9.99000e+02  -99.000  -99.000  -999
OBS: 7076  56465.484   -55.00   0.0000e+00   0.0000e+00   0.0000e+00   0  H  0.00  1   !  -9.99000e+02  -99.000  -99.000  -999
OBS: 7076  56467.484   -53.00   0.0000e+00   0.0000e+00   0.0000e+00   0  H  0.00  1   !  -9.99000e+02  -99.000  -99.000  -999
OBS: 7076  56469.484   -51.00   0.0000e+00   0.0000e+00   0.0000e+00   0  H  0.00  1   !  -9.99000e+02  -99.000  -99.000  -999
OBS: 7076  56471.484   -49.00   0.0000e+00   0.0000e+00   0.0000e+00   0  H  0.00  1   !  -9.99000e+02  -99.000  -99.000  -999
OBS: 7076  56473.484   -47.00   0.0000e+00   0.0000e+00   0.0000e+00   0  H  0.00  1   !  -9.99000e+02  -99.000  -99.000  -999
OBS: 7076  56475.484   -45.00   0.0000e+00   0.0000e+00   0.0000e+00   0  H  0.00  1   !  -9.99000e+02  -99.000  -99.000  -999
OBS: 7076  56477.484   -43.00   0.0000e+00   0.0000e+00   0.0000e+00   0  H  0.00  1   !  -9.99000e+02  -99.000  -99.000  -999
OBS: 7076  56479.484   -41.00   0.0000e+00   0.0000e+00   0.0000e+00   0  H  0.00  1   !  -9.99000e+02  -99.000  -99.000  -999
OBS: 7076  56481.484   -39.00   0.0000e+00   0.0000e+00   0.0000e+00   0  H  0.00  1   !  -9.99000e+02  -99.000  -99.000  -999
OBS: 7076  56483.484   -37.00   0.0000e+00   0.0000e+00   0.0000e+00   0  H  0.00  1   !  -9.99000e+02  -99.000  -99.000  -999
OBS: 7076  56485.484   -35.00   0.0000e+00   0.0000e+00   0.0000e+00   0  H  0.00  1   !  -9.99000e+02  -99.000  -99.000  -999
OBS: 7076  56487.484   -33.00   0.0000e+00   0.0000e+00   0.0000e+00   0  H  0.00  1   !  -9.99000e+02  -99.000  -99.000  -999
OBS: 7076  56489.484   -31.00   0.0000e+00   0.0000e+00   0.0000e+00   0  H  0.00  1   !  -9.99000e+02  -99.000  -99.000  -999
OBS: 7076  56491.484   -29.00   0.0000e+00   0.0000e+00   0.0000e+00   0  H  0.00  1   !  -9.99000e+02  -99.000  -99.000  -999
OBS: 7076  56493.484   -27.00   0.0000e+00   0.0000e+00   0.0000e+00   0  H  0.00  1   !  -9.99000e+02  -99.000  -99.000  -999
OBS: 7076  56495.484   -25.00   0.0000e+00   0.0000e+00   0.0000e+00   0  H  0.00  1   !  -9.99000e+02  -99.000  -99.000  -999
OBS: 7076  56497.484   -23.00   0.0000e+00   0.0000e+00   0.0000e+00   0  H  0.00  1   !  -9.99000e+02  -99.000  -99.000  -999
OBS: 7076  56499.484   -21.00   0.0000e+00   0.0000e+00   0.0000e+00   0  H  0.00  1   !  -9.99000e+02  -99.000  -99.000  -999
OBS: 7076  56501.484   -19.00   0.0000e+00   0.0000e+00   0.0000e+00   0  H  0.00  1   !  -9.99000e+02  -99.000  -99.000  -999
OBS: 7076  56503.484   -17.00   0.0000e+00   6.2415e+00   3.0067e+00   0  H  0.00  1   !  -9.99000e+02  -99.000  -99.000  -999
OBS: 7076  56505.484   -15.00   0.0000e+00   2.0361e+01   3.4394e+00   0  H  0.00  1   !  -9.99000e+02  -99.000  -99.000  -999
OBS: 7076  56507.484   -13.00   0.0000e+00   3.6205e+01   2.5377e+00   0  H  0.00  1   !  -9.99000e+02  -99.000  -99.000  -999
OBS: 7076  56509.484   -11.00   0.0000e+00   5.1280e+01   2.1233e+00   0  H  0.00  1   !  -9.99000e+02  -99.000  -99.000  -999
OBS: 7076  56511.484    -9.00   0.0000e+00   6.4744e+01   2.0403e+00   0  H  0.00  1   !  -9.99000e+02  -99.000  -99.000  -999
OBS: 7076  56513.484    -7.00   0.0000e+00   7.4535e+01   1.7894e+00   0  H  0.00  1   !  -9.99000e+02  -99.000  -99.000  -999
OBS: 7076  56515.484    -5.00   0.0000e+00   7.9873e+01   1.6282e+00   0  H  0.00  1   !  -9.99000e+02  -99.000  -99.000  -999
OBS: 7076  56517.484    -3.00   0.0000e+00   7.9048e+01   1.6529e+00   0  H  0.00  1   !  -9.99000e+02  -99.000  -99.000  -999
OBS: 7076  56519.484    -1.00   0.0000e+00   7.3649e+01   1.6474e+00   0  H  0.00  1   !  -9.99000e+02  -99.000  -99.000  -999
OBS: 7076  56521.484     1.00   0.0000e+00   6.4123e+01   1.6010e+00   0  H  0.00  1   !  -9.99000e+02  -99.000  -99.000  -999
OBS: 7076  56523.484     3.00   0.0000e+00   5.3750e+01   1.4542e+00   0  H  0.00  1   !  -9.99000e+02  -99.000  -99.000  -999
OBS: 7076  56525.484     5.00   0.0000e+00   4.4375e+01   1.5518e+00   0  H  0.00  1   !  -9.99000e+02  -99.000  -99.000  -999
OBS: 7076  56527.484     7.00   0.0000e+00   3.5721e+01   1.6654e+00   0  H  0.00  1   !  -9.99000e+02  -99.000  -99.000  -999
OBS: 7076  56529.484     9.00   0.0000e+00   2.7634e+01   1.5751e+00   0  H  0.00  1   !  -9.99000e+02  -99.000  -99.000  -999
OBS: 7076  56531.484    11.00   0.0000e+00   2.1477e+01   1.5675e+00   0  H  0.00  1   !  -9.99000e+02  -99.000  -99.000  -999
OBS: 7076  56533.484    13.00   0.0000e+00   1.8158e+01   1.7497e+00   0  H  0.00  1   !  -9.99000e+02  -99.000  -99.000  -999
OBS: 7076  56535.484    15.00   0.0000e+00   1.7715e+01   1.9503e+00   0  H  0.00  1   !  -9.99000e+02  -99.000  -99.000  -999
OBS: 7076  56537.484    17.00   0.0000e+00   1.9250e+01   2.1100e+00   0  H  0.00  1   !  -9.99000e+02  -99.000  -99.000  -999
OBS: 7076  56539.484    19.00   0.0000e+00   2.1153e+01   2.0370e+00   0  H  0.00  1   !  -9.99000e+02  -99.000  -99.000  -999
OBS: 7076  56541.484    21.00   0.0000e+00   2.2431e+01   1.8846e+00   0  H  0.00  1   !  -9.99000e+02  -99.000  -99.000  -999
OBS: 7076  56543.484    23.00   0.0000e+00   2.3320e+01   1.9668e+00   0  H  0.00  1   !  -9.99000e+02  -99.000  -99.000  -999
OBS: 7076  56545.484    25.00   0.0000e+00   2.4144e+01   2.2786e+00   0  H  0.00  1   !  -9.99000e+02  -99.000  -99.000  -999
OBS: 7076  56547.484    27.00   0.0000e+00   2.5671e+01   2.4553e+00   0  H  0.00  1   !  -9.99000e+02  -99.000  -99.000  -999
OBS: 7076  56549.484    29.00   0.0000e+00   2.7825e+01   2.4134e+00   0  H  0.00  1   !  -9.99000e+02  -99.000  -99.000  -999
OBS: 7076  56551.484    31.00   0.0000e+00   2.9407e+01   2.2227e+00   0  H  0.00  1   !  -9.99000e+02  -99.000  -99.000  -999
OBS: 7076  56553.484    33.00   0.0000e+00   2.9557e+01   2.1687e+00   0  H  0.00  1   !  -9.99000e+02  -99.000  -99.000  -999
OBS: 7076  56555.484    35.00   0.0000e+00   2.7442e+01   2.3282e+00   0  H  0.00  1   !  -9.99000e+02  -99.000  -99.000  -999
OBS: 7076  56557.484    37.00   0.0000e+00   2.3704e+01   2.3945e+00   0  H  0.00  1   !  -9.99000e+02  -99.000  -99.000  -999
OBS: 7076  56559.484    39.00   0.0000e+00   1.9394e+01   2.2476e+00   0  H  0.00  1   !  -9.99000e+02  -99.000  -99.000  -999
OBS: 7076  56561.484    41.00   0.0000e+00   1.5953e+01   2.1171e+00   0  H  0.00  1   !  -9.99000e+02  -99.000  -99.000  -999
OBS: 7076  56563.484    43.00   0.0000e+00   1.3790e+01   2.0633e+00   0  H  0.00  1   !  -9.99000e+02  -99.000  -99.000  -999
OBS: 7076  56565.484    45.00   0.0000e+00   1.2581e+01   2.1638e+00   0  H  0.00  1   !  -9.99000e+02  -99.000  -99.000  -999
OBS: 7076  56567.484    47.00   0.0000e+00   1.1637e+01   2.5403e+00   0  H  0.00  1   !  -9.99000e+02  -99.000  -99.000  -999
OBS: 7076  56569.484    49.00   0.0000e+00   1.0483e+01   2.9708e+00   0  H  0.00  1   !  -9.99000e+02  -99.000  -99.000  -999
OBS: 7076  56571.484    51.00   0.0000e+00   9.1000e+00   3.0274e+00   0  H  0.00  1   !  -9.99000e+02  -99.000  -99.000  -999
OBS: 7076  56573.484    53.00   0.0000e+00   7.6925e+00   2.7515e+00   0  H  0.00  1   !  -9.99000e+02  -99.000  -99.000  -999
OBS: 7076  56575.484    55.00   0.0000e+00   6.6749e+00   2.7835e+00   0  H  0.00  1   !  -9.99000e+02  -99.000  -99.000  -999
OBS: 7076  56577.484    57.00   0.0000e+00   6.2305e+00   3.1276e+00   0  H  0.00  1   !  -9.99000e+02  -99.000  -99.000  -999
OBS: 7076  56579.484    59.00   0.0000e+00   6.0215e+00   3.3158e+00   0  H  0.00  1   !  -9.99000e+02  -99.000  -99.000  -999
OBS: 7076  56581.484    61.00   0.0000e+00   5.6752e+00   3.1886e+00   0  H  0.00  1   !  -9.99000e+02  -99.000  -99.000  -999
OBS: 7076  56583.484    63.00   0.0000e+00   5.0635e+00   2.9381e+00   0  H  0.00  1   !  -9.99000e+02  -99.000  -99.000  -999
OBS: 7076  56585.484    65.00   0.0000e+00   4.3638e+00   2.7808e+00   0  H  0.00  1   !  -9.99000e+02  -99.000  -99.000  -999
OBS: 7076  56587.484    67.00   0.0000e+00   3.8104e+00   2.2935e+00   0  H  0.00  1   !  -9.99000e+02  -99.000  -99.000  -999
OBS: 7076  56589.484    69.00   0.0000e+00   3.3700e+00   2.0285e+00   0  H  0.00  1   !  -9.99000e+02  -99.000  -99.000  -999
OBS: 7076  56591.484    71.00   0.0000e+00   2.9772e+00   1.7920e+00   0  H  0.00  1   !  -9.99000e+02  -99.000  -99.000  -999
OBS: 7076  56593.484    73.00   0.0000e+00   2.5039e+00   1.5072e+00   0  H  0.00  1   !  -9.99000e+02  -99.000  -99.000  -999
OBS: 7076  56595.484    75.00   0.0000e+00   2.0207e+00   1.2163e+00   0  H  0.00  1   !  -9.99000e+02  -99.000  -99.000  -999
OBS: 7076  56597.484    77.00   0.0000e+00   1.5579e+00   9.3773e-01   0  H  0.00  1   !  -9.99000e+02  -99.000  -99.000  -999
OBS: 7076  56599.484    79.00   0.0000e+00   9.7524e-01   5.8701e-01   0  H  0.00  1   !  -9.99000e+02  -99.000  -99.000  -999
OBS: 7076  56601.484    81.00   0.0000e+00   7.5676e-01   4.5550e-01   0  H  0.00  1   !  -9.99000e+02  -99.000  -99.000  -999
OBS: 7076  56603.484    83.00   0.0000e+00   6.5365e-01   3.9344e-01   0  H  0.00  1   !  -9.99000e+02  -99.000  -99.000  -999
OBS: 7076  56605.484    85.00   0.0000e+00   5.6401e-01   3.3948e-01   0  H  0.00  1   !  -9.99000e+02  -99.000  -99.000  -999
OBS: 7076  56607.484    87.00   0.0000e+00   4.6359e-01   2.7904e-01   0  H  0.00  1   !  -9.99000e+02  -99.000  -99.000  -999
OBS: 7076  56609.484    89.00   0.0000e+00   3.5991e-01   2.1664e-01   0  H  0.00  1   !  -9.99000e+02  -99.000  -99.000  -999
OBS: 7076  56611.484    91.00   0.0000e+00   2.7267e-01   1.6412e-01   0  H  0.00  1   !  -9.99000e+02  -99.000  -99.000  -999
OBS: 7076  56613.484    93.00   0.0000e+00   2.0408e-01   1.2284e-01   0  H  0.00  1   !  -9.99000e+02  -99.000  -99.000  -999
OBS: 7076  56615.484    95.00   0.0000e+00   1.5310e-01   9.2150e-02   0  H  0.00  1   !  -9.99000e+02  -99.000  -99.000  -999
OBS: 7076  56617.484    97.00   0.0000e+00   1.1969e-01   7.2043e-02   0  H  0.00  1   !  -9.99000e+02  -99.000  -99.000  -999
OBS: 7076  56619.484    99.00   0.0000e+00   9.3591e-02   5.6333e-02   0  H  0.00  1   !  -9.99000e+02  -99.000  -99.000  -999
OBS: 7076  56621.484   101.00   0.0000e+00   7.3198e-02   4.4058e-02   0  H  0.00  1   !  -9.99000e+02  -99.000  -99.000  -999
OBS: 7076  56623.484   103.00   0.0000e+00   5.7259e-02   3.4465e-02   0  H  0.00  1   !  -9.99000e+02  -99.000  -99.000  -999
OBS: 7076  56625.484   105.00   0.0000e+00   4.4764e-02   2.6944e-02   0  H  0.00  1   !  -9.99000e+02  -99.000  -99.000  -999
OBS: 7076  56627.484   107.00   0.0000e+00   3.4959e-02   2.1042e-02   0  H  0.00  1   !  -9.99000e+02  -99.000  -99.000  -999
OBS: 7076  56629.484   109.00   0.0000e+00   2.7322e-02   1.6445e-02   0  H  0.00  1   !  -9.99000e+02  -99.000  -99.000  -999
OBS: 7076  56631.484   111.00   0.0000e+00   2.1507e-02   1.2945e-02   0  H  0.00  1   !  -9.99000e+02  -99.000  -99.000  -999
OBS: 7076  56633.484   113.00   0.0000e+00   1.6930e-02   1.0190e-02   0  H  0.00  1   !  -9.99000e+02  -99.000  -99.000  -999
OBS: 7076  56635.484   115.00   0.0000e+00   1.3327e-02   8.0216e-03   0  H  0.00  1   !  -9.99000e+02  -99.000  -99.000  -999
OBS: 7076  56637.484   117.00   0.0000e+00   1.0491e-02   6.3144e-03   0  H  0.00  1   !  -9.99000e+02  -99.000  -99.000  -999
OBS: 7076  56639.484   119.00   0.0000e+00   8.2579e-03   4.9705e-03   0  H  0.00  1   !  -9.99000e+02  -99.000  -99.000  -999
OBS: 7076  56641.484   121.00   0.0000e+00   6.5005e-03   3.9127e-03   0  H  0.00  1   !  -9.99000e+02  -99.000  -99.000  -999
OBS: 7076  56643.484   123.00   0.0000e+00   5.1170e-03   3.0800e-03   0  H  0.00  1   !  -9.99000e+02  -99.000  -99.000  -999
OBS: 7076  56645.484   125.00   0.0000e+00   4.0280e-03   2.4245e-03   0  H  0.00  1   !  -9.99000e+02  -99.000  -99.000  -999
OBS: 7076  56647.484   127.00   0.0000e+00   3.1707e-03   1.9085e-03   0  H  0.00  1   !  -9.99000e+02  -99.000  -99.000  -999
OBS: 7076  56649.484   129.00   0.0000e+00   2.4959e-03   1.5023e-03   0  H  0.00  1   !  -9.99000e+02  -99.000  -99.000  -999
OBS: 7076  56651.484   131.00   0.0000e+00   1.9647e-03   1.1826e-03   0  H  0.00  1   !  -9.99000e+02  -99.000  -99.000  -999
OBS: 7076  56653.484   133.00   0.0000e+00   1.5466e-03   9.3092e-04   0  H  0.00  1   !  -9.99000e+02  -99.000  -99.000  -999
OBS: 7076  56655.484   135.00   0.0000e+00   1.2174e-03   7.3280e-04   0  H  0.00  1   !  -9.99000e+02  -99.000  -99.000  -999
OBS: 7076  56657.484   137.00   0.0000e+00   9.5835e-04   5.7684e-04   0  H  0.00  1   !  -9.99000e+02  -99.000  -99.000  -999
OBS: 7076  56659.484   139.00   0.0000e+00   7.5439e-04   4.5408e-04   0  H  0.00  1   !  -9.99000e+02  -99.000  -99.000  -999
