VARNAMES: CID MJD Tobs SIM_FLUXCAL FLUXCAL FLUXCAL_ERR DATAFLAG BAND CHI2 IFIT BAND_REST FLUX_REST KCOR AVWARP SIM_FLUX_REST 
OBS: 6796  56468.086    11.57   4.3029e+01   4.3061e+01   5.1352e-01   1  J  0.01  1   Y  1.00747e+18  -0.248  -1.656  1.00000e+11
OBS: 6796  56473.391    16.87   4.4744e+01   4.5228e+01   5.2569e-01   1  J  0.01  1   Y  1.06836e+18  -0.238  -1.175  1.00000e+11
OBS: 6796  56482.227    25.71   6.4161e+01   6.3780e+01   6.3407e-01   1  J  0.11  1   Y  1.55007e+18  -0.207  -0.792  1.00000e+11
OBS: 6796  56397.516   -59.00   0.0000e+00   0.0000e+00   0.0000e+00   0  J  0.00  1   !  -9.99000e+02  -99.000  -99.000  -999
OBS: 6796  56399.516   -57.00   0.0000e+00   0.0000e+00   0.0000e+00   0  J  0.00  1   !  -9.99000e+02  -99.000  -99.000  -999
OBS: 6796  56401.516   -55.00   0.0000e+00   0.0000e+00   0.0000e+00   0  J  0.00  1   !  -9.99000e+02  -99.000  -99.000  -999
OBS: 6796  56403.516   -53.00   0.0000e+00   0.0000e+00   0.0000e+00   0  J  0.00  1   !  -9.99000e+02  -99.000  -99.000  -999
OBS: 6796  56405.516   -51.00   0.0000e+00   0.0000e+00   0.0000e+00   0  J  0.00  1   !  -9.99000e+02  -99.000  -99.000  -999
OBS: 6796  56407.516   -49.00   0.0000e+00   0.0000e+00   0.0000e+00   0  J  0.00  1   !  -9.99000e+02  -99.000  -99.000  -999
OBS: 6796  56409.516   -47.00   0.0000e+00   0.0000e+00   0.0000e+00   0  J  0.00  1   !  -9.99000e+02  -99.000  -99.000  -999
OBS: 6796  56411.516   -45.00   0.0000e+00   0.0000e+00   0.0000e+00   0  J  0.00  1   !  -9.99000e+02  -99.000  -99.000  -999
OBS: 6796  56413.516   -43.00   0.0000e+00   0.0000e+00   0.0000e+00   0  J  0.00  1   !  -9.99000e+02  -99.000  -99.000  -999
OBS: 6796  56415.516   -41.00   0.0000e+00   0.0000e+00   0.0000e+00   0  J  0.00  1   !  -9.99000e+02  -99.000  -99.000  -999
OBS: 6796  56417.516   -39.00   0.0000e+00   0.0000e+00   0.0000e+00   0  J  0.00  1   !  -9.99000e+02  -99.000  -99.000  -999
OBS: 6796  56419.516   -37.00   0.0000e+00   0.0000e+00   0.0000e+00   0  J  0.00  1   !  -9.99000e+02  -99.000  -99.000  -999
OBS: 6796  56421.516   -35.00   0.0000e+00   0.0000e+00   0.0000e+00   0  J  0.00  1   !  -9.99000e+02  -99.000  -99.000  -999
OBS: 6796  56423.516   -33.00   0.0000e+00   0.0000e+00   0.0000e+00   0  J  0.00  1   !  -9.99000e+02  -99.000  -99.000  -999
OBS: 6796  56425.516   -31.00   0.0000e+00   0.0000e+00   0.0000e+00   0  J  0.00  1   !  -9.99000e+02  -99.000  -99.000  -999
OBS: 6796  56427.516   -29.00   0.0000e+00   0.0000e+00   0.0000e+00   0  J  0.00  1   !  -9.99000e+02  -99.000  -99.000  -999
OBS: 6796  56429.516   -27.00   0.0000e+00   0.0000e+00   0.0000e+00   0  J  0.00  1   !  -9.99000e+02  -99.000  -99.000  -999
OBS: 6796  56431.516   -25.00   0.0000e+00   4.5168e+00   2.7187e+00   0  J  0.00  1   !  -9.99000e+02  -99.000  -99.000  -999
OBS: 6796  56433.516   -23.00   0.0000e+00   3.3466e+00   2.0143e+00   0  J  0.00  1   !  -9.99000e+02  -99.000  -99.000  -999
OBS: 6796  56435.516   -21.00   0.0000e+00   3.3424e+00   2.0118e+00   0  J  0.00  1   !  -9.99000e+02  -99.000  -99.000  -999
OBS: 6796  56437.516   -19.00   0.0000e+00   5.2590e+00   2.5533e+00   0  J  0.00  1   !  -9.99000e+02  -99.000  -99.000  -999
OBS: 6796  56439.516   -17.00   0.0000e+00   1.9305e+01   2.9533e+00   0  J  0.00  1   !  -9.99000e+02  -99.000  -99.000  -999
OBS: 6796  56441.516   -15.00   0.0000e+00   3.2734e+01   2.0931e+00   0  J  0.00  1   !  -9.99000e+02  -99.000  -99.000  -999
OBS: 6796  56443.516   -13.00   0.0000e+00   4.5626e+01   1.6228e+00   0  J  0.00  1   !  -9.99000e+02  -99.000  -99.000  -999
OBS: 6796  56445.516   -11.00   0.0000e+00   5.6721e+01   1.5430e+00   0  J  0.00  1   !  -9.99000e+02  -99.000  -99.000  -999
OBS: 6796  56447.516    -9.00   0.0000e+00   6.7238e+01   1.4596e+00   0  J  0.00  1   !  -9.99000e+02  -99.000  -99.000  -999
OBS: 6796  56449.516    -7.00   0.0000e+00   7.4315e+01   1.4166e+00   0  J  0.00  1   !  -9.99000e+02  -99.000  -99.000  -999
OBS: 6796  56451.516    -5.00   0.0000e+00   7.7186e+01   1.4665e+00   0  J  0.00  1   !  -9.99000e+02  -99.000  -99.000  -999
OBS: 6796  56453.516    -3.00   0.0000e+00   7.4665e+01   1.5989e+00   0  J  0.00  1   !  -9.99000e+02  -99.000  -99.000  -999
OBS: 6796  56455.516    -1.00   0.0000e+00   6.9437e+01   1.7060e+00   0  J  0.00  1   !  -9.99000e+02  -99.000  -99.000  -999
OBS: 6796  56457.516     1.00   0.0000e+00   6.3211e+01   1.7766e+00   0  J  0.00  1   !  -9.99000e+02  -99.000  -99.000  -999
OBS: 6796  56459.516     3.00   0.0000e+00   5.7113e+01   1.8567e+00   0  J  0.00  1   !  -9.99000e+02  -99.000  -99.000  -999
OBS: 6796  56461.516     5.00   0.0000e+00   5.1925e+01   2.0288e+00   0  J  0.00  1   !  -9.99000e+02  -99.000  -99.000  -999
OBS: 6796  56463.516     7.00   0.0000e+00   4.8089e+01   2.0486e+00   0  J  0.00  1   !  -9.99000e+02  -99.000  -99.000  -999
OBS: 6796  56465.516     9.00   0.0000e+00   4.5067e+01   2.0216e+00   0  J  0.00  1   !  -9.99000e+02  -99.000  -99.000  -999
OBS: 6796  56467.516    11.00   0.0000e+00   4.3477e+01   2.0098e+00   0  J  0.00  1   !  -9.99000e+02  -99.000  -99.000  -999
OBS: 6796  56469.516    13.00   0.0000e+00   4.3078e+01   2.0654e+00   0  J  0.00  1   !  -9.99000e+02  -99.000  -99.000  -999
OBS: 6796  56471.516    15.00   0.0000e+00   4.3774e+01   2.1504e+00   0  J  0.00  1   !  -9.99000e+02  -99.000  -99.000  -999
OBS: 6796  56473.516    17.00   0.0000e+00   4.5066e+01   2.1459e+00   0  J  0.00  1   !  -9.99000e+02  -99.000  -99.000  -999
OBS: 6796  56475.516    19.00   0.0000e+00   4.7754e+01   2.0447e+00   0  J  0.00  1   !  -9.99000e+02  -99.000  -99.000  -999
OBS: 6796  56477.516    21.00   0.0000e+00   5.2492e+01   2.0187e+00   0  J  0.00  1   !  -9.99000e+02  -99.000  -99.000  -999
OBS: 6796  56479.516    23.00   0.0000e+00   5.7647e+01   2.0418e+00   0  J  0.00  1   !  -9.99000e+02  -99.000  -99.000  -999
OBS: 6796  56481.516    25.00   0.0000e+00   6.2970e+01   2.0653e+00   0  J  0.00  1   !  -9.99000e+02  -99.000  -99.000  -999
OBS: 6796  56483.516    27.00   0.0000e+00   6.6474e+01   2.0423e+00   0  J  0.00  1   !  -9.99000e+02  -99.000  -99.000  -999
OBS: 6796  56485.516    29.00   0.0000e+00   6.8410e+01   2.1139e+00   0  J  0.00  1   !  -9.99000e+02  -99.000  -99.000  -999
OBS: 6796  56487.516    31.00   0.0000e+00   7.0479e+01   2.2032e+00   0  J  0.00  1   !  -9.99000e+02  -99.000  -99.000  -999
OBS: 6796  56489.516    33.00   0.0000e+00   7.2374e+01   2.1370e+00   0  J  0.00  1   !  -9.99000e+02  -99.000  -99.000  -999
OBS: 6796  56491.516    35.00   0.0000e+00   7.2501e+01   1.9516e+00   0  J  0.00  1   !  -9.99000e+02  -99.000  -99.000  -999
OBS: 6796  56493.516    37.00   0.0000e+00   7.0127e+01   1.7978e+00   0  J  0.00  1   !  -9.99000e+02  -99.000  -99.000  -999
OBS: 6796  56495.516    39.00   0.0000e+00   6.6522e+01   1.6851e+00   0  J  0.00  1   !  -9.99000e+02  -99.000  -99.000  -999
OBS: 6796  56497.516    41.00   0.0000e+00   6.2107e+01   1.5817e+00   0  J  0.00  1   !  -9.99000e+02  -99.000  -99.000  -999
OBS: 6796  56499.516    43.00   0.0000e+00   5.7428e+01   1.5407e+00   0  J  0.00  1   !  -9.99000e+02  -99.000  -99.000  -999
OBS: 6796  56501.516    45.00   0.0000e+00   5.2451e+01   1.4951e+00   0  J  0.00  1   !  -9.99000e+02  -99.000  -99.000  -999
OBS: 6796  56503.516    47.00   0.0000e+00   4.8038e+01   1.5316e+00   0  J  0.00  1   !  -9.99000e+02  -99.000  -99.000  -999
OBS: 6796  56505.516    49.00   0.0000e+00   4.4052e+01   1.5588e+00   0  J  0.00  1   !  -9.99000e+02  -99.000  -99.000  -999
OBS: 6796  56507.516    51.00   0.0000e+00   3.9775e+01   1.5643e+00   0  J  0.00  1   !  -9.99000e+02  -99.000  -99.000  -999
OBS: 6796  56509.516    53.00   0.0000e+00   3.5437e+01   1.6778e+00   0  J  0.00  1   !  -9.99000e+02  -99.000  -99.000  -999
OBS: 6796  56511.516    55.00   0.0000e+00   3.1480e+01   1.9114e+00   0  J  0.00  1   !  -9.99000e+02  -99.000  -99.000  -999
OBS: 6796  56513.516    57.00   0.0000e+00   2.8179e+01   2.1374e+00   0  J  0.00  1   !  -9.99000e+02  -99.000  -99.000  -999
OBS: 6796  56515.516    59.00   0.0000e+00   2.5460e+01   2.2044e+00   0  J  0.00  1   !  -9.99000e+02  -99.000  -99.000  -999
OBS: 6796  56517.516    61.00   0.0000e+00   2.3123e+01   2.0908e+00   0  J  0.00  1   !  -9.99000e+02  -99.000  -99.000  -999
OBS: 6796  56519.516    63.00   0.0000e+00   2.1112e+01   1.9540e+00   0  J  0.00  1   !  -9.99000e+02  -99.000  -99.000  -999
OBS: 6796  56521.516    65.00   0.0000e+00   1.9251e+01   1.8778e+00   0  J  0.00  1   !  -9.99000e+02  -99.000  -99.000  -999
OBS: 6796  56523.516    67.00   0.0000e+00   1.7508e+01   1.0538e+01   0  J  0.00  1   !  -9.99000e+02  -99.000  -99.000  -999
OBS: 6796  56525.516    69.00   0.0000e+00   1.5930e+01   9.5886e+00   0  J  0.00  1   !  -9.99000e+02  -99.000  -99.000  -999
OBS: 6796  56527.516    71.00   0.0000e+00   1.4976e+01   9.0142e+00   0  J  0.00  1   !  -9.99000e+02  -99.000  -99.000  -999
OBS: 6796  56529.516    73.00   0.0000e+00   1.4155e+01   8.5200e+00   0  J  0.00  1   !  -9.99000e+02  -99.000  -99.000  -999
OBS: 6796  56531.516    75.00   0.0000e+00   1.3362e+01   8.0425e+00   0  J  0.00  1   !  -9.99000e+02  -99.000  -99.000  -999
OBS: 6796  56533.516    77.00   0.0000e+00   1.2608e+01   7.5887e+00   0  J  0.00  1   !  -9.99000e+02  -99.000  -99.000  -999
OBS: 6796  56535.516    79.00   0.0000e+00   1.1672e+01   7.0256e+00   0  J  0.00  1   !  -9.99000e+02  -99.000  -99.000  -999
OBS: 6796  56537.516    81.00   0.0000e+00   1.0008e+01   6.0237e+00   0  J  0.00  1   !  -9.99000e+02  -99.000  -99.000  -999
OBS: 6796  56539.516    83.00   0.0000e+00   8.6158e+00   5.1859e+00   0  J  0.00  1   !  -9.99000e+02  -99.000  -99.000  -999
OBS: 6796  56541.516    85.00   0.0000e+00   7.5335e+00   4.5345e+00   0  J  0.00  1   !  -9.99000e+02  -99.000  -99.000  -999
OBS: 6796  56543.516    87.00   0.0000e+00   6.7245e+00   4.0475e+00   0  J  0.00  1   !  -9.99000e+02  -99.000  -99.000  -999
OBS: 6796  56545.516    89.00   0.0000e+00   6.1174e+00   3.6821e+00   0  J  0.00  1   !  -9.99000e+02  -99.000  -99.000  -999
OBS: 6796  56547.516    91.00   0.0000e+00   5.6759e+00   3.4164e+00   0  J  0.00  1   !  -9.99000e+02  -99.000  -99.000  -999
OBS: 6796  56549.516    93.00   0.0000e+00   5.3115e+00   3.1970e+00   0  J  0.00  1   !  -9.99000e+02  -99.000  -99.000  -999
OBS: 6796  56551.516    95.00   0.0000e+00   4.9881e+00   3.0024e+00   0  J  0.00  1   !  -9.99000e+02  -99.000  -99.000  -999
OBS: 6796  56553.516    97.00   0.0000e+00   4.6945e+00   2.8257e+00   0  J  0.00  1   !  -9.99000e+02  -99.000  -99.000  -999
OBS: 6796  56555.516    99.00   0.0000e+00   4.3613e+00   2.6251e+00   0  J  0.00  1   !  -9.99000e+02  -99.000  -99.000  -999
OBS: 6796  56557.516   101.00   0.0000e+00   4.0534e+00   2.4398e+00   0  J  0.00  1   !  -9.99000e+02  -99.000  -99.000  -999
OBS: 6796  56559.516   103.00   0.0000e+00   3.7717e+00   2.2702e+00   0  J  0.00  1   !  -9.99000e+02  -99.000  -99.000  -999
OBS: 6796  56561.516   105.00   0.0000e+00   3.5124e+00   2.1142e+00   0  J  0.00  1   !  -9.99000e+02  -99.000  -99.000  -999
OBS: 6796  56563.516   107.00   0.0000e+00   3.2752e+00   1.9714e+00   0  J  0.00  1   !  -9.99000e+02  -99.000  -99.000  -999
OBS: 6796  56565.516   109.00   0.0000e+00   3.0592e+00   1.8414e+00   0  J  0.00  1   !  -9.99000e+02  -99.000  -99.000  -999
OBS: 6796  56567.516   111.00   0.0000e+00   2.8635e+00   1.7236e+00   0  J  0.00  1   !  -9.99000e+02  -99.000  -99.000  -999
OBS: 6796  56569.516   113.00   0.0000e+00   2.6470e+00   1.5933e+00   0  J  0.00  1   !  -9.99000e+02  -99.000  -99.000  -999
OBS: 6796  56571.516   115.00   0.0000e+00   2.4420e+00   1.4699e+00   0  J  0.00  1   !  -9.99000e+02  -99.000  -99.000  -999
OBS: 6796  56573.516   117.00   0.0000e+00   2.2529e+00   1.3560e+00   0  J  0.00  1   !  -9.99000e+02  -99.000  -99.000  -999
OBS: 6796  56575.516   119.00   0.0000e+00   2.0783e+00   1.2510e+00   0  J  0.00  1   !  -9.99000e+02  -99.000  -99.000  -999
OBS: 6796  56577.516   121.00   0.0000e+00   1.9173e+00   1.1540e+00   0  J  0.00  1   !  -9.99000e+02  -99.000  -99.000  -999
OBS: 6796  56579.516   123.00   0.0000e+00   1.7688e+00   1.0646e+00   0  J  0.00  1   !  -9.99000e+02  -99.000  -99.000  -999
OBS: 6796  56581.516   125.00   0.0000e+00   1.6318e+00   9.8218e-01   0  J  0.00  1   !  -9.99000e+02  -99.000  -99.000  -999
OBS: 6796  56583.516   127.00   0.0000e+00   1.5053e+00   9.0608e-01   0  J  0.00  1   !  -9.99000e+02  -99.000  -99.000  -999
OBS: 6796  56585.516   129.00   0.0000e+00   1.3886e+00   8.3582e-01   0  J  0.00  1   !  -9.99000e+02  -99.000  -99.000  -999
OBS: 6796  56587.516   131.00   0.0000e+00   1.2809e+00   7.7099e-01   0  J  0.00  1   !  -9.99000e+02  -99.000  -99.000  -999
OBS: 6796  56589.516   133.00   0.0000e+00   1.1815e+00   7.1118e-01   0  J  0.00  1   !  -9.99000e+02  -99.000  -99.000  -999
OBS: 6796  56591.516   135.00   0.0000e+00   1.0899e+00   6.5600e-01   0  J  0.00  1   !  -9.99000e+02  -99.000  -99.000  -999
OBS: 6796  56593.516   137.00   0.0000e+00   1.0053e+00   6.0511e-01   0  J  0.00  1   !  -9.99000e+02  -99.000  -99.000  -999
OBS: 6796  56595.516   139.00   0.0000e+00   9.2734e-01   5.5818e-01   0  J  0.00  1   !  -9.99000e+02  -99.000  -99.000  -999
OBS: 6796  56468.090    11.58   1.7061e+01   1.7472e+01   4.2255e-01   1  H  0.06  1   J  7.83544e+17  0.458  0.139  1.00000e+11
OBS: 6796  56473.395    16.88   1.2897e+01   1.3131e+01   3.8895e-01   1  H  0.01  1   J  5.20453e+17  0.324  -1.116  1.00000e+11
OBS: 6796  56482.230    25.71   1.6463e+01   1.7037e+01   4.1912e-01   1  H  0.13  1   J  6.02190e+17  0.200  -1.327  1.00000e+11
OBS: 6796  56397.516   -59.00   0.0000e+00   0.0000e+00   0.0000e+00   0  H  0.00  1   !  -9.99000e+02  -99.000  -99.000  -999
OBS: 6796  56399.516   -57.00   0.0000e+00   0.0000e+00   0.0000e+00   0  H  0.00  1   !  -9.99000e+02  -99.000  -99.000  -999
OBS: 6796  56401.516   -55.00   0.0000e+00   0.0000e+00   0.0000e+00   0  H  0.00  1   !  -9.99000e+02  -99.000  -99.000  -999
OBS: 6796  56403.516   -53.00   0.0000e+00   0.0000e+00   0.0000e+00   0  H  0.00  1   !  -9.99000e+02  -99.000  -99.000  -999
OBS: 6796  56405.516   -51.00   0.0000e+00   0.0000e+00   0.0000e+00   0  H  0.00  1   !  -9.99000e+02  -99.000  -99.000  -999
OBS: 6796  56407.516   -49.00   0.0000e+00   0.0000e+00   0.0000e+00   0  H  0.00  1   !  -9.99000e+02  -99.000  -99.000  -999
OBS: 6796  56409.516   -47.00   0.0000e+00   0.0000e+00   0.0000e+00   0  H  0.00  1   !  -9.99000e+02  -99.000  -99.000  -999
OBS: 6796  56411.516   -45.00   0.0000e+00   0.0000e+00   0.0000e+00   0  H  0.00  1   !  -9.99000e+02  -99.000  -99.000  -999
OBS: 6796  56413.516   -43.00   0.0000e+00   0.0000e+00   0.0000e+00   0  H  0.00  1   !  -9.99000e+02  -99.000  -99.000  -999
OBS: 6796  56415.516   -41.00   0.0000e+00   0.0000e+00   0.0000e+00   0  H  0.00  1   !  -9.99000e+02  -99.000  -99.000  -999
OBS: 6796  56417.516   -39.00   0.0000e+00   0.0000e+00   0.0000e+00   0  H  0.00  1   !  -9.99000e+02  -99.000  -99.000  -999
OBS: 6796  56419.516   -37.00   0.0000e+00   0.0000e+00   0.0000e+00   0  H  0.00  1   !  -9.99000e+02  -99.000  -99.000  -999
OBS: 6796  56421.516   -35.00   0.0000e+00   0.0000e+00   0.0000e+00   0  H  0.00  1   !  -9.99000e+02  -99.000  -99.000  -999
OBS: 6796  56423.516   -33.00   0.0000e+00   0.0000e+00   0.0000e+00   0  H  0.00  1   !  -9.99000e+02  -99.000  -99.000  -999
OBS: 6796  56425.516   -31.00   0.0000e+00   0.0000e+00   0.0000e+00   0  H  0.00  1   !  -9.99000e+02  -99.000  -99.000  -999
OBS: 6796  56427.516   -29.00   0.0000e+00   0.0000e+00   0.0000e+00   0  H  0.00  1   !  -9.99000e+02  -99.000  -99.000  -999
OBS: 6796  56429.516   -27.00   0.0000e+00   0.0000e+00   0.0000e+00   0  H  0.00  1   !  -9.99000e+02  -99.000  -99.000  -999
OBS: 6796  56431.516   -25.00   0.0000e+00   3.0797e+00   1.8537e+00   0  H  0.00  1   !  -9.99000e+02  -99.000  -99.000  -999
OBS: 6796  56433.516   -23.00   0.0000e+00   3.5739e+00   2.1512e+00   0  H  0.00  1   !  -9.99000e+02  -99.000  -99.000  -999
OBS: 6796  56435.516   -21.00   0.0000e+00   3.5805e+00   2.1552e+00   0  H  0.00  1   !  -9.99000e+02  -99.000  -99.000  -999
OBS: 6796  56437.516   -19.00   0.0000e+00   5.6473e+00   3.1145e+00   0  H  0.00  1   !  -9.99000e+02  -99.000  -99.000  -999
OBS: 6796  56439.516   -17.00   0.0000e+00   1.5385e+01   2.3941e+00   0  H  0.00  1   !  -9.99000e+02  -99.000  -99.000  -999
OBS: 6796  56441.516   -15.00   0.0000e+00   2.5253e+01   1.4694e+00   0  H  0.00  1   !  -9.99000e+02  -99.000  -99.000  -999
OBS: 6796  56443.516   -13.00   0.0000e+00   3.4926e+01   1.1694e+00   0  H  0.00  1   !  -9.99000e+02  -99.000  -99.000  -999
OBS: 6796  56445.516   -11.00   0.0000e+00   4.3151e+01   1.1085e+00   0  H  0.00  1   !  -9.99000e+02  -99.000  -99.000  -999
OBS: 6796  56447.516    -9.00   0.0000e+00   4.9711e+01   9.5626e-01   0  H  0.00  1   !  -9.99000e+02  -99.000  -99.000  -999
OBS: 6796  56449.516    -7.00   0.0000e+00   5.3654e+01   8.7740e-01   0  H  0.00  1   !  -9.99000e+02  -99.000  -99.000  -999
OBS: 6796  56451.516    -5.00   0.0000e+00   5.4578e+01   9.3064e-01   0  H  0.00  1   !  -9.99000e+02  -99.000  -99.000  -999
OBS: 6796  56453.516    -3.00   0.0000e+00   5.2515e+01   9.8913e-01   0  H  0.00  1   !  -9.99000e+02  -99.000  -99.000  -999
OBS: 6796  56455.516    -1.00   0.0000e+00   4.8753e+01   1.0077e+00   0  H  0.00  1   !  -9.99000e+02  -99.000  -99.000  -999
OBS: 6796  56457.516     1.00   0.0000e+00   4.3384e+01   9.5076e-01   0  H  0.00  1   !  -9.99000e+02  -99.000  -99.000  -999
OBS: 6796  56459.516     3.00   0.0000e+00   3.7814e+01   9.3155e-01   0  H  0.00  1   !  -9.99000e+02  -99.000  -99.000  -999
OBS: 6796  56461.516     5.00   0.0000e+00   3.2638e+01   9.8382e-01   0  H  0.00  1   !  -9.99000e+02  -99.000  -99.000  -999
OBS: 6796  56463.516     7.00   0.0000e+00   2.7629e+01   9.4751e-01   0  H  0.00  1   !  -9.99000e+02  -99.000  -99.000  -999
OBS: 6796  56465.516     9.00   0.0000e+00   2.2551e+01   8.8776e-01   0  H  0.00  1   !  -9.99000e+02  -99.000  -99.000  -999
OBS: 6796  56467.516    11.00   0.0000e+00   1.8241e+01   9.0357e-01   0  H  0.00  1   !  -9.99000e+02  -99.000  -99.000  -999
OBS: 6796  56469.516    13.00   0.0000e+00   1.5169e+01   1.0266e+00   0  H  0.00  1   !  -9.99000e+02  -99.000  -99.000  -999
OBS: 6796  56471.516    15.00   0.0000e+00   1.3459e+01   1.1867e+00   0  H  0.00  1   !  -9.99000e+02  -99.000  -99.000  -999
OBS: 6796  56473.516    17.00   0.0000e+00   1.2965e+01   1.2802e+00   0  H  0.00  1   !  -9.99000e+02  -99.000  -99.000  -999
OBS: 6796  56475.516    19.00   0.0000e+00   1.3230e+01   1.2511e+00   0  H  0.00  1   !  -9.99000e+02  -99.000  -99.000  -999
OBS: 6796  56477.516    21.00   0.0000e+00   1.3731e+01   1.2014e+00   0  H  0.00  1   !  -9.99000e+02  -99.000  -99.000  -999
OBS: 6796  56479.516    23.00   0.0000e+00   1.4677e+01   1.2713e+00   0  H  0.00  1   !  -9.99000e+02  -99.000  -99.000  -999
OBS: 6796  56481.516    25.00   0.0000e+00   1.5943e+01   1.3474e+00   0  H  0.00  1   !  -9.99000e+02  -99.000  -99.000  -999
OBS: 6796  56483.516    27.00   0.0000e+00   1.7821e+01   1.3760e+00   0  H  0.00  1   !  -9.99000e+02  -99.000  -99.000  -999
OBS: 6796  56485.516    29.00   0.0000e+00   2.0201e+01   1.5088e+00   0  H  0.00  1   !  -9.99000e+02  -99.000  -99.000  -999
OBS: 6796  56487.516    31.00   0.0000e+00   2.2404e+01   1.6023e+00   0  H  0.00  1   !  -9.99000e+02  -99.000  -99.000  -999
OBS: 6796  56489.516    33.00   0.0000e+00   2.3891e+01   1.6264e+00   0  H  0.00  1   !  -9.99000e+02  -99.000  -99.000  -999
OBS: 6796  56491.516    35.00   0.0000e+00   2.4436e+01   1.7093e+00   0  H  0.00  1   !  -9.99000e+02  -99.000  -99.000  -999
OBS: 6796  56493.516    37.00   0.0000e+00   2.3970e+01   1.7478e+00   0  H  0.00  1   !  -9.99000e+02  -99.000  -99.000  -999
OBS: 6796  56495.516    39.00   0.0000e+00   2.3155e+01   1.6042e+00   0  H  0.00  1   !  -9.99000e+02  -99.000  -99.000  -999
OBS: 6796  56497.516    41.00   0.0000e+00   2.2421e+01   1.4647e+00   0  H  0.00  1   !  -9.99000e+02  -99.000  -99.000  -999
OBS: 6796  56499.516    43.00   0.0000e+00   2.2055e+01   1.5032e+00   0  H  0.00  1   !  -9.99000e+02  -99.000  -99.000  -999
OBS: 6796  56501.516    45.00   0.0000e+00   2.1472e+01   1.5784e+00   0  H  0.00  1   !  -9.99000e+02  -99.000  -99.000  -999
OBS: 6796  56503.516    47.00   0.0000e+00   2.0273e+01   1.8172e+00   0  H  0.00  1   !  -9.99000e+02  -99.000  -99.000  -999
OBS: 6796  56505.516    49.00   0.0000e+00   1.8306e+01   2.2234e+00   0  H  0.00  1   !  -9.99000e+02  -99.000  -99.000  -999
OBS: 6796  56507.516    51.00   0.0000e+00   1.6090e+01   2.3228e+00   0  H  0.00  1   !  -9.99000e+02  -99.000  -99.000  -999
OBS: 6796  56509.516    53.00   0.0000e+00   1.3844e+01   2.0367e+00   0  H  0.00  1   !  -9.99000e+02  -99.000  -99.000  -999
OBS: 6796  56511.516    55.00   0.0000e+00   1.1894e+01   1.9617e+00   0  H  0.00  1   !  -9.99000e+02  -99.000  -99.000  -999
OBS: 6796  56513.516    57.00   0.0000e+00   1.0626e+01   2.2933e+00   0  H  0.00  1   !  -9.99000e+02  -99.000  -99.000  -999
OBS: 6796  56515.516    59.00   0.0000e+00   9.8751e+00   2.5512e+00   0  H  0.00  1   !  -9.99000e+02  -99.000  -99.000  -999
OBS: 6796  56517.516    61.00   0.0000e+00   9.2985e+00   2.5520e+00   0  H  0.00  1   !  -9.99000e+02  -99.000  -99.000  -999
OBS: 6796  56519.516    63.00   0.0000e+00   8.5772e+00   2.5453e+00   0  H  0.00  1   !  -9.99000e+02  -99.000  -99.000  -999
OBS: 6796  56521.516    65.00   0.0000e+00   7.7419e+00   2.6250e+00   0  H  0.00  1   !  -9.99000e+02  -99.000  -99.000  -999
OBS: 6796  56523.516    67.00   0.0000e+00   6.9812e+00   3.6268e+00   0  H  0.00  1   !  -9.99000e+02  -99.000  -99.000  -999
OBS: 6796  56525.516    69.00   0.0000e+00   6.4012e+00   3.8530e+00   0  H  0.00  1   !  -9.99000e+02  -99.000  -99.000  -999
OBS: 6796  56527.516    71.00   0.0000e+00   5.8071e+00   3.4953e+00   0  H  0.00  1   !  -9.99000e+02  -99.000  -99.000  -999
OBS: 6796  56529.516    73.00   0.0000e+00   5.2450e+00   3.1570e+00   0  H  0.00  1   !  -9.99000e+02  -99.000  -99.000  -999
OBS: 6796  56531.516    75.00   0.0000e+00   4.6850e+00   2.8200e+00   0  H  0.00  1   !  -9.99000e+02  -99.000  -99.000  -999
OBS: 6796  56533.516    77.00   0.0000e+00   4.1996e+00   2.5278e+00   0  H  0.00  1   !  -9.99000e+02  -99.000  -99.000  -999
OBS: 6796  56535.516    79.00   0.0000e+00   3.6940e+00   2.2234e+00   0  H  0.00  1   !  -9.99000e+02  -99.000  -99.000  -999
OBS: 6796  56537.516    81.00   0.0000e+00   2.9076e+00   1.7501e+00   0  H  0.00  1   !  -9.99000e+02  -99.000  -99.000  -999
OBS: 6796  56539.516    83.00   0.0000e+00   2.4085e+00   1.4497e+00   0  H  0.00  1   !  -9.99000e+02  -99.000  -99.000  -999
OBS: 6796  56541.516    85.00   0.0000e+00   2.0699e+00   1.2459e+00   0  H  0.00  1   !  -9.99000e+02  -99.000  -99.000  -999
OBS: 6796  56543.516    87.00   0.0000e+00   1.8118e+00   1.0905e+00   0  H  0.00  1   !  -9.99000e+02  -99.000  -99.000  -999
OBS: 6796  56545.516    89.00   0.0000e+00   1.5892e+00   9.5658e-01   0  H  0.00  1   !  -9.99000e+02  -99.000  -99.000  -999
OBS: 6796  56547.516    91.00   0.0000e+00   1.3841e+00   8.3311e-01   0  H  0.00  1   !  -9.99000e+02  -99.000  -99.000  -999
OBS: 6796  56549.516    93.00   0.0000e+00   1.1932e+00   7.1819e-01   0  H  0.00  1   !  -9.99000e+02  -99.000  -99.000  -999
OBS: 6796  56551.516    95.00   0.0000e+00   1.0120e+00   6.0913e-01   0  H  0.00  1   !  -9.99000e+02  -99.000  -99.000  -999
OBS: 6796  56553.516    97.00   0.0000e+00   8.3463e-01   5.0237e-01   0  H  0.00  1   !  -9.99000e+02  -99.000  -99.000  -999
OBS: 6796  56555.516    99.00   0.0000e+00   7.2326e-01   4.3534e-01   0  H  0.00  1   !  -9.99000e+02  -99.000  -99.000  -999
OBS: 6796  56557.516   101.00   0.0000e+00   6.2694e-01   3.7736e-01   0  H  0.00  1   !  -9.99000e+02  -99.000  -99.000  -999
OBS: 6796  56559.516   103.00   0.0000e+00   5.4366e-01   3.2723e-01   0  H  0.00  1   !  -9.99000e+02  -99.000  -99.000  -999
OBS: 6796  56561.516   105.00   0.0000e+00   4.7160e-01   2.8386e-01   0  H  0.00  1   !  -9.99000e+02  -99.000  -99.000  -999
OBS: 6796  56563.516   107.00   0.0000e+00   4.0886e-01   2.4610e-01   0  H  0.00  1   !  -9.99000e+02  -99.000  -99.000  -999
OBS: 6796  56565.516   109.00   0.0000e+00   3.5389e-01   2.1301e-01   0  H  0.00  1   !  -9.99000e+02  -99.000  -99.000  -999
OBS: 6796  56567.516   111.00   0.0000e+00   3.0558e-01   1.8393e-01   0  H  0.00  1   !  -9.99000e+02  -99.000  -99.000  -999
OBS: 6796  56569.516   113.00   0.0000e+00   2.6719e-01   1.6083e-01   0  H  0.00  1   !  -9.99000e+02  -99.000  -99.000  -999
OBS: 6796  56571.516   115.00   0.0000e+00   2.3409e-01   1.4090e-01   0  H  0.00  1   !  -9.99000e+02  -99.000  -99.000  -999
OBS: 6796  56573.516   117.00   0.0000e+00   2.0508e-01   1.2344e-01   0  H  0.00  1   !  -9.99000e+02  -99.000  -99.000  -999
OBS: 6796  56575.516   119.00   0.0000e+00   1.7967e-01   1.0815e-01   0  H  0.00  1   !  -9.99000e+02  -99.000  -99.000  -999
OBS: 6796  56577.516   121.00   0.0000e+00   1.5741e-01   9.4745e-02   0  H  0.00  1   !  -9.99000e+02  -99.000  -99.000  -999
OBS: 6796  56579.516   123.00   0.0000e+00   1.3790e-01   8.3006e-02   0  H  0.00  1   !  -9.99000e+02  -99.000  -99.000  -999
OBS: 6796  56581.516   125.00   0.0000e+00   1.2082e-01   7.2721e-02   0  H  0.00  1   !  -9.99000e+02  -99.000  -99.000  -999
OBS: 6796  56583.516   127.00   0.0000e+00   1.0585e-01   6.3710e-02   0  H  0.00  1   !  -9.99000e+02  -99.000  -99.000  -999
OBS: 6796  56585.516   129.00   0.0000e+00   9.2731e-02   5.5816e-02   0  H  0.00  1   !  -9.99000e+02  -99.000  -99.000  -999
OBS: 6796  56587.516   131.00   0.0000e+00   8.1241e-02   4.8900e-02   0  H  0.00  1   !  -9.99000e+02  -99.000  -99.000  -999
OBS: 6796  56589.516   133.00   0.0000e+00   7.1175e-02   4.2841e-02   0  H  0.00  1   !  -9.99000e+02  -99.000  -99.000  -999
OBS: 6796  56591.516   135.00   0.0000e+00   6.2356e-02   3.7533e-02   0  H  0.00  1   !  -9.99000e+02  -99.000  -99.000  -999
OBS: 6796  56593.516   137.00   0.0000e+00   5.4629e-02   3.2882e-02   0  H  0.00  1   !  -9.99000e+02  -99.000  -99.000  -999
OBS: 6796  56595.516   139.00   0.0000e+00   4.7860e-02   2.8808e-02   0  H  0.00  1   !  -9.99000e+02  -99.000  -99.000  -999
