VARNAMES: CID MJD Tobs SIM_FLUXCAL FLUXCAL FLUXCAL_ERR DATAFLAG BAND CHI2 IFIT BAND_REST FLUX_REST KCOR AVWARP SIM_FLUX_REST 
OBS: 7800  56320.574    15.67   3.4342e+01   3.4221e+01   4.3402e-01   1  J  0.08  1   i  1.18239e+18  -0.326  -1.454  1.00000e+11
OBS: 7800  56325.691    20.79   3.5820e+01   3.6040e+01   4.4555e-01   1  J  0.01  1   i  1.08517e+18  -0.476  -1.046  1.00000e+11
OBS: 7800  56333.598    28.70   4.6445e+01   4.6549e+01   5.1272e-01   1  J  0.00  1   i  1.25442e+18  -0.596  -0.768  1.00000e+11
OBS: 7800  56350.406    45.51   3.5957e+01   3.5779e+01   4.4450e-01   1  J  0.10  1   i  9.99743e+17  -0.557  -0.366  1.00000e+11
OBS: 7800  56245.902   -59.00   0.0000e+00   0.0000e+00   0.0000e+00   0  J  0.00  1   !  -9.99000e+02  -99.000  -99.000  -999
OBS: 7800  56247.902   -57.00   0.0000e+00   0.0000e+00   0.0000e+00   0  J  0.00  1   !  -9.99000e+02  -99.000  -99.000  -999
OBS: 7800  56249.902   -55.00   0.0000e+00   0.0000e+00   0.0000e+00   0  J  0.00  1   !  -9.99000e+02  -99.000  -99.000  -999
OBS: 7800  56251.902   -53.00   0.0000e+00   0.0000e+00   0.0000e+00   0  J  0.00  1   !  -9.99000e+02  -99.000  -99.000  -999
OBS: 7800  56253.902   -51.00   0.0000e+00   0.0000e+00   0.0000e+00   0  J  0.00  1   !  -9.99000e+02  -99.000  -99.000  -999
OBS: 7800  56255.902   -49.00   0.0000e+00   0.0000e+00   0.0000e+00   0  J  0.00  1   !  -9.99000e+02  -99.000  -99.000  -999
OBS: 7800  56257.902   -47.00   0.0000e+00   0.0000e+00   0.0000e+00   0  J  0.00  1   !  -9.99000e+02  -99.000  -99.000  -999
OBS: 7800  56259.902   -45.00   0.0000e+00   0.0000e+00   0.0000e+00   0  J  0.00  1   !  -9.99000e+02  -99.000  -99.000  -999
OBS: 7800  56261.902   -43.00   0.0000e+00   0.0000e+00   0.0000e+00   0  J  0.00  1   !  -9.99000e+02  -99.000  -99.000  -999
OBS: 7800  56263.902   -41.00   0.0000e+00   0.0000e+00   0.0000e+00   0  J  0.00  1   !  -9.99000e+02  -99.000  -99.000  -999
OBS: 7800  56265.902   -39.00   0.0000e+00   0.0000e+00   0.0000e+00   0  J  0.00  1   !  -9.99000e+02  -99.000  -99.000  -999
OBS: 7800  56267.902   -37.00   0.0000e+00   0.0000e+00   0.0000e+00   0  J  0.00  1   !  -9.99000e+02  -99.000  -99.000  -999
OBS: 7800  56269.902   -35.00   0.0000e+00   0.0000e+00   0.0000e+00   0  J  0.00  1   !  -9.99000e+02  -99.000  -99.000  -999
OBS: 7800  56271.902   -33.00   0.0000e+00   0.0000e+00   0.0000e+00   0  J  0.00  1   !  -9.99000e+02  -99.000  -99.000  -999
OBS: 7800  56273.902   -31.00   0.0000e+00   0.0000e+00   0.0000e+00   0  J  0.00  1   !  -9.99000e+02  -99.000  -99.000  -999
OBS: 7800  56275.902   -29.00   0.0000e+00   0.0000e+00   0.0000e+00   0  J  0.00  1   !  -9.99000e+02  -99.000  -99.000  -999
OBS: 7800  56277.902   -27.00   0.0000e+00   0.0000e+00   0.0000e+00   0  J  0.00  1   !  -9.99000e+02  -99.000  -99.000  -999
OBS: 7800  56279.902   -25.00   0.0000e+00   0.0000e+00   0.0000e+00   0  J  0.00  1   !  -9.99000e+02  -99.000  -99.000  -999
OBS: 7800  56281.902   -23.00   0.0000e+00   0.0000e+00   0.0000e+00   0  J  0.00  1   !  -9.99000e+02  -99.000  -99.000  -999
OBS: 7800  56283.902   -21.00   0.0000e+00   0.0000e+00   0.0000e+00   0  J  0.00  1   !  -9.99000e+02  -99.000  -99.000  -999
OBS: 7800  56285.902   -19.00   0.0000e+00   1.0589e+01   3.3437e+00   0  J  0.00  1   !  -9.99000e+02  -99.000  -99.000  -999
OBS: 7800  56287.902   -17.00   0.0000e+00   2.0619e+01   1.3096e+00   0  J  0.00  1   !  -9.99000e+02  -99.000  -99.000  -999
OBS: 7800  56289.902   -15.00   0.0000e+00   3.0042e+01   9.0595e-01   0  J  0.00  1   !  -9.99000e+02  -99.000  -99.000  -999
OBS: 7800  56291.902   -13.00   0.0000e+00   3.8900e+01   7.7700e-01   0  J  0.00  1   !  -9.99000e+02  -99.000  -99.000  -999
OBS: 7800  56293.902   -11.00   0.0000e+00   4.7055e+01   7.8312e-01   0  J  0.00  1   !  -9.99000e+02  -99.000  -99.000  -999
OBS: 7800  56295.902    -9.00   0.0000e+00   5.3999e+01   8.2079e-01   0  J  0.00  1   !  -9.99000e+02  -99.000  -99.000  -999
OBS: 7800  56297.902    -7.00   0.0000e+00   5.9088e+01   8.3859e-01   0  J  0.00  1   !  -9.99000e+02  -99.000  -99.000  -999
OBS: 7800  56299.902    -5.00   0.0000e+00   6.1275e+01   8.0864e-01   0  J  0.00  1   !  -9.99000e+02  -99.000  -99.000  -999
OBS: 7800  56301.902    -3.00   0.0000e+00   6.0452e+01   8.1819e-01   0  J  0.00  1   !  -9.99000e+02  -99.000  -99.000  -999
OBS: 7800  56303.902    -1.00   0.0000e+00   5.7486e+01   7.9894e-01   0  J  0.00  1   !  -9.99000e+02  -99.000  -99.000  -999
OBS: 7800  56305.902     1.00   0.0000e+00   5.3652e+01   7.9281e-01   0  J  0.00  1   !  -9.99000e+02  -99.000  -99.000  -999
OBS: 7800  56307.902     3.00   0.0000e+00   4.9676e+01   7.8449e-01   0  J  0.00  1   !  -9.99000e+02  -99.000  -99.000  -999
OBS: 7800  56309.902     5.00   0.0000e+00   4.5854e+01   7.5509e-01   0  J  0.00  1   !  -9.99000e+02  -99.000  -99.000  -999
OBS: 7800  56311.902     7.00   0.0000e+00   4.2580e+01   7.2999e-01   0  J  0.00  1   !  -9.99000e+02  -99.000  -99.000  -999
OBS: 7800  56313.902     9.00   0.0000e+00   3.9530e+01   7.2048e-01   0  J  0.00  1   !  -9.99000e+02  -99.000  -99.000  -999
OBS: 7800  56315.902    11.00   0.0000e+00   3.6984e+01   7.1488e-01   0  J  0.00  1   !  -9.99000e+02  -99.000  -99.000  -999
OBS: 7800  56317.902    13.00   0.0000e+00   3.5337e+01   7.5366e-01   0  J  0.00  1   !  -9.99000e+02  -99.000  -99.000  -999
OBS: 7800  56319.902    15.00   0.0000e+00   3.4587e+01   7.9251e-01   0  J  0.00  1   !  -9.99000e+02  -99.000  -99.000  -999
OBS: 7800  56321.902    17.00   0.0000e+00   3.4417e+01   8.1155e-01   0  J  0.00  1   !  -9.99000e+02  -99.000  -99.000  -999
OBS: 7800  56323.902    19.00   0.0000e+00   3.4787e+01   8.7221e-01   0  J  0.00  1   !  -9.99000e+02  -99.000  -99.000  -999
OBS: 7800  56325.902    21.00   0.0000e+00   3.6162e+01   9.6678e-01   0  J  0.00  1   !  -9.99000e+02  -99.000  -99.000  -999
OBS: 7800  56327.902    23.00   0.0000e+00   3.8688e+01   1.0451e+00   0  J  0.00  1   !  -9.99000e+02  -99.000  -99.000  -999
OBS: 7800  56329.902    25.00   0.0000e+00   4.1564e+01   1.1228e+00   0  J  0.00  1   !  -9.99000e+02  -99.000  -99.000  -999
OBS: 7800  56331.902    27.00   0.0000e+00   4.4612e+01   1.1727e+00   0  J  0.00  1   !  -9.99000e+02  -99.000  -99.000  -999
OBS: 7800  56333.902    29.00   0.0000e+00   4.6748e+01   1.1407e+00   0  J  0.00  1   !  -9.99000e+02  -99.000  -99.000  -999
OBS: 7800  56335.902    31.00   0.0000e+00   4.7557e+01   1.0994e+00   0  J  0.00  1   !  -9.99000e+02  -99.000  -99.000  -999
OBS: 7800  56337.902    33.00   0.0000e+00   4.7974e+01   1.0560e+00   0  J  0.00  1   !  -9.99000e+02  -99.000  -99.000  -999
OBS: 7800  56339.902    35.00   0.0000e+00   4.8671e+01   1.0894e+00   0  J  0.00  1   !  -9.99000e+02  -99.000  -99.000  -999
OBS: 7800  56341.902    37.00   0.0000e+00   4.8560e+01   1.1429e+00   0  J  0.00  1   !  -9.99000e+02  -99.000  -99.000  -999
OBS: 7800  56343.902    39.00   0.0000e+00   4.6990e+01   1.1215e+00   0  J  0.00  1   !  -9.99000e+02  -99.000  -99.000  -999
OBS: 7800  56345.902    41.00   0.0000e+00   4.4016e+01   1.0782e+00   0  J  0.00  1   !  -9.99000e+02  -99.000  -99.000  -999
OBS: 7800  56347.902    43.00   0.0000e+00   4.0595e+01   1.0296e+00   0  J  0.00  1   !  -9.99000e+02  -99.000  -99.000  -999
OBS: 7800  56349.902    45.00   0.0000e+00   3.6973e+01   1.0084e+00   0  J  0.00  1   !  -9.99000e+02  -99.000  -99.000  -999
OBS: 7800  56351.902    47.00   0.0000e+00   3.3547e+01   1.0583e+00   0  J  0.00  1   !  -9.99000e+02  -99.000  -99.000  -999
OBS: 7800  56353.902    49.00   0.0000e+00   3.0178e+01   1.1066e+00   0  J  0.00  1   !  -9.99000e+02  -99.000  -99.000  -999
OBS: 7800  56355.902    51.00   0.0000e+00   2.7336e+01   1.0569e+00   0  J  0.00  1   !  -9.99000e+02  -99.000  -99.000  -999
OBS: 7800  56357.902    53.00   0.0000e+00   2.5158e+01   9.8122e-01   0  J  0.00  1   !  -9.99000e+02  -99.000  -99.000  -999
OBS: 7800  56359.902    55.00   0.0000e+00   2.3049e+01   9.3123e-01   0  J  0.00  1   !  -9.99000e+02  -99.000  -99.000  -999
OBS: 7800  56361.902    57.00   0.0000e+00   2.1012e+01   9.1438e-01   0  J  0.00  1   !  -9.99000e+02  -99.000  -99.000  -999
OBS: 7800  56363.902    59.00   0.0000e+00   1.9060e+01   8.8157e-01   0  J  0.00  1   !  -9.99000e+02  -99.000  -99.000  -999
OBS: 7800  56365.902    61.00   0.0000e+00   1.7270e+01   8.4036e-01   0  J  0.00  1   !  -9.99000e+02  -99.000  -99.000  -999
OBS: 7800  56367.902    63.00   0.0000e+00   1.5657e+01   8.4084e-01   0  J  0.00  1   !  -9.99000e+02  -99.000  -99.000  -999
OBS: 7800  56369.902    65.00   0.0000e+00   1.4240e+01   9.0467e-01   0  J  0.00  1   !  -9.99000e+02  -99.000  -99.000  -999
OBS: 7800  56371.902    67.00   0.0000e+00   1.3005e+01   9.6661e-01   0  J  0.00  1   !  -9.99000e+02  -99.000  -99.000  -999
OBS: 7800  56373.902    69.00   0.0000e+00   1.1944e+01   9.7037e-01   0  J  0.00  1   !  -9.99000e+02  -99.000  -99.000  -999
OBS: 7800  56375.902    71.00   0.0000e+00   1.0958e+01   9.3023e-01   0  J  0.00  1   !  -9.99000e+02  -99.000  -99.000  -999
OBS: 7800  56377.902    73.00   0.0000e+00   1.0032e+01   9.0357e-01   0  J  0.00  1   !  -9.99000e+02  -99.000  -99.000  -999
OBS: 7800  56379.902    75.00   0.0000e+00   9.2020e+00   9.0661e-01   0  J  0.00  1   !  -9.99000e+02  -99.000  -99.000  -999
OBS: 7800  56381.902    77.00   0.0000e+00   8.6562e+00   8.8444e-01   0  J  0.00  1   !  -9.99000e+02  -99.000  -99.000  -999
OBS: 7800  56383.902    79.00   0.0000e+00   8.2743e+00   8.5070e-01   0  J  0.00  1   !  -9.99000e+02  -99.000  -99.000  -999
OBS: 7800  56385.902    81.00   0.0000e+00   7.9053e+00   8.5520e-01   0  J  0.00  1   !  -9.99000e+02  -99.000  -99.000  -999
OBS: 7800  56387.902    83.00   0.0000e+00   7.5614e+00   9.0240e-01   0  J  0.00  1   !  -9.99000e+02  -99.000  -99.000  -999
OBS: 7800  56389.902    85.00   0.0000e+00   7.2567e+00   9.1071e-01   0  J  0.00  1   !  -9.99000e+02  -99.000  -99.000  -999
OBS: 7800  56391.902    87.00   0.0000e+00   6.6920e+00   8.2710e-01   0  J  0.00  1   !  -9.99000e+02  -99.000  -99.000  -999
OBS: 7800  56393.902    89.00   0.0000e+00   5.9064e+00   7.1072e-01   0  J  0.00  1   !  -9.99000e+02  -99.000  -99.000  -999
OBS: 7800  56395.902    91.00   0.0000e+00   5.2150e+00   6.9630e-01   0  J  0.00  1   !  -9.99000e+02  -99.000  -99.000  -999
OBS: 7800  56397.902    93.00   0.0000e+00   4.6321e+00   8.2625e-01   0  J  0.00  1   !  -9.99000e+02  -99.000  -99.000  -999
OBS: 7800  56399.902    95.00   0.0000e+00   4.1699e+00   1.6751e+00   0  J  0.00  1   !  -9.99000e+02  -99.000  -99.000  -999
OBS: 7800  56401.902    97.00   0.0000e+00   3.8154e+00   2.2965e+00   0  J  0.00  1   !  -9.99000e+02  -99.000  -99.000  -999
OBS: 7800  56403.902    99.00   0.0000e+00   3.5498e+00   2.1366e+00   0  J  0.00  1   !  -9.99000e+02  -99.000  -99.000  -999
OBS: 7800  56405.902   101.00   0.0000e+00   3.3417e+00   2.0114e+00   0  J  0.00  1   !  -9.99000e+02  -99.000  -99.000  -999
OBS: 7800  56407.902   103.00   0.0000e+00   3.1502e+00   1.8961e+00   0  J  0.00  1   !  -9.99000e+02  -99.000  -99.000  -999
OBS: 7800  56409.902   105.00   0.0000e+00   2.9778e+00   1.7924e+00   0  J  0.00  1   !  -9.99000e+02  -99.000  -99.000  -999
OBS: 7800  56411.902   107.00   0.0000e+00   2.8035e+00   1.6874e+00   0  J  0.00  1   !  -9.99000e+02  -99.000  -99.000  -999
OBS: 7800  56413.902   109.00   0.0000e+00   2.6305e+00   1.5833e+00   0  J  0.00  1   !  -9.99000e+02  -99.000  -99.000  -999
OBS: 7800  56415.902   111.00   0.0000e+00   2.4683e+00   1.4857e+00   0  J  0.00  1   !  -9.99000e+02  -99.000  -99.000  -999
OBS: 7800  56417.902   113.00   0.0000e+00   2.3188e+00   1.3957e+00   0  J  0.00  1   !  -9.99000e+02  -99.000  -99.000  -999
OBS: 7800  56419.902   115.00   0.0000e+00   2.1783e+00   1.3111e+00   0  J  0.00  1   !  -9.99000e+02  -99.000  -99.000  -999
OBS: 7800  56421.902   117.00   0.0000e+00   2.0481e+00   1.2328e+00   0  J  0.00  1   !  -9.99000e+02  -99.000  -99.000  -999
OBS: 7800  56423.902   119.00   0.0000e+00   1.9279e+00   1.1604e+00   0  J  0.00  1   !  -9.99000e+02  -99.000  -99.000  -999
OBS: 7800  56425.902   121.00   0.0000e+00   1.8164e+00   1.0933e+00   0  J  0.00  1   !  -9.99000e+02  -99.000  -99.000  -999
OBS: 7800  56427.902   123.00   0.0000e+00   1.7275e+00   1.0398e+00   0  J  0.00  1   !  -9.99000e+02  -99.000  -99.000  -999
OBS: 7800  56429.902   125.00   0.0000e+00   1.6493e+00   9.9272e-01   0  J  0.00  1   !  -9.99000e+02  -99.000  -99.000  -999
OBS: 7800  56431.902   127.00   0.0000e+00   1.5747e+00   9.4785e-01   0  J  0.00  1   !  -9.99000e+02  -99.000  -99.000  -999
OBS: 7800  56433.902   129.00   0.0000e+00   1.5036e+00   9.0505e-01   0  J  0.00  1   !  -9.99000e+02  -99.000  -99.000  -999
OBS: 7800  56435.902   131.00   0.0000e+00   1.4356e+00   8.6413e-01   0  J  0.00  1   !  -9.99000e+02  -99.000  -99.000  -999
OBS: 7800  56437.902   133.00   0.0000e+00   1.3707e+00   8.2502e-01   0  J  0.00  1   !  -9.99000e+02  -99.000  -99.000  -999
OBS: 7800  56439.902   135.00   0.0000e+00   1.3087e+00   7.8769e-01   0  J  0.00  1   !  -9.99000e+02  -99.000  -99.000  -999
OBS: 7800  56441.902   137.00   0.0000e+00   1.2498e+00   7.5225e-01   0  J  0.00  1   !  -9.99000e+02  -99.000  -99.000  -999
OBS: 7800  56443.902   139.00   0.0000e+00   1.1936e+00   7.1843e-01   0  J  0.00  1   !  -9.99000e+02  -99.000  -99.000  -999
OBS: 7800  56320.578    15.68   1.4939e+01   1.5120e+01   3.4432e-01   1  H  0.03  1   Y  1.01925e+18  0.399  -0.878  1.00000e+11
OBS: 7800  56325.695    20.79   1.6309e+01   1.6273e+01   3.5497e-01   1  H  0.01  1   Y  1.12817e+18  0.430  -1.089  1.00000e+11
OBS: 7800  56333.602    28.70   2.2917e+01   2.3191e+01   4.1321e-01   1  H  0.07  1   Y  1.64118e+18  0.452  -1.376  1.00000e+11
OBS: 7800  56350.410    45.51   3.0858e+01   3.1287e+01   4.7508e-01   1  H  0.11  1   Y  2.21170e+18  0.451  -0.568  1.00000e+11
OBS: 7800  56245.902   -59.00   0.0000e+00   0.0000e+00   0.0000e+00   0  H  0.00  1   !  -9.99000e+02  -99.000  -99.000  -999
OBS: 7800  56247.902   -57.00   0.0000e+00   0.0000e+00   0.0000e+00   0  H  0.00  1   !  -9.99000e+02  -99.000  -99.000  -999
OBS: 7800  56249.902   -55.00   0.0000e+00   0.0000e+00   0.0000e+00   0  H  0.00  1   !  -9.99000e+02  -99.000  -99.000  -999
OBS: 7800  56251.902   -53.00   0.0000e+00   0.0000e+00   0.0000e+00   0  H  0.00  1   !  -9.99000e+02  -99.000  -99.000  -999
OBS: 7800  56253.902   -51.00   0.0000e+00   0.0000e+00   0.0000e+00   0  H  0.00  1   !  -9.99000e+02  -99.000  -99.000  -999
OBS: 7800  56255.902   -49.00   0.0000e+00   0.0000e+00   0.0000e+00   0  H  0.00  1   !  -9.99000e+02  -99.000  -99.000  -999
OBS: 7800  56257.902   -47.00   0.0000e+00   0.0000e+00   0.0000e+00   0  H  0.00  1   !  -9.99000e+02  -99.000  -99.000  -999
OBS: 7800  56259.902   -45.00   0.0000e+00   0.0000e+00   0.0000e+00   0  H  0.00  1   !  -9.99000e+02  -99.000  -99.000  -999
OBS: 7800  56261.902   -43.00   0.0000e+00   0.0000e+00   0.0000e+00   0  H  0.00  1   !  -9.99000e+02  -99.000  -99.000  -999
OBS: 7800  56263.902   -41.00   0.0000e+00   0.0000e+00   0.0000e+00   0  H  0.00  1   !  -9.99000e+02  -99.000  -99.000  -999
OBS: 7800  56265.902   -39.00   0.0000e+00   0.0000e+00   0.0000e+00   0  H  0.00  1   !  -9.99000e+02  -99.000  -99.000  -999
OBS: 7800  56267.902   -37.00   0.0000e+00   0.0000e+00   0.0000e+00   0  H  0.00  1   !  -9.99000e+02  -99.000  -99.000  -999
OBS: 7800  56269.902   -35.00   0.0000e+00   0.0000e+00   0.0000e+00   0  H  0.00  1   !  -9.99000e+02  -99.000  -99.000  -999
OBS: 7800  56271.902   -33.00   0.0000e+00   0.0000e+00   0.0000e+00   0  H  0.00  1   !  -9.99000e+02  -99.000  -99.000  -999
OBS: 7800  56273.902   -31.00   0.0000e+00   0.0000e+00   0.0000e+00   0  H  0.00  1   !  -9.99000e+02  -99.000  -99.000  -999
OBS: 7800  56275.902   -29.00   0.0000e+00   0.0000e+00   0.0000e+00   0  H  0.00  1   !  -9.99000e+02  -99.000  -99.000  -999
OBS: 7800  56277.902   -27.00   0.0000e+00   2.4060e+00   1.4482e+00   0  H  0.00  1   !  -9.99000e+02  -99.000  -99.000  -999
OBS: 7800  56279.902   -25.00   0.0000e+00   2.5219e+00   1.5180e+00   0  H  0.00  1   !  -9.99000e+02  -99.000  -99.000  -999
OBS: 7800  56281.902   -23.00   0.0000e+00   2.5235e+00   1.5189e+00   0  H  0.00  1   !  -9.99000e+02  -99.000  -99.000  -999
OBS: 7800  56283.902   -21.00   0.0000e+00   3.5067e+00   1.8614e+00   0  H  0.00  1   !  -9.99000e+02  -99.000  -99.000  -999
OBS: 7800  56285.902   -19.00   0.0000e+00   9.9901e+00   2.1783e+00   0  H  0.00  1   !  -9.99000e+02  -99.000  -99.000  -999
OBS: 7800  56287.902   -17.00   0.0000e+00   1.6955e+01   1.3966e+00   0  H  0.00  1   !  -9.99000e+02  -99.000  -99.000  -999
OBS: 7800  56289.902   -15.00   0.0000e+00   2.3672e+01   1.0584e+00   0  H  0.00  1   !  -9.99000e+02  -99.000  -99.000  -999
OBS: 7800  56291.902   -13.00   0.0000e+00   2.9977e+01   9.2950e-01   0  H  0.00  1   !  -9.99000e+02  -99.000  -99.000  -999
OBS: 7800  56293.902   -11.00   0.0000e+00   3.5032e+01   8.7384e-01   0  H  0.00  1   !  -9.99000e+02  -99.000  -99.000  -999
OBS: 7800  56295.902    -9.00   0.0000e+00   3.8620e+01   8.0793e-01   0  H  0.00  1   !  -9.99000e+02  -99.000  -99.000  -999
OBS: 7800  56297.902    -7.00   0.0000e+00   4.0326e+01   7.5759e-01   0  H  0.00  1   !  -9.99000e+02  -99.000  -99.000  -999
OBS: 7800  56299.902    -5.00   0.0000e+00   3.9729e+01   7.7840e-01   0  H  0.00  1   !  -9.99000e+02  -99.000  -99.000  -999
OBS: 7800  56301.902    -3.00   0.0000e+00   3.7523e+01   8.2007e-01   0  H  0.00  1   !  -9.99000e+02  -99.000  -99.000  -999
OBS: 7800  56303.902    -1.00   0.0000e+00   3.4167e+01   8.6100e-01   0  H  0.00  1   !  -9.99000e+02  -99.000  -99.000  -999
OBS: 7800  56305.902     1.00   0.0000e+00   3.0126e+01   8.4786e-01   0  H  0.00  1   !  -9.99000e+02  -99.000  -99.000  -999
OBS: 7800  56307.902     3.00   0.0000e+00   2.6199e+01   8.2971e-01   0  H  0.00  1   !  -9.99000e+02  -99.000  -99.000  -999
OBS: 7800  56309.902     5.00   0.0000e+00   2.2910e+01   8.6286e-01   0  H  0.00  1   !  -9.99000e+02  -99.000  -99.000  -999
OBS: 7800  56311.902     7.00   0.0000e+00   2.0399e+01   8.7227e-01   0  H  0.00  1   !  -9.99000e+02  -99.000  -99.000  -999
OBS: 7800  56313.902     9.00   0.0000e+00   1.8309e+01   8.2557e-01   0  H  0.00  1   !  -9.99000e+02  -99.000  -99.000  -999
OBS: 7800  56315.902    11.00   0.0000e+00   1.6684e+01   7.7241e-01   0  H  0.00  1   !  -9.99000e+02  -99.000  -99.000  -999
OBS: 7800  56317.902    13.00   0.0000e+00   1.5588e+01   7.2965e-01   0  H  0.00  1   !  -9.99000e+02  -99.000  -99.000  -999
OBS: 7800  56319.902    15.00   0.0000e+00   1.5076e+01   7.2509e-01   0  H  0.00  1   !  -9.99000e+02  -99.000  -99.000  -999
OBS: 7800  56321.902    17.00   0.0000e+00   1.5087e+01   7.3145e-01   0  H  0.00  1   !  -9.99000e+02  -99.000  -99.000  -999
OBS: 7800  56323.902    19.00   0.0000e+00   1.5613e+01   7.2068e-01   0  H  0.00  1   !  -9.99000e+02  -99.000  -99.000  -999
OBS: 7800  56325.902    21.00   0.0000e+00   1.6451e+01   6.9027e-01   0  H  0.00  1   !  -9.99000e+02  -99.000  -99.000  -999
OBS: 7800  56327.902    23.00   0.0000e+00   1.7577e+01   6.6807e-01   0  H  0.00  1   !  -9.99000e+02  -99.000  -99.000  -999
OBS: 7800  56329.902    25.00   0.0000e+00   1.9150e+01   6.8182e-01   0  H  0.00  1   !  -9.99000e+02  -99.000  -99.000  -999
OBS: 7800  56331.902    27.00   0.0000e+00   2.1090e+01   7.0032e-01   0  H  0.00  1   !  -9.99000e+02  -99.000  -99.000  -999
OBS: 7800  56333.902    29.00   0.0000e+00   2.3334e+01   7.2425e-01   0  H  0.00  1   !  -9.99000e+02  -99.000  -99.000  -999
OBS: 7800  56335.902    31.00   0.0000e+00   2.5801e+01   7.8453e-01   0  H  0.00  1   !  -9.99000e+02  -99.000  -99.000  -999
OBS: 7800  56337.902    33.00   0.0000e+00   2.8194e+01   8.8134e-01   0  H  0.00  1   !  -9.99000e+02  -99.000  -99.000  -999
OBS: 7800  56339.902    35.00   0.0000e+00   3.0058e+01   9.1648e-01   0  H  0.00  1   !  -9.99000e+02  -99.000  -99.000  -999
OBS: 7800  56341.902    37.00   0.0000e+00   3.1413e+01   8.8318e-01   0  H  0.00  1   !  -9.99000e+02  -99.000  -99.000  -999
OBS: 7800  56343.902    39.00   0.0000e+00   3.2043e+01   8.3197e-01   0  H  0.00  1   !  -9.99000e+02  -99.000  -99.000  -999
OBS: 7800  56345.902    41.00   0.0000e+00   3.2099e+01   8.1309e-01   0  H  0.00  1   !  -9.99000e+02  -99.000  -99.000  -999
OBS: 7800  56347.902    43.00   0.0000e+00   3.1794e+01   8.0536e-01   0  H  0.00  1   !  -9.99000e+02  -99.000  -99.000  -999
OBS: 7800  56349.902    45.00   0.0000e+00   3.1156e+01   8.0062e-01   0  H  0.00  1   !  -9.99000e+02  -99.000  -99.000  -999
OBS: 7800  56351.902    47.00   0.0000e+00   3.0319e+01   8.1476e-01   0  H  0.00  1   !  -9.99000e+02  -99.000  -99.000  -999
OBS: 7800  56353.902    49.00   0.0000e+00   2.9165e+01   8.4370e-01   0  H  0.00  1   !  -9.99000e+02  -99.000  -99.000  -999
OBS: 7800  56355.902    51.00   0.0000e+00   2.7668e+01   8.6923e-01   0  H  0.00  1   !  -9.99000e+02  -99.000  -99.000  -999
OBS: 7800  56357.902    53.00   0.0000e+00   2.5801e+01   9.1435e-01   0  H  0.00  1   !  -9.99000e+02  -99.000  -99.000  -999
OBS: 7800  56359.902    55.00   0.0000e+00   2.3528e+01   9.1861e-01   0  H  0.00  1   !  -9.99000e+02  -99.000  -99.000  -999
OBS: 7800  56361.902    57.00   0.0000e+00   2.1134e+01   9.4331e-01   0  H  0.00  1   !  -9.99000e+02  -99.000  -99.000  -999
OBS: 7800  56363.902    59.00   0.0000e+00   1.8828e+01   1.0317e+00   0  H  0.00  1   !  -9.99000e+02  -99.000  -99.000  -999
OBS: 7800  56365.902    61.00   0.0000e+00   1.6866e+01   1.1637e+00   0  H  0.00  1   !  -9.99000e+02  -99.000  -99.000  -999
OBS: 7800  56367.902    63.00   0.0000e+00   1.5351e+01   1.2735e+00   0  H  0.00  1   !  -9.99000e+02  -99.000  -99.000  -999
OBS: 7800  56369.902    65.00   0.0000e+00   1.4199e+01   1.2913e+00   0  H  0.00  1   !  -9.99000e+02  -99.000  -99.000  -999
OBS: 7800  56371.902    67.00   0.0000e+00   1.3196e+01   1.2438e+00   0  H  0.00  1   !  -9.99000e+02  -99.000  -99.000  -999
OBS: 7800  56373.902    69.00   0.0000e+00   1.2269e+01   1.1852e+00   0  H  0.00  1   !  -9.99000e+02  -99.000  -99.000  -999
OBS: 7800  56375.902    71.00   0.0000e+00   1.1381e+01   1.1461e+00   0  H  0.00  1   !  -9.99000e+02  -99.000  -99.000  -999
OBS: 7800  56377.902    73.00   0.0000e+00   1.0558e+01   6.3471e+00   0  H  0.00  1   !  -9.99000e+02  -99.000  -99.000  -999
OBS: 7800  56379.902    75.00   0.0000e+00   9.8340e+00   5.9192e+00   0  H  0.00  1   !  -9.99000e+02  -99.000  -99.000  -999
OBS: 7800  56381.902    77.00   0.0000e+00   9.1551e+00   5.5105e+00   0  H  0.00  1   !  -9.99000e+02  -99.000  -99.000  -999
OBS: 7800  56383.902    79.00   0.0000e+00   8.5108e+00   5.1228e+00   0  H  0.00  1   !  -9.99000e+02  -99.000  -99.000  -999
OBS: 7800  56385.902    81.00   0.0000e+00   7.8738e+00   4.7393e+00   0  H  0.00  1   !  -9.99000e+02  -99.000  -99.000  -999
OBS: 7800  56387.902    83.00   0.0000e+00   7.2573e+00   4.3683e+00   0  H  0.00  1   !  -9.99000e+02  -99.000  -99.000  -999
OBS: 7800  56389.902    85.00   0.0000e+00   6.6960e+00   4.0304e+00   0  H  0.00  1   !  -9.99000e+02  -99.000  -99.000  -999
OBS: 7800  56391.902    87.00   0.0000e+00   5.8371e+00   3.5134e+00   0  H  0.00  1   !  -9.99000e+02  -99.000  -99.000  -999
OBS: 7800  56393.902    89.00   0.0000e+00   4.9077e+00   2.9540e+00   0  H  0.00  1   !  -9.99000e+02  -99.000  -99.000  -999
OBS: 7800  56395.902    91.00   0.0000e+00   4.2127e+00   2.5356e+00   0  H  0.00  1   !  -9.99000e+02  -99.000  -99.000  -999
OBS: 7800  56397.902    93.00   0.0000e+00   3.6869e+00   2.2192e+00   0  H  0.00  1   !  -9.99000e+02  -99.000  -99.000  -999
OBS: 7800  56399.902    95.00   0.0000e+00   3.2949e+00   1.9832e+00   0  H  0.00  1   !  -9.99000e+02  -99.000  -99.000  -999
OBS: 7800  56401.902    97.00   0.0000e+00   2.9827e+00   1.7953e+00   0  H  0.00  1   !  -9.99000e+02  -99.000  -99.000  -999
OBS: 7800  56403.902    99.00   0.0000e+00   2.7315e+00   1.6441e+00   0  H  0.00  1   !  -9.99000e+02  -99.000  -99.000  -999
OBS: 7800  56405.902   101.00   0.0000e+00   2.5135e+00   1.5129e+00   0  H  0.00  1   !  -9.99000e+02  -99.000  -99.000  -999
OBS: 7800  56407.902   103.00   0.0000e+00   2.3101e+00   1.3905e+00   0  H  0.00  1   !  -9.99000e+02  -99.000  -99.000  -999
OBS: 7800  56409.902   105.00   0.0000e+00   2.1238e+00   1.2783e+00   0  H  0.00  1   !  -9.99000e+02  -99.000  -99.000  -999
OBS: 7800  56411.902   107.00   0.0000e+00   1.9646e+00   1.1825e+00   0  H  0.00  1   !  -9.99000e+02  -99.000  -99.000  -999
OBS: 7800  56413.902   109.00   0.0000e+00   1.8260e+00   1.0991e+00   0  H  0.00  1   !  -9.99000e+02  -99.000  -99.000  -999
OBS: 7800  56415.902   111.00   0.0000e+00   1.6967e+00   1.0212e+00   0  H  0.00  1   !  -9.99000e+02  -99.000  -99.000  -999
OBS: 7800  56417.902   113.00   0.0000e+00   1.5759e+00   9.4857e-01   0  H  0.00  1   !  -9.99000e+02  -99.000  -99.000  -999
OBS: 7800  56419.902   115.00   0.0000e+00   1.4632e+00   8.8069e-01   0  H  0.00  1   !  -9.99000e+02  -99.000  -99.000  -999
OBS: 7800  56421.902   117.00   0.0000e+00   1.3578e+00   8.1727e-01   0  H  0.00  1   !  -9.99000e+02  -99.000  -99.000  -999
OBS: 7800  56423.902   119.00   0.0000e+00   1.2592e+00   7.5794e-01   0  H  0.00  1   !  -9.99000e+02  -99.000  -99.000  -999
OBS: 7800  56425.902   121.00   0.0000e+00   1.1668e+00   7.0231e-01   0  H  0.00  1   !  -9.99000e+02  -99.000  -99.000  -999
OBS: 7800  56427.902   123.00   0.0000e+00   1.0840e+00   6.5245e-01   0  H  0.00  1   !  -9.99000e+02  -99.000  -99.000  -999
OBS: 7800  56429.902   125.00   0.0000e+00   1.0086e+00   6.0708e-01   0  H  0.00  1   !  -9.99000e+02  -99.000  -99.000  -999
OBS: 7800  56431.902   127.00   0.0000e+00   9.3846e-01   5.6487e-01   0  H  0.00  1   !  -9.99000e+02  -99.000  -99.000  -999
OBS: 7800  56433.902   129.00   0.0000e+00   8.7321e-01   5.2559e-01   0  H  0.00  1   !  -9.99000e+02  -99.000  -99.000  -999
OBS: 7800  56435.902   131.00   0.0000e+00   8.1249e-01   4.8905e-01   0  H  0.00  1   !  -9.99000e+02  -99.000  -99.000  -999
OBS: 7800  56437.902   133.00   0.0000e+00   7.5600e-01   4.5504e-01   0  H  0.00  1   !  -9.99000e+02  -99.000  -99.000  -999
OBS: 7800  56439.902   135.00   0.0000e+00   7.0343e-01   4.2340e-01   0  H  0.00  1   !  -9.99000e+02  -99.000  -99.000  -999
OBS: 7800  56441.902   137.00   0.0000e+00   6.5452e-01   3.9396e-01   0  H  0.00  1   !  -9.99000e+02  -99.000  -99.000  -999
OBS: 7800  56443.902   139.00   0.0000e+00   6.0901e-01   3.6657e-01   0  H  0.00  1   !  -9.99000e+02  -99.000  -99.000  -999
