VARNAMES: CID MJD Tobs SIM_FLUXCAL FLUXCAL FLUXCAL_ERR DATAFLAG BAND CHI2 IFIT BAND_REST FLUX_REST KCOR AVWARP SIM_FLUX_REST 
OBS: 3603  56523.773     3.27   8.4247e+01   8.4505e+01   1.1294e+00   1  J  0.07  1   Y  1.70558e+18  0.018  -1.667  1.00000e+11
OBS: 3603  56528.957     8.45   6.9541e+01   6.7986e+01   1.0750e+00   1  J  0.49  1   Y  1.26510e+18  -0.071  -1.864  1.00000e+11
OBS: 3603  56536.863    16.35   6.6316e+01   6.7321e+01   1.0693e+00   1  J  0.00  1   Y  1.20589e+18  -0.112  -1.390  1.00000e+11
OBS: 3603  56461.508   -59.00   0.0000e+00   0.0000e+00   0.0000e+00   0  J  0.00  1   !  -9.99000e+02  -99.000  -99.000  -999
OBS: 3603  56463.508   -57.00   0.0000e+00   0.0000e+00   0.0000e+00   0  J  0.00  1   !  -9.99000e+02  -99.000  -99.000  -999
OBS: 3603  56465.508   -55.00   0.0000e+00   0.0000e+00   0.0000e+00   0  J  0.00  1   !  -9.99000e+02  -99.000  -99.000  -999
OBS: 3603  56467.508   -53.00   0.0000e+00   0.0000e+00   0.0000e+00   0  J  0.00  1   !  -9.99000e+02  -99.000  -99.000  -999
OBS: 3603  56469.508   -51.00   0.0000e+00   0.0000e+00   0.0000e+00   0  J  0.00  1   !  -9.99000e+02  -99.000  -99.000  -999
OBS: 3603  56471.508   -49.00   0.0000e+00   0.0000e+00   0.0000e+00   0  J  0.00  1   !  -9.99000e+02  -99.000  -99.000  -999
OBS: 3603  56473.508   -47.00   0.0000e+00   0.0000e+00   0.0000e+00   0  J  0.00  1   !  -9.99000e+02  -99.000  -99.000  -999
OBS: 3603  56475.508   -45.00   0.0000e+00   0.0000e+00   0.0000e+00   0  J  0.00  1   !  -9.99000e+02  -99.000  -99.000  -999
OBS: 3603  56477.508   -43.00   0.0000e+00   0.0000e+00   0.0000e+00   0  J  0.00  1   !  -9.99000e+02  -99.000  -99.000  -999
OBS: 3603  56479.508   -41.00   0.0000e+00   0.0000e+00   0.0000e+00   0  J  0.00  1   !  -9.99000e+02  -99.000  -99.000  -999
OBS: 3603  56481.508   -39.00   0.0000e+00   0.0000e+00   0.0000e+00   0  J  0.00  1   !  -9.99000e+02  -99.000  -99.000  -999
OBS: 3603  56483.508   -37.00   0.0000e+00   0.0000e+00   0.0000e+00   0  J  0.00  1   !  -9.99000e+02  -99.000  -99.000  -999
OBS: 3603  56485.508   -35.00   0.0000e+00   0.0000e+00   0.0000e+00   0  J  0.00  1   !  -9.99000e+02  -99.000  -99.000  -999
OBS: 3603  56487.508   -33.00   0.0000e+00   0.0000e+00   0.0000e+00   0  J  0.00  1   !  -9.99000e+02  -99.000  -99.000  -999
OBS: 3603  56489.508   -31.00   0.0000e+00   0.0000e+00   0.0000e+00   0  J  0.00  1   !  -9.99000e+02  -99.000  -99.000  -999
OBS: 3603  56491.508   -29.00   0.0000e+00   0.0000e+00   0.0000e+00   0  J  0.00  1   !  -9.99000e+02  -99.000  -99.000  -999
OBS: 3603  56493.508   -27.00   0.0000e+00   0.0000e+00   0.0000e+00   0  J  0.00  1   !  -9.99000e+02  -99.000  -99.000  -999
OBS: 3603  56495.508   -25.00   0.0000e+00   1.7479e+01   1.0521e+01   0  J  0.00  1   !  -9.99000e+02  -99.000  -99.000  -999
OBS: 3603  56497.508   -23.00   0.0000e+00   1.7382e+01   1.0462e+01   0  J  0.00  1   !  -9.99000e+02  -99.000  -99.000  -999
OBS: 3603  56499.508   -21.00   0.0000e+00   1.7382e+01   1.0462e+01   0  J  0.00  1   !  -9.99000e+02  -99.000  -99.000  -999
OBS: 3603  56501.508   -19.00   0.0000e+00   1.8368e+01   1.0455e+01   0  J  0.00  1   !  -9.99000e+02  -99.000  -99.000  -999
OBS: 3603  56503.508   -17.00   0.0000e+00   3.6346e+01   4.9074e+00   0  J  0.00  1   !  -9.99000e+02  -99.000  -99.000  -999
OBS: 3603  56505.508   -15.00   0.0000e+00   5.5304e+01   3.6127e+00   0  J  0.00  1   !  -9.99000e+02  -99.000  -99.000  -999
OBS: 3603  56507.508   -13.00   0.0000e+00   7.2632e+01   3.4297e+00   0  J  0.00  1   !  -9.99000e+02  -99.000  -99.000  -999
OBS: 3603  56509.508   -11.00   0.0000e+00   8.7305e+01   3.2596e+00   0  J  0.00  1   !  -9.99000e+02  -99.000  -99.000  -999
OBS: 3603  56511.508    -9.00   0.0000e+00   1.0047e+02   2.7734e+00   0  J  0.00  1   !  -9.99000e+02  -99.000  -99.000  -999
OBS: 3603  56513.508    -7.00   0.0000e+00   1.0892e+02   2.4410e+00   0  J  0.00  1   !  -9.99000e+02  -99.000  -99.000  -999
OBS: 3603  56515.508    -5.00   0.0000e+00   1.1235e+02   2.6813e+00   0  J  0.00  1   !  -9.99000e+02  -99.000  -99.000  -999
OBS: 3603  56517.508    -3.00   0.0000e+00   1.0844e+02   3.0161e+00   0  J  0.00  1   !  -9.99000e+02  -99.000  -99.000  -999
OBS: 3603  56519.508    -1.00   0.0000e+00   1.0137e+02   3.0023e+00   0  J  0.00  1   !  -9.99000e+02  -99.000  -99.000  -999
OBS: 3603  56521.508     1.00   0.0000e+00   9.3462e+01   2.8304e+00   0  J  0.00  1   !  -9.99000e+02  -99.000  -99.000  -999
OBS: 3603  56523.508     3.00   0.0000e+00   8.6189e+01   2.7964e+00   0  J  0.00  1   !  -9.99000e+02  -99.000  -99.000  -999
OBS: 3603  56525.508     5.00   0.0000e+00   7.9908e+01   2.9780e+00   0  J  0.00  1   !  -9.99000e+02  -99.000  -99.000  -999
OBS: 3603  56527.508     7.00   0.0000e+00   7.4247e+01   3.1679e+00   0  J  0.00  1   !  -9.99000e+02  -99.000  -99.000  -999
OBS: 3603  56529.508     9.00   0.0000e+00   6.9050e+01   3.3161e+00   0  J  0.00  1   !  -9.99000e+02  -99.000  -99.000  -999
OBS: 3603  56531.508    11.00   0.0000e+00   6.6244e+01   3.4141e+00   0  J  0.00  1   !  -9.99000e+02  -99.000  -99.000  -999
OBS: 3603  56533.508    13.00   0.0000e+00   6.5408e+01   3.4290e+00   0  J  0.00  1   !  -9.99000e+02  -99.000  -99.000  -999
OBS: 3603  56535.508    15.00   0.0000e+00   6.5979e+01   3.4436e+00   0  J  0.00  1   !  -9.99000e+02  -99.000  -99.000  -999
OBS: 3603  56537.508    17.00   0.0000e+00   6.7869e+01   3.4275e+00   0  J  0.00  1   !  -9.99000e+02  -99.000  -99.000  -999
OBS: 3603  56539.508    19.00   0.0000e+00   7.1519e+01   3.3223e+00   0  J  0.00  1   !  -9.99000e+02  -99.000  -99.000  -999
OBS: 3603  56541.508    21.00   0.0000e+00   7.6317e+01   3.4074e+00   0  J  0.00  1   !  -9.99000e+02  -99.000  -99.000  -999
OBS: 3603  56543.508    23.00   0.0000e+00   8.0674e+01   3.4705e+00   0  J  0.00  1   !  -9.99000e+02  -99.000  -99.000  -999
OBS: 3603  56545.508    25.00   0.0000e+00   8.4600e+01   3.7729e+00   0  J  0.00  1   !  -9.99000e+02  -99.000  -99.000  -999
OBS: 3603  56547.508    27.00   0.0000e+00   8.6628e+01   4.0372e+00   0  J  0.00  1   !  -9.99000e+02  -99.000  -99.000  -999
OBS: 3603  56549.508    29.00   0.0000e+00   8.9387e+01   3.9334e+00   0  J  0.00  1   !  -9.99000e+02  -99.000  -99.000  -999
OBS: 3603  56551.508    31.00   0.0000e+00   9.5620e+01   3.6979e+00   0  J  0.00  1   !  -9.99000e+02  -99.000  -99.000  -999
OBS: 3603  56553.508    33.00   0.0000e+00   1.0373e+02   3.4108e+00   0  J  0.00  1   !  -9.99000e+02  -99.000  -99.000  -999
OBS: 3603  56555.508    35.00   0.0000e+00   1.1023e+02   3.3430e+00   0  J  0.00  1   !  -9.99000e+02  -99.000  -99.000  -999
OBS: 3603  56557.508    37.00   0.0000e+00   1.1320e+02   3.3458e+00   0  J  0.00  1   !  -9.99000e+02  -99.000  -99.000  -999
OBS: 3603  56559.508    39.00   0.0000e+00   1.1261e+02   3.2645e+00   0  J  0.00  1   !  -9.99000e+02  -99.000  -99.000  -999
OBS: 3603  56561.508    41.00   0.0000e+00   1.1052e+02   3.2038e+00   0  J  0.00  1   !  -9.99000e+02  -99.000  -99.000  -999
OBS: 3603  56563.508    43.00   0.0000e+00   1.0712e+02   3.0841e+00   0  J  0.00  1   !  -9.99000e+02  -99.000  -99.000  -999
OBS: 3603  56565.508    45.00   0.0000e+00   1.0278e+02   2.9350e+00   0  J  0.00  1   !  -9.99000e+02  -99.000  -99.000  -999
OBS: 3603  56567.508    47.00   0.0000e+00   9.8782e+01   2.8261e+00   0  J  0.00  1   !  -9.99000e+02  -99.000  -99.000  -999
OBS: 3603  56569.508    49.00   0.0000e+00   9.2773e+01   2.8360e+00   0  J  0.00  1   !  -9.99000e+02  -99.000  -99.000  -999
OBS: 3603  56571.508    51.00   0.0000e+00   8.5600e+01   3.0321e+00   0  J  0.00  1   !  -9.99000e+02  -99.000  -99.000  -999
OBS: 3603  56573.508    53.00   0.0000e+00   7.8431e+01   3.1294e+00   0  J  0.00  1   !  -9.99000e+02  -99.000  -99.000  -999
OBS: 3603  56575.508    55.00   0.0000e+00   7.2210e+01   2.8837e+00   0  J  0.00  1   !  -9.99000e+02  -99.000  -99.000  -999
OBS: 3603  56577.508    57.00   0.0000e+00   6.7053e+01   2.4923e+00   0  J  0.00  1   !  -9.99000e+02  -99.000  -99.000  -999
OBS: 3603  56579.508    59.00   0.0000e+00   6.2235e+01   2.3208e+00   0  J  0.00  1   !  -9.99000e+02  -99.000  -99.000  -999
OBS: 3603  56581.508    61.00   0.0000e+00   5.7385e+01   2.4119e+00   0  J  0.00  1   !  -9.99000e+02  -99.000  -99.000  -999
OBS: 3603  56583.508    63.00   0.0000e+00   5.2219e+01   2.5289e+00   0  J  0.00  1   !  -9.99000e+02  -99.000  -99.000  -999
OBS: 3603  56585.508    65.00   0.0000e+00   4.6911e+01   2.7148e+01   0  J  0.00  1   !  -9.99000e+02  -99.000  -99.000  -999
OBS: 3603  56587.508    67.00   0.0000e+00   4.1691e+01   2.5094e+01   0  J  0.00  1   !  -9.99000e+02  -99.000  -99.000  -999
OBS: 3603  56589.508    69.00   0.0000e+00   3.7661e+01   2.2668e+01   0  J  0.00  1   !  -9.99000e+02  -99.000  -99.000  -999
OBS: 3603  56591.508    71.00   0.0000e+00   3.4377e+01   2.0692e+01   0  J  0.00  1   !  -9.99000e+02  -99.000  -99.000  -999
OBS: 3603  56593.508    73.00   0.0000e+00   3.1596e+01   1.9018e+01   0  J  0.00  1   !  -9.99000e+02  -99.000  -99.000  -999
OBS: 3603  56595.508    75.00   0.0000e+00   2.9387e+01   1.7688e+01   0  J  0.00  1   !  -9.99000e+02  -99.000  -99.000  -999
OBS: 3603  56597.508    77.00   0.0000e+00   2.7149e+01   1.6341e+01   0  J  0.00  1   !  -9.99000e+02  -99.000  -99.000  -999
OBS: 3603  56599.508    79.00   0.0000e+00   2.3426e+01   1.4100e+01   0  J  0.00  1   !  -9.99000e+02  -99.000  -99.000  -999
OBS: 3603  56601.508    81.00   0.0000e+00   2.0366e+01   1.2258e+01   0  J  0.00  1   !  -9.99000e+02  -99.000  -99.000  -999
OBS: 3603  56603.508    83.00   0.0000e+00   1.7890e+01   1.0768e+01   0  J  0.00  1   !  -9.99000e+02  -99.000  -99.000  -999
OBS: 3603  56605.508    85.00   0.0000e+00   1.5887e+01   9.5623e+00   0  J  0.00  1   !  -9.99000e+02  -99.000  -99.000  -999
OBS: 3603  56607.508    87.00   0.0000e+00   1.4247e+01   8.5752e+00   0  J  0.00  1   !  -9.99000e+02  -99.000  -99.000  -999
OBS: 3603  56609.508    89.00   0.0000e+00   1.2888e+01   7.7577e+00   0  J  0.00  1   !  -9.99000e+02  -99.000  -99.000  -999
OBS: 3603  56611.508    91.00   0.0000e+00   1.1714e+01   7.0507e+00   0  J  0.00  1   !  -9.99000e+02  -99.000  -99.000  -999
OBS: 3603  56613.508    93.00   0.0000e+00   1.0679e+01   6.4280e+00   0  J  0.00  1   !  -9.99000e+02  -99.000  -99.000  -999
OBS: 3603  56615.508    95.00   0.0000e+00   9.7254e+00   5.8538e+00   0  J  0.00  1   !  -9.99000e+02  -99.000  -99.000  -999
OBS: 3603  56617.508    97.00   0.0000e+00   8.7801e+00   5.2848e+00   0  J  0.00  1   !  -9.99000e+02  -99.000  -99.000  -999
OBS: 3603  56619.508    99.00   0.0000e+00   7.9302e+00   4.7733e+00   0  J  0.00  1   !  -9.99000e+02  -99.000  -99.000  -999
OBS: 3603  56621.508   101.00   0.0000e+00   7.1708e+00   4.3162e+00   0  J  0.00  1   !  -9.99000e+02  -99.000  -99.000  -999
OBS: 3603  56623.508   103.00   0.0000e+00   6.4884e+00   3.9054e+00   0  J  0.00  1   !  -9.99000e+02  -99.000  -99.000  -999
OBS: 3603  56625.508   105.00   0.0000e+00   5.8788e+00   3.5385e+00   0  J  0.00  1   !  -9.99000e+02  -99.000  -99.000  -999
OBS: 3603  56627.508   107.00   0.0000e+00   5.3338e+00   3.2105e+00   0  J  0.00  1   !  -9.99000e+02  -99.000  -99.000  -999
OBS: 3603  56629.508   109.00   0.0000e+00   4.8337e+00   2.9095e+00   0  J  0.00  1   !  -9.99000e+02  -99.000  -99.000  -999
OBS: 3603  56631.508   111.00   0.0000e+00   4.3391e+00   2.6118e+00   0  J  0.00  1   !  -9.99000e+02  -99.000  -99.000  -999
OBS: 3603  56633.508   113.00   0.0000e+00   3.8950e+00   2.3444e+00   0  J  0.00  1   !  -9.99000e+02  -99.000  -99.000  -999
OBS: 3603  56635.508   115.00   0.0000e+00   3.4963e+00   2.1044e+00   0  J  0.00  1   !  -9.99000e+02  -99.000  -99.000  -999
OBS: 3603  56637.508   117.00   0.0000e+00   3.1383e+00   1.8890e+00   0  J  0.00  1   !  -9.99000e+02  -99.000  -99.000  -999
OBS: 3603  56639.508   119.00   0.0000e+00   2.8169e+00   1.6955e+00   0  J  0.00  1   !  -9.99000e+02  -99.000  -99.000  -999
OBS: 3603  56641.508   121.00   0.0000e+00   2.5286e+00   1.5220e+00   0  J  0.00  1   !  -9.99000e+02  -99.000  -99.000  -999
OBS: 3603  56643.508   123.00   0.0000e+00   2.2697e+00   1.3661e+00   0  J  0.00  1   !  -9.99000e+02  -99.000  -99.000  -999
OBS: 3603  56645.508   125.00   0.0000e+00   2.0371e+00   1.2262e+00   0  J  0.00  1   !  -9.99000e+02  -99.000  -99.000  -999
OBS: 3603  56647.508   127.00   0.0000e+00   1.8283e+00   1.1005e+00   0  J  0.00  1   !  -9.99000e+02  -99.000  -99.000  -999
OBS: 3603  56649.508   129.00   0.0000e+00   1.6409e+00   9.8769e-01   0  J  0.00  1   !  -9.99000e+02  -99.000  -99.000  -999
OBS: 3603  56651.508   131.00   0.0000e+00   1.4727e+00   8.8643e-01   0  J  0.00  1   !  -9.99000e+02  -99.000  -99.000  -999
OBS: 3603  56653.508   133.00   0.0000e+00   1.3217e+00   7.9553e-01   0  J  0.00  1   !  -9.99000e+02  -99.000  -99.000  -999
OBS: 3603  56655.508   135.00   0.0000e+00   1.1861e+00   7.1394e-01   0  J  0.00  1   !  -9.99000e+02  -99.000  -99.000  -999
OBS: 3603  56657.508   137.00   0.0000e+00   1.0647e+00   6.4084e-01   0  J  0.00  1   !  -9.99000e+02  -99.000  -99.000  -999
OBS: 3603  56659.508   139.00   0.0000e+00   9.5557e-01   5.7517e-01   0  J  0.00  1   !  -9.99000e+02  -99.000  -99.000  -999
OBS: 3603  56523.777     3.27   6.0655e+01   6.2531e+01   1.3970e+00   1  H  0.59  1   J  2.21583e+18  0.629  0.665  1.00000e+11
OBS: 3603  56528.961     8.45   3.9778e+01   3.9264e+01   1.3324e+00   1  H  0.14  1   J  1.35391e+18  0.599  1.388  1.00000e+11
OBS: 3603  56536.867    16.36   2.1918e+01   2.3081e+01   1.2885e+00   1  H  0.23  1   J  7.45632e+17  0.528  0.984  1.00000e+11
OBS: 3603  56461.508   -59.00   0.0000e+00   0.0000e+00   0.0000e+00   0  H  0.00  1   !  -9.99000e+02  -99.000  -99.000  -999
OBS: 3603  56463.508   -57.00   0.0000e+00   0.0000e+00   0.0000e+00   0  H  0.00  1   !  -9.99000e+02  -99.000  -99.000  -999
OBS: 3603  56465.508   -55.00   0.0000e+00   0.0000e+00   0.0000e+00   0  H  0.00  1   !  -9.99000e+02  -99.000  -99.000  -999
OBS: 3603  56467.508   -53.00   0.0000e+00   0.0000e+00   0.0000e+00   0  H  0.00  1   !  -9.99000e+02  -99.000  -99.000  -999
OBS: 3603  56469.508   -51.00   0.0000e+00   0.0000e+00   0.0000e+00   0  H  0.00  1   !  -9.99000e+02  -99.000  -99.000  -999
OBS: 3603  56471.508   -49.00   0.0000e+00   0.0000e+00   0.0000e+00   0  H  0.00  1   !  -9.99000e+02  -99.000  -99.000  -999
OBS: 3603  56473.508   -47.00   0.0000e+00   0.0000e+00   0.0000e+00   0  H  0.00  1   !  -9.99000e+02  -99.000  -99.000  -999
OBS: 3603  56475.508   -45.00   0.0000e+00   0.0000e+00   0.0000e+00   0  H  0.00  1   !  -9.99000e+02  -99.000  -99.000  -999
OBS: 3603  56477.508   -43.00   0.0000e+00   0.0000e+00   0.0000e+00   0  H  0.00  1   !  -9.99000e+02  -99.000  -99.000  -999
OBS: 3603  56479.508   -41.00   0.0000e+00   0.0000e+00   0.0000e+00   0  H  0.00  1   !  -9.99000e+02  -99.000  -99.000  -999
OBS: 3603  56481.508   -39.00   0.0000e+00   0.0000e+00   0.0000e+00   0  H  0.00  1   !  -9.99000e+02  -99.000  -99.000  -999
OBS: 3603  56483.508   -37.00   0.0000e+00   0.0000e+00   0.0000e+00   0  H  0.00  1   !  -9.99000e+02  -99.000  -99.000  -999
OBS: 3603  56485.508   -35.00   0.0000e+00   0.0000e+00   0.0000e+00   0  H  0.00  1   !  -9.99000e+02  -99.000  -99.000  -999
OBS: 3603  56487.508   -33.00   0.0000e+00   0.0000e+00   0.0000e+00   0  H  0.00  1   !  -9.99000e+02  -99.000  -99.000  -999
OBS: 3603  56489.508   -31.00   0.0000e+00   0.0000e+00   0.0000e+00   0  H  0.00  1   !  -9.99000e+02  -99.000  -99.000  -999
OBS: 3603  56491.508   -29.00   0.0000e+00   0.0000e+00   0.0000e+00   0  H  0.00  1   !  -9.99000e+02  -99.000  -99.000  -999
OBS: 3603  56493.508   -27.00   0.0000e+00   0.0000e+00   0.0000e+00   0  H  0.00  1   !  -9.99000e+02  -99.000  -99.000  -999
OBS: 3603  56495.508   -25.00   0.0000e+00   1.8211e+01   1.0961e+01   0  H  0.00  1   !  -9.99000e+02  -99.000  -99.000  -999
OBS: 3603  56497.508   -23.00   0.0000e+00   1.9375e+01   1.1662e+01   0  H  0.00  1   !  -9.99000e+02  -99.000  -99.000  -999
OBS: 3603  56499.508   -21.00   0.0000e+00   1.9443e+01   1.1703e+01   0  H  0.00  1   !  -9.99000e+02  -99.000  -99.000  -999
OBS: 3603  56501.508   -19.00   0.0000e+00   2.0293e+01   1.1509e+01   0  H  0.00  1   !  -9.99000e+02  -99.000  -99.000  -999
OBS: 3603  56503.508   -17.00   0.0000e+00   3.4623e+01   3.5699e+00   0  H  0.00  1   !  -9.99000e+02  -99.000  -99.000  -999
OBS: 3603  56505.508   -15.00   0.0000e+00   5.0347e+01   1.9647e+00   0  H  0.00  1   !  -9.99000e+02  -99.000  -99.000  -999
OBS: 3603  56507.508   -13.00   0.0000e+00   6.4520e+01   2.1019e+00   0  H  0.00  1   !  -9.99000e+02  -99.000  -99.000  -999
OBS: 3603  56509.508   -11.00   0.0000e+00   7.4887e+01   2.1560e+00   0  H  0.00  1   !  -9.99000e+02  -99.000  -99.000  -999
OBS: 3603  56511.508    -9.00   0.0000e+00   8.1451e+01   1.7473e+00   0  H  0.00  1   !  -9.99000e+02  -99.000  -99.000  -999
OBS: 3603  56513.508    -7.00   0.0000e+00   8.4908e+01   1.4721e+00   0  H  0.00  1   !  -9.99000e+02  -99.000  -99.000  -999
OBS: 3603  56515.508    -5.00   0.0000e+00   8.5778e+01   1.4231e+00   0  H  0.00  1   !  -9.99000e+02  -99.000  -99.000  -999
OBS: 3603  56517.508    -3.00   0.0000e+00   8.3097e+01   1.5381e+00   0  H  0.00  1   !  -9.99000e+02  -99.000  -99.000  -999
OBS: 3603  56519.508    -1.00   0.0000e+00   7.8236e+01   1.5455e+00   0  H  0.00  1   !  -9.99000e+02  -99.000  -99.000  -999
OBS: 3603  56521.508     1.00   0.0000e+00   7.0695e+01   1.5009e+00   0  H  0.00  1   !  -9.99000e+02  -99.000  -99.000  -999
OBS: 3603  56523.508     3.00   0.0000e+00   6.2135e+01   1.4549e+00   0  H  0.00  1   !  -9.99000e+02  -99.000  -99.000  -999
OBS: 3603  56525.508     5.00   0.0000e+00   5.3832e+01   1.4152e+00   0  H  0.00  1   !  -9.99000e+02  -99.000  -99.000  -999
OBS: 3603  56527.508     7.00   0.0000e+00   4.5845e+01   1.4174e+00   0  H  0.00  1   !  -9.99000e+02  -99.000  -99.000  -999
OBS: 3603  56529.508     9.00   0.0000e+00   3.7875e+01   1.4611e+00   0  H  0.00  1   !  -9.99000e+02  -99.000  -99.000  -999
OBS: 3603  56531.508    11.00   0.0000e+00   3.0984e+01   1.6520e+00   0  H  0.00  1   !  -9.99000e+02  -99.000  -99.000  -999
OBS: 3603  56533.508    13.00   0.0000e+00   2.6063e+01   1.7770e+00   0  H  0.00  1   !  -9.99000e+02  -99.000  -99.000  -999
OBS: 3603  56535.508    15.00   0.0000e+00   2.3017e+01   1.8003e+00   0  H  0.00  1   !  -9.99000e+02  -99.000  -99.000  -999
OBS: 3603  56537.508    17.00   0.0000e+00   2.1821e+01   1.7765e+00   0  H  0.00  1   !  -9.99000e+02  -99.000  -99.000  -999
OBS: 3603  56539.508    19.00   0.0000e+00   2.1743e+01   1.7772e+00   0  H  0.00  1   !  -9.99000e+02  -99.000  -99.000  -999
OBS: 3603  56541.508    21.00   0.0000e+00   2.2319e+01   1.8292e+00   0  H  0.00  1   !  -9.99000e+02  -99.000  -99.000  -999
OBS: 3603  56543.508    23.00   0.0000e+00   2.3096e+01   1.8992e+00   0  H  0.00  1   !  -9.99000e+02  -99.000  -99.000  -999
OBS: 3603  56545.508    25.00   0.0000e+00   2.3881e+01   1.9192e+00   0  H  0.00  1   !  -9.99000e+02  -99.000  -99.000  -999
OBS: 3603  56547.508    27.00   0.0000e+00   2.5224e+01   2.0129e+00   0  H  0.00  1   !  -9.99000e+02  -99.000  -99.000  -999
OBS: 3603  56549.508    29.00   0.0000e+00   2.7142e+01   2.0452e+00   0  H  0.00  1   !  -9.99000e+02  -99.000  -99.000  -999
OBS: 3603  56551.508    31.00   0.0000e+00   2.9165e+01   1.9256e+00   0  H  0.00  1   !  -9.99000e+02  -99.000  -99.000  -999
OBS: 3603  56553.508    33.00   0.0000e+00   3.1276e+01   1.8840e+00   0  H  0.00  1   !  -9.99000e+02  -99.000  -99.000  -999
OBS: 3603  56555.508    35.00   0.0000e+00   3.3150e+01   2.0577e+00   0  H  0.00  1   !  -9.99000e+02  -99.000  -99.000  -999
OBS: 3603  56557.508    37.00   0.0000e+00   3.4905e+01   2.2304e+00   0  H  0.00  1   !  -9.99000e+02  -99.000  -99.000  -999
OBS: 3603  56559.508    39.00   0.0000e+00   3.6773e+01   2.3487e+00   0  H  0.00  1   !  -9.99000e+02  -99.000  -99.000  -999
OBS: 3603  56561.508    41.00   0.0000e+00   3.8872e+01   2.5091e+00   0  H  0.00  1   !  -9.99000e+02  -99.000  -99.000  -999
OBS: 3603  56563.508    43.00   0.0000e+00   3.9845e+01   2.5995e+00   0  H  0.00  1   !  -9.99000e+02  -99.000  -99.000  -999
OBS: 3603  56565.508    45.00   0.0000e+00   3.8859e+01   2.7403e+00   0  H  0.00  1   !  -9.99000e+02  -99.000  -99.000  -999
OBS: 3603  56567.508    47.00   0.0000e+00   3.5828e+01   2.9063e+00   0  H  0.00  1   !  -9.99000e+02  -99.000  -99.000  -999
OBS: 3603  56569.508    49.00   0.0000e+00   3.1678e+01   2.7385e+00   0  H  0.00  1   !  -9.99000e+02  -99.000  -99.000  -999
OBS: 3603  56571.508    51.00   0.0000e+00   2.7116e+01   2.5495e+00   0  H  0.00  1   !  -9.99000e+02  -99.000  -99.000  -999
OBS: 3603  56573.508    53.00   0.0000e+00   2.2817e+01   2.4001e+00   0  H  0.00  1   !  -9.99000e+02  -99.000  -99.000  -999
OBS: 3603  56575.508    55.00   0.0000e+00   1.9798e+01   2.2605e+00   0  H  0.00  1   !  -9.99000e+02  -99.000  -99.000  -999
OBS: 3603  56577.508    57.00   0.0000e+00   1.8273e+01   2.2845e+00   0  H  0.00  1   !  -9.99000e+02  -99.000  -99.000  -999
OBS: 3603  56579.508    59.00   0.0000e+00   1.7250e+01   2.7805e+00   0  H  0.00  1   !  -9.99000e+02  -99.000  -99.000  -999
OBS: 3603  56581.508    61.00   0.0000e+00   1.6133e+01   3.9037e+00   0  H  0.00  1   !  -9.99000e+02  -99.000  -99.000  -999
OBS: 3603  56583.508    63.00   0.0000e+00   1.4824e+01   4.8311e+00   0  H  0.00  1   !  -9.99000e+02  -99.000  -99.000  -999
OBS: 3603  56585.508    65.00   0.0000e+00   1.3559e+01   7.9877e+00   0  H  0.00  1   !  -9.99000e+02  -99.000  -99.000  -999
OBS: 3603  56587.508    67.00   0.0000e+00   1.2548e+01   7.5528e+00   0  H  0.00  1   !  -9.99000e+02  -99.000  -99.000  -999
OBS: 3603  56589.508    69.00   0.0000e+00   1.1560e+01   6.9579e+00   0  H  0.00  1   !  -9.99000e+02  -99.000  -99.000  -999
OBS: 3603  56591.508    71.00   0.0000e+00   1.0649e+01   6.4097e+00   0  H  0.00  1   !  -9.99000e+02  -99.000  -99.000  -999
OBS: 3603  56593.508    73.00   0.0000e+00   9.7963e+00   5.8965e+00   0  H  0.00  1   !  -9.99000e+02  -99.000  -99.000  -999
OBS: 3603  56595.508    75.00   0.0000e+00   9.0674e+00   5.4578e+00   0  H  0.00  1   !  -9.99000e+02  -99.000  -99.000  -999
OBS: 3603  56597.508    77.00   0.0000e+00   8.3096e+00   5.0016e+00   0  H  0.00  1   !  -9.99000e+02  -99.000  -99.000  -999
OBS: 3603  56599.508    79.00   0.0000e+00   7.0248e+00   4.2283e+00   0  H  0.00  1   !  -9.99000e+02  -99.000  -99.000  -999
OBS: 3603  56601.508    81.00   0.0000e+00   6.1065e+00   3.6755e+00   0  H  0.00  1   !  -9.99000e+02  -99.000  -99.000  -999
OBS: 3603  56603.508    83.00   0.0000e+00   5.4218e+00   3.2634e+00   0  H  0.00  1   !  -9.99000e+02  -99.000  -99.000  -999
OBS: 3603  56605.508    85.00   0.0000e+00   4.8842e+00   2.9399e+00   0  H  0.00  1   !  -9.99000e+02  -99.000  -99.000  -999
OBS: 3603  56607.508    87.00   0.0000e+00   4.4214e+00   2.6613e+00   0  H  0.00  1   !  -9.99000e+02  -99.000  -99.000  -999
OBS: 3603  56609.508    89.00   0.0000e+00   3.9985e+00   2.4067e+00   0  H  0.00  1   !  -9.99000e+02  -99.000  -99.000  -999
OBS: 3603  56611.508    91.00   0.0000e+00   3.5938e+00   2.1632e+00   0  H  0.00  1   !  -9.99000e+02  -99.000  -99.000  -999
OBS: 3603  56613.508    93.00   0.0000e+00   3.1998e+00   1.9260e+00   0  H  0.00  1   !  -9.99000e+02  -99.000  -99.000  -999
OBS: 3603  56615.508    95.00   0.0000e+00   2.8608e+00   1.7220e+00   0  H  0.00  1   !  -9.99000e+02  -99.000  -99.000  -999
OBS: 3603  56617.508    97.00   0.0000e+00   2.6464e+00   1.5929e+00   0  H  0.00  1   !  -9.99000e+02  -99.000  -99.000  -999
OBS: 3603  56619.508    99.00   0.0000e+00   2.4479e+00   1.4734e+00   0  H  0.00  1   !  -9.99000e+02  -99.000  -99.000  -999
OBS: 3603  56621.508   101.00   0.0000e+00   2.2637e+00   1.3626e+00   0  H  0.00  1   !  -9.99000e+02  -99.000  -99.000  -999
OBS: 3603  56623.508   103.00   0.0000e+00   2.0928e+00   1.2596e+00   0  H  0.00  1   !  -9.99000e+02  -99.000  -99.000  -999
OBS: 3603  56625.508   105.00   0.0000e+00   1.9341e+00   1.1641e+00   0  H  0.00  1   !  -9.99000e+02  -99.000  -99.000  -999
OBS: 3603  56627.508   107.00   0.0000e+00   1.7863e+00   1.0752e+00   0  H  0.00  1   !  -9.99000e+02  -99.000  -99.000  -999
OBS: 3603  56629.508   109.00   0.0000e+00   1.6551e+00   9.9625e-01   0  H  0.00  1   !  -9.99000e+02  -99.000  -99.000  -999
OBS: 3603  56631.508   111.00   0.0000e+00   1.5530e+00   9.3475e-01   0  H  0.00  1   !  -9.99000e+02  -99.000  -99.000  -999
OBS: 3603  56633.508   113.00   0.0000e+00   1.4540e+00   8.7520e-01   0  H  0.00  1   !  -9.99000e+02  -99.000  -99.000  -999
OBS: 3603  56635.508   115.00   0.0000e+00   1.3613e+00   8.1938e-01   0  H  0.00  1   !  -9.99000e+02  -99.000  -99.000  -999
OBS: 3603  56637.508   117.00   0.0000e+00   1.2745e+00   7.6712e-01   0  H  0.00  1   !  -9.99000e+02  -99.000  -99.000  -999
OBS: 3603  56639.508   119.00   0.0000e+00   1.1932e+00   7.1820e-01   0  H  0.00  1   !  -9.99000e+02  -99.000  -99.000  -999
OBS: 3603  56641.508   121.00   0.0000e+00   1.1171e+00   6.7239e-01   0  H  0.00  1   !  -9.99000e+02  -99.000  -99.000  -999
OBS: 3603  56643.508   123.00   0.0000e+00   1.0459e+00   6.2951e-01   0  H  0.00  1   !  -9.99000e+02  -99.000  -99.000  -999
OBS: 3603  56645.508   125.00   0.0000e+00   9.7915e-01   5.8936e-01   0  H  0.00  1   !  -9.99000e+02  -99.000  -99.000  -999
OBS: 3603  56647.508   127.00   0.0000e+00   9.1671e-01   5.5178e-01   0  H  0.00  1   !  -9.99000e+02  -99.000  -99.000  -999
OBS: 3603  56649.508   129.00   0.0000e+00   8.5824e-01   5.1659e-01   0  H  0.00  1   !  -9.99000e+02  -99.000  -99.000  -999
OBS: 3603  56651.508   131.00   0.0000e+00   8.0351e-01   4.8364e-01   0  H  0.00  1   !  -9.99000e+02  -99.000  -99.000  -999
OBS: 3603  56653.508   133.00   0.0000e+00   7.5226e-01   4.5279e-01   0  H  0.00  1   !  -9.99000e+02  -99.000  -99.000  -999
OBS: 3603  56655.508   135.00   0.0000e+00   7.0428e-01   4.2392e-01   0  H  0.00  1   !  -9.99000e+02  -99.000  -99.000  -999
OBS: 3603  56657.508   137.00   0.0000e+00   6.5937e-01   3.9688e-01   0  H  0.00  1   !  -9.99000e+02  -99.000  -99.000  -999
OBS: 3603  56659.508   139.00   0.0000e+00   6.1732e-01   3.7157e-01   0  H  0.00  1   !  -9.99000e+02  -99.000  -99.000  -999
