VARNAMES: CID MJD Tobs SIM_FLUXCAL FLUXCAL FLUXCAL_ERR DATAFLAG BAND CHI2 IFIT BAND_REST FLUX_REST KCOR AVWARP SIM_FLUX_REST 
OBS: 8006  56321.086     7.59   4.8105e+01   4.8319e+01   5.4680e-01   1  J  0.03  1   Y  1.38215e+18  -0.310  -1.799  1.00000e+11
OBS: 8006  56326.402    12.91   4.2152e+01   4.2415e+01   5.1171e-01   1  J  0.03  1   Y  1.17616e+18  -0.343  -1.744  1.00000e+11
OBS: 8006  56334.312    20.82   4.5156e+01   4.5061e+01   5.2816e-01   1  J  0.00  1   Y  1.31520e+18  -0.288  -0.951  1.00000e+11
OBS: 8006  56254.492   -59.00   0.0000e+00   0.0000e+00   0.0000e+00   0  J  0.00  1   !  -9.99000e+02  -99.000  -99.000  -999
OBS: 8006  56256.492   -57.00   0.0000e+00   0.0000e+00   0.0000e+00   0  J  0.00  1   !  -9.99000e+02  -99.000  -99.000  -999
OBS: 8006  56258.492   -55.00   0.0000e+00   0.0000e+00   0.0000e+00   0  J  0.00  1   !  -9.99000e+02  -99.000  -99.000  -999
OBS: 8006  56260.492   -53.00   0.0000e+00   0.0000e+00   0.0000e+00   0  J  0.00  1   !  -9.99000e+02  -99.000  -99.000  -999
OBS: 8006  56262.492   -51.00   0.0000e+00   0.0000e+00   0.0000e+00   0  J  0.00  1   !  -9.99000e+02  -99.000  -99.000  -999
OBS: 8006  56264.492   -49.00   0.0000e+00   0.0000e+00   0.0000e+00   0  J  0.00  1   !  -9.99000e+02  -99.000  -99.000  -999
OBS: 8006  56266.492   -47.00   0.0000e+00   0.0000e+00   0.0000e+00   0  J  0.00  1   !  -9.99000e+02  -99.000  -99.000  -999
OBS: 8006  56268.492   -45.00   0.0000e+00   0.0000e+00   0.0000e+00   0  J  0.00  1   !  -9.99000e+02  -99.000  -99.000  -999
OBS: 8006  56270.492   -43.00   0.0000e+00   0.0000e+00   0.0000e+00   0  J  0.00  1   !  -9.99000e+02  -99.000  -99.000  -999
OBS: 8006  56272.492   -41.00   0.0000e+00   0.0000e+00   0.0000e+00   0  J  0.00  1   !  -9.99000e+02  -99.000  -99.000  -999
OBS: 8006  56274.492   -39.00   0.0000e+00   0.0000e+00   0.0000e+00   0  J  0.00  1   !  -9.99000e+02  -99.000  -99.000  -999
OBS: 8006  56276.492   -37.00   0.0000e+00   0.0000e+00   0.0000e+00   0  J  0.00  1   !  -9.99000e+02  -99.000  -99.000  -999
OBS: 8006  56278.492   -35.00   0.0000e+00   0.0000e+00   0.0000e+00   0  J  0.00  1   !  -9.99000e+02  -99.000  -99.000  -999
OBS: 8006  56280.492   -33.00   0.0000e+00   0.0000e+00   0.0000e+00   0  J  0.00  1   !  -9.99000e+02  -99.000  -99.000  -999
OBS: 8006  56282.492   -31.00   0.0000e+00   0.0000e+00   0.0000e+00   0  J  0.00  1   !  -9.99000e+02  -99.000  -99.000  -999
OBS: 8006  56284.492   -29.00   0.0000e+00   0.0000e+00   0.0000e+00   0  J  0.00  1   !  -9.99000e+02  -99.000  -99.000  -999
OBS: 8006  56286.492   -27.00   0.0000e+00   0.0000e+00   0.0000e+00   0  J  0.00  1   !  -9.99000e+02  -99.000  -99.000  -999
OBS: 8006  56288.492   -25.00   0.0000e+00   8.1758e+00   4.9211e+00   0  J  0.00  1   !  -9.99000e+02  -99.000  -99.000  -999
OBS: 8006  56290.492   -23.00   0.0000e+00   8.2714e+00   4.9786e+00   0  J  0.00  1   !  -9.99000e+02  -99.000  -99.000  -999
OBS: 8006  56292.492   -21.00   0.0000e+00   8.2598e+00   4.9717e+00   0  J  0.00  1   !  -9.99000e+02  -99.000  -99.000  -999
OBS: 8006  56294.492   -19.00   0.0000e+00   1.4544e+01   3.5165e+00   0  J  0.00  1   !  -9.99000e+02  -99.000  -99.000  -999
OBS: 8006  56296.492   -17.00   0.0000e+00   2.5435e+01   2.1945e+00   0  J  0.00  1   !  -9.99000e+02  -99.000  -99.000  -999
OBS: 8006  56298.492   -15.00   0.0000e+00   3.6443e+01   1.8305e+00   0  J  0.00  1   !  -9.99000e+02  -99.000  -99.000  -999
OBS: 8006  56300.492   -13.00   0.0000e+00   4.5642e+01   1.8453e+00   0  J  0.00  1   !  -9.99000e+02  -99.000  -99.000  -999
OBS: 8006  56302.492   -11.00   0.0000e+00   5.4050e+01   1.7328e+00   0  J  0.00  1   !  -9.99000e+02  -99.000  -99.000  -999
OBS: 8006  56304.492    -9.00   0.0000e+00   6.1648e+01   1.4681e+00   0  J  0.00  1   !  -9.99000e+02  -99.000  -99.000  -999
OBS: 8006  56306.492    -7.00   0.0000e+00   6.6856e+01   1.3617e+00   0  J  0.00  1   !  -9.99000e+02  -99.000  -99.000  -999
OBS: 8006  56308.492    -5.00   0.0000e+00   6.8843e+01   1.5557e+00   0  J  0.00  1   !  -9.99000e+02  -99.000  -99.000  -999
OBS: 8006  56310.492    -3.00   0.0000e+00   6.7154e+01   1.7755e+00   0  J  0.00  1   !  -9.99000e+02  -99.000  -99.000  -999
OBS: 8006  56312.492    -1.00   0.0000e+00   6.3624e+01   1.7724e+00   0  J  0.00  1   !  -9.99000e+02  -99.000  -99.000  -999
OBS: 8006  56314.492     1.00   0.0000e+00   5.9351e+01   1.6534e+00   0  J  0.00  1   !  -9.99000e+02  -99.000  -99.000  -999
OBS: 8006  56316.492     3.00   0.0000e+00   5.5239e+01   1.6646e+00   0  J  0.00  1   !  -9.99000e+02  -99.000  -99.000  -999
OBS: 8006  56318.492     5.00   0.0000e+00   5.1654e+01   1.7847e+00   0  J  0.00  1   !  -9.99000e+02  -99.000  -99.000  -999
OBS: 8006  56320.492     7.00   0.0000e+00   4.8820e+01   1.9361e+00   0  J  0.00  1   !  -9.99000e+02  -99.000  -99.000  -999
OBS: 8006  56322.492     9.00   0.0000e+00   4.5948e+01   2.0515e+00   0  J  0.00  1   !  -9.99000e+02  -99.000  -99.000  -999
OBS: 8006  56324.492    11.00   0.0000e+00   4.3525e+01   2.0767e+00   0  J  0.00  1   !  -9.99000e+02  -99.000  -99.000  -999
OBS: 8006  56326.492    13.00   0.0000e+00   4.1993e+01   2.0038e+00   0  J  0.00  1   !  -9.99000e+02  -99.000  -99.000  -999
OBS: 8006  56328.492    15.00   0.0000e+00   4.1618e+01   1.9422e+00   0  J  0.00  1   !  -9.99000e+02  -99.000  -99.000  -999
OBS: 8006  56330.492    17.00   0.0000e+00   4.1837e+01   1.9662e+00   0  J  0.00  1   !  -9.99000e+02  -99.000  -99.000  -999
OBS: 8006  56332.492    19.00   0.0000e+00   4.2693e+01   1.9034e+00   0  J  0.00  1   !  -9.99000e+02  -99.000  -99.000  -999
OBS: 8006  56334.492    21.00   0.0000e+00   4.5337e+01   1.8958e+00   0  J  0.00  1   !  -9.99000e+02  -99.000  -99.000  -999
OBS: 8006  56336.492    23.00   0.0000e+00   4.8014e+01   1.9516e+00   0  J  0.00  1   !  -9.99000e+02  -99.000  -99.000  -999
OBS: 8006  56338.492    25.00   0.0000e+00   4.9985e+01   2.0344e+00   0  J  0.00  1   !  -9.99000e+02  -99.000  -99.000  -999
OBS: 8006  56340.492    27.00   0.0000e+00   5.1280e+01   2.2236e+00   0  J  0.00  1   !  -9.99000e+02  -99.000  -99.000  -999
OBS: 8006  56342.492    29.00   0.0000e+00   5.1134e+01   2.3018e+00   0  J  0.00  1   !  -9.99000e+02  -99.000  -99.000  -999
OBS: 8006  56344.492    31.00   0.0000e+00   5.1812e+01   2.1968e+00   0  J  0.00  1   !  -9.99000e+02  -99.000  -99.000  -999
OBS: 8006  56346.492    33.00   0.0000e+00   5.5095e+01   2.0075e+00   0  J  0.00  1   !  -9.99000e+02  -99.000  -99.000  -999
OBS: 8006  56348.492    35.00   0.0000e+00   5.8870e+01   1.7838e+00   0  J  0.00  1   !  -9.99000e+02  -99.000  -99.000  -999
OBS: 8006  56350.492    37.00   0.0000e+00   6.1319e+01   1.7249e+00   0  J  0.00  1   !  -9.99000e+02  -99.000  -99.000  -999
OBS: 8006  56352.492    39.00   0.0000e+00   6.1808e+01   1.6611e+00   0  J  0.00  1   !  -9.99000e+02  -99.000  -99.000  -999
OBS: 8006  56354.492    41.00   0.0000e+00   6.0419e+01   1.5812e+00   0  J  0.00  1   !  -9.99000e+02  -99.000  -99.000  -999
OBS: 8006  56356.492    43.00   0.0000e+00   5.8272e+01   1.5250e+00   0  J  0.00  1   !  -9.99000e+02  -99.000  -99.000  -999
OBS: 8006  56358.492    45.00   0.0000e+00   5.5494e+01   1.4930e+00   0  J  0.00  1   !  -9.99000e+02  -99.000  -99.000  -999
OBS: 8006  56360.492    47.00   0.0000e+00   5.2222e+01   1.4107e+00   0  J  0.00  1   !  -9.99000e+02  -99.000  -99.000  -999
OBS: 8006  56362.492    49.00   0.0000e+00   4.9613e+01   1.3557e+00   0  J  0.00  1   !  -9.99000e+02  -99.000  -99.000  -999
OBS: 8006  56364.492    51.00   0.0000e+00   4.6684e+01   1.3343e+00   0  J  0.00  1   !  -9.99000e+02  -99.000  -99.000  -999
OBS: 8006  56366.492    53.00   0.0000e+00   4.3161e+01   1.3720e+00   0  J  0.00  1   !  -9.99000e+02  -99.000  -99.000  -999
OBS: 8006  56368.492    55.00   0.0000e+00   3.9570e+01   1.4831e+00   0  J  0.00  1   !  -9.99000e+02  -99.000  -99.000  -999
OBS: 8006  56370.492    57.00   0.0000e+00   3.6312e+01   1.4373e+00   0  J  0.00  1   !  -9.99000e+02  -99.000  -99.000  -999
OBS: 8006  56372.492    59.00   0.0000e+00   3.3530e+01   1.2337e+00   0  J  0.00  1   !  -9.99000e+02  -99.000  -99.000  -999
OBS: 8006  56374.492    61.00   0.0000e+00   3.1068e+01   1.0567e+00   0  J  0.00  1   !  -9.99000e+02  -99.000  -99.000  -999
OBS: 8006  56376.492    63.00   0.0000e+00   2.8594e+01   1.0425e+00   0  J  0.00  1   !  -9.99000e+02  -99.000  -99.000  -999
OBS: 8006  56378.492    65.00   0.0000e+00   2.6162e+01   1.1115e+00   0  J  0.00  1   !  -9.99000e+02  -99.000  -99.000  -999
OBS: 8006  56380.492    67.00   0.0000e+00   2.3667e+01   1.1750e+00   0  J  0.00  1   !  -9.99000e+02  -99.000  -99.000  -999
OBS: 8006  56382.492    69.00   0.0000e+00   2.1163e+01   1.2738e+01   0  J  0.00  1   !  -9.99000e+02  -99.000  -99.000  -999
OBS: 8006  56384.492    71.00   0.0000e+00   1.8776e+01   1.1302e+01   0  J  0.00  1   !  -9.99000e+02  -99.000  -99.000  -999
OBS: 8006  56386.492    73.00   0.0000e+00   1.7318e+01   1.0424e+01   0  J  0.00  1   !  -9.99000e+02  -99.000  -99.000  -999
OBS: 8006  56388.492    75.00   0.0000e+00   1.6113e+01   9.6983e+00   0  J  0.00  1   !  -9.99000e+02  -99.000  -99.000  -999
OBS: 8006  56390.492    77.00   0.0000e+00   1.5056e+01   9.0624e+00   0  J  0.00  1   !  -9.99000e+02  -99.000  -99.000  -999
OBS: 8006  56392.492    79.00   0.0000e+00   1.4180e+01   8.5352e+00   0  J  0.00  1   !  -9.99000e+02  -99.000  -99.000  -999
OBS: 8006  56394.492    81.00   0.0000e+00   1.3398e+01   8.0645e+00   0  J  0.00  1   !  -9.99000e+02  -99.000  -99.000  -999
OBS: 8006  56396.492    83.00   0.0000e+00   1.1769e+01   7.0838e+00   0  J  0.00  1   !  -9.99000e+02  -99.000  -99.000  -999
OBS: 8006  56398.492    85.00   0.0000e+00   1.0327e+01   6.2160e+00   0  J  0.00  1   !  -9.99000e+02  -99.000  -99.000  -999
OBS: 8006  56400.492    87.00   0.0000e+00   9.1550e+00   5.5105e+00   0  J  0.00  1   !  -9.99000e+02  -99.000  -99.000  -999
OBS: 8006  56402.492    89.00   0.0000e+00   8.1866e+00   4.9276e+00   0  J  0.00  1   !  -9.99000e+02  -99.000  -99.000  -999
OBS: 8006  56404.492    91.00   0.0000e+00   7.4009e+00   4.4547e+00   0  J  0.00  1   !  -9.99000e+02  -99.000  -99.000  -999
OBS: 8006  56406.492    93.00   0.0000e+00   6.7538e+00   4.0652e+00   0  J  0.00  1   !  -9.99000e+02  -99.000  -99.000  -999
OBS: 8006  56408.492    95.00   0.0000e+00   6.2188e+00   3.7432e+00   0  J  0.00  1   !  -9.99000e+02  -99.000  -99.000  -999
OBS: 8006  56410.492    97.00   0.0000e+00   5.7453e+00   3.4581e+00   0  J  0.00  1   !  -9.99000e+02  -99.000  -99.000  -999
OBS: 8006  56412.492    99.00   0.0000e+00   5.3390e+00   3.2136e+00   0  J  0.00  1   !  -9.99000e+02  -99.000  -99.000  -999
OBS: 8006  56414.492   101.00   0.0000e+00   4.9002e+00   2.9495e+00   0  J  0.00  1   !  -9.99000e+02  -99.000  -99.000  -999
OBS: 8006  56416.492   103.00   0.0000e+00   4.4667e+00   2.6885e+00   0  J  0.00  1   !  -9.99000e+02  -99.000  -99.000  -999
OBS: 8006  56418.492   105.00   0.0000e+00   4.0732e+00   2.4517e+00   0  J  0.00  1   !  -9.99000e+02  -99.000  -99.000  -999
OBS: 8006  56420.492   107.00   0.0000e+00   3.7203e+00   2.2393e+00   0  J  0.00  1   !  -9.99000e+02  -99.000  -99.000  -999
OBS: 8006  56422.492   109.00   0.0000e+00   3.3997e+00   2.0463e+00   0  J  0.00  1   !  -9.99000e+02  -99.000  -99.000  -999
OBS: 8006  56424.492   111.00   0.0000e+00   3.1119e+00   1.8731e+00   0  J  0.00  1   !  -9.99000e+02  -99.000  -99.000  -999
OBS: 8006  56426.492   113.00   0.0000e+00   2.8519e+00   1.7166e+00   0  J  0.00  1   !  -9.99000e+02  -99.000  -99.000  -999
OBS: 8006  56428.492   115.00   0.0000e+00   2.6107e+00   1.5714e+00   0  J  0.00  1   !  -9.99000e+02  -99.000  -99.000  -999
OBS: 8006  56430.492   117.00   0.0000e+00   2.3608e+00   1.4210e+00   0  J  0.00  1   !  -9.99000e+02  -99.000  -99.000  -999
OBS: 8006  56432.492   119.00   0.0000e+00   2.1348e+00   1.2850e+00   0  J  0.00  1   !  -9.99000e+02  -99.000  -99.000  -999
OBS: 8006  56434.492   121.00   0.0000e+00   1.9304e+00   1.1619e+00   0  J  0.00  1   !  -9.99000e+02  -99.000  -99.000  -999
OBS: 8006  56436.492   123.00   0.0000e+00   1.7455e+00   1.0506e+00   0  J  0.00  1   !  -9.99000e+02  -99.000  -99.000  -999
OBS: 8006  56438.492   125.00   0.0000e+00   1.5783e+00   9.4998e-01   0  J  0.00  1   !  -9.99000e+02  -99.000  -99.000  -999
OBS: 8006  56440.492   127.00   0.0000e+00   1.4270e+00   8.5893e-01   0  J  0.00  1   !  -9.99000e+02  -99.000  -99.000  -999
OBS: 8006  56442.492   129.00   0.0000e+00   1.2902e+00   7.7661e-01   0  J  0.00  1   !  -9.99000e+02  -99.000  -99.000  -999
OBS: 8006  56444.492   131.00   0.0000e+00   1.1667e+00   7.0226e-01   0  J  0.00  1   !  -9.99000e+02  -99.000  -99.000  -999
OBS: 8006  56446.492   133.00   0.0000e+00   1.0549e+00   6.3497e-01   0  J  0.00  1   !  -9.99000e+02  -99.000  -99.000  -999
OBS: 8006  56448.492   135.00   0.0000e+00   9.5372e-01   5.7405e-01   0  J  0.00  1   !  -9.99000e+02  -99.000  -99.000  -999
OBS: 8006  56450.492   137.00   0.0000e+00   8.6220e-01   5.1897e-01   0  J  0.00  1   !  -9.99000e+02  -99.000  -99.000  -999
OBS: 8006  56452.492   139.00   0.0000e+00   7.7943e-01   4.6915e-01   0  J  0.00  1   !  -9.99000e+02  -99.000  -99.000  -999
OBS: 8006  56321.090     7.60   2.5374e+01   2.5025e+01   4.8372e-01   1  H  0.02  1   J  1.55393e+18  0.532  1.358  1.00000e+11
OBS: 8006  56326.406    12.92   1.7286e+01   1.7017e+01   4.2573e-01   1  H  0.01  1   J  9.05408e+17  0.364  1.150  1.00000e+11
OBS: 8006  56334.316    20.82   1.5807e+01   1.5421e+01   4.1371e-01   1  H  0.03  1   J  6.42562e+17  0.099  0.655  1.00000e+11
OBS: 8006  56254.492   -59.00   0.0000e+00   0.0000e+00   0.0000e+00   0  H  0.00  1   !  -9.99000e+02  -99.000  -99.000  -999
OBS: 8006  56256.492   -57.00   0.0000e+00   0.0000e+00   0.0000e+00   0  H  0.00  1   !  -9.99000e+02  -99.000  -99.000  -999
OBS: 8006  56258.492   -55.00   0.0000e+00   0.0000e+00   0.0000e+00   0  H  0.00  1   !  -9.99000e+02  -99.000  -99.000  -999
OBS: 8006  56260.492   -53.00   0.0000e+00   0.0000e+00   0.0000e+00   0  H  0.00  1   !  -9.99000e+02  -99.000  -99.000  -999
OBS: 8006  56262.492   -51.00   0.0000e+00   0.0000e+00   0.0000e+00   0  H  0.00  1   !  -9.99000e+02  -99.000  -99.000  -999
OBS: 8006  56264.492   -49.00   0.0000e+00   0.0000e+00   0.0000e+00   0  H  0.00  1   !  -9.99000e+02  -99.000  -99.000  -999
OBS: 8006  56266.492   -47.00   0.0000e+00   0.0000e+00   0.0000e+00   0  H  0.00  1   !  -9.99000e+02  -99.000  -99.000  -999
OBS: 8006  56268.492   -45.00   0.0000e+00   0.0000e+00   0.0000e+00   0  H  0.00  1   !  -9.99000e+02  -99.000  -99.000  -999
OBS: 8006  56270.492   -43.00   0.0000e+00   0.0000e+00   0.0000e+00   0  H  0.00  1   !  -9.99000e+02  -99.000  -99.000  -999
OBS: 8006  56272.492   -41.00   0.0000e+00   0.0000e+00   0.0000e+00   0  H  0.00  1   !  -9.99000e+02  -99.000  -99.000  -999
OBS: 8006  56274.492   -39.00   0.0000e+00   0.0000e+00   0.0000e+00   0  H  0.00  1   !  -9.99000e+02  -99.000  -99.000  -999
OBS: 8006  56276.492   -37.00   0.0000e+00   0.0000e+00   0.0000e+00   0  H  0.00  1   !  -9.99000e+02  -99.000  -99.000  -999
OBS: 8006  56278.492   -35.00   0.0000e+00   0.0000e+00   0.0000e+00   0  H  0.00  1   !  -9.99000e+02  -99.000  -99.000  -999
OBS: 8006  56280.492   -33.00   0.0000e+00   0.0000e+00   0.0000e+00   0  H  0.00  1   !  -9.99000e+02  -99.000  -99.000  -999
OBS: 8006  56282.492   -31.00   0.0000e+00   0.0000e+00   0.0000e+00   0  H  0.00  1   !  -9.99000e+02  -99.000  -99.000  -999
OBS: 8006  56284.492   -29.00   0.0000e+00   0.0000e+00   0.0000e+00   0  H  0.00  1   !  -9.99000e+02  -99.000  -99.000  -999
OBS: 8006  56286.492   -27.00   0.0000e+00   0.0000e+00   0.0000e+00   0  H  0.00  1   !  -9.99000e+02  -99.000  -99.000  -999
OBS: 8006  56288.492   -25.00   0.0000e+00   9.4994e+00   5.7178e+00   0  H  0.00  1   !  -9.99000e+02  -99.000  -99.000  -999
OBS: 8006  56290.492   -23.00   0.0000e+00   1.0154e+01   6.1119e+00   0  H  0.00  1   !  -9.99000e+02  -99.000  -99.000  -999
OBS: 8006  56292.492   -21.00   0.0000e+00   1.0163e+01   6.1175e+00   0  H  0.00  1   !  -9.99000e+02  -99.000  -99.000  -999
OBS: 8006  56294.492   -19.00   0.0000e+00   1.4755e+01   3.3933e+00   0  H  0.00  1   !  -9.99000e+02  -99.000  -99.000  -999
OBS: 8006  56296.492   -17.00   0.0000e+00   2.2973e+01   1.5648e+00   0  H  0.00  1   !  -9.99000e+02  -99.000  -99.000  -999
OBS: 8006  56298.492   -15.00   0.0000e+00   3.1403e+01   1.1054e+00   0  H  0.00  1   !  -9.99000e+02  -99.000  -99.000  -999
OBS: 8006  56300.492   -13.00   0.0000e+00   3.8201e+01   1.2578e+00   0  H  0.00  1   !  -9.99000e+02  -99.000  -99.000  -999
OBS: 8006  56302.492   -11.00   0.0000e+00   4.3258e+01   1.1681e+00   0  H  0.00  1   !  -9.99000e+02  -99.000  -99.000  -999
OBS: 8006  56304.492    -9.00   0.0000e+00   4.6087e+01   9.1177e-01   0  H  0.00  1   !  -9.99000e+02  -99.000  -99.000  -999
OBS: 8006  56306.492    -7.00   0.0000e+00   4.7573e+01   7.6169e-01   0  H  0.00  1   !  -9.99000e+02  -99.000  -99.000  -999
OBS: 8006  56308.492    -5.00   0.0000e+00   4.7206e+01   7.6018e-01   0  H  0.00  1   !  -9.99000e+02  -99.000  -99.000  -999
OBS: 8006  56310.492    -3.00   0.0000e+00   4.5230e+01   8.0451e-01   0  H  0.00  1   !  -9.99000e+02  -99.000  -99.000  -999
OBS: 8006  56312.492    -1.00   0.0000e+00   4.2430e+01   7.9849e-01   0  H  0.00  1   !  -9.99000e+02  -99.000  -99.000  -999
OBS: 8006  56314.492     1.00   0.0000e+00   3.8419e+01   7.7344e-01   0  H  0.00  1   !  -9.99000e+02  -99.000  -99.000  -999
OBS: 8006  56316.492     3.00   0.0000e+00   3.4022e+01   7.5054e-01   0  H  0.00  1   !  -9.99000e+02  -99.000  -99.000  -999
OBS: 8006  56318.492     5.00   0.0000e+00   2.9852e+01   7.1684e-01   0  H  0.00  1   !  -9.99000e+02  -99.000  -99.000  -999
OBS: 8006  56320.492     7.00   0.0000e+00   2.6245e+01   7.4372e-01   0  H  0.00  1   !  -9.99000e+02  -99.000  -99.000  -999
OBS: 8006  56322.492     9.00   0.0000e+00   2.2642e+01   7.8270e-01   0  H  0.00  1   !  -9.99000e+02  -99.000  -99.000  -999
OBS: 8006  56324.492    11.00   0.0000e+00   1.9429e+01   8.8457e-01   0  H  0.00  1   !  -9.99000e+02  -99.000  -99.000  -999
OBS: 8006  56326.492    13.00   0.0000e+00   1.7039e+01   1.0149e+00   0  H  0.00  1   !  -9.99000e+02  -99.000  -99.000  -999
OBS: 8006  56328.492    15.00   0.0000e+00   1.5484e+01   1.1162e+00   0  H  0.00  1   !  -9.99000e+02  -99.000  -99.000  -999
OBS: 8006  56330.492    17.00   0.0000e+00   1.5002e+01   1.1733e+00   0  H  0.00  1   !  -9.99000e+02  -99.000  -99.000  -999
OBS: 8006  56332.492    19.00   0.0000e+00   1.5244e+01   1.2211e+00   0  H  0.00  1   !  -9.99000e+02  -99.000  -99.000  -999
OBS: 8006  56334.492    21.00   0.0000e+00   1.5714e+01   1.2939e+00   0  H  0.00  1   !  -9.99000e+02  -99.000  -99.000  -999
OBS: 8006  56336.492    23.00   0.0000e+00   1.6387e+01   1.3969e+00   0  H  0.00  1   !  -9.99000e+02  -99.000  -99.000  -999
OBS: 8006  56338.492    25.00   0.0000e+00   1.7182e+01   1.4389e+00   0  H  0.00  1   !  -9.99000e+02  -99.000  -99.000  -999
OBS: 8006  56340.492    27.00   0.0000e+00   1.8168e+01   1.4385e+00   0  H  0.00  1   !  -9.99000e+02  -99.000  -99.000  -999
OBS: 8006  56342.492    29.00   0.0000e+00   1.9767e+01   1.5544e+00   0  H  0.00  1   !  -9.99000e+02  -99.000  -99.000  -999
OBS: 8006  56344.492    31.00   0.0000e+00   2.1741e+01   1.5914e+00   0  H  0.00  1   !  -9.99000e+02  -99.000  -99.000  -999
OBS: 8006  56346.492    33.00   0.0000e+00   2.3468e+01   1.4885e+00   0  H  0.00  1   !  -9.99000e+02  -99.000  -99.000  -999
OBS: 8006  56348.492    35.00   0.0000e+00   2.5362e+01   1.4702e+00   0  H  0.00  1   !  -9.99000e+02  -99.000  -99.000  -999
OBS: 8006  56350.492    37.00   0.0000e+00   2.7151e+01   1.6405e+00   0  H  0.00  1   !  -9.99000e+02  -99.000  -99.000  -999
OBS: 8006  56352.492    39.00   0.0000e+00   2.8774e+01   1.7833e+00   0  H  0.00  1   !  -9.99000e+02  -99.000  -99.000  -999
OBS: 8006  56354.492    41.00   0.0000e+00   3.0112e+01   1.7935e+00   0  H  0.00  1   !  -9.99000e+02  -99.000  -99.000  -999
OBS: 8006  56356.492    43.00   0.0000e+00   3.1561e+01   1.8243e+00   0  H  0.00  1   !  -9.99000e+02  -99.000  -99.000  -999
OBS: 8006  56358.492    45.00   0.0000e+00   3.2597e+01   1.9061e+00   0  H  0.00  1   !  -9.99000e+02  -99.000  -99.000  -999
OBS: 8006  56360.492    47.00   0.0000e+00   3.2744e+01   1.9928e+00   0  H  0.00  1   !  -9.99000e+02  -99.000  -99.000  -999
OBS: 8006  56362.492    49.00   0.0000e+00   3.1275e+01   2.2509e+00   0  H  0.00  1   !  -9.99000e+02  -99.000  -99.000  -999
OBS: 8006  56364.492    51.00   0.0000e+00   2.8856e+01   2.3139e+00   0  H  0.00  1   !  -9.99000e+02  -99.000  -99.000  -999
OBS: 8006  56366.492    53.00   0.0000e+00   2.5890e+01   2.2522e+00   0  H  0.00  1   !  -9.99000e+02  -99.000  -99.000  -999
OBS: 8006  56368.492    55.00   0.0000e+00   2.2929e+01   2.2784e+00   0  H  0.00  1   !  -9.99000e+02  -99.000  -99.000  -999
OBS: 8006  56370.492    57.00   0.0000e+00   2.0376e+01   2.2721e+00   0  H  0.00  1   !  -9.99000e+02  -99.000  -99.000  -999
OBS: 8006  56372.492    59.00   0.0000e+00   1.8660e+01   2.2737e+00   0  H  0.00  1   !  -9.99000e+02  -99.000  -99.000  -999
OBS: 8006  56374.492    61.00   0.0000e+00   1.7566e+01   2.3549e+00   0  H  0.00  1   !  -9.99000e+02  -99.000  -99.000  -999
OBS: 8006  56376.492    63.00   0.0000e+00   1.6695e+01   2.9300e+00   0  H  0.00  1   !  -9.99000e+02  -99.000  -99.000  -999
OBS: 8006  56378.492    65.00   0.0000e+00   1.5671e+01   3.9526e+00   0  H  0.00  1   !  -9.99000e+02  -99.000  -99.000  -999
OBS: 8006  56380.492    67.00   0.0000e+00   1.4543e+01   4.7212e+00   0  H  0.00  1   !  -9.99000e+02  -99.000  -99.000  -999
OBS: 8006  56382.492    69.00   0.0000e+00   1.3468e+01   8.1066e+00   0  H  0.00  1   !  -9.99000e+02  -99.000  -99.000  -999
OBS: 8006  56384.492    71.00   0.0000e+00   1.2525e+01   7.5387e+00   0  H  0.00  1   !  -9.99000e+02  -99.000  -99.000  -999
OBS: 8006  56386.492    73.00   0.0000e+00   1.1389e+01   6.8552e+00   0  H  0.00  1   !  -9.99000e+02  -99.000  -99.000  -999
OBS: 8006  56388.492    75.00   0.0000e+00   1.0319e+01   6.2113e+00   0  H  0.00  1   !  -9.99000e+02  -99.000  -99.000  -999
OBS: 8006  56390.492    77.00   0.0000e+00   9.3700e+00   5.6399e+00   0  H  0.00  1   !  -9.99000e+02  -99.000  -99.000  -999
OBS: 8006  56392.492    79.00   0.0000e+00   8.5750e+00   5.1614e+00   0  H  0.00  1   !  -9.99000e+02  -99.000  -99.000  -999
OBS: 8006  56394.492    81.00   0.0000e+00   7.8809e+00   4.7436e+00   0  H  0.00  1   !  -9.99000e+02  -99.000  -99.000  -999
OBS: 8006  56396.492    83.00   0.0000e+00   6.6500e+00   4.0027e+00   0  H  0.00  1   !  -9.99000e+02  -99.000  -99.000  -999
OBS: 8006  56398.492    85.00   0.0000e+00   5.7127e+00   3.4385e+00   0  H  0.00  1   !  -9.99000e+02  -99.000  -99.000  -999
OBS: 8006  56400.492    87.00   0.0000e+00   4.9908e+00   3.0040e+00   0  H  0.00  1   !  -9.99000e+02  -99.000  -99.000  -999
OBS: 8006  56402.492    89.00   0.0000e+00   4.4028e+00   2.6501e+00   0  H  0.00  1   !  -9.99000e+02  -99.000  -99.000  -999
OBS: 8006  56404.492    91.00   0.0000e+00   3.9077e+00   2.3521e+00   0  H  0.00  1   !  -9.99000e+02  -99.000  -99.000  -999
OBS: 8006  56406.492    93.00   0.0000e+00   3.4728e+00   2.0903e+00   0  H  0.00  1   !  -9.99000e+02  -99.000  -99.000  -999
OBS: 8006  56408.492    95.00   0.0000e+00   3.0697e+00   1.8477e+00   0  H  0.00  1   !  -9.99000e+02  -99.000  -99.000  -999
OBS: 8006  56410.492    97.00   0.0000e+00   2.6882e+00   1.6181e+00   0  H  0.00  1   !  -9.99000e+02  -99.000  -99.000  -999
OBS: 8006  56412.492    99.00   0.0000e+00   2.3131e+00   1.3923e+00   0  H  0.00  1   !  -9.99000e+02  -99.000  -99.000  -999
OBS: 8006  56414.492   101.00   0.0000e+00   2.0613e+00   1.2407e+00   0  H  0.00  1   !  -9.99000e+02  -99.000  -99.000  -999
OBS: 8006  56416.492   103.00   0.0000e+00   1.8787e+00   1.1308e+00   0  H  0.00  1   !  -9.99000e+02  -99.000  -99.000  -999
OBS: 8006  56418.492   105.00   0.0000e+00   1.7122e+00   1.0306e+00   0  H  0.00  1   !  -9.99000e+02  -99.000  -99.000  -999
OBS: 8006  56420.492   107.00   0.0000e+00   1.5600e+00   9.3897e-01   0  H  0.00  1   !  -9.99000e+02  -99.000  -99.000  -999
OBS: 8006  56422.492   109.00   0.0000e+00   1.4211e+00   8.5535e-01   0  H  0.00  1   !  -9.99000e+02  -99.000  -99.000  -999
OBS: 8006  56424.492   111.00   0.0000e+00   1.2936e+00   7.7863e-01   0  H  0.00  1   !  -9.99000e+02  -99.000  -99.000  -999
OBS: 8006  56426.492   113.00   0.0000e+00   1.1767e+00   7.0825e-01   0  H  0.00  1   !  -9.99000e+02  -99.000  -99.000  -999
OBS: 8006  56428.492   115.00   0.0000e+00   1.0721e+00   6.4531e-01   0  H  0.00  1   !  -9.99000e+02  -99.000  -99.000  -999
OBS: 8006  56430.492   117.00   0.0000e+00   9.8590e-01   5.9343e-01   0  H  0.00  1   !  -9.99000e+02  -99.000  -99.000  -999
OBS: 8006  56432.492   119.00   0.0000e+00   9.0650e-01   5.4563e-01   0  H  0.00  1   !  -9.99000e+02  -99.000  -99.000  -999
OBS: 8006  56434.492   121.00   0.0000e+00   8.3355e-01   5.0172e-01   0  H  0.00  1   !  -9.99000e+02  -99.000  -99.000  -999
OBS: 8006  56436.492   123.00   0.0000e+00   7.6676e-01   4.6152e-01   0  H  0.00  1   !  -9.99000e+02  -99.000  -99.000  -999
OBS: 8006  56438.492   125.00   0.0000e+00   7.0546e-01   4.2462e-01   0  H  0.00  1   !  -9.99000e+02  -99.000  -99.000  -999
OBS: 8006  56440.492   127.00   0.0000e+00   6.4915e-01   3.9073e-01   0  H  0.00  1   !  -9.99000e+02  -99.000  -99.000  -999
OBS: 8006  56442.492   129.00   0.0000e+00   5.9801e-01   3.5995e-01   0  H  0.00  1   !  -9.99000e+02  -99.000  -99.000  -999
OBS: 8006  56444.492   131.00   0.0000e+00   5.4973e-01   3.3089e-01   0  H  0.00  1   !  -9.99000e+02  -99.000  -99.000  -999
OBS: 8006  56446.492   133.00   0.0000e+00   5.0851e-01   3.0608e-01   0  H  0.00  1   !  -9.99000e+02  -99.000  -99.000  -999
OBS: 8006  56448.492   135.00   0.0000e+00   4.7412e-01   2.8538e-01   0  H  0.00  1   !  -9.99000e+02  -99.000  -99.000  -999
OBS: 8006  56450.492   137.00   0.0000e+00   4.4205e-01   2.6608e-01   0  H  0.00  1   !  -9.99000e+02  -99.000  -99.000  -999
OBS: 8006  56452.492   139.00   0.0000e+00   4.1216e-01   2.4808e-01   0  H  0.00  1   !  -9.99000e+02  -99.000  -99.000  -999
