VARNAMES: CID MJD Tobs SIM_FLUXCAL FLUXCAL FLUXCAL_ERR DATAFLAG BAND CHI2 IFIT BAND_REST FLUX_REST KCOR AVWARP SIM_FLUX_REST 
OBS: 7359  56265.105    18.21   7.2597e+01   7.1513e+01   6.8891e-01   1  J  0.13  1   Y  1.23858e+18  0.042  -1.301  1.00000e+11
OBS: 7359  56272.180    25.28   9.0016e+01   9.0699e+01   7.8627e-01   1  J  0.00  1   Y  1.60610e+18  0.066  -1.047  1.00000e+11
OBS: 7359  56278.887    31.99   1.1037e+02   1.1061e+02   8.8954e-01   1  J  0.00  1   Y  2.17081e+18  0.178  -0.989  1.00000e+11
OBS: 7359  56187.898   -59.00   0.0000e+00   0.0000e+00   0.0000e+00   0  J  0.00  1   !  -9.99000e+02  -99.000  -99.000  -999
OBS: 7359  56189.898   -57.00   0.0000e+00   0.0000e+00   0.0000e+00   0  J  0.00  1   !  -9.99000e+02  -99.000  -99.000  -999
OBS: 7359  56191.898   -55.00   0.0000e+00   0.0000e+00   0.0000e+00   0  J  0.00  1   !  -9.99000e+02  -99.000  -99.000  -999
OBS: 7359  56193.898   -53.00   0.0000e+00   0.0000e+00   0.0000e+00   0  J  0.00  1   !  -9.99000e+02  -99.000  -99.000  -999
OBS: 7359  56195.898   -51.00   0.0000e+00   0.0000e+00   0.0000e+00   0  J  0.00  1   !  -9.99000e+02  -99.000  -99.000  -999
OBS: 7359  56197.898   -49.00   0.0000e+00   0.0000e+00   0.0000e+00   0  J  0.00  1   !  -9.99000e+02  -99.000  -99.000  -999
OBS: 7359  56199.898   -47.00   0.0000e+00   0.0000e+00   0.0000e+00   0  J  0.00  1   !  -9.99000e+02  -99.000  -99.000  -999
OBS: 7359  56201.898   -45.00   0.0000e+00   0.0000e+00   0.0000e+00   0  J  0.00  1   !  -9.99000e+02  -99.000  -99.000  -999
OBS: 7359  56203.898   -43.00   0.0000e+00   0.0000e+00   0.0000e+00   0  J  0.00  1   !  -9.99000e+02  -99.000  -99.000  -999
OBS: 7359  56205.898   -41.00   0.0000e+00   0.0000e+00   0.0000e+00   0  J  0.00  1   !  -9.99000e+02  -99.000  -99.000  -999
OBS: 7359  56207.898   -39.00   0.0000e+00   0.0000e+00   0.0000e+00   0  J  0.00  1   !  -9.99000e+02  -99.000  -99.000  -999
OBS: 7359  56209.898   -37.00   0.0000e+00   0.0000e+00   0.0000e+00   0  J  0.00  1   !  -9.99000e+02  -99.000  -99.000  -999
OBS: 7359  56211.898   -35.00   0.0000e+00   0.0000e+00   0.0000e+00   0  J  0.00  1   !  -9.99000e+02  -99.000  -99.000  -999
OBS: 7359  56213.898   -33.00   0.0000e+00   0.0000e+00   0.0000e+00   0  J  0.00  1   !  -9.99000e+02  -99.000  -99.000  -999
OBS: 7359  56215.898   -31.00   0.0000e+00   0.0000e+00   0.0000e+00   0  J  0.00  1   !  -9.99000e+02  -99.000  -99.000  -999
OBS: 7359  56217.898   -29.00   0.0000e+00   0.0000e+00   0.0000e+00   0  J  0.00  1   !  -9.99000e+02  -99.000  -99.000  -999
OBS: 7359  56219.898   -27.00   0.0000e+00   0.0000e+00   0.0000e+00   0  J  0.00  1   !  -9.99000e+02  -99.000  -99.000  -999
OBS: 7359  56221.898   -25.00   0.0000e+00   2.0074e+01   1.2083e+01   0  J  0.00  1   !  -9.99000e+02  -99.000  -99.000  -999
OBS: 7359  56223.898   -23.00   0.0000e+00   2.1338e+01   1.2844e+01   0  J  0.00  1   !  -9.99000e+02  -99.000  -99.000  -999
OBS: 7359  56225.898   -21.00   0.0000e+00   2.1456e+01   1.2915e+01   0  J  0.00  1   !  -9.99000e+02  -99.000  -99.000  -999
OBS: 7359  56227.898   -19.00   0.0000e+00   2.1446e+01   1.2909e+01   0  J  0.00  1   !  -9.99000e+02  -99.000  -99.000  -999
OBS: 7359  56229.898   -17.00   0.0000e+00   3.8820e+01   6.6382e+00   0  J  0.00  1   !  -9.99000e+02  -99.000  -99.000  -999
OBS: 7359  56231.898   -15.00   0.0000e+00   6.0468e+01   4.6038e+00   0  J  0.00  1   !  -9.99000e+02  -99.000  -99.000  -999
OBS: 7359  56233.898   -13.00   0.0000e+00   8.0529e+01   4.1641e+00   0  J  0.00  1   !  -9.99000e+02  -99.000  -99.000  -999
OBS: 7359  56235.898   -11.00   0.0000e+00   9.8162e+01   3.9507e+00   0  J  0.00  1   !  -9.99000e+02  -99.000  -99.000  -999
OBS: 7359  56237.898    -9.00   0.0000e+00   1.1337e+02   3.5476e+00   0  J  0.00  1   !  -9.99000e+02  -99.000  -99.000  -999
OBS: 7359  56239.898    -7.00   0.0000e+00   1.2336e+02   3.2807e+00   0  J  0.00  1   !  -9.99000e+02  -99.000  -99.000  -999
OBS: 7359  56241.898    -5.00   0.0000e+00   1.2756e+02   3.4387e+00   0  J  0.00  1   !  -9.99000e+02  -99.000  -99.000  -999
OBS: 7359  56243.898    -3.00   0.0000e+00   1.2315e+02   3.5948e+00   0  J  0.00  1   !  -9.99000e+02  -99.000  -99.000  -999
OBS: 7359  56245.898    -1.00   0.0000e+00   1.1438e+02   3.5953e+00   0  J  0.00  1   !  -9.99000e+02  -99.000  -99.000  -999
OBS: 7359  56247.898     1.00   0.0000e+00   1.0410e+02   3.4853e+00   0  J  0.00  1   !  -9.99000e+02  -99.000  -99.000  -999
OBS: 7359  56249.898     3.00   0.0000e+00   9.5030e+01   3.5040e+00   0  J  0.00  1   !  -9.99000e+02  -99.000  -99.000  -999
OBS: 7359  56251.898     5.00   0.0000e+00   8.7201e+01   3.6228e+00   0  J  0.00  1   !  -9.99000e+02  -99.000  -99.000  -999
OBS: 7359  56253.898     7.00   0.0000e+00   7.9546e+01   3.6994e+00   0  J  0.00  1   !  -9.99000e+02  -99.000  -99.000  -999
OBS: 7359  56255.898     9.00   0.0000e+00   7.2817e+01   3.7737e+00   0  J  0.00  1   !  -9.99000e+02  -99.000  -99.000  -999
OBS: 7359  56257.898    11.00   0.0000e+00   6.9291e+01   4.0155e+00   0  J  0.00  1   !  -9.99000e+02  -99.000  -99.000  -999
OBS: 7359  56259.898    13.00   0.0000e+00   6.8026e+01   4.1318e+00   0  J  0.00  1   !  -9.99000e+02  -99.000  -99.000  -999
OBS: 7359  56261.898    15.00   0.0000e+00   6.8294e+01   4.1275e+00   0  J  0.00  1   !  -9.99000e+02  -99.000  -99.000  -999
OBS: 7359  56263.898    17.00   0.0000e+00   7.0726e+01   4.0510e+00   0  J  0.00  1   !  -9.99000e+02  -99.000  -99.000  -999
OBS: 7359  56265.898    19.00   0.0000e+00   7.4812e+01   4.0502e+00   0  J  0.00  1   !  -9.99000e+02  -99.000  -99.000  -999
OBS: 7359  56267.898    21.00   0.0000e+00   7.9852e+01   4.1566e+00   0  J  0.00  1   !  -9.99000e+02  -99.000  -99.000  -999
OBS: 7359  56269.898    23.00   0.0000e+00   8.5019e+01   4.2403e+00   0  J  0.00  1   !  -9.99000e+02  -99.000  -99.000  -999
OBS: 7359  56271.898    25.00   0.0000e+00   9.0036e+01   4.4409e+00   0  J  0.00  1   !  -9.99000e+02  -99.000  -99.000  -999
OBS: 7359  56273.898    27.00   0.0000e+00   9.3208e+01   4.4320e+00   0  J  0.00  1   !  -9.99000e+02  -99.000  -99.000  -999
OBS: 7359  56275.898    29.00   0.0000e+00   9.7700e+01   4.2821e+00   0  J  0.00  1   !  -9.99000e+02  -99.000  -99.000  -999
OBS: 7359  56277.898    31.00   0.0000e+00   1.0600e+02   4.2018e+00   0  J  0.00  1   !  -9.99000e+02  -99.000  -99.000  -999
OBS: 7359  56279.898    33.00   0.0000e+00   1.1526e+02   4.1282e+00   0  J  0.00  1   !  -9.99000e+02  -99.000  -99.000  -999
OBS: 7359  56281.898    35.00   0.0000e+00   1.2135e+02   4.0137e+00   0  J  0.00  1   !  -9.99000e+02  -99.000  -99.000  -999
OBS: 7359  56283.898    37.00   0.0000e+00   1.2358e+02   4.0177e+00   0  J  0.00  1   !  -9.99000e+02  -99.000  -99.000  -999
OBS: 7359  56285.898    39.00   0.0000e+00   1.2320e+02   3.9553e+00   0  J  0.00  1   !  -9.99000e+02  -99.000  -99.000  -999
OBS: 7359  56287.898    41.00   0.0000e+00   1.2177e+02   3.8325e+00   0  J  0.00  1   !  -9.99000e+02  -99.000  -99.000  -999
OBS: 7359  56289.898    43.00   0.0000e+00   1.1879e+02   3.6747e+00   0  J  0.00  1   !  -9.99000e+02  -99.000  -99.000  -999
OBS: 7359  56291.898    45.00   0.0000e+00   1.1517e+02   3.5020e+00   0  J  0.00  1   !  -9.99000e+02  -99.000  -99.000  -999
OBS: 7359  56293.898    47.00   0.0000e+00   1.1028e+02   3.5451e+00   0  J  0.00  1   !  -9.99000e+02  -99.000  -99.000  -999
OBS: 7359  56295.898    49.00   0.0000e+00   1.0313e+02   3.6066e+00   0  J  0.00  1   !  -9.99000e+02  -99.000  -99.000  -999
OBS: 7359  56297.898    51.00   0.0000e+00   9.4967e+01   3.6530e+00   0  J  0.00  1   !  -9.99000e+02  -99.000  -99.000  -999
OBS: 7359  56299.898    53.00   0.0000e+00   8.7295e+01   3.4784e+00   0  J  0.00  1   !  -9.99000e+02  -99.000  -99.000  -999
OBS: 7359  56301.898    55.00   0.0000e+00   8.0813e+01   3.1571e+00   0  J  0.00  1   !  -9.99000e+02  -99.000  -99.000  -999
OBS: 7359  56303.898    57.00   0.0000e+00   7.5383e+01   2.9063e+00   0  J  0.00  1   !  -9.99000e+02  -99.000  -99.000  -999
OBS: 7359  56305.898    59.00   0.0000e+00   7.0098e+01   2.8814e+00   0  J  0.00  1   !  -9.99000e+02  -99.000  -99.000  -999
OBS: 7359  56307.898    61.00   0.0000e+00   6.4384e+01   2.9967e+00   0  J  0.00  1   !  -9.99000e+02  -99.000  -99.000  -999
OBS: 7359  56309.898    63.00   0.0000e+00   5.8174e+01   1.5267e+01   0  J  0.00  1   !  -9.99000e+02  -99.000  -99.000  -999
OBS: 7359  56311.898    65.00   0.0000e+00   5.1862e+01   3.1216e+01   0  J  0.00  1   !  -9.99000e+02  -99.000  -99.000  -999
OBS: 7359  56313.898    67.00   0.0000e+00   4.6220e+01   2.7820e+01   0  J  0.00  1   !  -9.99000e+02  -99.000  -99.000  -999
OBS: 7359  56315.898    69.00   0.0000e+00   4.1810e+01   2.5166e+01   0  J  0.00  1   !  -9.99000e+02  -99.000  -99.000  -999
OBS: 7359  56317.898    71.00   0.0000e+00   3.8109e+01   2.2938e+01   0  J  0.00  1   !  -9.99000e+02  -99.000  -99.000  -999
OBS: 7359  56319.898    73.00   0.0000e+00   3.5195e+01   2.1184e+01   0  J  0.00  1   !  -9.99000e+02  -99.000  -99.000  -999
OBS: 7359  56321.898    75.00   0.0000e+00   3.2992e+01   1.9858e+01   0  J  0.00  1   !  -9.99000e+02  -99.000  -99.000  -999
OBS: 7359  56323.898    77.00   0.0000e+00   2.8626e+01   1.7230e+01   0  J  0.00  1   !  -9.99000e+02  -99.000  -99.000  -999
OBS: 7359  56325.898    79.00   0.0000e+00   2.4776e+01   1.4913e+01   0  J  0.00  1   !  -9.99000e+02  -99.000  -99.000  -999
OBS: 7359  56327.898    81.00   0.0000e+00   2.1714e+01   1.3070e+01   0  J  0.00  1   !  -9.99000e+02  -99.000  -99.000  -999
OBS: 7359  56329.898    83.00   0.0000e+00   1.9216e+01   1.1566e+01   0  J  0.00  1   !  -9.99000e+02  -99.000  -99.000  -999
OBS: 7359  56331.898    85.00   0.0000e+00   1.7169e+01   1.0334e+01   0  J  0.00  1   !  -9.99000e+02  -99.000  -99.000  -999
OBS: 7359  56333.898    87.00   0.0000e+00   1.5469e+01   9.3112e+00   0  J  0.00  1   !  -9.99000e+02  -99.000  -99.000  -999
OBS: 7359  56335.898    89.00   0.0000e+00   1.4008e+01   8.4314e+00   0  J  0.00  1   !  -9.99000e+02  -99.000  -99.000  -999
OBS: 7359  56337.898    91.00   0.0000e+00   1.2722e+01   7.6573e+00   0  J  0.00  1   !  -9.99000e+02  -99.000  -99.000  -999
OBS: 7359  56339.898    93.00   0.0000e+00   1.1563e+01   6.9599e+00   0  J  0.00  1   !  -9.99000e+02  -99.000  -99.000  -999
OBS: 7359  56341.898    95.00   0.0000e+00   1.0408e+01   6.2646e+00   0  J  0.00  1   !  -9.99000e+02  -99.000  -99.000  -999
OBS: 7359  56343.898    97.00   0.0000e+00   9.3710e+00   5.6405e+00   0  J  0.00  1   !  -9.99000e+02  -99.000  -99.000  -999
OBS: 7359  56345.898    99.00   0.0000e+00   8.4451e+00   5.0832e+00   0  J  0.00  1   !  -9.99000e+02  -99.000  -99.000  -999
OBS: 7359  56347.898   101.00   0.0000e+00   7.6149e+00   4.5835e+00   0  J  0.00  1   !  -9.99000e+02  -99.000  -99.000  -999
OBS: 7359  56349.898   103.00   0.0000e+00   6.8736e+00   4.1373e+00   0  J  0.00  1   !  -9.99000e+02  -99.000  -99.000  -999
OBS: 7359  56351.898   105.00   0.0000e+00   6.2118e+00   3.7390e+00   0  J  0.00  1   !  -9.99000e+02  -99.000  -99.000  -999
OBS: 7359  56353.898   107.00   0.0000e+00   5.6090e+00   3.3761e+00   0  J  0.00  1   !  -9.99000e+02  -99.000  -99.000  -999
OBS: 7359  56355.898   109.00   0.0000e+00   5.0257e+00   3.0250e+00   0  J  0.00  1   !  -9.99000e+02  -99.000  -99.000  -999
OBS: 7359  56357.898   111.00   0.0000e+00   4.5031e+00   2.7104e+00   0  J  0.00  1   !  -9.99000e+02  -99.000  -99.000  -999
OBS: 7359  56359.898   113.00   0.0000e+00   4.0347e+00   2.4285e+00   0  J  0.00  1   !  -9.99000e+02  -99.000  -99.000  -999
OBS: 7359  56361.898   115.00   0.0000e+00   3.6149e+00   2.1759e+00   0  J  0.00  1   !  -9.99000e+02  -99.000  -99.000  -999
OBS: 7359  56363.898   117.00   0.0000e+00   3.2390e+00   1.9496e+00   0  J  0.00  1   !  -9.99000e+02  -99.000  -99.000  -999
OBS: 7359  56365.898   119.00   0.0000e+00   2.9020e+00   1.7468e+00   0  J  0.00  1   !  -9.99000e+02  -99.000  -99.000  -999
OBS: 7359  56367.898   121.00   0.0000e+00   2.6000e+00   1.5650e+00   0  J  0.00  1   !  -9.99000e+02  -99.000  -99.000  -999
OBS: 7359  56369.898   123.00   0.0000e+00   2.3293e+00   1.4021e+00   0  J  0.00  1   !  -9.99000e+02  -99.000  -99.000  -999
OBS: 7359  56371.898   125.00   0.0000e+00   2.0868e+00   1.2561e+00   0  J  0.00  1   !  -9.99000e+02  -99.000  -99.000  -999
OBS: 7359  56373.898   127.00   0.0000e+00   1.8695e+00   1.1253e+00   0  J  0.00  1   !  -9.99000e+02  -99.000  -99.000  -999
OBS: 7359  56375.898   129.00   0.0000e+00   1.6748e+00   1.0081e+00   0  J  0.00  1   !  -9.99000e+02  -99.000  -99.000  -999
OBS: 7359  56377.898   131.00   0.0000e+00   1.5005e+00   9.0317e-01   0  J  0.00  1   !  -9.99000e+02  -99.000  -99.000  -999
OBS: 7359  56379.898   133.00   0.0000e+00   1.3444e+00   8.0919e-01   0  J  0.00  1   !  -9.99000e+02  -99.000  -99.000  -999
OBS: 7359  56381.898   135.00   0.0000e+00   1.2043e+00   7.2488e-01   0  J  0.00  1   !  -9.99000e+02  -99.000  -99.000  -999
OBS: 7359  56383.898   137.00   0.0000e+00   1.0788e+00   6.4934e-01   0  J  0.00  1   !  -9.99000e+02  -99.000  -99.000  -999
OBS: 7359  56385.898   139.00   0.0000e+00   9.6636e-01   5.8166e-01   0  J  0.00  1   !  -9.99000e+02  -99.000  -99.000  -999
OBS: 7359  56265.109    18.21   2.5625e+01   2.5366e+01   5.0990e-01   1  H  0.00  1   J  7.35669e+17  0.602  1.947  1.00000e+11
OBS: 7359  56272.184    25.29   2.8187e+01   2.8231e+01   5.2837e-01   1  H  0.01  1   J  8.05687e+17  0.584  1.896  1.00000e+11
OBS: 7359  56278.891    31.99   3.3089e+01   3.3772e+01   5.6299e-01   1  H  0.13  1   J  9.23752e+17  0.538  0.910  1.00000e+11
OBS: 7359  56187.898   -59.00   0.0000e+00   0.0000e+00   0.0000e+00   0  H  0.00  1   !  -9.99000e+02  -99.000  -99.000  -999
OBS: 7359  56189.898   -57.00   0.0000e+00   0.0000e+00   0.0000e+00   0  H  0.00  1   !  -9.99000e+02  -99.000  -99.000  -999
OBS: 7359  56191.898   -55.00   0.0000e+00   0.0000e+00   0.0000e+00   0  H  0.00  1   !  -9.99000e+02  -99.000  -99.000  -999
OBS: 7359  56193.898   -53.00   0.0000e+00   0.0000e+00   0.0000e+00   0  H  0.00  1   !  -9.99000e+02  -99.000  -99.000  -999
OBS: 7359  56195.898   -51.00   0.0000e+00   0.0000e+00   0.0000e+00   0  H  0.00  1   !  -9.99000e+02  -99.000  -99.000  -999
OBS: 7359  56197.898   -49.00   0.0000e+00   0.0000e+00   0.0000e+00   0  H  0.00  1   !  -9.99000e+02  -99.000  -99.000  -999
OBS: 7359  56199.898   -47.00   0.0000e+00   0.0000e+00   0.0000e+00   0  H  0.00  1   !  -9.99000e+02  -99.000  -99.000  -999
OBS: 7359  56201.898   -45.00   0.0000e+00   0.0000e+00   0.0000e+00   0  H  0.00  1   !  -9.99000e+02  -99.000  -99.000  -999
OBS: 7359  56203.898   -43.00   0.0000e+00   0.0000e+00   0.0000e+00   0  H  0.00  1   !  -9.99000e+02  -99.000  -99.000  -999
OBS: 7359  56205.898   -41.00   0.0000e+00   0.0000e+00   0.0000e+00   0  H  0.00  1   !  -9.99000e+02  -99.000  -99.000  -999
OBS: 7359  56207.898   -39.00   0.0000e+00   0.0000e+00   0.0000e+00   0  H  0.00  1   !  -9.99000e+02  -99.000  -99.000  -999
OBS: 7359  56209.898   -37.00   0.0000e+00   0.0000e+00   0.0000e+00   0  H  0.00  1   !  -9.99000e+02  -99.000  -99.000  -999
OBS: 7359  56211.898   -35.00   0.0000e+00   0.0000e+00   0.0000e+00   0  H  0.00  1   !  -9.99000e+02  -99.000  -99.000  -999
OBS: 7359  56213.898   -33.00   0.0000e+00   0.0000e+00   0.0000e+00   0  H  0.00  1   !  -9.99000e+02  -99.000  -99.000  -999
OBS: 7359  56215.898   -31.00   0.0000e+00   0.0000e+00   0.0000e+00   0  H  0.00  1   !  -9.99000e+02  -99.000  -99.000  -999
OBS: 7359  56217.898   -29.00   0.0000e+00   0.0000e+00   0.0000e+00   0  H  0.00  1   !  -9.99000e+02  -99.000  -99.000  -999
OBS: 7359  56219.898   -27.00   0.0000e+00   0.0000e+00   0.0000e+00   0  H  0.00  1   !  -9.99000e+02  -99.000  -99.000  -999
OBS: 7359  56221.898   -25.00   0.0000e+00   2.6546e+01   1.5978e+01   0  H  0.00  1   !  -9.99000e+02  -99.000  -99.000  -999
OBS: 7359  56223.898   -23.00   0.0000e+00   2.6805e+01   1.6134e+01   0  H  0.00  1   !  -9.99000e+02  -99.000  -99.000  -999
OBS: 7359  56225.898   -21.00   0.0000e+00   2.7182e+01   1.6361e+01   0  H  0.00  1   !  -9.99000e+02  -99.000  -99.000  -999
OBS: 7359  56227.898   -19.00   0.0000e+00   2.7189e+01   1.6365e+01   0  H  0.00  1   !  -9.99000e+02  -99.000  -99.000  -999
OBS: 7359  56229.898   -17.00   0.0000e+00   4.2504e+01   4.6026e+00   0  H  0.00  1   !  -9.99000e+02  -99.000  -99.000  -999
OBS: 7359  56231.898   -15.00   0.0000e+00   6.1897e+01   2.1932e+00   0  H  0.00  1   !  -9.99000e+02  -99.000  -99.000  -999
OBS: 7359  56233.898   -13.00   0.0000e+00   7.8985e+01   2.3509e+00   0  H  0.00  1   !  -9.99000e+02  -99.000  -99.000  -999
OBS: 7359  56235.898   -11.00   0.0000e+00   9.1290e+01   2.6301e+00   0  H  0.00  1   !  -9.99000e+02  -99.000  -99.000  -999
OBS: 7359  56237.898    -9.00   0.0000e+00   9.7911e+01   2.2294e+00   0  H  0.00  1   !  -9.99000e+02  -99.000  -99.000  -999
OBS: 7359  56239.898    -7.00   0.0000e+00   1.0112e+02   1.9440e+00   0  H  0.00  1   !  -9.99000e+02  -99.000  -99.000  -999
OBS: 7359  56241.898    -5.00   0.0000e+00   1.0159e+02   1.9025e+00   0  H  0.00  1   !  -9.99000e+02  -99.000  -99.000  -999
OBS: 7359  56243.898    -3.00   0.0000e+00   9.7777e+01   2.0097e+00   0  H  0.00  1   !  -9.99000e+02  -99.000  -99.000  -999
OBS: 7359  56245.898    -1.00   0.0000e+00   9.1227e+01   2.0182e+00   0  H  0.00  1   !  -9.99000e+02  -99.000  -99.000  -999
OBS: 7359  56247.898     1.00   0.0000e+00   8.2088e+01   1.9831e+00   0  H  0.00  1   !  -9.99000e+02  -99.000  -99.000  -999
OBS: 7359  56249.898     3.00   0.0000e+00   7.1652e+01   1.9228e+00   0  H  0.00  1   !  -9.99000e+02  -99.000  -99.000  -999
OBS: 7359  56251.898     5.00   0.0000e+00   6.1483e+01   1.8638e+00   0  H  0.00  1   !  -9.99000e+02  -99.000  -99.000  -999
OBS: 7359  56253.898     7.00   0.0000e+00   5.1794e+01   1.8529e+00   0  H  0.00  1   !  -9.99000e+02  -99.000  -99.000  -999
OBS: 7359  56255.898     9.00   0.0000e+00   4.2633e+01   1.9171e+00   0  H  0.00  1   !  -9.99000e+02  -99.000  -99.000  -999
OBS: 7359  56257.898    11.00   0.0000e+00   3.4957e+01   2.1696e+00   0  H  0.00  1   !  -9.99000e+02  -99.000  -99.000  -999
OBS: 7359  56259.898    13.00   0.0000e+00   2.9669e+01   2.3212e+00   0  H  0.00  1   !  -9.99000e+02  -99.000  -99.000  -999
OBS: 7359  56261.898    15.00   0.0000e+00   2.6468e+01   2.2694e+00   0  H  0.00  1   !  -9.99000e+02  -99.000  -99.000  -999
OBS: 7359  56263.898    17.00   0.0000e+00   2.5448e+01   2.2055e+00   0  H  0.00  1   !  -9.99000e+02  -99.000  -99.000  -999
OBS: 7359  56265.898    19.00   0.0000e+00   2.5638e+01   2.1150e+00   0  H  0.00  1   !  -9.99000e+02  -99.000  -99.000  -999
OBS: 7359  56267.898    21.00   0.0000e+00   2.6488e+01   2.0256e+00   0  H  0.00  1   !  -9.99000e+02  -99.000  -99.000  -999
OBS: 7359  56269.898    23.00   0.0000e+00   2.7262e+01   2.0926e+00   0  H  0.00  1   !  -9.99000e+02  -99.000  -99.000  -999
OBS: 7359  56271.898    25.00   0.0000e+00   2.7883e+01   2.2292e+00   0  H  0.00  1   !  -9.99000e+02  -99.000  -99.000  -999
OBS: 7359  56273.898    27.00   0.0000e+00   2.8940e+01   2.3490e+00   0  H  0.00  1   !  -9.99000e+02  -99.000  -99.000  -999
OBS: 7359  56275.898    29.00   0.0000e+00   3.0393e+01   2.3100e+00   0  H  0.00  1   !  -9.99000e+02  -99.000  -99.000  -999
OBS: 7359  56277.898    31.00   0.0000e+00   3.2041e+01   2.2165e+00   0  H  0.00  1   !  -9.99000e+02  -99.000  -99.000  -999
OBS: 7359  56279.898    33.00   0.0000e+00   3.3914e+01   2.2517e+00   0  H  0.00  1   !  -9.99000e+02  -99.000  -99.000  -999
OBS: 7359  56281.898    35.00   0.0000e+00   3.5975e+01   2.4460e+00   0  H  0.00  1   !  -9.99000e+02  -99.000  -99.000  -999
OBS: 7359  56283.898    37.00   0.0000e+00   3.8542e+01   2.7587e+00   0  H  0.00  1   !  -9.99000e+02  -99.000  -99.000  -999
OBS: 7359  56285.898    39.00   0.0000e+00   4.1330e+01   3.1686e+00   0  H  0.00  1   !  -9.99000e+02  -99.000  -99.000  -999
OBS: 7359  56287.898    41.00   0.0000e+00   4.3441e+01   3.4479e+00   0  H  0.00  1   !  -9.99000e+02  -99.000  -99.000  -999
OBS: 7359  56289.898    43.00   0.0000e+00   4.3398e+01   3.5840e+00   0  H  0.00  1   !  -9.99000e+02  -99.000  -99.000  -999
OBS: 7359  56291.898    45.00   0.0000e+00   4.0887e+01   3.7212e+00   0  H  0.00  1   !  -9.99000e+02  -99.000  -99.000  -999
OBS: 7359  56293.898    47.00   0.0000e+00   3.6431e+01   3.5501e+00   0  H  0.00  1   !  -9.99000e+02  -99.000  -99.000  -999
OBS: 7359  56295.898    49.00   0.0000e+00   3.1106e+01   3.0879e+00   0  H  0.00  1   !  -9.99000e+02  -99.000  -99.000  -999
OBS: 7359  56297.898    51.00   0.0000e+00   2.5593e+01   2.6396e+00   0  H  0.00  1   !  -9.99000e+02  -99.000  -99.000  -999
OBS: 7359  56299.898    53.00   0.0000e+00   2.1182e+01   2.2695e+00   0  H  0.00  1   !  -9.99000e+02  -99.000  -99.000  -999
OBS: 7359  56301.898    55.00   0.0000e+00   1.8662e+01   2.1168e+00   0  H  0.00  1   !  -9.99000e+02  -99.000  -99.000  -999
OBS: 7359  56303.898    57.00   0.0000e+00   1.7417e+01   2.6145e+00   0  H  0.00  1   !  -9.99000e+02  -99.000  -99.000  -999
OBS: 7359  56305.898    59.00   0.0000e+00   1.6421e+01   3.7843e+00   0  H  0.00  1   !  -9.99000e+02  -99.000  -99.000  -999
OBS: 7359  56307.898    61.00   0.0000e+00   1.5240e+01   4.9798e+00   0  H  0.00  1   !  -9.99000e+02  -99.000  -99.000  -999
OBS: 7359  56309.898    63.00   0.0000e+00   1.3999e+01   6.4371e+00   0  H  0.00  1   !  -9.99000e+02  -99.000  -99.000  -999
OBS: 7359  56311.898    65.00   0.0000e+00   1.2924e+01   7.7789e+00   0  H  0.00  1   !  -9.99000e+02  -99.000  -99.000  -999
OBS: 7359  56313.898    67.00   0.0000e+00   1.2058e+01   7.2576e+00   0  H  0.00  1   !  -9.99000e+02  -99.000  -99.000  -999
OBS: 7359  56315.898    69.00   0.0000e+00   1.1254e+01   6.7742e+00   0  H  0.00  1   !  -9.99000e+02  -99.000  -99.000  -999
OBS: 7359  56317.898    71.00   0.0000e+00   1.0506e+01   6.3237e+00   0  H  0.00  1   !  -9.99000e+02  -99.000  -99.000  -999
OBS: 7359  56319.898    73.00   0.0000e+00   9.8219e+00   5.9119e+00   0  H  0.00  1   !  -9.99000e+02  -99.000  -99.000  -999
OBS: 7359  56321.898    75.00   0.0000e+00   9.2972e+00   5.5961e+00   0  H  0.00  1   !  -9.99000e+02  -99.000  -99.000  -999
OBS: 7359  56323.898    77.00   0.0000e+00   8.0523e+00   4.8468e+00   0  H  0.00  1   !  -9.99000e+02  -99.000  -99.000  -999
OBS: 7359  56325.898    79.00   0.0000e+00   7.0725e+00   4.2570e+00   0  H  0.00  1   !  -9.99000e+02  -99.000  -99.000  -999
OBS: 7359  56327.898    81.00   0.0000e+00   6.3786e+00   3.8394e+00   0  H  0.00  1   !  -9.99000e+02  -99.000  -99.000  -999
OBS: 7359  56329.898    83.00   0.0000e+00   5.8418e+00   3.5163e+00   0  H  0.00  1   !  -9.99000e+02  -99.000  -99.000  -999
OBS: 7359  56331.898    85.00   0.0000e+00   5.4011e+00   3.2510e+00   0  H  0.00  1   !  -9.99000e+02  -99.000  -99.000  -999
OBS: 7359  56333.898    87.00   0.0000e+00   5.0045e+00   3.0123e+00   0  H  0.00  1   !  -9.99000e+02  -99.000  -99.000  -999
OBS: 7359  56335.898    89.00   0.0000e+00   4.6229e+00   2.7826e+00   0  H  0.00  1   !  -9.99000e+02  -99.000  -99.000  -999
OBS: 7359  56337.898    91.00   0.0000e+00   4.2496e+00   2.5579e+00   0  H  0.00  1   !  -9.99000e+02  -99.000  -99.000  -999
OBS: 7359  56339.898    93.00   0.0000e+00   3.9037e+00   2.3497e+00   0  H  0.00  1   !  -9.99000e+02  -99.000  -99.000  -999
OBS: 7359  56341.898    95.00   0.0000e+00   3.6679e+00   2.2078e+00   0  H  0.00  1   !  -9.99000e+02  -99.000  -99.000  -999
OBS: 7359  56343.898    97.00   0.0000e+00   3.4594e+00   2.0823e+00   0  H  0.00  1   !  -9.99000e+02  -99.000  -99.000  -999
OBS: 7359  56345.898    99.00   0.0000e+00   3.2593e+00   1.9618e+00   0  H  0.00  1   !  -9.99000e+02  -99.000  -99.000  -999
OBS: 7359  56347.898   101.00   0.0000e+00   3.0713e+00   1.8486e+00   0  H  0.00  1   !  -9.99000e+02  -99.000  -99.000  -999
OBS: 7359  56349.898   103.00   0.0000e+00   2.8937e+00   1.7417e+00   0  H  0.00  1   !  -9.99000e+02  -99.000  -99.000  -999
OBS: 7359  56351.898   105.00   0.0000e+00   2.7255e+00   1.6405e+00   0  H  0.00  1   !  -9.99000e+02  -99.000  -99.000  -999
OBS: 7359  56353.898   107.00   0.0000e+00   2.5680e+00   1.5457e+00   0  H  0.00  1   !  -9.99000e+02  -99.000  -99.000  -999
OBS: 7359  56355.898   109.00   0.0000e+00   2.4250e+00   1.4596e+00   0  H  0.00  1   !  -9.99000e+02  -99.000  -99.000  -999
OBS: 7359  56357.898   111.00   0.0000e+00   2.2898e+00   1.3783e+00   0  H  0.00  1   !  -9.99000e+02  -99.000  -99.000  -999
OBS: 7359  56359.898   113.00   0.0000e+00   2.1622e+00   1.3015e+00   0  H  0.00  1   !  -9.99000e+02  -99.000  -99.000  -999
OBS: 7359  56361.898   115.00   0.0000e+00   2.0418e+00   1.2290e+00   0  H  0.00  1   !  -9.99000e+02  -99.000  -99.000  -999
OBS: 7359  56363.898   117.00   0.0000e+00   1.9280e+00   1.1605e+00   0  H  0.00  1   !  -9.99000e+02  -99.000  -99.000  -999
OBS: 7359  56365.898   119.00   0.0000e+00   1.8206e+00   1.0958e+00   0  H  0.00  1   !  -9.99000e+02  -99.000  -99.000  -999
OBS: 7359  56367.898   121.00   0.0000e+00   1.7191e+00   1.0348e+00   0  H  0.00  1   !  -9.99000e+02  -99.000  -99.000  -999
OBS: 7359  56369.898   123.00   0.0000e+00   1.6233e+00   9.7710e-01   0  H  0.00  1   !  -9.99000e+02  -99.000  -99.000  -999
OBS: 7359  56371.898   125.00   0.0000e+00   1.5329e+00   9.2265e-01   0  H  0.00  1   !  -9.99000e+02  -99.000  -99.000  -999
OBS: 7359  56373.898   127.00   0.0000e+00   1.4475e+00   8.7124e-01   0  H  0.00  1   !  -9.99000e+02  -99.000  -99.000  -999
OBS: 7359  56375.898   129.00   0.0000e+00   1.3668e+00   8.2270e-01   0  H  0.00  1   !  -9.99000e+02  -99.000  -99.000  -999
OBS: 7359  56377.898   131.00   0.0000e+00   1.2906e+00   7.7685e-01   0  H  0.00  1   !  -9.99000e+02  -99.000  -99.000  -999
OBS: 7359  56379.898   133.00   0.0000e+00   1.2187e+00   7.3357e-01   0  H  0.00  1   !  -9.99000e+02  -99.000  -99.000  -999
OBS: 7359  56381.898   135.00   0.0000e+00   1.1508e+00   6.9269e-01   0  H  0.00  1   !  -9.99000e+02  -99.000  -99.000  -999
OBS: 7359  56383.898   137.00   0.0000e+00   1.0867e+00   6.5409e-01   0  H  0.00  1   !  -9.99000e+02  -99.000  -99.000  -999
OBS: 7359  56385.898   139.00   0.0000e+00   1.0261e+00   6.1765e-01   0  H  0.00  1   !  -9.99000e+02  -99.000  -99.000  -999
