VARNAMES: CID MJD Tobs SIM_FLUXCAL FLUXCAL FLUXCAL_ERR DATAFLAG BAND CHI2 IFIT BAND_REST FLUX_REST KCOR AVWARP SIM_FLUX_REST 
OBS: 2823  56229.547    10.22   6.5694e+01   6.4973e+01   6.3141e-01   1  J  0.01  1   Y  1.26982e+18  -0.243  -1.915  1.00000e+11
OBS: 2823  56235.340    16.02   6.3914e+01   6.3131e+01   6.2110e-01   1  J  0.01  1   Y  1.20271e+18  -0.271  -1.685  1.00000e+11
OBS: 2823  56242.918    23.59   7.6834e+01   7.6327e+01   6.9412e-01   1  J  0.00  1   Y  1.47774e+18  -0.253  -1.134  1.00000e+11
OBS: 2823  56160.324   -59.00   0.0000e+00   0.0000e+00   0.0000e+00   0  J  0.00  1   !  -9.99000e+02  -99.000  -99.000  -999
OBS: 2823  56162.324   -57.00   0.0000e+00   0.0000e+00   0.0000e+00   0  J  0.00  1   !  -9.99000e+02  -99.000  -99.000  -999
OBS: 2823  56164.324   -55.00   0.0000e+00   0.0000e+00   0.0000e+00   0  J  0.00  1   !  -9.99000e+02  -99.000  -99.000  -999
OBS: 2823  56166.324   -53.00   0.0000e+00   0.0000e+00   0.0000e+00   0  J  0.00  1   !  -9.99000e+02  -99.000  -99.000  -999
OBS: 2823  56168.324   -51.00   0.0000e+00   0.0000e+00   0.0000e+00   0  J  0.00  1   !  -9.99000e+02  -99.000  -99.000  -999
OBS: 2823  56170.324   -49.00   0.0000e+00   0.0000e+00   0.0000e+00   0  J  0.00  1   !  -9.99000e+02  -99.000  -99.000  -999
OBS: 2823  56172.324   -47.00   0.0000e+00   0.0000e+00   0.0000e+00   0  J  0.00  1   !  -9.99000e+02  -99.000  -99.000  -999
OBS: 2823  56174.324   -45.00   0.0000e+00   0.0000e+00   0.0000e+00   0  J  0.00  1   !  -9.99000e+02  -99.000  -99.000  -999
OBS: 2823  56176.324   -43.00   0.0000e+00   0.0000e+00   0.0000e+00   0  J  0.00  1   !  -9.99000e+02  -99.000  -99.000  -999
OBS: 2823  56178.324   -41.00   0.0000e+00   0.0000e+00   0.0000e+00   0  J  0.00  1   !  -9.99000e+02  -99.000  -99.000  -999
OBS: 2823  56180.324   -39.00   0.0000e+00   0.0000e+00   0.0000e+00   0  J  0.00  1   !  -9.99000e+02  -99.000  -99.000  -999
OBS: 2823  56182.324   -37.00   0.0000e+00   0.0000e+00   0.0000e+00   0  J  0.00  1   !  -9.99000e+02  -99.000  -99.000  -999
OBS: 2823  56184.324   -35.00   0.0000e+00   0.0000e+00   0.0000e+00   0  J  0.00  1   !  -9.99000e+02  -99.000  -99.000  -999
OBS: 2823  56186.324   -33.00   0.0000e+00   0.0000e+00   0.0000e+00   0  J  0.00  1   !  -9.99000e+02  -99.000  -99.000  -999
OBS: 2823  56188.324   -31.00   0.0000e+00   0.0000e+00   0.0000e+00   0  J  0.00  1   !  -9.99000e+02  -99.000  -99.000  -999
OBS: 2823  56190.324   -29.00   0.0000e+00   0.0000e+00   0.0000e+00   0  J  0.00  1   !  -9.99000e+02  -99.000  -99.000  -999
OBS: 2823  56192.324   -27.00   0.0000e+00   0.0000e+00   0.0000e+00   0  J  0.00  1   !  -9.99000e+02  -99.000  -99.000  -999
OBS: 2823  56194.324   -25.00   0.0000e+00   1.6066e+01   9.6703e+00   0  J  0.00  1   !  -9.99000e+02  -99.000  -99.000  -999
OBS: 2823  56196.324   -23.00   0.0000e+00   1.6110e+01   9.6966e+00   0  J  0.00  1   !  -9.99000e+02  -99.000  -99.000  -999
OBS: 2823  56198.324   -21.00   0.0000e+00   1.6102e+01   9.6922e+00   0  J  0.00  1   !  -9.99000e+02  -99.000  -99.000  -999
OBS: 2823  56200.324   -19.00   0.0000e+00   1.9962e+01   9.1234e+00   0  J  0.00  1   !  -9.99000e+02  -99.000  -99.000  -999
OBS: 2823  56202.324   -17.00   0.0000e+00   3.5648e+01   4.5541e+00   0  J  0.00  1   !  -9.99000e+02  -99.000  -99.000  -999
OBS: 2823  56204.324   -15.00   0.0000e+00   5.1393e+01   3.4325e+00   0  J  0.00  1   !  -9.99000e+02  -99.000  -99.000  -999
OBS: 2823  56206.324   -13.00   0.0000e+00   6.5947e+01   2.9944e+00   0  J  0.00  1   !  -9.99000e+02  -99.000  -99.000  -999
OBS: 2823  56208.324   -11.00   0.0000e+00   7.8222e+01   2.7712e+00   0  J  0.00  1   !  -9.99000e+02  -99.000  -99.000  -999
OBS: 2823  56210.324    -9.00   0.0000e+00   8.9870e+01   2.6221e+00   0  J  0.00  1   !  -9.99000e+02  -99.000  -99.000  -999
OBS: 2823  56212.324    -7.00   0.0000e+00   9.7847e+01   2.6369e+00   0  J  0.00  1   !  -9.99000e+02  -99.000  -99.000  -999
OBS: 2823  56214.324    -5.00   0.0000e+00   1.0178e+02   2.8353e+00   0  J  0.00  1   !  -9.99000e+02  -99.000  -99.000  -999
OBS: 2823  56216.324    -3.00   0.0000e+00   9.9848e+01   2.8342e+00   0  J  0.00  1   !  -9.99000e+02  -99.000  -99.000  -999
OBS: 2823  56218.324    -1.00   0.0000e+00   9.5078e+01   2.8386e+00   0  J  0.00  1   !  -9.99000e+02  -99.000  -99.000  -999
OBS: 2823  56220.324     1.00   0.0000e+00   8.8885e+01   2.9442e+00   0  J  0.00  1   !  -9.99000e+02  -99.000  -99.000  -999
OBS: 2823  56222.324     3.00   0.0000e+00   8.2479e+01   3.0863e+00   0  J  0.00  1   !  -9.99000e+02  -99.000  -99.000  -999
OBS: 2823  56224.324     5.00   0.0000e+00   7.6630e+01   3.2169e+00   0  J  0.00  1   !  -9.99000e+02  -99.000  -99.000  -999
OBS: 2823  56226.324     7.00   0.0000e+00   7.1813e+01   3.2721e+00   0  J  0.00  1   !  -9.99000e+02  -99.000  -99.000  -999
OBS: 2823  56228.324     9.00   0.0000e+00   6.7374e+01   3.3487e+00   0  J  0.00  1   !  -9.99000e+02  -99.000  -99.000  -999
OBS: 2823  56230.324    11.00   0.0000e+00   6.4489e+01   3.5708e+00   0  J  0.00  1   !  -9.99000e+02  -99.000  -99.000  -999
OBS: 2823  56232.324    13.00   0.0000e+00   6.3223e+01   3.8151e+00   0  J  0.00  1   !  -9.99000e+02  -99.000  -99.000  -999
OBS: 2823  56234.324    15.00   0.0000e+00   6.3306e+01   3.8575e+00   0  J  0.00  1   !  -9.99000e+02  -99.000  -99.000  -999
OBS: 2823  56236.324    17.00   0.0000e+00   6.4006e+01   3.7544e+00   0  J  0.00  1   !  -9.99000e+02  -99.000  -99.000  -999
OBS: 2823  56238.324    19.00   0.0000e+00   6.6263e+01   3.6563e+00   0  J  0.00  1   !  -9.99000e+02  -99.000  -99.000  -999
OBS: 2823  56240.324    21.00   0.0000e+00   7.0726e+01   3.7237e+00   0  J  0.00  1   !  -9.99000e+02  -99.000  -99.000  -999
OBS: 2823  56242.324    23.00   0.0000e+00   7.5142e+01   3.7494e+00   0  J  0.00  1   !  -9.99000e+02  -99.000  -99.000  -999
OBS: 2823  56244.324    25.00   0.0000e+00   7.9642e+01   3.6970e+00   0  J  0.00  1   !  -9.99000e+02  -99.000  -99.000  -999
OBS: 2823  56246.324    27.00   0.0000e+00   8.2282e+01   3.6437e+00   0  J  0.00  1   !  -9.99000e+02  -99.000  -99.000  -999
OBS: 2823  56248.324    29.00   0.0000e+00   8.3931e+01   3.5257e+00   0  J  0.00  1   !  -9.99000e+02  -99.000  -99.000  -999
OBS: 2823  56250.324    31.00   0.0000e+00   8.7182e+01   3.4323e+00   0  J  0.00  1   !  -9.99000e+02  -99.000  -99.000  -999
OBS: 2823  56252.324    33.00   0.0000e+00   9.2058e+01   3.3027e+00   0  J  0.00  1   !  -9.99000e+02  -99.000  -99.000  -999
OBS: 2823  56254.324    35.00   0.0000e+00   9.6626e+01   3.2128e+00   0  J  0.00  1   !  -9.99000e+02  -99.000  -99.000  -999
OBS: 2823  56256.324    37.00   0.0000e+00   9.8538e+01   3.1317e+00   0  J  0.00  1   !  -9.99000e+02  -99.000  -99.000  -999
OBS: 2823  56258.324    39.00   0.0000e+00   9.8392e+01   3.1380e+00   0  J  0.00  1   !  -9.99000e+02  -99.000  -99.000  -999
OBS: 2823  56260.324    41.00   0.0000e+00   9.6413e+01   3.0963e+00   0  J  0.00  1   !  -9.99000e+02  -99.000  -99.000  -999
OBS: 2823  56262.324    43.00   0.0000e+00   9.3674e+01   3.0083e+00   0  J  0.00  1   !  -9.99000e+02  -99.000  -99.000  -999
OBS: 2823  56264.324    45.00   0.0000e+00   8.9690e+01   2.8037e+00   0  J  0.00  1   !  -9.99000e+02  -99.000  -99.000  -999
OBS: 2823  56266.324    47.00   0.0000e+00   8.5916e+01   2.7562e+00   0  J  0.00  1   !  -9.99000e+02  -99.000  -99.000  -999
OBS: 2823  56268.324    49.00   0.0000e+00   8.1772e+01   2.8388e+00   0  J  0.00  1   !  -9.99000e+02  -99.000  -99.000  -999
OBS: 2823  56270.324    51.00   0.0000e+00   7.6389e+01   2.8466e+00   0  J  0.00  1   !  -9.99000e+02  -99.000  -99.000  -999
OBS: 2823  56272.324    53.00   0.0000e+00   7.0334e+01   2.6240e+00   0  J  0.00  1   !  -9.99000e+02  -99.000  -99.000  -999
OBS: 2823  56274.324    55.00   0.0000e+00   6.4544e+01   2.3947e+00   0  J  0.00  1   !  -9.99000e+02  -99.000  -99.000  -999
OBS: 2823  56276.324    57.00   0.0000e+00   5.9549e+01   2.1641e+00   0  J  0.00  1   !  -9.99000e+02  -99.000  -99.000  -999
OBS: 2823  56278.324    59.00   0.0000e+00   5.5328e+01   2.0153e+00   0  J  0.00  1   !  -9.99000e+02  -99.000  -99.000  -999
OBS: 2823  56280.324    61.00   0.0000e+00   5.1377e+01   1.9686e+00   0  J  0.00  1   !  -9.99000e+02  -99.000  -99.000  -999
OBS: 2823  56282.324    63.00   0.0000e+00   4.7391e+01   2.0063e+00   0  J  0.00  1   !  -9.99000e+02  -99.000  -99.000  -999
OBS: 2823  56284.324    65.00   0.0000e+00   4.3026e+01   2.1051e+00   0  J  0.00  1   !  -9.99000e+02  -99.000  -99.000  -999
OBS: 2823  56286.324    67.00   0.0000e+00   3.8449e+01   2.3143e+01   0  J  0.00  1   !  -9.99000e+02  -99.000  -99.000  -999
OBS: 2823  56288.324    69.00   0.0000e+00   3.4059e+01   2.0500e+01   0  J  0.00  1   !  -9.99000e+02  -99.000  -99.000  -999
OBS: 2823  56290.324    71.00   0.0000e+00   3.1098e+01   1.8718e+01   0  J  0.00  1   !  -9.99000e+02  -99.000  -99.000  -999
OBS: 2823  56292.324    73.00   0.0000e+00   2.8609e+01   1.7220e+01   0  J  0.00  1   !  -9.99000e+02  -99.000  -99.000  -999
OBS: 2823  56294.324    75.00   0.0000e+00   2.6577e+01   1.5997e+01   0  J  0.00  1   !  -9.99000e+02  -99.000  -99.000  -999
OBS: 2823  56296.324    77.00   0.0000e+00   2.4968e+01   1.5029e+01   0  J  0.00  1   !  -9.99000e+02  -99.000  -99.000  -999
OBS: 2823  56298.324    79.00   0.0000e+00   2.3181e+01   1.3953e+01   0  J  0.00  1   !  -9.99000e+02  -99.000  -99.000  -999
OBS: 2823  56300.324    81.00   0.0000e+00   2.0256e+01   1.2192e+01   0  J  0.00  1   !  -9.99000e+02  -99.000  -99.000  -999
OBS: 2823  56302.324    83.00   0.0000e+00   1.7821e+01   1.0727e+01   0  J  0.00  1   !  -9.99000e+02  -99.000  -99.000  -999
OBS: 2823  56304.324    85.00   0.0000e+00   1.5828e+01   9.5268e+00   0  J  0.00  1   !  -9.99000e+02  -99.000  -99.000  -999
OBS: 2823  56306.324    87.00   0.0000e+00   1.4207e+01   8.5511e+00   0  J  0.00  1   !  -9.99000e+02  -99.000  -99.000  -999
OBS: 2823  56308.324    89.00   0.0000e+00   1.2853e+01   7.7364e+00   0  J  0.00  1   !  -9.99000e+02  -99.000  -99.000  -999
OBS: 2823  56310.324    91.00   0.0000e+00   1.1710e+01   7.0482e+00   0  J  0.00  1   !  -9.99000e+02  -99.000  -99.000  -999
OBS: 2823  56312.324    93.00   0.0000e+00   1.0728e+01   6.4575e+00   0  J  0.00  1   !  -9.99000e+02  -99.000  -99.000  -999
OBS: 2823  56314.324    95.00   0.0000e+00   9.8640e+00   5.9373e+00   0  J  0.00  1   !  -9.99000e+02  -99.000  -99.000  -999
OBS: 2823  56316.324    97.00   0.0000e+00   9.0785e+00   5.4645e+00   0  J  0.00  1   !  -9.99000e+02  -99.000  -99.000  -999
OBS: 2823  56318.324    99.00   0.0000e+00   8.2521e+00   4.9670e+00   0  J  0.00  1   !  -9.99000e+02  -99.000  -99.000  -999
OBS: 2823  56320.324   101.00   0.0000e+00   7.5043e+00   4.5170e+00   0  J  0.00  1   !  -9.99000e+02  -99.000  -99.000  -999
OBS: 2823  56322.324   103.00   0.0000e+00   6.8327e+00   4.1127e+00   0  J  0.00  1   !  -9.99000e+02  -99.000  -99.000  -999
OBS: 2823  56324.324   105.00   0.0000e+00   6.2260e+00   3.7475e+00   0  J  0.00  1   !  -9.99000e+02  -99.000  -99.000  -999
OBS: 2823  56326.324   107.00   0.0000e+00   5.6807e+00   3.4193e+00   0  J  0.00  1   !  -9.99000e+02  -99.000  -99.000  -999
OBS: 2823  56328.324   109.00   0.0000e+00   5.1924e+00   3.1254e+00   0  J  0.00  1   !  -9.99000e+02  -99.000  -99.000  -999
OBS: 2823  56330.324   111.00   0.0000e+00   4.7565e+00   2.8630e+00   0  J  0.00  1   !  -9.99000e+02  -99.000  -99.000  -999
OBS: 2823  56332.324   113.00   0.0000e+00   4.2971e+00   2.5865e+00   0  J  0.00  1   !  -9.99000e+02  -99.000  -99.000  -999
OBS: 2823  56334.324   115.00   0.0000e+00   3.8791e+00   2.3349e+00   0  J  0.00  1   !  -9.99000e+02  -99.000  -99.000  -999
OBS: 2823  56336.324   117.00   0.0000e+00   3.5016e+00   2.1076e+00   0  J  0.00  1   !  -9.99000e+02  -99.000  -99.000  -999
OBS: 2823  56338.324   119.00   0.0000e+00   3.1608e+00   1.9025e+00   0  J  0.00  1   !  -9.99000e+02  -99.000  -99.000  -999
OBS: 2823  56340.324   121.00   0.0000e+00   2.8530e+00   1.7173e+00   0  J  0.00  1   !  -9.99000e+02  -99.000  -99.000  -999
OBS: 2823  56342.324   123.00   0.0000e+00   2.5754e+00   1.5501e+00   0  J  0.00  1   !  -9.99000e+02  -99.000  -99.000  -999
OBS: 2823  56344.324   125.00   0.0000e+00   2.3248e+00   1.3993e+00   0  J  0.00  1   !  -9.99000e+02  -99.000  -99.000  -999
OBS: 2823  56346.324   127.00   0.0000e+00   2.0983e+00   1.2630e+00   0  J  0.00  1   !  -9.99000e+02  -99.000  -99.000  -999
OBS: 2823  56348.324   129.00   0.0000e+00   1.8938e+00   1.1399e+00   0  J  0.00  1   !  -9.99000e+02  -99.000  -99.000  -999
OBS: 2823  56350.324   131.00   0.0000e+00   1.7092e+00   1.0288e+00   0  J  0.00  1   !  -9.99000e+02  -99.000  -99.000  -999
OBS: 2823  56352.324   133.00   0.0000e+00   1.5425e+00   9.2845e-01   0  J  0.00  1   !  -9.99000e+02  -99.000  -99.000  -999
OBS: 2823  56354.324   135.00   0.0000e+00   1.3921e+00   8.3790e-01   0  J  0.00  1   !  -9.99000e+02  -99.000  -99.000  -999
OBS: 2823  56356.324   137.00   0.0000e+00   1.2563e+00   7.5616e-01   0  J  0.00  1   !  -9.99000e+02  -99.000  -99.000  -999
OBS: 2823  56358.324   139.00   0.0000e+00   1.1339e+00   6.8251e-01   0  J  0.00  1   !  -9.99000e+02  -99.000  -99.000  -999
OBS: 2823  56229.551    10.22   2.9974e+01   2.9429e+01   4.8329e-01   1  H  0.04  1   J  1.15630e+18  0.515  1.063  1.00000e+11
OBS: 2823  56235.344    16.02   2.1739e+01   2.2066e+01   4.2754e-01   1  H  0.07  1   J  8.20202e+17  0.455  1.734  1.00000e+11
OBS: 2823  56242.922    23.60   2.4181e+01   2.4595e+01   4.4666e-01   1  H  0.14  1   J  8.53046e+17  0.380  2.792  1.00000e+11
OBS: 2823  56160.324   -59.00   0.0000e+00   0.0000e+00   0.0000e+00   0  H  0.00  1   !  -9.99000e+02  -99.000  -99.000  -999
OBS: 2823  56162.324   -57.00   0.0000e+00   0.0000e+00   0.0000e+00   0  H  0.00  1   !  -9.99000e+02  -99.000  -99.000  -999
OBS: 2823  56164.324   -55.00   0.0000e+00   0.0000e+00   0.0000e+00   0  H  0.00  1   !  -9.99000e+02  -99.000  -99.000  -999
OBS: 2823  56166.324   -53.00   0.0000e+00   0.0000e+00   0.0000e+00   0  H  0.00  1   !  -9.99000e+02  -99.000  -99.000  -999
OBS: 2823  56168.324   -51.00   0.0000e+00   0.0000e+00   0.0000e+00   0  H  0.00  1   !  -9.99000e+02  -99.000  -99.000  -999
OBS: 2823  56170.324   -49.00   0.0000e+00   0.0000e+00   0.0000e+00   0  H  0.00  1   !  -9.99000e+02  -99.000  -99.000  -999
OBS: 2823  56172.324   -47.00   0.0000e+00   0.0000e+00   0.0000e+00   0  H  0.00  1   !  -9.99000e+02  -99.000  -99.000  -999
OBS: 2823  56174.324   -45.00   0.0000e+00   0.0000e+00   0.0000e+00   0  H  0.00  1   !  -9.99000e+02  -99.000  -99.000  -999
OBS: 2823  56176.324   -43.00   0.0000e+00   0.0000e+00   0.0000e+00   0  H  0.00  1   !  -9.99000e+02  -99.000  -99.000  -999
OBS: 2823  56178.324   -41.00   0.0000e+00   0.0000e+00   0.0000e+00   0  H  0.00  1   !  -9.99000e+02  -99.000  -99.000  -999
OBS: 2823  56180.324   -39.00   0.0000e+00   0.0000e+00   0.0000e+00   0  H  0.00  1   !  -9.99000e+02  -99.000  -99.000  -999
OBS: 2823  56182.324   -37.00   0.0000e+00   0.0000e+00   0.0000e+00   0  H  0.00  1   !  -9.99000e+02  -99.000  -99.000  -999
OBS: 2823  56184.324   -35.00   0.0000e+00   0.0000e+00   0.0000e+00   0  H  0.00  1   !  -9.99000e+02  -99.000  -99.000  -999
OBS: 2823  56186.324   -33.00   0.0000e+00   0.0000e+00   0.0000e+00   0  H  0.00  1   !  -9.99000e+02  -99.000  -99.000  -999
OBS: 2823  56188.324   -31.00   0.0000e+00   0.0000e+00   0.0000e+00   0  H  0.00  1   !  -9.99000e+02  -99.000  -99.000  -999
OBS: 2823  56190.324   -29.00   0.0000e+00   0.0000e+00   0.0000e+00   0  H  0.00  1   !  -9.99000e+02  -99.000  -99.000  -999
OBS: 2823  56192.324   -27.00   0.0000e+00   0.0000e+00   0.0000e+00   0  H  0.00  1   !  -9.99000e+02  -99.000  -99.000  -999
OBS: 2823  56194.324   -25.00   0.0000e+00   2.3037e+01   1.3867e+01   0  H  0.00  1   !  -9.99000e+02  -99.000  -99.000  -999
OBS: 2823  56196.324   -23.00   0.0000e+00   2.2101e+01   1.3303e+01   0  H  0.00  1   !  -9.99000e+02  -99.000  -99.000  -999
OBS: 2823  56198.324   -21.00   0.0000e+00   2.2055e+01   1.3275e+01   0  H  0.00  1   !  -9.99000e+02  -99.000  -99.000  -999
OBS: 2823  56200.324   -19.00   0.0000e+00   2.5151e+01   1.0743e+01   0  H  0.00  1   !  -9.99000e+02  -99.000  -99.000  -999
OBS: 2823  56202.324   -17.00   0.0000e+00   3.8179e+01   2.4200e+00   0  H  0.00  1   !  -9.99000e+02  -99.000  -99.000  -999
OBS: 2823  56204.324   -15.00   0.0000e+00   5.1747e+01   1.5187e+00   0  H  0.00  1   !  -9.99000e+02  -99.000  -99.000  -999
OBS: 2823  56206.324   -13.00   0.0000e+00   6.3164e+01   1.8131e+00   0  H  0.00  1   !  -9.99000e+02  -99.000  -99.000  -999
OBS: 2823  56208.324   -11.00   0.0000e+00   7.0178e+01   1.9104e+00   0  H  0.00  1   !  -9.99000e+02  -99.000  -99.000  -999
OBS: 2823  56210.324    -9.00   0.0000e+00   7.4123e+01   1.6849e+00   0  H  0.00  1   !  -9.99000e+02  -99.000  -99.000  -999
OBS: 2823  56212.324    -7.00   0.0000e+00   7.6035e+01   1.5368e+00   0  H  0.00  1   !  -9.99000e+02  -99.000  -99.000  -999
OBS: 2823  56214.324    -5.00   0.0000e+00   7.5821e+01   1.5223e+00   0  H  0.00  1   !  -9.99000e+02  -99.000  -99.000  -999
OBS: 2823  56216.324    -3.00   0.0000e+00   7.2906e+01   1.6520e+00   0  H  0.00  1   !  -9.99000e+02  -99.000  -99.000  -999
OBS: 2823  56218.324    -1.00   0.0000e+00   6.8279e+01   1.6489e+00   0  H  0.00  1   !  -9.99000e+02  -99.000  -99.000  -999
OBS: 2823  56220.324     1.00   0.0000e+00   6.0976e+01   1.6684e+00   0  H  0.00  1   !  -9.99000e+02  -99.000  -99.000  -999
OBS: 2823  56222.324     3.00   0.0000e+00   5.2867e+01   1.6076e+00   0  H  0.00  1   !  -9.99000e+02  -99.000  -99.000  -999
OBS: 2823  56224.324     5.00   0.0000e+00   4.5525e+01   1.5632e+00   0  H  0.00  1   !  -9.99000e+02  -99.000  -99.000  -999
OBS: 2823  56226.324     7.00   0.0000e+00   3.9238e+01   1.5479e+00   0  H  0.00  1   !  -9.99000e+02  -99.000  -99.000  -999
OBS: 2823  56228.324     9.00   0.0000e+00   3.3155e+01   1.5840e+00   0  H  0.00  1   !  -9.99000e+02  -99.000  -99.000  -999
OBS: 2823  56230.324    11.00   0.0000e+00   2.7958e+01   1.7741e+00   0  H  0.00  1   !  -9.99000e+02  -99.000  -99.000  -999
OBS: 2823  56232.324    13.00   0.0000e+00   2.4243e+01   1.9905e+00   0  H  0.00  1   !  -9.99000e+02  -99.000  -99.000  -999
OBS: 2823  56234.324    15.00   0.0000e+00   2.2021e+01   2.0043e+00   0  H  0.00  1   !  -9.99000e+02  -99.000  -99.000  -999
OBS: 2823  56236.324    17.00   0.0000e+00   2.1420e+01   1.9670e+00   0  H  0.00  1   !  -9.99000e+02  -99.000  -99.000  -999
OBS: 2823  56238.324    19.00   0.0000e+00   2.1939e+01   1.9084e+00   0  H  0.00  1   !  -9.99000e+02  -99.000  -99.000  -999
OBS: 2823  56240.324    21.00   0.0000e+00   2.2713e+01   1.7322e+00   0  H  0.00  1   !  -9.99000e+02  -99.000  -99.000  -999
OBS: 2823  56242.324    23.00   0.0000e+00   2.3645e+01   1.7099e+00   0  H  0.00  1   !  -9.99000e+02  -99.000  -99.000  -999
OBS: 2823  56244.324    25.00   0.0000e+00   2.4549e+01   1.8927e+00   0  H  0.00  1   !  -9.99000e+02  -99.000  -99.000  -999
OBS: 2823  56246.324    27.00   0.0000e+00   2.5859e+01   2.1339e+00   0  H  0.00  1   !  -9.99000e+02  -99.000  -99.000  -999
OBS: 2823  56248.324    29.00   0.0000e+00   2.7655e+01   2.2934e+00   0  H  0.00  1   !  -9.99000e+02  -99.000  -99.000  -999
OBS: 2823  56250.324    31.00   0.0000e+00   2.9543e+01   2.3204e+00   0  H  0.00  1   !  -9.99000e+02  -99.000  -99.000  -999
OBS: 2823  56252.324    33.00   0.0000e+00   3.1497e+01   2.3473e+00   0  H  0.00  1   !  -9.99000e+02  -99.000  -99.000  -999
OBS: 2823  56254.324    35.00   0.0000e+00   3.3660e+01   2.4416e+00   0  H  0.00  1   !  -9.99000e+02  -99.000  -99.000  -999
OBS: 2823  56256.324    37.00   0.0000e+00   3.5707e+01   2.6603e+00   0  H  0.00  1   !  -9.99000e+02  -99.000  -99.000  -999
OBS: 2823  56258.324    39.00   0.0000e+00   3.7940e+01   3.0795e+00   0  H  0.00  1   !  -9.99000e+02  -99.000  -99.000  -999
OBS: 2823  56260.324    41.00   0.0000e+00   4.0306e+01   3.5575e+00   0  H  0.00  1   !  -9.99000e+02  -99.000  -99.000  -999
OBS: 2823  56262.324    43.00   0.0000e+00   4.2636e+01   3.9206e+00   0  H  0.00  1   !  -9.99000e+02  -99.000  -99.000  -999
OBS: 2823  56264.324    45.00   0.0000e+00   4.3220e+01   4.1625e+00   0  H  0.00  1   !  -9.99000e+02  -99.000  -99.000  -999
OBS: 2823  56266.324    47.00   0.0000e+00   4.1688e+01   4.3443e+00   0  H  0.00  1   !  -9.99000e+02  -99.000  -99.000  -999
OBS: 2823  56268.324    49.00   0.0000e+00   3.8031e+01   4.1745e+00   0  H  0.00  1   !  -9.99000e+02  -99.000  -99.000  -999
OBS: 2823  56270.324    51.00   0.0000e+00   3.3516e+01   3.6886e+00   0  H  0.00  1   !  -9.99000e+02  -99.000  -99.000  -999
OBS: 2823  56272.324    53.00   0.0000e+00   2.8747e+01   3.1059e+00   0  H  0.00  1   !  -9.99000e+02  -99.000  -99.000  -999
OBS: 2823  56274.324    55.00   0.0000e+00   2.4654e+01   2.6292e+00   0  H  0.00  1   !  -9.99000e+02  -99.000  -99.000  -999
OBS: 2823  56276.324    57.00   0.0000e+00   2.2044e+01   2.4327e+00   0  H  0.00  1   !  -9.99000e+02  -99.000  -99.000  -999
OBS: 2823  56278.324    59.00   0.0000e+00   2.0551e+01   3.0312e+00   0  H  0.00  1   !  -9.99000e+02  -99.000  -99.000  -999
OBS: 2823  56280.324    61.00   0.0000e+00   1.9638e+01   4.5159e+00   0  H  0.00  1   !  -9.99000e+02  -99.000  -99.000  -999
OBS: 2823  56282.324    63.00   0.0000e+00   1.8621e+01   6.0697e+00   0  H  0.00  1   !  -9.99000e+02  -99.000  -99.000  -999
OBS: 2823  56284.324    65.00   0.0000e+00   1.7451e+01   7.0585e+00   0  H  0.00  1   !  -9.99000e+02  -99.000  -99.000  -999
OBS: 2823  56286.324    67.00   0.0000e+00   1.6316e+01   9.8211e+00   0  H  0.00  1   !  -9.99000e+02  -99.000  -99.000  -999
OBS: 2823  56288.324    69.00   0.0000e+00   1.5330e+01   9.2270e+00   0  H  0.00  1   !  -9.99000e+02  -99.000  -99.000  -999
OBS: 2823  56290.324    71.00   0.0000e+00   1.4104e+01   8.4893e+00   0  H  0.00  1   !  -9.99000e+02  -99.000  -99.000  -999
OBS: 2823  56292.324    73.00   0.0000e+00   1.2971e+01   7.8072e+00   0  H  0.00  1   !  -9.99000e+02  -99.000  -99.000  -999
OBS: 2823  56294.324    75.00   0.0000e+00   1.1975e+01   7.2078e+00   0  H  0.00  1   !  -9.99000e+02  -99.000  -99.000  -999
OBS: 2823  56296.324    77.00   0.0000e+00   1.1135e+01   6.7026e+00   0  H  0.00  1   !  -9.99000e+02  -99.000  -99.000  -999
OBS: 2823  56298.324    79.00   0.0000e+00   1.0209e+01   6.1447e+00   0  H  0.00  1   !  -9.99000e+02  -99.000  -99.000  -999
OBS: 2823  56300.324    81.00   0.0000e+00   8.8409e+00   5.3214e+00   0  H  0.00  1   !  -9.99000e+02  -99.000  -99.000  -999
OBS: 2823  56302.324    83.00   0.0000e+00   7.8062e+00   4.6986e+00   0  H  0.00  1   !  -9.99000e+02  -99.000  -99.000  -999
OBS: 2823  56304.324    85.00   0.0000e+00   6.9793e+00   4.2009e+00   0  H  0.00  1   !  -9.99000e+02  -99.000  -99.000  -999
OBS: 2823  56306.324    87.00   0.0000e+00   6.3053e+00   3.7952e+00   0  H  0.00  1   !  -9.99000e+02  -99.000  -99.000  -999
OBS: 2823  56308.324    89.00   0.0000e+00   5.7149e+00   3.4399e+00   0  H  0.00  1   !  -9.99000e+02  -99.000  -99.000  -999
OBS: 2823  56310.324    91.00   0.0000e+00   5.2217e+00   3.1430e+00   0  H  0.00  1   !  -9.99000e+02  -99.000  -99.000  -999
OBS: 2823  56312.324    93.00   0.0000e+00   4.7268e+00   2.8451e+00   0  H  0.00  1   !  -9.99000e+02  -99.000  -99.000  -999
OBS: 2823  56314.324    95.00   0.0000e+00   4.2856e+00   2.5795e+00   0  H  0.00  1   !  -9.99000e+02  -99.000  -99.000  -999
OBS: 2823  56316.324    97.00   0.0000e+00   3.8362e+00   2.3091e+00   0  H  0.00  1   !  -9.99000e+02  -99.000  -99.000  -999
OBS: 2823  56318.324    99.00   0.0000e+00   3.6272e+00   2.1833e+00   0  H  0.00  1   !  -9.99000e+02  -99.000  -99.000  -999
OBS: 2823  56320.324   101.00   0.0000e+00   3.4303e+00   2.0647e+00   0  H  0.00  1   !  -9.99000e+02  -99.000  -99.000  -999
OBS: 2823  56322.324   103.00   0.0000e+00   3.2449e+00   1.9531e+00   0  H  0.00  1   !  -9.99000e+02  -99.000  -99.000  -999
OBS: 2823  56324.324   105.00   0.0000e+00   3.0704e+00   1.8481e+00   0  H  0.00  1   !  -9.99000e+02  -99.000  -99.000  -999
OBS: 2823  56326.324   107.00   0.0000e+00   2.9037e+00   1.7478e+00   0  H  0.00  1   !  -9.99000e+02  -99.000  -99.000  -999
OBS: 2823  56328.324   109.00   0.0000e+00   2.7419e+00   1.6504e+00   0  H  0.00  1   !  -9.99000e+02  -99.000  -99.000  -999
OBS: 2823  56330.324   111.00   0.0000e+00   2.5837e+00   1.5552e+00   0  H  0.00  1   !  -9.99000e+02  -99.000  -99.000  -999
OBS: 2823  56332.324   113.00   0.0000e+00   2.4647e+00   1.4836e+00   0  H  0.00  1   !  -9.99000e+02  -99.000  -99.000  -999
OBS: 2823  56334.324   115.00   0.0000e+00   2.3528e+00   1.4162e+00   0  H  0.00  1   !  -9.99000e+02  -99.000  -99.000  -999
OBS: 2823  56336.324   117.00   0.0000e+00   2.2459e+00   1.3518e+00   0  H  0.00  1   !  -9.99000e+02  -99.000  -99.000  -999
OBS: 2823  56338.324   119.00   0.0000e+00   2.1439e+00   1.2904e+00   0  H  0.00  1   !  -9.99000e+02  -99.000  -99.000  -999
OBS: 2823  56340.324   121.00   0.0000e+00   2.0465e+00   1.2318e+00   0  H  0.00  1   !  -9.99000e+02  -99.000  -99.000  -999
OBS: 2823  56342.324   123.00   0.0000e+00   1.9535e+00   1.1758e+00   0  H  0.00  1   !  -9.99000e+02  -99.000  -99.000  -999
OBS: 2823  56344.324   125.00   0.0000e+00   1.8648e+00   1.1224e+00   0  H  0.00  1   !  -9.99000e+02  -99.000  -99.000  -999
OBS: 2823  56346.324   127.00   0.0000e+00   1.7801e+00   1.0714e+00   0  H  0.00  1   !  -9.99000e+02  -99.000  -99.000  -999
OBS: 2823  56348.324   129.00   0.0000e+00   1.6992e+00   1.0228e+00   0  H  0.00  1   !  -9.99000e+02  -99.000  -99.000  -999
OBS: 2823  56350.324   131.00   0.0000e+00   1.6220e+00   9.7630e-01   0  H  0.00  1   !  -9.99000e+02  -99.000  -99.000  -999
OBS: 2823  56352.324   133.00   0.0000e+00   1.5483e+00   9.3195e-01   0  H  0.00  1   !  -9.99000e+02  -99.000  -99.000  -999
OBS: 2823  56354.324   135.00   0.0000e+00   1.4780e+00   8.8962e-01   0  H  0.00  1   !  -9.99000e+02  -99.000  -99.000  -999
OBS: 2823  56356.324   137.00   0.0000e+00   1.4109e+00   8.4921e-01   0  H  0.00  1   !  -9.99000e+02  -99.000  -99.000  -999
OBS: 2823  56358.324   139.00   0.0000e+00   1.3468e+00   8.1063e-01   0  H  0.00  1   !  -9.99000e+02  -99.000  -99.000  -999
