VARNAMES: CID MJD Tobs SIM_FLUXCAL FLUXCAL FLUXCAL_ERR DATAFLAG BAND CHI2 IFIT BAND_REST FLUX_REST KCOR AVWARP SIM_FLUX_REST 
OBS: 2775  56523.773     3.27   7.0728e+01   7.1208e+01   1.0831e+00   1  J  0.17  1   Y  1.63209e+18  0.009  -1.734  1.00000e+11
OBS: 2775  56528.957     8.45   5.8768e+01   5.6574e+01   1.0376e+00   1  J  1.53  1   Y  1.20004e+18  -0.075  -1.835  1.00000e+11
OBS: 2775  56536.863    16.35   5.6834e+01   5.5609e+01   1.0333e+00   1  J  0.76  1   Y  1.14726e+18  -0.106  -1.165  1.00000e+11
OBS: 2775  56461.508   -59.00   0.0000e+00   0.0000e+00   0.0000e+00   0  J  0.00  1   !  -9.99000e+02  -99.000  -99.000  -999
OBS: 2775  56463.508   -57.00   0.0000e+00   0.0000e+00   0.0000e+00   0  J  0.00  1   !  -9.99000e+02  -99.000  -99.000  -999
OBS: 2775  56465.508   -55.00   0.0000e+00   0.0000e+00   0.0000e+00   0  J  0.00  1   !  -9.99000e+02  -99.000  -99.000  -999
OBS: 2775  56467.508   -53.00   0.0000e+00   0.0000e+00   0.0000e+00   0  J  0.00  1   !  -9.99000e+02  -99.000  -99.000  -999
OBS: 2775  56469.508   -51.00   0.0000e+00   0.0000e+00   0.0000e+00   0  J  0.00  1   !  -9.99000e+02  -99.000  -99.000  -999
OBS: 2775  56471.508   -49.00   0.0000e+00   0.0000e+00   0.0000e+00   0  J  0.00  1   !  -9.99000e+02  -99.000  -99.000  -999
OBS: 2775  56473.508   -47.00   0.0000e+00   0.0000e+00   0.0000e+00   0  J  0.00  1   !  -9.99000e+02  -99.000  -99.000  -999
OBS: 2775  56475.508   -45.00   0.0000e+00   0.0000e+00   0.0000e+00   0  J  0.00  1   !  -9.99000e+02  -99.000  -99.000  -999
OBS: 2775  56477.508   -43.00   0.0000e+00   0.0000e+00   0.0000e+00   0  J  0.00  1   !  -9.99000e+02  -99.000  -99.000  -999
OBS: 2775  56479.508   -41.00   0.0000e+00   0.0000e+00   0.0000e+00   0  J  0.00  1   !  -9.99000e+02  -99.000  -99.000  -999
OBS: 2775  56481.508   -39.00   0.0000e+00   0.0000e+00   0.0000e+00   0  J  0.00  1   !  -9.99000e+02  -99.000  -99.000  -999
OBS: 2775  56483.508   -37.00   0.0000e+00   0.0000e+00   0.0000e+00   0  J  0.00  1   !  -9.99000e+02  -99.000  -99.000  -999
OBS: 2775  56485.508   -35.00   0.0000e+00   0.0000e+00   0.0000e+00   0  J  0.00  1   !  -9.99000e+02  -99.000  -99.000  -999
OBS: 2775  56487.508   -33.00   0.0000e+00   0.0000e+00   0.0000e+00   0  J  0.00  1   !  -9.99000e+02  -99.000  -99.000  -999
OBS: 2775  56489.508   -31.00   0.0000e+00   0.0000e+00   0.0000e+00   0  J  0.00  1   !  -9.99000e+02  -99.000  -99.000  -999
OBS: 2775  56491.508   -29.00   0.0000e+00   0.0000e+00   0.0000e+00   0  J  0.00  1   !  -9.99000e+02  -99.000  -99.000  -999
OBS: 2775  56493.508   -27.00   0.0000e+00   0.0000e+00   0.0000e+00   0  J  0.00  1   !  -9.99000e+02  -99.000  -99.000  -999
OBS: 2775  56495.508   -25.00   0.0000e+00   1.4038e+01   8.4496e+00   0  J  0.00  1   !  -9.99000e+02  -99.000  -99.000  -999
OBS: 2775  56497.508   -23.00   0.0000e+00   1.2707e+01   7.6482e+00   0  J  0.00  1   !  -9.99000e+02  -99.000  -99.000  -999
OBS: 2775  56499.508   -21.00   0.0000e+00   1.2699e+01   7.6440e+00   0  J  0.00  1   !  -9.99000e+02  -99.000  -99.000  -999
OBS: 2775  56501.508   -19.00   0.0000e+00   1.3655e+01   7.7115e+00   0  J  0.00  1   !  -9.99000e+02  -99.000  -99.000  -999
OBS: 2775  56503.508   -17.00   0.0000e+00   2.9961e+01   3.6697e+00   0  J  0.00  1   !  -9.99000e+02  -99.000  -99.000  -999
OBS: 2775  56505.508   -15.00   0.0000e+00   4.6658e+01   2.4978e+00   0  J  0.00  1   !  -9.99000e+02  -99.000  -99.000  -999
OBS: 2775  56507.508   -13.00   0.0000e+00   6.1905e+01   2.4136e+00   0  J  0.00  1   !  -9.99000e+02  -99.000  -99.000  -999
OBS: 2775  56509.508   -11.00   0.0000e+00   7.4858e+01   2.3833e+00   0  J  0.00  1   !  -9.99000e+02  -99.000  -99.000  -999
OBS: 2775  56511.508    -9.00   0.0000e+00   8.6491e+01   2.0667e+00   0  J  0.00  1   !  -9.99000e+02  -99.000  -99.000  -999
OBS: 2775  56513.508    -7.00   0.0000e+00   9.3821e+01   1.8733e+00   0  J  0.00  1   !  -9.99000e+02  -99.000  -99.000  -999
OBS: 2775  56515.508    -5.00   0.0000e+00   9.6600e+01   1.9891e+00   0  J  0.00  1   !  -9.99000e+02  -99.000  -99.000  -999
OBS: 2775  56517.508    -3.00   0.0000e+00   9.2896e+01   2.2718e+00   0  J  0.00  1   !  -9.99000e+02  -99.000  -99.000  -999
OBS: 2775  56519.508    -1.00   0.0000e+00   8.6460e+01   2.2785e+00   0  J  0.00  1   !  -9.99000e+02  -99.000  -99.000  -999
OBS: 2775  56521.508     1.00   0.0000e+00   7.9328e+01   2.1954e+00   0  J  0.00  1   !  -9.99000e+02  -99.000  -99.000  -999
OBS: 2775  56523.508     3.00   0.0000e+00   7.2978e+01   2.2437e+00   0  J  0.00  1   !  -9.99000e+02  -99.000  -99.000  -999
OBS: 2775  56525.508     5.00   0.0000e+00   6.7692e+01   2.4444e+00   0  J  0.00  1   !  -9.99000e+02  -99.000  -99.000  -999
OBS: 2775  56527.508     7.00   0.0000e+00   6.3145e+01   2.5682e+00   0  J  0.00  1   !  -9.99000e+02  -99.000  -99.000  -999
OBS: 2775  56529.508     9.00   0.0000e+00   5.9008e+01   2.6587e+00   0  J  0.00  1   !  -9.99000e+02  -99.000  -99.000  -999
OBS: 2775  56531.508    11.00   0.0000e+00   5.6797e+01   2.6057e+00   0  J  0.00  1   !  -9.99000e+02  -99.000  -99.000  -999
OBS: 2775  56533.508    13.00   0.0000e+00   5.6225e+01   2.5224e+00   0  J  0.00  1   !  -9.99000e+02  -99.000  -99.000  -999
OBS: 2775  56535.508    15.00   0.0000e+00   5.6936e+01   2.5505e+00   0  J  0.00  1   !  -9.99000e+02  -99.000  -99.000  -999
OBS: 2775  56537.508    17.00   0.0000e+00   5.8863e+01   2.6690e+00   0  J  0.00  1   !  -9.99000e+02  -99.000  -99.000  -999
OBS: 2775  56539.508    19.00   0.0000e+00   6.2423e+01   2.6619e+00   0  J  0.00  1   !  -9.99000e+02  -99.000  -99.000  -999
OBS: 2775  56541.508    21.00   0.0000e+00   6.7009e+01   2.7855e+00   0  J  0.00  1   !  -9.99000e+02  -99.000  -99.000  -999
OBS: 2775  56543.508    23.00   0.0000e+00   7.1137e+01   2.9576e+00   0  J  0.00  1   !  -9.99000e+02  -99.000  -99.000  -999
OBS: 2775  56545.508    25.00   0.0000e+00   7.4597e+01   3.2390e+00   0  J  0.00  1   !  -9.99000e+02  -99.000  -99.000  -999
OBS: 2775  56547.508    27.00   0.0000e+00   7.6311e+01   3.4390e+00   0  J  0.00  1   !  -9.99000e+02  -99.000  -99.000  -999
OBS: 2775  56549.508    29.00   0.0000e+00   7.8750e+01   3.4492e+00   0  J  0.00  1   !  -9.99000e+02  -99.000  -99.000  -999
OBS: 2775  56551.508    31.00   0.0000e+00   8.4445e+01   3.2474e+00   0  J  0.00  1   !  -9.99000e+02  -99.000  -99.000  -999
OBS: 2775  56553.508    33.00   0.0000e+00   9.1708e+01   2.8571e+00   0  J  0.00  1   !  -9.99000e+02  -99.000  -99.000  -999
OBS: 2775  56555.508    35.00   0.0000e+00   9.7285e+01   2.6802e+00   0  J  0.00  1   !  -9.99000e+02  -99.000  -99.000  -999
OBS: 2775  56557.508    37.00   0.0000e+00   9.9468e+01   2.6056e+00   0  J  0.00  1   !  -9.99000e+02  -99.000  -99.000  -999
OBS: 2775  56559.508    39.00   0.0000e+00   9.8290e+01   2.4897e+00   0  J  0.00  1   !  -9.99000e+02  -99.000  -99.000  -999
OBS: 2775  56561.508    41.00   0.0000e+00   9.5522e+01   2.4196e+00   0  J  0.00  1   !  -9.99000e+02  -99.000  -99.000  -999
OBS: 2775  56563.508    43.00   0.0000e+00   9.1436e+01   2.3161e+00   0  J  0.00  1   !  -9.99000e+02  -99.000  -99.000  -999
OBS: 2775  56565.508    45.00   0.0000e+00   8.6528e+01   2.2815e+00   0  J  0.00  1   !  -9.99000e+02  -99.000  -99.000  -999
OBS: 2775  56567.508    47.00   0.0000e+00   8.1997e+01   2.2704e+00   0  J  0.00  1   !  -9.99000e+02  -99.000  -99.000  -999
OBS: 2775  56569.508    49.00   0.0000e+00   7.6110e+01   2.2320e+00   0  J  0.00  1   !  -9.99000e+02  -99.000  -99.000  -999
OBS: 2775  56571.508    51.00   0.0000e+00   6.9461e+01   2.2779e+00   0  J  0.00  1   !  -9.99000e+02  -99.000  -99.000  -999
OBS: 2775  56573.508    53.00   0.0000e+00   6.3132e+01   2.3792e+00   0  J  0.00  1   !  -9.99000e+02  -99.000  -99.000  -999
OBS: 2775  56575.508    55.00   0.0000e+00   5.7749e+01   2.1922e+00   0  J  0.00  1   !  -9.99000e+02  -99.000  -99.000  -999
OBS: 2775  56577.508    57.00   0.0000e+00   5.3358e+01   1.8120e+00   0  J  0.00  1   !  -9.99000e+02  -99.000  -99.000  -999
OBS: 2775  56579.508    59.00   0.0000e+00   4.9299e+01   1.6924e+00   0  J  0.00  1   !  -9.99000e+02  -99.000  -99.000  -999
OBS: 2775  56581.508    61.00   0.0000e+00   4.5310e+01   1.7978e+00   0  J  0.00  1   !  -9.99000e+02  -99.000  -99.000  -999
OBS: 2775  56583.508    63.00   0.0000e+00   4.1277e+01   1.9775e+00   0  J  0.00  1   !  -9.99000e+02  -99.000  -99.000  -999
OBS: 2775  56585.508    65.00   0.0000e+00   3.7235e+01   2.0968e+01   0  J  0.00  1   !  -9.99000e+02  -99.000  -99.000  -999
OBS: 2775  56587.508    67.00   0.0000e+00   3.3311e+01   2.0050e+01   0  J  0.00  1   !  -9.99000e+02  -99.000  -99.000  -999
OBS: 2775  56589.508    69.00   0.0000e+00   3.0310e+01   1.8244e+01   0  J  0.00  1   !  -9.99000e+02  -99.000  -99.000  -999
OBS: 2775  56591.508    71.00   0.0000e+00   2.7838e+01   1.6756e+01   0  J  0.00  1   !  -9.99000e+02  -99.000  -99.000  -999
OBS: 2775  56593.508    73.00   0.0000e+00   2.5665e+01   1.5448e+01   0  J  0.00  1   !  -9.99000e+02  -99.000  -99.000  -999
OBS: 2775  56595.508    75.00   0.0000e+00   2.3888e+01   1.4378e+01   0  J  0.00  1   !  -9.99000e+02  -99.000  -99.000  -999
OBS: 2775  56597.508    77.00   0.0000e+00   2.2124e+01   1.3317e+01   0  J  0.00  1   !  -9.99000e+02  -99.000  -99.000  -999
OBS: 2775  56599.508    79.00   0.0000e+00   1.9137e+01   1.1519e+01   0  J  0.00  1   !  -9.99000e+02  -99.000  -99.000  -999
OBS: 2775  56601.508    81.00   0.0000e+00   1.6645e+01   1.0019e+01   0  J  0.00  1   !  -9.99000e+02  -99.000  -99.000  -999
OBS: 2775  56603.508    83.00   0.0000e+00   1.4632e+01   8.8070e+00   0  J  0.00  1   !  -9.99000e+02  -99.000  -99.000  -999
OBS: 2775  56605.508    85.00   0.0000e+00   1.3018e+01   7.8359e+00   0  J  0.00  1   !  -9.99000e+02  -99.000  -99.000  -999
OBS: 2775  56607.508    87.00   0.0000e+00   1.1718e+01   7.0534e+00   0  J  0.00  1   !  -9.99000e+02  -99.000  -99.000  -999
OBS: 2775  56609.508    89.00   0.0000e+00   1.0660e+01   6.4165e+00   0  J  0.00  1   !  -9.99000e+02  -99.000  -99.000  -999
OBS: 2775  56611.508    91.00   0.0000e+00   9.7511e+00   5.8693e+00   0  J  0.00  1   !  -9.99000e+02  -99.000  -99.000  -999
OBS: 2775  56613.508    93.00   0.0000e+00   8.9471e+00   5.3853e+00   0  J  0.00  1   !  -9.99000e+02  -99.000  -99.000  -999
OBS: 2775  56615.508    95.00   0.0000e+00   8.2056e+00   4.9390e+00   0  J  0.00  1   !  -9.99000e+02  -99.000  -99.000  -999
OBS: 2775  56617.508    97.00   0.0000e+00   7.4560e+00   4.4878e+00   0  J  0.00  1   !  -9.99000e+02  -99.000  -99.000  -999
OBS: 2775  56619.508    99.00   0.0000e+00   6.7784e+00   4.0800e+00   0  J  0.00  1   !  -9.99000e+02  -99.000  -99.000  -999
OBS: 2775  56621.508   101.00   0.0000e+00   6.1689e+00   3.7131e+00   0  J  0.00  1   !  -9.99000e+02  -99.000  -99.000  -999
OBS: 2775  56623.508   103.00   0.0000e+00   5.6183e+00   3.3817e+00   0  J  0.00  1   !  -9.99000e+02  -99.000  -99.000  -999
OBS: 2775  56625.508   105.00   0.0000e+00   5.1234e+00   3.0838e+00   0  J  0.00  1   !  -9.99000e+02  -99.000  -99.000  -999
OBS: 2775  56627.508   107.00   0.0000e+00   4.6789e+00   2.8163e+00   0  J  0.00  1   !  -9.99000e+02  -99.000  -99.000  -999
OBS: 2775  56629.508   109.00   0.0000e+00   4.2701e+00   2.5702e+00   0  J  0.00  1   !  -9.99000e+02  -99.000  -99.000  -999
OBS: 2775  56631.508   111.00   0.0000e+00   3.8581e+00   2.3222e+00   0  J  0.00  1   !  -9.99000e+02  -99.000  -99.000  -999
OBS: 2775  56633.508   113.00   0.0000e+00   3.4859e+00   2.0982e+00   0  J  0.00  1   !  -9.99000e+02  -99.000  -99.000  -999
OBS: 2775  56635.508   115.00   0.0000e+00   3.1494e+00   1.8957e+00   0  J  0.00  1   !  -9.99000e+02  -99.000  -99.000  -999
OBS: 2775  56637.508   117.00   0.0000e+00   2.8454e+00   1.7127e+00   0  J  0.00  1   !  -9.99000e+02  -99.000  -99.000  -999
OBS: 2775  56639.508   119.00   0.0000e+00   2.5707e+00   1.5473e+00   0  J  0.00  1   !  -9.99000e+02  -99.000  -99.000  -999
OBS: 2775  56641.508   121.00   0.0000e+00   2.3224e+00   1.3979e+00   0  J  0.00  1   !  -9.99000e+02  -99.000  -99.000  -999
OBS: 2775  56643.508   123.00   0.0000e+00   2.0981e+00   1.2629e+00   0  J  0.00  1   !  -9.99000e+02  -99.000  -99.000  -999
OBS: 2775  56645.508   125.00   0.0000e+00   1.8955e+00   1.1409e+00   0  J  0.00  1   !  -9.99000e+02  -99.000  -99.000  -999
OBS: 2775  56647.508   127.00   0.0000e+00   1.7124e+00   1.0307e+00   0  J  0.00  1   !  -9.99000e+02  -99.000  -99.000  -999
OBS: 2775  56649.508   129.00   0.0000e+00   1.5469e+00   9.3112e-01   0  J  0.00  1   !  -9.99000e+02  -99.000  -99.000  -999
OBS: 2775  56651.508   131.00   0.0000e+00   1.3976e+00   8.4124e-01   0  J  0.00  1   !  -9.99000e+02  -99.000  -99.000  -999
OBS: 2775  56653.508   133.00   0.0000e+00   1.2627e+00   7.6003e-01   0  J  0.00  1   !  -9.99000e+02  -99.000  -99.000  -999
OBS: 2775  56655.508   135.00   0.0000e+00   1.1406e+00   6.8657e-01   0  J  0.00  1   !  -9.99000e+02  -99.000  -99.000  -999
OBS: 2775  56657.508   137.00   0.0000e+00   1.0304e+00   6.2019e-01   0  J  0.00  1   !  -9.99000e+02  -99.000  -99.000  -999
OBS: 2775  56659.508   139.00   0.0000e+00   9.3074e-01   5.6022e-01   0  J  0.00  1   !  -9.99000e+02  -99.000  -99.000  -999
OBS: 2775  56523.777     3.27   5.1926e+01   5.5605e+01   1.3753e+00   1  H  3.38  1   J  2.26333e+18  0.632  0.937  1.00000e+11
OBS: 2775  56528.961     8.45   3.3967e+01   3.4699e+01   1.3192e+00   1  H  0.06  1   J  1.36942e+18  0.599  1.472  1.00000e+11
OBS: 2775  56536.867    16.36   1.7791e+01   1.7300e+01   1.2743e+00   1  H  0.12  1   J  6.26248e+17  0.505  0.041  1.00000e+11
OBS: 2775  56461.508   -59.00   0.0000e+00   0.0000e+00   0.0000e+00   0  H  0.00  1   !  -9.99000e+02  -99.000  -99.000  -999
OBS: 2775  56463.508   -57.00   0.0000e+00   0.0000e+00   0.0000e+00   0  H  0.00  1   !  -9.99000e+02  -99.000  -99.000  -999
OBS: 2775  56465.508   -55.00   0.0000e+00   0.0000e+00   0.0000e+00   0  H  0.00  1   !  -9.99000e+02  -99.000  -99.000  -999
OBS: 2775  56467.508   -53.00   0.0000e+00   0.0000e+00   0.0000e+00   0  H  0.00  1   !  -9.99000e+02  -99.000  -99.000  -999
OBS: 2775  56469.508   -51.00   0.0000e+00   0.0000e+00   0.0000e+00   0  H  0.00  1   !  -9.99000e+02  -99.000  -99.000  -999
OBS: 2775  56471.508   -49.00   0.0000e+00   0.0000e+00   0.0000e+00   0  H  0.00  1   !  -9.99000e+02  -99.000  -99.000  -999
OBS: 2775  56473.508   -47.00   0.0000e+00   0.0000e+00   0.0000e+00   0  H  0.00  1   !  -9.99000e+02  -99.000  -99.000  -999
OBS: 2775  56475.508   -45.00   0.0000e+00   0.0000e+00   0.0000e+00   0  H  0.00  1   !  -9.99000e+02  -99.000  -99.000  -999
OBS: 2775  56477.508   -43.00   0.0000e+00   0.0000e+00   0.0000e+00   0  H  0.00  1   !  -9.99000e+02  -99.000  -99.000  -999
OBS: 2775  56479.508   -41.00   0.0000e+00   0.0000e+00   0.0000e+00   0  H  0.00  1   !  -9.99000e+02  -99.000  -99.000  -999
OBS: 2775  56481.508   -39.00   0.0000e+00   0.0000e+00   0.0000e+00   0  H  0.00  1   !  -9.99000e+02  -99.000  -99.000  -999
OBS: 2775  56483.508   -37.00   0.0000e+00   0.0000e+00   0.0000e+00   0  H  0.00  1   !  -9.99000e+02  -99.000  -99.000  -999
OBS: 2775  56485.508   -35.00   0.0000e+00   0.0000e+00   0.0000e+00   0  H  0.00  1   !  -9.99000e+02  -99.000  -99.000  -999
OBS: 2775  56487.508   -33.00   0.0000e+00   0.0000e+00   0.0000e+00   0  H  0.00  1   !  -9.99000e+02  -99.000  -99.000  -999
OBS: 2775  56489.508   -31.00   0.0000e+00   0.0000e+00   0.0000e+00   0  H  0.00  1   !  -9.99000e+02  -99.000  -99.000  -999
OBS: 2775  56491.508   -29.00   0.0000e+00   0.0000e+00   0.0000e+00   0  H  0.00  1   !  -9.99000e+02  -99.000  -99.000  -999
OBS: 2775  56493.508   -27.00   0.0000e+00   0.0000e+00   0.0000e+00   0  H  0.00  1   !  -9.99000e+02  -99.000  -99.000  -999
OBS: 2775  56495.508   -25.00   0.0000e+00   1.1467e+01   6.9023e+00   0  H  0.00  1   !  -9.99000e+02  -99.000  -99.000  -999
OBS: 2775  56497.508   -23.00   0.0000e+00   1.2834e+01   7.7252e+00   0  H  0.00  1   !  -9.99000e+02  -99.000  -99.000  -999
OBS: 2775  56499.508   -21.00   0.0000e+00   1.2867e+01   7.7450e+00   0  H  0.00  1   !  -9.99000e+02  -99.000  -99.000  -999
OBS: 2775  56501.508   -19.00   0.0000e+00   1.3618e+01   7.6994e+00   0  H  0.00  1   !  -9.99000e+02  -99.000  -99.000  -999
OBS: 2775  56503.508   -17.00   0.0000e+00   2.5482e+01   3.1172e+00   0  H  0.00  1   !  -9.99000e+02  -99.000  -99.000  -999
OBS: 2775  56505.508   -15.00   0.0000e+00   3.8634e+01   1.6883e+00   0  H  0.00  1   !  -9.99000e+02  -99.000  -99.000  -999
OBS: 2775  56507.508   -13.00   0.0000e+00   5.0839e+01   1.7275e+00   0  H  0.00  1   !  -9.99000e+02  -99.000  -99.000  -999
OBS: 2775  56509.508   -11.00   0.0000e+00   6.0653e+01   1.7559e+00   0  H  0.00  1   !  -9.99000e+02  -99.000  -99.000  -999
OBS: 2775  56511.508    -9.00   0.0000e+00   6.7555e+01   1.3889e+00   0  H  0.00  1   !  -9.99000e+02  -99.000  -99.000  -999
OBS: 2775  56513.508    -7.00   0.0000e+00   7.1303e+01   1.1189e+00   0  H  0.00  1   !  -9.99000e+02  -99.000  -99.000  -999
OBS: 2775  56515.508    -5.00   0.0000e+00   7.2448e+01   1.0951e+00   0  H  0.00  1   !  -9.99000e+02  -99.000  -99.000  -999
OBS: 2775  56517.508    -3.00   0.0000e+00   7.0323e+01   1.1927e+00   0  H  0.00  1   !  -9.99000e+02  -99.000  -99.000  -999
OBS: 2775  56519.508    -1.00   0.0000e+00   6.6308e+01   1.2049e+00   0  H  0.00  1   !  -9.99000e+02  -99.000  -99.000  -999
OBS: 2775  56521.508     1.00   0.0000e+00   6.0162e+01   1.1676e+00   0  H  0.00  1   !  -9.99000e+02  -99.000  -99.000  -999
OBS: 2775  56523.508     3.00   0.0000e+00   5.3271e+01   1.1423e+00   0  H  0.00  1   !  -9.99000e+02  -99.000  -99.000  -999
OBS: 2775  56525.508     5.00   0.0000e+00   4.6410e+01   1.0916e+00   0  H  0.00  1   !  -9.99000e+02  -99.000  -99.000  -999
OBS: 2775  56527.508     7.00   0.0000e+00   3.9468e+01   1.0969e+00   0  H  0.00  1   !  -9.99000e+02  -99.000  -99.000  -999
OBS: 2775  56529.508     9.00   0.0000e+00   3.2395e+01   1.1340e+00   0  H  0.00  1   !  -9.99000e+02  -99.000  -99.000  -999
OBS: 2775  56531.508    11.00   0.0000e+00   2.6200e+01   1.2265e+00   0  H  0.00  1   !  -9.99000e+02  -99.000  -99.000  -999
OBS: 2775  56533.508    13.00   0.0000e+00   2.1738e+01   1.3284e+00   0  H  0.00  1   !  -9.99000e+02  -99.000  -99.000  -999
OBS: 2775  56535.508    15.00   0.0000e+00   1.8947e+01   1.3874e+00   0  H  0.00  1   !  -9.99000e+02  -99.000  -99.000  -999
OBS: 2775  56537.508    17.00   0.0000e+00   1.7735e+01   1.3939e+00   0  H  0.00  1   !  -9.99000e+02  -99.000  -99.000  -999
OBS: 2775  56539.508    19.00   0.0000e+00   1.7511e+01   1.4123e+00   0  H  0.00  1   !  -9.99000e+02  -99.000  -99.000  -999
OBS: 2775  56541.508    21.00   0.0000e+00   1.7943e+01   1.5533e+00   0  H  0.00  1   !  -9.99000e+02  -99.000  -99.000  -999
OBS: 2775  56543.508    23.00   0.0000e+00   1.8683e+01   1.6521e+00   0  H  0.00  1   !  -9.99000e+02  -99.000  -99.000  -999
OBS: 2775  56545.508    25.00   0.0000e+00   1.9527e+01   1.5881e+00   0  H  0.00  1   !  -9.99000e+02  -99.000  -99.000  -999
OBS: 2775  56547.508    27.00   0.0000e+00   2.0945e+01   1.6230e+00   0  H  0.00  1   !  -9.99000e+02  -99.000  -99.000  -999
OBS: 2775  56549.508    29.00   0.0000e+00   2.2935e+01   1.7088e+00   0  H  0.00  1   !  -9.99000e+02  -99.000  -99.000  -999
OBS: 2775  56551.508    31.00   0.0000e+00   2.4965e+01   1.6130e+00   0  H  0.00  1   !  -9.99000e+02  -99.000  -99.000  -999
OBS: 2775  56553.508    33.00   0.0000e+00   2.6851e+01   1.5433e+00   0  H  0.00  1   !  -9.99000e+02  -99.000  -99.000  -999
OBS: 2775  56555.508    35.00   0.0000e+00   2.8236e+01   1.7039e+00   0  H  0.00  1   !  -9.99000e+02  -99.000  -99.000  -999
OBS: 2775  56557.508    37.00   0.0000e+00   2.9268e+01   1.7954e+00   0  H  0.00  1   !  -9.99000e+02  -99.000  -99.000  -999
OBS: 2775  56559.508    39.00   0.0000e+00   3.0247e+01   1.6962e+00   0  H  0.00  1   !  -9.99000e+02  -99.000  -99.000  -999
OBS: 2775  56561.508    41.00   0.0000e+00   3.1472e+01   1.6606e+00   0  H  0.00  1   !  -9.99000e+02  -99.000  -99.000  -999
OBS: 2775  56563.508    43.00   0.0000e+00   3.1959e+01   1.6863e+00   0  H  0.00  1   !  -9.99000e+02  -99.000  -99.000  -999
OBS: 2775  56565.508    45.00   0.0000e+00   3.1029e+01   1.8043e+00   0  H  0.00  1   !  -9.99000e+02  -99.000  -99.000  -999
OBS: 2775  56567.508    47.00   0.0000e+00   2.8539e+01   2.0614e+00   0  H  0.00  1   !  -9.99000e+02  -99.000  -99.000  -999
OBS: 2775  56569.508    49.00   0.0000e+00   2.5301e+01   2.0500e+00   0  H  0.00  1   !  -9.99000e+02  -99.000  -99.000  -999
OBS: 2775  56571.508    51.00   0.0000e+00   2.1782e+01   2.0041e+00   0  H  0.00  1   !  -9.99000e+02  -99.000  -99.000  -999
OBS: 2775  56573.508    53.00   0.0000e+00   1.8434e+01   1.9731e+00   0  H  0.00  1   !  -9.99000e+02  -99.000  -99.000  -999
OBS: 2775  56575.508    55.00   0.0000e+00   1.6019e+01   1.9654e+00   0  H  0.00  1   !  -9.99000e+02  -99.000  -99.000  -999
OBS: 2775  56577.508    57.00   0.0000e+00   1.4820e+01   2.0012e+00   0  H  0.00  1   !  -9.99000e+02  -99.000  -99.000  -999
OBS: 2775  56579.508    59.00   0.0000e+00   1.3960e+01   2.1457e+00   0  H  0.00  1   !  -9.99000e+02  -99.000  -99.000  -999
OBS: 2775  56581.508    61.00   0.0000e+00   1.2958e+01   2.7907e+00   0  H  0.00  1   !  -9.99000e+02  -99.000  -99.000  -999
OBS: 2775  56583.508    63.00   0.0000e+00   1.1779e+01   3.4518e+00   0  H  0.00  1   !  -9.99000e+02  -99.000  -99.000  -999
OBS: 2775  56585.508    65.00   0.0000e+00   1.0637e+01   6.1530e+00   0  H  0.00  1   !  -9.99000e+02  -99.000  -99.000  -999
OBS: 2775  56587.508    67.00   0.0000e+00   9.7455e+00   5.8659e+00   0  H  0.00  1   !  -9.99000e+02  -99.000  -99.000  -999
OBS: 2775  56589.508    69.00   0.0000e+00   8.9196e+00   5.3688e+00   0  H  0.00  1   !  -9.99000e+02  -99.000  -99.000  -999
OBS: 2775  56591.508    71.00   0.0000e+00   8.1604e+00   4.9118e+00   0  H  0.00  1   !  -9.99000e+02  -99.000  -99.000  -999
OBS: 2775  56593.508    73.00   0.0000e+00   7.4375e+00   4.4767e+00   0  H  0.00  1   !  -9.99000e+02  -99.000  -99.000  -999
OBS: 2775  56595.508    75.00   0.0000e+00   6.8195e+00   4.1047e+00   0  H  0.00  1   !  -9.99000e+02  -99.000  -99.000  -999
OBS: 2775  56597.508    77.00   0.0000e+00   6.2121e+00   3.7391e+00   0  H  0.00  1   !  -9.99000e+02  -99.000  -99.000  -999
OBS: 2775  56599.508    79.00   0.0000e+00   5.1362e+00   3.0915e+00   0  H  0.00  1   !  -9.99000e+02  -99.000  -99.000  -999
OBS: 2775  56601.508    81.00   0.0000e+00   4.3927e+00   2.6440e+00   0  H  0.00  1   !  -9.99000e+02  -99.000  -99.000  -999
OBS: 2775  56603.508    83.00   0.0000e+00   3.8578e+00   2.3221e+00   0  H  0.00  1   !  -9.99000e+02  -99.000  -99.000  -999
OBS: 2775  56605.508    85.00   0.0000e+00   3.4448e+00   2.0735e+00   0  H  0.00  1   !  -9.99000e+02  -99.000  -99.000  -999
OBS: 2775  56607.508    87.00   0.0000e+00   3.0885e+00   1.8590e+00   0  H  0.00  1   !  -9.99000e+02  -99.000  -99.000  -999
OBS: 2775  56609.508    89.00   0.0000e+00   2.7608e+00   1.6618e+00   0  H  0.00  1   !  -9.99000e+02  -99.000  -99.000  -999
OBS: 2775  56611.508    91.00   0.0000e+00   2.4481e+00   1.4735e+00   0  H  0.00  1   !  -9.99000e+02  -99.000  -99.000  -999
OBS: 2775  56613.508    93.00   0.0000e+00   2.1473e+00   1.2925e+00   0  H  0.00  1   !  -9.99000e+02  -99.000  -99.000  -999
OBS: 2775  56615.508    95.00   0.0000e+00   1.8866e+00   1.1356e+00   0  H  0.00  1   !  -9.99000e+02  -99.000  -99.000  -999
OBS: 2775  56617.508    97.00   0.0000e+00   1.7229e+00   1.0370e+00   0  H  0.00  1   !  -9.99000e+02  -99.000  -99.000  -999
OBS: 2775  56619.508    99.00   0.0000e+00   1.5731e+00   9.4684e-01   0  H  0.00  1   !  -9.99000e+02  -99.000  -99.000  -999
OBS: 2775  56621.508   101.00   0.0000e+00   1.4358e+00   8.6420e-01   0  H  0.00  1   !  -9.99000e+02  -99.000  -99.000  -999
OBS: 2775  56623.508   103.00   0.0000e+00   1.3100e+00   7.8849e-01   0  H  0.00  1   !  -9.99000e+02  -99.000  -99.000  -999
OBS: 2775  56625.508   105.00   0.0000e+00   1.1945e+00   7.1895e-01   0  H  0.00  1   !  -9.99000e+02  -99.000  -99.000  -999
OBS: 2775  56627.508   107.00   0.0000e+00   1.0881e+00   6.5496e-01   0  H  0.00  1   !  -9.99000e+02  -99.000  -99.000  -999
OBS: 2775  56629.508   109.00   0.0000e+00   9.9200e-01   5.9709e-01   0  H  0.00  1   !  -9.99000e+02  -99.000  -99.000  -999
OBS: 2775  56631.508   111.00   0.0000e+00   9.1036e-01   5.4795e-01   0  H  0.00  1   !  -9.99000e+02  -99.000  -99.000  -999
OBS: 2775  56633.508   113.00   0.0000e+00   8.3546e-01   5.0287e-01   0  H  0.00  1   !  -9.99000e+02  -99.000  -99.000  -999
OBS: 2775  56635.508   115.00   0.0000e+00   7.6675e-01   4.6152e-01   0  H  0.00  1   !  -9.99000e+02  -99.000  -99.000  -999
OBS: 2775  56637.508   117.00   0.0000e+00   7.0371e-01   4.2357e-01   0  H  0.00  1   !  -9.99000e+02  -99.000  -99.000  -999
OBS: 2775  56639.508   119.00   0.0000e+00   6.4587e-01   3.8876e-01   0  H  0.00  1   !  -9.99000e+02  -99.000  -99.000  -999
OBS: 2775  56641.508   121.00   0.0000e+00   5.9281e-01   3.5682e-01   0  H  0.00  1   !  -9.99000e+02  -99.000  -99.000  -999
OBS: 2775  56643.508   123.00   0.0000e+00   5.4411e-01   3.2751e-01   0  H  0.00  1   !  -9.99000e+02  -99.000  -99.000  -999
OBS: 2775  56645.508   125.00   0.0000e+00   4.9944e-01   3.0062e-01   0  H  0.00  1   !  -9.99000e+02  -99.000  -99.000  -999
OBS: 2775  56647.508   127.00   0.0000e+00   4.5844e-01   2.7594e-01   0  H  0.00  1   !  -9.99000e+02  -99.000  -99.000  -999
OBS: 2775  56649.508   129.00   0.0000e+00   4.2084e-01   2.5331e-01   0  H  0.00  1   !  -9.99000e+02  -99.000  -99.000  -999
OBS: 2775  56651.508   131.00   0.0000e+00   3.8633e-01   2.3254e-01   0  H  0.00  1   !  -9.99000e+02  -99.000  -99.000  -999
OBS: 2775  56653.508   133.00   0.0000e+00   3.5466e-01   2.1347e-01   0  H  0.00  1   !  -9.99000e+02  -99.000  -99.000  -999
OBS: 2775  56655.508   135.00   0.0000e+00   3.2560e-01   1.9598e-01   0  H  0.00  1   !  -9.99000e+02  -99.000  -99.000  -999
OBS: 2775  56657.508   137.00   0.0000e+00   2.9893e-01   1.7993e-01   0  H  0.00  1   !  -9.99000e+02  -99.000  -99.000  -999
OBS: 2775  56659.508   139.00   0.0000e+00   2.7445e-01   1.6519e-01   0  H  0.00  1   !  -9.99000e+02  -99.000  -99.000  -999
