VARNAMES: CID MJD Tobs SIM_FLUXCAL FLUXCAL FLUXCAL_ERR DATAFLAG BAND CHI2 IFIT BAND_REST FLUX_REST KCOR AVWARP SIM_FLUX_REST 
OBS: 6193  56376.676    10.37   3.3851e+01   3.3691e+01   4.5915e-01   1  J  0.00  1   i  1.78117e+18  -0.131  -1.819  1.00000e+11
OBS: 6193  56381.793    15.48   3.0438e+01   3.0090e+01   4.3641e-01   1  J  0.04  1   i  1.35644e+18  -0.304  -1.470  1.00000e+11
OBS: 6193  56390.500    24.19   3.3259e+01   3.3163e+01   4.5572e-01   1  J  0.02  1   i  1.15488e+18  -0.585  -0.727  1.00000e+11
OBS: 6193  56307.309   -59.00   0.0000e+00   0.0000e+00   0.0000e+00   0  J  0.00  1   !  -9.99000e+02  -99.000  -99.000  -999
OBS: 6193  56309.309   -57.00   0.0000e+00   0.0000e+00   0.0000e+00   0  J  0.00  1   !  -9.99000e+02  -99.000  -99.000  -999
OBS: 6193  56311.309   -55.00   0.0000e+00   0.0000e+00   0.0000e+00   0  J  0.00  1   !  -9.99000e+02  -99.000  -99.000  -999
OBS: 6193  56313.309   -53.00   0.0000e+00   0.0000e+00   0.0000e+00   0  J  0.00  1   !  -9.99000e+02  -99.000  -99.000  -999
OBS: 6193  56315.309   -51.00   0.0000e+00   0.0000e+00   0.0000e+00   0  J  0.00  1   !  -9.99000e+02  -99.000  -99.000  -999
OBS: 6193  56317.309   -49.00   0.0000e+00   0.0000e+00   0.0000e+00   0  J  0.00  1   !  -9.99000e+02  -99.000  -99.000  -999
OBS: 6193  56319.309   -47.00   0.0000e+00   0.0000e+00   0.0000e+00   0  J  0.00  1   !  -9.99000e+02  -99.000  -99.000  -999
OBS: 6193  56321.309   -45.00   0.0000e+00   0.0000e+00   0.0000e+00   0  J  0.00  1   !  -9.99000e+02  -99.000  -99.000  -999
OBS: 6193  56323.309   -43.00   0.0000e+00   0.0000e+00   0.0000e+00   0  J  0.00  1   !  -9.99000e+02  -99.000  -99.000  -999
OBS: 6193  56325.309   -41.00   0.0000e+00   0.0000e+00   0.0000e+00   0  J  0.00  1   !  -9.99000e+02  -99.000  -99.000  -999
OBS: 6193  56327.309   -39.00   0.0000e+00   0.0000e+00   0.0000e+00   0  J  0.00  1   !  -9.99000e+02  -99.000  -99.000  -999
OBS: 6193  56329.309   -37.00   0.0000e+00   0.0000e+00   0.0000e+00   0  J  0.00  1   !  -9.99000e+02  -99.000  -99.000  -999
OBS: 6193  56331.309   -35.00   0.0000e+00   0.0000e+00   0.0000e+00   0  J  0.00  1   !  -9.99000e+02  -99.000  -99.000  -999
OBS: 6193  56333.309   -33.00   0.0000e+00   0.0000e+00   0.0000e+00   0  J  0.00  1   !  -9.99000e+02  -99.000  -99.000  -999
OBS: 6193  56335.309   -31.00   0.0000e+00   0.0000e+00   0.0000e+00   0  J  0.00  1   !  -9.99000e+02  -99.000  -99.000  -999
OBS: 6193  56337.309   -29.00   0.0000e+00   0.0000e+00   0.0000e+00   0  J  0.00  1   !  -9.99000e+02  -99.000  -99.000  -999
OBS: 6193  56339.309   -27.00   0.0000e+00   2.6354e+00   1.5863e+00   0  J  0.00  1   !  -9.99000e+02  -99.000  -99.000  -999
OBS: 6193  56341.309   -25.00   0.0000e+00   2.8371e+00   1.7077e+00   0  J  0.00  1   !  -9.99000e+02  -99.000  -99.000  -999
OBS: 6193  56343.309   -23.00   0.0000e+00   2.8356e+00   1.7068e+00   0  J  0.00  1   !  -9.99000e+02  -99.000  -99.000  -999
OBS: 6193  56345.309   -21.00   0.0000e+00   4.0102e+00   2.4138e+00   0  J  0.00  1   !  -9.99000e+02  -99.000  -99.000  -999
OBS: 6193  56347.309   -19.00   0.0000e+00   1.1901e+01   4.0591e+00   0  J  0.00  1   !  -9.99000e+02  -99.000  -99.000  -999
OBS: 6193  56349.309   -17.00   0.0000e+00   1.9773e+01   1.1644e+00   0  J  0.00  1   !  -9.99000e+02  -99.000  -99.000  -999
OBS: 6193  56351.309   -15.00   0.0000e+00   2.7039e+01   7.4247e-01   0  J  0.00  1   !  -9.99000e+02  -99.000  -99.000  -999
OBS: 6193  56353.309   -13.00   0.0000e+00   3.3695e+01   6.4945e-01   0  J  0.00  1   !  -9.99000e+02  -99.000  -99.000  -999
OBS: 6193  56355.309   -11.00   0.0000e+00   3.9724e+01   6.2142e-01   0  J  0.00  1   !  -9.99000e+02  -99.000  -99.000  -999
OBS: 6193  56357.309    -9.00   0.0000e+00   4.4683e+01   6.1741e-01   0  J  0.00  1   !  -9.99000e+02  -99.000  -99.000  -999
OBS: 6193  56359.309    -7.00   0.0000e+00   4.8326e+01   6.2284e-01   0  J  0.00  1   !  -9.99000e+02  -99.000  -99.000  -999
OBS: 6193  56361.309    -5.00   0.0000e+00   4.9928e+01   6.1485e-01   0  J  0.00  1   !  -9.99000e+02  -99.000  -99.000  -999
OBS: 6193  56363.309    -3.00   0.0000e+00   4.9279e+01   6.0686e-01   0  J  0.00  1   !  -9.99000e+02  -99.000  -99.000  -999
OBS: 6193  56365.309    -1.00   0.0000e+00   4.7102e+01   6.0954e-01   0  J  0.00  1   !  -9.99000e+02  -99.000  -99.000  -999
OBS: 6193  56367.309     1.00   0.0000e+00   4.4374e+01   5.9462e-01   0  J  0.00  1   !  -9.99000e+02  -99.000  -99.000  -999
OBS: 6193  56369.309     3.00   0.0000e+00   4.1675e+01   5.8498e-01   0  J  0.00  1   !  -9.99000e+02  -99.000  -99.000  -999
OBS: 6193  56371.309     5.00   0.0000e+00   3.9249e+01   5.8918e-01   0  J  0.00  1   !  -9.99000e+02  -99.000  -99.000  -999
OBS: 6193  56373.309     7.00   0.0000e+00   3.7259e+01   6.1125e-01   0  J  0.00  1   !  -9.99000e+02  -99.000  -99.000  -999
OBS: 6193  56375.309     9.00   0.0000e+00   3.5119e+01   6.0502e-01   0  J  0.00  1   !  -9.99000e+02  -99.000  -99.000  -999
OBS: 6193  56377.309    11.00   0.0000e+00   3.3014e+01   5.7987e-01   0  J  0.00  1   !  -9.99000e+02  -99.000  -99.000  -999
OBS: 6193  56379.309    13.00   0.0000e+00   3.1408e+01   5.8677e-01   0  J  0.00  1   !  -9.99000e+02  -99.000  -99.000  -999
OBS: 6193  56381.309    15.00   0.0000e+00   3.0412e+01   6.4194e-01   0  J  0.00  1   !  -9.99000e+02  -99.000  -99.000  -999
OBS: 6193  56383.309    17.00   0.0000e+00   2.9887e+01   7.0443e-01   0  J  0.00  1   !  -9.99000e+02  -99.000  -99.000  -999
OBS: 6193  56385.309    19.00   0.0000e+00   2.9844e+01   7.3103e-01   0  J  0.00  1   !  -9.99000e+02  -99.000  -99.000  -999
OBS: 6193  56387.309    21.00   0.0000e+00   3.0599e+01   7.4950e-01   0  J  0.00  1   !  -9.99000e+02  -99.000  -99.000  -999
OBS: 6193  56389.309    23.00   0.0000e+00   3.2109e+01   8.0431e-01   0  J  0.00  1   !  -9.99000e+02  -99.000  -99.000  -999
OBS: 6193  56391.309    25.00   0.0000e+00   3.3597e+01   8.5102e-01   0  J  0.00  1   !  -9.99000e+02  -99.000  -99.000  -999
OBS: 6193  56393.309    27.00   0.0000e+00   3.5015e+01   8.8694e-01   0  J  0.00  1   !  -9.99000e+02  -99.000  -99.000  -999
OBS: 6193  56395.309    29.00   0.0000e+00   3.5673e+01   8.6264e-01   0  J  0.00  1   !  -9.99000e+02  -99.000  -99.000  -999
OBS: 6193  56397.309    31.00   0.0000e+00   3.5854e+01   8.4840e-01   0  J  0.00  1   !  -9.99000e+02  -99.000  -99.000  -999
OBS: 6193  56399.309    33.00   0.0000e+00   3.6608e+01   8.3032e-01   0  J  0.00  1   !  -9.99000e+02  -99.000  -99.000  -999
OBS: 6193  56401.309    35.00   0.0000e+00   3.8458e+01   8.4653e-01   0  J  0.00  1   !  -9.99000e+02  -99.000  -99.000  -999
OBS: 6193  56403.309    37.00   0.0000e+00   4.0374e+01   8.8871e-01   0  J  0.00  1   !  -9.99000e+02  -99.000  -99.000  -999
OBS: 6193  56405.309    39.00   0.0000e+00   4.1117e+01   8.9154e-01   0  J  0.00  1   !  -9.99000e+02  -99.000  -99.000  -999
OBS: 6193  56407.309    41.00   0.0000e+00   4.0443e+01   8.5717e-01   0  J  0.00  1   !  -9.99000e+02  -99.000  -99.000  -999
OBS: 6193  56409.309    43.00   0.0000e+00   3.8679e+01   8.5139e-01   0  J  0.00  1   !  -9.99000e+02  -99.000  -99.000  -999
OBS: 6193  56411.309    45.00   0.0000e+00   3.6397e+01   8.3815e-01   0  J  0.00  1   !  -9.99000e+02  -99.000  -99.000  -999
OBS: 6193  56413.309    47.00   0.0000e+00   3.3894e+01   8.3148e-01   0  J  0.00  1   !  -9.99000e+02  -99.000  -99.000  -999
OBS: 6193  56415.309    49.00   0.0000e+00   3.1124e+01   8.4141e-01   0  J  0.00  1   !  -9.99000e+02  -99.000  -99.000  -999
OBS: 6193  56417.309    51.00   0.0000e+00   2.8717e+01   8.6254e-01   0  J  0.00  1   !  -9.99000e+02  -99.000  -99.000  -999
OBS: 6193  56419.309    53.00   0.0000e+00   2.6661e+01   8.6163e-01   0  J  0.00  1   !  -9.99000e+02  -99.000  -99.000  -999
OBS: 6193  56421.309    55.00   0.0000e+00   2.4517e+01   8.2183e-01   0  J  0.00  1   !  -9.99000e+02  -99.000  -99.000  -999
OBS: 6193  56423.309    57.00   0.0000e+00   2.2425e+01   7.9949e-01   0  J  0.00  1   !  -9.99000e+02  -99.000  -99.000  -999
OBS: 6193  56425.309    59.00   0.0000e+00   2.0455e+01   7.9673e-01   0  J  0.00  1   !  -9.99000e+02  -99.000  -99.000  -999
OBS: 6193  56427.309    61.00   0.0000e+00   1.8705e+01   7.8821e-01   0  J  0.00  1   !  -9.99000e+02  -99.000  -99.000  -999
OBS: 6193  56429.309    63.00   0.0000e+00   1.7170e+01   7.8854e-01   0  J  0.00  1   !  -9.99000e+02  -99.000  -99.000  -999
OBS: 6193  56431.309    65.00   0.0000e+00   1.5804e+01   8.1139e-01   0  J  0.00  1   !  -9.99000e+02  -99.000  -99.000  -999
OBS: 6193  56433.309    67.00   0.0000e+00   1.4566e+01   8.2179e-01   0  J  0.00  1   !  -9.99000e+02  -99.000  -99.000  -999
OBS: 6193  56435.309    69.00   0.0000e+00   1.3412e+01   8.1485e-01   0  J  0.00  1   !  -9.99000e+02  -99.000  -99.000  -999
OBS: 6193  56437.309    71.00   0.0000e+00   1.2291e+01   8.2061e-01   0  J  0.00  1   !  -9.99000e+02  -99.000  -99.000  -999
OBS: 6193  56439.309    73.00   0.0000e+00   1.1210e+01   8.2551e-01   0  J  0.00  1   !  -9.99000e+02  -99.000  -99.000  -999
OBS: 6193  56441.309    75.00   0.0000e+00   1.0207e+01   7.8834e-01   0  J  0.00  1   !  -9.99000e+02  -99.000  -99.000  -999
OBS: 6193  56443.309    77.00   0.0000e+00   9.5909e+00   7.2911e-01   0  J  0.00  1   !  -9.99000e+02  -99.000  -99.000  -999
OBS: 6193  56445.309    79.00   0.0000e+00   9.0605e+00   6.9229e-01   0  J  0.00  1   !  -9.99000e+02  -99.000  -99.000  -999
OBS: 6193  56447.309    81.00   0.0000e+00   8.5560e+00   7.1833e-01   0  J  0.00  1   !  -9.99000e+02  -99.000  -99.000  -999
OBS: 6193  56449.309    83.00   0.0000e+00   8.1007e+00   7.9068e-01   0  J  0.00  1   !  -9.99000e+02  -99.000  -99.000  -999
OBS: 6193  56451.309    85.00   0.0000e+00   7.7146e+00   8.4911e-01   0  J  0.00  1   !  -9.99000e+02  -99.000  -99.000  -999
OBS: 6193  56453.309    87.00   0.0000e+00   6.9911e+00   8.3977e-01   0  J  0.00  1   !  -9.99000e+02  -99.000  -99.000  -999
OBS: 6193  56455.309    89.00   0.0000e+00   6.2058e+00   7.4428e-01   0  J  0.00  1   !  -9.99000e+02  -99.000  -99.000  -999
OBS: 6193  56457.309    91.00   0.0000e+00   5.5348e+00   6.2762e-01   0  J  0.00  1   !  -9.99000e+02  -99.000  -99.000  -999
OBS: 6193  56459.309    93.00   0.0000e+00   4.9700e+00   7.5792e-01   0  J  0.00  1   !  -9.99000e+02  -99.000  -99.000  -999
OBS: 6193  56461.309    95.00   0.0000e+00   4.4968e+00   2.3520e+00   0  J  0.00  1   !  -9.99000e+02  -99.000  -99.000  -999
OBS: 6193  56463.309    97.00   0.0000e+00   4.1174e+00   2.4783e+00   0  J  0.00  1   !  -9.99000e+02  -99.000  -99.000  -999
OBS: 6193  56465.309    99.00   0.0000e+00   3.8097e+00   2.2931e+00   0  J  0.00  1   !  -9.99000e+02  -99.000  -99.000  -999
OBS: 6193  56467.309   101.00   0.0000e+00   3.5480e+00   2.1356e+00   0  J  0.00  1   !  -9.99000e+02  -99.000  -99.000  -999
OBS: 6193  56469.309   103.00   0.0000e+00   3.3135e+00   1.9944e+00   0  J  0.00  1   !  -9.99000e+02  -99.000  -99.000  -999
OBS: 6193  56471.309   105.00   0.0000e+00   3.1016e+00   1.8669e+00   0  J  0.00  1   !  -9.99000e+02  -99.000  -99.000  -999
OBS: 6193  56473.309   107.00   0.0000e+00   2.8784e+00   1.7326e+00   0  J  0.00  1   !  -9.99000e+02  -99.000  -99.000  -999
OBS: 6193  56475.309   109.00   0.0000e+00   2.6666e+00   1.6050e+00   0  J  0.00  1   !  -9.99000e+02  -99.000  -99.000  -999
OBS: 6193  56477.309   111.00   0.0000e+00   2.4715e+00   1.4876e+00   0  J  0.00  1   !  -9.99000e+02  -99.000  -99.000  -999
OBS: 6193  56479.309   113.00   0.0000e+00   2.2942e+00   1.3809e+00   0  J  0.00  1   !  -9.99000e+02  -99.000  -99.000  -999
OBS: 6193  56481.309   115.00   0.0000e+00   2.1295e+00   1.2818e+00   0  J  0.00  1   !  -9.99000e+02  -99.000  -99.000  -999
OBS: 6193  56483.309   117.00   0.0000e+00   1.9798e+00   1.1917e+00   0  J  0.00  1   !  -9.99000e+02  -99.000  -99.000  -999
OBS: 6193  56485.309   119.00   0.0000e+00   1.8422e+00   1.1088e+00   0  J  0.00  1   !  -9.99000e+02  -99.000  -99.000  -999
OBS: 6193  56487.309   121.00   0.0000e+00   1.7188e+00   1.0346e+00   0  J  0.00  1   !  -9.99000e+02  -99.000  -99.000  -999
OBS: 6193  56489.309   123.00   0.0000e+00   1.6206e+00   9.7546e-01   0  J  0.00  1   !  -9.99000e+02  -99.000  -99.000  -999
OBS: 6193  56491.309   125.00   0.0000e+00   1.5280e+00   9.1972e-01   0  J  0.00  1   !  -9.99000e+02  -99.000  -99.000  -999
OBS: 6193  56493.309   127.00   0.0000e+00   1.4405e+00   8.6702e-01   0  J  0.00  1   !  -9.99000e+02  -99.000  -99.000  -999
OBS: 6193  56495.309   129.00   0.0000e+00   1.3579e+00   8.1733e-01   0  J  0.00  1   !  -9.99000e+02  -99.000  -99.000  -999
OBS: 6193  56497.309   131.00   0.0000e+00   1.2802e+00   7.7055e-01   0  J  0.00  1   !  -9.99000e+02  -99.000  -99.000  -999
OBS: 6193  56499.309   133.00   0.0000e+00   1.2071e+00   7.2656e-01   0  J  0.00  1   !  -9.99000e+02  -99.000  -99.000  -999
OBS: 6193  56501.309   135.00   0.0000e+00   1.1382e+00   6.8512e-01   0  J  0.00  1   !  -9.99000e+02  -99.000  -99.000  -999
OBS: 6193  56503.309   137.00   0.0000e+00   1.0734e+00   6.4608e-01   0  J  0.00  1   !  -9.99000e+02  -99.000  -99.000  -999
OBS: 6193  56505.309   139.00   0.0000e+00   1.0123e+00   6.0930e-01   0  J  0.00  1   !  -9.99000e+02  -99.000  -99.000  -999
OBS: 6193  56376.680    10.37   1.5575e+01   1.6205e+01   4.1984e-01   1  H  0.87  1   Y  1.28599e+18  0.310  1.363  1.00000e+11
OBS: 6193  56381.797    15.49   1.3316e+01   1.2945e+01   3.9546e-01   1  H  0.12  1   Y  1.12617e+18  0.409  0.310  1.00000e+11
OBS: 6193  56390.504    24.20   1.5416e+01   1.4837e+01   4.1037e-01   1  H  0.31  1   Y  1.37176e+18  0.475  -0.291  1.00000e+11
OBS: 6193  56307.309   -59.00   0.0000e+00   0.0000e+00   0.0000e+00   0  H  0.00  1   !  -9.99000e+02  -99.000  -99.000  -999
OBS: 6193  56309.309   -57.00   0.0000e+00   0.0000e+00   0.0000e+00   0  H  0.00  1   !  -9.99000e+02  -99.000  -99.000  -999
OBS: 6193  56311.309   -55.00   0.0000e+00   0.0000e+00   0.0000e+00   0  H  0.00  1   !  -9.99000e+02  -99.000  -99.000  -999
OBS: 6193  56313.309   -53.00   0.0000e+00   0.0000e+00   0.0000e+00   0  H  0.00  1   !  -9.99000e+02  -99.000  -99.000  -999
OBS: 6193  56315.309   -51.00   0.0000e+00   0.0000e+00   0.0000e+00   0  H  0.00  1   !  -9.99000e+02  -99.000  -99.000  -999
OBS: 6193  56317.309   -49.00   0.0000e+00   0.0000e+00   0.0000e+00   0  H  0.00  1   !  -9.99000e+02  -99.000  -99.000  -999
OBS: 6193  56319.309   -47.00   0.0000e+00   0.0000e+00   0.0000e+00   0  H  0.00  1   !  -9.99000e+02  -99.000  -99.000  -999
OBS: 6193  56321.309   -45.00   0.0000e+00   0.0000e+00   0.0000e+00   0  H  0.00  1   !  -9.99000e+02  -99.000  -99.000  -999
OBS: 6193  56323.309   -43.00   0.0000e+00   0.0000e+00   0.0000e+00   0  H  0.00  1   !  -9.99000e+02  -99.000  -99.000  -999
OBS: 6193  56325.309   -41.00   0.0000e+00   0.0000e+00   0.0000e+00   0  H  0.00  1   !  -9.99000e+02  -99.000  -99.000  -999
OBS: 6193  56327.309   -39.00   0.0000e+00   0.0000e+00   0.0000e+00   0  H  0.00  1   !  -9.99000e+02  -99.000  -99.000  -999
OBS: 6193  56329.309   -37.00   0.0000e+00   0.0000e+00   0.0000e+00   0  H  0.00  1   !  -9.99000e+02  -99.000  -99.000  -999
OBS: 6193  56331.309   -35.00   0.0000e+00   0.0000e+00   0.0000e+00   0  H  0.00  1   !  -9.99000e+02  -99.000  -99.000  -999
OBS: 6193  56333.309   -33.00   0.0000e+00   0.0000e+00   0.0000e+00   0  H  0.00  1   !  -9.99000e+02  -99.000  -99.000  -999
OBS: 6193  56335.309   -31.00   0.0000e+00   0.0000e+00   0.0000e+00   0  H  0.00  1   !  -9.99000e+02  -99.000  -99.000  -999
OBS: 6193  56337.309   -29.00   0.0000e+00   0.0000e+00   0.0000e+00   0  H  0.00  1   !  -9.99000e+02  -99.000  -99.000  -999
OBS: 6193  56339.309   -27.00   0.0000e+00   5.3110e+00   3.1967e+00   0  H  0.00  1   !  -9.99000e+02  -99.000  -99.000  -999
OBS: 6193  56341.309   -25.00   0.0000e+00   5.6561e+00   3.4044e+00   0  H  0.00  1   !  -9.99000e+02  -99.000  -99.000  -999
OBS: 6193  56343.309   -23.00   0.0000e+00   5.6607e+00   3.4072e+00   0  H  0.00  1   !  -9.99000e+02  -99.000  -99.000  -999
OBS: 6193  56345.309   -21.00   0.0000e+00   6.3622e+00   3.3417e+00   0  H  0.00  1   !  -9.99000e+02  -99.000  -99.000  -999
OBS: 6193  56347.309   -19.00   0.0000e+00   1.1335e+01   1.4362e+00   0  H  0.00  1   !  -9.99000e+02  -99.000  -99.000  -999
OBS: 6193  56349.309   -17.00   0.0000e+00   1.6681e+01   9.1819e-01   0  H  0.00  1   !  -9.99000e+02  -99.000  -99.000  -999
OBS: 6193  56351.309   -15.00   0.0000e+00   2.1660e+01   8.4473e-01   0  H  0.00  1   !  -9.99000e+02  -99.000  -99.000  -999
OBS: 6193  56353.309   -13.00   0.0000e+00   2.6150e+01   8.7418e-01   0  H  0.00  1   !  -9.99000e+02  -99.000  -99.000  -999
OBS: 6193  56355.309   -11.00   0.0000e+00   2.9572e+01   7.8990e-01   0  H  0.00  1   !  -9.99000e+02  -99.000  -99.000  -999
OBS: 6193  56357.309    -9.00   0.0000e+00   3.1769e+01   6.8796e-01   0  H  0.00  1   !  -9.99000e+02  -99.000  -99.000  -999
OBS: 6193  56359.309    -7.00   0.0000e+00   3.2721e+01   6.4286e-01   0  H  0.00  1   !  -9.99000e+02  -99.000  -99.000  -999
OBS: 6193  56361.309    -5.00   0.0000e+00   3.2129e+01   6.8795e-01   0  H  0.00  1   !  -9.99000e+02  -99.000  -99.000  -999
OBS: 6193  56363.309    -3.00   0.0000e+00   3.0486e+01   7.4016e-01   0  H  0.00  1   !  -9.99000e+02  -99.000  -99.000  -999
OBS: 6193  56365.309    -1.00   0.0000e+00   2.8170e+01   7.3761e-01   0  H  0.00  1   !  -9.99000e+02  -99.000  -99.000  -999
OBS: 6193  56367.309     1.00   0.0000e+00   2.5342e+01   7.1468e-01   0  H  0.00  1   !  -9.99000e+02  -99.000  -99.000  -999
OBS: 6193  56369.309     3.00   0.0000e+00   2.2513e+01   7.0051e-01   0  H  0.00  1   !  -9.99000e+02  -99.000  -99.000  -999
OBS: 6193  56371.309     5.00   0.0000e+00   2.0077e+01   7.2140e-01   0  H  0.00  1   !  -9.99000e+02  -99.000  -99.000  -999
OBS: 6193  56373.309     7.00   0.0000e+00   1.8195e+01   7.3604e-01   0  H  0.00  1   !  -9.99000e+02  -99.000  -99.000  -999
OBS: 6193  56375.309     9.00   0.0000e+00   1.6487e+01   7.2297e-01   0  H  0.00  1   !  -9.99000e+02  -99.000  -99.000  -999
OBS: 6193  56377.309    11.00   0.0000e+00   1.5012e+01   6.8519e-01   0  H  0.00  1   !  -9.99000e+02  -99.000  -99.000  -999
OBS: 6193  56379.309    13.00   0.0000e+00   1.3911e+01   6.3723e-01   0  H  0.00  1   !  -9.99000e+02  -99.000  -99.000  -999
OBS: 6193  56381.309    15.00   0.0000e+00   1.3290e+01   6.0285e-01   0  H  0.00  1   !  -9.99000e+02  -99.000  -99.000  -999
OBS: 6193  56383.309    17.00   0.0000e+00   1.3148e+01   6.1352e-01   0  H  0.00  1   !  -9.99000e+02  -99.000  -99.000  -999
OBS: 6193  56385.309    19.00   0.0000e+00   1.3498e+01   6.2984e-01   0  H  0.00  1   !  -9.99000e+02  -99.000  -99.000  -999
OBS: 6193  56387.309    21.00   0.0000e+00   1.4065e+01   6.2150e-01   0  H  0.00  1   !  -9.99000e+02  -99.000  -99.000  -999
OBS: 6193  56389.309    23.00   0.0000e+00   1.4765e+01   6.3078e-01   0  H  0.00  1   !  -9.99000e+02  -99.000  -99.000  -999
OBS: 6193  56391.309    25.00   0.0000e+00   1.5617e+01   6.6570e-01   0  H  0.00  1   !  -9.99000e+02  -99.000  -99.000  -999
OBS: 6193  56393.309    27.00   0.0000e+00   1.6536e+01   7.2117e-01   0  H  0.00  1   !  -9.99000e+02  -99.000  -99.000  -999
OBS: 6193  56395.309    29.00   0.0000e+00   1.7635e+01   7.9956e-01   0  H  0.00  1   !  -9.99000e+02  -99.000  -99.000  -999
OBS: 6193  56397.309    31.00   0.0000e+00   1.9027e+01   8.6778e-01   0  H  0.00  1   !  -9.99000e+02  -99.000  -99.000  -999
OBS: 6193  56399.309    33.00   0.0000e+00   2.0740e+01   9.0249e-01   0  H  0.00  1   !  -9.99000e+02  -99.000  -99.000  -999
OBS: 6193  56401.309    35.00   0.0000e+00   2.2653e+01   8.6451e-01   0  H  0.00  1   !  -9.99000e+02  -99.000  -99.000  -999
OBS: 6193  56403.309    37.00   0.0000e+00   2.4774e+01   8.0445e-01   0  H  0.00  1   !  -9.99000e+02  -99.000  -99.000  -999
OBS: 6193  56405.309    39.00   0.0000e+00   2.6727e+01   7.8624e-01   0  H  0.00  1   !  -9.99000e+02  -99.000  -99.000  -999
OBS: 6193  56407.309    41.00   0.0000e+00   2.8329e+01   7.8223e-01   0  H  0.00  1   !  -9.99000e+02  -99.000  -99.000  -999
OBS: 6193  56409.309    43.00   0.0000e+00   2.9397e+01   7.7713e-01   0  H  0.00  1   !  -9.99000e+02  -99.000  -99.000  -999
OBS: 6193  56411.309    45.00   0.0000e+00   3.0016e+01   7.6997e-01   0  H  0.00  1   !  -9.99000e+02  -99.000  -99.000  -999
OBS: 6193  56413.309    47.00   0.0000e+00   3.0258e+01   7.6645e-01   0  H  0.00  1   !  -9.99000e+02  -99.000  -99.000  -999
OBS: 6193  56415.309    49.00   0.0000e+00   2.9938e+01   7.6908e-01   0  H  0.00  1   !  -9.99000e+02  -99.000  -99.000  -999
OBS: 6193  56417.309    51.00   0.0000e+00   2.9062e+01   7.8095e-01   0  H  0.00  1   !  -9.99000e+02  -99.000  -99.000  -999
OBS: 6193  56419.309    53.00   0.0000e+00   2.7501e+01   7.8099e-01   0  H  0.00  1   !  -9.99000e+02  -99.000  -99.000  -999
OBS: 6193  56421.309    55.00   0.0000e+00   2.5448e+01   7.6140e-01   0  H  0.00  1   !  -9.99000e+02  -99.000  -99.000  -999
OBS: 6193  56423.309    57.00   0.0000e+00   2.3217e+01   7.6930e-01   0  H  0.00  1   !  -9.99000e+02  -99.000  -99.000  -999
OBS: 6193  56425.309    59.00   0.0000e+00   2.1084e+01   7.9219e-01   0  H  0.00  1   !  -9.99000e+02  -99.000  -99.000  -999
OBS: 6193  56427.309    61.00   0.0000e+00   1.9340e+01   7.5969e-01   0  H  0.00  1   !  -9.99000e+02  -99.000  -99.000  -999
OBS: 6193  56429.309    63.00   0.0000e+00   1.8058e+01   6.7501e-01   0  H  0.00  1   !  -9.99000e+02  -99.000  -99.000  -999
OBS: 6193  56431.309    65.00   0.0000e+00   1.6995e+01   6.2843e-01   0  H  0.00  1   !  -9.99000e+02  -99.000  -99.000  -999
OBS: 6193  56433.309    67.00   0.0000e+00   1.5936e+01   6.3121e-01   0  H  0.00  1   !  -9.99000e+02  -99.000  -99.000  -999
OBS: 6193  56435.309    69.00   0.0000e+00   1.4808e+01   6.7887e-01   0  H  0.00  1   !  -9.99000e+02  -99.000  -99.000  -999
OBS: 6193  56437.309    71.00   0.0000e+00   1.3671e+01   7.4004e-01   0  H  0.00  1   !  -9.99000e+02  -99.000  -99.000  -999
OBS: 6193  56439.309    73.00   0.0000e+00   1.2561e+01   7.5607e+00   0  H  0.00  1   !  -9.99000e+02  -99.000  -99.000  -999
OBS: 6193  56441.309    75.00   0.0000e+00   1.1528e+01   6.9388e+00   0  H  0.00  1   !  -9.99000e+02  -99.000  -99.000  -999
OBS: 6193  56443.309    77.00   0.0000e+00   1.0521e+01   6.3325e+00   0  H  0.00  1   !  -9.99000e+02  -99.000  -99.000  -999
OBS: 6193  56445.309    79.00   0.0000e+00   9.6037e+00   5.7806e+00   0  H  0.00  1   !  -9.99000e+02  -99.000  -99.000  -999
OBS: 6193  56447.309    81.00   0.0000e+00   8.7805e+00   5.2851e+00   0  H  0.00  1   !  -9.99000e+02  -99.000  -99.000  -999
OBS: 6193  56449.309    83.00   0.0000e+00   8.0767e+00   4.8614e+00   0  H  0.00  1   !  -9.99000e+02  -99.000  -99.000  -999
OBS: 6193  56451.309    85.00   0.0000e+00   7.4951e+00   4.5114e+00   0  H  0.00  1   !  -9.99000e+02  -99.000  -99.000  -999
OBS: 6193  56453.309    87.00   0.0000e+00   6.5251e+00   3.9275e+00   0  H  0.00  1   !  -9.99000e+02  -99.000  -99.000  -999
OBS: 6193  56455.309    89.00   0.0000e+00   5.6579e+00   3.4055e+00   0  H  0.00  1   !  -9.99000e+02  -99.000  -99.000  -999
OBS: 6193  56457.309    91.00   0.0000e+00   4.9669e+00   2.9896e+00   0  H  0.00  1   !  -9.99000e+02  -99.000  -99.000  -999
OBS: 6193  56459.309    93.00   0.0000e+00   4.4155e+00   2.6577e+00   0  H  0.00  1   !  -9.99000e+02  -99.000  -99.000  -999
OBS: 6193  56461.309    95.00   0.0000e+00   3.9585e+00   2.3827e+00   0  H  0.00  1   !  -9.99000e+02  -99.000  -99.000  -999
OBS: 6193  56463.309    97.00   0.0000e+00   3.5773e+00   2.1532e+00   0  H  0.00  1   !  -9.99000e+02  -99.000  -99.000  -999
OBS: 6193  56465.309    99.00   0.0000e+00   3.2512e+00   1.9569e+00   0  H  0.00  1   !  -9.99000e+02  -99.000  -99.000  -999
OBS: 6193  56467.309   101.00   0.0000e+00   2.9577e+00   1.7803e+00   0  H  0.00  1   !  -9.99000e+02  -99.000  -99.000  -999
OBS: 6193  56469.309   103.00   0.0000e+00   2.6824e+00   1.6146e+00   0  H  0.00  1   !  -9.99000e+02  -99.000  -99.000  -999
OBS: 6193  56471.309   105.00   0.0000e+00   2.4246e+00   1.4594e+00   0  H  0.00  1   !  -9.99000e+02  -99.000  -99.000  -999
OBS: 6193  56473.309   107.00   0.0000e+00   2.2176e+00   1.3348e+00   0  H  0.00  1   !  -9.99000e+02  -99.000  -99.000  -999
OBS: 6193  56475.309   109.00   0.0000e+00   2.0329e+00   1.2236e+00   0  H  0.00  1   !  -9.99000e+02  -99.000  -99.000  -999
OBS: 6193  56477.309   111.00   0.0000e+00   1.8633e+00   1.1215e+00   0  H  0.00  1   !  -9.99000e+02  -99.000  -99.000  -999
OBS: 6193  56479.309   113.00   0.0000e+00   1.7071e+00   1.0275e+00   0  H  0.00  1   !  -9.99000e+02  -99.000  -99.000  -999
OBS: 6193  56481.309   115.00   0.0000e+00   1.5636e+00   9.4112e-01   0  H  0.00  1   !  -9.99000e+02  -99.000  -99.000  -999
OBS: 6193  56483.309   117.00   0.0000e+00   1.4312e+00   8.6143e-01   0  H  0.00  1   !  -9.99000e+02  -99.000  -99.000  -999
OBS: 6193  56485.309   119.00   0.0000e+00   1.3089e+00   7.8783e-01   0  H  0.00  1   !  -9.99000e+02  -99.000  -99.000  -999
OBS: 6193  56487.309   121.00   0.0000e+00   1.1958e+00   7.1977e-01   0  H  0.00  1   !  -9.99000e+02  -99.000  -99.000  -999
OBS: 6193  56489.309   123.00   0.0000e+00   1.0983e+00   6.6108e-01   0  H  0.00  1   !  -9.99000e+02  -99.000  -99.000  -999
OBS: 6193  56491.309   125.00   0.0000e+00   1.0088e+00   6.0718e-01   0  H  0.00  1   !  -9.99000e+02  -99.000  -99.000  -999
OBS: 6193  56493.309   127.00   0.0000e+00   9.2650e-01   5.5767e-01   0  H  0.00  1   !  -9.99000e+02  -99.000  -99.000  -999
OBS: 6193  56495.309   129.00   0.0000e+00   8.5095e-01   5.1220e-01   0  H  0.00  1   !  -9.99000e+02  -99.000  -99.000  -999
OBS: 6193  56497.309   131.00   0.0000e+00   7.8156e-01   4.7043e-01   0  H  0.00  1   !  -9.99000e+02  -99.000  -99.000  -999
OBS: 6193  56499.309   133.00   0.0000e+00   7.1783e-01   4.3207e-01   0  H  0.00  1   !  -9.99000e+02  -99.000  -99.000  -999
OBS: 6193  56501.309   135.00   0.0000e+00   6.5929e-01   3.9683e-01   0  H  0.00  1   !  -9.99000e+02  -99.000  -99.000  -999
OBS: 6193  56503.309   137.00   0.0000e+00   6.0552e-01   3.6447e-01   0  H  0.00  1   !  -9.99000e+02  -99.000  -99.000  -999
OBS: 6193  56505.309   139.00   0.0000e+00   5.5614e-01   3.3475e-01   0  H  0.00  1   !  -9.99000e+02  -99.000  -99.000  -999
