VARNAMES: CID MJD Tobs SIM_FLUXCAL FLUXCAL FLUXCAL_ERR DATAFLAG BAND CHI2 IFIT BAND_REST FLUX_REST KCOR AVWARP SIM_FLUX_REST 
OBS: 4512  56357.598    15.51   7.0384e+01   7.1409e+01   6.9557e-01   1  J  0.14  1   Y  1.29481e+18  0.356  2.105  1.00000e+11
OBS: 4512  56362.719    20.63   7.9996e+01   7.8830e+01   7.3943e-01   1  J  0.05  1   Y  1.44637e+18  0.369  3.409  1.00000e+11
OBS: 4512  56370.625    28.53   1.1137e+02   1.1013e+02   9.0014e-01   1  J  0.04  1   Y  2.08888e+18  0.405  1.146  1.00000e+11
OBS: 4512  56283.094   -59.00   0.0000e+00   0.0000e+00   0.0000e+00   0  J  0.00  1   !  -9.99000e+02  -99.000  -99.000  -999
OBS: 4512  56285.094   -57.00   0.0000e+00   0.0000e+00   0.0000e+00   0  J  0.00  1   !  -9.99000e+02  -99.000  -99.000  -999
OBS: 4512  56287.094   -55.00   0.0000e+00   0.0000e+00   0.0000e+00   0  J  0.00  1   !  -9.99000e+02  -99.000  -99.000  -999
OBS: 4512  56289.094   -53.00   0.0000e+00   0.0000e+00   0.0000e+00   0  J  0.00  1   !  -9.99000e+02  -99.000  -99.000  -999
OBS: 4512  56291.094   -51.00   0.0000e+00   0.0000e+00   0.0000e+00   0  J  0.00  1   !  -9.99000e+02  -99.000  -99.000  -999
OBS: 4512  56293.094   -49.00   0.0000e+00   0.0000e+00   0.0000e+00   0  J  0.00  1   !  -9.99000e+02  -99.000  -99.000  -999
OBS: 4512  56295.094   -47.00   0.0000e+00   0.0000e+00   0.0000e+00   0  J  0.00  1   !  -9.99000e+02  -99.000  -99.000  -999
OBS: 4512  56297.094   -45.00   0.0000e+00   0.0000e+00   0.0000e+00   0  J  0.00  1   !  -9.99000e+02  -99.000  -99.000  -999
OBS: 4512  56299.094   -43.00   0.0000e+00   0.0000e+00   0.0000e+00   0  J  0.00  1   !  -9.99000e+02  -99.000  -99.000  -999
OBS: 4512  56301.094   -41.00   0.0000e+00   0.0000e+00   0.0000e+00   0  J  0.00  1   !  -9.99000e+02  -99.000  -99.000  -999
OBS: 4512  56303.094   -39.00   0.0000e+00   0.0000e+00   0.0000e+00   0  J  0.00  1   !  -9.99000e+02  -99.000  -99.000  -999
OBS: 4512  56305.094   -37.00   0.0000e+00   0.0000e+00   0.0000e+00   0  J  0.00  1   !  -9.99000e+02  -99.000  -99.000  -999
OBS: 4512  56307.094   -35.00   0.0000e+00   0.0000e+00   0.0000e+00   0  J  0.00  1   !  -9.99000e+02  -99.000  -99.000  -999
OBS: 4512  56309.094   -33.00   0.0000e+00   0.0000e+00   0.0000e+00   0  J  0.00  1   !  -9.99000e+02  -99.000  -99.000  -999
OBS: 4512  56311.094   -31.00   0.0000e+00   0.0000e+00   0.0000e+00   0  J  0.00  1   !  -9.99000e+02  -99.000  -99.000  -999
OBS: 4512  56313.094   -29.00   0.0000e+00   0.0000e+00   0.0000e+00   0  J  0.00  1   !  -9.99000e+02  -99.000  -99.000  -999
OBS: 4512  56315.094   -27.00   0.0000e+00   0.0000e+00   0.0000e+00   0  J  0.00  1   !  -9.99000e+02  -99.000  -99.000  -999
OBS: 4512  56317.094   -25.00   0.0000e+00   0.0000e+00   0.0000e+00   0  J  0.00  1   !  -9.99000e+02  -99.000  -99.000  -999
OBS: 4512  56319.094   -23.00   0.0000e+00   2.6310e+01   1.5836e+01   0  J  0.00  1   !  -9.99000e+02  -99.000  -99.000  -999
OBS: 4512  56321.094   -21.00   0.0000e+00   2.6689e+01   1.6065e+01   0  J  0.00  1   !  -9.99000e+02  -99.000  -99.000  -999
OBS: 4512  56323.094   -19.00   0.0000e+00   2.6717e+01   1.6081e+01   0  J  0.00  1   !  -9.99000e+02  -99.000  -99.000  -999
OBS: 4512  56325.094   -17.00   0.0000e+00   4.0467e+01   9.1656e+00   0  J  0.00  1   !  -9.99000e+02  -99.000  -99.000  -999
OBS: 4512  56327.094   -15.00   0.0000e+00   6.3103e+01   6.0556e+00   0  J  0.00  1   !  -9.99000e+02  -99.000  -99.000  -999
OBS: 4512  56329.094   -13.00   0.0000e+00   8.7230e+01   4.0189e+00   0  J  0.00  1   !  -9.99000e+02  -99.000  -99.000  -999
OBS: 4512  56331.094   -11.00   0.0000e+00   1.1035e+02   3.2634e+00   0  J  0.00  1   !  -9.99000e+02  -99.000  -99.000  -999
OBS: 4512  56333.094    -9.00   0.0000e+00   1.2995e+02   3.1539e+00   0  J  0.00  1   !  -9.99000e+02  -99.000  -99.000  -999
OBS: 4512  56335.094    -7.00   0.0000e+00   1.4387e+02   3.4691e+00   0  J  0.00  1   !  -9.99000e+02  -99.000  -99.000  -999
OBS: 4512  56337.094    -5.00   0.0000e+00   1.5038e+02   3.9237e+00   0  J  0.00  1   !  -9.99000e+02  -99.000  -99.000  -999
OBS: 4512  56339.094    -3.00   0.0000e+00   1.4777e+02   3.7320e+00   0  J  0.00  1   !  -9.99000e+02  -99.000  -99.000  -999
OBS: 4512  56341.094    -1.00   0.0000e+00   1.3769e+02   3.4353e+00   0  J  0.00  1   !  -9.99000e+02  -99.000  -99.000  -999
OBS: 4512  56343.094     1.00   0.0000e+00   1.2427e+02   3.7019e+00   0  J  0.00  1   !  -9.99000e+02  -99.000  -99.000  -999
OBS: 4512  56345.094     3.00   0.0000e+00   1.1231e+02   4.2118e+00   0  J  0.00  1   !  -9.99000e+02  -99.000  -99.000  -999
OBS: 4512  56347.094     5.00   0.0000e+00   1.0117e+02   4.2057e+00   0  J  0.00  1   !  -9.99000e+02  -99.000  -99.000  -999
OBS: 4512  56349.094     7.00   0.0000e+00   8.9236e+01   3.7095e+00   0  J  0.00  1   !  -9.99000e+02  -99.000  -99.000  -999
OBS: 4512  56351.094     9.00   0.0000e+00   7.9296e+01   3.5328e+00   0  J  0.00  1   !  -9.99000e+02  -99.000  -99.000  -999
OBS: 4512  56353.094    11.00   0.0000e+00   7.3685e+01   3.8252e+00   0  J  0.00  1   !  -9.99000e+02  -99.000  -99.000  -999
OBS: 4512  56355.094    13.00   0.0000e+00   7.0279e+01   3.9280e+00   0  J  0.00  1   !  -9.99000e+02  -99.000  -99.000  -999
OBS: 4512  56357.094    15.00   0.0000e+00   6.9599e+01   3.8318e+00   0  J  0.00  1   !  -9.99000e+02  -99.000  -99.000  -999
OBS: 4512  56359.094    17.00   0.0000e+00   7.1725e+01   3.6210e+00   0  J  0.00  1   !  -9.99000e+02  -99.000  -99.000  -999
OBS: 4512  56361.094    19.00   0.0000e+00   7.5411e+01   3.4890e+00   0  J  0.00  1   !  -9.99000e+02  -99.000  -99.000  -999
OBS: 4512  56363.094    21.00   0.0000e+00   8.0785e+01   3.4625e+00   0  J  0.00  1   !  -9.99000e+02  -99.000  -99.000  -999
OBS: 4512  56365.094    23.00   0.0000e+00   8.8554e+01   3.1522e+00   0  J  0.00  1   !  -9.99000e+02  -99.000  -99.000  -999
OBS: 4512  56367.094    25.00   0.0000e+00   9.7238e+01   2.9320e+00   0  J  0.00  1   !  -9.99000e+02  -99.000  -99.000  -999
OBS: 4512  56369.094    27.00   0.0000e+00   1.0486e+02   3.1078e+00   0  J  0.00  1   !  -9.99000e+02  -99.000  -99.000  -999
OBS: 4512  56371.094    29.00   0.0000e+00   1.1313e+02   3.4399e+00   0  J  0.00  1   !  -9.99000e+02  -99.000  -99.000  -999
OBS: 4512  56373.094    31.00   0.0000e+00   1.2301e+02   3.5697e+00   0  J  0.00  1   !  -9.99000e+02  -99.000  -99.000  -999
OBS: 4512  56375.094    33.00   0.0000e+00   1.3180e+02   3.5611e+00   0  J  0.00  1   !  -9.99000e+02  -99.000  -99.000  -999
OBS: 4512  56377.094    35.00   0.0000e+00   1.3475e+02   3.8273e+00   0  J  0.00  1   !  -9.99000e+02  -99.000  -99.000  -999
OBS: 4512  56379.094    37.00   0.0000e+00   1.3492e+02   4.2574e+00   0  J  0.00  1   !  -9.99000e+02  -99.000  -99.000  -999
OBS: 4512  56381.094    39.00   0.0000e+00   1.3363e+02   4.6160e+00   0  J  0.00  1   !  -9.99000e+02  -99.000  -99.000  -999
OBS: 4512  56383.094    41.00   0.0000e+00   1.3145e+02   4.4969e+00   0  J  0.00  1   !  -9.99000e+02  -99.000  -99.000  -999
OBS: 4512  56385.094    43.00   0.0000e+00   1.2849e+02   4.2572e+00   0  J  0.00  1   !  -9.99000e+02  -99.000  -99.000  -999
OBS: 4512  56387.094    45.00   0.0000e+00   1.2501e+02   4.5575e+00   0  J  0.00  1   !  -9.99000e+02  -99.000  -99.000  -999
OBS: 4512  56389.094    47.00   0.0000e+00   1.1943e+02   4.8879e+00   0  J  0.00  1   !  -9.99000e+02  -99.000  -99.000  -999
OBS: 4512  56391.094    49.00   0.0000e+00   1.1242e+02   4.7434e+00   0  J  0.00  1   !  -9.99000e+02  -99.000  -99.000  -999
OBS: 4512  56393.094    51.00   0.0000e+00   1.0492e+02   4.0076e+00   0  J  0.00  1   !  -9.99000e+02  -99.000  -99.000  -999
OBS: 4512  56395.094    53.00   0.0000e+00   9.7720e+01   3.2585e+00   0  J  0.00  1   !  -9.99000e+02  -99.000  -99.000  -999
OBS: 4512  56397.094    55.00   0.0000e+00   9.1172e+01   2.7707e+00   0  J  0.00  1   !  -9.99000e+02  -99.000  -99.000  -999
OBS: 4512  56399.094    57.00   0.0000e+00   8.5228e+01   2.5011e+00   0  J  0.00  1   !  -9.99000e+02  -99.000  -99.000  -999
OBS: 4512  56401.094    59.00   0.0000e+00   7.9120e+01   2.5640e+00   0  J  0.00  1   !  -9.99000e+02  -99.000  -99.000  -999
OBS: 4512  56403.094    61.00   0.0000e+00   7.2164e+01   2.9472e+00   0  J  0.00  1   !  -9.99000e+02  -99.000  -99.000  -999
OBS: 4512  56405.094    63.00   0.0000e+00   6.4388e+01   3.8756e+01   0  J  0.00  1   !  -9.99000e+02  -99.000  -99.000  -999
OBS: 4512  56407.094    65.00   0.0000e+00   5.6790e+01   3.4182e+01   0  J  0.00  1   !  -9.99000e+02  -99.000  -99.000  -999
OBS: 4512  56409.094    67.00   0.0000e+00   5.0294e+01   3.0272e+01   0  J  0.00  1   !  -9.99000e+02  -99.000  -99.000  -999
OBS: 4512  56411.094    69.00   0.0000e+00   4.4871e+01   2.7009e+01   0  J  0.00  1   !  -9.99000e+02  -99.000  -99.000  -999
OBS: 4512  56413.094    71.00   0.0000e+00   4.0646e+01   2.4465e+01   0  J  0.00  1   !  -9.99000e+02  -99.000  -99.000  -999
OBS: 4512  56415.094    73.00   0.0000e+00   3.7613e+01   2.2639e+01   0  J  0.00  1   !  -9.99000e+02  -99.000  -99.000  -999
OBS: 4512  56417.094    75.00   0.0000e+00   3.2427e+01   1.9518e+01   0  J  0.00  1   !  -9.99000e+02  -99.000  -99.000  -999
OBS: 4512  56419.094    77.00   0.0000e+00   2.7844e+01   1.6760e+01   0  J  0.00  1   !  -9.99000e+02  -99.000  -99.000  -999
OBS: 4512  56421.094    79.00   0.0000e+00   2.4357e+01   1.4661e+01   0  J  0.00  1   !  -9.99000e+02  -99.000  -99.000  -999
OBS: 4512  56423.094    81.00   0.0000e+00   2.1576e+01   1.2987e+01   0  J  0.00  1   !  -9.99000e+02  -99.000  -99.000  -999
OBS: 4512  56425.094    83.00   0.0000e+00   1.9296e+01   1.1615e+01   0  J  0.00  1   !  -9.99000e+02  -99.000  -99.000  -999
OBS: 4512  56427.094    85.00   0.0000e+00   1.7356e+01   1.0447e+01   0  J  0.00  1   !  -9.99000e+02  -99.000  -99.000  -999
OBS: 4512  56429.094    87.00   0.0000e+00   1.5670e+01   9.4317e+00   0  J  0.00  1   !  -9.99000e+02  -99.000  -99.000  -999
OBS: 4512  56431.094    89.00   0.0000e+00   1.4172e+01   8.5302e+00   0  J  0.00  1   !  -9.99000e+02  -99.000  -99.000  -999
OBS: 4512  56433.094    91.00   0.0000e+00   1.2815e+01   7.7135e+00   0  J  0.00  1   !  -9.99000e+02  -99.000  -99.000  -999
OBS: 4512  56435.094    93.00   0.0000e+00   1.1540e+01   6.9461e+00   0  J  0.00  1   !  -9.99000e+02  -99.000  -99.000  -999
OBS: 4512  56437.094    95.00   0.0000e+00   1.0396e+01   6.2574e+00   0  J  0.00  1   !  -9.99000e+02  -99.000  -99.000  -999
OBS: 4512  56439.094    97.00   0.0000e+00   9.3720e+00   5.6411e+00   0  J  0.00  1   !  -9.99000e+02  -99.000  -99.000  -999
OBS: 4512  56441.094    99.00   0.0000e+00   8.4539e+00   5.0885e+00   0  J  0.00  1   !  -9.99000e+02  -99.000  -99.000  -999
OBS: 4512  56443.094   101.00   0.0000e+00   7.6347e+00   4.5954e+00   0  J  0.00  1   !  -9.99000e+02  -99.000  -99.000  -999
OBS: 4512  56445.094   103.00   0.0000e+00   6.9039e+00   4.1555e+00   0  J  0.00  1   !  -9.99000e+02  -99.000  -99.000  -999
OBS: 4512  56447.094   105.00   0.0000e+00   6.2207e+00   3.7443e+00   0  J  0.00  1   !  -9.99000e+02  -99.000  -99.000  -999
OBS: 4512  56449.094   107.00   0.0000e+00   5.5840e+00   3.3611e+00   0  J  0.00  1   !  -9.99000e+02  -99.000  -99.000  -999
OBS: 4512  56451.094   109.00   0.0000e+00   5.0125e+00   3.0171e+00   0  J  0.00  1   !  -9.99000e+02  -99.000  -99.000  -999
OBS: 4512  56453.094   111.00   0.0000e+00   4.4995e+00   2.7083e+00   0  J  0.00  1   !  -9.99000e+02  -99.000  -99.000  -999
OBS: 4512  56455.094   113.00   0.0000e+00   4.0390e+00   2.4311e+00   0  J  0.00  1   !  -9.99000e+02  -99.000  -99.000  -999
OBS: 4512  56457.094   115.00   0.0000e+00   3.6256e+00   2.1823e+00   0  J  0.00  1   !  -9.99000e+02  -99.000  -99.000  -999
OBS: 4512  56459.094   117.00   0.0000e+00   3.2545e+00   1.9589e+00   0  J  0.00  1   !  -9.99000e+02  -99.000  -99.000  -999
OBS: 4512  56461.094   119.00   0.0000e+00   2.9214e+00   1.7584e+00   0  J  0.00  1   !  -9.99000e+02  -99.000  -99.000  -999
OBS: 4512  56463.094   121.00   0.0000e+00   2.6224e+00   1.5785e+00   0  J  0.00  1   !  -9.99000e+02  -99.000  -99.000  -999
OBS: 4512  56465.094   123.00   0.0000e+00   2.3540e+00   1.4169e+00   0  J  0.00  1   !  -9.99000e+02  -99.000  -99.000  -999
OBS: 4512  56467.094   125.00   0.0000e+00   2.1131e+00   1.2719e+00   0  J  0.00  1   !  -9.99000e+02  -99.000  -99.000  -999
OBS: 4512  56469.094   127.00   0.0000e+00   1.8968e+00   1.1417e+00   0  J  0.00  1   !  -9.99000e+02  -99.000  -99.000  -999
OBS: 4512  56471.094   129.00   0.0000e+00   1.7027e+00   1.0249e+00   0  J  0.00  1   !  -9.99000e+02  -99.000  -99.000  -999
OBS: 4512  56473.094   131.00   0.0000e+00   1.5284e+00   9.1997e-01   0  J  0.00  1   !  -9.99000e+02  -99.000  -99.000  -999
OBS: 4512  56475.094   133.00   0.0000e+00   1.3720e+00   8.2581e-01   0  J  0.00  1   !  -9.99000e+02  -99.000  -99.000  -999
OBS: 4512  56477.094   135.00   0.0000e+00   1.2316e+00   7.4129e-01   0  J  0.00  1   !  -9.99000e+02  -99.000  -99.000  -999
OBS: 4512  56479.094   137.00   0.0000e+00   1.1055e+00   6.6542e-01   0  J  0.00  1   !  -9.99000e+02  -99.000  -99.000  -999
OBS: 4512  56481.094   139.00   0.0000e+00   9.9237e-01   5.9732e-01   0  J  0.00  1   !  -9.99000e+02  -99.000  -99.000  -999
OBS: 4512  56357.602    15.51   3.3621e+01   3.3472e+01   5.9063e-01   1  H  0.00  1   J  8.42136e+17  0.711  2.106  1.00000e+11
OBS: 4512  56362.723    20.63   3.5920e+01   3.6364e+01   6.0716e-01   1  H  0.06  1   J  9.06839e+17  0.702  3.410  1.00000e+11
OBS: 4512  56370.629    28.54   3.7288e+01   3.7353e+01   6.1349e-01   1  H  0.01  1   J  9.35274e+17  0.706  1.145  1.00000e+11
OBS: 4512  56283.094   -59.00   0.0000e+00   0.0000e+00   0.0000e+00   0  H  0.00  1   !  -9.99000e+02  -99.000  -99.000  -999
OBS: 4512  56285.094   -57.00   0.0000e+00   0.0000e+00   0.0000e+00   0  H  0.00  1   !  -9.99000e+02  -99.000  -99.000  -999
OBS: 4512  56287.094   -55.00   0.0000e+00   0.0000e+00   0.0000e+00   0  H  0.00  1   !  -9.99000e+02  -99.000  -99.000  -999
OBS: 4512  56289.094   -53.00   0.0000e+00   0.0000e+00   0.0000e+00   0  H  0.00  1   !  -9.99000e+02  -99.000  -99.000  -999
OBS: 4512  56291.094   -51.00   0.0000e+00   0.0000e+00   0.0000e+00   0  H  0.00  1   !  -9.99000e+02  -99.000  -99.000  -999
OBS: 4512  56293.094   -49.00   0.0000e+00   0.0000e+00   0.0000e+00   0  H  0.00  1   !  -9.99000e+02  -99.000  -99.000  -999
OBS: 4512  56295.094   -47.00   0.0000e+00   0.0000e+00   0.0000e+00   0  H  0.00  1   !  -9.99000e+02  -99.000  -99.000  -999
OBS: 4512  56297.094   -45.00   0.0000e+00   0.0000e+00   0.0000e+00   0  H  0.00  1   !  -9.99000e+02  -99.000  -99.000  -999
OBS: 4512  56299.094   -43.00   0.0000e+00   0.0000e+00   0.0000e+00   0  H  0.00  1   !  -9.99000e+02  -99.000  -99.000  -999
OBS: 4512  56301.094   -41.00   0.0000e+00   0.0000e+00   0.0000e+00   0  H  0.00  1   !  -9.99000e+02  -99.000  -99.000  -999
OBS: 4512  56303.094   -39.00   0.0000e+00   0.0000e+00   0.0000e+00   0  H  0.00  1   !  -9.99000e+02  -99.000  -99.000  -999
OBS: 4512  56305.094   -37.00   0.0000e+00   0.0000e+00   0.0000e+00   0  H  0.00  1   !  -9.99000e+02  -99.000  -99.000  -999
OBS: 4512  56307.094   -35.00   0.0000e+00   0.0000e+00   0.0000e+00   0  H  0.00  1   !  -9.99000e+02  -99.000  -99.000  -999
OBS: 4512  56309.094   -33.00   0.0000e+00   0.0000e+00   0.0000e+00   0  H  0.00  1   !  -9.99000e+02  -99.000  -99.000  -999
OBS: 4512  56311.094   -31.00   0.0000e+00   0.0000e+00   0.0000e+00   0  H  0.00  1   !  -9.99000e+02  -99.000  -99.000  -999
OBS: 4512  56313.094   -29.00   0.0000e+00   0.0000e+00   0.0000e+00   0  H  0.00  1   !  -9.99000e+02  -99.000  -99.000  -999
OBS: 4512  56315.094   -27.00   0.0000e+00   0.0000e+00   0.0000e+00   0  H  0.00  1   !  -9.99000e+02  -99.000  -99.000  -999
OBS: 4512  56317.094   -25.00   0.0000e+00   0.0000e+00   0.0000e+00   0  H  0.00  1   !  -9.99000e+02  -99.000  -99.000  -999
OBS: 4512  56319.094   -23.00   0.0000e+00   4.9629e+01   2.9872e+01   0  H  0.00  1   !  -9.99000e+02  -99.000  -99.000  -999
OBS: 4512  56321.094   -21.00   0.0000e+00   4.9317e+01   2.9684e+01   0  H  0.00  1   !  -9.99000e+02  -99.000  -99.000  -999
OBS: 4512  56323.094   -19.00   0.0000e+00   4.9302e+01   2.9675e+01   0  H  0.00  1   !  -9.99000e+02  -99.000  -99.000  -999
OBS: 4512  56325.094   -17.00   0.0000e+00   6.5032e+01   6.6318e+00   0  H  0.00  1   !  -9.99000e+02  -99.000  -99.000  -999
OBS: 4512  56327.094   -15.00   0.0000e+00   9.0646e+01   3.2701e+00   0  H  0.00  1   !  -9.99000e+02  -99.000  -99.000  -999
OBS: 4512  56329.094   -13.00   0.0000e+00   1.1324e+02   3.0058e+00   0  H  0.00  1   !  -9.99000e+02  -99.000  -99.000  -999
OBS: 4512  56331.094   -11.00   0.0000e+00   1.2731e+02   3.6546e+00   0  H  0.00  1   !  -9.99000e+02  -99.000  -99.000  -999
OBS: 4512  56333.094    -9.00   0.0000e+00   1.3269e+02   3.4425e+00   0  H  0.00  1   !  -9.99000e+02  -99.000  -99.000  -999
OBS: 4512  56335.094    -7.00   0.0000e+00   1.3400e+02   3.1104e+00   0  H  0.00  1   !  -9.99000e+02  -99.000  -99.000  -999
OBS: 4512  56337.094    -5.00   0.0000e+00   1.3181e+02   2.9998e+00   0  H  0.00  1   !  -9.99000e+02  -99.000  -99.000  -999
OBS: 4512  56339.094    -3.00   0.0000e+00   1.2442e+02   3.2654e+00   0  H  0.00  1   !  -9.99000e+02  -99.000  -99.000  -999
OBS: 4512  56341.094    -1.00   0.0000e+00   1.1328e+02   3.2868e+00   0  H  0.00  1   !  -9.99000e+02  -99.000  -99.000  -999
OBS: 4512  56343.094     1.00   0.0000e+00   1.0010e+02   3.3238e+00   0  H  0.00  1   !  -9.99000e+02  -99.000  -99.000  -999
OBS: 4512  56345.094     3.00   0.0000e+00   8.5860e+01   3.2600e+00   0  H  0.00  1   !  -9.99000e+02  -99.000  -99.000  -999
OBS: 4512  56347.094     5.00   0.0000e+00   7.2405e+01   3.0952e+00   0  H  0.00  1   !  -9.99000e+02  -99.000  -99.000  -999
OBS: 4512  56349.094     7.00   0.0000e+00   6.0385e+01   2.9864e+00   0  H  0.00  1   !  -9.99000e+02  -99.000  -99.000  -999
OBS: 4512  56351.094     9.00   0.0000e+00   4.9757e+01   3.0605e+00   0  H  0.00  1   !  -9.99000e+02  -99.000  -99.000  -999
OBS: 4512  56353.094    11.00   0.0000e+00   4.1413e+01   3.3848e+00   0  H  0.00  1   !  -9.99000e+02  -99.000  -99.000  -999
OBS: 4512  56355.094    13.00   0.0000e+00   3.6250e+01   3.6380e+00   0  H  0.00  1   !  -9.99000e+02  -99.000  -99.000  -999
OBS: 4512  56357.094    15.00   0.0000e+00   3.3663e+01   3.4909e+00   0  H  0.00  1   !  -9.99000e+02  -99.000  -99.000  -999
OBS: 4512  56359.094    17.00   0.0000e+00   3.3352e+01   3.3185e+00   0  H  0.00  1   !  -9.99000e+02  -99.000  -99.000  -999
OBS: 4512  56361.094    19.00   0.0000e+00   3.4507e+01   2.8790e+00   0  H  0.00  1   !  -9.99000e+02  -99.000  -99.000  -999
OBS: 4512  56363.094    21.00   0.0000e+00   3.5947e+01   2.5058e+00   0  H  0.00  1   !  -9.99000e+02  -99.000  -99.000  -999
OBS: 4512  56365.094    23.00   0.0000e+00   3.6723e+01   2.7320e+00   0  H  0.00  1   !  -9.99000e+02  -99.000  -99.000  -999
OBS: 4512  56367.094    25.00   0.0000e+00   3.6770e+01   3.1511e+00   0  H  0.00  1   !  -9.99000e+02  -99.000  -99.000  -999
OBS: 4512  56369.094    27.00   0.0000e+00   3.6735e+01   3.3090e+00   0  H  0.00  1   !  -9.99000e+02  -99.000  -99.000  -999
OBS: 4512  56371.094    29.00   0.0000e+00   3.7200e+01   3.3281e+00   0  H  0.00  1   !  -9.99000e+02  -99.000  -99.000  -999
OBS: 4512  56373.094    31.00   0.0000e+00   3.8231e+01   3.3681e+00   0  H  0.00  1   !  -9.99000e+02  -99.000  -99.000  -999
OBS: 4512  56375.094    33.00   0.0000e+00   4.0030e+01   3.4385e+00   0  H  0.00  1   !  -9.99000e+02  -99.000  -99.000  -999
OBS: 4512  56377.094    35.00   0.0000e+00   4.3325e+01   3.8312e+00   0  H  0.00  1   !  -9.99000e+02  -99.000  -99.000  -999
OBS: 4512  56379.094    37.00   0.0000e+00   4.7726e+01   4.6933e+00   0  H  0.00  1   !  -9.99000e+02  -99.000  -99.000  -999
OBS: 4512  56381.094    39.00   0.0000e+00   5.2101e+01   5.6181e+00   0  H  0.00  1   !  -9.99000e+02  -99.000  -99.000  -999
OBS: 4512  56383.094    41.00   0.0000e+00   5.4306e+01   6.1302e+00   0  H  0.00  1   !  -9.99000e+02  -99.000  -99.000  -999
OBS: 4512  56385.094    43.00   0.0000e+00   5.3236e+01   6.3282e+00   0  H  0.00  1   !  -9.99000e+02  -99.000  -99.000  -999
OBS: 4512  56387.094    45.00   0.0000e+00   4.8982e+01   6.2420e+00   0  H  0.00  1   !  -9.99000e+02  -99.000  -99.000  -999
OBS: 4512  56389.094    47.00   0.0000e+00   4.2411e+01   5.5305e+00   0  H  0.00  1   !  -9.99000e+02  -99.000  -99.000  -999
OBS: 4512  56391.094    49.00   0.0000e+00   3.4646e+01   4.3880e+00   0  H  0.00  1   !  -9.99000e+02  -99.000  -99.000  -999
OBS: 4512  56393.094    51.00   0.0000e+00   2.7263e+01   3.2046e+00   0  H  0.00  1   !  -9.99000e+02  -99.000  -99.000  -999
OBS: 4512  56395.094    53.00   0.0000e+00   2.2303e+01   2.4824e+00   0  H  0.00  1   !  -9.99000e+02  -99.000  -99.000  -999
OBS: 4512  56397.094    55.00   0.0000e+00   1.9767e+01   2.7933e+00   0  H  0.00  1   !  -9.99000e+02  -99.000  -99.000  -999
OBS: 4512  56399.094    57.00   0.0000e+00   1.8657e+01   4.4177e+00   0  H  0.00  1   !  -9.99000e+02  -99.000  -99.000  -999
OBS: 4512  56401.094    59.00   0.0000e+00   1.7716e+01   6.1024e+00   0  H  0.00  1   !  -9.99000e+02  -99.000  -99.000  -999
OBS: 4512  56403.094    61.00   0.0000e+00   1.6660e+01   7.2340e+00   0  H  0.00  1   !  -9.99000e+02  -99.000  -99.000  -999
OBS: 4512  56405.094    63.00   0.0000e+00   1.5631e+01   9.4085e+00   0  H  0.00  1   !  -9.99000e+02  -99.000  -99.000  -999
OBS: 4512  56407.094    65.00   0.0000e+00   1.4803e+01   8.9101e+00   0  H  0.00  1   !  -9.99000e+02  -99.000  -99.000  -999
OBS: 4512  56409.094    67.00   0.0000e+00   1.4202e+01   8.5482e+00   0  H  0.00  1   !  -9.99000e+02  -99.000  -99.000  -999
OBS: 4512  56411.094    69.00   0.0000e+00   1.3660e+01   8.2221e+00   0  H  0.00  1   !  -9.99000e+02  -99.000  -99.000  -999
OBS: 4512  56413.094    71.00   0.0000e+00   1.3096e+01   7.8826e+00   0  H  0.00  1   !  -9.99000e+02  -99.000  -99.000  -999
OBS: 4512  56415.094    73.00   0.0000e+00   1.2597e+01   7.5821e+00   0  H  0.00  1   !  -9.99000e+02  -99.000  -99.000  -999
OBS: 4512  56417.094    75.00   0.0000e+00   1.1362e+01   6.8389e+00   0  H  0.00  1   !  -9.99000e+02  -99.000  -99.000  -999
OBS: 4512  56419.094    77.00   0.0000e+00   1.0288e+01   6.1924e+00   0  H  0.00  1   !  -9.99000e+02  -99.000  -99.000  -999
OBS: 4512  56421.094    79.00   0.0000e+00   9.5353e+00   5.7394e+00   0  H  0.00  1   !  -9.99000e+02  -99.000  -99.000  -999
OBS: 4512  56423.094    81.00   0.0000e+00   8.9891e+00   5.4107e+00   0  H  0.00  1   !  -9.99000e+02  -99.000  -99.000  -999
OBS: 4512  56425.094    83.00   0.0000e+00   8.5734e+00   5.1604e+00   0  H  0.00  1   !  -9.99000e+02  -99.000  -99.000  -999
OBS: 4512  56427.094    85.00   0.0000e+00   8.2467e+00   4.9638e+00   0  H  0.00  1   !  -9.99000e+02  -99.000  -99.000  -999
OBS: 4512  56429.094    87.00   0.0000e+00   7.9439e+00   4.7815e+00   0  H  0.00  1   !  -9.99000e+02  -99.000  -99.000  -999
OBS: 4512  56431.094    89.00   0.0000e+00   7.6547e+00   4.6074e+00   0  H  0.00  1   !  -9.99000e+02  -99.000  -99.000  -999
OBS: 4512  56433.094    91.00   0.0000e+00   7.3793e+00   4.4417e+00   0  H  0.00  1   !  -9.99000e+02  -99.000  -99.000  -999
OBS: 4512  56435.094    93.00   0.0000e+00   7.1166e+00   4.2836e+00   0  H  0.00  1   !  -9.99000e+02  -99.000  -99.000  -999
OBS: 4512  56437.094    95.00   0.0000e+00   6.8663e+00   4.1329e+00   0  H  0.00  1   !  -9.99000e+02  -99.000  -99.000  -999
OBS: 4512  56439.094    97.00   0.0000e+00   6.6281e+00   3.9895e+00   0  H  0.00  1   !  -9.99000e+02  -99.000  -99.000  -999
OBS: 4512  56441.094    99.00   0.0000e+00   6.4023e+00   3.8536e+00   0  H  0.00  1   !  -9.99000e+02  -99.000  -99.000  -999
OBS: 4512  56443.094   101.00   0.0000e+00   6.1905e+00   3.7262e+00   0  H  0.00  1   !  -9.99000e+02  -99.000  -99.000  -999
OBS: 4512  56445.094   103.00   0.0000e+00   5.9934e+00   3.6075e+00   0  H  0.00  1   !  -9.99000e+02  -99.000  -99.000  -999
OBS: 4512  56447.094   105.00   0.0000e+00   5.7826e+00   3.4806e+00   0  H  0.00  1   !  -9.99000e+02  -99.000  -99.000  -999
OBS: 4512  56449.094   107.00   0.0000e+00   5.5604e+00   3.3469e+00   0  H  0.00  1   !  -9.99000e+02  -99.000  -99.000  -999
OBS: 4512  56451.094   109.00   0.0000e+00   5.3468e+00   3.2183e+00   0  H  0.00  1   !  -9.99000e+02  -99.000  -99.000  -999
OBS: 4512  56453.094   111.00   0.0000e+00   5.1413e+00   3.0946e+00   0  H  0.00  1   !  -9.99000e+02  -99.000  -99.000  -999
OBS: 4512  56455.094   113.00   0.0000e+00   4.9438e+00   2.9757e+00   0  H  0.00  1   !  -9.99000e+02  -99.000  -99.000  -999
OBS: 4512  56457.094   115.00   0.0000e+00   4.7538e+00   2.8614e+00   0  H  0.00  1   !  -9.99000e+02  -99.000  -99.000  -999
OBS: 4512  56459.094   117.00   0.0000e+00   4.5711e+00   2.7514e+00   0  H  0.00  1   !  -9.99000e+02  -99.000  -99.000  -999
OBS: 4512  56461.094   119.00   0.0000e+00   4.3955e+00   2.6457e+00   0  H  0.00  1   !  -9.99000e+02  -99.000  -99.000  -999
OBS: 4512  56463.094   121.00   0.0000e+00   4.2266e+00   2.5440e+00   0  H  0.00  1   !  -9.99000e+02  -99.000  -99.000  -999
OBS: 4512  56465.094   123.00   0.0000e+00   4.0642e+00   2.4463e+00   0  H  0.00  1   !  -9.99000e+02  -99.000  -99.000  -999
OBS: 4512  56467.094   125.00   0.0000e+00   3.9080e+00   2.3523e+00   0  H  0.00  1   !  -9.99000e+02  -99.000  -99.000  -999
OBS: 4512  56469.094   127.00   0.0000e+00   3.7578e+00   2.2619e+00   0  H  0.00  1   !  -9.99000e+02  -99.000  -99.000  -999
OBS: 4512  56471.094   129.00   0.0000e+00   3.6134e+00   2.1750e+00   0  H  0.00  1   !  -9.99000e+02  -99.000  -99.000  -999
OBS: 4512  56473.094   131.00   0.0000e+00   3.4746e+00   2.0914e+00   0  H  0.00  1   !  -9.99000e+02  -99.000  -99.000  -999
OBS: 4512  56475.094   133.00   0.0000e+00   3.3411e+00   2.0110e+00   0  H  0.00  1   !  -9.99000e+02  -99.000  -99.000  -999
OBS: 4512  56477.094   135.00   0.0000e+00   3.2127e+00   1.9338e+00   0  H  0.00  1   !  -9.99000e+02  -99.000  -99.000  -999
OBS: 4512  56479.094   137.00   0.0000e+00   3.0893e+00   1.8595e+00   0  H  0.00  1   !  -9.99000e+02  -99.000  -99.000  -999
OBS: 4512  56481.094   139.00   0.0000e+00   2.9706e+00   1.7880e+00   0  H  0.00  1   !  -9.99000e+02  -99.000  -99.000  -999
