VARNAMES: CID MJD Tobs SIM_FLUXCAL FLUXCAL FLUXCAL_ERR DATAFLAG BAND CHI2 IFIT BAND_REST FLUX_REST KCOR AVWARP SIM_FLUX_REST 
OBS: 554  56321.086     7.57   5.4563e+01   5.5054e+01   5.8516e-01   1  J  0.02  1   Y  1.54559e+18  -0.292  -1.607  1.00000e+11
OBS: 554  56326.402    12.89   4.7820e+01   4.7682e+01   5.4372e-01   1  J  0.11  1   Y  1.26007e+18  -0.358  -1.894  1.00000e+11
OBS: 554  56334.312    20.80   4.9390e+01   5.0050e+01   5.5606e-01   1  J  0.00  1   Y  1.35849e+18  -0.329  -1.407  1.00000e+11
OBS: 554  56254.516   -59.00   0.0000e+00   0.0000e+00   0.0000e+00   0  J  0.00  1   !  -9.99000e+02  -99.000  -99.000  -999
OBS: 554  56256.516   -57.00   0.0000e+00   0.0000e+00   0.0000e+00   0  J  0.00  1   !  -9.99000e+02  -99.000  -99.000  -999
OBS: 554  56258.516   -55.00   0.0000e+00   0.0000e+00   0.0000e+00   0  J  0.00  1   !  -9.99000e+02  -99.000  -99.000  -999
OBS: 554  56260.516   -53.00   0.0000e+00   0.0000e+00   0.0000e+00   0  J  0.00  1   !  -9.99000e+02  -99.000  -99.000  -999
OBS: 554  56262.516   -51.00   0.0000e+00   0.0000e+00   0.0000e+00   0  J  0.00  1   !  -9.99000e+02  -99.000  -99.000  -999
OBS: 554  56264.516   -49.00   0.0000e+00   0.0000e+00   0.0000e+00   0  J  0.00  1   !  -9.99000e+02  -99.000  -99.000  -999
OBS: 554  56266.516   -47.00   0.0000e+00   0.0000e+00   0.0000e+00   0  J  0.00  1   !  -9.99000e+02  -99.000  -99.000  -999
OBS: 554  56268.516   -45.00   0.0000e+00   0.0000e+00   0.0000e+00   0  J  0.00  1   !  -9.99000e+02  -99.000  -99.000  -999
OBS: 554  56270.516   -43.00   0.0000e+00   0.0000e+00   0.0000e+00   0  J  0.00  1   !  -9.99000e+02  -99.000  -99.000  -999
OBS: 554  56272.516   -41.00   0.0000e+00   0.0000e+00   0.0000e+00   0  J  0.00  1   !  -9.99000e+02  -99.000  -99.000  -999
OBS: 554  56274.516   -39.00   0.0000e+00   0.0000e+00   0.0000e+00   0  J  0.00  1   !  -9.99000e+02  -99.000  -99.000  -999
OBS: 554  56276.516   -37.00   0.0000e+00   0.0000e+00   0.0000e+00   0  J  0.00  1   !  -9.99000e+02  -99.000  -99.000  -999
OBS: 554  56278.516   -35.00   0.0000e+00   0.0000e+00   0.0000e+00   0  J  0.00  1   !  -9.99000e+02  -99.000  -99.000  -999
OBS: 554  56280.516   -33.00   0.0000e+00   0.0000e+00   0.0000e+00   0  J  0.00  1   !  -9.99000e+02  -99.000  -99.000  -999
OBS: 554  56282.516   -31.00   0.0000e+00   0.0000e+00   0.0000e+00   0  J  0.00  1   !  -9.99000e+02  -99.000  -99.000  -999
OBS: 554  56284.516   -29.00   0.0000e+00   0.0000e+00   0.0000e+00   0  J  0.00  1   !  -9.99000e+02  -99.000  -99.000  -999
OBS: 554  56286.516   -27.00   0.0000e+00   0.0000e+00   0.0000e+00   0  J  0.00  1   !  -9.99000e+02  -99.000  -99.000  -999
OBS: 554  56288.516   -25.00   0.0000e+00   1.3784e+01   8.2966e+00   0  J  0.00  1   !  -9.99000e+02  -99.000  -99.000  -999
OBS: 554  56290.516   -23.00   0.0000e+00   1.4143e+01   8.5129e+00   0  J  0.00  1   !  -9.99000e+02  -99.000  -99.000  -999
OBS: 554  56292.516   -21.00   0.0000e+00   1.4130e+01   8.5053e+00   0  J  0.00  1   !  -9.99000e+02  -99.000  -99.000  -999
OBS: 554  56294.516   -19.00   0.0000e+00   2.0037e+01   5.2139e+00   0  J  0.00  1   !  -9.99000e+02  -99.000  -99.000  -999
OBS: 554  56296.516   -17.00   0.0000e+00   3.0501e+01   3.1623e+00   0  J  0.00  1   !  -9.99000e+02  -99.000  -99.000  -999
OBS: 554  56298.516   -15.00   0.0000e+00   4.1362e+01   2.1418e+00   0  J  0.00  1   !  -9.99000e+02  -99.000  -99.000  -999
OBS: 554  56300.516   -13.00   0.0000e+00   5.0421e+01   1.7129e+00   0  J  0.00  1   !  -9.99000e+02  -99.000  -99.000  -999
OBS: 554  56302.516   -11.00   0.0000e+00   5.8743e+01   1.5280e+00   0  J  0.00  1   !  -9.99000e+02  -99.000  -99.000  -999
OBS: 554  56304.516    -9.00   0.0000e+00   6.6550e+01   1.5747e+00   0  J  0.00  1   !  -9.99000e+02  -99.000  -99.000  -999
OBS: 554  56306.516    -7.00   0.0000e+00   7.2336e+01   1.8088e+00   0  J  0.00  1   !  -9.99000e+02  -99.000  -99.000  -999
OBS: 554  56308.516    -5.00   0.0000e+00   7.5312e+01   1.9709e+00   0  J  0.00  1   !  -9.99000e+02  -99.000  -99.000  -999
OBS: 554  56310.516    -3.00   0.0000e+00   7.4750e+01   1.8592e+00   0  J  0.00  1   !  -9.99000e+02  -99.000  -99.000  -999
OBS: 554  56312.516    -1.00   0.0000e+00   7.2137e+01   1.7981e+00   0  J  0.00  1   !  -9.99000e+02  -99.000  -99.000  -999
OBS: 554  56314.516     1.00   0.0000e+00   6.8201e+01   1.9989e+00   0  J  0.00  1   !  -9.99000e+02  -99.000  -99.000  -999
OBS: 554  56316.516     3.00   0.0000e+00   6.3848e+01   2.2765e+00   0  J  0.00  1   !  -9.99000e+02  -99.000  -99.000  -999
OBS: 554  56318.516     5.00   0.0000e+00   5.9753e+01   2.4391e+00   0  J  0.00  1   !  -9.99000e+02  -99.000  -99.000  -999
OBS: 554  56320.516     7.00   0.0000e+00   5.6382e+01   2.3829e+00   0  J  0.00  1   !  -9.99000e+02  -99.000  -99.000  -999
OBS: 554  56322.516     9.00   0.0000e+00   5.3021e+01   2.2350e+00   0  J  0.00  1   !  -9.99000e+02  -99.000  -99.000  -999
OBS: 554  56324.516    11.00   0.0000e+00   5.0219e+01   2.3257e+00   0  J  0.00  1   !  -9.99000e+02  -99.000  -99.000  -999
OBS: 554  56326.516    13.00   0.0000e+00   4.8467e+01   2.5670e+00   0  J  0.00  1   !  -9.99000e+02  -99.000  -99.000  -999
OBS: 554  56328.516    15.00   0.0000e+00   4.7835e+01   2.6884e+00   0  J  0.00  1   !  -9.99000e+02  -99.000  -99.000  -999
OBS: 554  56330.516    17.00   0.0000e+00   4.7633e+01   2.6268e+00   0  J  0.00  1   !  -9.99000e+02  -99.000  -99.000  -999
OBS: 554  56332.516    19.00   0.0000e+00   4.7965e+01   2.4499e+00   0  J  0.00  1   !  -9.99000e+02  -99.000  -99.000  -999
OBS: 554  56334.516    21.00   0.0000e+00   5.0395e+01   2.3757e+00   0  J  0.00  1   !  -9.99000e+02  -99.000  -99.000  -999
OBS: 554  56336.516    23.00   0.0000e+00   5.3160e+01   2.3820e+00   0  J  0.00  1   !  -9.99000e+02  -99.000  -99.000  -999
OBS: 554  56338.516    25.00   0.0000e+00   5.5728e+01   2.2021e+00   0  J  0.00  1   !  -9.99000e+02  -99.000  -99.000  -999
OBS: 554  56340.516    27.00   0.0000e+00   5.7958e+01   1.9047e+00   0  J  0.00  1   !  -9.99000e+02  -99.000  -99.000  -999
OBS: 554  56342.516    29.00   0.0000e+00   5.8441e+01   1.7360e+00   0  J  0.00  1   !  -9.99000e+02  -99.000  -99.000  -999
OBS: 554  56344.516    31.00   0.0000e+00   5.9052e+01   1.7957e+00   0  J  0.00  1   !  -9.99000e+02  -99.000  -99.000  -999
OBS: 554  56346.516    33.00   0.0000e+00   6.1454e+01   1.8955e+00   0  J  0.00  1   !  -9.99000e+02  -99.000  -99.000  -999
OBS: 554  56348.516    35.00   0.0000e+00   6.3799e+01   1.8872e+00   0  J  0.00  1   !  -9.99000e+02  -99.000  -99.000  -999
OBS: 554  56350.516    37.00   0.0000e+00   6.5082e+01   1.7880e+00   0  J  0.00  1   !  -9.99000e+02  -99.000  -99.000  -999
OBS: 554  56352.516    39.00   0.0000e+00   6.5245e+01   1.8142e+00   0  J  0.00  1   !  -9.99000e+02  -99.000  -99.000  -999
OBS: 554  56354.516    41.00   0.0000e+00   6.4402e+01   1.9381e+00   0  J  0.00  1   !  -9.99000e+02  -99.000  -99.000  -999
OBS: 554  56356.516    43.00   0.0000e+00   6.3126e+01   2.1022e+00   0  J  0.00  1   !  -9.99000e+02  -99.000  -99.000  -999
OBS: 554  56358.516    45.00   0.0000e+00   6.1022e+01   2.1036e+00   0  J  0.00  1   !  -9.99000e+02  -99.000  -99.000  -999
OBS: 554  56360.516    47.00   0.0000e+00   5.8243e+01   1.9725e+00   0  J  0.00  1   !  -9.99000e+02  -99.000  -99.000  -999
OBS: 554  56362.516    49.00   0.0000e+00   5.6213e+01   1.8816e+00   0  J  0.00  1   !  -9.99000e+02  -99.000  -99.000  -999
OBS: 554  56364.516    51.00   0.0000e+00   5.3872e+01   1.9686e+00   0  J  0.00  1   !  -9.99000e+02  -99.000  -99.000  -999
OBS: 554  56366.516    53.00   0.0000e+00   5.0729e+01   2.0499e+00   0  J  0.00  1   !  -9.99000e+02  -99.000  -99.000  -999
OBS: 554  56368.516    55.00   0.0000e+00   4.7102e+01   1.9909e+00   0  J  0.00  1   !  -9.99000e+02  -99.000  -99.000  -999
OBS: 554  56370.516    57.00   0.0000e+00   4.3350e+01   1.7247e+00   0  J  0.00  1   !  -9.99000e+02  -99.000  -99.000  -999
OBS: 554  56372.516    59.00   0.0000e+00   3.9789e+01   1.4055e+00   0  J  0.00  1   !  -9.99000e+02  -99.000  -99.000  -999
OBS: 554  56374.516    61.00   0.0000e+00   3.6657e+01   1.1608e+00   0  J  0.00  1   !  -9.99000e+02  -99.000  -99.000  -999
OBS: 554  56376.516    63.00   0.0000e+00   3.3888e+01   1.0089e+00   0  J  0.00  1   !  -9.99000e+02  -99.000  -99.000  -999
OBS: 554  56378.516    65.00   0.0000e+00   3.1476e+01   9.3282e-01   0  J  0.00  1   !  -9.99000e+02  -99.000  -99.000  -999
OBS: 554  56380.516    67.00   0.0000e+00   2.8994e+01   9.6816e-01   0  J  0.00  1   !  -9.99000e+02  -99.000  -99.000  -999
OBS: 554  56382.516    69.00   0.0000e+00   2.6295e+01   1.5827e+01   0  J  0.00  1   !  -9.99000e+02  -99.000  -99.000  -999
OBS: 554  56384.516    71.00   0.0000e+00   2.3540e+01   1.4169e+01   0  J  0.00  1   !  -9.99000e+02  -99.000  -99.000  -999
OBS: 554  56386.516    73.00   0.0000e+00   2.1776e+01   1.3107e+01   0  J  0.00  1   !  -9.99000e+02  -99.000  -99.000  -999
OBS: 554  56388.516    75.00   0.0000e+00   2.0277e+01   1.2205e+01   0  J  0.00  1   !  -9.99000e+02  -99.000  -99.000  -999
OBS: 554  56390.516    77.00   0.0000e+00   1.8912e+01   1.1384e+01   0  J  0.00  1   !  -9.99000e+02  -99.000  -99.000  -999
OBS: 554  56392.516    79.00   0.0000e+00   1.7733e+01   1.0674e+01   0  J  0.00  1   !  -9.99000e+02  -99.000  -99.000  -999
OBS: 554  56394.516    81.00   0.0000e+00   1.6671e+01   1.0034e+01   0  J  0.00  1   !  -9.99000e+02  -99.000  -99.000  -999
OBS: 554  56396.516    83.00   0.0000e+00   1.4565e+01   8.7671e+00   0  J  0.00  1   !  -9.99000e+02  -99.000  -99.000  -999
OBS: 554  56398.516    85.00   0.0000e+00   1.2720e+01   7.6565e+00   0  J  0.00  1   !  -9.99000e+02  -99.000  -99.000  -999
OBS: 554  56400.516    87.00   0.0000e+00   1.1254e+01   6.7741e+00   0  J  0.00  1   !  -9.99000e+02  -99.000  -99.000  -999
OBS: 554  56402.516    89.00   0.0000e+00   1.0062e+01   6.0566e+00   0  J  0.00  1   !  -9.99000e+02  -99.000  -99.000  -999
OBS: 554  56404.516    91.00   0.0000e+00   9.0927e+00   5.4730e+00   0  J  0.00  1   !  -9.99000e+02  -99.000  -99.000  -999
OBS: 554  56406.516    93.00   0.0000e+00   8.2853e+00   4.9870e+00   0  J  0.00  1   !  -9.99000e+02  -99.000  -99.000  -999
OBS: 554  56408.516    95.00   0.0000e+00   7.6080e+00   4.5793e+00   0  J  0.00  1   !  -9.99000e+02  -99.000  -99.000  -999
OBS: 554  56410.516    97.00   0.0000e+00   7.0096e+00   4.2191e+00   0  J  0.00  1   !  -9.99000e+02  -99.000  -99.000  -999
OBS: 554  56412.516    99.00   0.0000e+00   6.4953e+00   3.9096e+00   0  J  0.00  1   !  -9.99000e+02  -99.000  -99.000  -999
OBS: 554  56414.516   101.00   0.0000e+00   5.9477e+00   3.5800e+00   0  J  0.00  1   !  -9.99000e+02  -99.000  -99.000  -999
OBS: 554  56416.516   103.00   0.0000e+00   5.4074e+00   3.2547e+00   0  J  0.00  1   !  -9.99000e+02  -99.000  -99.000  -999
OBS: 554  56418.516   105.00   0.0000e+00   4.9184e+00   2.9604e+00   0  J  0.00  1   !  -9.99000e+02  -99.000  -99.000  -999
OBS: 554  56420.516   107.00   0.0000e+00   4.4805e+00   2.6969e+00   0  J  0.00  1   !  -9.99000e+02  -99.000  -99.000  -999
OBS: 554  56422.516   109.00   0.0000e+00   4.0838e+00   2.4581e+00   0  J  0.00  1   !  -9.99000e+02  -99.000  -99.000  -999
OBS: 554  56424.516   111.00   0.0000e+00   3.7282e+00   2.2440e+00   0  J  0.00  1   !  -9.99000e+02  -99.000  -99.000  -999
OBS: 554  56426.516   113.00   0.0000e+00   3.4080e+00   2.0513e+00   0  J  0.00  1   !  -9.99000e+02  -99.000  -99.000  -999
OBS: 554  56428.516   115.00   0.0000e+00   3.1123e+00   1.8733e+00   0  J  0.00  1   !  -9.99000e+02  -99.000  -99.000  -999
OBS: 554  56430.516   117.00   0.0000e+00   2.8071e+00   1.6896e+00   0  J  0.00  1   !  -9.99000e+02  -99.000  -99.000  -999
OBS: 554  56432.516   119.00   0.0000e+00   2.5317e+00   1.5239e+00   0  J  0.00  1   !  -9.99000e+02  -99.000  -99.000  -999
OBS: 554  56434.516   121.00   0.0000e+00   2.2833e+00   1.3744e+00   0  J  0.00  1   !  -9.99000e+02  -99.000  -99.000  -999
OBS: 554  56436.516   123.00   0.0000e+00   2.0592e+00   1.2395e+00   0  J  0.00  1   !  -9.99000e+02  -99.000  -99.000  -999
OBS: 554  56438.516   125.00   0.0000e+00   1.8571e+00   1.1178e+00   0  J  0.00  1   !  -9.99000e+02  -99.000  -99.000  -999
OBS: 554  56440.516   127.00   0.0000e+00   1.6747e+00   1.0080e+00   0  J  0.00  1   !  -9.99000e+02  -99.000  -99.000  -999
OBS: 554  56442.516   129.00   0.0000e+00   1.5105e+00   9.0916e-01   0  J  0.00  1   !  -9.99000e+02  -99.000  -99.000  -999
OBS: 554  56444.516   131.00   0.0000e+00   1.3623e+00   8.1995e-01   0  J  0.00  1   !  -9.99000e+02  -99.000  -99.000  -999
OBS: 554  56446.516   133.00   0.0000e+00   1.2284e+00   7.3938e-01   0  J  0.00  1   !  -9.99000e+02  -99.000  -99.000  -999
OBS: 554  56448.516   135.00   0.0000e+00   1.1077e+00   6.6671e-01   0  J  0.00  1   !  -9.99000e+02  -99.000  -99.000  -999
OBS: 554  56450.516   137.00   0.0000e+00   9.9875e-01   6.0116e-01   0  J  0.00  1   !  -9.99000e+02  -99.000  -99.000  -999
OBS: 554  56452.516   139.00   0.0000e+00   9.0053e-01   5.4204e-01   0  J  0.00  1   !  -9.99000e+02  -99.000  -99.000  -999
OBS: 554  56321.090     7.58   2.7836e+01   2.8300e+01   5.0530e-01   1  H  0.04  1   J  1.62043e+18  0.482  0.265  1.00000e+11
OBS: 554  56326.406    12.89   1.9732e+01   2.0851e+01   4.5268e-01   1  H  0.32  1   J  1.08622e+18  0.379  1.471  1.00000e+11
OBS: 554  56334.316    20.80   1.8816e+01   1.8889e+01   4.3936e-01   1  H  0.00  1   J  8.71991e+17  0.248  3.431  1.00000e+11
OBS: 554  56254.516   -59.00   0.0000e+00   0.0000e+00   0.0000e+00   0  H  0.00  1   !  -9.99000e+02  -99.000  -99.000  -999
OBS: 554  56256.516   -57.00   0.0000e+00   0.0000e+00   0.0000e+00   0  H  0.00  1   !  -9.99000e+02  -99.000  -99.000  -999
OBS: 554  56258.516   -55.00   0.0000e+00   0.0000e+00   0.0000e+00   0  H  0.00  1   !  -9.99000e+02  -99.000  -99.000  -999
OBS: 554  56260.516   -53.00   0.0000e+00   0.0000e+00   0.0000e+00   0  H  0.00  1   !  -9.99000e+02  -99.000  -99.000  -999
OBS: 554  56262.516   -51.00   0.0000e+00   0.0000e+00   0.0000e+00   0  H  0.00  1   !  -9.99000e+02  -99.000  -99.000  -999
OBS: 554  56264.516   -49.00   0.0000e+00   0.0000e+00   0.0000e+00   0  H  0.00  1   !  -9.99000e+02  -99.000  -99.000  -999
OBS: 554  56266.516   -47.00   0.0000e+00   0.0000e+00   0.0000e+00   0  H  0.00  1   !  -9.99000e+02  -99.000  -99.000  -999
OBS: 554  56268.516   -45.00   0.0000e+00   0.0000e+00   0.0000e+00   0  H  0.00  1   !  -9.99000e+02  -99.000  -99.000  -999
OBS: 554  56270.516   -43.00   0.0000e+00   0.0000e+00   0.0000e+00   0  H  0.00  1   !  -9.99000e+02  -99.000  -99.000  -999
OBS: 554  56272.516   -41.00   0.0000e+00   0.0000e+00   0.0000e+00   0  H  0.00  1   !  -9.99000e+02  -99.000  -99.000  -999
OBS: 554  56274.516   -39.00   0.0000e+00   0.0000e+00   0.0000e+00   0  H  0.00  1   !  -9.99000e+02  -99.000  -99.000  -999
OBS: 554  56276.516   -37.00   0.0000e+00   0.0000e+00   0.0000e+00   0  H  0.00  1   !  -9.99000e+02  -99.000  -99.000  -999
OBS: 554  56278.516   -35.00   0.0000e+00   0.0000e+00   0.0000e+00   0  H  0.00  1   !  -9.99000e+02  -99.000  -99.000  -999
OBS: 554  56280.516   -33.00   0.0000e+00   0.0000e+00   0.0000e+00   0  H  0.00  1   !  -9.99000e+02  -99.000  -99.000  -999
OBS: 554  56282.516   -31.00   0.0000e+00   0.0000e+00   0.0000e+00   0  H  0.00  1   !  -9.99000e+02  -99.000  -99.000  -999
OBS: 554  56284.516   -29.00   0.0000e+00   0.0000e+00   0.0000e+00   0  H  0.00  1   !  -9.99000e+02  -99.000  -99.000  -999
OBS: 554  56286.516   -27.00   0.0000e+00   0.0000e+00   0.0000e+00   0  H  0.00  1   !  -9.99000e+02  -99.000  -99.000  -999
OBS: 554  56288.516   -25.00   0.0000e+00   1.9583e+01   1.1787e+01   0  H  0.00  1   !  -9.99000e+02  -99.000  -99.000  -999
OBS: 554  56290.516   -23.00   0.0000e+00   2.1008e+01   1.2645e+01   0  H  0.00  1   !  -9.99000e+02  -99.000  -99.000  -999
OBS: 554  56292.516   -21.00   0.0000e+00   2.0894e+01   1.2576e+01   0  H  0.00  1   !  -9.99000e+02  -99.000  -99.000  -999
OBS: 554  56294.516   -19.00   0.0000e+00   2.5780e+01   4.1101e+00   0  H  0.00  1   !  -9.99000e+02  -99.000  -99.000  -999
OBS: 554  56296.516   -17.00   0.0000e+00   3.4124e+01   1.2913e+00   0  H  0.00  1   !  -9.99000e+02  -99.000  -99.000  -999
OBS: 554  56298.516   -15.00   0.0000e+00   4.1922e+01   1.1017e+00   0  H  0.00  1   !  -9.99000e+02  -99.000  -99.000  -999
OBS: 554  56300.516   -13.00   0.0000e+00   4.8391e+01   1.3746e+00   0  H  0.00  1   !  -9.99000e+02  -99.000  -99.000  -999
OBS: 554  56302.516   -11.00   0.0000e+00   5.2378e+01   1.3850e+00   0  H  0.00  1   !  -9.99000e+02  -99.000  -99.000  -999
OBS: 554  56304.516    -9.00   0.0000e+00   5.4197e+01   1.3077e+00   0  H  0.00  1   !  -9.99000e+02  -99.000  -99.000  -999
OBS: 554  56306.516    -7.00   0.0000e+00   5.5044e+01   1.2259e+00   0  H  0.00  1   !  -9.99000e+02  -99.000  -99.000  -999
OBS: 554  56308.516    -5.00   0.0000e+00   5.4232e+01   1.2774e+00   0  H  0.00  1   !  -9.99000e+02  -99.000  -99.000  -999
OBS: 554  56310.516    -3.00   0.0000e+00   5.1912e+01   1.3825e+00   0  H  0.00  1   !  -9.99000e+02  -99.000  -99.000  -999
OBS: 554  56312.516    -1.00   0.0000e+00   4.8619e+01   1.4169e+00   0  H  0.00  1   !  -9.99000e+02  -99.000  -99.000  -999
OBS: 554  56314.516     1.00   0.0000e+00   4.3700e+01   1.4294e+00   0  H  0.00  1   !  -9.99000e+02  -99.000  -99.000  -999
OBS: 554  56316.516     3.00   0.0000e+00   3.8144e+01   1.4108e+00   0  H  0.00  1   !  -9.99000e+02  -99.000  -99.000  -999
OBS: 554  56318.516     5.00   0.0000e+00   3.3114e+01   1.3719e+00   0  H  0.00  1   !  -9.99000e+02  -99.000  -99.000  -999
OBS: 554  56320.516     7.00   0.0000e+00   2.9120e+01   1.3480e+00   0  H  0.00  1   !  -9.99000e+02  -99.000  -99.000  -999
OBS: 554  56322.516     9.00   0.0000e+00   2.5388e+01   1.3652e+00   0  H  0.00  1   !  -9.99000e+02  -99.000  -99.000  -999
OBS: 554  56324.516    11.00   0.0000e+00   2.2127e+01   1.4976e+00   0  H  0.00  1   !  -9.99000e+02  -99.000  -99.000  -999
OBS: 554  56326.516    13.00   0.0000e+00   1.9750e+01   1.7186e+00   0  H  0.00  1   !  -9.99000e+02  -99.000  -99.000  -999
OBS: 554  56328.516    15.00   0.0000e+00   1.8201e+01   1.8567e+00   0  H  0.00  1   !  -9.99000e+02  -99.000  -99.000  -999
OBS: 554  56330.516    17.00   0.0000e+00   1.7880e+01   1.8443e+00   0  H  0.00  1   !  -9.99000e+02  -99.000  -99.000  -999
OBS: 554  56332.516    19.00   0.0000e+00   1.8349e+01   1.8393e+00   0  H  0.00  1   !  -9.99000e+02  -99.000  -99.000  -999
OBS: 554  56334.516    21.00   0.0000e+00   1.8999e+01   1.6672e+00   0  H  0.00  1   !  -9.99000e+02  -99.000  -99.000  -999
OBS: 554  56336.516    23.00   0.0000e+00   1.9893e+01   1.4419e+00   0  H  0.00  1   !  -9.99000e+02  -99.000  -99.000  -999
OBS: 554  56338.516    25.00   0.0000e+00   2.0992e+01   1.4845e+00   0  H  0.00  1   !  -9.99000e+02  -99.000  -99.000  -999
OBS: 554  56340.516    27.00   0.0000e+00   2.2310e+01   1.7835e+00   0  H  0.00  1   !  -9.99000e+02  -99.000  -99.000  -999
OBS: 554  56342.516    29.00   0.0000e+00   2.4104e+01   2.1184e+00   0  H  0.00  1   !  -9.99000e+02  -99.000  -99.000  -999
OBS: 554  56344.516    31.00   0.0000e+00   2.5971e+01   2.3394e+00   0  H  0.00  1   !  -9.99000e+02  -99.000  -99.000  -999
OBS: 554  56346.516    33.00   0.0000e+00   2.7232e+01   2.4419e+00   0  H  0.00  1   !  -9.99000e+02  -99.000  -99.000  -999
OBS: 554  56348.516    35.00   0.0000e+00   2.8625e+01   2.5314e+00   0  H  0.00  1   !  -9.99000e+02  -99.000  -99.000  -999
OBS: 554  56350.516    37.00   0.0000e+00   3.0136e+01   2.5910e+00   0  H  0.00  1   !  -9.99000e+02  -99.000  -99.000  -999
OBS: 554  56352.516    39.00   0.0000e+00   3.1834e+01   2.7579e+00   0  H  0.00  1   !  -9.99000e+02  -99.000  -99.000  -999
OBS: 554  56354.516    41.00   0.0000e+00   3.3703e+01   3.1765e+00   0  H  0.00  1   !  -9.99000e+02  -99.000  -99.000  -999
OBS: 554  56356.516    43.00   0.0000e+00   3.5955e+01   3.7416e+00   0  H  0.00  1   !  -9.99000e+02  -99.000  -99.000  -999
OBS: 554  56358.516    45.00   0.0000e+00   3.7853e+01   4.1728e+00   0  H  0.00  1   !  -9.99000e+02  -99.000  -99.000  -999
OBS: 554  56360.516    47.00   0.0000e+00   3.8872e+01   4.4485e+00   0  H  0.00  1   !  -9.99000e+02  -99.000  -99.000  -999
OBS: 554  56362.516    49.00   0.0000e+00   3.8142e+01   4.5990e+00   0  H  0.00  1   !  -9.99000e+02  -99.000  -99.000  -999
OBS: 554  56364.516    51.00   0.0000e+00   3.6129e+01   4.6182e+00   0  H  0.00  1   !  -9.99000e+02  -99.000  -99.000  -999
OBS: 554  56366.516    53.00   0.0000e+00   3.3203e+01   4.3311e+00   0  H  0.00  1   !  -9.99000e+02  -99.000  -99.000  -999
OBS: 554  56368.516    55.00   0.0000e+00   2.9846e+01   3.8127e+00   0  H  0.00  1   !  -9.99000e+02  -99.000  -99.000  -999
OBS: 554  56370.516    57.00   0.0000e+00   2.6369e+01   3.1765e+00   0  H  0.00  1   !  -9.99000e+02  -99.000  -99.000  -999
OBS: 554  56372.516    59.00   0.0000e+00   2.3352e+01   2.6028e+00   0  H  0.00  1   !  -9.99000e+02  -99.000  -99.000  -999
OBS: 554  56374.516    61.00   0.0000e+00   2.1339e+01   2.5376e+00   0  H  0.00  1   !  -9.99000e+02  -99.000  -99.000  -999
OBS: 554  56376.516    63.00   0.0000e+00   2.0271e+01   3.5251e+00   0  H  0.00  1   !  -9.99000e+02  -99.000  -99.000  -999
OBS: 554  56378.516    65.00   0.0000e+00   1.9537e+01   5.1795e+00   0  H  0.00  1   !  -9.99000e+02  -99.000  -99.000  -999
OBS: 554  56380.516    67.00   0.0000e+00   1.8804e+01   6.7598e+00   0  H  0.00  1   !  -9.99000e+02  -99.000  -99.000  -999
OBS: 554  56382.516    69.00   0.0000e+00   1.7946e+01   1.0802e+01   0  H  0.00  1   !  -9.99000e+02  -99.000  -99.000  -999
OBS: 554  56384.516    71.00   0.0000e+00   1.6998e+01   1.0231e+01   0  H  0.00  1   !  -9.99000e+02  -99.000  -99.000  -999
OBS: 554  56386.516    73.00   0.0000e+00   1.5611e+01   9.3967e+00   0  H  0.00  1   !  -9.99000e+02  -99.000  -99.000  -999
OBS: 554  56388.516    75.00   0.0000e+00   1.4247e+01   8.5753e+00   0  H  0.00  1   !  -9.99000e+02  -99.000  -99.000  -999
OBS: 554  56390.516    77.00   0.0000e+00   1.3030e+01   7.8427e+00   0  H  0.00  1   !  -9.99000e+02  -99.000  -99.000  -999
OBS: 554  56392.516    79.00   0.0000e+00   1.1970e+01   7.2050e+00   0  H  0.00  1   !  -9.99000e+02  -99.000  -99.000  -999
OBS: 554  56394.516    81.00   0.0000e+00   1.1006e+01   6.6244e+00   0  H  0.00  1   !  -9.99000e+02  -99.000  -99.000  -999
OBS: 554  56396.516    83.00   0.0000e+00   9.4415e+00   5.6829e+00   0  H  0.00  1   !  -9.99000e+02  -99.000  -99.000  -999
OBS: 554  56398.516    85.00   0.0000e+00   8.2017e+00   4.9367e+00   0  H  0.00  1   !  -9.99000e+02  -99.000  -99.000  -999
OBS: 554  56400.516    87.00   0.0000e+00   7.2955e+00   4.3912e+00   0  H  0.00  1   !  -9.99000e+02  -99.000  -99.000  -999
OBS: 554  56402.516    89.00   0.0000e+00   6.6850e+00   4.0238e+00   0  H  0.00  1   !  -9.99000e+02  -99.000  -99.000  -999
OBS: 554  56404.516    91.00   0.0000e+00   6.1600e+00   3.7078e+00   0  H  0.00  1   !  -9.99000e+02  -99.000  -99.000  -999
OBS: 554  56406.516    93.00   0.0000e+00   5.6990e+00   3.4303e+00   0  H  0.00  1   !  -9.99000e+02  -99.000  -99.000  -999
OBS: 554  56408.516    95.00   0.0000e+00   5.2603e+00   3.1662e+00   0  H  0.00  1   !  -9.99000e+02  -99.000  -99.000  -999
OBS: 554  56410.516    97.00   0.0000e+00   4.8040e+00   2.8916e+00   0  H  0.00  1   !  -9.99000e+02  -99.000  -99.000  -999
OBS: 554  56412.516    99.00   0.0000e+00   4.3028e+00   2.5899e+00   0  H  0.00  1   !  -9.99000e+02  -99.000  -99.000  -999
OBS: 554  56414.516   101.00   0.0000e+00   4.0066e+00   2.4116e+00   0  H  0.00  1   !  -9.99000e+02  -99.000  -99.000  -999
OBS: 554  56416.516   103.00   0.0000e+00   3.8344e+00   2.3079e+00   0  H  0.00  1   !  -9.99000e+02  -99.000  -99.000  -999
OBS: 554  56418.516   105.00   0.0000e+00   3.6723e+00   2.2104e+00   0  H  0.00  1   !  -9.99000e+02  -99.000  -99.000  -999
OBS: 554  56420.516   107.00   0.0000e+00   3.5209e+00   2.1193e+00   0  H  0.00  1   !  -9.99000e+02  -99.000  -99.000  -999
OBS: 554  56422.516   109.00   0.0000e+00   3.3784e+00   2.0335e+00   0  H  0.00  1   !  -9.99000e+02  -99.000  -99.000  -999
OBS: 554  56424.516   111.00   0.0000e+00   3.2403e+00   1.9504e+00   0  H  0.00  1   !  -9.99000e+02  -99.000  -99.000  -999
OBS: 554  56426.516   113.00   0.0000e+00   3.1048e+00   1.8688e+00   0  H  0.00  1   !  -9.99000e+02  -99.000  -99.000  -999
OBS: 554  56428.516   115.00   0.0000e+00   2.9780e+00   1.7925e+00   0  H  0.00  1   !  -9.99000e+02  -99.000  -99.000  -999
OBS: 554  56430.516   117.00   0.0000e+00   2.8833e+00   1.7355e+00   0  H  0.00  1   !  -9.99000e+02  -99.000  -99.000  -999
OBS: 554  56432.516   119.00   0.0000e+00   2.7917e+00   1.6804e+00   0  H  0.00  1   !  -9.99000e+02  -99.000  -99.000  -999
OBS: 554  56434.516   121.00   0.0000e+00   2.7030e+00   1.6269e+00   0  H  0.00  1   !  -9.99000e+02  -99.000  -99.000  -999
OBS: 554  56436.516   123.00   0.0000e+00   2.6170e+00   1.5752e+00   0  H  0.00  1   !  -9.99000e+02  -99.000  -99.000  -999
OBS: 554  56438.516   125.00   0.0000e+00   2.5339e+00   1.5252e+00   0  H  0.00  1   !  -9.99000e+02  -99.000  -99.000  -999
OBS: 554  56440.516   127.00   0.0000e+00   2.4533e+00   1.4767e+00   0  H  0.00  1   !  -9.99000e+02  -99.000  -99.000  -999
OBS: 554  56442.516   129.00   0.0000e+00   2.3753e+00   1.4297e+00   0  H  0.00  1   !  -9.99000e+02  -99.000  -99.000  -999
OBS: 554  56444.516   131.00   0.0000e+00   2.2998e+00   1.3843e+00   0  H  0.00  1   !  -9.99000e+02  -99.000  -99.000  -999
OBS: 554  56446.516   133.00   0.0000e+00   2.2267e+00   1.3403e+00   0  H  0.00  1   !  -9.99000e+02  -99.000  -99.000  -999
OBS: 554  56448.516   135.00   0.0000e+00   2.1560e+00   1.2977e+00   0  H  0.00  1   !  -9.99000e+02  -99.000  -99.000  -999
OBS: 554  56450.516   137.00   0.0000e+00   2.0874e+00   1.2564e+00   0  H  0.00  1   !  -9.99000e+02  -99.000  -99.000  -999
OBS: 554  56452.516   139.00   0.0000e+00   2.0211e+00   1.2165e+00   0  H  0.00  1   !  -9.99000e+02  -99.000  -99.000  -999
