VARNAMES: CID MJD Tobs SIM_FLUXCAL FLUXCAL FLUXCAL_ERR DATAFLAG BAND CHI2 IFIT BAND_REST FLUX_REST KCOR AVWARP SIM_FLUX_REST 
OBS: 5428  56266.715    15.31   4.0728e+01   4.0366e+01   4.7374e-01   1  J  0.20  1   i  1.50640e+18  -0.222  -1.784  1.00000e+11
OBS: 5428  56272.055    20.64   4.0592e+01   4.0862e+01   4.7578e-01   1  J  0.00  1   i  1.27899e+18  -0.413  -1.235  1.00000e+11
OBS: 5428  56282.465    31.05   4.6378e+01   4.6699e+01   5.1234e-01   1  J  0.01  1   i  1.38725e+18  -0.469  -1.022  1.00000e+11
OBS: 5428  56192.410   -59.00   0.0000e+00   0.0000e+00   0.0000e+00   0  J  0.00  1   !  -9.99000e+02  -99.000  -99.000  -999
OBS: 5428  56194.410   -57.00   0.0000e+00   0.0000e+00   0.0000e+00   0  J  0.00  1   !  -9.99000e+02  -99.000  -99.000  -999
OBS: 5428  56196.410   -55.00   0.0000e+00   0.0000e+00   0.0000e+00   0  J  0.00  1   !  -9.99000e+02  -99.000  -99.000  -999
OBS: 5428  56198.410   -53.00   0.0000e+00   0.0000e+00   0.0000e+00   0  J  0.00  1   !  -9.99000e+02  -99.000  -99.000  -999
OBS: 5428  56200.410   -51.00   0.0000e+00   0.0000e+00   0.0000e+00   0  J  0.00  1   !  -9.99000e+02  -99.000  -99.000  -999
OBS: 5428  56202.410   -49.00   0.0000e+00   0.0000e+00   0.0000e+00   0  J  0.00  1   !  -9.99000e+02  -99.000  -99.000  -999
OBS: 5428  56204.410   -47.00   0.0000e+00   0.0000e+00   0.0000e+00   0  J  0.00  1   !  -9.99000e+02  -99.000  -99.000  -999
OBS: 5428  56206.410   -45.00   0.0000e+00   0.0000e+00   0.0000e+00   0  J  0.00  1   !  -9.99000e+02  -99.000  -99.000  -999
OBS: 5428  56208.410   -43.00   0.0000e+00   0.0000e+00   0.0000e+00   0  J  0.00  1   !  -9.99000e+02  -99.000  -99.000  -999
OBS: 5428  56210.410   -41.00   0.0000e+00   0.0000e+00   0.0000e+00   0  J  0.00  1   !  -9.99000e+02  -99.000  -99.000  -999
OBS: 5428  56212.410   -39.00   0.0000e+00   0.0000e+00   0.0000e+00   0  J  0.00  1   !  -9.99000e+02  -99.000  -99.000  -999
OBS: 5428  56214.410   -37.00   0.0000e+00   0.0000e+00   0.0000e+00   0  J  0.00  1   !  -9.99000e+02  -99.000  -99.000  -999
OBS: 5428  56216.410   -35.00   0.0000e+00   0.0000e+00   0.0000e+00   0  J  0.00  1   !  -9.99000e+02  -99.000  -99.000  -999
OBS: 5428  56218.410   -33.00   0.0000e+00   0.0000e+00   0.0000e+00   0  J  0.00  1   !  -9.99000e+02  -99.000  -99.000  -999
OBS: 5428  56220.410   -31.00   0.0000e+00   0.0000e+00   0.0000e+00   0  J  0.00  1   !  -9.99000e+02  -99.000  -99.000  -999
OBS: 5428  56222.410   -29.00   0.0000e+00   0.0000e+00   0.0000e+00   0  J  0.00  1   !  -9.99000e+02  -99.000  -99.000  -999
OBS: 5428  56224.410   -27.00   0.0000e+00   5.9548e+00   3.5843e+00   0  J  0.00  1   !  -9.99000e+02  -99.000  -99.000  -999
OBS: 5428  56226.410   -25.00   0.0000e+00   8.1021e+00   4.8768e+00   0  J  0.00  1   !  -9.99000e+02  -99.000  -99.000  -999
OBS: 5428  56228.410   -23.00   0.0000e+00   8.1006e+00   4.8758e+00   0  J  0.00  1   !  -9.99000e+02  -99.000  -99.000  -999
OBS: 5428  56230.410   -21.00   0.0000e+00   8.6268e+00   5.1926e+00   0  J  0.00  1   !  -9.99000e+02  -99.000  -99.000  -999
OBS: 5428  56232.410   -19.00   0.0000e+00   1.7544e+01   7.2106e+00   0  J  0.00  1   !  -9.99000e+02  -99.000  -99.000  -999
OBS: 5428  56234.410   -17.00   0.0000e+00   2.7298e+01   2.5355e+00   0  J  0.00  1   !  -9.99000e+02  -99.000  -99.000  -999
OBS: 5428  56236.410   -15.00   0.0000e+00   3.6520e+01   1.6714e+00   0  J  0.00  1   !  -9.99000e+02  -99.000  -99.000  -999
OBS: 5428  56238.410   -13.00   0.0000e+00   4.4786e+01   1.2550e+00   0  J  0.00  1   !  -9.99000e+02  -99.000  -99.000  -999
OBS: 5428  56240.410   -11.00   0.0000e+00   5.2324e+01   1.0749e+00   0  J  0.00  1   !  -9.99000e+02  -99.000  -99.000  -999
OBS: 5428  56242.410    -9.00   0.0000e+00   5.8565e+01   9.9829e-01   0  J  0.00  1   !  -9.99000e+02  -99.000  -99.000  -999
OBS: 5428  56244.410    -7.00   0.0000e+00   6.3358e+01   9.9607e-01   0  J  0.00  1   !  -9.99000e+02  -99.000  -99.000  -999
OBS: 5428  56246.410    -5.00   0.0000e+00   6.5704e+01   1.0329e+00   0  J  0.00  1   !  -9.99000e+02  -99.000  -99.000  -999
OBS: 5428  56248.410    -3.00   0.0000e+00   6.5198e+01   1.0250e+00   0  J  0.00  1   !  -9.99000e+02  -99.000  -99.000  -999
OBS: 5428  56250.410    -1.00   0.0000e+00   6.2614e+01   1.0311e+00   0  J  0.00  1   !  -9.99000e+02  -99.000  -99.000  -999
OBS: 5428  56252.410     1.00   0.0000e+00   5.9163e+01   1.0061e+00   0  J  0.00  1   !  -9.99000e+02  -99.000  -99.000  -999
OBS: 5428  56254.410     3.00   0.0000e+00   5.5665e+01   9.6818e-01   0  J  0.00  1   !  -9.99000e+02  -99.000  -99.000  -999
OBS: 5428  56256.410     5.00   0.0000e+00   5.2435e+01   9.6629e-01   0  J  0.00  1   !  -9.99000e+02  -99.000  -99.000  -999
OBS: 5428  56258.410     7.00   0.0000e+00   4.9810e+01   9.7387e-01   0  J  0.00  1   !  -9.99000e+02  -99.000  -99.000  -999
OBS: 5428  56260.410     9.00   0.0000e+00   4.6909e+01   9.7065e-01   0  J  0.00  1   !  -9.99000e+02  -99.000  -99.000  -999
OBS: 5428  56262.410    11.00   0.0000e+00   4.4143e+01   9.6442e-01   0  J  0.00  1   !  -9.99000e+02  -99.000  -99.000  -999
OBS: 5428  56264.410    13.00   0.0000e+00   4.2154e+01   9.7771e-01   0  J  0.00  1   !  -9.99000e+02  -99.000  -99.000  -999
OBS: 5428  56266.410    15.00   0.0000e+00   4.1012e+01   1.0482e+00   0  J  0.00  1   !  -9.99000e+02  -99.000  -99.000  -999
OBS: 5428  56268.410    17.00   0.0000e+00   4.0369e+01   1.1264e+00   0  J  0.00  1   !  -9.99000e+02  -99.000  -99.000  -999
OBS: 5428  56270.410    19.00   0.0000e+00   4.0187e+01   1.1697e+00   0  J  0.00  1   !  -9.99000e+02  -99.000  -99.000  -999
OBS: 5428  56272.410    21.00   0.0000e+00   4.0999e+01   1.2428e+00   0  J  0.00  1   !  -9.99000e+02  -99.000  -99.000  -999
OBS: 5428  56274.410    23.00   0.0000e+00   4.2683e+01   1.2979e+00   0  J  0.00  1   !  -9.99000e+02  -99.000  -99.000  -999
OBS: 5428  56276.410    25.00   0.0000e+00   4.4295e+01   1.3195e+00   0  J  0.00  1   !  -9.99000e+02  -99.000  -99.000  -999
OBS: 5428  56278.410    27.00   0.0000e+00   4.5865e+01   1.3500e+00   0  J  0.00  1   !  -9.99000e+02  -99.000  -99.000  -999
OBS: 5428  56280.410    29.00   0.0000e+00   4.6477e+01   1.3120e+00   0  J  0.00  1   !  -9.99000e+02  -99.000  -99.000  -999
OBS: 5428  56282.410    31.00   0.0000e+00   4.6572e+01   1.2974e+00   0  J  0.00  1   !  -9.99000e+02  -99.000  -99.000  -999
OBS: 5428  56284.410    33.00   0.0000e+00   4.7677e+01   1.3282e+00   0  J  0.00  1   !  -9.99000e+02  -99.000  -99.000  -999
OBS: 5428  56286.410    35.00   0.0000e+00   5.0026e+01   1.4282e+00   0  J  0.00  1   !  -9.99000e+02  -99.000  -99.000  -999
OBS: 5428  56288.410    37.00   0.0000e+00   5.2388e+01   1.5038e+00   0  J  0.00  1   !  -9.99000e+02  -99.000  -99.000  -999
OBS: 5428  56290.410    39.00   0.0000e+00   5.3414e+01   1.5038e+00   0  J  0.00  1   !  -9.99000e+02  -99.000  -99.000  -999
OBS: 5428  56292.410    41.00   0.0000e+00   5.2900e+01   1.4362e+00   0  J  0.00  1   !  -9.99000e+02  -99.000  -99.000  -999
OBS: 5428  56294.410    43.00   0.0000e+00   5.1086e+01   1.4443e+00   0  J  0.00  1   !  -9.99000e+02  -99.000  -99.000  -999
OBS: 5428  56296.410    45.00   0.0000e+00   4.8964e+01   1.4470e+00   0  J  0.00  1   !  -9.99000e+02  -99.000  -99.000  -999
OBS: 5428  56298.410    47.00   0.0000e+00   4.6431e+01   1.4655e+00   0  J  0.00  1   !  -9.99000e+02  -99.000  -99.000  -999
OBS: 5428  56300.410    49.00   0.0000e+00   4.3524e+01   1.4540e+00   0  J  0.00  1   !  -9.99000e+02  -99.000  -99.000  -999
OBS: 5428  56302.410    51.00   0.0000e+00   4.1086e+01   1.4666e+00   0  J  0.00  1   !  -9.99000e+02  -99.000  -99.000  -999
OBS: 5428  56304.410    53.00   0.0000e+00   3.8609e+01   1.4453e+00   0  J  0.00  1   !  -9.99000e+02  -99.000  -99.000  -999
OBS: 5428  56306.410    55.00   0.0000e+00   3.5800e+01   1.4877e+00   0  J  0.00  1   !  -9.99000e+02  -99.000  -99.000  -999
OBS: 5428  56308.410    57.00   0.0000e+00   3.2895e+01   1.5690e+00   0  J  0.00  1   !  -9.99000e+02  -99.000  -99.000  -999
OBS: 5428  56310.410    59.00   0.0000e+00   3.0160e+01   1.6219e+00   0  J  0.00  1   !  -9.99000e+02  -99.000  -99.000  -999
OBS: 5428  56312.410    61.00   0.0000e+00   2.7721e+01   1.5419e+00   0  J  0.00  1   !  -9.99000e+02  -99.000  -99.000  -999
OBS: 5428  56314.410    63.00   0.0000e+00   2.5592e+01   1.4530e+00   0  J  0.00  1   !  -9.99000e+02  -99.000  -99.000  -999
OBS: 5428  56316.410    65.00   0.0000e+00   2.3691e+01   1.3756e+00   0  J  0.00  1   !  -9.99000e+02  -99.000  -99.000  -999
OBS: 5428  56318.410    67.00   0.0000e+00   2.1933e+01   1.3363e+00   0  J  0.00  1   !  -9.99000e+02  -99.000  -99.000  -999
OBS: 5428  56320.410    69.00   0.0000e+00   2.0195e+01   1.3197e+00   0  J  0.00  1   !  -9.99000e+02  -99.000  -99.000  -999
OBS: 5428  56322.410    71.00   0.0000e+00   1.8384e+01   1.3158e+00   0  J  0.00  1   !  -9.99000e+02  -99.000  -99.000  -999
OBS: 5428  56324.410    73.00   0.0000e+00   1.6595e+01   1.2967e+00   0  J  0.00  1   !  -9.99000e+02  -99.000  -99.000  -999
OBS: 5428  56326.410    75.00   0.0000e+00   1.5030e+01   1.2451e+00   0  J  0.00  1   !  -9.99000e+02  -99.000  -99.000  -999
OBS: 5428  56328.410    77.00   0.0000e+00   1.4083e+01   1.1938e+00   0  J  0.00  1   !  -9.99000e+02  -99.000  -99.000  -999
OBS: 5428  56330.410    79.00   0.0000e+00   1.3191e+01   1.1335e+00   0  J  0.00  1   !  -9.99000e+02  -99.000  -99.000  -999
OBS: 5428  56332.410    81.00   0.0000e+00   1.2396e+01   1.1454e+00   0  J  0.00  1   !  -9.99000e+02  -99.000  -99.000  -999
OBS: 5428  56334.410    83.00   0.0000e+00   1.1719e+01   1.2661e+00   0  J  0.00  1   !  -9.99000e+02  -99.000  -99.000  -999
OBS: 5428  56336.410    85.00   0.0000e+00   1.1015e+01   1.4011e+00   0  J  0.00  1   !  -9.99000e+02  -99.000  -99.000  -999
OBS: 5428  56338.410    87.00   0.0000e+00   9.7501e+00   1.3837e+00   0  J  0.00  1   !  -9.99000e+02  -99.000  -99.000  -999
OBS: 5428  56340.410    89.00   0.0000e+00   8.6402e+00   1.1920e+00   0  J  0.00  1   !  -9.99000e+02  -99.000  -99.000  -999
OBS: 5428  56342.410    91.00   0.0000e+00   7.7257e+00   1.0544e+00   0  J  0.00  1   !  -9.99000e+02  -99.000  -99.000  -999
OBS: 5428  56344.410    93.00   0.0000e+00   6.9603e+00   1.3109e+00   0  J  0.00  1   !  -9.99000e+02  -99.000  -99.000  -999
OBS: 5428  56346.410    95.00   0.0000e+00   6.3235e+00   3.8062e+00   0  J  0.00  1   !  -9.99000e+02  -99.000  -99.000  -999
OBS: 5428  56348.410    97.00   0.0000e+00   5.7923e+00   3.4864e+00   0  J  0.00  1   !  -9.99000e+02  -99.000  -99.000  -999
OBS: 5428  56350.410    99.00   0.0000e+00   5.3418e+00   3.2153e+00   0  J  0.00  1   !  -9.99000e+02  -99.000  -99.000  -999
OBS: 5428  56352.410   101.00   0.0000e+00   4.9439e+00   2.9758e+00   0  J  0.00  1   !  -9.99000e+02  -99.000  -99.000  -999
OBS: 5428  56354.410   103.00   0.0000e+00   4.5906e+00   2.7631e+00   0  J  0.00  1   !  -9.99000e+02  -99.000  -99.000  -999
OBS: 5428  56356.410   105.00   0.0000e+00   4.2513e+00   2.5589e+00   0  J  0.00  1   !  -9.99000e+02  -99.000  -99.000  -999
OBS: 5428  56358.410   107.00   0.0000e+00   3.9025e+00   2.3490e+00   0  J  0.00  1   !  -9.99000e+02  -99.000  -99.000  -999
OBS: 5428  56360.410   109.00   0.0000e+00   3.5832e+00   2.1568e+00   0  J  0.00  1   !  -9.99000e+02  -99.000  -99.000  -999
OBS: 5428  56362.410   111.00   0.0000e+00   3.2940e+00   1.9827e+00   0  J  0.00  1   !  -9.99000e+02  -99.000  -99.000  -999
OBS: 5428  56364.410   113.00   0.0000e+00   3.0297e+00   1.8236e+00   0  J  0.00  1   !  -9.99000e+02  -99.000  -99.000  -999
OBS: 5428  56366.410   115.00   0.0000e+00   2.7898e+00   1.6792e+00   0  J  0.00  1   !  -9.99000e+02  -99.000  -99.000  -999
OBS: 5428  56368.410   117.00   0.0000e+00   2.5726e+00   1.5485e+00   0  J  0.00  1   !  -9.99000e+02  -99.000  -99.000  -999
OBS: 5428  56370.410   119.00   0.0000e+00   2.3755e+00   1.4298e+00   0  J  0.00  1   !  -9.99000e+02  -99.000  -99.000  -999
OBS: 5428  56372.410   121.00   0.0000e+00   2.2108e+00   1.3307e+00   0  J  0.00  1   !  -9.99000e+02  -99.000  -99.000  -999
OBS: 5428  56374.410   123.00   0.0000e+00   2.0668e+00   1.2440e+00   0  J  0.00  1   !  -9.99000e+02  -99.000  -99.000  -999
OBS: 5428  56376.410   125.00   0.0000e+00   1.9324e+00   1.1631e+00   0  J  0.00  1   !  -9.99000e+02  -99.000  -99.000  -999
OBS: 5428  56378.410   127.00   0.0000e+00   1.8069e+00   1.0876e+00   0  J  0.00  1   !  -9.99000e+02  -99.000  -99.000  -999
OBS: 5428  56380.410   129.00   0.0000e+00   1.6896e+00   1.0170e+00   0  J  0.00  1   !  -9.99000e+02  -99.000  -99.000  -999
OBS: 5428  56382.410   131.00   0.0000e+00   1.5801e+00   9.5108e-01   0  J  0.00  1   !  -9.99000e+02  -99.000  -99.000  -999
OBS: 5428  56384.410   133.00   0.0000e+00   1.4773e+00   8.8920e-01   0  J  0.00  1   !  -9.99000e+02  -99.000  -99.000  -999
OBS: 5428  56386.410   135.00   0.0000e+00   1.3814e+00   8.3151e-01   0  J  0.00  1   !  -9.99000e+02  -99.000  -99.000  -999
OBS: 5428  56388.410   137.00   0.0000e+00   1.2923e+00   7.7784e-01   0  J  0.00  1   !  -9.99000e+02  -99.000  -99.000  -999
OBS: 5428  56390.410   139.00   0.0000e+00   1.2090e+00   7.2770e-01   0  J  0.00  1   !  -9.99000e+02  -99.000  -99.000  -999
OBS: 5428  56266.719    15.31   1.7432e+01   1.7529e+01   3.6346e-01   1  H  0.07  1   Y  1.19862e+18  0.436  1.362  1.00000e+11
OBS: 5428  56272.059    20.65   1.8121e+01   1.7958e+01   3.6750e-01   1  H  0.00  1   Y  1.27902e+18  0.480  1.665  1.00000e+11
OBS: 5428  56282.469    31.06   2.4377e+01   2.4497e+01   4.2164e-01   1  H  0.10  1   Y  1.77364e+18  0.498  1.454  1.00000e+11
OBS: 5428  56192.410   -59.00   0.0000e+00   0.0000e+00   0.0000e+00   0  H  0.00  1   !  -9.99000e+02  -99.000  -99.000  -999
OBS: 5428  56194.410   -57.00   0.0000e+00   0.0000e+00   0.0000e+00   0  H  0.00  1   !  -9.99000e+02  -99.000  -99.000  -999
OBS: 5428  56196.410   -55.00   0.0000e+00   0.0000e+00   0.0000e+00   0  H  0.00  1   !  -9.99000e+02  -99.000  -99.000  -999
OBS: 5428  56198.410   -53.00   0.0000e+00   0.0000e+00   0.0000e+00   0  H  0.00  1   !  -9.99000e+02  -99.000  -99.000  -999
OBS: 5428  56200.410   -51.00   0.0000e+00   0.0000e+00   0.0000e+00   0  H  0.00  1   !  -9.99000e+02  -99.000  -99.000  -999
OBS: 5428  56202.410   -49.00   0.0000e+00   0.0000e+00   0.0000e+00   0  H  0.00  1   !  -9.99000e+02  -99.000  -99.000  -999
OBS: 5428  56204.410   -47.00   0.0000e+00   0.0000e+00   0.0000e+00   0  H  0.00  1   !  -9.99000e+02  -99.000  -99.000  -999
OBS: 5428  56206.410   -45.00   0.0000e+00   0.0000e+00   0.0000e+00   0  H  0.00  1   !  -9.99000e+02  -99.000  -99.000  -999
OBS: 5428  56208.410   -43.00   0.0000e+00   0.0000e+00   0.0000e+00   0  H  0.00  1   !  -9.99000e+02  -99.000  -99.000  -999
OBS: 5428  56210.410   -41.00   0.0000e+00   0.0000e+00   0.0000e+00   0  H  0.00  1   !  -9.99000e+02  -99.000  -99.000  -999
OBS: 5428  56212.410   -39.00   0.0000e+00   0.0000e+00   0.0000e+00   0  H  0.00  1   !  -9.99000e+02  -99.000  -99.000  -999
OBS: 5428  56214.410   -37.00   0.0000e+00   0.0000e+00   0.0000e+00   0  H  0.00  1   !  -9.99000e+02  -99.000  -99.000  -999
OBS: 5428  56216.410   -35.00   0.0000e+00   0.0000e+00   0.0000e+00   0  H  0.00  1   !  -9.99000e+02  -99.000  -99.000  -999
OBS: 5428  56218.410   -33.00   0.0000e+00   0.0000e+00   0.0000e+00   0  H  0.00  1   !  -9.99000e+02  -99.000  -99.000  -999
OBS: 5428  56220.410   -31.00   0.0000e+00   0.0000e+00   0.0000e+00   0  H  0.00  1   !  -9.99000e+02  -99.000  -99.000  -999
OBS: 5428  56222.410   -29.00   0.0000e+00   0.0000e+00   0.0000e+00   0  H  0.00  1   !  -9.99000e+02  -99.000  -99.000  -999
OBS: 5428  56224.410   -27.00   0.0000e+00   8.2076e+00   4.9403e+00   0  H  0.00  1   !  -9.99000e+02  -99.000  -99.000  -999
OBS: 5428  56226.410   -25.00   0.0000e+00   9.7647e+00   5.8775e+00   0  H  0.00  1   !  -9.99000e+02  -99.000  -99.000  -999
OBS: 5428  56228.410   -23.00   0.0000e+00   9.7783e+00   5.8857e+00   0  H  0.00  1   !  -9.99000e+02  -99.000  -99.000  -999
OBS: 5428  56230.410   -21.00   0.0000e+00   1.0205e+01   5.8168e+00   0  H  0.00  1   !  -9.99000e+02  -99.000  -99.000  -999
OBS: 5428  56232.410   -19.00   0.0000e+00   1.6731e+01   2.6192e+00   0  H  0.00  1   !  -9.99000e+02  -99.000  -99.000  -999
OBS: 5428  56234.410   -17.00   0.0000e+00   2.3904e+01   1.8456e+00   0  H  0.00  1   !  -9.99000e+02  -99.000  -99.000  -999
OBS: 5428  56236.410   -15.00   0.0000e+00   3.0540e+01   1.6470e+00   0  H  0.00  1   !  -9.99000e+02  -99.000  -99.000  -999
OBS: 5428  56238.410   -13.00   0.0000e+00   3.6147e+01   1.5568e+00   0  H  0.00  1   !  -9.99000e+02  -99.000  -99.000  -999
OBS: 5428  56240.410   -11.00   0.0000e+00   4.0198e+01   1.3803e+00   0  H  0.00  1   !  -9.99000e+02  -99.000  -99.000  -999
OBS: 5428  56242.410    -9.00   0.0000e+00   4.2620e+01   1.1501e+00   0  H  0.00  1   !  -9.99000e+02  -99.000  -99.000  -999
OBS: 5428  56244.410    -7.00   0.0000e+00   4.3734e+01   1.0762e+00   0  H  0.00  1   !  -9.99000e+02  -99.000  -99.000  -999
OBS: 5428  56246.410    -5.00   0.0000e+00   4.3006e+01   1.1406e+00   0  H  0.00  1   !  -9.99000e+02  -99.000  -99.000  -999
OBS: 5428  56248.410    -3.00   0.0000e+00   4.1031e+01   1.2038e+00   0  H  0.00  1   !  -9.99000e+02  -99.000  -99.000  -999
OBS: 5428  56250.410    -1.00   0.0000e+00   3.8223e+01   1.1750e+00   0  H  0.00  1   !  -9.99000e+02  -99.000  -99.000  -999
OBS: 5428  56252.410     1.00   0.0000e+00   3.4601e+01   1.1244e+00   0  H  0.00  1   !  -9.99000e+02  -99.000  -99.000  -999
OBS: 5428  56254.410     3.00   0.0000e+00   3.0764e+01   1.0771e+00   0  H  0.00  1   !  -9.99000e+02  -99.000  -99.000  -999
OBS: 5428  56256.410     5.00   0.0000e+00   2.7260e+01   1.0554e+00   0  H  0.00  1   !  -9.99000e+02  -99.000  -99.000  -999
OBS: 5428  56258.410     7.00   0.0000e+00   2.4534e+01   1.0611e+00   0  H  0.00  1   !  -9.99000e+02  -99.000  -99.000  -999
OBS: 5428  56260.410     9.00   0.0000e+00   2.2026e+01   1.0603e+00   0  H  0.00  1   !  -9.99000e+02  -99.000  -99.000  -999
OBS: 5428  56262.410    11.00   0.0000e+00   1.9876e+01   1.0538e+00   0  H  0.00  1   !  -9.99000e+02  -99.000  -99.000  -999
OBS: 5428  56264.410    13.00   0.0000e+00   1.8300e+01   1.0479e+00   0  H  0.00  1   !  -9.99000e+02  -99.000  -99.000  -999
OBS: 5428  56266.410    15.00   0.0000e+00   1.7357e+01   1.0162e+00   0  H  0.00  1   !  -9.99000e+02  -99.000  -99.000  -999
OBS: 5428  56268.410    17.00   0.0000e+00   1.7059e+01   9.8790e-01   0  H  0.00  1   !  -9.99000e+02  -99.000  -99.000  -999
OBS: 5428  56270.410    19.00   0.0000e+00   1.7409e+01   9.6578e-01   0  H  0.00  1   !  -9.99000e+02  -99.000  -99.000  -999
OBS: 5428  56272.410    21.00   0.0000e+00   1.8034e+01   9.4278e-01   0  H  0.00  1   !  -9.99000e+02  -99.000  -99.000  -999
OBS: 5428  56274.410    23.00   0.0000e+00   1.8839e+01   9.5328e-01   0  H  0.00  1   !  -9.99000e+02  -99.000  -99.000  -999
OBS: 5428  56276.410    25.00   0.0000e+00   1.9801e+01   9.6598e-01   0  H  0.00  1   !  -9.99000e+02  -99.000  -99.000  -999
OBS: 5428  56278.410    27.00   0.0000e+00   2.0886e+01   1.0125e+00   0  H  0.00  1   !  -9.99000e+02  -99.000  -99.000  -999
OBS: 5428  56280.410    29.00   0.0000e+00   2.2307e+01   1.0819e+00   0  H  0.00  1   !  -9.99000e+02  -99.000  -99.000  -999
OBS: 5428  56282.410    31.00   0.0000e+00   2.4059e+01   1.1457e+00   0  H  0.00  1   !  -9.99000e+02  -99.000  -99.000  -999
OBS: 5428  56284.410    33.00   0.0000e+00   2.6077e+01   1.1382e+00   0  H  0.00  1   !  -9.99000e+02  -99.000  -99.000  -999
OBS: 5428  56286.410    35.00   0.0000e+00   2.8215e+01   1.0936e+00   0  H  0.00  1   !  -9.99000e+02  -99.000  -99.000  -999
OBS: 5428  56288.410    37.00   0.0000e+00   3.0621e+01   1.0761e+00   0  H  0.00  1   !  -9.99000e+02  -99.000  -99.000  -999
OBS: 5428  56290.410    39.00   0.0000e+00   3.3082e+01   1.1006e+00   0  H  0.00  1   !  -9.99000e+02  -99.000  -99.000  -999
OBS: 5428  56292.410    41.00   0.0000e+00   3.5312e+01   1.1321e+00   0  H  0.00  1   !  -9.99000e+02  -99.000  -99.000  -999
OBS: 5428  56294.410    43.00   0.0000e+00   3.7032e+01   1.1592e+00   0  H  0.00  1   !  -9.99000e+02  -99.000  -99.000  -999
OBS: 5428  56296.410    45.00   0.0000e+00   3.8477e+01   1.2028e+00   0  H  0.00  1   !  -9.99000e+02  -99.000  -99.000  -999
OBS: 5428  56298.410    47.00   0.0000e+00   3.9450e+01   1.2018e+00   0  H  0.00  1   !  -9.99000e+02  -99.000  -99.000  -999
OBS: 5428  56300.410    49.00   0.0000e+00   3.9726e+01   1.1854e+00   0  H  0.00  1   !  -9.99000e+02  -99.000  -99.000  -999
OBS: 5428  56302.410    51.00   0.0000e+00   3.9026e+01   1.1615e+00   0  H  0.00  1   !  -9.99000e+02  -99.000  -99.000  -999
OBS: 5428  56304.410    53.00   0.0000e+00   3.7312e+01   1.1548e+00   0  H  0.00  1   !  -9.99000e+02  -99.000  -99.000  -999
OBS: 5428  56306.410    55.00   0.0000e+00   3.4897e+01   1.1801e+00   0  H  0.00  1   !  -9.99000e+02  -99.000  -99.000  -999
OBS: 5428  56308.410    57.00   0.0000e+00   3.2068e+01   1.2017e+00   0  H  0.00  1   !  -9.99000e+02  -99.000  -99.000  -999
OBS: 5428  56310.410    59.00   0.0000e+00   2.9398e+01   1.1882e+00   0  H  0.00  1   !  -9.99000e+02  -99.000  -99.000  -999
OBS: 5428  56312.410    61.00   0.0000e+00   2.7318e+01   1.1003e+00   0  H  0.00  1   !  -9.99000e+02  -99.000  -99.000  -999
OBS: 5428  56314.410    63.00   0.0000e+00   2.5797e+01   9.9233e-01   0  H  0.00  1   !  -9.99000e+02  -99.000  -99.000  -999
OBS: 5428  56316.410    65.00   0.0000e+00   2.4483e+01   9.5829e-01   0  H  0.00  1   !  -9.99000e+02  -99.000  -99.000  -999
OBS: 5428  56318.410    67.00   0.0000e+00   2.3066e+01   9.8003e-01   0  H  0.00  1   !  -9.99000e+02  -99.000  -99.000  -999
OBS: 5428  56320.410    69.00   0.0000e+00   2.1491e+01   1.0173e+00   0  H  0.00  1   !  -9.99000e+02  -99.000  -99.000  -999
OBS: 5428  56322.410    71.00   0.0000e+00   1.9784e+01   5.8183e+00   0  H  0.00  1   !  -9.99000e+02  -99.000  -99.000  -999
OBS: 5428  56324.410    73.00   0.0000e+00   1.8096e+01   1.0892e+01   0  H  0.00  1   !  -9.99000e+02  -99.000  -99.000  -999
OBS: 5428  56326.410    75.00   0.0000e+00   1.6502e+01   9.9330e+00   0  H  0.00  1   !  -9.99000e+02  -99.000  -99.000  -999
OBS: 5428  56328.410    77.00   0.0000e+00   1.4921e+01   8.9812e+00   0  H  0.00  1   !  -9.99000e+02  -99.000  -99.000  -999
OBS: 5428  56330.410    79.00   0.0000e+00   1.3543e+01   8.1518e+00   0  H  0.00  1   !  -9.99000e+02  -99.000  -99.000  -999
OBS: 5428  56332.410    81.00   0.0000e+00   1.2392e+01   7.4586e+00   0  H  0.00  1   !  -9.99000e+02  -99.000  -99.000  -999
OBS: 5428  56334.410    83.00   0.0000e+00   1.1452e+01   6.8930e+00   0  H  0.00  1   !  -9.99000e+02  -99.000  -99.000  -999
OBS: 5428  56336.410    85.00   0.0000e+00   1.0532e+01   6.3392e+00   0  H  0.00  1   !  -9.99000e+02  -99.000  -99.000  -999
OBS: 5428  56338.410    87.00   0.0000e+00   9.0836e+00   5.4675e+00   0  H  0.00  1   !  -9.99000e+02  -99.000  -99.000  -999
OBS: 5428  56340.410    89.00   0.0000e+00   7.9388e+00   4.7785e+00   0  H  0.00  1   !  -9.99000e+02  -99.000  -99.000  -999
OBS: 5428  56342.410    91.00   0.0000e+00   7.0152e+00   4.2225e+00   0  H  0.00  1   !  -9.99000e+02  -99.000  -99.000  -999
OBS: 5428  56344.410    93.00   0.0000e+00   6.2412e+00   3.7567e+00   0  H  0.00  1   !  -9.99000e+02  -99.000  -99.000  -999
OBS: 5428  56346.410    95.00   0.0000e+00   5.5911e+00   3.3654e+00   0  H  0.00  1   !  -9.99000e+02  -99.000  -99.000  -999
OBS: 5428  56348.410    97.00   0.0000e+00   5.0269e+00   3.0257e+00   0  H  0.00  1   !  -9.99000e+02  -99.000  -99.000  -999
OBS: 5428  56350.410    99.00   0.0000e+00   4.5249e+00   2.7236e+00   0  H  0.00  1   !  -9.99000e+02  -99.000  -99.000  -999
OBS: 5428  56352.410   101.00   0.0000e+00   4.0593e+00   2.4433e+00   0  H  0.00  1   !  -9.99000e+02  -99.000  -99.000  -999
OBS: 5428  56354.410   103.00   0.0000e+00   3.6228e+00   2.1806e+00   0  H  0.00  1   !  -9.99000e+02  -99.000  -99.000  -999
OBS: 5428  56356.410   105.00   0.0000e+00   3.2417e+00   1.9512e+00   0  H  0.00  1   !  -9.99000e+02  -99.000  -99.000  -999
OBS: 5428  56358.410   107.00   0.0000e+00   2.9499e+00   1.7756e+00   0  H  0.00  1   !  -9.99000e+02  -99.000  -99.000  -999
OBS: 5428  56360.410   109.00   0.0000e+00   2.6837e+00   1.6153e+00   0  H  0.00  1   !  -9.99000e+02  -99.000  -99.000  -999
OBS: 5428  56362.410   111.00   0.0000e+00   2.4378e+00   1.4673e+00   0  H  0.00  1   !  -9.99000e+02  -99.000  -99.000  -999
OBS: 5428  56364.410   113.00   0.0000e+00   2.2088e+00   1.3295e+00   0  H  0.00  1   !  -9.99000e+02  -99.000  -99.000  -999
OBS: 5428  56366.410   115.00   0.0000e+00   1.9885e+00   1.1969e+00   0  H  0.00  1   !  -9.99000e+02  -99.000  -99.000  -999
OBS: 5428  56368.410   117.00   0.0000e+00   1.7958e+00   1.0809e+00   0  H  0.00  1   !  -9.99000e+02  -99.000  -99.000  -999
OBS: 5428  56370.410   119.00   0.0000e+00   1.6201e+00   9.7513e-01   0  H  0.00  1   !  -9.99000e+02  -99.000  -99.000  -999
OBS: 5428  56372.410   121.00   0.0000e+00   1.4650e+00   8.8179e-01   0  H  0.00  1   !  -9.99000e+02  -99.000  -99.000  -999
OBS: 5428  56374.410   123.00   0.0000e+00   1.3281e+00   7.9941e-01   0  H  0.00  1   !  -9.99000e+02  -99.000  -99.000  -999
OBS: 5428  56376.410   125.00   0.0000e+00   1.2040e+00   7.2472e-01   0  H  0.00  1   !  -9.99000e+02  -99.000  -99.000  -999
OBS: 5428  56378.410   127.00   0.0000e+00   1.0915e+00   6.5701e-01   0  H  0.00  1   !  -9.99000e+02  -99.000  -99.000  -999
OBS: 5428  56380.410   129.00   0.0000e+00   9.8955e-01   5.9562e-01   0  H  0.00  1   !  -9.99000e+02  -99.000  -99.000  -999
OBS: 5428  56382.410   131.00   0.0000e+00   8.9710e-01   5.3997e-01   0  H  0.00  1   !  -9.99000e+02  -99.000  -99.000  -999
OBS: 5428  56384.410   133.00   0.0000e+00   8.1328e-01   4.8952e-01   0  H  0.00  1   !  -9.99000e+02  -99.000  -99.000  -999
OBS: 5428  56386.410   135.00   0.0000e+00   7.3730e-01   4.4379e-01   0  H  0.00  1   !  -9.99000e+02  -99.000  -99.000  -999
OBS: 5428  56388.410   137.00   0.0000e+00   6.6841e-01   4.0232e-01   0  H  0.00  1   !  -9.99000e+02  -99.000  -99.000  -999
OBS: 5428  56390.410   139.00   0.0000e+00   6.0596e-01   3.6473e-01   0  H  0.00  1   !  -9.99000e+02  -99.000  -99.000  -999
