VARNAMES: CID MJD Tobs SIM_FLUXCAL FLUXCAL FLUXCAL_ERR DATAFLAG BAND CHI2 IFIT BAND_REST FLUX_REST KCOR AVWARP SIM_FLUX_REST 
OBS: 558  56376.676    10.38   3.6543e+01   3.6444e+01   4.7629e-01   1  J  0.03  1   i  1.79837e+18  -0.134  -1.827  1.00000e+11
OBS: 558  56381.793    15.50   3.2863e+01   3.2406e+01   4.5146e-01   1  J  0.07  1   i  1.36672e+18  -0.304  -1.489  1.00000e+11
OBS: 558  56390.500    24.20   3.5747e+01   3.5613e+01   4.7118e-01   1  J  0.03  1   i  1.16134e+18  -0.584  -0.744  1.00000e+11
OBS: 558  56307.297   -59.00   0.0000e+00   0.0000e+00   0.0000e+00   0  J  0.00  1   !  -9.99000e+02  -99.000  -99.000  -999
OBS: 558  56309.297   -57.00   0.0000e+00   0.0000e+00   0.0000e+00   0  J  0.00  1   !  -9.99000e+02  -99.000  -99.000  -999
OBS: 558  56311.297   -55.00   0.0000e+00   0.0000e+00   0.0000e+00   0  J  0.00  1   !  -9.99000e+02  -99.000  -99.000  -999
OBS: 558  56313.297   -53.00   0.0000e+00   0.0000e+00   0.0000e+00   0  J  0.00  1   !  -9.99000e+02  -99.000  -99.000  -999
OBS: 558  56315.297   -51.00   0.0000e+00   0.0000e+00   0.0000e+00   0  J  0.00  1   !  -9.99000e+02  -99.000  -99.000  -999
OBS: 558  56317.297   -49.00   0.0000e+00   0.0000e+00   0.0000e+00   0  J  0.00  1   !  -9.99000e+02  -99.000  -99.000  -999
OBS: 558  56319.297   -47.00   0.0000e+00   0.0000e+00   0.0000e+00   0  J  0.00  1   !  -9.99000e+02  -99.000  -99.000  -999
OBS: 558  56321.297   -45.00   0.0000e+00   0.0000e+00   0.0000e+00   0  J  0.00  1   !  -9.99000e+02  -99.000  -99.000  -999
OBS: 558  56323.297   -43.00   0.0000e+00   0.0000e+00   0.0000e+00   0  J  0.00  1   !  -9.99000e+02  -99.000  -99.000  -999
OBS: 558  56325.297   -41.00   0.0000e+00   0.0000e+00   0.0000e+00   0  J  0.00  1   !  -9.99000e+02  -99.000  -99.000  -999
OBS: 558  56327.297   -39.00   0.0000e+00   0.0000e+00   0.0000e+00   0  J  0.00  1   !  -9.99000e+02  -99.000  -99.000  -999
OBS: 558  56329.297   -37.00   0.0000e+00   0.0000e+00   0.0000e+00   0  J  0.00  1   !  -9.99000e+02  -99.000  -99.000  -999
OBS: 558  56331.297   -35.00   0.0000e+00   0.0000e+00   0.0000e+00   0  J  0.00  1   !  -9.99000e+02  -99.000  -99.000  -999
OBS: 558  56333.297   -33.00   0.0000e+00   0.0000e+00   0.0000e+00   0  J  0.00  1   !  -9.99000e+02  -99.000  -99.000  -999
OBS: 558  56335.297   -31.00   0.0000e+00   0.0000e+00   0.0000e+00   0  J  0.00  1   !  -9.99000e+02  -99.000  -99.000  -999
OBS: 558  56337.297   -29.00   0.0000e+00   0.0000e+00   0.0000e+00   0  J  0.00  1   !  -9.99000e+02  -99.000  -99.000  -999
OBS: 558  56339.297   -27.00   0.0000e+00   3.5328e+00   2.1264e+00   0  J  0.00  1   !  -9.99000e+02  -99.000  -99.000  -999
OBS: 558  56341.297   -25.00   0.0000e+00   3.6509e+00   2.1975e+00   0  J  0.00  1   !  -9.99000e+02  -99.000  -99.000  -999
OBS: 558  56343.297   -23.00   0.0000e+00   3.6489e+00   2.1963e+00   0  J  0.00  1   !  -9.99000e+02  -99.000  -99.000  -999
OBS: 558  56345.297   -21.00   0.0000e+00   4.6902e+00   2.8231e+00   0  J  0.00  1   !  -9.99000e+02  -99.000  -99.000  -999
OBS: 558  56347.297   -19.00   0.0000e+00   1.3079e+01   4.3664e+00   0  J  0.00  1   !  -9.99000e+02  -99.000  -99.000  -999
OBS: 558  56349.297   -17.00   0.0000e+00   2.1497e+01   1.2775e+00   0  J  0.00  1   !  -9.99000e+02  -99.000  -99.000  -999
OBS: 558  56351.297   -15.00   0.0000e+00   2.9268e+01   8.1190e-01   0  J  0.00  1   !  -9.99000e+02  -99.000  -99.000  -999
OBS: 558  56353.297   -13.00   0.0000e+00   3.6376e+01   7.2670e-01   0  J  0.00  1   !  -9.99000e+02  -99.000  -99.000  -999
OBS: 558  56355.297   -11.00   0.0000e+00   4.2805e+01   6.7904e-01   0  J  0.00  1   !  -9.99000e+02  -99.000  -99.000  -999
OBS: 558  56357.297    -9.00   0.0000e+00   4.8106e+01   6.6569e-01   0  J  0.00  1   !  -9.99000e+02  -99.000  -99.000  -999
OBS: 558  56359.297    -7.00   0.0000e+00   5.1987e+01   6.7276e-01   0  J  0.00  1   !  -9.99000e+02  -99.000  -99.000  -999
OBS: 558  56361.297    -5.00   0.0000e+00   5.3662e+01   6.7964e-01   0  J  0.00  1   !  -9.99000e+02  -99.000  -99.000  -999
OBS: 558  56363.297    -3.00   0.0000e+00   5.2987e+01   6.8253e-01   0  J  0.00  1   !  -9.99000e+02  -99.000  -99.000  -999
OBS: 558  56365.297    -1.00   0.0000e+00   5.0677e+01   6.5695e-01   0  J  0.00  1   !  -9.99000e+02  -99.000  -99.000  -999
OBS: 558  56367.297     1.00   0.0000e+00   4.7791e+01   6.4149e-01   0  J  0.00  1   !  -9.99000e+02  -99.000  -99.000  -999
OBS: 558  56369.297     3.00   0.0000e+00   4.4939e+01   6.4522e-01   0  J  0.00  1   !  -9.99000e+02  -99.000  -99.000  -999
OBS: 558  56371.297     5.00   0.0000e+00   4.2347e+01   6.5051e-01   0  J  0.00  1   !  -9.99000e+02  -99.000  -99.000  -999
OBS: 558  56373.297     7.00   0.0000e+00   4.0220e+01   6.5966e-01   0  J  0.00  1   !  -9.99000e+02  -99.000  -99.000  -999
OBS: 558  56375.297     9.00   0.0000e+00   3.7918e+01   6.6249e-01   0  J  0.00  1   !  -9.99000e+02  -99.000  -99.000  -999
OBS: 558  56377.297    11.00   0.0000e+00   3.5651e+01   6.4177e-01   0  J  0.00  1   !  -9.99000e+02  -99.000  -99.000  -999
OBS: 558  56379.297    13.00   0.0000e+00   3.3909e+01   6.4367e-01   0  J  0.00  1   !  -9.99000e+02  -99.000  -99.000  -999
OBS: 558  56381.297    15.00   0.0000e+00   3.2820e+01   6.9871e-01   0  J  0.00  1   !  -9.99000e+02  -99.000  -99.000  -999
OBS: 558  56383.297    17.00   0.0000e+00   3.2242e+01   7.6234e-01   0  J  0.00  1   !  -9.99000e+02  -99.000  -99.000  -999
OBS: 558  56385.297    19.00   0.0000e+00   3.2149e+01   7.9062e-01   0  J  0.00  1   !  -9.99000e+02  -99.000  -99.000  -999
OBS: 558  56387.297    21.00   0.0000e+00   3.2919e+01   8.0955e-01   0  J  0.00  1   !  -9.99000e+02  -99.000  -99.000  -999
OBS: 558  56389.297    23.00   0.0000e+00   3.4481e+01   8.7342e-01   0  J  0.00  1   !  -9.99000e+02  -99.000  -99.000  -999
OBS: 558  56391.297    25.00   0.0000e+00   3.6027e+01   9.1258e-01   0  J  0.00  1   !  -9.99000e+02  -99.000  -99.000  -999
OBS: 558  56393.297    27.00   0.0000e+00   3.7502e+01   9.4996e-01   0  J  0.00  1   !  -9.99000e+02  -99.000  -99.000  -999
OBS: 558  56395.297    29.00   0.0000e+00   3.8176e+01   9.2520e-01   0  J  0.00  1   !  -9.99000e+02  -99.000  -99.000  -999
OBS: 558  56397.297    31.00   0.0000e+00   3.8355e+01   9.0847e-01   0  J  0.00  1   !  -9.99000e+02  -99.000  -99.000  -999
OBS: 558  56399.297    33.00   0.0000e+00   3.9120e+01   8.9330e-01   0  J  0.00  1   !  -9.99000e+02  -99.000  -99.000  -999
OBS: 558  56401.297    35.00   0.0000e+00   4.1128e+01   9.2228e-01   0  J  0.00  1   !  -9.99000e+02  -99.000  -99.000  -999
OBS: 558  56403.297    37.00   0.0000e+00   4.3229e+01   9.5169e-01   0  J  0.00  1   !  -9.99000e+02  -99.000  -99.000  -999
OBS: 558  56405.297    39.00   0.0000e+00   4.4139e+01   9.5975e-01   0  J  0.00  1   !  -9.99000e+02  -99.000  -99.000  -999
OBS: 558  56407.297    41.00   0.0000e+00   4.3495e+01   9.2601e-01   0  J  0.00  1   !  -9.99000e+02  -99.000  -99.000  -999
OBS: 558  56409.297    43.00   0.0000e+00   4.1715e+01   9.2431e-01   0  J  0.00  1   !  -9.99000e+02  -99.000  -99.000  -999
OBS: 558  56411.297    45.00   0.0000e+00   3.9304e+01   9.1640e-01   0  J  0.00  1   !  -9.99000e+02  -99.000  -99.000  -999
OBS: 558  56413.297    47.00   0.0000e+00   3.6683e+01   8.9809e-01   0  J  0.00  1   !  -9.99000e+02  -99.000  -99.000  -999
OBS: 558  56415.297    49.00   0.0000e+00   3.3755e+01   9.0547e-01   0  J  0.00  1   !  -9.99000e+02  -99.000  -99.000  -999
OBS: 558  56417.297    51.00   0.0000e+00   3.1164e+01   9.3107e-01   0  J  0.00  1   !  -9.99000e+02  -99.000  -99.000  -999
OBS: 558  56419.297    53.00   0.0000e+00   2.8970e+01   9.3523e-01   0  J  0.00  1   !  -9.99000e+02  -99.000  -99.000  -999
OBS: 558  56421.297    55.00   0.0000e+00   2.6684e+01   8.9350e-01   0  J  0.00  1   !  -9.99000e+02  -99.000  -99.000  -999
OBS: 558  56423.297    57.00   0.0000e+00   2.4441e+01   8.6894e-01   0  J  0.00  1   !  -9.99000e+02  -99.000  -99.000  -999
OBS: 558  56425.297    59.00   0.0000e+00   2.2312e+01   8.7407e-01   0  J  0.00  1   !  -9.99000e+02  -99.000  -99.000  -999
OBS: 558  56427.297    61.00   0.0000e+00   2.0431e+01   8.7449e-01   0  J  0.00  1   !  -9.99000e+02  -99.000  -99.000  -999
OBS: 558  56429.297    63.00   0.0000e+00   1.8773e+01   8.7207e-01   0  J  0.00  1   !  -9.99000e+02  -99.000  -99.000  -999
OBS: 558  56431.297    65.00   0.0000e+00   1.7298e+01   8.7574e-01   0  J  0.00  1   !  -9.99000e+02  -99.000  -99.000  -999
OBS: 558  56433.297    67.00   0.0000e+00   1.5951e+01   8.8390e-01   0  J  0.00  1   !  -9.99000e+02  -99.000  -99.000  -999
OBS: 558  56435.297    69.00   0.0000e+00   1.4692e+01   8.8406e-01   0  J  0.00  1   !  -9.99000e+02  -99.000  -99.000  -999
OBS: 558  56437.297    71.00   0.0000e+00   1.3469e+01   8.9375e-01   0  J  0.00  1   !  -9.99000e+02  -99.000  -99.000  -999
OBS: 558  56439.297    73.00   0.0000e+00   1.2285e+01   8.9926e-01   0  J  0.00  1   !  -9.99000e+02  -99.000  -99.000  -999
OBS: 558  56441.297    75.00   0.0000e+00   1.1182e+01   8.5964e-01   0  J  0.00  1   !  -9.99000e+02  -99.000  -99.000  -999
OBS: 558  56443.297    77.00   0.0000e+00   1.0490e+01   7.9580e-01   0  J  0.00  1   !  -9.99000e+02  -99.000  -99.000  -999
OBS: 558  56445.297    79.00   0.0000e+00   9.9031e+00   7.5396e-01   0  J  0.00  1   !  -9.99000e+02  -99.000  -99.000  -999
OBS: 558  56447.297    81.00   0.0000e+00   9.3459e+00   7.7751e-01   0  J  0.00  1   !  -9.99000e+02  -99.000  -99.000  -999
OBS: 558  56449.297    83.00   0.0000e+00   8.8395e+00   8.4773e-01   0  J  0.00  1   !  -9.99000e+02  -99.000  -99.000  -999
OBS: 558  56451.297    85.00   0.0000e+00   8.4133e+00   9.1903e-01   0  J  0.00  1   !  -9.99000e+02  -99.000  -99.000  -999
OBS: 558  56453.297    87.00   0.0000e+00   7.6446e+00   9.2340e-01   0  J  0.00  1   !  -9.99000e+02  -99.000  -99.000  -999
OBS: 558  56455.297    89.00   0.0000e+00   6.7865e+00   8.2818e-01   0  J  0.00  1   !  -9.99000e+02  -99.000  -99.000  -999
OBS: 558  56457.297    91.00   0.0000e+00   6.0509e+00   6.8945e-01   0  J  0.00  1   !  -9.99000e+02  -99.000  -99.000  -999
OBS: 558  56459.297    93.00   0.0000e+00   5.4338e+00   7.9814e-01   0  J  0.00  1   !  -9.99000e+02  -99.000  -99.000  -999
OBS: 558  56461.297    95.00   0.0000e+00   4.9144e+00   2.4396e+00   0  J  0.00  1   !  -9.99000e+02  -99.000  -99.000  -999
OBS: 558  56463.297    97.00   0.0000e+00   4.4932e+00   2.7045e+00   0  J  0.00  1   !  -9.99000e+02  -99.000  -99.000  -999
OBS: 558  56465.297    99.00   0.0000e+00   4.1526e+00   2.4995e+00   0  J  0.00  1   !  -9.99000e+02  -99.000  -99.000  -999
OBS: 558  56467.297   101.00   0.0000e+00   3.8644e+00   2.3260e+00   0  J  0.00  1   !  -9.99000e+02  -99.000  -99.000  -999
OBS: 558  56469.297   103.00   0.0000e+00   3.6054e+00   2.1701e+00   0  J  0.00  1   !  -9.99000e+02  -99.000  -99.000  -999
OBS: 558  56471.297   105.00   0.0000e+00   3.3721e+00   2.0297e+00   0  J  0.00  1   !  -9.99000e+02  -99.000  -99.000  -999
OBS: 558  56473.297   107.00   0.0000e+00   3.1296e+00   1.8837e+00   0  J  0.00  1   !  -9.99000e+02  -99.000  -99.000  -999
OBS: 558  56475.297   109.00   0.0000e+00   2.8979e+00   1.7443e+00   0  J  0.00  1   !  -9.99000e+02  -99.000  -99.000  -999
OBS: 558  56477.297   111.00   0.0000e+00   2.6843e+00   1.6157e+00   0  J  0.00  1   !  -9.99000e+02  -99.000  -99.000  -999
OBS: 558  56479.297   113.00   0.0000e+00   2.4903e+00   1.4989e+00   0  J  0.00  1   !  -9.99000e+02  -99.000  -99.000  -999
OBS: 558  56481.297   115.00   0.0000e+00   2.3100e+00   1.3904e+00   0  J  0.00  1   !  -9.99000e+02  -99.000  -99.000  -999
OBS: 558  56483.297   117.00   0.0000e+00   2.1462e+00   1.2918e+00   0  J  0.00  1   !  -9.99000e+02  -99.000  -99.000  -999
OBS: 558  56485.297   119.00   0.0000e+00   1.9957e+00   1.2012e+00   0  J  0.00  1   !  -9.99000e+02  -99.000  -99.000  -999
OBS: 558  56487.297   121.00   0.0000e+00   1.8601e+00   1.1196e+00   0  J  0.00  1   !  -9.99000e+02  -99.000  -99.000  -999
OBS: 558  56489.297   123.00   0.0000e+00   1.7518e+00   1.0544e+00   0  J  0.00  1   !  -9.99000e+02  -99.000  -99.000  -999
OBS: 558  56491.297   125.00   0.0000e+00   1.6508e+00   9.9364e-01   0  J  0.00  1   !  -9.99000e+02  -99.000  -99.000  -999
OBS: 558  56493.297   127.00   0.0000e+00   1.5553e+00   9.3617e-01   0  J  0.00  1   !  -9.99000e+02  -99.000  -99.000  -999
OBS: 558  56495.297   129.00   0.0000e+00   1.4653e+00   8.8199e-01   0  J  0.00  1   !  -9.99000e+02  -99.000  -99.000  -999
OBS: 558  56497.297   131.00   0.0000e+00   1.3806e+00   8.3101e-01   0  J  0.00  1   !  -9.99000e+02  -99.000  -99.000  -999
OBS: 558  56499.297   133.00   0.0000e+00   1.3010e+00   7.8311e-01   0  J  0.00  1   !  -9.99000e+02  -99.000  -99.000  -999
OBS: 558  56501.297   135.00   0.0000e+00   1.2261e+00   7.3801e-01   0  J  0.00  1   !  -9.99000e+02  -99.000  -99.000  -999
OBS: 558  56503.297   137.00   0.0000e+00   1.1556e+00   6.9555e-01   0  J  0.00  1   !  -9.99000e+02  -99.000  -99.000  -999
OBS: 558  56505.297   139.00   0.0000e+00   1.0891e+00   6.5556e-01   0  J  0.00  1   !  -9.99000e+02  -99.000  -99.000  -999
OBS: 558  56376.680    10.38   1.6777e+01   1.6565e+01   4.2324e-01   1  H  0.01  1   Y  1.22559e+18  0.306  1.387  1.00000e+11
OBS: 558  56381.797    15.50   1.4342e+01   1.4319e+01   4.0594e-01   1  H  0.01  1   Y  1.15748e+18  0.402  0.401  1.00000e+11
OBS: 558  56390.504    24.21   1.6553e+01   1.6367e+01   4.2173e-01   1  H  0.02  1   Y  1.40236e+18  0.465  -0.142  1.00000e+11
OBS: 558  56307.297   -59.00   0.0000e+00   0.0000e+00   0.0000e+00   0  H  0.00  1   !  -9.99000e+02  -99.000  -99.000  -999
OBS: 558  56309.297   -57.00   0.0000e+00   0.0000e+00   0.0000e+00   0  H  0.00  1   !  -9.99000e+02  -99.000  -99.000  -999
OBS: 558  56311.297   -55.00   0.0000e+00   0.0000e+00   0.0000e+00   0  H  0.00  1   !  -9.99000e+02  -99.000  -99.000  -999
OBS: 558  56313.297   -53.00   0.0000e+00   0.0000e+00   0.0000e+00   0  H  0.00  1   !  -9.99000e+02  -99.000  -99.000  -999
OBS: 558  56315.297   -51.00   0.0000e+00   0.0000e+00   0.0000e+00   0  H  0.00  1   !  -9.99000e+02  -99.000  -99.000  -999
OBS: 558  56317.297   -49.00   0.0000e+00   0.0000e+00   0.0000e+00   0  H  0.00  1   !  -9.99000e+02  -99.000  -99.000  -999
OBS: 558  56319.297   -47.00   0.0000e+00   0.0000e+00   0.0000e+00   0  H  0.00  1   !  -9.99000e+02  -99.000  -99.000  -999
OBS: 558  56321.297   -45.00   0.0000e+00   0.0000e+00   0.0000e+00   0  H  0.00  1   !  -9.99000e+02  -99.000  -99.000  -999
OBS: 558  56323.297   -43.00   0.0000e+00   0.0000e+00   0.0000e+00   0  H  0.00  1   !  -9.99000e+02  -99.000  -99.000  -999
OBS: 558  56325.297   -41.00   0.0000e+00   0.0000e+00   0.0000e+00   0  H  0.00  1   !  -9.99000e+02  -99.000  -99.000  -999
OBS: 558  56327.297   -39.00   0.0000e+00   0.0000e+00   0.0000e+00   0  H  0.00  1   !  -9.99000e+02  -99.000  -99.000  -999
OBS: 558  56329.297   -37.00   0.0000e+00   0.0000e+00   0.0000e+00   0  H  0.00  1   !  -9.99000e+02  -99.000  -99.000  -999
OBS: 558  56331.297   -35.00   0.0000e+00   0.0000e+00   0.0000e+00   0  H  0.00  1   !  -9.99000e+02  -99.000  -99.000  -999
OBS: 558  56333.297   -33.00   0.0000e+00   0.0000e+00   0.0000e+00   0  H  0.00  1   !  -9.99000e+02  -99.000  -99.000  -999
OBS: 558  56335.297   -31.00   0.0000e+00   0.0000e+00   0.0000e+00   0  H  0.00  1   !  -9.99000e+02  -99.000  -99.000  -999
OBS: 558  56337.297   -29.00   0.0000e+00   0.0000e+00   0.0000e+00   0  H  0.00  1   !  -9.99000e+02  -99.000  -99.000  -999
OBS: 558  56339.297   -27.00   0.0000e+00   5.8947e+00   3.5481e+00   0  H  0.00  1   !  -9.99000e+02  -99.000  -99.000  -999
OBS: 558  56341.297   -25.00   0.0000e+00   6.2598e+00   3.7679e+00   0  H  0.00  1   !  -9.99000e+02  -99.000  -99.000  -999
OBS: 558  56343.297   -23.00   0.0000e+00   6.2647e+00   3.7708e+00   0  H  0.00  1   !  -9.99000e+02  -99.000  -99.000  -999
OBS: 558  56345.297   -21.00   0.0000e+00   7.0745e+00   3.6742e+00   0  H  0.00  1   !  -9.99000e+02  -99.000  -99.000  -999
OBS: 558  56347.297   -19.00   0.0000e+00   1.2413e+01   1.5495e+00   0  H  0.00  1   !  -9.99000e+02  -99.000  -99.000  -999
OBS: 558  56349.297   -17.00   0.0000e+00   1.8124e+01   1.0003e+00   0  H  0.00  1   !  -9.99000e+02  -99.000  -99.000  -999
OBS: 558  56351.297   -15.00   0.0000e+00   2.3434e+01   9.2641e-01   0  H  0.00  1   !  -9.99000e+02  -99.000  -99.000  -999
OBS: 558  56353.297   -13.00   0.0000e+00   2.8217e+01   9.4527e-01   0  H  0.00  1   !  -9.99000e+02  -99.000  -99.000  -999
OBS: 558  56355.297   -11.00   0.0000e+00   3.1843e+01   8.4940e-01   0  H  0.00  1   !  -9.99000e+02  -99.000  -99.000  -999
OBS: 558  56357.297    -9.00   0.0000e+00   3.4175e+01   7.3171e-01   0  H  0.00  1   !  -9.99000e+02  -99.000  -99.000  -999
OBS: 558  56359.297    -7.00   0.0000e+00   3.5171e+01   6.9115e-01   0  H  0.00  1   !  -9.99000e+02  -99.000  -99.000  -999
OBS: 558  56361.297    -5.00   0.0000e+00   3.4518e+01   7.4490e-01   0  H  0.00  1   !  -9.99000e+02  -99.000  -99.000  -999
OBS: 558  56363.297    -3.00   0.0000e+00   3.2769e+01   7.9690e-01   0  H  0.00  1   !  -9.99000e+02  -99.000  -99.000  -999
OBS: 558  56365.297    -1.00   0.0000e+00   3.0296e+01   8.0046e-01   0  H  0.00  1   !  -9.99000e+02  -99.000  -99.000  -999
OBS: 558  56367.297     1.00   0.0000e+00   2.7267e+01   7.5272e-01   0  H  0.00  1   !  -9.99000e+02  -99.000  -99.000  -999
OBS: 558  56369.297     3.00   0.0000e+00   2.4243e+01   7.4347e-01   0  H  0.00  1   !  -9.99000e+02  -99.000  -99.000  -999
OBS: 558  56371.297     5.00   0.0000e+00   2.1632e+01   7.6739e-01   0  H  0.00  1   !  -9.99000e+02  -99.000  -99.000  -999
OBS: 558  56373.297     7.00   0.0000e+00   1.9614e+01   7.7696e-01   0  H  0.00  1   !  -9.99000e+02  -99.000  -99.000  -999
OBS: 558  56375.297     9.00   0.0000e+00   1.7779e+01   7.6893e-01   0  H  0.00  1   !  -9.99000e+02  -99.000  -99.000  -999
OBS: 558  56377.297    11.00   0.0000e+00   1.6202e+01   7.3940e-01   0  H  0.00  1   !  -9.99000e+02  -99.000  -99.000  -999
OBS: 558  56379.297    13.00   0.0000e+00   1.5020e+01   6.8750e-01   0  H  0.00  1   !  -9.99000e+02  -99.000  -99.000  -999
OBS: 558  56381.297    15.00   0.0000e+00   1.4361e+01   6.4570e-01   0  H  0.00  1   !  -9.99000e+02  -99.000  -99.000  -999
OBS: 558  56383.297    17.00   0.0000e+00   1.4218e+01   6.5133e-01   0  H  0.00  1   !  -9.99000e+02  -99.000  -99.000  -999
OBS: 558  56385.297    19.00   0.0000e+00   1.4588e+01   6.7246e-01   0  H  0.00  1   !  -9.99000e+02  -99.000  -99.000  -999
OBS: 558  56387.297    21.00   0.0000e+00   1.5207e+01   6.6520e-01   0  H  0.00  1   !  -9.99000e+02  -99.000  -99.000  -999
OBS: 558  56389.297    23.00   0.0000e+00   1.5945e+01   6.7632e-01   0  H  0.00  1   !  -9.99000e+02  -99.000  -99.000  -999
OBS: 558  56391.297    25.00   0.0000e+00   1.6842e+01   7.1386e-01   0  H  0.00  1   !  -9.99000e+02  -99.000  -99.000  -999
OBS: 558  56393.297    27.00   0.0000e+00   1.7809e+01   7.7023e-01   0  H  0.00  1   !  -9.99000e+02  -99.000  -99.000  -999
OBS: 558  56395.297    29.00   0.0000e+00   1.8945e+01   8.5736e-01   0  H  0.00  1   !  -9.99000e+02  -99.000  -99.000  -999
OBS: 558  56397.297    31.00   0.0000e+00   2.0401e+01   9.3595e-01   0  H  0.00  1   !  -9.99000e+02  -99.000  -99.000  -999
OBS: 558  56399.297    33.00   0.0000e+00   2.2202e+01   9.6808e-01   0  H  0.00  1   !  -9.99000e+02  -99.000  -99.000  -999
OBS: 558  56401.297    35.00   0.0000e+00   2.4269e+01   9.2766e-01   0  H  0.00  1   !  -9.99000e+02  -99.000  -99.000  -999
OBS: 558  56403.297    37.00   0.0000e+00   2.6582e+01   8.5476e-01   0  H  0.00  1   !  -9.99000e+02  -99.000  -99.000  -999
OBS: 558  56405.297    39.00   0.0000e+00   2.8751e+01   8.2982e-01   0  H  0.00  1   !  -9.99000e+02  -99.000  -99.000  -999
OBS: 558  56407.297    41.00   0.0000e+00   3.0540e+01   8.3078e-01   0  H  0.00  1   !  -9.99000e+02  -99.000  -99.000  -999
OBS: 558  56409.297    43.00   0.0000e+00   3.1774e+01   8.2677e-01   0  H  0.00  1   !  -9.99000e+02  -99.000  -99.000  -999
OBS: 558  56411.297    45.00   0.0000e+00   3.2482e+01   8.2280e-01   0  H  0.00  1   !  -9.99000e+02  -99.000  -99.000  -999
OBS: 558  56413.297    47.00   0.0000e+00   3.2824e+01   8.3145e-01   0  H  0.00  1   !  -9.99000e+02  -99.000  -99.000  -999
OBS: 558  56415.297    49.00   0.0000e+00   3.2555e+01   8.3526e-01   0  H  0.00  1   !  -9.99000e+02  -99.000  -99.000  -999
OBS: 558  56417.297    51.00   0.0000e+00   3.1678e+01   8.5017e-01   0  H  0.00  1   !  -9.99000e+02  -99.000  -99.000  -999
OBS: 558  56419.297    53.00   0.0000e+00   3.0072e+01   8.4274e-01   0  H  0.00  1   !  -9.99000e+02  -99.000  -99.000  -999
OBS: 558  56421.297    55.00   0.0000e+00   2.7908e+01   8.2957e-01   0  H  0.00  1   !  -9.99000e+02  -99.000  -99.000  -999
OBS: 558  56423.297    57.00   0.0000e+00   2.5526e+01   8.4187e-01   0  H  0.00  1   !  -9.99000e+02  -99.000  -99.000  -999
OBS: 558  56425.297    59.00   0.0000e+00   2.3217e+01   8.6955e-01   0  H  0.00  1   !  -9.99000e+02  -99.000  -99.000  -999
OBS: 558  56427.297    61.00   0.0000e+00   2.1331e+01   8.1670e-01   0  H  0.00  1   !  -9.99000e+02  -99.000  -99.000  -999
OBS: 558  56429.297    63.00   0.0000e+00   1.9928e+01   7.1611e-01   0  H  0.00  1   !  -9.99000e+02  -99.000  -99.000  -999
OBS: 558  56431.297    65.00   0.0000e+00   1.8774e+01   6.5926e-01   0  H  0.00  1   !  -9.99000e+02  -99.000  -99.000  -999
OBS: 558  56433.297    67.00   0.0000e+00   1.7612e+01   6.7127e-01   0  H  0.00  1   !  -9.99000e+02  -99.000  -99.000  -999
OBS: 558  56435.297    69.00   0.0000e+00   1.6368e+01   7.2883e-01   0  H  0.00  1   !  -9.99000e+02  -99.000  -99.000  -999
OBS: 558  56437.297    71.00   0.0000e+00   1.5107e+01   7.9428e-01   0  H  0.00  1   !  -9.99000e+02  -99.000  -99.000  -999
OBS: 558  56439.297    73.00   0.0000e+00   1.3875e+01   8.3514e+00   0  H  0.00  1   !  -9.99000e+02  -99.000  -99.000  -999
OBS: 558  56441.297    75.00   0.0000e+00   1.2714e+01   7.6525e+00   0  H  0.00  1   !  -9.99000e+02  -99.000  -99.000  -999
OBS: 558  56443.297    77.00   0.0000e+00   1.1602e+01   6.9831e+00   0  H  0.00  1   !  -9.99000e+02  -99.000  -99.000  -999
OBS: 558  56445.297    79.00   0.0000e+00   1.0576e+01   6.3659e+00   0  H  0.00  1   !  -9.99000e+02  -99.000  -99.000  -999
OBS: 558  56447.297    81.00   0.0000e+00   9.6678e+00   5.8191e+00   0  H  0.00  1   !  -9.99000e+02  -99.000  -99.000  -999
OBS: 558  56449.297    83.00   0.0000e+00   8.8844e+00   5.3476e+00   0  H  0.00  1   !  -9.99000e+02  -99.000  -99.000  -999
OBS: 558  56451.297    85.00   0.0000e+00   8.2469e+00   4.9639e+00   0  H  0.00  1   !  -9.99000e+02  -99.000  -99.000  -999
OBS: 558  56453.297    87.00   0.0000e+00   7.2095e+00   4.3395e+00   0  H  0.00  1   !  -9.99000e+02  -99.000  -99.000  -999
OBS: 558  56455.297    89.00   0.0000e+00   6.2560e+00   3.7655e+00   0  H  0.00  1   !  -9.99000e+02  -99.000  -99.000  -999
OBS: 558  56457.297    91.00   0.0000e+00   5.4907e+00   3.3049e+00   0  H  0.00  1   !  -9.99000e+02  -99.000  -99.000  -999
OBS: 558  56459.297    93.00   0.0000e+00   4.8786e+00   2.9365e+00   0  H  0.00  1   !  -9.99000e+02  -99.000  -99.000  -999
OBS: 558  56461.297    95.00   0.0000e+00   4.3726e+00   2.6319e+00   0  H  0.00  1   !  -9.99000e+02  -99.000  -99.000  -999
OBS: 558  56463.297    97.00   0.0000e+00   3.9471e+00   2.3758e+00   0  H  0.00  1   !  -9.99000e+02  -99.000  -99.000  -999
OBS: 558  56465.297    99.00   0.0000e+00   3.5849e+00   2.1578e+00   0  H  0.00  1   !  -9.99000e+02  -99.000  -99.000  -999
OBS: 558  56467.297   101.00   0.0000e+00   3.2617e+00   1.9632e+00   0  H  0.00  1   !  -9.99000e+02  -99.000  -99.000  -999
OBS: 558  56469.297   103.00   0.0000e+00   2.9591e+00   1.7811e+00   0  H  0.00  1   !  -9.99000e+02  -99.000  -99.000  -999
OBS: 558  56471.297   105.00   0.0000e+00   2.6756e+00   1.6105e+00   0  H  0.00  1   !  -9.99000e+02  -99.000  -99.000  -999
OBS: 558  56473.297   107.00   0.0000e+00   2.4447e+00   1.4715e+00   0  H  0.00  1   !  -9.99000e+02  -99.000  -99.000  -999
OBS: 558  56475.297   109.00   0.0000e+00   2.2408e+00   1.3487e+00   0  H  0.00  1   !  -9.99000e+02  -99.000  -99.000  -999
OBS: 558  56477.297   111.00   0.0000e+00   2.0534e+00   1.2360e+00   0  H  0.00  1   !  -9.99000e+02  -99.000  -99.000  -999
OBS: 558  56479.297   113.00   0.0000e+00   1.8811e+00   1.1323e+00   0  H  0.00  1   !  -9.99000e+02  -99.000  -99.000  -999
OBS: 558  56481.297   115.00   0.0000e+00   1.7228e+00   1.0370e+00   0  H  0.00  1   !  -9.99000e+02  -99.000  -99.000  -999
OBS: 558  56483.297   117.00   0.0000e+00   1.5769e+00   9.4915e-01   0  H  0.00  1   !  -9.99000e+02  -99.000  -99.000  -999
OBS: 558  56485.297   119.00   0.0000e+00   1.4422e+00   8.6807e-01   0  H  0.00  1   !  -9.99000e+02  -99.000  -99.000  -999
OBS: 558  56487.297   121.00   0.0000e+00   1.3177e+00   7.9312e-01   0  H  0.00  1   !  -9.99000e+02  -99.000  -99.000  -999
OBS: 558  56489.297   123.00   0.0000e+00   1.2095e+00   7.2801e-01   0  H  0.00  1   !  -9.99000e+02  -99.000  -99.000  -999
OBS: 558  56491.297   125.00   0.0000e+00   1.1105e+00   6.6844e-01   0  H  0.00  1   !  -9.99000e+02  -99.000  -99.000  -999
OBS: 558  56493.297   127.00   0.0000e+00   1.0197e+00   6.1374e-01   0  H  0.00  1   !  -9.99000e+02  -99.000  -99.000  -999
OBS: 558  56495.297   129.00   0.0000e+00   9.3622e-01   5.6352e-01   0  H  0.00  1   !  -9.99000e+02  -99.000  -99.000  -999
OBS: 558  56497.297   131.00   0.0000e+00   8.5960e-01   5.1740e-01   0  H  0.00  1   !  -9.99000e+02  -99.000  -99.000  -999
OBS: 558  56499.297   133.00   0.0000e+00   7.8925e-01   4.7506e-01   0  H  0.00  1   !  -9.99000e+02  -99.000  -99.000  -999
OBS: 558  56501.297   135.00   0.0000e+00   7.2465e-01   4.3617e-01   0  H  0.00  1   !  -9.99000e+02  -99.000  -99.000  -999
OBS: 558  56503.297   137.00   0.0000e+00   6.6534e-01   4.0047e-01   0  H  0.00  1   !  -9.99000e+02  -99.000  -99.000  -999
OBS: 558  56505.297   139.00   0.0000e+00   6.1088e-01   3.6769e-01   0  H  0.00  1   !  -9.99000e+02  -99.000  -99.000  -999
