VARNAMES: CID MJD Tobs SIM_FLUXCAL FLUXCAL FLUXCAL_ERR DATAFLAG BAND CHI2 IFIT BAND_REST FLUX_REST KCOR AVWARP SIM_FLUX_REST 
OBS: 6384  56488.531     5.82   9.1931e+01   9.1840e+01   7.7150e-01   1  J  0.02  1   Y  1.63299e+18  -0.061  -1.518  1.00000e+11
OBS: 6384  56494.242    11.54   7.8277e+01   7.9649e+01   7.0205e-01   1  J  0.06  1   Y  1.29734e+18  -0.157  -1.860  1.00000e+11
OBS: 6384  56501.680    18.97   8.2978e+01   8.3789e+01   7.2593e-01   1  J  0.01  1   Y  1.34514e+18  -0.172  -1.382  1.00000e+11
OBS: 6384  56423.707   -59.00   0.0000e+00   0.0000e+00   0.0000e+00   0  J  0.00  1   !  -9.99000e+02  -99.000  -99.000  -999
OBS: 6384  56425.707   -57.00   0.0000e+00   0.0000e+00   0.0000e+00   0  J  0.00  1   !  -9.99000e+02  -99.000  -99.000  -999
OBS: 6384  56427.707   -55.00   0.0000e+00   0.0000e+00   0.0000e+00   0  J  0.00  1   !  -9.99000e+02  -99.000  -99.000  -999
OBS: 6384  56429.707   -53.00   0.0000e+00   0.0000e+00   0.0000e+00   0  J  0.00  1   !  -9.99000e+02  -99.000  -99.000  -999
OBS: 6384  56431.707   -51.00   0.0000e+00   0.0000e+00   0.0000e+00   0  J  0.00  1   !  -9.99000e+02  -99.000  -99.000  -999
OBS: 6384  56433.707   -49.00   0.0000e+00   0.0000e+00   0.0000e+00   0  J  0.00  1   !  -9.99000e+02  -99.000  -99.000  -999
OBS: 6384  56435.707   -47.00   0.0000e+00   0.0000e+00   0.0000e+00   0  J  0.00  1   !  -9.99000e+02  -99.000  -99.000  -999
OBS: 6384  56437.707   -45.00   0.0000e+00   0.0000e+00   0.0000e+00   0  J  0.00  1   !  -9.99000e+02  -99.000  -99.000  -999
OBS: 6384  56439.707   -43.00   0.0000e+00   0.0000e+00   0.0000e+00   0  J  0.00  1   !  -9.99000e+02  -99.000  -99.000  -999
OBS: 6384  56441.707   -41.00   0.0000e+00   0.0000e+00   0.0000e+00   0  J  0.00  1   !  -9.99000e+02  -99.000  -99.000  -999
OBS: 6384  56443.707   -39.00   0.0000e+00   0.0000e+00   0.0000e+00   0  J  0.00  1   !  -9.99000e+02  -99.000  -99.000  -999
OBS: 6384  56445.707   -37.00   0.0000e+00   0.0000e+00   0.0000e+00   0  J  0.00  1   !  -9.99000e+02  -99.000  -99.000  -999
OBS: 6384  56447.707   -35.00   0.0000e+00   0.0000e+00   0.0000e+00   0  J  0.00  1   !  -9.99000e+02  -99.000  -99.000  -999
OBS: 6384  56449.707   -33.00   0.0000e+00   0.0000e+00   0.0000e+00   0  J  0.00  1   !  -9.99000e+02  -99.000  -99.000  -999
OBS: 6384  56451.707   -31.00   0.0000e+00   0.0000e+00   0.0000e+00   0  J  0.00  1   !  -9.99000e+02  -99.000  -99.000  -999
OBS: 6384  56453.707   -29.00   0.0000e+00   0.0000e+00   0.0000e+00   0  J  0.00  1   !  -9.99000e+02  -99.000  -99.000  -999
OBS: 6384  56455.707   -27.00   0.0000e+00   0.0000e+00   0.0000e+00   0  J  0.00  1   !  -9.99000e+02  -99.000  -99.000  -999
OBS: 6384  56457.707   -25.00   0.0000e+00   2.0297e+01   1.2217e+01   0  J  0.00  1   !  -9.99000e+02  -99.000  -99.000  -999
OBS: 6384  56459.707   -23.00   0.0000e+00   2.2549e+01   1.3573e+01   0  J  0.00  1   !  -9.99000e+02  -99.000  -99.000  -999
OBS: 6384  56461.707   -21.00   0.0000e+00   2.2546e+01   1.3571e+01   0  J  0.00  1   !  -9.99000e+02  -99.000  -99.000  -999
OBS: 6384  56463.707   -19.00   0.0000e+00   2.4489e+01   1.3341e+01   0  J  0.00  1   !  -9.99000e+02  -99.000  -99.000  -999
OBS: 6384  56465.707   -17.00   0.0000e+00   4.2837e+01   6.7924e+00   0  J  0.00  1   !  -9.99000e+02  -99.000  -99.000  -999
OBS: 6384  56467.707   -15.00   0.0000e+00   6.2557e+01   4.3994e+00   0  J  0.00  1   !  -9.99000e+02  -99.000  -99.000  -999
OBS: 6384  56469.707   -13.00   0.0000e+00   8.1058e+01   3.1583e+00   0  J  0.00  1   !  -9.99000e+02  -99.000  -99.000  -999
OBS: 6384  56471.707   -11.00   0.0000e+00   9.6727e+01   2.6807e+00   0  J  0.00  1   !  -9.99000e+02  -99.000  -99.000  -999
OBS: 6384  56473.707    -9.00   0.0000e+00   1.1120e+02   2.6329e+00   0  J  0.00  1   !  -9.99000e+02  -99.000  -99.000  -999
OBS: 6384  56475.707    -7.00   0.0000e+00   1.2115e+02   2.9775e+00   0  J  0.00  1   !  -9.99000e+02  -99.000  -99.000  -999
OBS: 6384  56477.707    -5.00   0.0000e+00   1.2644e+02   3.3090e+00   0  J  0.00  1   !  -9.99000e+02  -99.000  -99.000  -999
OBS: 6384  56479.707    -3.00   0.0000e+00   1.2423e+02   3.1129e+00   0  J  0.00  1   !  -9.99000e+02  -99.000  -99.000  -999
OBS: 6384  56481.707    -1.00   0.0000e+00   1.1846e+02   2.9673e+00   0  J  0.00  1   !  -9.99000e+02  -99.000  -99.000  -999
OBS: 6384  56483.707     1.00   0.0000e+00   1.1075e+02   3.2840e+00   0  J  0.00  1   !  -9.99000e+02  -99.000  -99.000  -999
OBS: 6384  56485.707     3.00   0.0000e+00   1.0271e+02   3.7993e+00   0  J  0.00  1   !  -9.99000e+02  -99.000  -99.000  -999
OBS: 6384  56487.707     5.00   0.0000e+00   9.5242e+01   3.9416e+00   0  J  0.00  1   !  -9.99000e+02  -99.000  -99.000  -999
OBS: 6384  56489.707     7.00   0.0000e+00   8.8491e+01   3.6785e+00   0  J  0.00  1   !  -9.99000e+02  -99.000  -99.000  -999
OBS: 6384  56491.707     9.00   0.0000e+00   8.2414e+01   3.5704e+00   0  J  0.00  1   !  -9.99000e+02  -99.000  -99.000  -999
OBS: 6384  56493.707    11.00   0.0000e+00   7.9150e+01   3.9310e+00   0  J  0.00  1   !  -9.99000e+02  -99.000  -99.000  -999
OBS: 6384  56495.707    13.00   0.0000e+00   7.8090e+01   4.3300e+00   0  J  0.00  1   !  -9.99000e+02  -99.000  -99.000  -999
OBS: 6384  56497.707    15.00   0.0000e+00   7.8442e+01   4.4063e+00   0  J  0.00  1   !  -9.99000e+02  -99.000  -99.000  -999
OBS: 6384  56499.707    17.00   0.0000e+00   7.9827e+01   4.2152e+00   0  J  0.00  1   !  -9.99000e+02  -99.000  -99.000  -999
OBS: 6384  56501.707    19.00   0.0000e+00   8.3450e+01   3.9591e+00   0  J  0.00  1   !  -9.99000e+02  -99.000  -99.000  -999
OBS: 6384  56503.707    21.00   0.0000e+00   8.9239e+01   4.0384e+00   0  J  0.00  1   !  -9.99000e+02  -99.000  -99.000  -999
OBS: 6384  56505.707    23.00   0.0000e+00   9.5292e+01   3.8332e+00   0  J  0.00  1   !  -9.99000e+02  -99.000  -99.000  -999
OBS: 6384  56507.707    25.00   0.0000e+00   1.0188e+02   3.3681e+00   0  J  0.00  1   !  -9.99000e+02  -99.000  -99.000  -999
OBS: 6384  56509.707    27.00   0.0000e+00   1.0613e+02   3.1368e+00   0  J  0.00  1   !  -9.99000e+02  -99.000  -99.000  -999
OBS: 6384  56511.707    29.00   0.0000e+00   1.0937e+02   3.2866e+00   0  J  0.00  1   !  -9.99000e+02  -99.000  -99.000  -999
OBS: 6384  56513.707    31.00   0.0000e+00   1.1444e+02   3.4660e+00   0  J  0.00  1   !  -9.99000e+02  -99.000  -99.000  -999
OBS: 6384  56515.707    33.00   0.0000e+00   1.2014e+02   3.4760e+00   0  J  0.00  1   !  -9.99000e+02  -99.000  -99.000  -999
OBS: 6384  56517.707    35.00   0.0000e+00   1.2464e+02   3.3938e+00   0  J  0.00  1   !  -9.99000e+02  -99.000  -99.000  -999
OBS: 6384  56519.707    37.00   0.0000e+00   1.2612e+02   3.6003e+00   0  J  0.00  1   !  -9.99000e+02  -99.000  -99.000  -999
OBS: 6384  56521.707    39.00   0.0000e+00   1.2548e+02   3.9377e+00   0  J  0.00  1   !  -9.99000e+02  -99.000  -99.000  -999
OBS: 6384  56523.707    41.00   0.0000e+00   1.2331e+02   4.2619e+00   0  J  0.00  1   !  -9.99000e+02  -99.000  -99.000  -999
OBS: 6384  56525.707    43.00   0.0000e+00   1.1943e+02   4.0927e+00   0  J  0.00  1   !  -9.99000e+02  -99.000  -99.000  -999
OBS: 6384  56527.707    45.00   0.0000e+00   1.1424e+02   3.7708e+00   0  J  0.00  1   !  -9.99000e+02  -99.000  -99.000  -999
OBS: 6384  56529.707    47.00   0.0000e+00   1.0997e+02   3.8928e+00   0  J  0.00  1   !  -9.99000e+02  -99.000  -99.000  -999
OBS: 6384  56531.707    49.00   0.0000e+00   1.0436e+02   4.1875e+00   0  J  0.00  1   !  -9.99000e+02  -99.000  -99.000  -999
OBS: 6384  56533.707    51.00   0.0000e+00   9.7076e+01   4.0964e+00   0  J  0.00  1   !  -9.99000e+02  -99.000  -99.000  -999
OBS: 6384  56535.707    53.00   0.0000e+00   8.9181e+01   3.5636e+00   0  J  0.00  1   !  -9.99000e+02  -99.000  -99.000  -999
OBS: 6384  56537.707    55.00   0.0000e+00   8.1670e+01   2.8768e+00   0  J  0.00  1   !  -9.99000e+02  -99.000  -99.000  -999
OBS: 6384  56539.707    57.00   0.0000e+00   7.5322e+01   2.3690e+00   0  J  0.00  1   !  -9.99000e+02  -99.000  -99.000  -999
OBS: 6384  56541.707    59.00   0.0000e+00   6.9989e+01   2.0690e+00   0  J  0.00  1   !  -9.99000e+02  -99.000  -99.000  -999
OBS: 6384  56543.707    61.00   0.0000e+00   6.5224e+01   1.9835e+00   0  J  0.00  1   !  -9.99000e+02  -99.000  -99.000  -999
OBS: 6384  56545.707    63.00   0.0000e+00   6.0318e+01   2.1165e+00   0  J  0.00  1   !  -9.99000e+02  -99.000  -99.000  -999
OBS: 6384  56547.707    65.00   0.0000e+00   5.4698e+01   2.4207e+01   0  J  0.00  1   !  -9.99000e+02  -99.000  -99.000  -999
OBS: 6384  56549.707    67.00   0.0000e+00   4.8956e+01   2.9467e+01   0  J  0.00  1   !  -9.99000e+02  -99.000  -99.000  -999
OBS: 6384  56551.707    69.00   0.0000e+00   4.4131e+01   2.6563e+01   0  J  0.00  1   !  -9.99000e+02  -99.000  -99.000  -999
OBS: 6384  56553.707    71.00   0.0000e+00   4.0338e+01   2.4280e+01   0  J  0.00  1   !  -9.99000e+02  -99.000  -99.000  -999
OBS: 6384  56555.707    73.00   0.0000e+00   3.7088e+01   2.2324e+01   0  J  0.00  1   !  -9.99000e+02  -99.000  -99.000  -999
OBS: 6384  56557.707    75.00   0.0000e+00   3.4512e+01   2.0773e+01   0  J  0.00  1   !  -9.99000e+02  -99.000  -99.000  -999
OBS: 6384  56559.707    77.00   0.0000e+00   3.2513e+01   1.9570e+01   0  J  0.00  1   !  -9.99000e+02  -99.000  -99.000  -999
OBS: 6384  56561.707    79.00   0.0000e+00   2.8305e+01   1.7037e+01   0  J  0.00  1   !  -9.99000e+02  -99.000  -99.000  -999
OBS: 6384  56563.707    81.00   0.0000e+00   2.4685e+01   1.4858e+01   0  J  0.00  1   !  -9.99000e+02  -99.000  -99.000  -999
OBS: 6384  56565.707    83.00   0.0000e+00   2.1840e+01   1.3146e+01   0  J  0.00  1   !  -9.99000e+02  -99.000  -99.000  -999
OBS: 6384  56567.707    85.00   0.0000e+00   1.9488e+01   1.1730e+01   0  J  0.00  1   !  -9.99000e+02  -99.000  -99.000  -999
OBS: 6384  56569.707    87.00   0.0000e+00   1.7566e+01   1.0573e+01   0  J  0.00  1   !  -9.99000e+02  -99.000  -99.000  -999
OBS: 6384  56571.707    89.00   0.0000e+00   1.5943e+01   9.5965e+00   0  J  0.00  1   !  -9.99000e+02  -99.000  -99.000  -999
OBS: 6384  56573.707    91.00   0.0000e+00   1.4539e+01   8.7510e+00   0  J  0.00  1   !  -9.99000e+02  -99.000  -99.000  -999
OBS: 6384  56575.707    93.00   0.0000e+00   1.3298e+01   8.0040e+00   0  J  0.00  1   !  -9.99000e+02  -99.000  -99.000  -999
OBS: 6384  56577.707    95.00   0.0000e+00   1.2201e+01   7.3441e+00   0  J  0.00  1   !  -9.99000e+02  -99.000  -99.000  -999
OBS: 6384  56579.707    97.00   0.0000e+00   1.1061e+01   6.6576e+00   0  J  0.00  1   !  -9.99000e+02  -99.000  -99.000  -999
OBS: 6384  56581.707    99.00   0.0000e+00   1.0029e+01   6.0366e+00   0  J  0.00  1   !  -9.99000e+02  -99.000  -99.000  -999
OBS: 6384  56583.707   101.00   0.0000e+00   9.1031e+00   5.4793e+00   0  J  0.00  1   !  -9.99000e+02  -99.000  -99.000  -999
OBS: 6384  56585.707   103.00   0.0000e+00   8.2692e+00   4.9773e+00   0  J  0.00  1   !  -9.99000e+02  -99.000  -99.000  -999
OBS: 6384  56587.707   105.00   0.0000e+00   7.5210e+00   4.5270e+00   0  J  0.00  1   !  -9.99000e+02  -99.000  -99.000  -999
OBS: 6384  56589.707   107.00   0.0000e+00   6.8514e+00   4.1239e+00   0  J  0.00  1   !  -9.99000e+02  -99.000  -99.000  -999
OBS: 6384  56591.707   109.00   0.0000e+00   6.2541e+00   3.7644e+00   0  J  0.00  1   !  -9.99000e+02  -99.000  -99.000  -999
OBS: 6384  56593.707   111.00   0.0000e+00   5.6406e+00   3.3952e+00   0  J  0.00  1   !  -9.99000e+02  -99.000  -99.000  -999
OBS: 6384  56595.707   113.00   0.0000e+00   5.0817e+00   3.0588e+00   0  J  0.00  1   !  -9.99000e+02  -99.000  -99.000  -999
OBS: 6384  56597.707   115.00   0.0000e+00   4.5781e+00   2.7556e+00   0  J  0.00  1   !  -9.99000e+02  -99.000  -99.000  -999
OBS: 6384  56599.707   117.00   0.0000e+00   4.1243e+00   2.4825e+00   0  J  0.00  1   !  -9.99000e+02  -99.000  -99.000  -999
OBS: 6384  56601.707   119.00   0.0000e+00   3.7154e+00   2.2364e+00   0  J  0.00  1   !  -9.99000e+02  -99.000  -99.000  -999
OBS: 6384  56603.707   121.00   0.0000e+00   3.3472e+00   2.0147e+00   0  J  0.00  1   !  -9.99000e+02  -99.000  -99.000  -999
OBS: 6384  56605.707   123.00   0.0000e+00   3.0155e+00   1.8151e+00   0  J  0.00  1   !  -9.99000e+02  -99.000  -99.000  -999
OBS: 6384  56607.707   125.00   0.0000e+00   2.7164e+00   1.6350e+00   0  J  0.00  1   !  -9.99000e+02  -99.000  -99.000  -999
OBS: 6384  56609.707   127.00   0.0000e+00   2.4469e+00   1.4728e+00   0  J  0.00  1   !  -9.99000e+02  -99.000  -99.000  -999
OBS: 6384  56611.707   129.00   0.0000e+00   2.2040e+00   1.3266e+00   0  J  0.00  1   !  -9.99000e+02  -99.000  -99.000  -999
OBS: 6384  56613.707   131.00   0.0000e+00   1.9852e+00   1.1949e+00   0  J  0.00  1   !  -9.99000e+02  -99.000  -99.000  -999
OBS: 6384  56615.707   133.00   0.0000e+00   1.7881e+00   1.0763e+00   0  J  0.00  1   !  -9.99000e+02  -99.000  -99.000  -999
OBS: 6384  56617.707   135.00   0.0000e+00   1.6106e+00   9.6942e-01   0  J  0.00  1   !  -9.99000e+02  -99.000  -99.000  -999
OBS: 6384  56619.707   137.00   0.0000e+00   1.4508e+00   8.7323e-01   0  J  0.00  1   !  -9.99000e+02  -99.000  -99.000  -999
OBS: 6384  56621.707   139.00   0.0000e+00   1.3069e+00   7.8666e-01   0  J  0.00  1   !  -9.99000e+02  -99.000  -99.000  -999
OBS: 6384  56488.535     5.83   5.4011e+01   5.3986e+01   6.3180e-01   1  H  0.00  1   J  1.73463e+18  0.581  -0.284  1.00000e+11
OBS: 6384  56494.246    11.54   3.3500e+01   3.3355e+01   4.9415e-01   1  H  0.00  1   J  1.03664e+18  0.545  0.976  1.00000e+11
OBS: 6384  56501.684    18.98   2.8254e+01   2.7824e+01   4.5382e-01   1  H  0.03  1   J  8.35489e+17  0.508  2.960  1.00000e+11
OBS: 6384  56423.707   -59.00   0.0000e+00   0.0000e+00   0.0000e+00   0  H  0.00  1   !  -9.99000e+02  -99.000  -99.000  -999
OBS: 6384  56425.707   -57.00   0.0000e+00   0.0000e+00   0.0000e+00   0  H  0.00  1   !  -9.99000e+02  -99.000  -99.000  -999
OBS: 6384  56427.707   -55.00   0.0000e+00   0.0000e+00   0.0000e+00   0  H  0.00  1   !  -9.99000e+02  -99.000  -99.000  -999
OBS: 6384  56429.707   -53.00   0.0000e+00   0.0000e+00   0.0000e+00   0  H  0.00  1   !  -9.99000e+02  -99.000  -99.000  -999
OBS: 6384  56431.707   -51.00   0.0000e+00   0.0000e+00   0.0000e+00   0  H  0.00  1   !  -9.99000e+02  -99.000  -99.000  -999
OBS: 6384  56433.707   -49.00   0.0000e+00   0.0000e+00   0.0000e+00   0  H  0.00  1   !  -9.99000e+02  -99.000  -99.000  -999
OBS: 6384  56435.707   -47.00   0.0000e+00   0.0000e+00   0.0000e+00   0  H  0.00  1   !  -9.99000e+02  -99.000  -99.000  -999
OBS: 6384  56437.707   -45.00   0.0000e+00   0.0000e+00   0.0000e+00   0  H  0.00  1   !  -9.99000e+02  -99.000  -99.000  -999
OBS: 6384  56439.707   -43.00   0.0000e+00   0.0000e+00   0.0000e+00   0  H  0.00  1   !  -9.99000e+02  -99.000  -99.000  -999
OBS: 6384  56441.707   -41.00   0.0000e+00   0.0000e+00   0.0000e+00   0  H  0.00  1   !  -9.99000e+02  -99.000  -99.000  -999
OBS: 6384  56443.707   -39.00   0.0000e+00   0.0000e+00   0.0000e+00   0  H  0.00  1   !  -9.99000e+02  -99.000  -99.000  -999
OBS: 6384  56445.707   -37.00   0.0000e+00   0.0000e+00   0.0000e+00   0  H  0.00  1   !  -9.99000e+02  -99.000  -99.000  -999
OBS: 6384  56447.707   -35.00   0.0000e+00   0.0000e+00   0.0000e+00   0  H  0.00  1   !  -9.99000e+02  -99.000  -99.000  -999
OBS: 6384  56449.707   -33.00   0.0000e+00   0.0000e+00   0.0000e+00   0  H  0.00  1   !  -9.99000e+02  -99.000  -99.000  -999
OBS: 6384  56451.707   -31.00   0.0000e+00   0.0000e+00   0.0000e+00   0  H  0.00  1   !  -9.99000e+02  -99.000  -99.000  -999
OBS: 6384  56453.707   -29.00   0.0000e+00   0.0000e+00   0.0000e+00   0  H  0.00  1   !  -9.99000e+02  -99.000  -99.000  -999
OBS: 6384  56455.707   -27.00   0.0000e+00   0.0000e+00   0.0000e+00   0  H  0.00  1   !  -9.99000e+02  -99.000  -99.000  -999
OBS: 6384  56457.707   -25.00   0.0000e+00   3.5910e+01   2.1615e+01   0  H  0.00  1   !  -9.99000e+02  -99.000  -99.000  -999
OBS: 6384  56459.707   -23.00   0.0000e+00   3.6422e+01   2.1923e+01   0  H  0.00  1   !  -9.99000e+02  -99.000  -99.000  -999
OBS: 6384  56461.707   -21.00   0.0000e+00   3.6391e+01   2.1904e+01   0  H  0.00  1   !  -9.99000e+02  -99.000  -99.000  -999
OBS: 6384  56463.707   -19.00   0.0000e+00   3.8232e+01   2.0272e+01   0  H  0.00  1   !  -9.99000e+02  -99.000  -99.000  -999
OBS: 6384  56465.707   -17.00   0.0000e+00   5.4999e+01   3.5930e+00   0  H  0.00  1   !  -9.99000e+02  -99.000  -99.000  -999
OBS: 6384  56467.707   -15.00   0.0000e+00   7.1970e+01   1.9902e+00   0  H  0.00  1   !  -9.99000e+02  -99.000  -99.000  -999
OBS: 6384  56469.707   -13.00   0.0000e+00   8.6514e+01   2.4472e+00   0  H  0.00  1   !  -9.99000e+02  -99.000  -99.000  -999
OBS: 6384  56471.707   -11.00   0.0000e+00   9.4795e+01   2.6514e+00   0  H  0.00  1   !  -9.99000e+02  -99.000  -99.000  -999
OBS: 6384  56473.707    -9.00   0.0000e+00   9.8936e+01   2.5075e+00   0  H  0.00  1   !  -9.99000e+02  -99.000  -99.000  -999
OBS: 6384  56475.707    -7.00   0.0000e+00   1.0066e+02   2.2905e+00   0  H  0.00  1   !  -9.99000e+02  -99.000  -99.000  -999
OBS: 6384  56477.707    -5.00   0.0000e+00   1.0003e+02   2.3106e+00   0  H  0.00  1   !  -9.99000e+02  -99.000  -99.000  -999
OBS: 6384  56479.707    -3.00   0.0000e+00   9.5753e+01   2.5323e+00   0  H  0.00  1   !  -9.99000e+02  -99.000  -99.000  -999
OBS: 6384  56481.707    -1.00   0.0000e+00   8.9032e+01   2.5892e+00   0  H  0.00  1   !  -9.99000e+02  -99.000  -99.000  -999
OBS: 6384  56483.707     1.00   0.0000e+00   7.8768e+01   2.6048e+00   0  H  0.00  1   !  -9.99000e+02  -99.000  -99.000  -999
OBS: 6384  56485.707     3.00   0.0000e+00   6.7458e+01   2.5337e+00   0  H  0.00  1   !  -9.99000e+02  -99.000  -99.000  -999
OBS: 6384  56487.707     5.00   0.0000e+00   5.7568e+01   2.4268e+00   0  H  0.00  1   !  -9.99000e+02  -99.000  -99.000  -999
OBS: 6384  56489.707     7.00   0.0000e+00   4.9309e+01   2.3590e+00   0  H  0.00  1   !  -9.99000e+02  -99.000  -99.000  -999
OBS: 6384  56491.707     9.00   0.0000e+00   4.1540e+01   2.3760e+00   0  H  0.00  1   !  -9.99000e+02  -99.000  -99.000  -999
OBS: 6384  56493.707    11.00   0.0000e+00   3.5004e+01   2.6550e+00   0  H  0.00  1   !  -9.99000e+02  -99.000  -99.000  -999
OBS: 6384  56495.707    13.00   0.0000e+00   3.0487e+01   2.9296e+00   0  H  0.00  1   !  -9.99000e+02  -99.000  -99.000  -999
OBS: 6384  56497.707    15.00   0.0000e+00   2.7990e+01   2.9080e+00   0  H  0.00  1   !  -9.99000e+02  -99.000  -99.000  -999
OBS: 6384  56499.707    17.00   0.0000e+00   2.7555e+01   2.8030e+00   0  H  0.00  1   !  -9.99000e+02  -99.000  -99.000  -999
OBS: 6384  56501.707    19.00   0.0000e+00   2.8259e+01   2.6162e+00   0  H  0.00  1   !  -9.99000e+02  -99.000  -99.000  -999
OBS: 6384  56503.707    21.00   0.0000e+00   2.9341e+01   2.2100e+00   0  H  0.00  1   !  -9.99000e+02  -99.000  -99.000  -999
OBS: 6384  56505.707    23.00   0.0000e+00   3.0494e+01   2.1070e+00   0  H  0.00  1   !  -9.99000e+02  -99.000  -99.000  -999
OBS: 6384  56507.707    25.00   0.0000e+00   3.1460e+01   2.4832e+00   0  H  0.00  1   !  -9.99000e+02  -99.000  -99.000  -999
OBS: 6384  56509.707    27.00   0.0000e+00   3.2751e+01   2.8968e+00   0  H  0.00  1   !  -9.99000e+02  -99.000  -99.000  -999
OBS: 6384  56511.707    29.00   0.0000e+00   3.4374e+01   3.0963e+00   0  H  0.00  1   !  -9.99000e+02  -99.000  -99.000  -999
OBS: 6384  56513.707    31.00   0.0000e+00   3.6002e+01   3.2087e+00   0  H  0.00  1   !  -9.99000e+02  -99.000  -99.000  -999
OBS: 6384  56515.707    33.00   0.0000e+00   3.7917e+01   3.3301e+00   0  H  0.00  1   !  -9.99000e+02  -99.000  -99.000  -999
OBS: 6384  56517.707    35.00   0.0000e+00   4.0010e+01   3.4368e+00   0  H  0.00  1   !  -9.99000e+02  -99.000  -99.000  -999
OBS: 6384  56519.707    37.00   0.0000e+00   4.2235e+01   3.7443e+00   0  H  0.00  1   !  -9.99000e+02  -99.000  -99.000  -999
OBS: 6384  56521.707    39.00   0.0000e+00   4.5018e+01   4.4296e+00   0  H  0.00  1   !  -9.99000e+02  -99.000  -99.000  -999
OBS: 6384  56523.707    41.00   0.0000e+00   4.8334e+01   5.2128e+00   0  H  0.00  1   !  -9.99000e+02  -99.000  -99.000  -999
OBS: 6384  56525.707    43.00   0.0000e+00   5.0599e+01   5.7032e+00   0  H  0.00  1   !  -9.99000e+02  -99.000  -99.000  -999
OBS: 6384  56527.707    45.00   0.0000e+00   5.0781e+01   5.9670e+00   0  H  0.00  1   !  -9.99000e+02  -99.000  -99.000  -999
OBS: 6384  56529.707    47.00   0.0000e+00   4.7729e+01   6.0052e+00   0  H  0.00  1   !  -9.99000e+02  -99.000  -99.000  -999
OBS: 6384  56531.707    49.00   0.0000e+00   4.2863e+01   5.5781e+00   0  H  0.00  1   !  -9.99000e+02  -99.000  -99.000  -999
OBS: 6384  56533.707    51.00   0.0000e+00   3.6895e+01   4.7358e+00   0  H  0.00  1   !  -9.99000e+02  -99.000  -99.000  -999
OBS: 6384  56535.707    53.00   0.0000e+00   3.0987e+01   3.7519e+00   0  H  0.00  1   !  -9.99000e+02  -99.000  -99.000  -999
OBS: 6384  56537.707    55.00   0.0000e+00   2.6160e+01   2.9205e+00   0  H  0.00  1   !  -9.99000e+02  -99.000  -99.000  -999
OBS: 6384  56539.707    57.00   0.0000e+00   2.3282e+01   2.8214e+00   0  H  0.00  1   !  -9.99000e+02  -99.000  -99.000  -999
OBS: 6384  56541.707    59.00   0.0000e+00   2.1808e+01   4.0064e+00   0  H  0.00  1   !  -9.99000e+02  -99.000  -99.000  -999
OBS: 6384  56543.707    61.00   0.0000e+00   2.0911e+01   5.9752e+00   0  H  0.00  1   !  -9.99000e+02  -99.000  -99.000  -999
OBS: 6384  56545.707    63.00   0.0000e+00   1.9963e+01   7.6516e+00   0  H  0.00  1   !  -9.99000e+02  -99.000  -99.000  -999
OBS: 6384  56547.707    65.00   0.0000e+00   1.8890e+01   1.0275e+01   0  H  0.00  1   !  -9.99000e+02  -99.000  -99.000  -999
OBS: 6384  56549.707    67.00   0.0000e+00   1.7877e+01   1.0760e+01   0  H  0.00  1   !  -9.99000e+02  -99.000  -99.000  -999
OBS: 6384  56551.707    69.00   0.0000e+00   1.6786e+01   1.0104e+01   0  H  0.00  1   !  -9.99000e+02  -99.000  -99.000  -999
OBS: 6384  56553.707    71.00   0.0000e+00   1.5641e+01   9.4145e+00   0  H  0.00  1   !  -9.99000e+02  -99.000  -99.000  -999
OBS: 6384  56555.707    73.00   0.0000e+00   1.4610e+01   8.7937e+00   0  H  0.00  1   !  -9.99000e+02  -99.000  -99.000  -999
OBS: 6384  56557.707    75.00   0.0000e+00   1.3684e+01   8.2366e+00   0  H  0.00  1   !  -9.99000e+02  -99.000  -99.000  -999
OBS: 6384  56559.707    77.00   0.0000e+00   1.2906e+01   7.7682e+00   0  H  0.00  1   !  -9.99000e+02  -99.000  -99.000  -999
OBS: 6384  56561.707    79.00   0.0000e+00   1.1294e+01   6.7980e+00   0  H  0.00  1   !  -9.99000e+02  -99.000  -99.000  -999
OBS: 6384  56563.707    81.00   0.0000e+00   9.9984e+00   6.0182e+00   0  H  0.00  1   !  -9.99000e+02  -99.000  -99.000  -999
OBS: 6384  56565.707    83.00   0.0000e+00   9.0527e+00   5.4489e+00   0  H  0.00  1   !  -9.99000e+02  -99.000  -99.000  -999
OBS: 6384  56567.707    85.00   0.0000e+00   8.3628e+00   5.0337e+00   0  H  0.00  1   !  -9.99000e+02  -99.000  -99.000  -999
OBS: 6384  56569.707    87.00   0.0000e+00   7.7944e+00   4.6916e+00   0  H  0.00  1   !  -9.99000e+02  -99.000  -99.000  -999
OBS: 6384  56571.707    89.00   0.0000e+00   7.2746e+00   4.3786e+00   0  H  0.00  1   !  -9.99000e+02  -99.000  -99.000  -999
OBS: 6384  56573.707    91.00   0.0000e+00   6.7598e+00   4.0688e+00   0  H  0.00  1   !  -9.99000e+02  -99.000  -99.000  -999
OBS: 6384  56575.707    93.00   0.0000e+00   6.2146e+00   3.7406e+00   0  H  0.00  1   !  -9.99000e+02  -99.000  -99.000  -999
OBS: 6384  56577.707    95.00   0.0000e+00   5.6447e+00   3.3976e+00   0  H  0.00  1   !  -9.99000e+02  -99.000  -99.000  -999
OBS: 6384  56579.707    97.00   0.0000e+00   5.3984e+00   3.2494e+00   0  H  0.00  1   !  -9.99000e+02  -99.000  -99.000  -999
OBS: 6384  56581.707    99.00   0.0000e+00   5.1672e+00   3.1102e+00   0  H  0.00  1   !  -9.99000e+02  -99.000  -99.000  -999
OBS: 6384  56583.707   101.00   0.0000e+00   4.9470e+00   2.9777e+00   0  H  0.00  1   !  -9.99000e+02  -99.000  -99.000  -999
OBS: 6384  56585.707   103.00   0.0000e+00   4.7373e+00   2.8514e+00   0  H  0.00  1   !  -9.99000e+02  -99.000  -99.000  -999
OBS: 6384  56587.707   105.00   0.0000e+00   4.5350e+00   2.7297e+00   0  H  0.00  1   !  -9.99000e+02  -99.000  -99.000  -999
OBS: 6384  56589.707   107.00   0.0000e+00   4.3372e+00   2.6106e+00   0  H  0.00  1   !  -9.99000e+02  -99.000  -99.000  -999
OBS: 6384  56591.707   109.00   0.0000e+00   4.1424e+00   2.4934e+00   0  H  0.00  1   !  -9.99000e+02  -99.000  -99.000  -999
OBS: 6384  56593.707   111.00   0.0000e+00   3.9880e+00   2.4004e+00   0  H  0.00  1   !  -9.99000e+02  -99.000  -99.000  -999
OBS: 6384  56595.707   113.00   0.0000e+00   3.8421e+00   2.3126e+00   0  H  0.00  1   !  -9.99000e+02  -99.000  -99.000  -999
OBS: 6384  56597.707   115.00   0.0000e+00   3.7015e+00   2.2280e+00   0  H  0.00  1   !  -9.99000e+02  -99.000  -99.000  -999
OBS: 6384  56599.707   117.00   0.0000e+00   3.5661e+00   2.1465e+00   0  H  0.00  1   !  -9.99000e+02  -99.000  -99.000  -999
OBS: 6384  56601.707   119.00   0.0000e+00   3.4356e+00   2.0679e+00   0  H  0.00  1   !  -9.99000e+02  -99.000  -99.000  -999
OBS: 6384  56603.707   121.00   0.0000e+00   3.3099e+00   1.9923e+00   0  H  0.00  1   !  -9.99000e+02  -99.000  -99.000  -999
OBS: 6384  56605.707   123.00   0.0000e+00   3.1888e+00   1.9194e+00   0  H  0.00  1   !  -9.99000e+02  -99.000  -99.000  -999
OBS: 6384  56607.707   125.00   0.0000e+00   3.0721e+00   1.8491e+00   0  H  0.00  1   !  -9.99000e+02  -99.000  -99.000  -999
OBS: 6384  56609.707   127.00   0.0000e+00   2.9597e+00   1.7815e+00   0  H  0.00  1   !  -9.99000e+02  -99.000  -99.000  -999
OBS: 6384  56611.707   129.00   0.0000e+00   2.8514e+00   1.7163e+00   0  H  0.00  1   !  -9.99000e+02  -99.000  -99.000  -999
OBS: 6384  56613.707   131.00   0.0000e+00   2.7470e+00   1.6535e+00   0  H  0.00  1   !  -9.99000e+02  -99.000  -99.000  -999
OBS: 6384  56615.707   133.00   0.0000e+00   2.6465e+00   1.5930e+00   0  H  0.00  1   !  -9.99000e+02  -99.000  -99.000  -999
OBS: 6384  56617.707   135.00   0.0000e+00   2.5497e+00   1.5347e+00   0  H  0.00  1   !  -9.99000e+02  -99.000  -99.000  -999
OBS: 6384  56619.707   137.00   0.0000e+00   2.4564e+00   1.4785e+00   0  H  0.00  1   !  -9.99000e+02  -99.000  -99.000  -999
OBS: 6384  56621.707   139.00   0.0000e+00   2.3665e+00   1.4244e+00   0  H  0.00  1   !  -9.99000e+02  -99.000  -99.000  -999
