VARNAMES: CID MJD Tobs SIM_FLUXCAL FLUXCAL FLUXCAL_ERR DATAFLAG BAND CHI2 IFIT BAND_REST FLUX_REST KCOR AVWARP SIM_FLUX_REST 
OBS: 1742  56229.547    10.24   6.4279e+01   6.4606e+01   6.2705e-01   1  J  0.08  1   Y  1.46613e+18  -0.235  -1.806  1.00000e+11
OBS: 1742  56235.340    16.04   6.0203e+01   5.9414e+01   5.9983e-01   1  J  0.01  1   Y  1.27416e+18  -0.297  -2.025  1.00000e+11
OBS: 1742  56242.918    23.62   6.6721e+01   6.6434e+01   6.3870e-01   1  J  0.00  1   Y  1.45612e+18  -0.273  -1.398  1.00000e+11
OBS: 1742  56160.301   -59.00   0.0000e+00   0.0000e+00   0.0000e+00   0  J  0.00  1   !  -9.99000e+02  -99.000  -99.000  -999
OBS: 1742  56162.301   -57.00   0.0000e+00   0.0000e+00   0.0000e+00   0  J  0.00  1   !  -9.99000e+02  -99.000  -99.000  -999
OBS: 1742  56164.301   -55.00   0.0000e+00   0.0000e+00   0.0000e+00   0  J  0.00  1   !  -9.99000e+02  -99.000  -99.000  -999
OBS: 1742  56166.301   -53.00   0.0000e+00   0.0000e+00   0.0000e+00   0  J  0.00  1   !  -9.99000e+02  -99.000  -99.000  -999
OBS: 1742  56168.301   -51.00   0.0000e+00   0.0000e+00   0.0000e+00   0  J  0.00  1   !  -9.99000e+02  -99.000  -99.000  -999
OBS: 1742  56170.301   -49.00   0.0000e+00   0.0000e+00   0.0000e+00   0  J  0.00  1   !  -9.99000e+02  -99.000  -99.000  -999
OBS: 1742  56172.301   -47.00   0.0000e+00   0.0000e+00   0.0000e+00   0  J  0.00  1   !  -9.99000e+02  -99.000  -99.000  -999
OBS: 1742  56174.301   -45.00   0.0000e+00   0.0000e+00   0.0000e+00   0  J  0.00  1   !  -9.99000e+02  -99.000  -99.000  -999
OBS: 1742  56176.301   -43.00   0.0000e+00   0.0000e+00   0.0000e+00   0  J  0.00  1   !  -9.99000e+02  -99.000  -99.000  -999
OBS: 1742  56178.301   -41.00   0.0000e+00   0.0000e+00   0.0000e+00   0  J  0.00  1   !  -9.99000e+02  -99.000  -99.000  -999
OBS: 1742  56180.301   -39.00   0.0000e+00   0.0000e+00   0.0000e+00   0  J  0.00  1   !  -9.99000e+02  -99.000  -99.000  -999
OBS: 1742  56182.301   -37.00   0.0000e+00   0.0000e+00   0.0000e+00   0  J  0.00  1   !  -9.99000e+02  -99.000  -99.000  -999
OBS: 1742  56184.301   -35.00   0.0000e+00   0.0000e+00   0.0000e+00   0  J  0.00  1   !  -9.99000e+02  -99.000  -99.000  -999
OBS: 1742  56186.301   -33.00   0.0000e+00   0.0000e+00   0.0000e+00   0  J  0.00  1   !  -9.99000e+02  -99.000  -99.000  -999
OBS: 1742  56188.301   -31.00   0.0000e+00   0.0000e+00   0.0000e+00   0  J  0.00  1   !  -9.99000e+02  -99.000  -99.000  -999
OBS: 1742  56190.301   -29.00   0.0000e+00   0.0000e+00   0.0000e+00   0  J  0.00  1   !  -9.99000e+02  -99.000  -99.000  -999
OBS: 1742  56192.301   -27.00   0.0000e+00   0.0000e+00   0.0000e+00   0  J  0.00  1   !  -9.99000e+02  -99.000  -99.000  -999
OBS: 1742  56194.301   -25.00   0.0000e+00   2.1105e+01   1.2703e+01   0  J  0.00  1   !  -9.99000e+02  -99.000  -99.000  -999
OBS: 1742  56196.301   -23.00   0.0000e+00   2.2685e+01   1.3654e+01   0  J  0.00  1   !  -9.99000e+02  -99.000  -99.000  -999
OBS: 1742  56198.301   -21.00   0.0000e+00   2.2679e+01   1.3650e+01   0  J  0.00  1   !  -9.99000e+02  -99.000  -99.000  -999
OBS: 1742  56200.301   -19.00   0.0000e+00   2.6132e+01   1.1357e+01   0  J  0.00  1   !  -9.99000e+02  -99.000  -99.000  -999
OBS: 1742  56202.301   -17.00   0.0000e+00   3.9171e+01   3.6596e+00   0  J  0.00  1   !  -9.99000e+02  -99.000  -99.000  -999
OBS: 1742  56204.301   -15.00   0.0000e+00   5.1997e+01   2.6458e+00   0  J  0.00  1   !  -9.99000e+02  -99.000  -99.000  -999
OBS: 1742  56206.301   -13.00   0.0000e+00   6.3209e+01   2.1175e+00   0  J  0.00  1   !  -9.99000e+02  -99.000  -99.000  -999
OBS: 1742  56208.301   -11.00   0.0000e+00   7.2419e+01   1.8746e+00   0  J  0.00  1   !  -9.99000e+02  -99.000  -99.000  -999
OBS: 1742  56210.301    -9.00   0.0000e+00   8.1532e+01   1.9370e+00   0  J  0.00  1   !  -9.99000e+02  -99.000  -99.000  -999
OBS: 1742  56212.301    -7.00   0.0000e+00   8.8151e+01   2.2067e+00   0  J  0.00  1   !  -9.99000e+02  -99.000  -99.000  -999
OBS: 1742  56214.301    -5.00   0.0000e+00   9.2018e+01   2.4081e+00   0  J  0.00  1   !  -9.99000e+02  -99.000  -99.000  -999
OBS: 1742  56216.301    -3.00   0.0000e+00   9.1472e+01   2.2857e+00   0  J  0.00  1   !  -9.99000e+02  -99.000  -99.000  -999
OBS: 1742  56218.301    -1.00   0.0000e+00   8.8525e+01   2.1857e+00   0  J  0.00  1   !  -9.99000e+02  -99.000  -99.000  -999
OBS: 1742  56220.301     1.00   0.0000e+00   8.4175e+01   2.3492e+00   0  J  0.00  1   !  -9.99000e+02  -99.000  -99.000  -999
OBS: 1742  56222.301     3.00   0.0000e+00   7.9074e+01   2.7071e+00   0  J  0.00  1   !  -9.99000e+02  -99.000  -99.000  -999
OBS: 1742  56224.301     5.00   0.0000e+00   7.4123e+01   2.9727e+00   0  J  0.00  1   !  -9.99000e+02  -99.000  -99.000  -999
OBS: 1742  56226.301     7.00   0.0000e+00   6.9901e+01   2.9057e+00   0  J  0.00  1   !  -9.99000e+02  -99.000  -99.000  -999
OBS: 1742  56228.301     9.00   0.0000e+00   6.5820e+01   2.7360e+00   0  J  0.00  1   !  -9.99000e+02  -99.000  -99.000  -999
OBS: 1742  56230.301    11.00   0.0000e+00   6.2844e+01   2.7882e+00   0  J  0.00  1   !  -9.99000e+02  -99.000  -99.000  -999
OBS: 1742  56232.301    13.00   0.0000e+00   6.0995e+01   3.0964e+00   0  J  0.00  1   !  -9.99000e+02  -99.000  -99.000  -999
OBS: 1742  56234.301    15.00   0.0000e+00   6.0086e+01   3.3228e+00   0  J  0.00  1   !  -9.99000e+02  -99.000  -99.000  -999
OBS: 1742  56236.301    17.00   0.0000e+00   5.9556e+01   3.3465e+00   0  J  0.00  1   !  -9.99000e+02  -99.000  -99.000  -999
OBS: 1742  56238.301    19.00   0.0000e+00   6.0373e+01   3.2060e+00   0  J  0.00  1   !  -9.99000e+02  -99.000  -99.000  -999
OBS: 1742  56240.301    21.00   0.0000e+00   6.3015e+01   3.0822e+00   0  J  0.00  1   !  -9.99000e+02  -99.000  -99.000  -999
OBS: 1742  56242.301    23.00   0.0000e+00   6.5528e+01   3.0291e+00   0  J  0.00  1   !  -9.99000e+02  -99.000  -99.000  -999
OBS: 1742  56244.301    25.00   0.0000e+00   6.8153e+01   2.9568e+00   0  J  0.00  1   !  -9.99000e+02  -99.000  -99.000  -999
OBS: 1742  56246.301    27.00   0.0000e+00   6.9710e+01   2.5808e+00   0  J  0.00  1   !  -9.99000e+02  -99.000  -99.000  -999
OBS: 1742  56248.301    29.00   0.0000e+00   7.0874e+01   2.1930e+00   0  J  0.00  1   !  -9.99000e+02  -99.000  -99.000  -999
OBS: 1742  56250.301    31.00   0.0000e+00   7.3394e+01   2.1692e+00   0  J  0.00  1   !  -9.99000e+02  -99.000  -99.000  -999
OBS: 1742  56252.301    33.00   0.0000e+00   7.6717e+01   2.3488e+00   0  J  0.00  1   !  -9.99000e+02  -99.000  -99.000  -999
OBS: 1742  56254.301    35.00   0.0000e+00   7.9461e+01   2.4313e+00   0  J  0.00  1   !  -9.99000e+02  -99.000  -99.000  -999
OBS: 1742  56256.301    37.00   0.0000e+00   8.0805e+01   2.3461e+00   0  J  0.00  1   !  -9.99000e+02  -99.000  -99.000  -999
OBS: 1742  56258.301    39.00   0.0000e+00   8.1829e+01   2.2217e+00   0  J  0.00  1   !  -9.99000e+02  -99.000  -99.000  -999
OBS: 1742  56260.301    41.00   0.0000e+00   8.2556e+01   2.3255e+00   0  J  0.00  1   !  -9.99000e+02  -99.000  -99.000  -999
OBS: 1742  56262.301    43.00   0.0000e+00   8.2804e+01   2.5222e+00   0  J  0.00  1   !  -9.99000e+02  -99.000  -99.000  -999
OBS: 1742  56264.301    45.00   0.0000e+00   8.1628e+01   2.7212e+00   0  J  0.00  1   !  -9.99000e+02  -99.000  -99.000  -999
OBS: 1742  56266.301    47.00   0.0000e+00   8.0535e+01   2.7904e+00   0  J  0.00  1   !  -9.99000e+02  -99.000  -99.000  -999
OBS: 1742  56268.301    49.00   0.0000e+00   7.9498e+01   2.6560e+00   0  J  0.00  1   !  -9.99000e+02  -99.000  -99.000  -999
OBS: 1742  56270.301    51.00   0.0000e+00   7.7526e+01   2.5584e+00   0  J  0.00  1   !  -9.99000e+02  -99.000  -99.000  -999
OBS: 1742  56272.301    53.00   0.0000e+00   7.4474e+01   2.6987e+00   0  J  0.00  1   !  -9.99000e+02  -99.000  -99.000  -999
OBS: 1742  56274.301    55.00   0.0000e+00   7.0560e+01   2.8391e+00   0  J  0.00  1   !  -9.99000e+02  -99.000  -99.000  -999
OBS: 1742  56276.301    57.00   0.0000e+00   6.5837e+01   2.7779e+00   0  J  0.00  1   !  -9.99000e+02  -99.000  -99.000  -999
OBS: 1742  56278.301    59.00   0.0000e+00   6.0852e+01   2.4555e+00   0  J  0.00  1   !  -9.99000e+02  -99.000  -99.000  -999
OBS: 1742  56280.301    61.00   0.0000e+00   5.5858e+01   2.0237e+00   0  J  0.00  1   !  -9.99000e+02  -99.000  -99.000  -999
OBS: 1742  56282.301    63.00   0.0000e+00   5.1518e+01   1.6679e+00   0  J  0.00  1   !  -9.99000e+02  -99.000  -99.000  -999
OBS: 1742  56284.301    65.00   0.0000e+00   4.7764e+01   1.4305e+00   0  J  0.00  1   !  -9.99000e+02  -99.000  -99.000  -999
OBS: 1742  56286.301    67.00   0.0000e+00   4.4315e+01   2.6674e+01   0  J  0.00  1   !  -9.99000e+02  -99.000  -99.000  -999
OBS: 1742  56288.301    69.00   0.0000e+00   4.0969e+01   2.4660e+01   0  J  0.00  1   !  -9.99000e+02  -99.000  -99.000  -999
OBS: 1742  56290.301    71.00   0.0000e+00   3.8750e+01   2.3324e+01   0  J  0.00  1   !  -9.99000e+02  -99.000  -99.000  -999
OBS: 1742  56292.301    73.00   0.0000e+00   3.6444e+01   2.1936e+01   0  J  0.00  1   !  -9.99000e+02  -99.000  -99.000  -999
OBS: 1742  56294.301    75.00   0.0000e+00   3.4027e+01   2.0481e+01   0  J  0.00  1   !  -9.99000e+02  -99.000  -99.000  -999
OBS: 1742  56296.301    77.00   0.0000e+00   3.1644e+01   1.9047e+01   0  J  0.00  1   !  -9.99000e+02  -99.000  -99.000  -999
OBS: 1742  56298.301    79.00   0.0000e+00   2.8777e+01   1.7321e+01   0  J  0.00  1   !  -9.99000e+02  -99.000  -99.000  -999
OBS: 1742  56300.301    81.00   0.0000e+00   2.4691e+01   1.4861e+01   0  J  0.00  1   !  -9.99000e+02  -99.000  -99.000  -999
OBS: 1742  56302.301    83.00   0.0000e+00   2.1196e+01   1.2758e+01   0  J  0.00  1   !  -9.99000e+02  -99.000  -99.000  -999
OBS: 1742  56304.301    85.00   0.0000e+00   1.8370e+01   1.1057e+01   0  J  0.00  1   !  -9.99000e+02  -99.000  -99.000  -999
OBS: 1742  56306.301    87.00   0.0000e+00   1.6127e+01   9.7068e+00   0  J  0.00  1   !  -9.99000e+02  -99.000  -99.000  -999
OBS: 1742  56308.301    89.00   0.0000e+00   1.4330e+01   8.6252e+00   0  J  0.00  1   !  -9.99000e+02  -99.000  -99.000  -999
OBS: 1742  56310.301    91.00   0.0000e+00   1.2904e+01   7.7673e+00   0  J  0.00  1   !  -9.99000e+02  -99.000  -99.000  -999
OBS: 1742  56312.301    93.00   0.0000e+00   1.1704e+01   7.0445e+00   0  J  0.00  1   !  -9.99000e+02  -99.000  -99.000  -999
OBS: 1742  56314.301    95.00   0.0000e+00   1.0652e+01   6.4118e+00   0  J  0.00  1   !  -9.99000e+02  -99.000  -99.000  -999
OBS: 1742  56316.301    97.00   0.0000e+00   9.7082e+00   5.8435e+00   0  J  0.00  1   !  -9.99000e+02  -99.000  -99.000  -999
OBS: 1742  56318.301    99.00   0.0000e+00   8.7350e+00   5.2577e+00   0  J  0.00  1   !  -9.99000e+02  -99.000  -99.000  -999
OBS: 1742  56320.301   101.00   0.0000e+00   7.8629e+00   4.7328e+00   0  J  0.00  1   !  -9.99000e+02  -99.000  -99.000  -999
OBS: 1742  56322.301   103.00   0.0000e+00   7.0863e+00   4.2653e+00   0  J  0.00  1   !  -9.99000e+02  -99.000  -99.000  -999
OBS: 1742  56324.301   105.00   0.0000e+00   6.3915e+00   3.8471e+00   0  J  0.00  1   !  -9.99000e+02  -99.000  -99.000  -999
OBS: 1742  56326.301   107.00   0.0000e+00   5.7725e+00   3.4745e+00   0  J  0.00  1   !  -9.99000e+02  -99.000  -99.000  -999
OBS: 1742  56328.301   109.00   0.0000e+00   5.2227e+00   3.1436e+00   0  J  0.00  1   !  -9.99000e+02  -99.000  -99.000  -999
OBS: 1742  56330.301   111.00   0.0000e+00   4.7356e+00   2.8504e+00   0  J  0.00  1   !  -9.99000e+02  -99.000  -99.000  -999
OBS: 1742  56332.301   113.00   0.0000e+00   4.2356e+00   2.5494e+00   0  J  0.00  1   !  -9.99000e+02  -99.000  -99.000  -999
OBS: 1742  56334.301   115.00   0.0000e+00   3.7853e+00   2.2784e+00   0  J  0.00  1   !  -9.99000e+02  -99.000  -99.000  -999
OBS: 1742  56336.301   117.00   0.0000e+00   3.3828e+00   2.0361e+00   0  J  0.00  1   !  -9.99000e+02  -99.000  -99.000  -999
OBS: 1742  56338.301   119.00   0.0000e+00   3.0233e+00   1.8198e+00   0  J  0.00  1   !  -9.99000e+02  -99.000  -99.000  -999
OBS: 1742  56340.301   121.00   0.0000e+00   2.7021e+00   1.6264e+00   0  J  0.00  1   !  -9.99000e+02  -99.000  -99.000  -999
OBS: 1742  56342.301   123.00   0.0000e+00   2.4150e+00   1.4536e+00   0  J  0.00  1   !  -9.99000e+02  -99.000  -99.000  -999
OBS: 1742  56344.301   125.00   0.0000e+00   2.1584e+00   1.2992e+00   0  J  0.00  1   !  -9.99000e+02  -99.000  -99.000  -999
OBS: 1742  56346.301   127.00   0.0000e+00   1.9291e+00   1.1611e+00   0  J  0.00  1   !  -9.99000e+02  -99.000  -99.000  -999
OBS: 1742  56348.301   129.00   0.0000e+00   1.7240e+00   1.0377e+00   0  J  0.00  1   !  -9.99000e+02  -99.000  -99.000  -999
OBS: 1742  56350.301   131.00   0.0000e+00   1.5408e+00   9.2744e-01   0  J  0.00  1   !  -9.99000e+02  -99.000  -99.000  -999
OBS: 1742  56352.301   133.00   0.0000e+00   1.3771e+00   8.2887e-01   0  J  0.00  1   !  -9.99000e+02  -99.000  -99.000  -999
OBS: 1742  56354.301   135.00   0.0000e+00   1.2307e+00   7.4078e-01   0  J  0.00  1   !  -9.99000e+02  -99.000  -99.000  -999
OBS: 1742  56356.301   137.00   0.0000e+00   1.0999e+00   6.6205e-01   0  J  0.00  1   !  -9.99000e+02  -99.000  -99.000  -999
OBS: 1742  56358.301   139.00   0.0000e+00   9.8302e-01   5.9169e-01   0  J  0.00  1   !  -9.99000e+02  -99.000  -99.000  -999
OBS: 1742  56229.551    10.25   3.1313e+01   3.0944e+01   4.9386e-01   1  H  0.00  1   J  1.43902e+18  0.543  2.000  1.00000e+11
OBS: 1742  56235.344    16.04   2.2077e+01   2.1894e+01   4.2676e-01   1  H  0.00  1   J  9.86374e+17  0.509  3.373  1.00000e+11
OBS: 1742  56242.922    23.62   2.3164e+01   2.2211e+01   4.3008e-01   1  H  0.17  1   J  9.48013e+17  0.450  4.777  1.00000e+11
OBS: 1742  56160.301   -59.00   0.0000e+00   0.0000e+00   0.0000e+00   0  H  0.00  1   !  -9.99000e+02  -99.000  -99.000  -999
OBS: 1742  56162.301   -57.00   0.0000e+00   0.0000e+00   0.0000e+00   0  H  0.00  1   !  -9.99000e+02  -99.000  -99.000  -999
OBS: 1742  56164.301   -55.00   0.0000e+00   0.0000e+00   0.0000e+00   0  H  0.00  1   !  -9.99000e+02  -99.000  -99.000  -999
OBS: 1742  56166.301   -53.00   0.0000e+00   0.0000e+00   0.0000e+00   0  H  0.00  1   !  -9.99000e+02  -99.000  -99.000  -999
OBS: 1742  56168.301   -51.00   0.0000e+00   0.0000e+00   0.0000e+00   0  H  0.00  1   !  -9.99000e+02  -99.000  -99.000  -999
OBS: 1742  56170.301   -49.00   0.0000e+00   0.0000e+00   0.0000e+00   0  H  0.00  1   !  -9.99000e+02  -99.000  -99.000  -999
OBS: 1742  56172.301   -47.00   0.0000e+00   0.0000e+00   0.0000e+00   0  H  0.00  1   !  -9.99000e+02  -99.000  -99.000  -999
OBS: 1742  56174.301   -45.00   0.0000e+00   0.0000e+00   0.0000e+00   0  H  0.00  1   !  -9.99000e+02  -99.000  -99.000  -999
OBS: 1742  56176.301   -43.00   0.0000e+00   0.0000e+00   0.0000e+00   0  H  0.00  1   !  -9.99000e+02  -99.000  -99.000  -999
OBS: 1742  56178.301   -41.00   0.0000e+00   0.0000e+00   0.0000e+00   0  H  0.00  1   !  -9.99000e+02  -99.000  -99.000  -999
OBS: 1742  56180.301   -39.00   0.0000e+00   0.0000e+00   0.0000e+00   0  H  0.00  1   !  -9.99000e+02  -99.000  -99.000  -999
OBS: 1742  56182.301   -37.00   0.0000e+00   0.0000e+00   0.0000e+00   0  H  0.00  1   !  -9.99000e+02  -99.000  -99.000  -999
OBS: 1742  56184.301   -35.00   0.0000e+00   0.0000e+00   0.0000e+00   0  H  0.00  1   !  -9.99000e+02  -99.000  -99.000  -999
OBS: 1742  56186.301   -33.00   0.0000e+00   0.0000e+00   0.0000e+00   0  H  0.00  1   !  -9.99000e+02  -99.000  -99.000  -999
OBS: 1742  56188.301   -31.00   0.0000e+00   0.0000e+00   0.0000e+00   0  H  0.00  1   !  -9.99000e+02  -99.000  -99.000  -999
OBS: 1742  56190.301   -29.00   0.0000e+00   0.0000e+00   0.0000e+00   0  H  0.00  1   !  -9.99000e+02  -99.000  -99.000  -999
OBS: 1742  56192.301   -27.00   0.0000e+00   0.0000e+00   0.0000e+00   0  H  0.00  1   !  -9.99000e+02  -99.000  -99.000  -999
OBS: 1742  56194.301   -25.00   0.0000e+00   3.7456e+01   2.2545e+01   0  H  0.00  1   !  -9.99000e+02  -99.000  -99.000  -999
OBS: 1742  56196.301   -23.00   0.0000e+00   3.5922e+01   2.1622e+01   0  H  0.00  1   !  -9.99000e+02  -99.000  -99.000  -999
OBS: 1742  56198.301   -21.00   0.0000e+00   3.5848e+01   2.1577e+01   0  H  0.00  1   !  -9.99000e+02  -99.000  -99.000  -999
OBS: 1742  56200.301   -19.00   0.0000e+00   3.9140e+01   1.5836e+01   0  H  0.00  1   !  -9.99000e+02  -99.000  -99.000  -999
OBS: 1742  56202.301   -17.00   0.0000e+00   5.0885e+01   1.5538e+00   0  H  0.00  1   !  -9.99000e+02  -99.000  -99.000  -999
OBS: 1742  56204.301   -15.00   0.0000e+00   6.0204e+01   1.6046e+00   0  H  0.00  1   !  -9.99000e+02  -99.000  -99.000  -999
OBS: 1742  56206.301   -13.00   0.0000e+00   6.7289e+01   1.9284e+00   0  H  0.00  1   !  -9.99000e+02  -99.000  -99.000  -999
OBS: 1742  56208.301   -11.00   0.0000e+00   7.1431e+01   1.9194e+00   0  H  0.00  1   !  -9.99000e+02  -99.000  -99.000  -999
OBS: 1742  56210.301    -9.00   0.0000e+00   7.3578e+01   1.7882e+00   0  H  0.00  1   !  -9.99000e+02  -99.000  -99.000  -999
OBS: 1742  56212.301    -7.00   0.0000e+00   7.4554e+01   1.6628e+00   0  H  0.00  1   !  -9.99000e+02  -99.000  -99.000  -999
OBS: 1742  56214.301    -5.00   0.0000e+00   7.3814e+01   1.7681e+00   0  H  0.00  1   !  -9.99000e+02  -99.000  -99.000  -999
OBS: 1742  56216.301    -3.00   0.0000e+00   7.0981e+01   1.8821e+00   0  H  0.00  1   !  -9.99000e+02  -99.000  -99.000  -999
OBS: 1742  56218.301    -1.00   0.0000e+00   6.6748e+01   1.9427e+00   0  H  0.00  1   !  -9.99000e+02  -99.000  -99.000  -999
OBS: 1742  56220.301     1.00   0.0000e+00   5.9977e+01   1.9413e+00   0  H  0.00  1   !  -9.99000e+02  -99.000  -99.000  -999
OBS: 1742  56222.301     3.00   0.0000e+00   5.2359e+01   1.9009e+00   0  H  0.00  1   !  -9.99000e+02  -99.000  -99.000  -999
OBS: 1742  56224.301     5.00   0.0000e+00   4.5497e+01   1.8412e+00   0  H  0.00  1   !  -9.99000e+02  -99.000  -99.000  -999
OBS: 1742  56226.301     7.00   0.0000e+00   3.9784e+01   1.8054e+00   0  H  0.00  1   !  -9.99000e+02  -99.000  -99.000  -999
OBS: 1742  56228.301     9.00   0.0000e+00   3.4243e+01   1.7605e+00   0  H  0.00  1   !  -9.99000e+02  -99.000  -99.000  -999
OBS: 1742  56230.301    11.00   0.0000e+00   2.9272e+01   1.8630e+00   0  H  0.00  1   !  -9.99000e+02  -99.000  -99.000  -999
OBS: 1742  56232.301    13.00   0.0000e+00   2.5265e+01   2.0532e+00   0  H  0.00  1   !  -9.99000e+02  -99.000  -99.000  -999
OBS: 1742  56234.301    15.00   0.0000e+00   2.2577e+01   2.2196e+00   0  H  0.00  1   !  -9.99000e+02  -99.000  -99.000  -999
OBS: 1742  56236.301    17.00   0.0000e+00   2.1536e+01   2.2429e+00   0  H  0.00  1   !  -9.99000e+02  -99.000  -99.000  -999
OBS: 1742  56238.301    19.00   0.0000e+00   2.1535e+01   2.1886e+00   0  H  0.00  1   !  -9.99000e+02  -99.000  -99.000  -999
OBS: 1742  56240.301    21.00   0.0000e+00   2.1842e+01   2.0737e+00   0  H  0.00  1   !  -9.99000e+02  -99.000  -99.000  -999
OBS: 1742  56242.301    23.00   0.0000e+00   2.2650e+01   1.7847e+00   0  H  0.00  1   !  -9.99000e+02  -99.000  -99.000  -999
OBS: 1742  56244.301    25.00   0.0000e+00   2.3600e+01   1.6314e+00   0  H  0.00  1   !  -9.99000e+02  -99.000  -99.000  -999
OBS: 1742  56246.301    27.00   0.0000e+00   2.4869e+01   1.8386e+00   0  H  0.00  1   !  -9.99000e+02  -99.000  -99.000  -999
OBS: 1742  56248.301    29.00   0.0000e+00   2.6312e+01   2.2241e+00   0  H  0.00  1   !  -9.99000e+02  -99.000  -99.000  -999
OBS: 1742  56250.301    31.00   0.0000e+00   2.7598e+01   2.4729e+00   0  H  0.00  1   !  -9.99000e+02  -99.000  -99.000  -999
OBS: 1742  56252.301    33.00   0.0000e+00   2.8789e+01   2.5933e+00   0  H  0.00  1   !  -9.99000e+02  -99.000  -99.000  -999
OBS: 1742  56254.301    35.00   0.0000e+00   3.0013e+01   2.6840e+00   0  H  0.00  1   !  -9.99000e+02  -99.000  -99.000  -999
OBS: 1742  56256.301    37.00   0.0000e+00   3.1030e+01   2.7196e+00   0  H  0.00  1   !  -9.99000e+02  -99.000  -99.000  -999
OBS: 1742  56258.301    39.00   0.0000e+00   3.2332e+01   2.7577e+00   0  H  0.00  1   !  -9.99000e+02  -99.000  -99.000  -999
OBS: 1742  56260.301    41.00   0.0000e+00   3.4417e+01   3.0379e+00   0  H  0.00  1   !  -9.99000e+02  -99.000  -99.000  -999
OBS: 1742  56262.301    43.00   0.0000e+00   3.7459e+01   3.6092e+00   0  H  0.00  1   !  -9.99000e+02  -99.000  -99.000  -999
OBS: 1742  56264.301    45.00   0.0000e+00   4.0369e+01   4.2622e+00   0  H  0.00  1   !  -9.99000e+02  -99.000  -99.000  -999
OBS: 1742  56266.301    47.00   0.0000e+00   4.2316e+01   4.6903e+00   0  H  0.00  1   !  -9.99000e+02  -99.000  -99.000  -999
OBS: 1742  56268.301    49.00   0.0000e+00   4.2466e+01   4.8831e+00   0  H  0.00  1   !  -9.99000e+02  -99.000  -99.000  -999
OBS: 1742  56270.301    51.00   0.0000e+00   4.1259e+01   4.9839e+00   0  H  0.00  1   !  -9.99000e+02  -99.000  -99.000  -999
OBS: 1742  56272.301    53.00   0.0000e+00   3.8722e+01   4.9558e+00   0  H  0.00  1   !  -9.99000e+02  -99.000  -99.000  -999
OBS: 1742  56274.301    55.00   0.0000e+00   3.5302e+01   4.6167e+00   0  H  0.00  1   !  -9.99000e+02  -99.000  -99.000  -999
OBS: 1742  56276.301    57.00   0.0000e+00   3.1139e+01   3.9658e+00   0  H  0.00  1   !  -9.99000e+02  -99.000  -99.000  -999
OBS: 1742  56278.301    59.00   0.0000e+00   2.6991e+01   3.2608e+00   0  H  0.00  1   !  -9.99000e+02  -99.000  -99.000  -999
OBS: 1742  56280.301    61.00   0.0000e+00   2.3681e+01   2.6589e+00   0  H  0.00  1   !  -9.99000e+02  -99.000  -99.000  -999
OBS: 1742  56282.301    63.00   0.0000e+00   2.1514e+01   2.4923e+00   0  H  0.00  1   !  -9.99000e+02  -99.000  -99.000  -999
OBS: 1742  56284.301    65.00   0.0000e+00   2.0371e+01   3.3184e+00   0  H  0.00  1   !  -9.99000e+02  -99.000  -99.000  -999
OBS: 1742  56286.301    67.00   0.0000e+00   1.9744e+01   1.1884e+01   0  H  0.00  1   !  -9.99000e+02  -99.000  -99.000  -999
OBS: 1742  56288.301    69.00   0.0000e+00   1.9192e+01   1.1552e+01   0  H  0.00  1   !  -9.99000e+02  -99.000  -99.000  -999
OBS: 1742  56290.301    71.00   0.0000e+00   1.7990e+01   1.0828e+01   0  H  0.00  1   !  -9.99000e+02  -99.000  -99.000  -999
OBS: 1742  56292.301    73.00   0.0000e+00   1.6644e+01   1.0018e+01   0  H  0.00  1   !  -9.99000e+02  -99.000  -99.000  -999
OBS: 1742  56294.301    75.00   0.0000e+00   1.5362e+01   9.2465e+00   0  H  0.00  1   !  -9.99000e+02  -99.000  -99.000  -999
OBS: 1742  56296.301    77.00   0.0000e+00   1.4209e+01   8.5525e+00   0  H  0.00  1   !  -9.99000e+02  -99.000  -99.000  -999
OBS: 1742  56298.301    79.00   0.0000e+00   1.2970e+01   7.8071e+00   0  H  0.00  1   !  -9.99000e+02  -99.000  -99.000  -999
OBS: 1742  56300.301    81.00   0.0000e+00   1.1431e+01   6.8805e+00   0  H  0.00  1   !  -9.99000e+02  -99.000  -99.000  -999
OBS: 1742  56302.301    83.00   0.0000e+00   1.0091e+01   6.0739e+00   0  H  0.00  1   !  -9.99000e+02  -99.000  -99.000  -999
OBS: 1742  56304.301    85.00   0.0000e+00   9.2726e+00   5.5813e+00   0  H  0.00  1   !  -9.99000e+02  -99.000  -99.000  -999
OBS: 1742  56306.301    87.00   0.0000e+00   8.4845e+00   5.1069e+00   0  H  0.00  1   !  -9.99000e+02  -99.000  -99.000  -999
OBS: 1742  56308.301    89.00   0.0000e+00   7.8242e+00   4.7094e+00   0  H  0.00  1   !  -9.99000e+02  -99.000  -99.000  -999
OBS: 1742  56310.301    91.00   0.0000e+00   7.2922e+00   4.3893e+00   0  H  0.00  1   !  -9.99000e+02  -99.000  -99.000  -999
OBS: 1742  56312.301    93.00   0.0000e+00   6.7838e+00   4.0833e+00   0  H  0.00  1   !  -9.99000e+02  -99.000  -99.000  -999
OBS: 1742  56314.301    95.00   0.0000e+00   6.2243e+00   3.7464e+00   0  H  0.00  1   !  -9.99000e+02  -99.000  -99.000  -999
OBS: 1742  56316.301    97.00   0.0000e+00   5.6814e+00   3.4197e+00   0  H  0.00  1   !  -9.99000e+02  -99.000  -99.000  -999
OBS: 1742  56318.301    99.00   0.0000e+00   5.4790e+00   3.2978e+00   0  H  0.00  1   !  -9.99000e+02  -99.000  -99.000  -999
OBS: 1742  56320.301   101.00   0.0000e+00   5.2846e+00   3.1809e+00   0  H  0.00  1   !  -9.99000e+02  -99.000  -99.000  -999
OBS: 1742  56322.301   103.00   0.0000e+00   5.0986e+00   3.0689e+00   0  H  0.00  1   !  -9.99000e+02  -99.000  -99.000  -999
OBS: 1742  56324.301   105.00   0.0000e+00   4.9206e+00   2.9617e+00   0  H  0.00  1   !  -9.99000e+02  -99.000  -99.000  -999
OBS: 1742  56326.301   107.00   0.0000e+00   4.7461e+00   2.8567e+00   0  H  0.00  1   !  -9.99000e+02  -99.000  -99.000  -999
OBS: 1742  56328.301   109.00   0.0000e+00   4.5709e+00   2.7513e+00   0  H  0.00  1   !  -9.99000e+02  -99.000  -99.000  -999
OBS: 1742  56330.301   111.00   0.0000e+00   4.3932e+00   2.6443e+00   0  H  0.00  1   !  -9.99000e+02  -99.000  -99.000  -999
OBS: 1742  56332.301   113.00   0.0000e+00   4.2741e+00   2.5726e+00   0  H  0.00  1   !  -9.99000e+02  -99.000  -99.000  -999
OBS: 1742  56334.301   115.00   0.0000e+00   4.1613e+00   2.5047e+00   0  H  0.00  1   !  -9.99000e+02  -99.000  -99.000  -999
OBS: 1742  56336.301   117.00   0.0000e+00   4.0514e+00   2.4386e+00   0  H  0.00  1   !  -9.99000e+02  -99.000  -99.000  -999
OBS: 1742  56338.301   119.00   0.0000e+00   3.9444e+00   2.3742e+00   0  H  0.00  1   !  -9.99000e+02  -99.000  -99.000  -999
OBS: 1742  56340.301   121.00   0.0000e+00   3.8403e+00   2.3115e+00   0  H  0.00  1   !  -9.99000e+02  -99.000  -99.000  -999
OBS: 1742  56342.301   123.00   0.0000e+00   3.7389e+00   2.2505e+00   0  H  0.00  1   !  -9.99000e+02  -99.000  -99.000  -999
OBS: 1742  56344.301   125.00   0.0000e+00   3.6402e+00   2.1911e+00   0  H  0.00  1   !  -9.99000e+02  -99.000  -99.000  -999
OBS: 1742  56346.301   127.00   0.0000e+00   3.5441e+00   2.1332e+00   0  H  0.00  1   !  -9.99000e+02  -99.000  -99.000  -999
OBS: 1742  56348.301   129.00   0.0000e+00   3.4505e+00   2.0769e+00   0  H  0.00  1   !  -9.99000e+02  -99.000  -99.000  -999
OBS: 1742  56350.301   131.00   0.0000e+00   3.3594e+00   2.0220e+00   0  H  0.00  1   !  -9.99000e+02  -99.000  -99.000  -999
OBS: 1742  56352.301   133.00   0.0000e+00   3.2707e+00   1.9687e+00   0  H  0.00  1   !  -9.99000e+02  -99.000  -99.000  -999
OBS: 1742  56354.301   135.00   0.0000e+00   3.1843e+00   1.9167e+00   0  H  0.00  1   !  -9.99000e+02  -99.000  -99.000  -999
OBS: 1742  56356.301   137.00   0.0000e+00   3.1002e+00   1.8661e+00   0  H  0.00  1   !  -9.99000e+02  -99.000  -99.000  -999
OBS: 1742  56358.301   139.00   0.0000e+00   3.0184e+00   1.8168e+00   0  H  0.00  1   !  -9.99000e+02  -99.000  -99.000  -999
