VARNAMES: CID MJD Tobs SIM_FLUXCAL FLUXCAL FLUXCAL_ERR DATAFLAG BAND CHI2 IFIT BAND_REST FLUX_REST KCOR AVWARP SIM_FLUX_REST 
OBS: 7566  56265.105    18.20   7.1467e+01   7.0923e+01   6.8453e-01   1  J  0.05  1   Y  1.30376e+18  0.042  -1.528  1.00000e+11
OBS: 7566  56272.180    25.27   8.9011e+01   8.8551e+01   7.7784e-01   1  J  0.06  1   Y  1.68286e+18  0.078  -1.013  1.00000e+11
OBS: 7566  56278.887    31.98   1.0680e+02   1.0726e+02   8.7196e-01   1  J  0.00  1   Y  2.26044e+18  0.191  -0.878  1.00000e+11
OBS: 7566  56187.906   -59.00   0.0000e+00   0.0000e+00   0.0000e+00   0  J  0.00  1   !  -9.99000e+02  -99.000  -99.000  -999
OBS: 7566  56189.906   -57.00   0.0000e+00   0.0000e+00   0.0000e+00   0  J  0.00  1   !  -9.99000e+02  -99.000  -99.000  -999
OBS: 7566  56191.906   -55.00   0.0000e+00   0.0000e+00   0.0000e+00   0  J  0.00  1   !  -9.99000e+02  -99.000  -99.000  -999
OBS: 7566  56193.906   -53.00   0.0000e+00   0.0000e+00   0.0000e+00   0  J  0.00  1   !  -9.99000e+02  -99.000  -99.000  -999
OBS: 7566  56195.906   -51.00   0.0000e+00   0.0000e+00   0.0000e+00   0  J  0.00  1   !  -9.99000e+02  -99.000  -99.000  -999
OBS: 7566  56197.906   -49.00   0.0000e+00   0.0000e+00   0.0000e+00   0  J  0.00  1   !  -9.99000e+02  -99.000  -99.000  -999
OBS: 7566  56199.906   -47.00   0.0000e+00   0.0000e+00   0.0000e+00   0  J  0.00  1   !  -9.99000e+02  -99.000  -99.000  -999
OBS: 7566  56201.906   -45.00   0.0000e+00   0.0000e+00   0.0000e+00   0  J  0.00  1   !  -9.99000e+02  -99.000  -99.000  -999
OBS: 7566  56203.906   -43.00   0.0000e+00   0.0000e+00   0.0000e+00   0  J  0.00  1   !  -9.99000e+02  -99.000  -99.000  -999
OBS: 7566  56205.906   -41.00   0.0000e+00   0.0000e+00   0.0000e+00   0  J  0.00  1   !  -9.99000e+02  -99.000  -99.000  -999
OBS: 7566  56207.906   -39.00   0.0000e+00   0.0000e+00   0.0000e+00   0  J  0.00  1   !  -9.99000e+02  -99.000  -99.000  -999
OBS: 7566  56209.906   -37.00   0.0000e+00   0.0000e+00   0.0000e+00   0  J  0.00  1   !  -9.99000e+02  -99.000  -99.000  -999
OBS: 7566  56211.906   -35.00   0.0000e+00   0.0000e+00   0.0000e+00   0  J  0.00  1   !  -9.99000e+02  -99.000  -99.000  -999
OBS: 7566  56213.906   -33.00   0.0000e+00   0.0000e+00   0.0000e+00   0  J  0.00  1   !  -9.99000e+02  -99.000  -99.000  -999
OBS: 7566  56215.906   -31.00   0.0000e+00   0.0000e+00   0.0000e+00   0  J  0.00  1   !  -9.99000e+02  -99.000  -99.000  -999
OBS: 7566  56217.906   -29.00   0.0000e+00   0.0000e+00   0.0000e+00   0  J  0.00  1   !  -9.99000e+02  -99.000  -99.000  -999
OBS: 7566  56219.906   -27.00   0.0000e+00   0.0000e+00   0.0000e+00   0  J  0.00  1   !  -9.99000e+02  -99.000  -99.000  -999
OBS: 7566  56221.906   -25.00   0.0000e+00   2.3099e+01   1.3904e+01   0  J  0.00  1   !  -9.99000e+02  -99.000  -99.000  -999
OBS: 7566  56223.906   -23.00   0.0000e+00   2.5760e+01   1.5505e+01   0  J  0.00  1   !  -9.99000e+02  -99.000  -99.000  -999
OBS: 7566  56225.906   -21.00   0.0000e+00   2.5936e+01   1.5611e+01   0  J  0.00  1   !  -9.99000e+02  -99.000  -99.000  -999
OBS: 7566  56227.906   -19.00   0.0000e+00   2.5924e+01   1.5604e+01   0  J  0.00  1   !  -9.99000e+02  -99.000  -99.000  -999
OBS: 7566  56229.906   -17.00   0.0000e+00   4.1614e+01   6.9000e+00   0  J  0.00  1   !  -9.99000e+02  -99.000  -99.000  -999
OBS: 7566  56231.906   -15.00   0.0000e+00   6.1327e+01   4.3718e+00   0  J  0.00  1   !  -9.99000e+02  -99.000  -99.000  -999
OBS: 7566  56233.906   -13.00   0.0000e+00   7.9773e+01   3.2091e+00   0  J  0.00  1   !  -9.99000e+02  -99.000  -99.000  -999
OBS: 7566  56235.906   -11.00   0.0000e+00   9.5769e+01   2.6811e+00   0  J  0.00  1   !  -9.99000e+02  -99.000  -99.000  -999
OBS: 7566  56237.906    -9.00   0.0000e+00   1.0971e+02   2.6311e+00   0  J  0.00  1   !  -9.99000e+02  -99.000  -99.000  -999
OBS: 7566  56239.906    -7.00   0.0000e+00   1.1944e+02   2.9070e+00   0  J  0.00  1   !  -9.99000e+02  -99.000  -99.000  -999
OBS: 7566  56241.906    -5.00   0.0000e+00   1.2430e+02   3.2531e+00   0  J  0.00  1   !  -9.99000e+02  -99.000  -99.000  -999
OBS: 7566  56243.906    -3.00   0.0000e+00   1.2173e+02   3.0625e+00   0  J  0.00  1   !  -9.99000e+02  -99.000  -99.000  -999
OBS: 7566  56245.906    -1.00   0.0000e+00   1.1488e+02   2.8524e+00   0  J  0.00  1   !  -9.99000e+02  -99.000  -99.000  -999
OBS: 7566  56247.906     1.00   0.0000e+00   1.0584e+02   3.0581e+00   0  J  0.00  1   !  -9.99000e+02  -99.000  -99.000  -999
OBS: 7566  56249.906     3.00   0.0000e+00   9.7191e+01   3.5370e+00   0  J  0.00  1   !  -9.99000e+02  -99.000  -99.000  -999
OBS: 7566  56251.906     5.00   0.0000e+00   8.9338e+01   3.7127e+00   0  J  0.00  1   !  -9.99000e+02  -99.000  -99.000  -999
OBS: 7566  56253.906     7.00   0.0000e+00   8.1518e+01   3.4171e+00   0  J  0.00  1   !  -9.99000e+02  -99.000  -99.000  -999
OBS: 7566  56255.906     9.00   0.0000e+00   7.4507e+01   3.1984e+00   0  J  0.00  1   !  -9.99000e+02  -99.000  -99.000  -999
OBS: 7566  56257.906    11.00   0.0000e+00   7.0558e+01   3.4181e+00   0  J  0.00  1   !  -9.99000e+02  -99.000  -99.000  -999
OBS: 7566  56259.906    13.00   0.0000e+00   6.8660e+01   3.7519e+00   0  J  0.00  1   !  -9.99000e+02  -99.000  -99.000  -999
OBS: 7566  56261.906    15.00   0.0000e+00   6.8220e+01   3.8340e+00   0  J  0.00  1   !  -9.99000e+02  -99.000  -99.000  -999
OBS: 7566  56263.906    17.00   0.0000e+00   6.9886e+01   3.7263e+00   0  J  0.00  1   !  -9.99000e+02  -99.000  -99.000  -999
OBS: 7566  56265.906    19.00   0.0000e+00   7.3305e+01   3.5294e+00   0  J  0.00  1   !  -9.99000e+02  -99.000  -99.000  -999
OBS: 7566  56267.906    21.00   0.0000e+00   7.7926e+01   3.5372e+00   0  J  0.00  1   !  -9.99000e+02  -99.000  -99.000  -999
OBS: 7566  56269.906    23.00   0.0000e+00   8.3124e+01   3.4601e+00   0  J  0.00  1   !  -9.99000e+02  -99.000  -99.000  -999
OBS: 7566  56271.906    25.00   0.0000e+00   8.8755e+01   3.0122e+00   0  J  0.00  1   !  -9.99000e+02  -99.000  -99.000  -999
OBS: 7566  56273.906    27.00   0.0000e+00   9.2729e+01   2.7740e+00   0  J  0.00  1   !  -9.99000e+02  -99.000  -99.000  -999
OBS: 7566  56275.906    29.00   0.0000e+00   9.7195e+01   2.9554e+00   0  J  0.00  1   !  -9.99000e+02  -99.000  -99.000  -999
OBS: 7566  56277.906    31.00   0.0000e+00   1.0379e+02   3.1558e+00   0  J  0.00  1   !  -9.99000e+02  -99.000  -99.000  -999
OBS: 7566  56279.906    33.00   0.0000e+00   1.1032e+02   3.1909e+00   0  J  0.00  1   !  -9.99000e+02  -99.000  -99.000  -999
OBS: 7566  56281.906    35.00   0.0000e+00   1.1436e+02   3.0920e+00   0  J  0.00  1   !  -9.99000e+02  -99.000  -99.000  -999
OBS: 7566  56283.906    37.00   0.0000e+00   1.1664e+02   3.3055e+00   0  J  0.00  1   !  -9.99000e+02  -99.000  -99.000  -999
OBS: 7566  56285.906    39.00   0.0000e+00   1.1744e+02   3.6236e+00   0  J  0.00  1   !  -9.99000e+02  -99.000  -99.000  -999
OBS: 7566  56287.906    41.00   0.0000e+00   1.1708e+02   3.9393e+00   0  J  0.00  1   !  -9.99000e+02  -99.000  -99.000  -999
OBS: 7566  56289.906    43.00   0.0000e+00   1.1487e+02   3.9483e+00   0  J  0.00  1   !  -9.99000e+02  -99.000  -99.000  -999
OBS: 7566  56291.906    45.00   0.0000e+00   1.1241e+02   3.7099e+00   0  J  0.00  1   !  -9.99000e+02  -99.000  -99.000  -999
OBS: 7566  56293.906    47.00   0.0000e+00   1.0948e+02   3.8103e+00   0  J  0.00  1   !  -9.99000e+02  -99.000  -99.000  -999
OBS: 7566  56295.906    49.00   0.0000e+00   1.0457e+02   4.1193e+00   0  J  0.00  1   !  -9.99000e+02  -99.000  -99.000  -999
OBS: 7566  56297.906    51.00   0.0000e+00   9.8000e+01   4.1376e+00   0  J  0.00  1   !  -9.99000e+02  -99.000  -99.000  -999
OBS: 7566  56299.906    53.00   0.0000e+00   9.0514e+01   3.6797e+00   0  J  0.00  1   !  -9.99000e+02  -99.000  -99.000  -999
OBS: 7566  56301.906    55.00   0.0000e+00   8.3168e+01   3.0355e+00   0  J  0.00  1   !  -9.99000e+02  -99.000  -99.000  -999
OBS: 7566  56303.906    57.00   0.0000e+00   7.6730e+01   2.4575e+00   0  J  0.00  1   !  -9.99000e+02  -99.000  -99.000  -999
OBS: 7566  56305.906    59.00   0.0000e+00   7.1461e+01   2.1030e+00   0  J  0.00  1   !  -9.99000e+02  -99.000  -99.000  -999
OBS: 7566  56307.906    61.00   0.0000e+00   6.7018e+01   1.9678e+00   0  J  0.00  1   !  -9.99000e+02  -99.000  -99.000  -999
OBS: 7566  56309.906    63.00   0.0000e+00   6.2232e+01   1.7891e+01   0  J  0.00  1   !  -9.99000e+02  -99.000  -99.000  -999
OBS: 7566  56311.906    65.00   0.0000e+00   5.6918e+01   3.4260e+01   0  J  0.00  1   !  -9.99000e+02  -99.000  -99.000  -999
OBS: 7566  56313.906    67.00   0.0000e+00   5.1643e+01   3.1084e+01   0  J  0.00  1   !  -9.99000e+02  -99.000  -99.000  -999
OBS: 7566  56315.906    69.00   0.0000e+00   4.7087e+01   2.8342e+01   0  J  0.00  1   !  -9.99000e+02  -99.000  -99.000  -999
OBS: 7566  56317.906    71.00   0.0000e+00   4.2843e+01   2.5788e+01   0  J  0.00  1   !  -9.99000e+02  -99.000  -99.000  -999
OBS: 7566  56319.906    73.00   0.0000e+00   3.9179e+01   2.3582e+01   0  J  0.00  1   !  -9.99000e+02  -99.000  -99.000  -999
OBS: 7566  56321.906    75.00   0.0000e+00   3.6186e+01   2.1781e+01   0  J  0.00  1   !  -9.99000e+02  -99.000  -99.000  -999
OBS: 7566  56323.906    77.00   0.0000e+00   3.0851e+01   1.8570e+01   0  J  0.00  1   !  -9.99000e+02  -99.000  -99.000  -999
OBS: 7566  56325.906    79.00   0.0000e+00   2.6364e+01   1.5869e+01   0  J  0.00  1   !  -9.99000e+02  -99.000  -99.000  -999
OBS: 7566  56327.906    81.00   0.0000e+00   2.2890e+01   1.3778e+01   0  J  0.00  1   !  -9.99000e+02  -99.000  -99.000  -999
OBS: 7566  56329.906    83.00   0.0000e+00   2.0160e+01   1.2135e+01   0  J  0.00  1   !  -9.99000e+02  -99.000  -99.000  -999
OBS: 7566  56331.906    85.00   0.0000e+00   1.7945e+01   1.0801e+01   0  J  0.00  1   !  -9.99000e+02  -99.000  -99.000  -999
OBS: 7566  56333.906    87.00   0.0000e+00   1.6125e+01   9.7059e+00   0  J  0.00  1   !  -9.99000e+02  -99.000  -99.000  -999
OBS: 7566  56335.906    89.00   0.0000e+00   1.4569e+01   8.7693e+00   0  J  0.00  1   !  -9.99000e+02  -99.000  -99.000  -999
OBS: 7566  56337.906    91.00   0.0000e+00   1.3202e+01   7.9463e+00   0  J  0.00  1   !  -9.99000e+02  -99.000  -99.000  -999
OBS: 7566  56339.906    93.00   0.0000e+00   1.1964e+01   7.2014e+00   0  J  0.00  1   !  -9.99000e+02  -99.000  -99.000  -999
OBS: 7566  56341.906    95.00   0.0000e+00   1.0744e+01   6.4669e+00   0  J  0.00  1   !  -9.99000e+02  -99.000  -99.000  -999
OBS: 7566  56343.906    97.00   0.0000e+00   9.6514e+00   5.8093e+00   0  J  0.00  1   !  -9.99000e+02  -99.000  -99.000  -999
OBS: 7566  56345.906    99.00   0.0000e+00   8.6780e+00   5.2234e+00   0  J  0.00  1   !  -9.99000e+02  -99.000  -99.000  -999
OBS: 7566  56347.906   101.00   0.0000e+00   7.8069e+00   4.6991e+00   0  J  0.00  1   !  -9.99000e+02  -99.000  -99.000  -999
OBS: 7566  56349.906   103.00   0.0000e+00   7.0312e+00   4.2322e+00   0  J  0.00  1   !  -9.99000e+02  -99.000  -99.000  -999
OBS: 7566  56351.906   105.00   0.0000e+00   6.3396e+00   3.8159e+00   0  J  0.00  1   !  -9.99000e+02  -99.000  -99.000  -999
OBS: 7566  56353.906   107.00   0.0000e+00   5.7081e+00   3.4358e+00   0  J  0.00  1   !  -9.99000e+02  -99.000  -99.000  -999
OBS: 7566  56355.906   109.00   0.0000e+00   5.1028e+00   3.0714e+00   0  J  0.00  1   !  -9.99000e+02  -99.000  -99.000  -999
OBS: 7566  56357.906   111.00   0.0000e+00   4.5616e+00   2.7457e+00   0  J  0.00  1   !  -9.99000e+02  -99.000  -99.000  -999
OBS: 7566  56359.906   113.00   0.0000e+00   4.0778e+00   2.4545e+00   0  J  0.00  1   !  -9.99000e+02  -99.000  -99.000  -999
OBS: 7566  56361.906   115.00   0.0000e+00   3.6452e+00   2.1941e+00   0  J  0.00  1   !  -9.99000e+02  -99.000  -99.000  -999
OBS: 7566  56363.906   117.00   0.0000e+00   3.2585e+00   1.9613e+00   0  J  0.00  1   !  -9.99000e+02  -99.000  -99.000  -999
OBS: 7566  56365.906   119.00   0.0000e+00   2.9127e+00   1.7532e+00   0  J  0.00  1   !  -9.99000e+02  -99.000  -99.000  -999
OBS: 7566  56367.906   121.00   0.0000e+00   2.6038e+00   1.5673e+00   0  J  0.00  1   !  -9.99000e+02  -99.000  -99.000  -999
OBS: 7566  56369.906   123.00   0.0000e+00   2.3276e+00   1.4010e+00   0  J  0.00  1   !  -9.99000e+02  -99.000  -99.000  -999
OBS: 7566  56371.906   125.00   0.0000e+00   2.0805e+00   1.2523e+00   0  J  0.00  1   !  -9.99000e+02  -99.000  -99.000  -999
OBS: 7566  56373.906   127.00   0.0000e+00   1.8597e+00   1.1194e+00   0  J  0.00  1   !  -9.99000e+02  -99.000  -99.000  -999
OBS: 7566  56375.906   129.00   0.0000e+00   1.6622e+00   1.0005e+00   0  J  0.00  1   !  -9.99000e+02  -99.000  -99.000  -999
OBS: 7566  56377.906   131.00   0.0000e+00   1.4857e+00   8.9428e-01   0  J  0.00  1   !  -9.99000e+02  -99.000  -99.000  -999
OBS: 7566  56379.906   133.00   0.0000e+00   1.3280e+00   7.9931e-01   0  J  0.00  1   !  -9.99000e+02  -99.000  -99.000  -999
OBS: 7566  56381.906   135.00   0.0000e+00   1.1869e+00   7.1443e-01   0  J  0.00  1   !  -9.99000e+02  -99.000  -99.000  -999
OBS: 7566  56383.906   137.00   0.0000e+00   1.0609e+00   6.3855e-01   0  J  0.00  1   !  -9.99000e+02  -99.000  -99.000  -999
OBS: 7566  56385.906   139.00   0.0000e+00   9.4834e-01   5.7082e-01   0  J  0.00  1   !  -9.99000e+02  -99.000  -99.000  -999
OBS: 7566  56265.109    18.20   2.7917e+01   2.8601e+01   5.3005e-01   1  H  0.09  1   J  8.95404e+17  0.620  3.263  1.00000e+11
OBS: 7566  56272.184    25.28   3.0980e+01   3.1783e+01   5.5029e-01   1  H  0.15  1   J  9.79548e+17  0.603  3.145  1.00000e+11
OBS: 7566  56278.891    31.98   3.3592e+01   3.4071e+01   5.6512e-01   1  H  0.05  1   J  1.00202e+18  0.552  1.441  1.00000e+11
OBS: 7566  56187.906   -59.00   0.0000e+00   0.0000e+00   0.0000e+00   0  H  0.00  1   !  -9.99000e+02  -99.000  -99.000  -999
OBS: 7566  56189.906   -57.00   0.0000e+00   0.0000e+00   0.0000e+00   0  H  0.00  1   !  -9.99000e+02  -99.000  -99.000  -999
OBS: 7566  56191.906   -55.00   0.0000e+00   0.0000e+00   0.0000e+00   0  H  0.00  1   !  -9.99000e+02  -99.000  -99.000  -999
OBS: 7566  56193.906   -53.00   0.0000e+00   0.0000e+00   0.0000e+00   0  H  0.00  1   !  -9.99000e+02  -99.000  -99.000  -999
OBS: 7566  56195.906   -51.00   0.0000e+00   0.0000e+00   0.0000e+00   0  H  0.00  1   !  -9.99000e+02  -99.000  -99.000  -999
OBS: 7566  56197.906   -49.00   0.0000e+00   0.0000e+00   0.0000e+00   0  H  0.00  1   !  -9.99000e+02  -99.000  -99.000  -999
OBS: 7566  56199.906   -47.00   0.0000e+00   0.0000e+00   0.0000e+00   0  H  0.00  1   !  -9.99000e+02  -99.000  -99.000  -999
OBS: 7566  56201.906   -45.00   0.0000e+00   0.0000e+00   0.0000e+00   0  H  0.00  1   !  -9.99000e+02  -99.000  -99.000  -999
OBS: 7566  56203.906   -43.00   0.0000e+00   0.0000e+00   0.0000e+00   0  H  0.00  1   !  -9.99000e+02  -99.000  -99.000  -999
OBS: 7566  56205.906   -41.00   0.0000e+00   0.0000e+00   0.0000e+00   0  H  0.00  1   !  -9.99000e+02  -99.000  -99.000  -999
OBS: 7566  56207.906   -39.00   0.0000e+00   0.0000e+00   0.0000e+00   0  H  0.00  1   !  -9.99000e+02  -99.000  -99.000  -999
OBS: 7566  56209.906   -37.00   0.0000e+00   0.0000e+00   0.0000e+00   0  H  0.00  1   !  -9.99000e+02  -99.000  -99.000  -999
OBS: 7566  56211.906   -35.00   0.0000e+00   0.0000e+00   0.0000e+00   0  H  0.00  1   !  -9.99000e+02  -99.000  -99.000  -999
OBS: 7566  56213.906   -33.00   0.0000e+00   0.0000e+00   0.0000e+00   0  H  0.00  1   !  -9.99000e+02  -99.000  -99.000  -999
OBS: 7566  56215.906   -31.00   0.0000e+00   0.0000e+00   0.0000e+00   0  H  0.00  1   !  -9.99000e+02  -99.000  -99.000  -999
OBS: 7566  56217.906   -29.00   0.0000e+00   0.0000e+00   0.0000e+00   0  H  0.00  1   !  -9.99000e+02  -99.000  -99.000  -999
OBS: 7566  56219.906   -27.00   0.0000e+00   0.0000e+00   0.0000e+00   0  H  0.00  1   !  -9.99000e+02  -99.000  -99.000  -999
OBS: 7566  56221.906   -25.00   0.0000e+00   4.2686e+01   2.5693e+01   0  H  0.00  1   !  -9.99000e+02  -99.000  -99.000  -999
OBS: 7566  56223.906   -23.00   0.0000e+00   4.3023e+01   2.5896e+01   0  H  0.00  1   !  -9.99000e+02  -99.000  -99.000  -999
OBS: 7566  56225.906   -21.00   0.0000e+00   4.3636e+01   2.6265e+01   0  H  0.00  1   !  -9.99000e+02  -99.000  -99.000  -999
OBS: 7566  56227.906   -19.00   0.0000e+00   4.3589e+01   2.6237e+01   0  H  0.00  1   !  -9.99000e+02  -99.000  -99.000  -999
OBS: 7566  56229.906   -17.00   0.0000e+00   5.9653e+01   3.8935e+00   0  H  0.00  1   !  -9.99000e+02  -99.000  -99.000  -999
OBS: 7566  56231.906   -15.00   0.0000e+00   7.8646e+01   2.0603e+00   0  H  0.00  1   !  -9.99000e+02  -99.000  -99.000  -999
OBS: 7566  56233.906   -13.00   0.0000e+00   9.3184e+01   2.5828e+00   0  H  0.00  1   !  -9.99000e+02  -99.000  -99.000  -999
OBS: 7566  56235.906   -11.00   0.0000e+00   1.0178e+02   2.7993e+00   0  H  0.00  1   !  -9.99000e+02  -99.000  -99.000  -999
OBS: 7566  56237.906    -9.00   0.0000e+00   1.0531e+02   2.6134e+00   0  H  0.00  1   !  -9.99000e+02  -99.000  -99.000  -999
OBS: 7566  56239.906    -7.00   0.0000e+00   1.0643e+02   2.3946e+00   0  H  0.00  1   !  -9.99000e+02  -99.000  -99.000  -999
OBS: 7566  56241.906    -5.00   0.0000e+00   1.0516e+02   2.4024e+00   0  H  0.00  1   !  -9.99000e+02  -99.000  -99.000  -999
OBS: 7566  56243.906    -3.00   0.0000e+00   1.0011e+02   2.6371e+00   0  H  0.00  1   !  -9.99000e+02  -99.000  -99.000  -999
OBS: 7566  56245.906    -1.00   0.0000e+00   9.2449e+01   2.6853e+00   0  H  0.00  1   !  -9.99000e+02  -99.000  -99.000  -999
OBS: 7566  56247.906     1.00   0.0000e+00   8.2089e+01   2.6642e+00   0  H  0.00  1   !  -9.99000e+02  -99.000  -99.000  -999
OBS: 7566  56249.906     3.00   0.0000e+00   7.0711e+01   2.6466e+00   0  H  0.00  1   !  -9.99000e+02  -99.000  -99.000  -999
OBS: 7566  56251.906     5.00   0.0000e+00   6.0278e+01   2.5567e+00   0  H  0.00  1   !  -9.99000e+02  -99.000  -99.000  -999
OBS: 7566  56253.906     7.00   0.0000e+00   5.1271e+01   2.4392e+00   0  H  0.00  1   !  -9.99000e+02  -99.000  -99.000  -999
OBS: 7566  56255.906     9.00   0.0000e+00   4.3037e+01   2.4599e+00   0  H  0.00  1   !  -9.99000e+02  -99.000  -99.000  -999
OBS: 7566  56257.906    11.00   0.0000e+00   3.6040e+01   2.6737e+00   0  H  0.00  1   !  -9.99000e+02  -99.000  -99.000  -999
OBS: 7566  56259.906    13.00   0.0000e+00   3.1142e+01   2.9367e+00   0  H  0.00  1   !  -9.99000e+02  -99.000  -99.000  -999
OBS: 7566  56261.906    15.00   0.0000e+00   2.8324e+01   2.9489e+00   0  H  0.00  1   !  -9.99000e+02  -99.000  -99.000  -999
OBS: 7566  56263.906    17.00   0.0000e+00   2.7646e+01   2.8165e+00   0  H  0.00  1   !  -9.99000e+02  -99.000  -99.000  -999
OBS: 7566  56265.906    19.00   0.0000e+00   2.8010e+01   2.6299e+00   0  H  0.00  1   !  -9.99000e+02  -99.000  -99.000  -999
OBS: 7566  56267.906    21.00   0.0000e+00   2.9055e+01   2.2221e+00   0  H  0.00  1   !  -9.99000e+02  -99.000  -99.000  -999
OBS: 7566  56269.906    23.00   0.0000e+00   3.0071e+01   2.0949e+00   0  H  0.00  1   !  -9.99000e+02  -99.000  -99.000  -999
OBS: 7566  56271.906    25.00   0.0000e+00   3.0751e+01   2.3793e+00   0  H  0.00  1   !  -9.99000e+02  -99.000  -99.000  -999
OBS: 7566  56273.906    27.00   0.0000e+00   3.1299e+01   2.7383e+00   0  H  0.00  1   !  -9.99000e+02  -99.000  -99.000  -999
OBS: 7566  56275.906    29.00   0.0000e+00   3.1956e+01   2.8785e+00   0  H  0.00  1   !  -9.99000e+02  -99.000  -99.000  -999
OBS: 7566  56277.906    31.00   0.0000e+00   3.2841e+01   2.9371e+00   0  H  0.00  1   !  -9.99000e+02  -99.000  -99.000  -999
OBS: 7566  56279.906    33.00   0.0000e+00   3.4072e+01   2.9911e+00   0  H  0.00  1   !  -9.99000e+02  -99.000  -99.000  -999
OBS: 7566  56281.906    35.00   0.0000e+00   3.5587e+01   3.0568e+00   0  H  0.00  1   !  -9.99000e+02  -99.000  -99.000  -999
OBS: 7566  56283.906    37.00   0.0000e+00   3.7847e+01   3.3235e+00   0  H  0.00  1   !  -9.99000e+02  -99.000  -99.000  -999
OBS: 7566  56285.906    39.00   0.0000e+00   4.0880e+01   3.9666e+00   0  H  0.00  1   !  -9.99000e+02  -99.000  -99.000  -999
OBS: 7566  56287.906    41.00   0.0000e+00   4.4177e+01   4.7232e+00   0  H  0.00  1   !  -9.99000e+02  -99.000  -99.000  -999
OBS: 7566  56289.906    43.00   0.0000e+00   4.6249e+01   5.1758e+00   0  H  0.00  1   !  -9.99000e+02  -99.000  -99.000  -999
OBS: 7566  56291.906    45.00   0.0000e+00   4.6148e+01   5.4036e+00   0  H  0.00  1   !  -9.99000e+02  -99.000  -99.000  -999
OBS: 7566  56293.906    47.00   0.0000e+00   4.3325e+01   5.4071e+00   0  H  0.00  1   !  -9.99000e+02  -99.000  -99.000  -999
OBS: 7566  56295.906    49.00   0.0000e+00   3.8713e+01   5.0367e+00   0  H  0.00  1   !  -9.99000e+02  -99.000  -99.000  -999
OBS: 7566  56297.906    51.00   0.0000e+00   3.2987e+01   4.2511e+00   0  H  0.00  1   !  -9.99000e+02  -99.000  -99.000  -999
OBS: 7566  56299.906    53.00   0.0000e+00   2.7097e+01   3.3185e+00   0  H  0.00  1   !  -9.99000e+02  -99.000  -99.000  -999
OBS: 7566  56301.906    55.00   0.0000e+00   2.2202e+01   2.5172e+00   0  H  0.00  1   !  -9.99000e+02  -99.000  -99.000  -999
OBS: 7566  56303.906    57.00   0.0000e+00   1.9299e+01   2.2438e+00   0  H  0.00  1   !  -9.99000e+02  -99.000  -99.000  -999
OBS: 7566  56305.906    59.00   0.0000e+00   1.7817e+01   3.0019e+00   0  H  0.00  1   !  -9.99000e+02  -99.000  -99.000  -999
OBS: 7566  56307.906    61.00   0.0000e+00   1.7013e+01   4.5398e+00   0  H  0.00  1   !  -9.99000e+02  -99.000  -99.000  -999
OBS: 7566  56309.906    63.00   0.0000e+00   1.6238e+01   7.2964e+00   0  H  0.00  1   !  -9.99000e+02  -99.000  -99.000  -999
OBS: 7566  56311.906    65.00   0.0000e+00   1.5356e+01   9.2430e+00   0  H  0.00  1   !  -9.99000e+02  -99.000  -99.000  -999
OBS: 7566  56313.906    67.00   0.0000e+00   1.4440e+01   8.6913e+00   0  H  0.00  1   !  -9.99000e+02  -99.000  -99.000  -999
OBS: 7566  56315.906    69.00   0.0000e+00   1.3546e+01   8.1534e+00   0  H  0.00  1   !  -9.99000e+02  -99.000  -99.000  -999
OBS: 7566  56317.906    71.00   0.0000e+00   1.2816e+01   7.7142e+00   0  H  0.00  1   !  -9.99000e+02  -99.000  -99.000  -999
OBS: 7566  56319.906    73.00   0.0000e+00   1.2153e+01   7.3149e+00   0  H  0.00  1   !  -9.99000e+02  -99.000  -99.000  -999
OBS: 7566  56321.906    75.00   0.0000e+00   1.1518e+01   6.9326e+00   0  H  0.00  1   !  -9.99000e+02  -99.000  -99.000  -999
OBS: 7566  56323.906    77.00   0.0000e+00   1.0173e+01   6.1231e+00   0  H  0.00  1   !  -9.99000e+02  -99.000  -99.000  -999
OBS: 7566  56325.906    79.00   0.0000e+00   9.0509e+00   5.4478e+00   0  H  0.00  1   !  -9.99000e+02  -99.000  -99.000  -999
OBS: 7566  56327.906    81.00   0.0000e+00   8.2041e+00   4.9381e+00   0  H  0.00  1   !  -9.99000e+02  -99.000  -99.000  -999
OBS: 7566  56329.906    83.00   0.0000e+00   7.5836e+00   4.5647e+00   0  H  0.00  1   !  -9.99000e+02  -99.000  -99.000  -999
OBS: 7566  56331.906    85.00   0.0000e+00   7.1246e+00   4.2884e+00   0  H  0.00  1   !  -9.99000e+02  -99.000  -99.000  -999
OBS: 7566  56333.906    87.00   0.0000e+00   6.7688e+00   4.0742e+00   0  H  0.00  1   !  -9.99000e+02  -99.000  -99.000  -999
OBS: 7566  56335.906    89.00   0.0000e+00   6.4388e+00   3.8756e+00   0  H  0.00  1   !  -9.99000e+02  -99.000  -99.000  -999
OBS: 7566  56337.906    91.00   0.0000e+00   6.0935e+00   3.6678e+00   0  H  0.00  1   !  -9.99000e+02  -99.000  -99.000  -999
OBS: 7566  56339.906    93.00   0.0000e+00   5.7691e+00   3.4725e+00   0  H  0.00  1   !  -9.99000e+02  -99.000  -99.000  -999
OBS: 7566  56341.906    95.00   0.0000e+00   5.5726e+00   3.3542e+00   0  H  0.00  1   !  -9.99000e+02  -99.000  -99.000  -999
OBS: 7566  56343.906    97.00   0.0000e+00   5.3833e+00   3.2403e+00   0  H  0.00  1   !  -9.99000e+02  -99.000  -99.000  -999
OBS: 7566  56345.906    99.00   0.0000e+00   5.2011e+00   3.1306e+00   0  H  0.00  1   !  -9.99000e+02  -99.000  -99.000  -999
OBS: 7566  56347.906   101.00   0.0000e+00   5.0259e+00   3.0251e+00   0  H  0.00  1   !  -9.99000e+02  -99.000  -99.000  -999
OBS: 7566  56349.906   103.00   0.0000e+00   4.8559e+00   2.9228e+00   0  H  0.00  1   !  -9.99000e+02  -99.000  -99.000  -999
OBS: 7566  56351.906   105.00   0.0000e+00   4.6906e+00   2.8234e+00   0  H  0.00  1   !  -9.99000e+02  -99.000  -99.000  -999
OBS: 7566  56353.906   107.00   0.0000e+00   4.5330e+00   2.7284e+00   0  H  0.00  1   !  -9.99000e+02  -99.000  -99.000  -999
OBS: 7566  56355.906   109.00   0.0000e+00   4.3884e+00   2.6414e+00   0  H  0.00  1   !  -9.99000e+02  -99.000  -99.000  -999
OBS: 7566  56357.906   111.00   0.0000e+00   4.2484e+00   2.5571e+00   0  H  0.00  1   !  -9.99000e+02  -99.000  -99.000  -999
OBS: 7566  56359.906   113.00   0.0000e+00   4.1128e+00   2.4756e+00   0  H  0.00  1   !  -9.99000e+02  -99.000  -99.000  -999
OBS: 7566  56361.906   115.00   0.0000e+00   3.9816e+00   2.3966e+00   0  H  0.00  1   !  -9.99000e+02  -99.000  -99.000  -999
OBS: 7566  56363.906   117.00   0.0000e+00   3.8546e+00   2.3201e+00   0  H  0.00  1   !  -9.99000e+02  -99.000  -99.000  -999
OBS: 7566  56365.906   119.00   0.0000e+00   3.7317e+00   2.2461e+00   0  H  0.00  1   !  -9.99000e+02  -99.000  -99.000  -999
OBS: 7566  56367.906   121.00   0.0000e+00   3.6126e+00   2.1745e+00   0  H  0.00  1   !  -9.99000e+02  -99.000  -99.000  -999
OBS: 7566  56369.906   123.00   0.0000e+00   3.4974e+00   2.1051e+00   0  H  0.00  1   !  -9.99000e+02  -99.000  -99.000  -999
OBS: 7566  56371.906   125.00   0.0000e+00   3.3858e+00   2.0379e+00   0  H  0.00  1   !  -9.99000e+02  -99.000  -99.000  -999
OBS: 7566  56373.906   127.00   0.0000e+00   3.2778e+00   1.9729e+00   0  H  0.00  1   !  -9.99000e+02  -99.000  -99.000  -999
OBS: 7566  56375.906   129.00   0.0000e+00   3.1732e+00   1.9100e+00   0  H  0.00  1   !  -9.99000e+02  -99.000  -99.000  -999
OBS: 7566  56377.906   131.00   0.0000e+00   3.0720e+00   1.8491e+00   0  H  0.00  1   !  -9.99000e+02  -99.000  -99.000  -999
OBS: 7566  56379.906   133.00   0.0000e+00   2.9740e+00   1.7901e+00   0  H  0.00  1   !  -9.99000e+02  -99.000  -99.000  -999
OBS: 7566  56381.906   135.00   0.0000e+00   2.8791e+00   1.7330e+00   0  H  0.00  1   !  -9.99000e+02  -99.000  -99.000  -999
OBS: 7566  56383.906   137.00   0.0000e+00   2.7873e+00   1.6777e+00   0  H  0.00  1   !  -9.99000e+02  -99.000  -99.000  -999
OBS: 7566  56385.906   139.00   0.0000e+00   2.6984e+00   1.6242e+00   0  H  0.00  1   !  -9.99000e+02  -99.000  -99.000  -999
