VARNAMES: CID MJD Tobs SIM_FLUXCAL FLUXCAL FLUXCAL_ERR DATAFLAG BAND CHI2 IFIT BAND_REST FLUX_REST KCOR AVWARP SIM_FLUX_REST 
OBS: 2055  56411.066    19.28   6.6096e+01   6.7029e+01   6.4181e-01   1  J  0.05  1   Y  1.28777e+18  -0.248  -1.092  1.00000e+11
OBS: 2055  56416.484    24.70   7.6864e+01   7.7329e+01   6.9959e-01   1  J  0.00  1   Y  1.48974e+18  -0.245  -0.988  1.00000e+11
OBS: 2055  56424.328    32.55   8.7355e+01   8.7463e+01   7.5503e-01   1  J  0.01  1   Y  2.02099e+18  -0.048  -1.029  1.00000e+11
OBS: 2055  56332.781   -59.00   0.0000e+00   0.0000e+00   0.0000e+00   0  J  0.00  1   !  -9.99000e+02  -99.000  -99.000  -999
OBS: 2055  56334.781   -57.00   0.0000e+00   0.0000e+00   0.0000e+00   0  J  0.00  1   !  -9.99000e+02  -99.000  -99.000  -999
OBS: 2055  56336.781   -55.00   0.0000e+00   0.0000e+00   0.0000e+00   0  J  0.00  1   !  -9.99000e+02  -99.000  -99.000  -999
OBS: 2055  56338.781   -53.00   0.0000e+00   0.0000e+00   0.0000e+00   0  J  0.00  1   !  -9.99000e+02  -99.000  -99.000  -999
OBS: 2055  56340.781   -51.00   0.0000e+00   0.0000e+00   0.0000e+00   0  J  0.00  1   !  -9.99000e+02  -99.000  -99.000  -999
OBS: 2055  56342.781   -49.00   0.0000e+00   0.0000e+00   0.0000e+00   0  J  0.00  1   !  -9.99000e+02  -99.000  -99.000  -999
OBS: 2055  56344.781   -47.00   0.0000e+00   0.0000e+00   0.0000e+00   0  J  0.00  1   !  -9.99000e+02  -99.000  -99.000  -999
OBS: 2055  56346.781   -45.00   0.0000e+00   0.0000e+00   0.0000e+00   0  J  0.00  1   !  -9.99000e+02  -99.000  -99.000  -999
OBS: 2055  56348.781   -43.00   0.0000e+00   0.0000e+00   0.0000e+00   0  J  0.00  1   !  -9.99000e+02  -99.000  -99.000  -999
OBS: 2055  56350.781   -41.00   0.0000e+00   0.0000e+00   0.0000e+00   0  J  0.00  1   !  -9.99000e+02  -99.000  -99.000  -999
OBS: 2055  56352.781   -39.00   0.0000e+00   0.0000e+00   0.0000e+00   0  J  0.00  1   !  -9.99000e+02  -99.000  -99.000  -999
OBS: 2055  56354.781   -37.00   0.0000e+00   0.0000e+00   0.0000e+00   0  J  0.00  1   !  -9.99000e+02  -99.000  -99.000  -999
OBS: 2055  56356.781   -35.00   0.0000e+00   0.0000e+00   0.0000e+00   0  J  0.00  1   !  -9.99000e+02  -99.000  -99.000  -999
OBS: 2055  56358.781   -33.00   0.0000e+00   0.0000e+00   0.0000e+00   0  J  0.00  1   !  -9.99000e+02  -99.000  -99.000  -999
OBS: 2055  56360.781   -31.00   0.0000e+00   0.0000e+00   0.0000e+00   0  J  0.00  1   !  -9.99000e+02  -99.000  -99.000  -999
OBS: 2055  56362.781   -29.00   0.0000e+00   0.0000e+00   0.0000e+00   0  J  0.00  1   !  -9.99000e+02  -99.000  -99.000  -999
OBS: 2055  56364.781   -27.00   0.0000e+00   0.0000e+00   0.0000e+00   0  J  0.00  1   !  -9.99000e+02  -99.000  -99.000  -999
OBS: 2055  56366.781   -25.00   0.0000e+00   1.6549e+01   9.9610e+00   0  J  0.00  1   !  -9.99000e+02  -99.000  -99.000  -999
OBS: 2055  56368.781   -23.00   0.0000e+00   1.4258e+01   8.5822e+00   0  J  0.00  1   !  -9.99000e+02  -99.000  -99.000  -999
OBS: 2055  56370.781   -21.00   0.0000e+00   1.4246e+01   8.5749e+00   0  J  0.00  1   !  -9.99000e+02  -99.000  -99.000  -999
OBS: 2055  56372.781   -19.00   0.0000e+00   1.8959e+01   8.0255e+00   0  J  0.00  1   !  -9.99000e+02  -99.000  -99.000  -999
OBS: 2055  56374.781   -17.00   0.0000e+00   3.5824e+01   3.7282e+00   0  J  0.00  1   !  -9.99000e+02  -99.000  -99.000  -999
OBS: 2055  56376.781   -15.00   0.0000e+00   5.2067e+01   3.0789e+00   0  J  0.00  1   !  -9.99000e+02  -99.000  -99.000  -999
OBS: 2055  56378.781   -13.00   0.0000e+00   6.6690e+01   2.9914e+00   0  J  0.00  1   !  -9.99000e+02  -99.000  -99.000  -999
OBS: 2055  56380.781   -11.00   0.0000e+00   7.9014e+01   2.7763e+00   0  J  0.00  1   !  -9.99000e+02  -99.000  -99.000  -999
OBS: 2055  56382.781    -9.00   0.0000e+00   9.0659e+01   2.3541e+00   0  J  0.00  1   !  -9.99000e+02  -99.000  -99.000  -999
OBS: 2055  56384.781    -7.00   0.0000e+00   9.8388e+01   2.1497e+00   0  J  0.00  1   !  -9.99000e+02  -99.000  -99.000  -999
OBS: 2055  56386.781    -5.00   0.0000e+00   1.0169e+02   2.4092e+00   0  J  0.00  1   !  -9.99000e+02  -99.000  -99.000  -999
OBS: 2055  56388.781    -3.00   0.0000e+00   9.9055e+01   2.7266e+00   0  J  0.00  1   !  -9.99000e+02  -99.000  -99.000  -999
OBS: 2055  56390.781    -1.00   0.0000e+00   9.3600e+01   2.7340e+00   0  J  0.00  1   !  -9.99000e+02  -99.000  -99.000  -999
OBS: 2055  56392.781     1.00   0.0000e+00   8.7167e+01   2.6026e+00   0  J  0.00  1   !  -9.99000e+02  -99.000  -99.000  -999
OBS: 2055  56394.781     3.00   0.0000e+00   8.0858e+01   2.5501e+00   0  J  0.00  1   !  -9.99000e+02  -99.000  -99.000  -999
OBS: 2055  56396.781     5.00   0.0000e+00   7.5369e+01   2.7247e+00   0  J  0.00  1   !  -9.99000e+02  -99.000  -99.000  -999
OBS: 2055  56398.781     7.00   0.0000e+00   7.0981e+01   2.9386e+00   0  J  0.00  1   !  -9.99000e+02  -99.000  -99.000  -999
OBS: 2055  56400.781     9.00   0.0000e+00   6.6812e+01   3.1170e+00   0  J  0.00  1   !  -9.99000e+02  -99.000  -99.000  -999
OBS: 2055  56402.781    11.00   0.0000e+00   6.3914e+01   3.2202e+00   0  J  0.00  1   !  -9.99000e+02  -99.000  -99.000  -999
OBS: 2055  56404.781    13.00   0.0000e+00   6.2465e+01   3.2136e+00   0  J  0.00  1   !  -9.99000e+02  -99.000  -99.000  -999
OBS: 2055  56406.781    15.00   0.0000e+00   6.2550e+01   3.1893e+00   0  J  0.00  1   !  -9.99000e+02  -99.000  -99.000  -999
OBS: 2055  56408.781    17.00   0.0000e+00   6.3384e+01   3.2075e+00   0  J  0.00  1   !  -9.99000e+02  -99.000  -99.000  -999
OBS: 2055  56410.781    19.00   0.0000e+00   6.5753e+01   3.0750e+00   0  J  0.00  1   !  -9.99000e+02  -99.000  -99.000  -999
OBS: 2055  56412.781    21.00   0.0000e+00   7.0227e+01   3.0965e+00   0  J  0.00  1   !  -9.99000e+02  -99.000  -99.000  -999
OBS: 2055  56414.781    23.00   0.0000e+00   7.4136e+01   3.1418e+00   0  J  0.00  1   !  -9.99000e+02  -99.000  -99.000  -999
OBS: 2055  56416.781    25.00   0.0000e+00   7.7603e+01   3.3326e+00   0  J  0.00  1   !  -9.99000e+02  -99.000  -99.000  -999
OBS: 2055  56418.781    27.00   0.0000e+00   7.9122e+01   3.6193e+00   0  J  0.00  1   !  -9.99000e+02  -99.000  -99.000  -999
OBS: 2055  56420.781    29.00   0.0000e+00   7.9971e+01   3.6153e+00   0  J  0.00  1   !  -9.99000e+02  -99.000  -99.000  -999
OBS: 2055  56422.781    31.00   0.0000e+00   8.3300e+01   3.4034e+00   0  J  0.00  1   !  -9.99000e+02  -99.000  -99.000  -999
OBS: 2055  56424.781    33.00   0.0000e+00   8.9087e+01   3.0806e+00   0  J  0.00  1   !  -9.99000e+02  -99.000  -99.000  -999
OBS: 2055  56426.781    35.00   0.0000e+00   9.4951e+01   2.9262e+00   0  J  0.00  1   !  -9.99000e+02  -99.000  -99.000  -999
OBS: 2055  56428.781    37.00   0.0000e+00   9.8065e+01   2.8896e+00   0  J  0.00  1   !  -9.99000e+02  -99.000  -99.000  -999
OBS: 2055  56430.781    39.00   0.0000e+00   9.8210e+01   2.7981e+00   0  J  0.00  1   !  -9.99000e+02  -99.000  -99.000  -999
OBS: 2055  56432.781    41.00   0.0000e+00   9.6074e+01   2.7144e+00   0  J  0.00  1   !  -9.99000e+02  -99.000  -99.000  -999
OBS: 2055  56434.781    43.00   0.0000e+00   9.3059e+01   2.6292e+00   0  J  0.00  1   !  -9.99000e+02  -99.000  -99.000  -999
OBS: 2055  56436.781    45.00   0.0000e+00   8.9013e+01   2.5149e+00   0  J  0.00  1   !  -9.99000e+02  -99.000  -99.000  -999
OBS: 2055  56438.781    47.00   0.0000e+00   8.4965e+01   2.3731e+00   0  J  0.00  1   !  -9.99000e+02  -99.000  -99.000  -999
OBS: 2055  56440.781    49.00   0.0000e+00   8.0822e+01   2.3192e+00   0  J  0.00  1   !  -9.99000e+02  -99.000  -99.000  -999
OBS: 2055  56442.781    51.00   0.0000e+00   7.5347e+01   2.3638e+00   0  J  0.00  1   !  -9.99000e+02  -99.000  -99.000  -999
OBS: 2055  56444.781    53.00   0.0000e+00   6.9295e+01   2.5237e+00   0  J  0.00  1   !  -9.99000e+02  -99.000  -99.000  -999
OBS: 2055  56446.781    55.00   0.0000e+00   6.3551e+01   2.5748e+00   0  J  0.00  1   !  -9.99000e+02  -99.000  -99.000  -999
OBS: 2055  56448.781    57.00   0.0000e+00   5.8666e+01   2.2818e+00   0  J  0.00  1   !  -9.99000e+02  -99.000  -99.000  -999
OBS: 2055  56450.781    59.00   0.0000e+00   5.4459e+01   1.9612e+00   0  J  0.00  1   !  -9.99000e+02  -99.000  -99.000  -999
OBS: 2055  56452.781    61.00   0.0000e+00   5.0357e+01   1.8849e+00   0  J  0.00  1   !  -9.99000e+02  -99.000  -99.000  -999
OBS: 2055  56454.781    63.00   0.0000e+00   4.6296e+01   1.9661e+00   0  J  0.00  1   !  -9.99000e+02  -99.000  -99.000  -999
OBS: 2055  56456.781    65.00   0.0000e+00   4.1979e+01   2.0584e+00   0  J  0.00  1   !  -9.99000e+02  -99.000  -99.000  -999
OBS: 2055  56458.781    67.00   0.0000e+00   3.7623e+01   2.2646e+01   0  J  0.00  1   !  -9.99000e+02  -99.000  -99.000  -999
OBS: 2055  56460.781    69.00   0.0000e+00   3.3390e+01   2.0098e+01   0  J  0.00  1   !  -9.99000e+02  -99.000  -99.000  -999
OBS: 2055  56462.781    71.00   0.0000e+00   3.0433e+01   1.8318e+01   0  J  0.00  1   !  -9.99000e+02  -99.000  -99.000  -999
OBS: 2055  56464.781    73.00   0.0000e+00   2.8049e+01   1.6883e+01   0  J  0.00  1   !  -9.99000e+02  -99.000  -99.000  -999
OBS: 2055  56466.781    75.00   0.0000e+00   2.6001e+01   1.5650e+01   0  J  0.00  1   !  -9.99000e+02  -99.000  -99.000  -999
OBS: 2055  56468.781    77.00   0.0000e+00   2.4344e+01   1.4653e+01   0  J  0.00  1   !  -9.99000e+02  -99.000  -99.000  -999
OBS: 2055  56470.781    79.00   0.0000e+00   2.2786e+01   1.3715e+01   0  J  0.00  1   !  -9.99000e+02  -99.000  -99.000  -999
OBS: 2055  56472.781    81.00   0.0000e+00   1.9841e+01   1.1943e+01   0  J  0.00  1   !  -9.99000e+02  -99.000  -99.000  -999
OBS: 2055  56474.781    83.00   0.0000e+00   1.7321e+01   1.0426e+01   0  J  0.00  1   !  -9.99000e+02  -99.000  -99.000  -999
OBS: 2055  56476.781    85.00   0.0000e+00   1.5282e+01   9.1985e+00   0  J  0.00  1   !  -9.99000e+02  -99.000  -99.000  -999
OBS: 2055  56478.781    87.00   0.0000e+00   1.3615e+01   8.1948e+00   0  J  0.00  1   !  -9.99000e+02  -99.000  -99.000  -999
OBS: 2055  56480.781    89.00   0.0000e+00   1.2250e+01   7.3735e+00   0  J  0.00  1   !  -9.99000e+02  -99.000  -99.000  -999
OBS: 2055  56482.781    91.00   0.0000e+00   1.1127e+01   6.6977e+00   0  J  0.00  1   !  -9.99000e+02  -99.000  -99.000  -999
OBS: 2055  56484.781    93.00   0.0000e+00   1.0169e+01   6.1209e+00   0  J  0.00  1   !  -9.99000e+02  -99.000  -99.000  -999
OBS: 2055  56486.781    95.00   0.0000e+00   9.3255e+00   5.6131e+00   0  J  0.00  1   !  -9.99000e+02  -99.000  -99.000  -999
OBS: 2055  56488.781    97.00   0.0000e+00   8.5844e+00   5.1670e+00   0  J  0.00  1   !  -9.99000e+02  -99.000  -99.000  -999
OBS: 2055  56490.781    99.00   0.0000e+00   7.7903e+00   4.6891e+00   0  J  0.00  1   !  -9.99000e+02  -99.000  -99.000  -999
OBS: 2055  56492.781   101.00   0.0000e+00   7.0664e+00   4.2533e+00   0  J  0.00  1   !  -9.99000e+02  -99.000  -99.000  -999
OBS: 2055  56494.781   103.00   0.0000e+00   6.4166e+00   3.8622e+00   0  J  0.00  1   !  -9.99000e+02  -99.000  -99.000  -999
OBS: 2055  56496.781   105.00   0.0000e+00   5.8317e+00   3.5102e+00   0  J  0.00  1   !  -9.99000e+02  -99.000  -99.000  -999
OBS: 2055  56498.781   107.00   0.0000e+00   5.3071e+00   3.1944e+00   0  J  0.00  1   !  -9.99000e+02  -99.000  -99.000  -999
OBS: 2055  56500.781   109.00   0.0000e+00   4.8373e+00   2.9116e+00   0  J  0.00  1   !  -9.99000e+02  -99.000  -99.000  -999
OBS: 2055  56502.781   111.00   0.0000e+00   4.4178e+00   2.6591e+00   0  J  0.00  1   !  -9.99000e+02  -99.000  -99.000  -999
OBS: 2055  56504.781   113.00   0.0000e+00   3.9952e+00   2.4048e+00   0  J  0.00  1   !  -9.99000e+02  -99.000  -99.000  -999
OBS: 2055  56506.781   115.00   0.0000e+00   3.5976e+00   2.1654e+00   0  J  0.00  1   !  -9.99000e+02  -99.000  -99.000  -999
OBS: 2055  56508.781   117.00   0.0000e+00   3.2394e+00   1.9498e+00   0  J  0.00  1   !  -9.99000e+02  -99.000  -99.000  -999
OBS: 2055  56510.781   119.00   0.0000e+00   2.9168e+00   1.7557e+00   0  J  0.00  1   !  -9.99000e+02  -99.000  -99.000  -999
OBS: 2055  56512.781   121.00   0.0000e+00   2.6263e+00   1.5808e+00   0  J  0.00  1   !  -9.99000e+02  -99.000  -99.000  -999
OBS: 2055  56514.781   123.00   0.0000e+00   2.3647e+00   1.4233e+00   0  J  0.00  1   !  -9.99000e+02  -99.000  -99.000  -999
OBS: 2055  56516.781   125.00   0.0000e+00   2.1293e+00   1.2817e+00   0  J  0.00  1   !  -9.99000e+02  -99.000  -99.000  -999
OBS: 2055  56518.781   127.00   0.0000e+00   1.9172e+00   1.1540e+00   0  J  0.00  1   !  -9.99000e+02  -99.000  -99.000  -999
OBS: 2055  56520.781   129.00   0.0000e+00   1.7260e+00   1.0389e+00   0  J  0.00  1   !  -9.99000e+02  -99.000  -99.000  -999
OBS: 2055  56522.781   131.00   0.0000e+00   1.5539e+00   9.3530e-01   0  J  0.00  1   !  -9.99000e+02  -99.000  -99.000  -999
OBS: 2055  56524.781   133.00   0.0000e+00   1.3989e+00   8.4200e-01   0  J  0.00  1   !  -9.99000e+02  -99.000  -99.000  -999
OBS: 2055  56526.781   135.00   0.0000e+00   1.2593e+00   7.5799e-01   0  J  0.00  1   !  -9.99000e+02  -99.000  -99.000  -999
OBS: 2055  56528.781   137.00   0.0000e+00   1.1336e+00   6.8234e-01   0  J  0.00  1   !  -9.99000e+02  -99.000  -99.000  -999
OBS: 2055  56530.781   139.00   0.0000e+00   1.0205e+00   6.1427e-01   0  J  0.00  1   !  -9.99000e+02  -99.000  -99.000  -999
OBS: 2055  56411.070    19.29   2.0668e+01   2.0468e+01   4.2317e-01   1  H  0.02  1   J  6.67039e+17  0.326  0.997  1.00000e+11
OBS: 2055  56416.488    24.71   2.2760e+01   2.2234e+01   4.3704e-01   1  H  0.10  1   J  7.03960e+17  0.294  1.407  1.00000e+11
OBS: 2055  56424.332    32.55   3.0323e+01   3.0578e+01   4.9683e-01   1  H  0.01  1   J  8.55031e+17  0.159  0.877  1.00000e+11
OBS: 2055  56332.781   -59.00   0.0000e+00   0.0000e+00   0.0000e+00   0  H  0.00  1   !  -9.99000e+02  -99.000  -99.000  -999
OBS: 2055  56334.781   -57.00   0.0000e+00   0.0000e+00   0.0000e+00   0  H  0.00  1   !  -9.99000e+02  -99.000  -99.000  -999
OBS: 2055  56336.781   -55.00   0.0000e+00   0.0000e+00   0.0000e+00   0  H  0.00  1   !  -9.99000e+02  -99.000  -99.000  -999
OBS: 2055  56338.781   -53.00   0.0000e+00   0.0000e+00   0.0000e+00   0  H  0.00  1   !  -9.99000e+02  -99.000  -99.000  -999
OBS: 2055  56340.781   -51.00   0.0000e+00   0.0000e+00   0.0000e+00   0  H  0.00  1   !  -9.99000e+02  -99.000  -99.000  -999
OBS: 2055  56342.781   -49.00   0.0000e+00   0.0000e+00   0.0000e+00   0  H  0.00  1   !  -9.99000e+02  -99.000  -99.000  -999
OBS: 2055  56344.781   -47.00   0.0000e+00   0.0000e+00   0.0000e+00   0  H  0.00  1   !  -9.99000e+02  -99.000  -99.000  -999
OBS: 2055  56346.781   -45.00   0.0000e+00   0.0000e+00   0.0000e+00   0  H  0.00  1   !  -9.99000e+02  -99.000  -99.000  -999
OBS: 2055  56348.781   -43.00   0.0000e+00   0.0000e+00   0.0000e+00   0  H  0.00  1   !  -9.99000e+02  -99.000  -99.000  -999
OBS: 2055  56350.781   -41.00   0.0000e+00   0.0000e+00   0.0000e+00   0  H  0.00  1   !  -9.99000e+02  -99.000  -99.000  -999
OBS: 2055  56352.781   -39.00   0.0000e+00   0.0000e+00   0.0000e+00   0  H  0.00  1   !  -9.99000e+02  -99.000  -99.000  -999
OBS: 2055  56354.781   -37.00   0.0000e+00   0.0000e+00   0.0000e+00   0  H  0.00  1   !  -9.99000e+02  -99.000  -99.000  -999
OBS: 2055  56356.781   -35.00   0.0000e+00   0.0000e+00   0.0000e+00   0  H  0.00  1   !  -9.99000e+02  -99.000  -99.000  -999
OBS: 2055  56358.781   -33.00   0.0000e+00   0.0000e+00   0.0000e+00   0  H  0.00  1   !  -9.99000e+02  -99.000  -99.000  -999
OBS: 2055  56360.781   -31.00   0.0000e+00   0.0000e+00   0.0000e+00   0  H  0.00  1   !  -9.99000e+02  -99.000  -99.000  -999
OBS: 2055  56362.781   -29.00   0.0000e+00   0.0000e+00   0.0000e+00   0  H  0.00  1   !  -9.99000e+02  -99.000  -99.000  -999
OBS: 2055  56364.781   -27.00   0.0000e+00   0.0000e+00   0.0000e+00   0  H  0.00  1   !  -9.99000e+02  -99.000  -99.000  -999
OBS: 2055  56366.781   -25.00   0.0000e+00   1.6219e+01   9.7627e+00   0  H  0.00  1   !  -9.99000e+02  -99.000  -99.000  -999
OBS: 2055  56368.781   -23.00   0.0000e+00   1.6500e+01   9.9312e+00   0  H  0.00  1   !  -9.99000e+02  -99.000  -99.000  -999
OBS: 2055  56370.781   -21.00   0.0000e+00   1.6531e+01   9.9502e+00   0  H  0.00  1   !  -9.99000e+02  -99.000  -99.000  -999
OBS: 2055  56372.781   -19.00   0.0000e+00   2.0264e+01   8.3469e+00   0  H  0.00  1   !  -9.99000e+02  -99.000  -99.000  -999
OBS: 2055  56374.781   -17.00   0.0000e+00   3.3173e+01   2.5322e+00   0  H  0.00  1   !  -9.99000e+02  -99.000  -99.000  -999
OBS: 2055  56376.781   -15.00   0.0000e+00   4.6186e+01   1.6800e+00   0  H  0.00  1   !  -9.99000e+02  -99.000  -99.000  -999
OBS: 2055  56378.781   -13.00   0.0000e+00   5.7612e+01   1.8881e+00   0  H  0.00  1   !  -9.99000e+02  -99.000  -99.000  -999
OBS: 2055  56380.781   -11.00   0.0000e+00   6.5667e+01   1.8358e+00   0  H  0.00  1   !  -9.99000e+02  -99.000  -99.000  -999
OBS: 2055  56382.781    -9.00   0.0000e+00   7.0684e+01   1.4656e+00   0  H  0.00  1   !  -9.99000e+02  -99.000  -99.000  -999
OBS: 2055  56384.781    -7.00   0.0000e+00   7.3348e+01   1.2450e+00   0  H  0.00  1   !  -9.99000e+02  -99.000  -99.000  -999
OBS: 2055  56386.781    -5.00   0.0000e+00   7.3554e+01   1.2267e+00   0  H  0.00  1   !  -9.99000e+02  -99.000  -99.000  -999
OBS: 2055  56388.781    -3.00   0.0000e+00   7.0984e+01   1.3090e+00   0  H  0.00  1   !  -9.99000e+02  -99.000  -99.000  -999
OBS: 2055  56390.781    -1.00   0.0000e+00   6.6822e+01   1.2927e+00   0  H  0.00  1   !  -9.99000e+02  -99.000  -99.000  -999
OBS: 2055  56392.781     1.00   0.0000e+00   6.0356e+01   1.2613e+00   0  H  0.00  1   !  -9.99000e+02  -99.000  -99.000  -999
OBS: 2055  56394.781     3.00   0.0000e+00   5.3133e+01   1.2317e+00   0  H  0.00  1   !  -9.99000e+02  -99.000  -99.000  -999
OBS: 2055  56396.781     5.00   0.0000e+00   4.6293e+01   1.1928e+00   0  H  0.00  1   !  -9.99000e+02  -99.000  -99.000  -999
OBS: 2055  56398.781     7.00   0.0000e+00   4.0021e+01   1.1996e+00   0  H  0.00  1   !  -9.99000e+02  -99.000  -99.000  -999
OBS: 2055  56400.781     9.00   0.0000e+00   3.3694e+01   1.2444e+00   0  H  0.00  1   !  -9.99000e+02  -99.000  -99.000  -999
OBS: 2055  56402.781    11.00   0.0000e+00   2.8151e+01   1.4141e+00   0  H  0.00  1   !  -9.99000e+02  -99.000  -99.000  -999
OBS: 2055  56404.781    13.00   0.0000e+00   2.4060e+01   1.5671e+00   0  H  0.00  1   !  -9.99000e+02  -99.000  -99.000  -999
OBS: 2055  56406.781    15.00   0.0000e+00   2.1454e+01   1.6271e+00   0  H  0.00  1   !  -9.99000e+02  -99.000  -99.000  -999
OBS: 2055  56408.781    17.00   0.0000e+00   2.0483e+01   1.6543e+00   0  H  0.00  1   !  -9.99000e+02  -99.000  -99.000  -999
OBS: 2055  56410.781    19.00   0.0000e+00   2.0679e+01   1.6847e+00   0  H  0.00  1   !  -9.99000e+02  -99.000  -99.000  -999
OBS: 2055  56412.781    21.00   0.0000e+00   2.1238e+01   1.7447e+00   0  H  0.00  1   !  -9.99000e+02  -99.000  -99.000  -999
OBS: 2055  56414.781    23.00   0.0000e+00   2.2103e+01   1.8343e+00   0  H  0.00  1   !  -9.99000e+02  -99.000  -99.000  -999
OBS: 2055  56416.781    25.00   0.0000e+00   2.2964e+01   1.8657e+00   0  H  0.00  1   !  -9.99000e+02  -99.000  -99.000  -999
OBS: 2055  56418.781    27.00   0.0000e+00   2.4321e+01   1.9462e+00   0  H  0.00  1   !  -9.99000e+02  -99.000  -99.000  -999
OBS: 2055  56420.781    29.00   0.0000e+00   2.6328e+01   2.0502e+00   0  H  0.00  1   !  -9.99000e+02  -99.000  -99.000  -999
OBS: 2055  56422.781    31.00   0.0000e+00   2.8633e+01   1.9960e+00   0  H  0.00  1   !  -9.99000e+02  -99.000  -99.000  -999
OBS: 2055  56424.781    33.00   0.0000e+00   3.0953e+01   1.8994e+00   0  H  0.00  1   !  -9.99000e+02  -99.000  -99.000  -999
OBS: 2055  56426.781    35.00   0.0000e+00   3.3321e+01   2.0100e+00   0  H  0.00  1   !  -9.99000e+02  -99.000  -99.000  -999
OBS: 2055  56428.781    37.00   0.0000e+00   3.5350e+01   2.2187e+00   0  H  0.00  1   !  -9.99000e+02  -99.000  -99.000  -999
OBS: 2055  56430.781    39.00   0.0000e+00   3.7272e+01   2.3649e+00   0  H  0.00  1   !  -9.99000e+02  -99.000  -99.000  -999
OBS: 2055  56432.781    41.00   0.0000e+00   3.9190e+01   2.4569e+00   0  H  0.00  1   !  -9.99000e+02  -99.000  -99.000  -999
OBS: 2055  56434.781    43.00   0.0000e+00   4.1285e+01   2.6278e+00   0  H  0.00  1   !  -9.99000e+02  -99.000  -99.000  -999
OBS: 2055  56436.781    45.00   0.0000e+00   4.2009e+01   2.7240e+00   0  H  0.00  1   !  -9.99000e+02  -99.000  -99.000  -999
OBS: 2055  56438.781    47.00   0.0000e+00   4.0742e+01   2.9662e+00   0  H  0.00  1   !  -9.99000e+02  -99.000  -99.000  -999
OBS: 2055  56440.781    49.00   0.0000e+00   3.7516e+01   3.0855e+00   0  H  0.00  1   !  -9.99000e+02  -99.000  -99.000  -999
OBS: 2055  56442.781    51.00   0.0000e+00   3.3417e+01   2.8981e+00   0  H  0.00  1   !  -9.99000e+02  -99.000  -99.000  -999
OBS: 2055  56444.781    53.00   0.0000e+00   2.9045e+01   2.8134e+00   0  H  0.00  1   !  -9.99000e+02  -99.000  -99.000  -999
OBS: 2055  56446.781    55.00   0.0000e+00   2.5098e+01   2.7026e+00   0  H  0.00  1   !  -9.99000e+02  -99.000  -99.000  -999
OBS: 2055  56448.781    57.00   0.0000e+00   2.2495e+01   2.6214e+00   0  H  0.00  1   !  -9.99000e+02  -99.000  -99.000  -999
OBS: 2055  56450.781    59.00   0.0000e+00   2.0940e+01   2.6833e+00   0  H  0.00  1   !  -9.99000e+02  -99.000  -99.000  -999
OBS: 2055  56452.781    61.00   0.0000e+00   1.9884e+01   3.3987e+00   0  H  0.00  1   !  -9.99000e+02  -99.000  -99.000  -999
OBS: 2055  56454.781    63.00   0.0000e+00   1.8680e+01   4.6812e+00   0  H  0.00  1   !  -9.99000e+02  -99.000  -99.000  -999
OBS: 2055  56456.781    65.00   0.0000e+00   1.7266e+01   5.6910e+00   0  H  0.00  1   !  -9.99000e+02  -99.000  -99.000  -999
OBS: 2055  56458.781    67.00   0.0000e+00   1.5925e+01   9.5853e+00   0  H  0.00  1   !  -9.99000e+02  -99.000  -99.000  -999
OBS: 2055  56460.781    69.00   0.0000e+00   1.4800e+01   8.9081e+00   0  H  0.00  1   !  -9.99000e+02  -99.000  -99.000  -999
OBS: 2055  56462.781    71.00   0.0000e+00   1.3534e+01   8.1461e+00   0  H  0.00  1   !  -9.99000e+02  -99.000  -99.000  -999
OBS: 2055  56464.781    73.00   0.0000e+00   1.2333e+01   7.4234e+00   0  H  0.00  1   !  -9.99000e+02  -99.000  -99.000  -999
OBS: 2055  56466.781    75.00   0.0000e+00   1.1251e+01   6.7724e+00   0  H  0.00  1   !  -9.99000e+02  -99.000  -99.000  -999
OBS: 2055  56468.781    77.00   0.0000e+00   1.0335e+01   6.2209e+00   0  H  0.00  1   !  -9.99000e+02  -99.000  -99.000  -999
OBS: 2055  56470.781    79.00   0.0000e+00   9.4896e+00   5.7119e+00   0  H  0.00  1   !  -9.99000e+02  -99.000  -99.000  -999
OBS: 2055  56472.781    81.00   0.0000e+00   8.0076e+00   4.8198e+00   0  H  0.00  1   !  -9.99000e+02  -99.000  -99.000  -999
OBS: 2055  56474.781    83.00   0.0000e+00   6.9065e+00   4.1571e+00   0  H  0.00  1   !  -9.99000e+02  -99.000  -99.000  -999
OBS: 2055  56476.781    85.00   0.0000e+00   6.0699e+00   3.6535e+00   0  H  0.00  1   !  -9.99000e+02  -99.000  -99.000  -999
OBS: 2055  56478.781    87.00   0.0000e+00   5.3957e+00   3.2477e+00   0  H  0.00  1   !  -9.99000e+02  -99.000  -99.000  -999
OBS: 2055  56480.781    89.00   0.0000e+00   4.8225e+00   2.9027e+00   0  H  0.00  1   !  -9.99000e+02  -99.000  -99.000  -999
OBS: 2055  56482.781    91.00   0.0000e+00   4.3086e+00   2.5934e+00   0  H  0.00  1   !  -9.99000e+02  -99.000  -99.000  -999
OBS: 2055  56484.781    93.00   0.0000e+00   3.8245e+00   2.3020e+00   0  H  0.00  1   !  -9.99000e+02  -99.000  -99.000  -999
OBS: 2055  56486.781    95.00   0.0000e+00   3.3531e+00   2.0183e+00   0  H  0.00  1   !  -9.99000e+02  -99.000  -99.000  -999
OBS: 2055  56488.781    97.00   0.0000e+00   2.8967e+00   1.7435e+00   0  H  0.00  1   !  -9.99000e+02  -99.000  -99.000  -999
OBS: 2055  56490.781    99.00   0.0000e+00   2.6465e+00   1.5929e+00   0  H  0.00  1   !  -9.99000e+02  -99.000  -99.000  -999
OBS: 2055  56492.781   101.00   0.0000e+00   2.4257e+00   1.4601e+00   0  H  0.00  1   !  -9.99000e+02  -99.000  -99.000  -999
OBS: 2055  56494.781   103.00   0.0000e+00   2.2227e+00   1.3378e+00   0  H  0.00  1   !  -9.99000e+02  -99.000  -99.000  -999
OBS: 2055  56496.781   105.00   0.0000e+00   2.0358e+00   1.2253e+00   0  H  0.00  1   !  -9.99000e+02  -99.000  -99.000  -999
OBS: 2055  56498.781   107.00   0.0000e+00   1.8625e+00   1.1211e+00   0  H  0.00  1   !  -9.99000e+02  -99.000  -99.000  -999
OBS: 2055  56500.781   109.00   0.0000e+00   1.7025e+00   1.0247e+00   0  H  0.00  1   !  -9.99000e+02  -99.000  -99.000  -999
OBS: 2055  56502.781   111.00   0.0000e+00   1.5536e+00   9.3516e-01   0  H  0.00  1   !  -9.99000e+02  -99.000  -99.000  -999
OBS: 2055  56504.781   113.00   0.0000e+00   1.4313e+00   8.6149e-01   0  H  0.00  1   !  -9.99000e+02  -99.000  -99.000  -999
OBS: 2055  56506.781   115.00   0.0000e+00   1.3367e+00   8.0457e-01   0  H  0.00  1   !  -9.99000e+02  -99.000  -99.000  -999
OBS: 2055  56508.781   117.00   0.0000e+00   1.2513e+00   7.5318e-01   0  H  0.00  1   !  -9.99000e+02  -99.000  -99.000  -999
OBS: 2055  56510.781   119.00   0.0000e+00   1.1713e+00   7.0504e-01   0  H  0.00  1   !  -9.99000e+02  -99.000  -99.000  -999
OBS: 2055  56512.781   121.00   0.0000e+00   1.0965e+00   6.5998e-01   0  H  0.00  1   !  -9.99000e+02  -99.000  -99.000  -999
OBS: 2055  56514.781   123.00   0.0000e+00   1.0264e+00   6.1779e-01   0  H  0.00  1   !  -9.99000e+02  -99.000  -99.000  -999
OBS: 2055  56516.781   125.00   0.0000e+00   9.6078e-01   5.7830e-01   0  H  0.00  1   !  -9.99000e+02  -99.000  -99.000  -999
OBS: 2055  56518.781   127.00   0.0000e+00   8.9937e-01   5.4134e-01   0  H  0.00  1   !  -9.99000e+02  -99.000  -99.000  -999
OBS: 2055  56520.781   129.00   0.0000e+00   8.4188e-01   5.0674e-01   0  H  0.00  1   !  -9.99000e+02  -99.000  -99.000  -999
OBS: 2055  56522.781   131.00   0.0000e+00   7.8807e-01   4.7435e-01   0  H  0.00  1   !  -9.99000e+02  -99.000  -99.000  -999
OBS: 2055  56524.781   133.00   0.0000e+00   7.3770e-01   4.4403e-01   0  H  0.00  1   !  -9.99000e+02  -99.000  -99.000  -999
OBS: 2055  56526.781   135.00   0.0000e+00   6.9054e-01   4.1565e-01   0  H  0.00  1   !  -9.99000e+02  -99.000  -99.000  -999
OBS: 2055  56528.781   137.00   0.0000e+00   6.4640e-01   3.8908e-01   0  H  0.00  1   !  -9.99000e+02  -99.000  -99.000  -999
OBS: 2055  56530.781   139.00   0.0000e+00   6.0509e-01   3.6421e-01   0  H  0.00  1   !  -9.99000e+02  -99.000  -99.000  -999
