VARNAMES: CID MJD Tobs SIM_FLUXCAL FLUXCAL FLUXCAL_ERR DATAFLAG BAND CHI2 IFIT BAND_REST FLUX_REST KCOR AVWARP SIM_FLUX_REST 
OBS: 5647  56468.203    12.20   1.4079e+01   1.5535e+01   4.1316e-01   1  H  1.02  1   Y  1.22595e+18  0.031  1.060  1.00000e+11
OBS: 5647  56473.480    17.48   1.3783e+01   1.3694e+01   4.0906e-01   1  H  0.64  1   Y  1.08423e+18  0.034  -0.218  1.00000e+11
OBS: 5647  56482.422    26.42   1.7533e+01   1.7976e+01   4.2100e-01   1  H  0.05  1   Y  1.40482e+18  0.020  -0.719  1.00000e+11
OBS: 5647  56397.004   -59.00   0.0000e+00   0.0000e+00   0.0000e+00   0  H  0.00  1   !  -9.99000e+02  -99.000  -99.000  -999
OBS: 5647  56399.004   -57.00   0.0000e+00   0.0000e+00   0.0000e+00   0  H  0.00  1   !  -9.99000e+02  -99.000  -99.000  -999
OBS: 5647  56401.004   -55.00   0.0000e+00   0.0000e+00   0.0000e+00   0  H  0.00  1   !  -9.99000e+02  -99.000  -99.000  -999
OBS: 5647  56403.004   -53.00   0.0000e+00   0.0000e+00   0.0000e+00   0  H  0.00  1   !  -9.99000e+02  -99.000  -99.000  -999
OBS: 5647  56405.004   -51.00   0.0000e+00   0.0000e+00   0.0000e+00   0  H  0.00  1   !  -9.99000e+02  -99.000  -99.000  -999
OBS: 5647  56407.004   -49.00   0.0000e+00   0.0000e+00   0.0000e+00   0  H  0.00  1   !  -9.99000e+02  -99.000  -99.000  -999
OBS: 5647  56409.004   -47.00   0.0000e+00   0.0000e+00   0.0000e+00   0  H  0.00  1   !  -9.99000e+02  -99.000  -99.000  -999
OBS: 5647  56411.004   -45.00   0.0000e+00   0.0000e+00   0.0000e+00   0  H  0.00  1   !  -9.99000e+02  -99.000  -99.000  -999
OBS: 5647  56413.004   -43.00   0.0000e+00   0.0000e+00   0.0000e+00   0  H  0.00  1   !  -9.99000e+02  -99.000  -99.000  -999
OBS: 5647  56415.004   -41.00   0.0000e+00   0.0000e+00   0.0000e+00   0  H  0.00  1   !  -9.99000e+02  -99.000  -99.000  -999
OBS: 5647  56417.004   -39.00   0.0000e+00   0.0000e+00   0.0000e+00   0  H  0.00  1   !  -9.99000e+02  -99.000  -99.000  -999
OBS: 5647  56419.004   -37.00   0.0000e+00   0.0000e+00   0.0000e+00   0  H  0.00  1   !  -9.99000e+02  -99.000  -99.000  -999
OBS: 5647  56421.004   -35.00   0.0000e+00   0.0000e+00   0.0000e+00   0  H  0.00  1   !  -9.99000e+02  -99.000  -99.000  -999
OBS: 5647  56423.004   -33.00   0.0000e+00   0.0000e+00   0.0000e+00   0  H  0.00  1   !  -9.99000e+02  -99.000  -99.000  -999
OBS: 5647  56425.004   -31.00   0.0000e+00   0.0000e+00   0.0000e+00   0  H  0.00  1   !  -9.99000e+02  -99.000  -99.000  -999
OBS: 5647  56427.004   -29.00   0.0000e+00   4.3223e+00   2.6016e+00   0  H  0.00  1   !  -9.99000e+02  -99.000  -99.000  -999
OBS: 5647  56429.004   -27.00   0.0000e+00   4.0341e+00   2.4282e+00   0  H  0.00  1   !  -9.99000e+02  -99.000  -99.000  -999
OBS: 5647  56431.004   -25.00   0.0000e+00   4.0346e+00   2.4285e+00   0  H  0.00  1   !  -9.99000e+02  -99.000  -99.000  -999
OBS: 5647  56433.004   -23.00   0.0000e+00   4.0373e+00   2.4301e+00   0  H  0.00  1   !  -9.99000e+02  -99.000  -99.000  -999
OBS: 5647  56435.004   -21.00   0.0000e+00   7.6835e+00   1.3591e+00   0  H  0.00  1   !  -9.99000e+02  -99.000  -99.000  -999
OBS: 5647  56437.004   -19.00   0.0000e+00   1.1964e+01   9.1516e-01   0  H  0.00  1   !  -9.99000e+02  -99.000  -99.000  -999
OBS: 5647  56439.004   -17.00   0.0000e+00   1.6353e+01   7.0920e-01   0  H  0.00  1   !  -9.99000e+02  -99.000  -99.000  -999
OBS: 5647  56441.004   -15.00   0.0000e+00   2.0563e+01   7.1776e-01   0  H  0.00  1   !  -9.99000e+02  -99.000  -99.000  -999
OBS: 5647  56443.004   -13.00   0.0000e+00   2.4313e+01   7.1268e-01   0  H  0.00  1   !  -9.99000e+02  -99.000  -99.000  -999
OBS: 5647  56445.004   -11.00   0.0000e+00   2.7687e+01   6.7562e-01   0  H  0.00  1   !  -9.99000e+02  -99.000  -99.000  -999
OBS: 5647  56447.004    -9.00   0.0000e+00   2.9919e+01   6.2921e-01   0  H  0.00  1   !  -9.99000e+02  -99.000  -99.000  -999
OBS: 5647  56449.004    -7.00   0.0000e+00   3.0696e+01   6.1090e-01   0  H  0.00  1   !  -9.99000e+02  -99.000  -99.000  -999
OBS: 5647  56451.004    -5.00   0.0000e+00   3.0187e+01   6.3280e-01   0  H  0.00  1   !  -9.99000e+02  -99.000  -99.000  -999
OBS: 5647  56453.004    -3.00   0.0000e+00   2.8338e+01   6.4843e-01   0  H  0.00  1   !  -9.99000e+02  -99.000  -99.000  -999
OBS: 5647  56455.004    -1.00   0.0000e+00   2.5409e+01   6.3695e-01   0  H  0.00  1   !  -9.99000e+02  -99.000  -99.000  -999
OBS: 5647  56457.004     1.00   0.0000e+00   2.2716e+01   6.3227e-01   0  H  0.00  1   !  -9.99000e+02  -99.000  -99.000  -999
OBS: 5647  56459.004     3.00   0.0000e+00   2.0503e+01   6.5643e-01   0  H  0.00  1   !  -9.99000e+02  -99.000  -99.000  -999
OBS: 5647  56461.004     5.00   0.0000e+00   1.8949e+01   6.9212e-01   0  H  0.00  1   !  -9.99000e+02  -99.000  -99.000  -999
OBS: 5647  56463.004     7.00   0.0000e+00   1.7425e+01   7.0632e-01   0  H  0.00  1   !  -9.99000e+02  -99.000  -99.000  -999
OBS: 5647  56465.004     9.00   0.0000e+00   1.6122e+01   6.9559e-01   0  H  0.00  1   !  -9.99000e+02  -99.000  -99.000  -999
OBS: 5647  56467.004    11.00   0.0000e+00   1.5150e+01   6.8465e-01   0  H  0.00  1   !  -9.99000e+02  -99.000  -99.000  -999
OBS: 5647  56469.004    13.00   0.0000e+00   1.4613e+01   6.7724e-01   0  H  0.00  1   !  -9.99000e+02  -99.000  -99.000  -999
OBS: 5647  56471.004    15.00   0.0000e+00   1.4351e+01   6.8135e-01   0  H  0.00  1   !  -9.99000e+02  -99.000  -99.000  -999
OBS: 5647  56473.004    17.00   0.0000e+00   1.4267e+01   6.9386e-01   0  H  0.00  1   !  -9.99000e+02  -99.000  -99.000  -999
OBS: 5647  56475.004    19.00   0.0000e+00   1.4707e+01   7.1923e-01   0  H  0.00  1   !  -9.99000e+02  -99.000  -99.000  -999
OBS: 5647  56477.004    21.00   0.0000e+00   1.5451e+01   7.2749e-01   0  H  0.00  1   !  -9.99000e+02  -99.000  -99.000  -999
OBS: 5647  56479.004    23.00   0.0000e+00   1.6381e+01   7.2167e-01   0  H  0.00  1   !  -9.99000e+02  -99.000  -99.000  -999
OBS: 5647  56481.004    25.00   0.0000e+00   1.7425e+01   7.4791e-01   0  H  0.00  1   !  -9.99000e+02  -99.000  -99.000  -999
OBS: 5647  56483.004    27.00   0.0000e+00   1.8479e+01   7.8368e-01   0  H  0.00  1   !  -9.99000e+02  -99.000  -99.000  -999
OBS: 5647  56485.004    29.00   0.0000e+00   1.9573e+01   8.2994e-01   0  H  0.00  1   !  -9.99000e+02  -99.000  -99.000  -999
OBS: 5647  56487.004    31.00   0.0000e+00   2.0446e+01   8.7349e-01   0  H  0.00  1   !  -9.99000e+02  -99.000  -99.000  -999
OBS: 5647  56489.004    33.00   0.0000e+00   2.1231e+01   9.1852e-01   0  H  0.00  1   !  -9.99000e+02  -99.000  -99.000  -999
OBS: 5647  56491.004    35.00   0.0000e+00   2.2255e+01   9.4365e-01   0  H  0.00  1   !  -9.99000e+02  -99.000  -99.000  -999
OBS: 5647  56493.004    37.00   0.0000e+00   2.4277e+01   9.4739e-01   0  H  0.00  1   !  -9.99000e+02  -99.000  -99.000  -999
OBS: 5647  56495.004    39.00   0.0000e+00   2.6585e+01   9.3289e-01   0  H  0.00  1   !  -9.99000e+02  -99.000  -99.000  -999
OBS: 5647  56497.004    41.00   0.0000e+00   2.8760e+01   9.0325e-01   0  H  0.00  1   !  -9.99000e+02  -99.000  -99.000  -999
OBS: 5647  56499.004    43.00   0.0000e+00   2.9989e+01   8.9874e-01   0  H  0.00  1   !  -9.99000e+02  -99.000  -99.000  -999
OBS: 5647  56501.004    45.00   0.0000e+00   3.0580e+01   8.6300e-01   0  H  0.00  1   !  -9.99000e+02  -99.000  -99.000  -999
OBS: 5647  56503.004    47.00   0.0000e+00   3.0550e+01   8.2818e-01   0  H  0.00  1   !  -9.99000e+02  -99.000  -99.000  -999
OBS: 5647  56505.004    49.00   0.0000e+00   3.0043e+01   7.8117e-01   0  H  0.00  1   !  -9.99000e+02  -99.000  -99.000  -999
OBS: 5647  56507.004    51.00   0.0000e+00   2.9180e+01   7.5175e-01   0  H  0.00  1   !  -9.99000e+02  -99.000  -99.000  -999
OBS: 5647  56509.004    53.00   0.0000e+00   2.8059e+01   7.5389e-01   0  H  0.00  1   !  -9.99000e+02  -99.000  -99.000  -999
OBS: 5647  56511.004    55.00   0.0000e+00   2.6780e+01   7.5316e-01   0  H  0.00  1   !  -9.99000e+02  -99.000  -99.000  -999
OBS: 5647  56513.004    57.00   0.0000e+00   2.5165e+01   7.5355e-01   0  H  0.00  1   !  -9.99000e+02  -99.000  -99.000  -999
OBS: 5647  56515.004    59.00   0.0000e+00   2.3256e+01   7.2297e-01   0  H  0.00  1   !  -9.99000e+02  -99.000  -99.000  -999
OBS: 5647  56517.004    61.00   0.0000e+00   2.1323e+01   7.2756e-01   0  H  0.00  1   !  -9.99000e+02  -99.000  -99.000  -999
OBS: 5647  56519.004    63.00   0.0000e+00   1.9552e+01   7.5571e-01   0  H  0.00  1   !  -9.99000e+02  -99.000  -99.000  -999
OBS: 5647  56521.004    65.00   0.0000e+00   1.8029e+01   7.6808e-01   0  H  0.00  1   !  -9.99000e+02  -99.000  -99.000  -999
OBS: 5647  56523.004    67.00   0.0000e+00   1.6733e+01   7.5464e-01   0  H  0.00  1   !  -9.99000e+02  -99.000  -99.000  -999
OBS: 5647  56525.004    69.00   0.0000e+00   1.5639e+01   7.2302e-01   0  H  0.00  1   !  -9.99000e+02  -99.000  -99.000  -999
OBS: 5647  56527.004    71.00   0.0000e+00   1.4633e+01   7.0137e-01   0  H  0.00  1   !  -9.99000e+02  -99.000  -99.000  -999
OBS: 5647  56529.004    73.00   0.0000e+00   1.3691e+01   6.9863e-01   0  H  0.00  1   !  -9.99000e+02  -99.000  -99.000  -999
OBS: 5647  56531.004    75.00   0.0000e+00   1.2785e+01   7.3022e-01   0  H  0.00  1   !  -9.99000e+02  -99.000  -99.000  -999
OBS: 5647  56533.004    77.00   0.0000e+00   1.1891e+01   5.2190e+00   0  H  0.00  1   !  -9.99000e+02  -99.000  -99.000  -999
OBS: 5647  56535.004    79.00   0.0000e+00   1.1013e+01   6.6287e+00   0  H  0.00  1   !  -9.99000e+02  -99.000  -99.000  -999
OBS: 5647  56537.004    81.00   0.0000e+00   1.0187e+01   6.1317e+00   0  H  0.00  1   !  -9.99000e+02  -99.000  -99.000  -999
OBS: 5647  56539.004    83.00   0.0000e+00   9.4819e+00   5.7073e+00   0  H  0.00  1   !  -9.99000e+02  -99.000  -99.000  -999
OBS: 5647  56541.004    85.00   0.0000e+00   8.8325e+00   5.3164e+00   0  H  0.00  1   !  -9.99000e+02  -99.000  -99.000  -999
OBS: 5647  56543.004    87.00   0.0000e+00   8.2469e+00   4.9639e+00   0  H  0.00  1   !  -9.99000e+02  -99.000  -99.000  -999
OBS: 5647  56545.004    89.00   0.0000e+00   7.7402e+00   4.6589e+00   0  H  0.00  1   !  -9.99000e+02  -99.000  -99.000  -999
OBS: 5647  56547.004    91.00   0.0000e+00   7.3013e+00   4.3947e+00   0  H  0.00  1   !  -9.99000e+02  -99.000  -99.000  -999
OBS: 5647  56549.004    93.00   0.0000e+00   6.5194e+00   3.9241e+00   0  H  0.00  1   !  -9.99000e+02  -99.000  -99.000  -999
OBS: 5647  56551.004    95.00   0.0000e+00   5.7724e+00   3.4745e+00   0  H  0.00  1   !  -9.99000e+02  -99.000  -99.000  -999
OBS: 5647  56553.004    97.00   0.0000e+00   5.1440e+00   3.0962e+00   0  H  0.00  1   !  -9.99000e+02  -99.000  -99.000  -999
OBS: 5647  56555.004    99.00   0.0000e+00   4.6242e+00   2.7834e+00   0  H  0.00  1   !  -9.99000e+02  -99.000  -99.000  -999
OBS: 5647  56557.004   101.00   0.0000e+00   4.2057e+00   2.5314e+00   0  H  0.00  1   !  -9.99000e+02  -99.000  -99.000  -999
OBS: 5647  56559.004   103.00   0.0000e+00   3.8623e+00   2.3248e+00   0  H  0.00  1   !  -9.99000e+02  -99.000  -99.000  -999
OBS: 5647  56561.004   105.00   0.0000e+00   3.5870e+00   2.1591e+00   0  H  0.00  1   !  -9.99000e+02  -99.000  -99.000  -999
OBS: 5647  56563.004   107.00   0.0000e+00   3.3645e+00   2.0252e+00   0  H  0.00  1   !  -9.99000e+02  -99.000  -99.000  -999
OBS: 5647  56565.004   109.00   0.0000e+00   3.1633e+00   1.9041e+00   0  H  0.00  1   !  -9.99000e+02  -99.000  -99.000  -999
OBS: 5647  56567.004   111.00   0.0000e+00   2.9837e+00   1.7959e+00   0  H  0.00  1   !  -9.99000e+02  -99.000  -99.000  -999
OBS: 5647  56569.004   113.00   0.0000e+00   2.8135e+00   1.6935e+00   0  H  0.00  1   !  -9.99000e+02  -99.000  -99.000  -999
OBS: 5647  56571.004   115.00   0.0000e+00   2.6206e+00   1.5774e+00   0  H  0.00  1   !  -9.99000e+02  -99.000  -99.000  -999
OBS: 5647  56573.004   117.00   0.0000e+00   2.4418e+00   1.4697e+00   0  H  0.00  1   !  -9.99000e+02  -99.000  -99.000  -999
OBS: 5647  56575.004   119.00   0.0000e+00   2.2762e+00   1.3701e+00   0  H  0.00  1   !  -9.99000e+02  -99.000  -99.000  -999
OBS: 5647  56577.004   121.00   0.0000e+00   2.1234e+00   1.2781e+00   0  H  0.00  1   !  -9.99000e+02  -99.000  -99.000  -999
OBS: 5647  56579.004   123.00   0.0000e+00   1.9819e+00   1.1929e+00   0  H  0.00  1   !  -9.99000e+02  -99.000  -99.000  -999
OBS: 5647  56581.004   125.00   0.0000e+00   1.8517e+00   1.1146e+00   0  H  0.00  1   !  -9.99000e+02  -99.000  -99.000  -999
OBS: 5647  56583.004   127.00   0.0000e+00   1.7326e+00   1.0429e+00   0  H  0.00  1   !  -9.99000e+02  -99.000  -99.000  -999
OBS: 5647  56585.004   129.00   0.0000e+00   1.6239e+00   9.7744e-01   0  H  0.00  1   !  -9.99000e+02  -99.000  -99.000  -999
OBS: 5647  56587.004   131.00   0.0000e+00   1.5091e+00   9.0836e-01   0  H  0.00  1   !  -9.99000e+02  -99.000  -99.000  -999
OBS: 5647  56589.004   133.00   0.0000e+00   1.3997e+00   8.4251e-01   0  H  0.00  1   !  -9.99000e+02  -99.000  -99.000  -999
OBS: 5647  56591.004   135.00   0.0000e+00   1.2983e+00   7.8145e-01   0  H  0.00  1   !  -9.99000e+02  -99.000  -99.000  -999
OBS: 5647  56593.004   137.00   0.0000e+00   1.2042e+00   7.2482e-01   0  H  0.00  1   !  -9.99000e+02  -99.000  -99.000  -999
OBS: 5647  56595.004   139.00   0.0000e+00   1.1169e+00   6.7228e-01   0  H  0.00  1   !  -9.99000e+02  -99.000  -99.000  -999
