VARNAMES: CID MJD Tobs SIM_FLUXCAL FLUXCAL FLUXCAL_ERR DATAFLAG BAND CHI2 IFIT BAND_REST FLUX_REST KCOR AVWARP SIM_FLUX_REST 
OBS: 735  56265.105    18.23   7.5885e+01   7.5564e+01   7.0894e-01   1  J  0.02  1   Y  1.26473e+18  0.059  -0.993  1.00000e+11
OBS: 735  56272.180    25.30   9.2591e+01   9.2666e+01   7.9796e-01   1  J  0.00  1   Y  1.57468e+18  0.075  -0.925  1.00000e+11
OBS: 735  56278.887    32.01   1.1444e+02   1.1407e+02   9.0871e-01   1  J  0.01  1   Y  2.13843e+18  0.182  -0.955  1.00000e+11
OBS: 735  56187.879   -59.00   0.0000e+00   0.0000e+00   0.0000e+00   0  J  0.00  1   !  -9.99000e+02  -99.000  -99.000  -999
OBS: 735  56189.879   -57.00   0.0000e+00   0.0000e+00   0.0000e+00   0  J  0.00  1   !  -9.99000e+02  -99.000  -99.000  -999
OBS: 735  56191.879   -55.00   0.0000e+00   0.0000e+00   0.0000e+00   0  J  0.00  1   !  -9.99000e+02  -99.000  -99.000  -999
OBS: 735  56193.879   -53.00   0.0000e+00   0.0000e+00   0.0000e+00   0  J  0.00  1   !  -9.99000e+02  -99.000  -99.000  -999
OBS: 735  56195.879   -51.00   0.0000e+00   0.0000e+00   0.0000e+00   0  J  0.00  1   !  -9.99000e+02  -99.000  -99.000  -999
OBS: 735  56197.879   -49.00   0.0000e+00   0.0000e+00   0.0000e+00   0  J  0.00  1   !  -9.99000e+02  -99.000  -99.000  -999
OBS: 735  56199.879   -47.00   0.0000e+00   0.0000e+00   0.0000e+00   0  J  0.00  1   !  -9.99000e+02  -99.000  -99.000  -999
OBS: 735  56201.879   -45.00   0.0000e+00   0.0000e+00   0.0000e+00   0  J  0.00  1   !  -9.99000e+02  -99.000  -99.000  -999
OBS: 735  56203.879   -43.00   0.0000e+00   0.0000e+00   0.0000e+00   0  J  0.00  1   !  -9.99000e+02  -99.000  -99.000  -999
OBS: 735  56205.879   -41.00   0.0000e+00   0.0000e+00   0.0000e+00   0  J  0.00  1   !  -9.99000e+02  -99.000  -99.000  -999
OBS: 735  56207.879   -39.00   0.0000e+00   0.0000e+00   0.0000e+00   0  J  0.00  1   !  -9.99000e+02  -99.000  -99.000  -999
OBS: 735  56209.879   -37.00   0.0000e+00   0.0000e+00   0.0000e+00   0  J  0.00  1   !  -9.99000e+02  -99.000  -99.000  -999
OBS: 735  56211.879   -35.00   0.0000e+00   0.0000e+00   0.0000e+00   0  J  0.00  1   !  -9.99000e+02  -99.000  -99.000  -999
OBS: 735  56213.879   -33.00   0.0000e+00   0.0000e+00   0.0000e+00   0  J  0.00  1   !  -9.99000e+02  -99.000  -99.000  -999
OBS: 735  56215.879   -31.00   0.0000e+00   0.0000e+00   0.0000e+00   0  J  0.00  1   !  -9.99000e+02  -99.000  -99.000  -999
OBS: 735  56217.879   -29.00   0.0000e+00   0.0000e+00   0.0000e+00   0  J  0.00  1   !  -9.99000e+02  -99.000  -99.000  -999
OBS: 735  56219.879   -27.00   0.0000e+00   0.0000e+00   0.0000e+00   0  J  0.00  1   !  -9.99000e+02  -99.000  -99.000  -999
OBS: 735  56221.879   -25.00   0.0000e+00   2.0287e+01   1.2211e+01   0  J  0.00  1   !  -9.99000e+02  -99.000  -99.000  -999
OBS: 735  56223.879   -23.00   0.0000e+00   2.0284e+01   1.2209e+01   0  J  0.00  1   !  -9.99000e+02  -99.000  -99.000  -999
OBS: 735  56225.879   -21.00   0.0000e+00   2.0373e+01   1.2263e+01   0  J  0.00  1   !  -9.99000e+02  -99.000  -99.000  -999
OBS: 735  56227.879   -19.00   0.0000e+00   2.0364e+01   1.2257e+01   0  J  0.00  1   !  -9.99000e+02  -99.000  -99.000  -999
OBS: 735  56229.879   -17.00   0.0000e+00   3.9193e+01   5.8188e+00   0  J  0.00  1   !  -9.99000e+02  -99.000  -99.000  -999
OBS: 735  56231.879   -15.00   0.0000e+00   6.2137e+01   3.8518e+00   0  J  0.00  1   !  -9.99000e+02  -99.000  -99.000  -999
OBS: 735  56233.879   -13.00   0.0000e+00   8.2984e+01   3.6497e+00   0  J  0.00  1   !  -9.99000e+02  -99.000  -99.000  -999
OBS: 735  56235.879   -11.00   0.0000e+00   1.0124e+02   3.5653e+00   0  J  0.00  1   !  -9.99000e+02  -99.000  -99.000  -999
OBS: 735  56237.879    -9.00   0.0000e+00   1.1694e+02   3.0054e+00   0  J  0.00  1   !  -9.99000e+02  -99.000  -99.000  -999
OBS: 735  56239.879    -7.00   0.0000e+00   1.2698e+02   2.5601e+00   0  J  0.00  1   !  -9.99000e+02  -99.000  -99.000  -999
OBS: 735  56241.879    -5.00   0.0000e+00   1.3079e+02   2.7893e+00   0  J  0.00  1   !  -9.99000e+02  -99.000  -99.000  -999
OBS: 735  56243.879    -3.00   0.0000e+00   1.2532e+02   3.2599e+00   0  J  0.00  1   !  -9.99000e+02  -99.000  -99.000  -999
OBS: 735  56245.879    -1.00   0.0000e+00   1.1543e+02   3.2156e+00   0  J  0.00  1   !  -9.99000e+02  -99.000  -99.000  -999
OBS: 735  56247.879     1.00   0.0000e+00   1.0441e+02   2.9087e+00   0  J  0.00  1   !  -9.99000e+02  -99.000  -99.000  -999
OBS: 735  56249.879     3.00   0.0000e+00   9.5219e+01   2.9105e+00   0  J  0.00  1   !  -9.99000e+02  -99.000  -99.000  -999
OBS: 735  56251.879     5.00   0.0000e+00   8.7589e+01   3.1110e+00   0  J  0.00  1   !  -9.99000e+02  -99.000  -99.000  -999
OBS: 735  56253.879     7.00   0.0000e+00   8.0376e+01   3.2967e+00   0  J  0.00  1   !  -9.99000e+02  -99.000  -99.000  -999
OBS: 735  56255.879     9.00   0.0000e+00   7.3962e+01   3.3721e+00   0  J  0.00  1   !  -9.99000e+02  -99.000  -99.000  -999
OBS: 735  56257.879    11.00   0.0000e+00   7.0602e+01   3.3671e+00   0  J  0.00  1   !  -9.99000e+02  -99.000  -99.000  -999
OBS: 735  56259.879    13.00   0.0000e+00   6.9548e+01   3.2358e+00   0  J  0.00  1   !  -9.99000e+02  -99.000  -99.000  -999
OBS: 735  56261.879    15.00   0.0000e+00   7.0265e+01   3.2909e+00   0  J  0.00  1   !  -9.99000e+02  -99.000  -99.000  -999
OBS: 735  56263.879    17.00   0.0000e+00   7.3351e+01   3.3242e+00   0  J  0.00  1   !  -9.99000e+02  -99.000  -99.000  -999
OBS: 735  56265.879    19.00   0.0000e+00   7.8075e+01   3.2912e+00   0  J  0.00  1   !  -9.99000e+02  -99.000  -99.000  -999
OBS: 735  56267.879    21.00   0.0000e+00   8.3422e+01   3.3981e+00   0  J  0.00  1   !  -9.99000e+02  -99.000  -99.000  -999
OBS: 735  56269.879    23.00   0.0000e+00   8.8282e+01   3.5492e+00   0  J  0.00  1   !  -9.99000e+02  -99.000  -99.000  -999
OBS: 735  56271.879    25.00   0.0000e+00   9.2454e+01   3.9941e+00   0  J  0.00  1   !  -9.99000e+02  -99.000  -99.000  -999
OBS: 735  56273.879    27.00   0.0000e+00   9.4878e+01   4.2710e+00   0  J  0.00  1   !  -9.99000e+02  -99.000  -99.000  -999
OBS: 735  56275.879    29.00   0.0000e+00   9.9429e+01   4.1650e+00   0  J  0.00  1   !  -9.99000e+02  -99.000  -99.000  -999
OBS: 735  56277.879    31.00   0.0000e+00   1.0895e+02   3.8235e+00   0  J  0.00  1   !  -9.99000e+02  -99.000  -99.000  -999
OBS: 735  56279.879    33.00   0.0000e+00   1.1974e+02   3.4811e+00   0  J  0.00  1   !  -9.99000e+02  -99.000  -99.000  -999
OBS: 735  56281.879    35.00   0.0000e+00   1.2694e+02   3.4489e+00   0  J  0.00  1   !  -9.99000e+02  -99.000  -99.000  -999
OBS: 735  56283.879    37.00   0.0000e+00   1.2925e+02   3.3892e+00   0  J  0.00  1   !  -9.99000e+02  -99.000  -99.000  -999
OBS: 735  56285.879    39.00   0.0000e+00   1.2829e+02   3.3573e+00   0  J  0.00  1   !  -9.99000e+02  -99.000  -99.000  -999
OBS: 735  56287.879    41.00   0.0000e+00   1.2589e+02   3.3050e+00   0  J  0.00  1   !  -9.99000e+02  -99.000  -99.000  -999
OBS: 735  56289.879    43.00   0.0000e+00   1.2188e+02   3.2924e+00   0  J  0.00  1   !  -9.99000e+02  -99.000  -99.000  -999
OBS: 735  56291.879    45.00   0.0000e+00   1.1725e+02   3.1673e+00   0  J  0.00  1   !  -9.99000e+02  -99.000  -99.000  -999
OBS: 735  56293.879    47.00   0.0000e+00   1.1110e+02   3.1450e+00   0  J  0.00  1   !  -9.99000e+02  -99.000  -99.000  -999
OBS: 735  56295.879    49.00   0.0000e+00   1.0294e+02   3.1763e+00   0  J  0.00  1   !  -9.99000e+02  -99.000  -99.000  -999
OBS: 735  56297.879    51.00   0.0000e+00   9.4050e+01   3.4771e+00   0  J  0.00  1   !  -9.99000e+02  -99.000  -99.000  -999
OBS: 735  56299.879    53.00   0.0000e+00   8.6060e+01   3.4053e+00   0  J  0.00  1   !  -9.99000e+02  -99.000  -99.000  -999
OBS: 735  56301.879    55.00   0.0000e+00   7.9541e+01   2.8578e+00   0  J  0.00  1   !  -9.99000e+02  -99.000  -99.000  -999
OBS: 735  56303.879    57.00   0.0000e+00   7.3918e+01   2.5048e+00   0  J  0.00  1   !  -9.99000e+02  -99.000  -99.000  -999
OBS: 735  56305.879    59.00   0.0000e+00   6.8386e+01   2.5305e+00   0  J  0.00  1   !  -9.99000e+02  -99.000  -99.000  -999
OBS: 735  56307.879    61.00   0.0000e+00   6.2607e+01   2.7805e+00   0  J  0.00  1   !  -9.99000e+02  -99.000  -99.000  -999
OBS: 735  56309.879    63.00   0.0000e+00   5.6606e+01   1.5441e+01   0  J  0.00  1   !  -9.99000e+02  -99.000  -99.000  -999
OBS: 735  56311.879    65.00   0.0000e+00   5.0657e+01   3.0491e+01   0  J  0.00  1   !  -9.99000e+02  -99.000  -99.000  -999
OBS: 735  56313.879    67.00   0.0000e+00   4.5412e+01   2.7334e+01   0  J  0.00  1   !  -9.99000e+02  -99.000  -99.000  -999
OBS: 735  56315.879    69.00   0.0000e+00   4.1249e+01   2.4828e+01   0  J  0.00  1   !  -9.99000e+02  -99.000  -99.000  -999
OBS: 735  56317.879    71.00   0.0000e+00   3.7682e+01   2.2681e+01   0  J  0.00  1   !  -9.99000e+02  -99.000  -99.000  -999
OBS: 735  56319.879    73.00   0.0000e+00   3.4792e+01   2.0941e+01   0  J  0.00  1   !  -9.99000e+02  -99.000  -99.000  -999
OBS: 735  56321.879    75.00   0.0000e+00   3.2518e+01   1.9573e+01   0  J  0.00  1   !  -9.99000e+02  -99.000  -99.000  -999
OBS: 735  56323.879    77.00   0.0000e+00   2.8106e+01   1.6918e+01   0  J  0.00  1   !  -9.99000e+02  -99.000  -99.000  -999
OBS: 735  56325.879    79.00   0.0000e+00   2.4242e+01   1.4592e+01   0  J  0.00  1   !  -9.99000e+02  -99.000  -99.000  -999
OBS: 735  56327.879    81.00   0.0000e+00   2.1179e+01   1.2748e+01   0  J  0.00  1   !  -9.99000e+02  -99.000  -99.000  -999
OBS: 735  56329.879    83.00   0.0000e+00   1.8697e+01   1.1254e+01   0  J  0.00  1   !  -9.99000e+02  -99.000  -99.000  -999
OBS: 735  56331.879    85.00   0.0000e+00   1.6696e+01   1.0049e+01   0  J  0.00  1   !  -9.99000e+02  -99.000  -99.000  -999
OBS: 735  56333.879    87.00   0.0000e+00   1.5068e+01   9.0698e+00   0  J  0.00  1   !  -9.99000e+02  -99.000  -99.000  -999
OBS: 735  56335.879    89.00   0.0000e+00   1.3690e+01   8.2399e+00   0  J  0.00  1   !  -9.99000e+02  -99.000  -99.000  -999
OBS: 735  56337.879    91.00   0.0000e+00   1.2473e+01   7.5079e+00   0  J  0.00  1   !  -9.99000e+02  -99.000  -99.000  -999
OBS: 735  56339.879    93.00   0.0000e+00   1.1372e+01   6.8452e+00   0  J  0.00  1   !  -9.99000e+02  -99.000  -99.000  -999
OBS: 735  56341.879    95.00   0.0000e+00   1.0269e+01   6.1812e+00   0  J  0.00  1   !  -9.99000e+02  -99.000  -99.000  -999
OBS: 735  56343.879    97.00   0.0000e+00   9.2766e+00   5.5837e+00   0  J  0.00  1   !  -9.99000e+02  -99.000  -99.000  -999
OBS: 735  56345.879    99.00   0.0000e+00   8.3873e+00   5.0484e+00   0  J  0.00  1   !  -9.99000e+02  -99.000  -99.000  -999
OBS: 735  56347.879   101.00   0.0000e+00   7.5874e+00   4.5669e+00   0  J  0.00  1   !  -9.99000e+02  -99.000  -99.000  -999
OBS: 735  56349.879   103.00   0.0000e+00   6.8713e+00   4.1359e+00   0  J  0.00  1   !  -9.99000e+02  -99.000  -99.000  -999
OBS: 735  56351.879   105.00   0.0000e+00   6.2299e+00   3.7498e+00   0  J  0.00  1   !  -9.99000e+02  -99.000  -99.000  -999
OBS: 735  56353.879   107.00   0.0000e+00   5.6427e+00   3.3964e+00   0  J  0.00  1   !  -9.99000e+02  -99.000  -99.000  -999
OBS: 735  56355.879   109.00   0.0000e+00   5.0726e+00   3.0533e+00   0  J  0.00  1   !  -9.99000e+02  -99.000  -99.000  -999
OBS: 735  56357.879   111.00   0.0000e+00   4.5600e+00   2.7447e+00   0  J  0.00  1   !  -9.99000e+02  -99.000  -99.000  -999
OBS: 735  56359.879   113.00   0.0000e+00   4.0992e+00   2.4673e+00   0  J  0.00  1   !  -9.99000e+02  -99.000  -99.000  -999
OBS: 735  56361.879   115.00   0.0000e+00   3.6849e+00   2.2180e+00   0  J  0.00  1   !  -9.99000e+02  -99.000  -99.000  -999
OBS: 735  56363.879   117.00   0.0000e+00   3.3124e+00   1.9937e+00   0  J  0.00  1   !  -9.99000e+02  -99.000  -99.000  -999
OBS: 735  56365.879   119.00   0.0000e+00   2.9775e+00   1.7922e+00   0  J  0.00  1   !  -9.99000e+02  -99.000  -99.000  -999
OBS: 735  56367.879   121.00   0.0000e+00   2.6764e+00   1.6110e+00   0  J  0.00  1   !  -9.99000e+02  -99.000  -99.000  -999
OBS: 735  56369.879   123.00   0.0000e+00   2.4059e+00   1.4481e+00   0  J  0.00  1   !  -9.99000e+02  -99.000  -99.000  -999
OBS: 735  56371.879   125.00   0.0000e+00   2.1628e+00   1.3018e+00   0  J  0.00  1   !  -9.99000e+02  -99.000  -99.000  -999
OBS: 735  56373.879   127.00   0.0000e+00   1.9440e+00   1.1701e+00   0  J  0.00  1   !  -9.99000e+02  -99.000  -99.000  -999
OBS: 735  56375.879   129.00   0.0000e+00   1.7473e+00   1.0517e+00   0  J  0.00  1   !  -9.99000e+02  -99.000  -99.000  -999
OBS: 735  56377.879   131.00   0.0000e+00   1.5705e+00   9.4533e-01   0  J  0.00  1   !  -9.99000e+02  -99.000  -99.000  -999
OBS: 735  56379.879   133.00   0.0000e+00   1.4116e+00   8.4967e-01   0  J  0.00  1   !  -9.99000e+02  -99.000  -99.000  -999
OBS: 735  56381.879   135.00   0.0000e+00   1.2688e+00   7.6368e-01   0  J  0.00  1   !  -9.99000e+02  -99.000  -99.000  -999
OBS: 735  56383.879   137.00   0.0000e+00   1.1403e+00   6.8638e-01   0  J  0.00  1   !  -9.99000e+02  -99.000  -99.000  -999
OBS: 735  56385.879   139.00   0.0000e+00   1.0249e+00   6.1690e-01   0  J  0.00  1   !  -9.99000e+02  -99.000  -99.000  -999
OBS: 735  56265.109    18.23   2.4159e+01   2.3986e+01   5.0062e-01   1  H  0.01  1   J  6.52505e+17  0.586  0.440  1.00000e+11
OBS: 735  56272.184    25.31   2.6922e+01   2.7225e+01   5.2153e-01   1  H  0.12  1   J  7.31749e+17  0.573  0.820  1.00000e+11
OBS: 735  56278.891    32.01   3.3517e+01   3.3286e+01   5.6107e-01   1  H  0.02  1   J  8.64076e+17  0.535  0.493  1.00000e+11
OBS: 735  56187.879   -59.00   0.0000e+00   0.0000e+00   0.0000e+00   0  H  0.00  1   !  -9.99000e+02  -99.000  -99.000  -999
OBS: 735  56189.879   -57.00   0.0000e+00   0.0000e+00   0.0000e+00   0  H  0.00  1   !  -9.99000e+02  -99.000  -99.000  -999
OBS: 735  56191.879   -55.00   0.0000e+00   0.0000e+00   0.0000e+00   0  H  0.00  1   !  -9.99000e+02  -99.000  -99.000  -999
OBS: 735  56193.879   -53.00   0.0000e+00   0.0000e+00   0.0000e+00   0  H  0.00  1   !  -9.99000e+02  -99.000  -99.000  -999
OBS: 735  56195.879   -51.00   0.0000e+00   0.0000e+00   0.0000e+00   0  H  0.00  1   !  -9.99000e+02  -99.000  -99.000  -999
OBS: 735  56197.879   -49.00   0.0000e+00   0.0000e+00   0.0000e+00   0  H  0.00  1   !  -9.99000e+02  -99.000  -99.000  -999
OBS: 735  56199.879   -47.00   0.0000e+00   0.0000e+00   0.0000e+00   0  H  0.00  1   !  -9.99000e+02  -99.000  -99.000  -999
OBS: 735  56201.879   -45.00   0.0000e+00   0.0000e+00   0.0000e+00   0  H  0.00  1   !  -9.99000e+02  -99.000  -99.000  -999
OBS: 735  56203.879   -43.00   0.0000e+00   0.0000e+00   0.0000e+00   0  H  0.00  1   !  -9.99000e+02  -99.000  -99.000  -999
OBS: 735  56205.879   -41.00   0.0000e+00   0.0000e+00   0.0000e+00   0  H  0.00  1   !  -9.99000e+02  -99.000  -99.000  -999
OBS: 735  56207.879   -39.00   0.0000e+00   0.0000e+00   0.0000e+00   0  H  0.00  1   !  -9.99000e+02  -99.000  -99.000  -999
OBS: 735  56209.879   -37.00   0.0000e+00   0.0000e+00   0.0000e+00   0  H  0.00  1   !  -9.99000e+02  -99.000  -99.000  -999
OBS: 735  56211.879   -35.00   0.0000e+00   0.0000e+00   0.0000e+00   0  H  0.00  1   !  -9.99000e+02  -99.000  -99.000  -999
OBS: 735  56213.879   -33.00   0.0000e+00   0.0000e+00   0.0000e+00   0  H  0.00  1   !  -9.99000e+02  -99.000  -99.000  -999
OBS: 735  56215.879   -31.00   0.0000e+00   0.0000e+00   0.0000e+00   0  H  0.00  1   !  -9.99000e+02  -99.000  -99.000  -999
OBS: 735  56217.879   -29.00   0.0000e+00   0.0000e+00   0.0000e+00   0  H  0.00  1   !  -9.99000e+02  -99.000  -99.000  -999
OBS: 735  56219.879   -27.00   0.0000e+00   0.0000e+00   0.0000e+00   0  H  0.00  1   !  -9.99000e+02  -99.000  -99.000  -999
OBS: 735  56221.879   -25.00   0.0000e+00   1.9126e+01   1.1512e+01   0  H  0.00  1   !  -9.99000e+02  -99.000  -99.000  -999
OBS: 735  56223.879   -23.00   0.0000e+00   1.9947e+01   1.2006e+01   0  H  0.00  1   !  -9.99000e+02  -99.000  -99.000  -999
OBS: 735  56225.879   -21.00   0.0000e+00   2.0256e+01   1.2192e+01   0  H  0.00  1   !  -9.99000e+02  -99.000  -99.000  -999
OBS: 735  56227.879   -19.00   0.0000e+00   2.0264e+01   1.2197e+01   0  H  0.00  1   !  -9.99000e+02  -99.000  -99.000  -999
OBS: 735  56229.879   -17.00   0.0000e+00   3.4889e+01   4.7185e+00   0  H  0.00  1   !  -9.99000e+02  -99.000  -99.000  -999
OBS: 735  56231.879   -15.00   0.0000e+00   5.3798e+01   2.3631e+00   0  H  0.00  1   !  -9.99000e+02  -99.000  -99.000  -999
OBS: 735  56233.879   -13.00   0.0000e+00   7.1324e+01   2.4127e+00   0  H  0.00  1   !  -9.99000e+02  -99.000  -99.000  -999
OBS: 735  56235.879   -11.00   0.0000e+00   8.5673e+01   2.5833e+00   0  H  0.00  1   !  -9.99000e+02  -99.000  -99.000  -999
OBS: 735  56237.879    -9.00   0.0000e+00   9.5025e+01   2.0462e+00   0  H  0.00  1   !  -9.99000e+02  -99.000  -99.000  -999
OBS: 735  56239.879    -7.00   0.0000e+00   1.0006e+02   1.6613e+00   0  H  0.00  1   !  -9.99000e+02  -99.000  -99.000  -999
OBS: 735  56241.879    -5.00   0.0000e+00   1.0159e+02   1.5977e+00   0  H  0.00  1   !  -9.99000e+02  -99.000  -99.000  -999
OBS: 735  56243.879    -3.00   0.0000e+00   9.8417e+01   1.7153e+00   0  H  0.00  1   !  -9.99000e+02  -99.000  -99.000  -999
OBS: 735  56245.879    -1.00   0.0000e+00   9.2466e+01   1.6887e+00   0  H  0.00  1   !  -9.99000e+02  -99.000  -99.000  -999
OBS: 735  56247.879     1.00   0.0000e+00   8.4198e+01   1.6908e+00   0  H  0.00  1   !  -9.99000e+02  -99.000  -99.000  -999
OBS: 735  56249.879     3.00   0.0000e+00   7.4716e+01   1.6368e+00   0  H  0.00  1   !  -9.99000e+02  -99.000  -99.000  -999
OBS: 735  56251.879     5.00   0.0000e+00   6.4722e+01   1.5845e+00   0  H  0.00  1   !  -9.99000e+02  -99.000  -99.000  -999
OBS: 735  56253.879     7.00   0.0000e+00   5.4370e+01   1.5834e+00   0  H  0.00  1   !  -9.99000e+02  -99.000  -99.000  -999
OBS: 735  56255.879     9.00   0.0000e+00   4.4249e+01   1.6418e+00   0  H  0.00  1   !  -9.99000e+02  -99.000  -99.000  -999
OBS: 735  56257.879    11.00   0.0000e+00   3.5596e+01   1.8095e+00   0  H  0.00  1   !  -9.99000e+02  -99.000  -99.000  -999
OBS: 735  56259.879    13.00   0.0000e+00   2.9501e+01   1.9341e+00   0  H  0.00  1   !  -9.99000e+02  -99.000  -99.000  -999
OBS: 735  56261.879    15.00   0.0000e+00   2.5644e+01   1.9622e+00   0  H  0.00  1   !  -9.99000e+02  -99.000  -99.000  -999
OBS: 735  56263.879    17.00   0.0000e+00   2.4033e+01   1.9145e+00   0  H  0.00  1   !  -9.99000e+02  -99.000  -99.000  -999
OBS: 735  56265.879    19.00   0.0000e+00   2.3778e+01   1.9330e+00   0  H  0.00  1   !  -9.99000e+02  -99.000  -99.000  -999
OBS: 735  56267.879    21.00   0.0000e+00   2.4484e+01   2.0869e+00   0  H  0.00  1   !  -9.99000e+02  -99.000  -99.000  -999
OBS: 735  56269.879    23.00   0.0000e+00   2.5372e+01   2.1465e+00   0  H  0.00  1   !  -9.99000e+02  -99.000  -99.000  -999
OBS: 735  56271.879    25.00   0.0000e+00   2.6275e+01   2.0836e+00   0  H  0.00  1   !  -9.99000e+02  -99.000  -99.000  -999
OBS: 735  56273.879    27.00   0.0000e+00   2.7851e+01   2.1806e+00   0  H  0.00  1   !  -9.99000e+02  -99.000  -99.000  -999
OBS: 735  56275.879    29.00   0.0000e+00   2.9936e+01   2.1612e+00   0  H  0.00  1   !  -9.99000e+02  -99.000  -99.000  -999
OBS: 735  56277.879    31.00   0.0000e+00   3.2027e+01   1.9664e+00   0  H  0.00  1   !  -9.99000e+02  -99.000  -99.000  -999
OBS: 735  56279.879    33.00   0.0000e+00   3.3945e+01   1.9864e+00   0  H  0.00  1   !  -9.99000e+02  -99.000  -99.000  -999
OBS: 735  56281.879    35.00   0.0000e+00   3.5632e+01   2.1826e+00   0  H  0.00  1   !  -9.99000e+02  -99.000  -99.000  -999
OBS: 735  56283.879    37.00   0.0000e+00   3.7496e+01   2.2694e+00   0  H  0.00  1   !  -9.99000e+02  -99.000  -99.000  -999
OBS: 735  56285.879    39.00   0.0000e+00   3.9456e+01   2.2849e+00   0  H  0.00  1   !  -9.99000e+02  -99.000  -99.000  -999
OBS: 735  56287.879    41.00   0.0000e+00   4.0979e+01   2.3464e+00   0  H  0.00  1   !  -9.99000e+02  -99.000  -99.000  -999
OBS: 735  56289.879    43.00   0.0000e+00   4.0632e+01   2.3930e+00   0  H  0.00  1   !  -9.99000e+02  -99.000  -99.000  -999
OBS: 735  56291.879    45.00   0.0000e+00   3.8172e+01   2.5870e+00   0  H  0.00  1   !  -9.99000e+02  -99.000  -99.000  -999
OBS: 735  56293.879    47.00   0.0000e+00   3.4087e+01   2.6776e+00   0  H  0.00  1   !  -9.99000e+02  -99.000  -99.000  -999
OBS: 735  56295.879    49.00   0.0000e+00   2.9383e+01   2.5034e+00   0  H  0.00  1   !  -9.99000e+02  -99.000  -99.000  -999
OBS: 735  56297.879    51.00   0.0000e+00   2.4465e+01   2.4071e+00   0  H  0.00  1   !  -9.99000e+02  -99.000  -99.000  -999
OBS: 735  56299.879    53.00   0.0000e+00   2.0415e+01   2.2895e+00   0  H  0.00  1   !  -9.99000e+02  -99.000  -99.000  -999
OBS: 735  56301.879    55.00   0.0000e+00   1.8122e+01   2.2416e+00   0  H  0.00  1   !  -9.99000e+02  -99.000  -99.000  -999
OBS: 735  56303.879    57.00   0.0000e+00   1.6928e+01   2.3405e+00   0  H  0.00  1   !  -9.99000e+02  -99.000  -99.000  -999
OBS: 735  56305.879    59.00   0.0000e+00   1.5805e+01   2.9922e+00   0  H  0.00  1   !  -9.99000e+02  -99.000  -99.000  -999
OBS: 735  56307.879    61.00   0.0000e+00   1.4410e+01   3.9803e+00   0  H  0.00  1   !  -9.99000e+02  -99.000  -99.000  -999
OBS: 735  56309.879    63.00   0.0000e+00   1.2943e+01   5.5796e+00   0  H  0.00  1   !  -9.99000e+02  -99.000  -99.000  -999
OBS: 735  56311.879    65.00   0.0000e+00   1.1711e+01   7.0490e+00   0  H  0.00  1   !  -9.99000e+02  -99.000  -99.000  -999
OBS: 735  56313.879    67.00   0.0000e+00   1.0771e+01   6.4831e+00   0  H  0.00  1   !  -9.99000e+02  -99.000  -99.000  -999
OBS: 735  56315.879    69.00   0.0000e+00   9.9405e+00   5.9833e+00   0  H  0.00  1   !  -9.99000e+02  -99.000  -99.000  -999
OBS: 735  56317.879    71.00   0.0000e+00   9.1581e+00   5.5124e+00   0  H  0.00  1   !  -9.99000e+02  -99.000  -99.000  -999
OBS: 735  56319.879    73.00   0.0000e+00   8.4469e+00   5.0843e+00   0  H  0.00  1   !  -9.99000e+02  -99.000  -99.000  -999
OBS: 735  56321.879    75.00   0.0000e+00   7.9190e+00   4.7665e+00   0  H  0.00  1   !  -9.99000e+02  -99.000  -99.000  -999
OBS: 735  56323.879    77.00   0.0000e+00   6.6395e+00   3.9964e+00   0  H  0.00  1   !  -9.99000e+02  -99.000  -99.000  -999
OBS: 735  56325.879    79.00   0.0000e+00   5.6837e+00   3.4211e+00   0  H  0.00  1   !  -9.99000e+02  -99.000  -99.000  -999
OBS: 735  56327.879    81.00   0.0000e+00   5.0421e+00   3.0349e+00   0  H  0.00  1   !  -9.99000e+02  -99.000  -99.000  -999
OBS: 735  56329.879    83.00   0.0000e+00   4.5546e+00   2.7415e+00   0  H  0.00  1   !  -9.99000e+02  -99.000  -99.000  -999
OBS: 735  56331.879    85.00   0.0000e+00   4.1495e+00   2.4976e+00   0  H  0.00  1   !  -9.99000e+02  -99.000  -99.000  -999
OBS: 735  56333.879    87.00   0.0000e+00   3.7822e+00   2.2766e+00   0  H  0.00  1   !  -9.99000e+02  -99.000  -99.000  -999
OBS: 735  56335.879    89.00   0.0000e+00   3.4325e+00   2.0661e+00   0  H  0.00  1   !  -9.99000e+02  -99.000  -99.000  -999
OBS: 735  56337.879    91.00   0.0000e+00   3.0976e+00   1.8645e+00   0  H  0.00  1   !  -9.99000e+02  -99.000  -99.000  -999
OBS: 735  56339.879    93.00   0.0000e+00   2.7933e+00   1.6813e+00   0  H  0.00  1   !  -9.99000e+02  -99.000  -99.000  -999
OBS: 735  56341.879    95.00   0.0000e+00   2.5771e+00   1.5512e+00   0  H  0.00  1   !  -9.99000e+02  -99.000  -99.000  -999
OBS: 735  56343.879    97.00   0.0000e+00   2.3776e+00   1.4311e+00   0  H  0.00  1   !  -9.99000e+02  -99.000  -99.000  -999
OBS: 735  56345.879    99.00   0.0000e+00   2.1933e+00   1.3202e+00   0  H  0.00  1   !  -9.99000e+02  -99.000  -99.000  -999
OBS: 735  56347.879   101.00   0.0000e+00   2.0232e+00   1.2178e+00   0  H  0.00  1   !  -9.99000e+02  -99.000  -99.000  -999
OBS: 735  56349.879   103.00   0.0000e+00   1.8660e+00   1.1232e+00   0  H  0.00  1   !  -9.99000e+02  -99.000  -99.000  -999
OBS: 735  56351.879   105.00   0.0000e+00   1.7206e+00   1.0357e+00   0  H  0.00  1   !  -9.99000e+02  -99.000  -99.000  -999
OBS: 735  56353.879   107.00   0.0000e+00   1.5874e+00   9.5548e-01   0  H  0.00  1   !  -9.99000e+02  -99.000  -99.000  -999
OBS: 735  56355.879   109.00   0.0000e+00   1.4678e+00   8.8348e-01   0  H  0.00  1   !  -9.99000e+02  -99.000  -99.000  -999
OBS: 735  56357.879   111.00   0.0000e+00   1.3572e+00   8.1694e-01   0  H  0.00  1   !  -9.99000e+02  -99.000  -99.000  -999
OBS: 735  56359.879   113.00   0.0000e+00   1.2551e+00   7.5544e-01   0  H  0.00  1   !  -9.99000e+02  -99.000  -99.000  -999
OBS: 735  56361.879   115.00   0.0000e+00   1.1606e+00   6.9855e-01   0  H  0.00  1   !  -9.99000e+02  -99.000  -99.000  -999
OBS: 735  56363.879   117.00   0.0000e+00   1.0732e+00   6.4598e-01   0  H  0.00  1   !  -9.99000e+02  -99.000  -99.000  -999
OBS: 735  56365.879   119.00   0.0000e+00   9.9248e-01   5.9739e-01   0  H  0.00  1   !  -9.99000e+02  -99.000  -99.000  -999
OBS: 735  56367.879   121.00   0.0000e+00   9.1787e-01   5.5248e-01   0  H  0.00  1   !  -9.99000e+02  -99.000  -99.000  -999
OBS: 735  56369.879   123.00   0.0000e+00   8.4890e-01   5.1096e-01   0  H  0.00  1   !  -9.99000e+02  -99.000  -99.000  -999
OBS: 735  56371.879   125.00   0.0000e+00   7.8463e-01   4.7228e-01   0  H  0.00  1   !  -9.99000e+02  -99.000  -99.000  -999
OBS: 735  56373.879   127.00   0.0000e+00   7.2454e-01   4.3611e-01   0  H  0.00  1   !  -9.99000e+02  -99.000  -99.000  -999
OBS: 735  56375.879   129.00   0.0000e+00   6.7129e-01   4.0406e-01   0  H  0.00  1   !  -9.99000e+02  -99.000  -99.000  -999
OBS: 735  56377.879   131.00   0.0000e+00   6.2199e-01   3.7438e-01   0  H  0.00  1   !  -9.99000e+02  -99.000  -99.000  -999
OBS: 735  56379.879   133.00   0.0000e+00   5.7631e-01   3.4689e-01   0  H  0.00  1   !  -9.99000e+02  -99.000  -99.000  -999
OBS: 735  56381.879   135.00   0.0000e+00   5.3398e-01   3.2141e-01   0  H  0.00  1   !  -9.99000e+02  -99.000  -99.000  -999
OBS: 735  56383.879   137.00   0.0000e+00   4.9476e-01   2.9780e-01   0  H  0.00  1   !  -9.99000e+02  -99.000  -99.000  -999
OBS: 735  56385.879   139.00   0.0000e+00   4.5843e-01   2.7593e-01   0  H  0.00  1   !  -9.99000e+02  -99.000  -99.000  -999
