VARNAMES: CID MJD Tobs SIM_FLUXCAL FLUXCAL FLUXCAL_ERR DATAFLAG BAND CHI2 IFIT BAND_REST FLUX_REST KCOR AVWARP SIM_FLUX_REST 
OBS: 7204  56355.473     7.06   6.2139e+01   6.2095e+01   6.1045e-01   1  J  0.01  1   Y  1.65355e+18  -0.246  -1.499  1.00000e+11
OBS: 7204  56361.867    13.46   5.3378e+01   5.3536e+01   5.6025e-01   1  J  0.00  1   Y  1.30181e+18  -0.345  -1.978  1.00000e+11
OBS: 7204  56368.633    20.22   5.3706e+01   5.3527e+01   5.6088e-01   1  J  0.01  1   Y  1.32254e+18  -0.328  -1.600  1.00000e+11
OBS: 7204  56289.410   -59.00   0.0000e+00   0.0000e+00   0.0000e+00   0  J  0.00  1   !  -9.99000e+02  -99.000  -99.000  -999
OBS: 7204  56291.410   -57.00   0.0000e+00   0.0000e+00   0.0000e+00   0  J  0.00  1   !  -9.99000e+02  -99.000  -99.000  -999
OBS: 7204  56293.410   -55.00   0.0000e+00   0.0000e+00   0.0000e+00   0  J  0.00  1   !  -9.99000e+02  -99.000  -99.000  -999
OBS: 7204  56295.410   -53.00   0.0000e+00   0.0000e+00   0.0000e+00   0  J  0.00  1   !  -9.99000e+02  -99.000  -99.000  -999
OBS: 7204  56297.410   -51.00   0.0000e+00   0.0000e+00   0.0000e+00   0  J  0.00  1   !  -9.99000e+02  -99.000  -99.000  -999
OBS: 7204  56299.410   -49.00   0.0000e+00   0.0000e+00   0.0000e+00   0  J  0.00  1   !  -9.99000e+02  -99.000  -99.000  -999
OBS: 7204  56301.410   -47.00   0.0000e+00   0.0000e+00   0.0000e+00   0  J  0.00  1   !  -9.99000e+02  -99.000  -99.000  -999
OBS: 7204  56303.410   -45.00   0.0000e+00   0.0000e+00   0.0000e+00   0  J  0.00  1   !  -9.99000e+02  -99.000  -99.000  -999
OBS: 7204  56305.410   -43.00   0.0000e+00   0.0000e+00   0.0000e+00   0  J  0.00  1   !  -9.99000e+02  -99.000  -99.000  -999
OBS: 7204  56307.410   -41.00   0.0000e+00   0.0000e+00   0.0000e+00   0  J  0.00  1   !  -9.99000e+02  -99.000  -99.000  -999
OBS: 7204  56309.410   -39.00   0.0000e+00   0.0000e+00   0.0000e+00   0  J  0.00  1   !  -9.99000e+02  -99.000  -99.000  -999
OBS: 7204  56311.410   -37.00   0.0000e+00   0.0000e+00   0.0000e+00   0  J  0.00  1   !  -9.99000e+02  -99.000  -99.000  -999
OBS: 7204  56313.410   -35.00   0.0000e+00   0.0000e+00   0.0000e+00   0  J  0.00  1   !  -9.99000e+02  -99.000  -99.000  -999
OBS: 7204  56315.410   -33.00   0.0000e+00   0.0000e+00   0.0000e+00   0  J  0.00  1   !  -9.99000e+02  -99.000  -99.000  -999
OBS: 7204  56317.410   -31.00   0.0000e+00   0.0000e+00   0.0000e+00   0  J  0.00  1   !  -9.99000e+02  -99.000  -99.000  -999
OBS: 7204  56319.410   -29.00   0.0000e+00   0.0000e+00   0.0000e+00   0  J  0.00  1   !  -9.99000e+02  -99.000  -99.000  -999
OBS: 7204  56321.410   -27.00   0.0000e+00   0.0000e+00   0.0000e+00   0  J  0.00  1   !  -9.99000e+02  -99.000  -99.000  -999
OBS: 7204  56323.410   -25.00   0.0000e+00   1.7896e+01   1.0772e+01   0  J  0.00  1   !  -9.99000e+02  -99.000  -99.000  -999
OBS: 7204  56325.410   -23.00   0.0000e+00   1.8549e+01   1.1165e+01   0  J  0.00  1   !  -9.99000e+02  -99.000  -99.000  -999
OBS: 7204  56327.410   -21.00   0.0000e+00   1.8537e+01   1.1158e+01   0  J  0.00  1   !  -9.99000e+02  -99.000  -99.000  -999
OBS: 7204  56329.410   -19.00   0.0000e+00   2.3890e+01   7.0960e+00   0  J  0.00  1   !  -9.99000e+02  -99.000  -99.000  -999
OBS: 7204  56331.410   -17.00   0.0000e+00   3.5225e+01   3.2248e+00   0  J  0.00  1   !  -9.99000e+02  -99.000  -99.000  -999
OBS: 7204  56333.410   -15.00   0.0000e+00   4.6642e+01   2.2741e+00   0  J  0.00  1   !  -9.99000e+02  -99.000  -99.000  -999
OBS: 7204  56335.410   -13.00   0.0000e+00   5.6053e+01   1.8400e+00   0  J  0.00  1   !  -9.99000e+02  -99.000  -99.000  -999
OBS: 7204  56337.410   -11.00   0.0000e+00   6.4429e+01   1.6293e+00   0  J  0.00  1   !  -9.99000e+02  -99.000  -99.000  -999
OBS: 7204  56339.410    -9.00   0.0000e+00   7.2600e+01   1.7179e+00   0  J  0.00  1   !  -9.99000e+02  -99.000  -99.000  -999
OBS: 7204  56341.410    -7.00   0.0000e+00   7.8639e+01   1.9601e+00   0  J  0.00  1   !  -9.99000e+02  -99.000  -99.000  -999
OBS: 7204  56343.410    -5.00   0.0000e+00   8.1953e+01   2.1447e+00   0  J  0.00  1   !  -9.99000e+02  -99.000  -99.000  -999
OBS: 7204  56345.410    -3.00   0.0000e+00   8.1488e+01   2.0296e+00   0  J  0.00  1   !  -9.99000e+02  -99.000  -99.000  -999
OBS: 7204  56347.410    -1.00   0.0000e+00   7.8917e+01   1.9661e+00   0  J  0.00  1   !  -9.99000e+02  -99.000  -99.000  -999
OBS: 7204  56349.410     1.00   0.0000e+00   7.4960e+01   2.1039e+00   0  J  0.00  1   !  -9.99000e+02  -99.000  -99.000  -999
OBS: 7204  56351.410     3.00   0.0000e+00   7.0431e+01   2.4570e+00   0  J  0.00  1   !  -9.99000e+02  -99.000  -99.000  -999
OBS: 7204  56353.410     5.00   0.0000e+00   6.6050e+01   2.6451e+00   0  J  0.00  1   !  -9.99000e+02  -99.000  -99.000  -999
OBS: 7204  56355.410     7.00   0.0000e+00   6.2460e+01   2.6372e+00   0  J  0.00  1   !  -9.99000e+02  -99.000  -99.000  -999
OBS: 7204  56357.410     9.00   0.0000e+00   5.8896e+01   2.4483e+00   0  J  0.00  1   !  -9.99000e+02  -99.000  -99.000  -999
OBS: 7204  56359.410    11.00   0.0000e+00   5.5915e+01   2.4772e+00   0  J  0.00  1   !  -9.99000e+02  -99.000  -99.000  -999
OBS: 7204  56361.410    13.00   0.0000e+00   5.3879e+01   2.7344e+00   0  J  0.00  1   !  -9.99000e+02  -99.000  -99.000  -999
OBS: 7204  56363.410    15.00   0.0000e+00   5.2955e+01   2.9413e+00   0  J  0.00  1   !  -9.99000e+02  -99.000  -99.000  -999
OBS: 7204  56365.410    17.00   0.0000e+00   5.2425e+01   2.9463e+00   0  J  0.00  1   !  -9.99000e+02  -99.000  -99.000  -999
OBS: 7204  56367.410    19.00   0.0000e+00   5.2620e+01   2.7931e+00   0  J  0.00  1   !  -9.99000e+02  -99.000  -99.000  -999
OBS: 7204  56369.410    21.00   0.0000e+00   5.4912e+01   2.6657e+00   0  J  0.00  1   !  -9.99000e+02  -99.000  -99.000  -999
OBS: 7204  56371.410    23.00   0.0000e+00   5.7337e+01   2.6195e+00   0  J  0.00  1   !  -9.99000e+02  -99.000  -99.000  -999
OBS: 7204  56373.410    25.00   0.0000e+00   5.9558e+01   2.5700e+00   0  J  0.00  1   !  -9.99000e+02  -99.000  -99.000  -999
OBS: 7204  56375.410    27.00   0.0000e+00   6.1205e+01   2.2265e+00   0  J  0.00  1   !  -9.99000e+02  -99.000  -99.000  -999
OBS: 7204  56377.410    29.00   0.0000e+00   6.1673e+01   1.9209e+00   0  J  0.00  1   !  -9.99000e+02  -99.000  -99.000  -999
OBS: 7204  56379.410    31.00   0.0000e+00   6.2839e+01   1.8679e+00   0  J  0.00  1   !  -9.99000e+02  -99.000  -99.000  -999
OBS: 7204  56381.410    33.00   0.0000e+00   6.5468e+01   1.9896e+00   0  J  0.00  1   !  -9.99000e+02  -99.000  -99.000  -999
OBS: 7204  56383.410    35.00   0.0000e+00   6.7810e+01   2.0497e+00   0  J  0.00  1   !  -9.99000e+02  -99.000  -99.000  -999
OBS: 7204  56385.410    37.00   0.0000e+00   6.9055e+01   1.9994e+00   0  J  0.00  1   !  -9.99000e+02  -99.000  -99.000  -999
OBS: 7204  56387.410    39.00   0.0000e+00   6.9569e+01   1.8824e+00   0  J  0.00  1   !  -9.99000e+02  -99.000  -99.000  -999
OBS: 7204  56389.410    41.00   0.0000e+00   6.9558e+01   1.9589e+00   0  J  0.00  1   !  -9.99000e+02  -99.000  -99.000  -999
OBS: 7204  56391.410    43.00   0.0000e+00   6.9298e+01   2.1278e+00   0  J  0.00  1   !  -9.99000e+02  -99.000  -99.000  -999
OBS: 7204  56393.410    45.00   0.0000e+00   6.8073e+01   2.2676e+00   0  J  0.00  1   !  -9.99000e+02  -99.000  -99.000  -999
OBS: 7204  56395.410    47.00   0.0000e+00   6.6080e+01   2.2808e+00   0  J  0.00  1   !  -9.99000e+02  -99.000  -99.000  -999
OBS: 7204  56397.410    49.00   0.0000e+00   6.4945e+01   2.1608e+00   0  J  0.00  1   !  -9.99000e+02  -99.000  -99.000  -999
OBS: 7204  56399.410    51.00   0.0000e+00   6.3196e+01   2.1037e+00   0  J  0.00  1   !  -9.99000e+02  -99.000  -99.000  -999
OBS: 7204  56401.410    53.00   0.0000e+00   6.0566e+01   2.2049e+00   0  J  0.00  1   !  -9.99000e+02  -99.000  -99.000  -999
OBS: 7204  56403.410    55.00   0.0000e+00   5.7229e+01   2.2988e+00   0  J  0.00  1   !  -9.99000e+02  -99.000  -99.000  -999
OBS: 7204  56405.410    57.00   0.0000e+00   5.3317e+01   2.2478e+00   0  J  0.00  1   !  -9.99000e+02  -99.000  -99.000  -999
OBS: 7204  56407.410    59.00   0.0000e+00   4.9237e+01   1.9815e+00   0  J  0.00  1   !  -9.99000e+02  -99.000  -99.000  -999
OBS: 7204  56409.410    61.00   0.0000e+00   4.5178e+01   1.6438e+00   0  J  0.00  1   !  -9.99000e+02  -99.000  -99.000  -999
OBS: 7204  56411.410    63.00   0.0000e+00   4.1522e+01   1.3504e+00   0  J  0.00  1   !  -9.99000e+02  -99.000  -99.000  -999
OBS: 7204  56413.410    65.00   0.0000e+00   3.8449e+01   1.1477e+00   0  J  0.00  1   !  -9.99000e+02  -99.000  -99.000  -999
OBS: 7204  56415.410    67.00   0.0000e+00   3.5609e+01   5.9614e+00   0  J  0.00  1   !  -9.99000e+02  -99.000  -99.000  -999
OBS: 7204  56417.410    69.00   0.0000e+00   3.2720e+01   1.9695e+01   0  J  0.00  1   !  -9.99000e+02  -99.000  -99.000  -999
OBS: 7204  56419.410    71.00   0.0000e+00   2.9959e+01   1.8033e+01   0  J  0.00  1   !  -9.99000e+02  -99.000  -99.000  -999
OBS: 7204  56421.410    73.00   0.0000e+00   2.8310e+01   1.7040e+01   0  J  0.00  1   !  -9.99000e+02  -99.000  -99.000  -999
OBS: 7204  56423.410    75.00   0.0000e+00   2.6548e+01   1.5979e+01   0  J  0.00  1   !  -9.99000e+02  -99.000  -99.000  -999
OBS: 7204  56425.410    77.00   0.0000e+00   2.4814e+01   1.4936e+01   0  J  0.00  1   !  -9.99000e+02  -99.000  -99.000  -999
OBS: 7204  56427.410    79.00   0.0000e+00   2.3175e+01   1.3949e+01   0  J  0.00  1   !  -9.99000e+02  -99.000  -99.000  -999
OBS: 7204  56429.410    81.00   0.0000e+00   2.1000e+01   1.2640e+01   0  J  0.00  1   !  -9.99000e+02  -99.000  -99.000  -999
OBS: 7204  56431.410    83.00   0.0000e+00   1.8109e+01   1.0900e+01   0  J  0.00  1   !  -9.99000e+02  -99.000  -99.000  -999
OBS: 7204  56433.410    85.00   0.0000e+00   1.5676e+01   9.4353e+00   0  J  0.00  1   !  -9.99000e+02  -99.000  -99.000  -999
OBS: 7204  56435.410    87.00   0.0000e+00   1.3726e+01   8.2621e+00   0  J  0.00  1   !  -9.99000e+02  -99.000  -99.000  -999
OBS: 7204  56437.410    89.00   0.0000e+00   1.2164e+01   7.3219e+00   0  J  0.00  1   !  -9.99000e+02  -99.000  -99.000  -999
OBS: 7204  56439.410    91.00   0.0000e+00   1.0919e+01   6.5725e+00   0  J  0.00  1   !  -9.99000e+02  -99.000  -99.000  -999
OBS: 7204  56441.410    93.00   0.0000e+00   9.9060e+00   5.9626e+00   0  J  0.00  1   !  -9.99000e+02  -99.000  -99.000  -999
OBS: 7204  56443.410    95.00   0.0000e+00   9.0466e+00   5.4453e+00   0  J  0.00  1   !  -9.99000e+02  -99.000  -99.000  -999
OBS: 7204  56445.410    97.00   0.0000e+00   8.2981e+00   4.9947e+00   0  J  0.00  1   !  -9.99000e+02  -99.000  -99.000  -999
OBS: 7204  56447.410    99.00   0.0000e+00   7.6291e+00   4.5920e+00   0  J  0.00  1   !  -9.99000e+02  -99.000  -99.000  -999
OBS: 7204  56449.410   101.00   0.0000e+00   6.8923e+00   4.1485e+00   0  J  0.00  1   !  -9.99000e+02  -99.000  -99.000  -999
OBS: 7204  56451.410   103.00   0.0000e+00   6.2300e+00   3.7499e+00   0  J  0.00  1   !  -9.99000e+02  -99.000  -99.000  -999
OBS: 7204  56453.410   105.00   0.0000e+00   5.6369e+00   3.3929e+00   0  J  0.00  1   !  -9.99000e+02  -99.000  -99.000  -999
OBS: 7204  56455.410   107.00   0.0000e+00   5.1051e+00   3.0728e+00   0  J  0.00  1   !  -9.99000e+02  -99.000  -99.000  -999
OBS: 7204  56457.410   109.00   0.0000e+00   4.6287e+00   2.7861e+00   0  J  0.00  1   !  -9.99000e+02  -99.000  -99.000  -999
OBS: 7204  56459.410   111.00   0.0000e+00   4.2038e+00   2.5303e+00   0  J  0.00  1   !  -9.99000e+02  -99.000  -99.000  -999
OBS: 7204  56461.410   113.00   0.0000e+00   3.8250e+00   2.3023e+00   0  J  0.00  1   !  -9.99000e+02  -99.000  -99.000  -999
OBS: 7204  56463.410   115.00   0.0000e+00   3.4445e+00   2.0733e+00   0  J  0.00  1   !  -9.99000e+02  -99.000  -99.000  -999
OBS: 7204  56465.410   117.00   0.0000e+00   3.0892e+00   1.8594e+00   0  J  0.00  1   !  -9.99000e+02  -99.000  -99.000  -999
OBS: 7204  56467.410   119.00   0.0000e+00   2.7706e+00   1.6677e+00   0  J  0.00  1   !  -9.99000e+02  -99.000  -99.000  -999
OBS: 7204  56469.410   121.00   0.0000e+00   2.4850e+00   1.4957e+00   0  J  0.00  1   !  -9.99000e+02  -99.000  -99.000  -999
OBS: 7204  56471.410   123.00   0.0000e+00   2.2288e+00   1.3415e+00   0  J  0.00  1   !  -9.99000e+02  -99.000  -99.000  -999
OBS: 7204  56473.410   125.00   0.0000e+00   1.9991e+00   1.2033e+00   0  J  0.00  1   !  -9.99000e+02  -99.000  -99.000  -999
OBS: 7204  56475.410   127.00   0.0000e+00   1.7930e+00   1.0792e+00   0  J  0.00  1   !  -9.99000e+02  -99.000  -99.000  -999
OBS: 7204  56477.410   129.00   0.0000e+00   1.6080e+00   9.6787e-01   0  J  0.00  1   !  -9.99000e+02  -99.000  -99.000  -999
OBS: 7204  56479.410   131.00   0.0000e+00   1.4421e+00   8.6802e-01   0  J  0.00  1   !  -9.99000e+02  -99.000  -99.000  -999
OBS: 7204  56481.410   133.00   0.0000e+00   1.2933e+00   7.7845e-01   0  J  0.00  1   !  -9.99000e+02  -99.000  -99.000  -999
OBS: 7204  56483.410   135.00   0.0000e+00   1.1598e+00   6.9812e-01   0  J  0.00  1   !  -9.99000e+02  -99.000  -99.000  -999
OBS: 7204  56485.410   137.00   0.0000e+00   1.0401e+00   6.2606e-01   0  J  0.00  1   !  -9.99000e+02  -99.000  -99.000  -999
OBS: 7204  56487.410   139.00   0.0000e+00   9.3276e-01   5.6144e-01   0  J  0.00  1   !  -9.99000e+02  -99.000  -99.000  -999
OBS: 7204  56355.477     7.06   3.3546e+01   3.3713e+01   5.0488e-01   1  H  0.02  1   J  1.82532e+18  0.524  0.617  1.00000e+11
OBS: 7204  56361.871    13.46   2.1728e+01   2.2373e+01   4.2043e-01   1  H  0.13  1   J  1.12262e+18  0.441  2.358  1.00000e+11
OBS: 7204  56368.637    20.23   1.9988e+01   1.9425e+01   3.9811e-01   1  H  0.06  1   J  8.82667e+17  0.334  3.919  1.00000e+11
OBS: 7204  56289.410   -59.00   0.0000e+00   0.0000e+00   0.0000e+00   0  H  0.00  1   !  -9.99000e+02  -99.000  -99.000  -999
OBS: 7204  56291.410   -57.00   0.0000e+00   0.0000e+00   0.0000e+00   0  H  0.00  1   !  -9.99000e+02  -99.000  -99.000  -999
OBS: 7204  56293.410   -55.00   0.0000e+00   0.0000e+00   0.0000e+00   0  H  0.00  1   !  -9.99000e+02  -99.000  -99.000  -999
OBS: 7204  56295.410   -53.00   0.0000e+00   0.0000e+00   0.0000e+00   0  H  0.00  1   !  -9.99000e+02  -99.000  -99.000  -999
OBS: 7204  56297.410   -51.00   0.0000e+00   0.0000e+00   0.0000e+00   0  H  0.00  1   !  -9.99000e+02  -99.000  -99.000  -999
OBS: 7204  56299.410   -49.00   0.0000e+00   0.0000e+00   0.0000e+00   0  H  0.00  1   !  -9.99000e+02  -99.000  -99.000  -999
OBS: 7204  56301.410   -47.00   0.0000e+00   0.0000e+00   0.0000e+00   0  H  0.00  1   !  -9.99000e+02  -99.000  -99.000  -999
OBS: 7204  56303.410   -45.00   0.0000e+00   0.0000e+00   0.0000e+00   0  H  0.00  1   !  -9.99000e+02  -99.000  -99.000  -999
OBS: 7204  56305.410   -43.00   0.0000e+00   0.0000e+00   0.0000e+00   0  H  0.00  1   !  -9.99000e+02  -99.000  -99.000  -999
OBS: 7204  56307.410   -41.00   0.0000e+00   0.0000e+00   0.0000e+00   0  H  0.00  1   !  -9.99000e+02  -99.000  -99.000  -999
OBS: 7204  56309.410   -39.00   0.0000e+00   0.0000e+00   0.0000e+00   0  H  0.00  1   !  -9.99000e+02  -99.000  -99.000  -999
OBS: 7204  56311.410   -37.00   0.0000e+00   0.0000e+00   0.0000e+00   0  H  0.00  1   !  -9.99000e+02  -99.000  -99.000  -999
OBS: 7204  56313.410   -35.00   0.0000e+00   0.0000e+00   0.0000e+00   0  H  0.00  1   !  -9.99000e+02  -99.000  -99.000  -999
OBS: 7204  56315.410   -33.00   0.0000e+00   0.0000e+00   0.0000e+00   0  H  0.00  1   !  -9.99000e+02  -99.000  -99.000  -999
OBS: 7204  56317.410   -31.00   0.0000e+00   0.0000e+00   0.0000e+00   0  H  0.00  1   !  -9.99000e+02  -99.000  -99.000  -999
OBS: 7204  56319.410   -29.00   0.0000e+00   0.0000e+00   0.0000e+00   0  H  0.00  1   !  -9.99000e+02  -99.000  -99.000  -999
OBS: 7204  56321.410   -27.00   0.0000e+00   0.0000e+00   0.0000e+00   0  H  0.00  1   !  -9.99000e+02  -99.000  -99.000  -999
OBS: 7204  56323.410   -25.00   0.0000e+00   2.5583e+01   1.5399e+01   0  H  0.00  1   !  -9.99000e+02  -99.000  -99.000  -999
OBS: 7204  56325.410   -23.00   0.0000e+00   2.8005e+01   1.6857e+01   0  H  0.00  1   !  -9.99000e+02  -99.000  -99.000  -999
OBS: 7204  56327.410   -21.00   0.0000e+00   2.7885e+01   1.6784e+01   0  H  0.00  1   !  -9.99000e+02  -99.000  -99.000  -999
OBS: 7204  56329.410   -19.00   0.0000e+00   3.2641e+01   7.4602e+00   0  H  0.00  1   !  -9.99000e+02  -99.000  -99.000  -999
OBS: 7204  56331.410   -17.00   0.0000e+00   4.2085e+01   1.3249e+00   0  H  0.00  1   !  -9.99000e+02  -99.000  -99.000  -999
OBS: 7204  56333.410   -15.00   0.0000e+00   4.9596e+01   1.3202e+00   0  H  0.00  1   !  -9.99000e+02  -99.000  -99.000  -999
OBS: 7204  56335.410   -13.00   0.0000e+00   5.6032e+01   1.5959e+00   0  H  0.00  1   !  -9.99000e+02  -99.000  -99.000  -999
OBS: 7204  56337.410   -11.00   0.0000e+00   5.9884e+01   1.5911e+00   0  H  0.00  1   !  -9.99000e+02  -99.000  -99.000  -999
OBS: 7204  56339.410    -9.00   0.0000e+00   6.1628e+01   1.4828e+00   0  H  0.00  1   !  -9.99000e+02  -99.000  -99.000  -999
OBS: 7204  56341.410    -7.00   0.0000e+00   6.2450e+01   1.3870e+00   0  H  0.00  1   !  -9.99000e+02  -99.000  -99.000  -999
OBS: 7204  56343.410    -5.00   0.0000e+00   6.1600e+01   1.4457e+00   0  H  0.00  1   !  -9.99000e+02  -99.000  -99.000  -999
OBS: 7204  56345.410    -3.00   0.0000e+00   5.9112e+01   1.5722e+00   0  H  0.00  1   !  -9.99000e+02  -99.000  -99.000  -999
OBS: 7204  56347.410    -1.00   0.0000e+00   5.5605e+01   1.6199e+00   0  H  0.00  1   !  -9.99000e+02  -99.000  -99.000  -999
OBS: 7204  56349.410     1.00   0.0000e+00   5.0121e+01   1.6202e+00   0  H  0.00  1   !  -9.99000e+02  -99.000  -99.000  -999
OBS: 7204  56351.410     3.00   0.0000e+00   4.3904e+01   1.5977e+00   0  H  0.00  1   !  -9.99000e+02  -99.000  -99.000  -999
OBS: 7204  56353.410     5.00   0.0000e+00   3.8232e+01   1.5640e+00   0  H  0.00  1   !  -9.99000e+02  -99.000  -99.000  -999
OBS: 7204  56355.410     7.00   0.0000e+00   3.3633e+01   1.5197e+00   0  H  0.00  1   !  -9.99000e+02  -99.000  -99.000  -999
OBS: 7204  56357.410     9.00   0.0000e+00   2.9252e+01   1.5277e+00   0  H  0.00  1   !  -9.99000e+02  -99.000  -99.000  -999
OBS: 7204  56359.410    11.00   0.0000e+00   2.5346e+01   1.6202e+00   0  H  0.00  1   !  -9.99000e+02  -99.000  -99.000  -999
OBS: 7204  56361.410    13.00   0.0000e+00   2.2279e+01   1.8204e+00   0  H  0.00  1   !  -9.99000e+02  -99.000  -99.000  -999
OBS: 7204  56363.410    15.00   0.0000e+00   2.0159e+01   1.9810e+00   0  H  0.00  1   !  -9.99000e+02  -99.000  -99.000  -999
OBS: 7204  56365.410    17.00   0.0000e+00   1.9482e+01   2.0249e+00   0  H  0.00  1   !  -9.99000e+02  -99.000  -99.000  -999
OBS: 7204  56367.410    19.00   0.0000e+00   1.9704e+01   2.0052e+00   0  H  0.00  1   !  -9.99000e+02  -99.000  -99.000  -999
OBS: 7204  56369.410    21.00   0.0000e+00   2.0131e+01   1.8893e+00   0  H  0.00  1   !  -9.99000e+02  -99.000  -99.000  -999
OBS: 7204  56371.410    23.00   0.0000e+00   2.0931e+01   1.6363e+00   0  H  0.00  1   !  -9.99000e+02  -99.000  -99.000  -999
OBS: 7204  56373.410    25.00   0.0000e+00   2.1950e+01   1.5305e+00   0  H  0.00  1   !  -9.99000e+02  -99.000  -99.000  -999
OBS: 7204  56375.410    27.00   0.0000e+00   2.3259e+01   1.7219e+00   0  H  0.00  1   !  -9.99000e+02  -99.000  -99.000  -999
OBS: 7204  56377.410    29.00   0.0000e+00   2.4972e+01   2.1172e+00   0  H  0.00  1   !  -9.99000e+02  -99.000  -99.000  -999
OBS: 7204  56379.410    31.00   0.0000e+00   2.6661e+01   2.3841e+00   0  H  0.00  1   !  -9.99000e+02  -99.000  -99.000  -999
OBS: 7204  56381.410    33.00   0.0000e+00   2.7893e+01   2.5125e+00   0  H  0.00  1   !  -9.99000e+02  -99.000  -99.000  -999
OBS: 7204  56383.410    35.00   0.0000e+00   2.9203e+01   2.6010e+00   0  H  0.00  1   !  -9.99000e+02  -99.000  -99.000  -999
OBS: 7204  56385.410    37.00   0.0000e+00   3.0531e+01   2.6643e+00   0  H  0.00  1   !  -9.99000e+02  -99.000  -99.000  -999
OBS: 7204  56387.410    39.00   0.0000e+00   3.2055e+01   2.7535e+00   0  H  0.00  1   !  -9.99000e+02  -99.000  -99.000  -999
OBS: 7204  56389.410    41.00   0.0000e+00   3.3942e+01   2.9941e+00   0  H  0.00  1   !  -9.99000e+02  -99.000  -99.000  -999
OBS: 7204  56391.410    43.00   0.0000e+00   3.6605e+01   3.5268e+00   0  H  0.00  1   !  -9.99000e+02  -99.000  -99.000  -999
OBS: 7204  56393.410    45.00   0.0000e+00   3.9208e+01   4.1426e+00   0  H  0.00  1   !  -9.99000e+02  -99.000  -99.000  -999
OBS: 7204  56395.410    47.00   0.0000e+00   4.1063e+01   4.5637e+00   0  H  0.00  1   !  -9.99000e+02  -99.000  -99.000  -999
OBS: 7204  56397.410    49.00   0.0000e+00   4.1258e+01   4.7379e+00   0  H  0.00  1   !  -9.99000e+02  -99.000  -99.000  -999
OBS: 7204  56399.410    51.00   0.0000e+00   4.0116e+01   4.8675e+00   0  H  0.00  1   !  -9.99000e+02  -99.000  -99.000  -999
OBS: 7204  56401.410    53.00   0.0000e+00   3.7877e+01   4.8485e+00   0  H  0.00  1   !  -9.99000e+02  -99.000  -99.000  -999
OBS: 7204  56403.410    55.00   0.0000e+00   3.4929e+01   4.5621e+00   0  H  0.00  1   !  -9.99000e+02  -99.000  -99.000  -999
OBS: 7204  56405.410    57.00   0.0000e+00   3.1314e+01   3.9820e+00   0  H  0.00  1   !  -9.99000e+02  -99.000  -99.000  -999
OBS: 7204  56407.410    59.00   0.0000e+00   2.7574e+01   3.3353e+00   0  H  0.00  1   !  -9.99000e+02  -99.000  -99.000  -999
OBS: 7204  56409.410    61.00   0.0000e+00   2.4490e+01   2.7514e+00   0  H  0.00  1   !  -9.99000e+02  -99.000  -99.000  -999
OBS: 7204  56411.410    63.00   0.0000e+00   2.2495e+01   2.5912e+00   0  H  0.00  1   !  -9.99000e+02  -99.000  -99.000  -999
OBS: 7204  56413.410    65.00   0.0000e+00   2.1370e+01   3.4759e+00   0  H  0.00  1   !  -9.99000e+02  -99.000  -99.000  -999
OBS: 7204  56415.410    67.00   0.0000e+00   2.0713e+01   6.5813e+00   0  H  0.00  1   !  -9.99000e+02  -99.000  -99.000  -999
OBS: 7204  56417.410    69.00   0.0000e+00   2.0145e+01   1.2126e+01   0  H  0.00  1   !  -9.99000e+02  -99.000  -99.000  -999
OBS: 7204  56419.410    71.00   0.0000e+00   1.9329e+01   1.1634e+01   0  H  0.00  1   !  -9.99000e+02  -99.000  -99.000  -999
OBS: 7204  56421.410    73.00   0.0000e+00   1.7796e+01   1.0711e+01   0  H  0.00  1   !  -9.99000e+02  -99.000  -99.000  -999
OBS: 7204  56423.410    75.00   0.0000e+00   1.6298e+01   9.8097e+00   0  H  0.00  1   !  -9.99000e+02  -99.000  -99.000  -999
OBS: 7204  56425.410    77.00   0.0000e+00   1.4931e+01   8.9870e+00   0  H  0.00  1   !  -9.99000e+02  -99.000  -99.000  -999
OBS: 7204  56427.410    79.00   0.0000e+00   1.3690e+01   8.2399e+00   0  H  0.00  1   !  -9.99000e+02  -99.000  -99.000  -999
OBS: 7204  56429.410    81.00   0.0000e+00   1.2220e+01   7.3556e+00   0  H  0.00  1   !  -9.99000e+02  -99.000  -99.000  -999
OBS: 7204  56431.410    83.00   0.0000e+00   1.0558e+01   6.3552e+00   0  H  0.00  1   !  -9.99000e+02  -99.000  -99.000  -999
OBS: 7204  56433.410    85.00   0.0000e+00   9.2042e+00   5.5401e+00   0  H  0.00  1   !  -9.99000e+02  -99.000  -99.000  -999
OBS: 7204  56435.410    87.00   0.0000e+00   8.4327e+00   5.0758e+00   0  H  0.00  1   !  -9.99000e+02  -99.000  -99.000  -999
OBS: 7204  56437.410    89.00   0.0000e+00   7.6906e+00   4.6290e+00   0  H  0.00  1   !  -9.99000e+02  -99.000  -99.000  -999
OBS: 7204  56439.410    91.00   0.0000e+00   7.0829e+00   4.2633e+00   0  H  0.00  1   !  -9.99000e+02  -99.000  -99.000  -999
OBS: 7204  56441.410    93.00   0.0000e+00   6.5877e+00   3.9652e+00   0  H  0.00  1   !  -9.99000e+02  -99.000  -99.000  -999
OBS: 7204  56443.410    95.00   0.0000e+00   6.1038e+00   3.6739e+00   0  H  0.00  1   !  -9.99000e+02  -99.000  -99.000  -999
OBS: 7204  56445.410    97.00   0.0000e+00   5.5685e+00   3.3517e+00   0  H  0.00  1   !  -9.99000e+02  -99.000  -99.000  -999
OBS: 7204  56447.410    99.00   0.0000e+00   5.0322e+00   3.0290e+00   0  H  0.00  1   !  -9.99000e+02  -99.000  -99.000  -999
OBS: 7204  56449.410   101.00   0.0000e+00   4.8529e+00   2.9210e+00   0  H  0.00  1   !  -9.99000e+02  -99.000  -99.000  -999
OBS: 7204  56451.410   103.00   0.0000e+00   4.6820e+00   2.8181e+00   0  H  0.00  1   !  -9.99000e+02  -99.000  -99.000  -999
OBS: 7204  56453.410   105.00   0.0000e+00   4.5207e+00   2.7210e+00   0  H  0.00  1   !  -9.99000e+02  -99.000  -99.000  -999
OBS: 7204  56455.410   107.00   0.0000e+00   4.3684e+00   2.6294e+00   0  H  0.00  1   !  -9.99000e+02  -99.000  -99.000  -999
OBS: 7204  56457.410   109.00   0.0000e+00   4.2212e+00   2.5408e+00   0  H  0.00  1   !  -9.99000e+02  -99.000  -99.000  -999
OBS: 7204  56459.410   111.00   0.0000e+00   4.0747e+00   2.4526e+00   0  H  0.00  1   !  -9.99000e+02  -99.000  -99.000  -999
OBS: 7204  56461.410   113.00   0.0000e+00   3.9267e+00   2.3635e+00   0  H  0.00  1   !  -9.99000e+02  -99.000  -99.000  -999
OBS: 7204  56463.410   115.00   0.0000e+00   3.8176e+00   2.2978e+00   0  H  0.00  1   !  -9.99000e+02  -99.000  -99.000  -999
OBS: 7204  56465.410   117.00   0.0000e+00   3.7240e+00   2.2415e+00   0  H  0.00  1   !  -9.99000e+02  -99.000  -99.000  -999
OBS: 7204  56467.410   119.00   0.0000e+00   3.6327e+00   2.1865e+00   0  H  0.00  1   !  -9.99000e+02  -99.000  -99.000  -999
OBS: 7204  56469.410   121.00   0.0000e+00   3.5436e+00   2.1329e+00   0  H  0.00  1   !  -9.99000e+02  -99.000  -99.000  -999
OBS: 7204  56471.410   123.00   0.0000e+00   3.4567e+00   2.0806e+00   0  H  0.00  1   !  -9.99000e+02  -99.000  -99.000  -999
OBS: 7204  56473.410   125.00   0.0000e+00   3.3719e+00   2.0296e+00   0  H  0.00  1   !  -9.99000e+02  -99.000  -99.000  -999
OBS: 7204  56475.410   127.00   0.0000e+00   3.2893e+00   1.9798e+00   0  H  0.00  1   !  -9.99000e+02  -99.000  -99.000  -999
OBS: 7204  56477.410   129.00   0.0000e+00   3.2086e+00   1.9313e+00   0  H  0.00  1   !  -9.99000e+02  -99.000  -99.000  -999
OBS: 7204  56479.410   131.00   0.0000e+00   3.1299e+00   1.8840e+00   0  H  0.00  1   !  -9.99000e+02  -99.000  -99.000  -999
OBS: 7204  56481.410   133.00   0.0000e+00   3.0532e+00   1.8378e+00   0  H  0.00  1   !  -9.99000e+02  -99.000  -99.000  -999
OBS: 7204  56483.410   135.00   0.0000e+00   2.9783e+00   1.7927e+00   0  H  0.00  1   !  -9.99000e+02  -99.000  -99.000  -999
OBS: 7204  56485.410   137.00   0.0000e+00   2.9053e+00   1.7487e+00   0  H  0.00  1   !  -9.99000e+02  -99.000  -99.000  -999
OBS: 7204  56487.410   139.00   0.0000e+00   2.8341e+00   1.7059e+00   0  H  0.00  1   !  -9.99000e+02  -99.000  -99.000  -999
