VARNAMES: CID MJD Tobs SIM_FLUXCAL FLUXCAL FLUXCAL_ERR DATAFLAG BAND CHI2 IFIT BAND_REST FLUX_REST KCOR AVWARP SIM_FLUX_REST 
OBS: 5418  56488.531     5.83   9.1198e+01   9.2048e+01   7.7025e-01   1  J  0.03  1   Y  1.52270e+18  -0.078  -1.697  1.00000e+11
OBS: 5418  56494.242    11.54   7.7778e+01   7.8750e+01   6.9808e-01   1  J  0.03  1   Y  1.20408e+18  -0.163  -1.872  1.00000e+11
OBS: 5418  56501.680    18.98   8.3259e+01   8.3089e+01   7.2450e-01   1  J  0.00  1   Y  1.26850e+18  -0.165  -1.190  1.00000e+11
OBS: 5418  56423.703   -59.00   0.0000e+00   0.0000e+00   0.0000e+00   0  J  0.00  1   !  -9.99000e+02  -99.000  -99.000  -999
OBS: 5418  56425.703   -57.00   0.0000e+00   0.0000e+00   0.0000e+00   0  J  0.00  1   !  -9.99000e+02  -99.000  -99.000  -999
OBS: 5418  56427.703   -55.00   0.0000e+00   0.0000e+00   0.0000e+00   0  J  0.00  1   !  -9.99000e+02  -99.000  -99.000  -999
OBS: 5418  56429.703   -53.00   0.0000e+00   0.0000e+00   0.0000e+00   0  J  0.00  1   !  -9.99000e+02  -99.000  -99.000  -999
OBS: 5418  56431.703   -51.00   0.0000e+00   0.0000e+00   0.0000e+00   0  J  0.00  1   !  -9.99000e+02  -99.000  -99.000  -999
OBS: 5418  56433.703   -49.00   0.0000e+00   0.0000e+00   0.0000e+00   0  J  0.00  1   !  -9.99000e+02  -99.000  -99.000  -999
OBS: 5418  56435.703   -47.00   0.0000e+00   0.0000e+00   0.0000e+00   0  J  0.00  1   !  -9.99000e+02  -99.000  -99.000  -999
OBS: 5418  56437.703   -45.00   0.0000e+00   0.0000e+00   0.0000e+00   0  J  0.00  1   !  -9.99000e+02  -99.000  -99.000  -999
OBS: 5418  56439.703   -43.00   0.0000e+00   0.0000e+00   0.0000e+00   0  J  0.00  1   !  -9.99000e+02  -99.000  -99.000  -999
OBS: 5418  56441.703   -41.00   0.0000e+00   0.0000e+00   0.0000e+00   0  J  0.00  1   !  -9.99000e+02  -99.000  -99.000  -999
OBS: 5418  56443.703   -39.00   0.0000e+00   0.0000e+00   0.0000e+00   0  J  0.00  1   !  -9.99000e+02  -99.000  -99.000  -999
OBS: 5418  56445.703   -37.00   0.0000e+00   0.0000e+00   0.0000e+00   0  J  0.00  1   !  -9.99000e+02  -99.000  -99.000  -999
OBS: 5418  56447.703   -35.00   0.0000e+00   0.0000e+00   0.0000e+00   0  J  0.00  1   !  -9.99000e+02  -99.000  -99.000  -999
OBS: 5418  56449.703   -33.00   0.0000e+00   0.0000e+00   0.0000e+00   0  J  0.00  1   !  -9.99000e+02  -99.000  -99.000  -999
OBS: 5418  56451.703   -31.00   0.0000e+00   0.0000e+00   0.0000e+00   0  J  0.00  1   !  -9.99000e+02  -99.000  -99.000  -999
OBS: 5418  56453.703   -29.00   0.0000e+00   0.0000e+00   0.0000e+00   0  J  0.00  1   !  -9.99000e+02  -99.000  -99.000  -999
OBS: 5418  56455.703   -27.00   0.0000e+00   0.0000e+00   0.0000e+00   0  J  0.00  1   !  -9.99000e+02  -99.000  -99.000  -999
OBS: 5418  56457.703   -25.00   0.0000e+00   2.0257e+01   1.2193e+01   0  J  0.00  1   !  -9.99000e+02  -99.000  -99.000  -999
OBS: 5418  56459.703   -23.00   0.0000e+00   2.0170e+01   1.2140e+01   0  J  0.00  1   !  -9.99000e+02  -99.000  -99.000  -999
OBS: 5418  56461.703   -21.00   0.0000e+00   2.0161e+01   1.2135e+01   0  J  0.00  1   !  -9.99000e+02  -99.000  -99.000  -999
OBS: 5418  56463.703   -19.00   0.0000e+00   2.2428e+01   1.2029e+01   0  J  0.00  1   !  -9.99000e+02  -99.000  -99.000  -999
OBS: 5418  56465.703   -17.00   0.0000e+00   4.3072e+01   5.7063e+00   0  J  0.00  1   !  -9.99000e+02  -99.000  -99.000  -999
OBS: 5418  56467.703   -15.00   0.0000e+00   6.4461e+01   4.3388e+00   0  J  0.00  1   !  -9.99000e+02  -99.000  -99.000  -999
OBS: 5418  56469.703   -13.00   0.0000e+00   8.4126e+01   4.0839e+00   0  J  0.00  1   !  -9.99000e+02  -99.000  -99.000  -999
OBS: 5418  56471.703   -11.00   0.0000e+00   1.0059e+02   3.8753e+00   0  J  0.00  1   !  -9.99000e+02  -99.000  -99.000  -999
OBS: 5418  56473.703    -9.00   0.0000e+00   1.1571e+02   3.3232e+00   0  J  0.00  1   !  -9.99000e+02  -99.000  -99.000  -999
OBS: 5418  56475.703    -7.00   0.0000e+00   1.2548e+02   3.0429e+00   0  J  0.00  1   !  -9.99000e+02  -99.000  -99.000  -999
OBS: 5418  56477.703    -5.00   0.0000e+00   1.2967e+02   3.2751e+00   0  J  0.00  1   !  -9.99000e+02  -99.000  -99.000  -999
OBS: 5418  56479.703    -3.00   0.0000e+00   1.2567e+02   3.6280e+00   0  J  0.00  1   !  -9.99000e+02  -99.000  -99.000  -999
OBS: 5418  56481.703    -1.00   0.0000e+00   1.1820e+02   3.6165e+00   0  J  0.00  1   !  -9.99000e+02  -99.000  -99.000  -999
OBS: 5418  56483.703     1.00   0.0000e+00   1.0948e+02   3.4649e+00   0  J  0.00  1   !  -9.99000e+02  -99.000  -99.000  -999
OBS: 5418  56485.703     3.00   0.0000e+00   1.0131e+02   3.4778e+00   0  J  0.00  1   !  -9.99000e+02  -99.000  -99.000  -999
OBS: 5418  56487.703     5.00   0.0000e+00   9.4055e+01   3.6784e+00   0  J  0.00  1   !  -9.99000e+02  -99.000  -99.000  -999
OBS: 5418  56489.703     7.00   0.0000e+00   8.7661e+01   3.8984e+00   0  J  0.00  1   !  -9.99000e+02  -99.000  -99.000  -999
OBS: 5418  56491.703     9.00   0.0000e+00   8.1781e+01   4.0754e+00   0  J  0.00  1   !  -9.99000e+02  -99.000  -99.000  -999
OBS: 5418  56493.703    11.00   0.0000e+00   7.8471e+01   4.2928e+00   0  J  0.00  1   !  -9.99000e+02  -99.000  -99.000  -999
OBS: 5418  56495.703    13.00   0.0000e+00   7.7350e+01   4.3859e+00   0  J  0.00  1   !  -9.99000e+02  -99.000  -99.000  -999
OBS: 5418  56497.703    15.00   0.0000e+00   7.7861e+01   4.3962e+00   0  J  0.00  1   !  -9.99000e+02  -99.000  -99.000  -999
OBS: 5418  56499.703    17.00   0.0000e+00   7.9589e+01   4.3298e+00   0  J  0.00  1   !  -9.99000e+02  -99.000  -99.000  -999
OBS: 5418  56501.703    19.00   0.0000e+00   8.3406e+01   4.2354e+00   0  J  0.00  1   !  -9.99000e+02  -99.000  -99.000  -999
OBS: 5418  56503.703    21.00   0.0000e+00   8.8974e+01   4.3199e+00   0  J  0.00  1   !  -9.99000e+02  -99.000  -99.000  -999
OBS: 5418  56505.703    23.00   0.0000e+00   9.4037e+01   4.4173e+00   0  J  0.00  1   !  -9.99000e+02  -99.000  -99.000  -999
OBS: 5418  56507.703    25.00   0.0000e+00   9.8812e+01   4.7064e+00   0  J  0.00  1   !  -9.99000e+02  -99.000  -99.000  -999
OBS: 5418  56509.703    27.00   0.0000e+00   1.0134e+02   4.8741e+00   0  J  0.00  1   !  -9.99000e+02  -99.000  -99.000  -999
OBS: 5418  56511.703    29.00   0.0000e+00   1.0411e+02   4.7443e+00   0  J  0.00  1   !  -9.99000e+02  -99.000  -99.000  -999
OBS: 5418  56513.703    31.00   0.0000e+00   1.1036e+02   4.5027e+00   0  J  0.00  1   !  -9.99000e+02  -99.000  -99.000  -999
OBS: 5418  56515.703    33.00   0.0000e+00   1.1882e+02   4.2400e+00   0  J  0.00  1   !  -9.99000e+02  -99.000  -99.000  -999
OBS: 5418  56517.703    35.00   0.0000e+00   1.2615e+02   4.1343e+00   0  J  0.00  1   !  -9.99000e+02  -99.000  -99.000  -999
OBS: 5418  56519.703    37.00   0.0000e+00   1.2947e+02   4.1214e+00   0  J  0.00  1   !  -9.99000e+02  -99.000  -99.000  -999
OBS: 5418  56521.703    39.00   0.0000e+00   1.2922e+02   3.9715e+00   0  J  0.00  1   !  -9.99000e+02  -99.000  -99.000  -999
OBS: 5418  56523.703    41.00   0.0000e+00   1.2691e+02   3.8591e+00   0  J  0.00  1   !  -9.99000e+02  -99.000  -99.000  -999
OBS: 5418  56525.703    43.00   0.0000e+00   1.2315e+02   3.6968e+00   0  J  0.00  1   !  -9.99000e+02  -99.000  -99.000  -999
OBS: 5418  56527.703    45.00   0.0000e+00   1.1808e+02   3.4895e+00   0  J  0.00  1   !  -9.99000e+02  -99.000  -99.000  -999
OBS: 5418  56529.703    47.00   0.0000e+00   1.1368e+02   3.3423e+00   0  J  0.00  1   !  -9.99000e+02  -99.000  -99.000  -999
OBS: 5418  56531.703    49.00   0.0000e+00   1.0753e+02   3.3506e+00   0  J  0.00  1   !  -9.99000e+02  -99.000  -99.000  -999
OBS: 5418  56533.703    51.00   0.0000e+00   9.9553e+01   3.5143e+00   0  J  0.00  1   !  -9.99000e+02  -99.000  -99.000  -999
OBS: 5418  56535.703    53.00   0.0000e+00   9.1362e+01   3.5988e+00   0  J  0.00  1   !  -9.99000e+02  -99.000  -99.000  -999
OBS: 5418  56537.703    55.00   0.0000e+00   8.4050e+01   3.4214e+00   0  J  0.00  1   !  -9.99000e+02  -99.000  -99.000  -999
OBS: 5418  56539.703    57.00   0.0000e+00   7.7970e+01   3.0163e+00   0  J  0.00  1   !  -9.99000e+02  -99.000  -99.000  -999
OBS: 5418  56541.703    59.00   0.0000e+00   7.2466e+01   2.7955e+00   0  J  0.00  1   !  -9.99000e+02  -99.000  -99.000  -999
OBS: 5418  56543.703    61.00   0.0000e+00   6.6969e+01   2.8322e+00   0  J  0.00  1   !  -9.99000e+02  -99.000  -99.000  -999
OBS: 5418  56545.703    63.00   0.0000e+00   6.1246e+01   2.9195e+00   0  J  0.00  1   !  -9.99000e+02  -99.000  -99.000  -999
OBS: 5418  56547.703    65.00   0.0000e+00   5.5041e+01   2.3257e+01   0  J  0.00  1   !  -9.99000e+02  -99.000  -99.000  -999
OBS: 5418  56549.703    67.00   0.0000e+00   4.8962e+01   2.9471e+01   0  J  0.00  1   !  -9.99000e+02  -99.000  -99.000  -999
OBS: 5418  56551.703    69.00   0.0000e+00   4.3955e+01   2.6457e+01   0  J  0.00  1   !  -9.99000e+02  -99.000  -99.000  -999
OBS: 5418  56553.703    71.00   0.0000e+00   4.0142e+01   2.4162e+01   0  J  0.00  1   !  -9.99000e+02  -99.000  -99.000  -999
OBS: 5418  56555.703    73.00   0.0000e+00   3.6881e+01   2.2199e+01   0  J  0.00  1   !  -9.99000e+02  -99.000  -99.000  -999
OBS: 5418  56557.703    75.00   0.0000e+00   3.4252e+01   2.0616e+01   0  J  0.00  1   !  -9.99000e+02  -99.000  -99.000  -999
OBS: 5418  56559.703    77.00   0.0000e+00   3.2226e+01   1.9397e+01   0  J  0.00  1   !  -9.99000e+02  -99.000  -99.000  -999
OBS: 5418  56561.703    79.00   0.0000e+00   2.8056e+01   1.6887e+01   0  J  0.00  1   !  -9.99000e+02  -99.000  -99.000  -999
OBS: 5418  56563.703    81.00   0.0000e+00   2.4350e+01   1.4657e+01   0  J  0.00  1   !  -9.99000e+02  -99.000  -99.000  -999
OBS: 5418  56565.703    83.00   0.0000e+00   2.1391e+01   1.2876e+01   0  J  0.00  1   !  -9.99000e+02  -99.000  -99.000  -999
OBS: 5418  56567.703    85.00   0.0000e+00   1.8965e+01   1.1415e+01   0  J  0.00  1   !  -9.99000e+02  -99.000  -99.000  -999
OBS: 5418  56569.703    87.00   0.0000e+00   1.6993e+01   1.0228e+01   0  J  0.00  1   !  -9.99000e+02  -99.000  -99.000  -999
OBS: 5418  56571.703    89.00   0.0000e+00   1.5352e+01   9.2405e+00   0  J  0.00  1   !  -9.99000e+02  -99.000  -99.000  -999
OBS: 5418  56573.703    91.00   0.0000e+00   1.3962e+01   8.4040e+00   0  J  0.00  1   !  -9.99000e+02  -99.000  -99.000  -999
OBS: 5418  56575.703    93.00   0.0000e+00   1.2735e+01   7.6653e+00   0  J  0.00  1   !  -9.99000e+02  -99.000  -99.000  -999
OBS: 5418  56577.703    95.00   0.0000e+00   1.1655e+01   7.0151e+00   0  J  0.00  1   !  -9.99000e+02  -99.000  -99.000  -999
OBS: 5418  56579.703    97.00   0.0000e+00   1.0543e+01   6.3460e+00   0  J  0.00  1   !  -9.99000e+02  -99.000  -99.000  -999
OBS: 5418  56581.703    99.00   0.0000e+00   9.5341e+00   5.7387e+00   0  J  0.00  1   !  -9.99000e+02  -99.000  -99.000  -999
OBS: 5418  56583.703   101.00   0.0000e+00   8.6307e+00   5.1949e+00   0  J  0.00  1   !  -9.99000e+02  -99.000  -99.000  -999
OBS: 5418  56585.703   103.00   0.0000e+00   7.8192e+00   4.7065e+00   0  J  0.00  1   !  -9.99000e+02  -99.000  -99.000  -999
OBS: 5418  56587.703   105.00   0.0000e+00   7.0928e+00   4.2692e+00   0  J  0.00  1   !  -9.99000e+02  -99.000  -99.000  -999
OBS: 5418  56589.703   107.00   0.0000e+00   6.4439e+00   3.8787e+00   0  J  0.00  1   !  -9.99000e+02  -99.000  -99.000  -999
OBS: 5418  56591.703   109.00   0.0000e+00   5.8662e+00   3.5310e+00   0  J  0.00  1   !  -9.99000e+02  -99.000  -99.000  -999
OBS: 5418  56593.703   111.00   0.0000e+00   5.2804e+00   3.1783e+00   0  J  0.00  1   !  -9.99000e+02  -99.000  -99.000  -999
OBS: 5418  56595.703   113.00   0.0000e+00   4.7444e+00   2.8557e+00   0  J  0.00  1   !  -9.99000e+02  -99.000  -99.000  -999
OBS: 5418  56597.703   115.00   0.0000e+00   4.2627e+00   2.5658e+00   0  J  0.00  1   !  -9.99000e+02  -99.000  -99.000  -999
OBS: 5418  56599.703   117.00   0.0000e+00   3.8298e+00   2.3052e+00   0  J  0.00  1   !  -9.99000e+02  -99.000  -99.000  -999
OBS: 5418  56601.703   119.00   0.0000e+00   3.4408e+00   2.0711e+00   0  J  0.00  1   !  -9.99000e+02  -99.000  -99.000  -999
OBS: 5418  56603.703   121.00   0.0000e+00   3.0915e+00   1.8608e+00   0  J  0.00  1   !  -9.99000e+02  -99.000  -99.000  -999
OBS: 5418  56605.703   123.00   0.0000e+00   2.7776e+00   1.6719e+00   0  J  0.00  1   !  -9.99000e+02  -99.000  -99.000  -999
OBS: 5418  56607.703   125.00   0.0000e+00   2.4953e+00   1.5019e+00   0  J  0.00  1   !  -9.99000e+02  -99.000  -99.000  -999
OBS: 5418  56609.703   127.00   0.0000e+00   2.2416e+00   1.3493e+00   0  J  0.00  1   !  -9.99000e+02  -99.000  -99.000  -999
OBS: 5418  56611.703   129.00   0.0000e+00   2.0137e+00   1.2121e+00   0  J  0.00  1   !  -9.99000e+02  -99.000  -99.000  -999
OBS: 5418  56613.703   131.00   0.0000e+00   1.8089e+00   1.0888e+00   0  J  0.00  1   !  -9.99000e+02  -99.000  -99.000  -999
OBS: 5418  56615.703   133.00   0.0000e+00   1.6249e+00   9.7806e-01   0  J  0.00  1   !  -9.99000e+02  -99.000  -99.000  -999
OBS: 5418  56617.703   135.00   0.0000e+00   1.4597e+00   8.7858e-01   0  J  0.00  1   !  -9.99000e+02  -99.000  -99.000  -999
OBS: 5418  56619.703   137.00   0.0000e+00   1.3114e+00   7.8936e-01   0  J  0.00  1   !  -9.99000e+02  -99.000  -99.000  -999
OBS: 5418  56621.703   139.00   0.0000e+00   1.1781e+00   7.0909e-01   0  J  0.00  1   !  -9.99000e+02  -99.000  -99.000  -999
OBS: 5418  56488.535     5.83   5.7076e+01   5.6930e+01   6.5043e-01   1  H  0.05  1   J  1.76558e+18  0.605  0.881  1.00000e+11
OBS: 5418  56494.246    11.54   3.3853e+01   3.3857e+01   4.9753e-01   1  H  0.01  1   J  9.99257e+17  0.551  1.362  1.00000e+11
OBS: 5418  56501.684    18.98   2.5687e+01   2.6298e+01   4.4087e-01   1  H  0.04  1   J  7.18449e+17  0.467  1.519  1.00000e+11
OBS: 5418  56423.703   -59.00   0.0000e+00   0.0000e+00   0.0000e+00   0  H  0.00  1   !  -9.99000e+02  -99.000  -99.000  -999
OBS: 5418  56425.703   -57.00   0.0000e+00   0.0000e+00   0.0000e+00   0  H  0.00  1   !  -9.99000e+02  -99.000  -99.000  -999
OBS: 5418  56427.703   -55.00   0.0000e+00   0.0000e+00   0.0000e+00   0  H  0.00  1   !  -9.99000e+02  -99.000  -99.000  -999
OBS: 5418  56429.703   -53.00   0.0000e+00   0.0000e+00   0.0000e+00   0  H  0.00  1   !  -9.99000e+02  -99.000  -99.000  -999
OBS: 5418  56431.703   -51.00   0.0000e+00   0.0000e+00   0.0000e+00   0  H  0.00  1   !  -9.99000e+02  -99.000  -99.000  -999
OBS: 5418  56433.703   -49.00   0.0000e+00   0.0000e+00   0.0000e+00   0  H  0.00  1   !  -9.99000e+02  -99.000  -99.000  -999
OBS: 5418  56435.703   -47.00   0.0000e+00   0.0000e+00   0.0000e+00   0  H  0.00  1   !  -9.99000e+02  -99.000  -99.000  -999
OBS: 5418  56437.703   -45.00   0.0000e+00   0.0000e+00   0.0000e+00   0  H  0.00  1   !  -9.99000e+02  -99.000  -99.000  -999
OBS: 5418  56439.703   -43.00   0.0000e+00   0.0000e+00   0.0000e+00   0  H  0.00  1   !  -9.99000e+02  -99.000  -99.000  -999
OBS: 5418  56441.703   -41.00   0.0000e+00   0.0000e+00   0.0000e+00   0  H  0.00  1   !  -9.99000e+02  -99.000  -99.000  -999
OBS: 5418  56443.703   -39.00   0.0000e+00   0.0000e+00   0.0000e+00   0  H  0.00  1   !  -9.99000e+02  -99.000  -99.000  -999
OBS: 5418  56445.703   -37.00   0.0000e+00   0.0000e+00   0.0000e+00   0  H  0.00  1   !  -9.99000e+02  -99.000  -99.000  -999
OBS: 5418  56447.703   -35.00   0.0000e+00   0.0000e+00   0.0000e+00   0  H  0.00  1   !  -9.99000e+02  -99.000  -99.000  -999
OBS: 5418  56449.703   -33.00   0.0000e+00   0.0000e+00   0.0000e+00   0  H  0.00  1   !  -9.99000e+02  -99.000  -99.000  -999
OBS: 5418  56451.703   -31.00   0.0000e+00   0.0000e+00   0.0000e+00   0  H  0.00  1   !  -9.99000e+02  -99.000  -99.000  -999
OBS: 5418  56453.703   -29.00   0.0000e+00   0.0000e+00   0.0000e+00   0  H  0.00  1   !  -9.99000e+02  -99.000  -99.000  -999
OBS: 5418  56455.703   -27.00   0.0000e+00   0.0000e+00   0.0000e+00   0  H  0.00  1   !  -9.99000e+02  -99.000  -99.000  -999
OBS: 5418  56457.703   -25.00   0.0000e+00   2.2779e+01   1.3711e+01   0  H  0.00  1   !  -9.99000e+02  -99.000  -99.000  -999
OBS: 5418  56459.703   -23.00   0.0000e+00   2.3690e+01   1.4259e+01   0  H  0.00  1   !  -9.99000e+02  -99.000  -99.000  -999
OBS: 5418  56461.703   -21.00   0.0000e+00   2.3739e+01   1.4289e+01   0  H  0.00  1   !  -9.99000e+02  -99.000  -99.000  -999
OBS: 5418  56463.703   -19.00   0.0000e+00   2.5705e+01   1.3627e+01   0  H  0.00  1   !  -9.99000e+02  -99.000  -99.000  -999
OBS: 5418  56465.703   -17.00   0.0000e+00   4.2483e+01   3.8296e+00   0  H  0.00  1   !  -9.99000e+02  -99.000  -99.000  -999
OBS: 5418  56467.703   -15.00   0.0000e+00   6.0386e+01   2.2045e+00   0  H  0.00  1   !  -9.99000e+02  -99.000  -99.000  -999
OBS: 5418  56469.703   -13.00   0.0000e+00   7.6254e+01   2.4034e+00   0  H  0.00  1   !  -9.99000e+02  -99.000  -99.000  -999
OBS: 5418  56471.703   -11.00   0.0000e+00   8.7254e+01   2.4892e+00   0  H  0.00  1   !  -9.99000e+02  -99.000  -99.000  -999
OBS: 5418  56473.703    -9.00   0.0000e+00   9.4069e+01   2.0715e+00   0  H  0.00  1   !  -9.99000e+02  -99.000  -99.000  -999
OBS: 5418  56475.703    -7.00   0.0000e+00   9.7583e+01   1.7485e+00   0  H  0.00  1   !  -9.99000e+02  -99.000  -99.000  -999
OBS: 5418  56477.703    -5.00   0.0000e+00   9.8271e+01   1.7096e+00   0  H  0.00  1   !  -9.99000e+02  -99.000  -99.000  -999
OBS: 5418  56479.703    -3.00   0.0000e+00   9.5039e+01   1.8356e+00   0  H  0.00  1   !  -9.99000e+02  -99.000  -99.000  -999
OBS: 5418  56481.703    -1.00   0.0000e+00   8.9417e+01   1.8387e+00   0  H  0.00  1   !  -9.99000e+02  -99.000  -99.000  -999
OBS: 5418  56483.703     1.00   0.0000e+00   8.0530e+01   1.8094e+00   0  H  0.00  1   !  -9.99000e+02  -99.000  -99.000  -999
OBS: 5418  56485.703     3.00   0.0000e+00   7.0497e+01   1.7416e+00   0  H  0.00  1   !  -9.99000e+02  -99.000  -99.000  -999
OBS: 5418  56487.703     5.00   0.0000e+00   6.1032e+01   1.6865e+00   0  H  0.00  1   !  -9.99000e+02  -99.000  -99.000  -999
OBS: 5418  56489.703     7.00   0.0000e+00   5.2186e+01   1.7007e+00   0  H  0.00  1   !  -9.99000e+02  -99.000  -99.000  -999
OBS: 5418  56491.703     9.00   0.0000e+00   4.3402e+01   1.7520e+00   0  H  0.00  1   !  -9.99000e+02  -99.000  -99.000  -999
OBS: 5418  56493.703    11.00   0.0000e+00   3.5798e+01   1.9763e+00   0  H  0.00  1   !  -9.99000e+02  -99.000  -99.000  -999
OBS: 5418  56495.703    13.00   0.0000e+00   3.0347e+01   2.1618e+00   0  H  0.00  1   !  -9.99000e+02  -99.000  -99.000  -999
OBS: 5418  56497.703    15.00   0.0000e+00   2.6993e+01   2.1812e+00   0  H  0.00  1   !  -9.99000e+02  -99.000  -99.000  -999
OBS: 5418  56499.703    17.00   0.0000e+00   2.5764e+01   2.1511e+00   0  H  0.00  1   !  -9.99000e+02  -99.000  -99.000  -999
OBS: 5418  56501.703    19.00   0.0000e+00   2.5841e+01   2.1405e+00   0  H  0.00  1   !  -9.99000e+02  -99.000  -99.000  -999
OBS: 5418  56503.703    21.00   0.0000e+00   2.6545e+01   2.1259e+00   0  H  0.00  1   !  -9.99000e+02  -99.000  -99.000  -999
OBS: 5418  56505.703    23.00   0.0000e+00   2.7485e+01   2.1858e+00   0  H  0.00  1   !  -9.99000e+02  -99.000  -99.000  -999
OBS: 5418  56507.703    25.00   0.0000e+00   2.8397e+01   2.2723e+00   0  H  0.00  1   !  -9.99000e+02  -99.000  -99.000  -999
OBS: 5418  56509.703    27.00   0.0000e+00   2.9928e+01   2.4093e+00   0  H  0.00  1   !  -9.99000e+02  -99.000  -99.000  -999
OBS: 5418  56511.703    29.00   0.0000e+00   3.2150e+01   2.4693e+00   0  H  0.00  1   !  -9.99000e+02  -99.000  -99.000  -999
OBS: 5418  56513.703    31.00   0.0000e+00   3.4534e+01   2.3645e+00   0  H  0.00  1   !  -9.99000e+02  -99.000  -99.000  -999
OBS: 5418  56515.703    33.00   0.0000e+00   3.7052e+01   2.3222e+00   0  H  0.00  1   !  -9.99000e+02  -99.000  -99.000  -999
OBS: 5418  56517.703    35.00   0.0000e+00   3.9480e+01   2.4908e+00   0  H  0.00  1   !  -9.99000e+02  -99.000  -99.000  -999
OBS: 5418  56519.703    37.00   0.0000e+00   4.1663e+01   2.7392e+00   0  H  0.00  1   !  -9.99000e+02  -99.000  -99.000  -999
OBS: 5418  56521.703    39.00   0.0000e+00   4.4022e+01   2.9825e+00   0  H  0.00  1   !  -9.99000e+02  -99.000  -99.000  -999
OBS: 5418  56523.703    41.00   0.0000e+00   4.6751e+01   3.2650e+00   0  H  0.00  1   !  -9.99000e+02  -99.000  -99.000  -999
OBS: 5418  56525.703    43.00   0.0000e+00   4.8467e+01   3.4530e+00   0  H  0.00  1   !  -9.99000e+02  -99.000  -99.000  -999
OBS: 5418  56527.703    45.00   0.0000e+00   4.8120e+01   3.6172e+00   0  H  0.00  1   !  -9.99000e+02  -99.000  -99.000  -999
OBS: 5418  56529.703    47.00   0.0000e+00   4.4796e+01   3.8156e+00   0  H  0.00  1   !  -9.99000e+02  -99.000  -99.000  -999
OBS: 5418  56531.703    49.00   0.0000e+00   4.0110e+01   3.6286e+00   0  H  0.00  1   !  -9.99000e+02  -99.000  -99.000  -999
OBS: 5418  56533.703    51.00   0.0000e+00   3.4579e+01   3.2868e+00   0  H  0.00  1   !  -9.99000e+02  -99.000  -99.000  -999
OBS: 5418  56535.703    53.00   0.0000e+00   2.9278e+01   3.0276e+00   0  H  0.00  1   !  -9.99000e+02  -99.000  -99.000  -999
OBS: 5418  56537.703    55.00   0.0000e+00   2.5278e+01   2.7977e+00   0  H  0.00  1   !  -9.99000e+02  -99.000  -99.000  -999
OBS: 5418  56539.703    57.00   0.0000e+00   2.3096e+01   2.7861e+00   0  H  0.00  1   !  -9.99000e+02  -99.000  -99.000  -999
OBS: 5418  56541.703    59.00   0.0000e+00   2.1815e+01   3.3596e+00   0  H  0.00  1   !  -9.99000e+02  -99.000  -99.000  -999
OBS: 5418  56543.703    61.00   0.0000e+00   2.0556e+01   4.8217e+00   0  H  0.00  1   !  -9.99000e+02  -99.000  -99.000  -999
OBS: 5418  56545.703    63.00   0.0000e+00   1.9085e+01   6.1859e+00   0  H  0.00  1   !  -9.99000e+02  -99.000  -99.000  -999
OBS: 5418  56547.703    65.00   0.0000e+00   1.7568e+01   9.0352e+00   0  H  0.00  1   !  -9.99000e+02  -99.000  -99.000  -999
OBS: 5418  56549.703    67.00   0.0000e+00   1.6273e+01   9.7946e+00   0  H  0.00  1   !  -9.99000e+02  -99.000  -99.000  -999
OBS: 5418  56551.703    69.00   0.0000e+00   1.5075e+01   9.0739e+00   0  H  0.00  1   !  -9.99000e+02  -99.000  -99.000  -999
OBS: 5418  56553.703    71.00   0.0000e+00   1.3864e+01   8.3446e+00   0  H  0.00  1   !  -9.99000e+02  -99.000  -99.000  -999
OBS: 5418  56555.703    73.00   0.0000e+00   1.2759e+01   7.6795e+00   0  H  0.00  1   !  -9.99000e+02  -99.000  -99.000  -999
OBS: 5418  56557.703    75.00   0.0000e+00   1.1794e+01   7.0989e+00   0  H  0.00  1   !  -9.99000e+02  -99.000  -99.000  -999
OBS: 5418  56559.703    77.00   0.0000e+00   1.1044e+01   6.6472e+00   0  H  0.00  1   !  -9.99000e+02  -99.000  -99.000  -999
OBS: 5418  56561.703    79.00   0.0000e+00   9.4226e+00   5.6716e+00   0  H  0.00  1   !  -9.99000e+02  -99.000  -99.000  -999
OBS: 5418  56563.703    81.00   0.0000e+00   8.1518e+00   4.9066e+00   0  H  0.00  1   !  -9.99000e+02  -99.000  -99.000  -999
OBS: 5418  56565.703    83.00   0.0000e+00   7.2197e+00   4.3456e+00   0  H  0.00  1   !  -9.99000e+02  -99.000  -99.000  -999
OBS: 5418  56567.703    85.00   0.0000e+00   6.4790e+00   3.8998e+00   0  H  0.00  1   !  -9.99000e+02  -99.000  -99.000  -999
OBS: 5418  56569.703    87.00   0.0000e+00   5.8584e+00   3.5263e+00   0  H  0.00  1   !  -9.99000e+02  -99.000  -99.000  -999
OBS: 5418  56571.703    89.00   0.0000e+00   5.2997e+00   3.1900e+00   0  H  0.00  1   !  -9.99000e+02  -99.000  -99.000  -999
OBS: 5418  56573.703    91.00   0.0000e+00   4.7730e+00   2.8729e+00   0  H  0.00  1   !  -9.99000e+02  -99.000  -99.000  -999
OBS: 5418  56575.703    93.00   0.0000e+00   4.2580e+00   2.5629e+00   0  H  0.00  1   !  -9.99000e+02  -99.000  -99.000  -999
OBS: 5418  56577.703    95.00   0.0000e+00   3.7545e+00   2.2599e+00   0  H  0.00  1   !  -9.99000e+02  -99.000  -99.000  -999
OBS: 5418  56579.703    97.00   0.0000e+00   3.4683e+00   2.0876e+00   0  H  0.00  1   !  -9.99000e+02  -99.000  -99.000  -999
OBS: 5418  56581.703    99.00   0.0000e+00   3.2129e+00   1.9339e+00   0  H  0.00  1   !  -9.99000e+02  -99.000  -99.000  -999
OBS: 5418  56583.703   101.00   0.0000e+00   2.9760e+00   1.7913e+00   0  H  0.00  1   !  -9.99000e+02  -99.000  -99.000  -999
OBS: 5418  56585.703   103.00   0.0000e+00   2.7560e+00   1.6588e+00   0  H  0.00  1   !  -9.99000e+02  -99.000  -99.000  -999
OBS: 5418  56587.703   105.00   0.0000e+00   2.5687e+00   1.5462e+00   0  H  0.00  1   !  -9.99000e+02  -99.000  -99.000  -999
OBS: 5418  56589.703   107.00   0.0000e+00   2.4131e+00   1.4525e+00   0  H  0.00  1   !  -9.99000e+02  -99.000  -99.000  -999
OBS: 5418  56591.703   109.00   0.0000e+00   2.2507e+00   1.3547e+00   0  H  0.00  1   !  -9.99000e+02  -99.000  -99.000  -999
OBS: 5418  56593.703   111.00   0.0000e+00   2.1155e+00   1.2733e+00   0  H  0.00  1   !  -9.99000e+02  -99.000  -99.000  -999
OBS: 5418  56595.703   113.00   0.0000e+00   1.9908e+00   1.1983e+00   0  H  0.00  1   !  -9.99000e+02  -99.000  -99.000  -999
OBS: 5418  56597.703   115.00   0.0000e+00   1.8734e+00   1.1276e+00   0  H  0.00  1   !  -9.99000e+02  -99.000  -99.000  -999
OBS: 5418  56599.703   117.00   0.0000e+00   1.7629e+00   1.0611e+00   0  H  0.00  1   !  -9.99000e+02  -99.000  -99.000  -999
OBS: 5418  56601.703   119.00   0.0000e+00   1.6590e+00   9.9856e-01   0  H  0.00  1   !  -9.99000e+02  -99.000  -99.000  -999
OBS: 5418  56603.703   121.00   0.0000e+00   1.5612e+00   9.3969e-01   0  H  0.00  1   !  -9.99000e+02  -99.000  -99.000  -999
OBS: 5418  56605.703   123.00   0.0000e+00   1.4691e+00   8.8428e-01   0  H  0.00  1   !  -9.99000e+02  -99.000  -99.000  -999
OBS: 5418  56607.703   125.00   0.0000e+00   1.3825e+00   8.3214e-01   0  H  0.00  1   !  -9.99000e+02  -99.000  -99.000  -999
OBS: 5418  56609.703   127.00   0.0000e+00   1.3010e+00   7.8308e-01   0  H  0.00  1   !  -9.99000e+02  -99.000  -99.000  -999
OBS: 5418  56611.703   129.00   0.0000e+00   1.2243e+00   7.3691e-01   0  H  0.00  1   !  -9.99000e+02  -99.000  -99.000  -999
OBS: 5418  56613.703   131.00   0.0000e+00   1.1521e+00   6.9346e-01   0  H  0.00  1   !  -9.99000e+02  -99.000  -99.000  -999
OBS: 5418  56615.703   133.00   0.0000e+00   1.0842e+00   6.5257e-01   0  H  0.00  1   !  -9.99000e+02  -99.000  -99.000  -999
OBS: 5418  56617.703   135.00   0.0000e+00   1.0202e+00   6.1409e-01   0  H  0.00  1   !  -9.99000e+02  -99.000  -99.000  -999
OBS: 5418  56619.703   137.00   0.0000e+00   9.6008e-01   5.7788e-01   0  H  0.00  1   !  -9.99000e+02  -99.000  -99.000  -999
OBS: 5418  56621.703   139.00   0.0000e+00   9.0347e-01   5.4381e-01   0  H  0.00  1   !  -9.99000e+02  -99.000  -99.000  -999
