VARNAMES: CID MJD Tobs SIM_FLUXCAL FLUXCAL FLUXCAL_ERR DATAFLAG BAND CHI2 IFIT BAND_REST FLUX_REST KCOR AVWARP SIM_FLUX_REST 
OBS: 6838  56383.055    12.66   5.3285e+01   5.3049e+01   4.5217e-01   1  J  0.02  1   Y  1.13440e+18  -0.321  -1.626  1.00000e+11
OBS: 6838  56389.305    18.91   5.4662e+01   5.5041e+01   4.6038e-01   1  J  0.01  1   Y  1.24807e+18  -0.257  -0.851  1.00000e+11
OBS: 6838  56396.480    26.09   6.7267e+01   6.7258e+01   5.2067e-01   1  J  0.00  1   Y  1.55203e+18  -0.238  -0.752  1.00000e+11
OBS: 6838  56311.391   -59.00   0.0000e+00   0.0000e+00   0.0000e+00   0  J  0.00  1   !  -9.99000e+02  -99.000  -99.000  -999
OBS: 6838  56313.391   -57.00   0.0000e+00   0.0000e+00   0.0000e+00   0  J  0.00  1   !  -9.99000e+02  -99.000  -99.000  -999
OBS: 6838  56315.391   -55.00   0.0000e+00   0.0000e+00   0.0000e+00   0  J  0.00  1   !  -9.99000e+02  -99.000  -99.000  -999
OBS: 6838  56317.391   -53.00   0.0000e+00   0.0000e+00   0.0000e+00   0  J  0.00  1   !  -9.99000e+02  -99.000  -99.000  -999
OBS: 6838  56319.391   -51.00   0.0000e+00   0.0000e+00   0.0000e+00   0  J  0.00  1   !  -9.99000e+02  -99.000  -99.000  -999
OBS: 6838  56321.391   -49.00   0.0000e+00   0.0000e+00   0.0000e+00   0  J  0.00  1   !  -9.99000e+02  -99.000  -99.000  -999
OBS: 6838  56323.391   -47.00   0.0000e+00   0.0000e+00   0.0000e+00   0  J  0.00  1   !  -9.99000e+02  -99.000  -99.000  -999
OBS: 6838  56325.391   -45.00   0.0000e+00   0.0000e+00   0.0000e+00   0  J  0.00  1   !  -9.99000e+02  -99.000  -99.000  -999
OBS: 6838  56327.391   -43.00   0.0000e+00   0.0000e+00   0.0000e+00   0  J  0.00  1   !  -9.99000e+02  -99.000  -99.000  -999
OBS: 6838  56329.391   -41.00   0.0000e+00   0.0000e+00   0.0000e+00   0  J  0.00  1   !  -9.99000e+02  -99.000  -99.000  -999
OBS: 6838  56331.391   -39.00   0.0000e+00   0.0000e+00   0.0000e+00   0  J  0.00  1   !  -9.99000e+02  -99.000  -99.000  -999
OBS: 6838  56333.391   -37.00   0.0000e+00   0.0000e+00   0.0000e+00   0  J  0.00  1   !  -9.99000e+02  -99.000  -99.000  -999
OBS: 6838  56335.391   -35.00   0.0000e+00   0.0000e+00   0.0000e+00   0  J  0.00  1   !  -9.99000e+02  -99.000  -99.000  -999
OBS: 6838  56337.391   -33.00   0.0000e+00   0.0000e+00   0.0000e+00   0  J  0.00  1   !  -9.99000e+02  -99.000  -99.000  -999
OBS: 6838  56339.391   -31.00   0.0000e+00   0.0000e+00   0.0000e+00   0  J  0.00  1   !  -9.99000e+02  -99.000  -99.000  -999
OBS: 6838  56341.391   -29.00   0.0000e+00   0.0000e+00   0.0000e+00   0  J  0.00  1   !  -9.99000e+02  -99.000  -99.000  -999
OBS: 6838  56343.391   -27.00   0.0000e+00   0.0000e+00   0.0000e+00   0  J  0.00  1   !  -9.99000e+02  -99.000  -99.000  -999
OBS: 6838  56345.391   -25.00   0.0000e+00   8.1936e+00   4.9318e+00   0  J  0.00  1   !  -9.99000e+02  -99.000  -99.000  -999
OBS: 6838  56347.391   -23.00   0.0000e+00   8.1140e+00   4.8839e+00   0  J  0.00  1   !  -9.99000e+02  -99.000  -99.000  -999
OBS: 6838  56349.391   -21.00   0.0000e+00   8.1024e+00   4.8769e+00   0  J  0.00  1   !  -9.99000e+02  -99.000  -99.000  -999
OBS: 6838  56351.391   -19.00   0.0000e+00   1.5507e+01   4.2775e+00   0  J  0.00  1   !  -9.99000e+02  -99.000  -99.000  -999
OBS: 6838  56353.391   -17.00   0.0000e+00   3.0473e+01   2.4914e+00   0  J  0.00  1   !  -9.99000e+02  -99.000  -99.000  -999
OBS: 6838  56355.391   -15.00   0.0000e+00   4.5047e+01   1.9610e+00   0  J  0.00  1   !  -9.99000e+02  -99.000  -99.000  -999
OBS: 6838  56357.391   -13.00   0.0000e+00   5.7460e+01   2.0309e+00   0  J  0.00  1   !  -9.99000e+02  -99.000  -99.000  -999
OBS: 6838  56359.391   -11.00   0.0000e+00   6.8733e+01   1.9850e+00   0  J  0.00  1   !  -9.99000e+02  -99.000  -99.000  -999
OBS: 6838  56361.391    -9.00   0.0000e+00   7.9021e+01   1.8097e+00   0  J  0.00  1   !  -9.99000e+02  -99.000  -99.000  -999
OBS: 6838  56363.391    -7.00   0.0000e+00   8.5900e+01   1.7096e+00   0  J  0.00  1   !  -9.99000e+02  -99.000  -99.000  -999
OBS: 6838  56365.391    -5.00   0.0000e+00   8.8425e+01   1.8447e+00   0  J  0.00  1   !  -9.99000e+02  -99.000  -99.000  -999
OBS: 6838  56367.391    -3.00   0.0000e+00   8.5936e+01   2.0570e+00   0  J  0.00  1   !  -9.99000e+02  -99.000  -99.000  -999
OBS: 6838  56369.391    -1.00   0.0000e+00   8.1014e+01   2.0952e+00   0  J  0.00  1   !  -9.99000e+02  -99.000  -99.000  -999
OBS: 6838  56371.391     1.00   0.0000e+00   7.5180e+01   2.1256e+00   0  J  0.00  1   !  -9.99000e+02  -99.000  -99.000  -999
OBS: 6838  56373.391     3.00   0.0000e+00   6.9571e+01   2.2211e+00   0  J  0.00  1   !  -9.99000e+02  -99.000  -99.000  -999
OBS: 6838  56375.391     5.00   0.0000e+00   6.4859e+01   2.4026e+00   0  J  0.00  1   !  -9.99000e+02  -99.000  -99.000  -999
OBS: 6838  56377.391     7.00   0.0000e+00   6.1315e+01   2.5306e+00   0  J  0.00  1   !  -9.99000e+02  -99.000  -99.000  -999
OBS: 6838  56379.391     9.00   0.0000e+00   5.7843e+01   2.5749e+00   0  J  0.00  1   !  -9.99000e+02  -99.000  -99.000  -999
OBS: 6838  56381.391    11.00   0.0000e+00   5.4966e+01   2.5217e+00   0  J  0.00  1   !  -9.99000e+02  -99.000  -99.000  -999
OBS: 6838  56383.391    13.00   0.0000e+00   5.3179e+01   2.4344e+00   0  J  0.00  1   !  -9.99000e+02  -99.000  -99.000  -999
OBS: 6838  56385.391    15.00   0.0000e+00   5.2870e+01   2.4277e+00   0  J  0.00  1   !  -9.99000e+02  -99.000  -99.000  -999
OBS: 6838  56387.391    17.00   0.0000e+00   5.3425e+01   2.5229e+00   0  J  0.00  1   !  -9.99000e+02  -99.000  -99.000  -999
OBS: 6838  56389.391    19.00   0.0000e+00   5.4963e+01   2.5046e+00   0  J  0.00  1   !  -9.99000e+02  -99.000  -99.000  -999
OBS: 6838  56391.391    21.00   0.0000e+00   5.8937e+01   2.5605e+00   0  J  0.00  1   !  -9.99000e+02  -99.000  -99.000  -999
OBS: 6838  56393.391    23.00   0.0000e+00   6.2971e+01   2.6786e+00   0  J  0.00  1   !  -9.99000e+02  -99.000  -99.000  -999
OBS: 6838  56395.391    25.00   0.0000e+00   6.6110e+01   2.8889e+00   0  J  0.00  1   !  -9.99000e+02  -99.000  -99.000  -999
OBS: 6838  56397.391    27.00   0.0000e+00   6.8142e+01   3.0751e+00   0  J  0.00  1   !  -9.99000e+02  -99.000  -99.000  -999
OBS: 6838  56399.391    29.00   0.0000e+00   6.8325e+01   3.1042e+00   0  J  0.00  1   !  -9.99000e+02  -99.000  -99.000  -999
OBS: 6838  56401.391    31.00   0.0000e+00   6.9717e+01   3.0515e+00   0  J  0.00  1   !  -9.99000e+02  -99.000  -99.000  -999
OBS: 6838  56403.391    33.00   0.0000e+00   7.4089e+01   2.8237e+00   0  J  0.00  1   !  -9.99000e+02  -99.000  -99.000  -999
OBS: 6838  56405.391    35.00   0.0000e+00   7.8746e+01   2.5661e+00   0  J  0.00  1   !  -9.99000e+02  -99.000  -99.000  -999
OBS: 6838  56407.391    37.00   0.0000e+00   8.1241e+01   2.3846e+00   0  J  0.00  1   !  -9.99000e+02  -99.000  -99.000  -999
OBS: 6838  56409.391    39.00   0.0000e+00   8.1031e+01   2.2407e+00   0  J  0.00  1   !  -9.99000e+02  -99.000  -99.000  -999
OBS: 6838  56411.391    41.00   0.0000e+00   7.8412e+01   2.0759e+00   0  J  0.00  1   !  -9.99000e+02  -99.000  -99.000  -999
OBS: 6838  56413.391    43.00   0.0000e+00   7.4857e+01   1.8962e+00   0  J  0.00  1   !  -9.99000e+02  -99.000  -99.000  -999
OBS: 6838  56415.391    45.00   0.0000e+00   7.0273e+01   1.7801e+00   0  J  0.00  1   !  -9.99000e+02  -99.000  -99.000  -999
OBS: 6838  56417.391    47.00   0.0000e+00   6.5211e+01   1.7088e+00   0  J  0.00  1   !  -9.99000e+02  -99.000  -99.000  -999
OBS: 6838  56419.391    49.00   0.0000e+00   6.1212e+01   1.7039e+00   0  J  0.00  1   !  -9.99000e+02  -99.000  -99.000  -999
OBS: 6838  56421.391    51.00   0.0000e+00   5.6828e+01   1.6728e+00   0  J  0.00  1   !  -9.99000e+02  -99.000  -99.000  -999
OBS: 6838  56423.391    53.00   0.0000e+00   5.1887e+01   1.6460e+00   0  J  0.00  1   !  -9.99000e+02  -99.000  -99.000  -999
OBS: 6838  56425.391    55.00   0.0000e+00   4.7095e+01   1.7150e+00   0  J  0.00  1   !  -9.99000e+02  -99.000  -99.000  -999
OBS: 6838  56427.391    57.00   0.0000e+00   4.2904e+01   1.6878e+00   0  J  0.00  1   !  -9.99000e+02  -99.000  -99.000  -999
OBS: 6838  56429.391    59.00   0.0000e+00   3.9356e+01   1.4956e+00   0  J  0.00  1   !  -9.99000e+02  -99.000  -99.000  -999
OBS: 6838  56431.391    61.00   0.0000e+00   3.6232e+01   1.3573e+00   0  J  0.00  1   !  -9.99000e+02  -99.000  -99.000  -999
OBS: 6838  56433.391    63.00   0.0000e+00   3.3217e+01   1.3169e+00   0  J  0.00  1   !  -9.99000e+02  -99.000  -99.000  -999
OBS: 6838  56435.391    65.00   0.0000e+00   3.0318e+01   1.4041e+00   0  J  0.00  1   !  -9.99000e+02  -99.000  -99.000  -999
OBS: 6838  56437.391    67.00   0.0000e+00   2.7448e+01   1.5070e+00   0  J  0.00  1   !  -9.99000e+02  -99.000  -99.000  -999
OBS: 6838  56439.391    69.00   0.0000e+00   2.4616e+01   1.4817e+01   0  J  0.00  1   !  -9.99000e+02  -99.000  -99.000  -999
OBS: 6838  56441.391    71.00   0.0000e+00   2.1995e+01   1.3239e+01   0  J  0.00  1   !  -9.99000e+02  -99.000  -99.000  -999
OBS: 6838  56443.391    73.00   0.0000e+00   2.0557e+01   1.2374e+01   0  J  0.00  1   !  -9.99000e+02  -99.000  -99.000  -999
OBS: 6838  56445.391    75.00   0.0000e+00   1.9247e+01   1.1585e+01   0  J  0.00  1   !  -9.99000e+02  -99.000  -99.000  -999
OBS: 6838  56447.391    77.00   0.0000e+00   1.8077e+01   1.0881e+01   0  J  0.00  1   !  -9.99000e+02  -99.000  -99.000  -999
OBS: 6838  56449.391    79.00   0.0000e+00   1.7075e+01   1.0278e+01   0  J  0.00  1   !  -9.99000e+02  -99.000  -99.000  -999
OBS: 6838  56451.391    81.00   0.0000e+00   1.5953e+01   9.6022e+00   0  J  0.00  1   !  -9.99000e+02  -99.000  -99.000  -999
OBS: 6838  56453.391    83.00   0.0000e+00   1.4019e+01   8.4382e+00   0  J  0.00  1   !  -9.99000e+02  -99.000  -99.000  -999
OBS: 6838  56455.391    85.00   0.0000e+00   1.2343e+01   7.4296e+00   0  J  0.00  1   !  -9.99000e+02  -99.000  -99.000  -999
OBS: 6838  56457.391    87.00   0.0000e+00   1.0965e+01   6.6002e+00   0  J  0.00  1   !  -9.99000e+02  -99.000  -99.000  -999
OBS: 6838  56459.391    89.00   0.0000e+00   9.8484e+00   5.9279e+00   0  J  0.00  1   !  -9.99000e+02  -99.000  -99.000  -999
OBS: 6838  56461.391    91.00   0.0000e+00   8.9540e+00   5.3895e+00   0  J  0.00  1   !  -9.99000e+02  -99.000  -99.000  -999
OBS: 6838  56463.391    93.00   0.0000e+00   8.2410e+00   4.9604e+00   0  J  0.00  1   !  -9.99000e+02  -99.000  -99.000  -999
OBS: 6838  56465.391    95.00   0.0000e+00   7.6595e+00   4.6104e+00   0  J  0.00  1   !  -9.99000e+02  -99.000  -99.000  -999
OBS: 6838  56467.391    97.00   0.0000e+00   7.1483e+00   4.3027e+00   0  J  0.00  1   !  -9.99000e+02  -99.000  -99.000  -999
OBS: 6838  56469.391    99.00   0.0000e+00   6.7047e+00   4.0356e+00   0  J  0.00  1   !  -9.99000e+02  -99.000  -99.000  -999
OBS: 6838  56471.391   101.00   0.0000e+00   6.1808e+00   3.7203e+00   0  J  0.00  1   !  -9.99000e+02  -99.000  -99.000  -999
OBS: 6838  56473.391   103.00   0.0000e+00   5.6855e+00   3.4222e+00   0  J  0.00  1   !  -9.99000e+02  -99.000  -99.000  -999
OBS: 6838  56475.391   105.00   0.0000e+00   5.2337e+00   3.1502e+00   0  J  0.00  1   !  -9.99000e+02  -99.000  -99.000  -999
OBS: 6838  56477.391   107.00   0.0000e+00   4.8237e+00   2.9035e+00   0  J  0.00  1   !  -9.99000e+02  -99.000  -99.000  -999
OBS: 6838  56479.391   109.00   0.0000e+00   4.4498e+00   2.6784e+00   0  J  0.00  1   !  -9.99000e+02  -99.000  -99.000  -999
OBS: 6838  56481.391   111.00   0.0000e+00   4.1115e+00   2.4748e+00   0  J  0.00  1   !  -9.99000e+02  -99.000  -99.000  -999
OBS: 6838  56483.391   113.00   0.0000e+00   3.8046e+00   2.2900e+00   0  J  0.00  1   !  -9.99000e+02  -99.000  -99.000  -999
OBS: 6838  56485.391   115.00   0.0000e+00   3.5007e+00   2.1071e+00   0  J  0.00  1   !  -9.99000e+02  -99.000  -99.000  -999
OBS: 6838  56487.391   117.00   0.0000e+00   3.1951e+00   1.9232e+00   0  J  0.00  1   !  -9.99000e+02  -99.000  -99.000  -999
OBS: 6838  56489.391   119.00   0.0000e+00   2.9163e+00   1.7553e+00   0  J  0.00  1   !  -9.99000e+02  -99.000  -99.000  -999
OBS: 6838  56491.391   121.00   0.0000e+00   2.6618e+00   1.6022e+00   0  J  0.00  1   !  -9.99000e+02  -99.000  -99.000  -999
OBS: 6838  56493.391   123.00   0.0000e+00   2.4296e+00   1.4624e+00   0  J  0.00  1   !  -9.99000e+02  -99.000  -99.000  -999
OBS: 6838  56495.391   125.00   0.0000e+00   2.2174e+00   1.3347e+00   0  J  0.00  1   !  -9.99000e+02  -99.000  -99.000  -999
OBS: 6838  56497.391   127.00   0.0000e+00   2.0237e+00   1.2181e+00   0  J  0.00  1   !  -9.99000e+02  -99.000  -99.000  -999
OBS: 6838  56499.391   129.00   0.0000e+00   1.8469e+00   1.1117e+00   0  J  0.00  1   !  -9.99000e+02  -99.000  -99.000  -999
OBS: 6838  56501.391   131.00   0.0000e+00   1.6856e+00   1.0146e+00   0  J  0.00  1   !  -9.99000e+02  -99.000  -99.000  -999
OBS: 6838  56503.391   133.00   0.0000e+00   1.5383e+00   9.2590e-01   0  J  0.00  1   !  -9.99000e+02  -99.000  -99.000  -999
OBS: 6838  56505.391   135.00   0.0000e+00   1.4038e+00   8.4497e-01   0  J  0.00  1   !  -9.99000e+02  -99.000  -99.000  -999
OBS: 6838  56507.391   137.00   0.0000e+00   1.2811e+00   7.7109e-01   0  J  0.00  1   !  -9.99000e+02  -99.000  -99.000  -999
OBS: 6838  56509.391   139.00   0.0000e+00   1.1690e+00   7.0366e-01   0  J  0.00  1   !  -9.99000e+02  -99.000  -99.000  -999
OBS: 6838  56383.059    12.67   2.1647e+01   2.1710e+01   3.5902e-01   1  H  0.02  1   J  8.78024e+17  0.371  0.747  1.00000e+11
OBS: 6838  56389.309    18.92   1.8598e+01   1.8345e+01   3.4169e-01   1  H  0.01  1   J  5.82207e+17  0.108  -0.567  1.00000e+11
OBS: 6838  56396.484    26.09   2.2036e+01   2.2116e+01   3.6112e-01   1  H  0.01  1   J  6.48841e+17  0.023  -0.233  1.00000e+11
OBS: 6838  56311.391   -59.00   0.0000e+00   0.0000e+00   0.0000e+00   0  H  0.00  1   !  -9.99000e+02  -99.000  -99.000  -999
OBS: 6838  56313.391   -57.00   0.0000e+00   0.0000e+00   0.0000e+00   0  H  0.00  1   !  -9.99000e+02  -99.000  -99.000  -999
OBS: 6838  56315.391   -55.00   0.0000e+00   0.0000e+00   0.0000e+00   0  H  0.00  1   !  -9.99000e+02  -99.000  -99.000  -999
OBS: 6838  56317.391   -53.00   0.0000e+00   0.0000e+00   0.0000e+00   0  H  0.00  1   !  -9.99000e+02  -99.000  -99.000  -999
OBS: 6838  56319.391   -51.00   0.0000e+00   0.0000e+00   0.0000e+00   0  H  0.00  1   !  -9.99000e+02  -99.000  -99.000  -999
OBS: 6838  56321.391   -49.00   0.0000e+00   0.0000e+00   0.0000e+00   0  H  0.00  1   !  -9.99000e+02  -99.000  -99.000  -999
OBS: 6838  56323.391   -47.00   0.0000e+00   0.0000e+00   0.0000e+00   0  H  0.00  1   !  -9.99000e+02  -99.000  -99.000  -999
OBS: 6838  56325.391   -45.00   0.0000e+00   0.0000e+00   0.0000e+00   0  H  0.00  1   !  -9.99000e+02  -99.000  -99.000  -999
OBS: 6838  56327.391   -43.00   0.0000e+00   0.0000e+00   0.0000e+00   0  H  0.00  1   !  -9.99000e+02  -99.000  -99.000  -999
OBS: 6838  56329.391   -41.00   0.0000e+00   0.0000e+00   0.0000e+00   0  H  0.00  1   !  -9.99000e+02  -99.000  -99.000  -999
OBS: 6838  56331.391   -39.00   0.0000e+00   0.0000e+00   0.0000e+00   0  H  0.00  1   !  -9.99000e+02  -99.000  -99.000  -999
OBS: 6838  56333.391   -37.00   0.0000e+00   0.0000e+00   0.0000e+00   0  H  0.00  1   !  -9.99000e+02  -99.000  -99.000  -999
OBS: 6838  56335.391   -35.00   0.0000e+00   0.0000e+00   0.0000e+00   0  H  0.00  1   !  -9.99000e+02  -99.000  -99.000  -999
OBS: 6838  56337.391   -33.00   0.0000e+00   0.0000e+00   0.0000e+00   0  H  0.00  1   !  -9.99000e+02  -99.000  -99.000  -999
OBS: 6838  56339.391   -31.00   0.0000e+00   0.0000e+00   0.0000e+00   0  H  0.00  1   !  -9.99000e+02  -99.000  -99.000  -999
OBS: 6838  56341.391   -29.00   0.0000e+00   0.0000e+00   0.0000e+00   0  H  0.00  1   !  -9.99000e+02  -99.000  -99.000  -999
OBS: 6838  56343.391   -27.00   0.0000e+00   0.0000e+00   0.0000e+00   0  H  0.00  1   !  -9.99000e+02  -99.000  -99.000  -999
OBS: 6838  56345.391   -25.00   0.0000e+00   9.5590e+00   5.7537e+00   0  H  0.00  1   !  -9.99000e+02  -99.000  -99.000  -999
OBS: 6838  56347.391   -23.00   0.0000e+00   1.0325e+01   6.2149e+00   0  H  0.00  1   !  -9.99000e+02  -99.000  -99.000  -999
OBS: 6838  56349.391   -21.00   0.0000e+00   1.0336e+01   6.2213e+00   0  H  0.00  1   !  -9.99000e+02  -99.000  -99.000  -999
OBS: 6838  56351.391   -19.00   0.0000e+00   1.5634e+01   4.5990e+00   0  H  0.00  1   !  -9.99000e+02  -99.000  -99.000  -999
OBS: 6838  56353.391   -17.00   0.0000e+00   2.6209e+01   2.1606e+00   0  H  0.00  1   !  -9.99000e+02  -99.000  -99.000  -999
OBS: 6838  56355.391   -15.00   0.0000e+00   3.7124e+01   1.3870e+00   0  H  0.00  1   !  -9.99000e+02  -99.000  -99.000  -999
OBS: 6838  56357.391   -13.00   0.0000e+00   4.6389e+01   1.5325e+00   0  H  0.00  1   !  -9.99000e+02  -99.000  -99.000  -999
OBS: 6838  56359.391   -11.00   0.0000e+00   5.3728e+01   1.4245e+00   0  H  0.00  1   !  -9.99000e+02  -99.000  -99.000  -999
OBS: 6838  56361.391    -9.00   0.0000e+00   5.8299e+01   1.0745e+00   0  H  0.00  1   !  -9.99000e+02  -99.000  -99.000  -999
OBS: 6838  56363.391    -7.00   0.0000e+00   6.0748e+01   9.2036e-01   0  H  0.00  1   !  -9.99000e+02  -99.000  -99.000  -999
OBS: 6838  56365.391    -5.00   0.0000e+00   6.0526e+01   9.1933e-01   0  H  0.00  1   !  -9.99000e+02  -99.000  -99.000  -999
OBS: 6838  56367.391    -3.00   0.0000e+00   5.8010e+01   9.7840e-01   0  H  0.00  1   !  -9.99000e+02  -99.000  -99.000  -999
OBS: 6838  56369.391    -1.00   0.0000e+00   5.4319e+01   9.7783e-01   0  H  0.00  1   !  -9.99000e+02  -99.000  -99.000  -999
OBS: 6838  56371.391     1.00   0.0000e+00   4.9140e+01   9.4229e-01   0  H  0.00  1   !  -9.99000e+02  -99.000  -99.000  -999
OBS: 6838  56373.391     3.00   0.0000e+00   4.3509e+01   9.1190e-01   0  H  0.00  1   !  -9.99000e+02  -99.000  -99.000  -999
OBS: 6838  56375.391     5.00   0.0000e+00   3.8212e+01   9.1866e-01   0  H  0.00  1   !  -9.99000e+02  -99.000  -99.000  -999
OBS: 6838  56377.391     7.00   0.0000e+00   3.3472e+01   9.0064e-01   0  H  0.00  1   !  -9.99000e+02  -99.000  -99.000  -999
OBS: 6838  56379.391     9.00   0.0000e+00   2.8640e+01   9.5062e-01   0  H  0.00  1   !  -9.99000e+02  -99.000  -99.000  -999
OBS: 6838  56381.391    11.00   0.0000e+00   2.4313e+01   1.0276e+00   0  H  0.00  1   !  -9.99000e+02  -99.000  -99.000  -999
OBS: 6838  56383.391    13.00   0.0000e+00   2.1076e+01   1.1594e+00   0  H  0.00  1   !  -9.99000e+02  -99.000  -99.000  -999
OBS: 6838  56385.391    15.00   0.0000e+00   1.8977e+01   1.3202e+00   0  H  0.00  1   !  -9.99000e+02  -99.000  -99.000  -999
OBS: 6838  56387.391    17.00   0.0000e+00   1.8286e+01   1.4364e+00   0  H  0.00  1   !  -9.99000e+02  -99.000  -99.000  -999
OBS: 6838  56389.391    19.00   0.0000e+00   1.8531e+01   1.4880e+00   0  H  0.00  1   !  -9.99000e+02  -99.000  -99.000  -999
OBS: 6838  56391.391    21.00   0.0000e+00   1.9100e+01   1.6132e+00   0  H  0.00  1   !  -9.99000e+02  -99.000  -99.000  -999
OBS: 6838  56393.391    23.00   0.0000e+00   2.0038e+01   1.8070e+00   0  H  0.00  1   !  -9.99000e+02  -99.000  -99.000  -999
OBS: 6838  56395.391    25.00   0.0000e+00   2.1191e+01   1.8558e+00   0  H  0.00  1   !  -9.99000e+02  -99.000  -99.000  -999
OBS: 6838  56397.391    27.00   0.0000e+00   2.2699e+01   1.7731e+00   0  H  0.00  1   !  -9.99000e+02  -99.000  -99.000  -999
OBS: 6838  56399.391    29.00   0.0000e+00   2.5016e+01   1.9174e+00   0  H  0.00  1   !  -9.99000e+02  -99.000  -99.000  -999
OBS: 6838  56401.391    31.00   0.0000e+00   2.7755e+01   2.0324e+00   0  H  0.00  1   !  -9.99000e+02  -99.000  -99.000  -999
OBS: 6838  56403.391    33.00   0.0000e+00   3.0111e+01   1.9161e+00   0  H  0.00  1   !  -9.99000e+02  -99.000  -99.000  -999
OBS: 6838  56405.391    35.00   0.0000e+00   3.2444e+01   1.8869e+00   0  H  0.00  1   !  -9.99000e+02  -99.000  -99.000  -999
OBS: 6838  56407.391    37.00   0.0000e+00   3.4324e+01   2.1248e+00   0  H  0.00  1   !  -9.99000e+02  -99.000  -99.000  -999
OBS: 6838  56409.391    39.00   0.0000e+00   3.5818e+01   2.2114e+00   0  H  0.00  1   !  -9.99000e+02  -99.000  -99.000  -999
OBS: 6838  56411.391    41.00   0.0000e+00   3.6905e+01   2.0476e+00   0  H  0.00  1   !  -9.99000e+02  -99.000  -99.000  -999
OBS: 6838  56413.391    43.00   0.0000e+00   3.8168e+01   1.9811e+00   0  H  0.00  1   !  -9.99000e+02  -99.000  -99.000  -999
OBS: 6838  56415.391    45.00   0.0000e+00   3.8783e+01   2.0130e+00   0  H  0.00  1   !  -9.99000e+02  -99.000  -99.000  -999
OBS: 6838  56417.391    47.00   0.0000e+00   3.8383e+01   2.1058e+00   0  H  0.00  1   !  -9.99000e+02  -99.000  -99.000  -999
OBS: 6838  56419.391    49.00   0.0000e+00   3.5976e+01   2.5107e+00   0  H  0.00  1   !  -9.99000e+02  -99.000  -99.000  -999
OBS: 6838  56421.391    51.00   0.0000e+00   3.2712e+01   2.6993e+00   0  H  0.00  1   !  -9.99000e+02  -99.000  -99.000  -999
OBS: 6838  56423.391    53.00   0.0000e+00   2.8990e+01   2.6465e+00   0  H  0.00  1   !  -9.99000e+02  -99.000  -99.000  -999
OBS: 6838  56425.391    55.00   0.0000e+00   2.5448e+01   2.6693e+00   0  H  0.00  1   !  -9.99000e+02  -99.000  -99.000  -999
OBS: 6838  56427.391    57.00   0.0000e+00   2.2520e+01   2.7433e+00   0  H  0.00  1   !  -9.99000e+02  -99.000  -99.000  -999
OBS: 6838  56429.391    59.00   0.0000e+00   2.0574e+01   2.8940e+00   0  H  0.00  1   !  -9.99000e+02  -99.000  -99.000  -999
OBS: 6838  56431.391    61.00   0.0000e+00   1.9371e+01   2.9448e+00   0  H  0.00  1   !  -9.99000e+02  -99.000  -99.000  -999
OBS: 6838  56433.391    63.00   0.0000e+00   1.8326e+01   3.3069e+00   0  H  0.00  1   !  -9.99000e+02  -99.000  -99.000  -999
OBS: 6838  56435.391    65.00   0.0000e+00   1.7077e+01   4.2220e+00   0  H  0.00  1   !  -9.99000e+02  -99.000  -99.000  -999
OBS: 6838  56437.391    67.00   0.0000e+00   1.5768e+01   4.9028e+00   0  H  0.00  1   !  -9.99000e+02  -99.000  -99.000  -999
OBS: 6838  56439.391    69.00   0.0000e+00   1.4582e+01   8.7770e+00   0  H  0.00  1   !  -9.99000e+02  -99.000  -99.000  -999
OBS: 6838  56441.391    71.00   0.0000e+00   1.3588e+01   8.1789e+00   0  H  0.00  1   !  -9.99000e+02  -99.000  -99.000  -999
OBS: 6838  56443.391    73.00   0.0000e+00   1.2309e+01   7.4088e+00   0  H  0.00  1   !  -9.99000e+02  -99.000  -99.000  -999
OBS: 6838  56445.391    75.00   0.0000e+00   1.1152e+01   6.7127e+00   0  H  0.00  1   !  -9.99000e+02  -99.000  -99.000  -999
OBS: 6838  56447.391    77.00   0.0000e+00   1.0105e+01   6.0824e+00   0  H  0.00  1   !  -9.99000e+02  -99.000  -99.000  -999
OBS: 6838  56449.391    79.00   0.0000e+00   9.2114e+00   5.5445e+00   0  H  0.00  1   !  -9.99000e+02  -99.000  -99.000  -999
OBS: 6838  56451.391    81.00   0.0000e+00   8.2741e+00   4.9802e+00   0  H  0.00  1   !  -9.99000e+02  -99.000  -99.000  -999
OBS: 6838  56453.391    83.00   0.0000e+00   6.9128e+00   4.1609e+00   0  H  0.00  1   !  -9.99000e+02  -99.000  -99.000  -999
OBS: 6838  56455.391    85.00   0.0000e+00   5.9207e+00   3.5638e+00   0  H  0.00  1   !  -9.99000e+02  -99.000  -99.000  -999
OBS: 6838  56457.391    87.00   0.0000e+00   5.1650e+00   3.1088e+00   0  H  0.00  1   !  -9.99000e+02  -99.000  -99.000  -999
OBS: 6838  56459.391    89.00   0.0000e+00   4.5579e+00   2.7434e+00   0  H  0.00  1   !  -9.99000e+02  -99.000  -99.000  -999
OBS: 6838  56461.391    91.00   0.0000e+00   4.0437e+00   2.4339e+00   0  H  0.00  1   !  -9.99000e+02  -99.000  -99.000  -999
OBS: 6838  56463.391    93.00   0.0000e+00   3.5859e+00   2.1584e+00   0  H  0.00  1   !  -9.99000e+02  -99.000  -99.000  -999
OBS: 6838  56465.391    95.00   0.0000e+00   3.1631e+00   1.9039e+00   0  H  0.00  1   !  -9.99000e+02  -99.000  -99.000  -999
OBS: 6838  56467.391    97.00   0.0000e+00   2.7538e+00   1.6576e+00   0  H  0.00  1   !  -9.99000e+02  -99.000  -99.000  -999
OBS: 6838  56469.391    99.00   0.0000e+00   2.3573e+00   1.4189e+00   0  H  0.00  1   !  -9.99000e+02  -99.000  -99.000  -999
OBS: 6838  56471.391   101.00   0.0000e+00   2.1308e+00   1.2825e+00   0  H  0.00  1   !  -9.99000e+02  -99.000  -99.000  -999
OBS: 6838  56473.391   103.00   0.0000e+00   1.9427e+00   1.1693e+00   0  H  0.00  1   !  -9.99000e+02  -99.000  -99.000  -999
OBS: 6838  56475.391   105.00   0.0000e+00   1.7708e+00   1.0658e+00   0  H  0.00  1   !  -9.99000e+02  -99.000  -99.000  -999
OBS: 6838  56477.391   107.00   0.0000e+00   1.6135e+00   9.7120e-01   0  H  0.00  1   !  -9.99000e+02  -99.000  -99.000  -999
OBS: 6838  56479.391   109.00   0.0000e+00   1.4696e+00   8.8455e-01   0  H  0.00  1   !  -9.99000e+02  -99.000  -99.000  -999
OBS: 6838  56481.391   111.00   0.0000e+00   1.3373e+00   8.0493e-01   0  H  0.00  1   !  -9.99000e+02  -99.000  -99.000  -999
OBS: 6838  56483.391   113.00   0.0000e+00   1.2156e+00   7.3168e-01   0  H  0.00  1   !  -9.99000e+02  -99.000  -99.000  -999
OBS: 6838  56485.391   115.00   0.0000e+00   1.1101e+00   6.6818e-01   0  H  0.00  1   !  -9.99000e+02  -99.000  -99.000  -999
OBS: 6838  56487.391   117.00   0.0000e+00   1.0199e+00   6.1389e-01   0  H  0.00  1   !  -9.99000e+02  -99.000  -99.000  -999
OBS: 6838  56489.391   119.00   0.0000e+00   9.3705e-01   5.6402e-01   0  H  0.00  1   !  -9.99000e+02  -99.000  -99.000  -999
OBS: 6838  56491.391   121.00   0.0000e+00   8.6094e-01   5.1821e-01   0  H  0.00  1   !  -9.99000e+02  -99.000  -99.000  -999
OBS: 6838  56493.391   123.00   0.0000e+00   7.9102e-01   4.7612e-01   0  H  0.00  1   !  -9.99000e+02  -99.000  -99.000  -999
OBS: 6838  56495.391   125.00   0.0000e+00   7.2679e-01   4.3746e-01   0  H  0.00  1   !  -9.99000e+02  -99.000  -99.000  -999
OBS: 6838  56497.391   127.00   0.0000e+00   6.6779e-01   4.0195e-01   0  H  0.00  1   !  -9.99000e+02  -99.000  -99.000  -999
OBS: 6838  56499.391   129.00   0.0000e+00   6.1358e-01   3.6932e-01   0  H  0.00  1   !  -9.99000e+02  -99.000  -99.000  -999
OBS: 6838  56501.391   131.00   0.0000e+00   5.6378e-01   3.3935e-01   0  H  0.00  1   !  -9.99000e+02  -99.000  -99.000  -999
OBS: 6838  56503.391   133.00   0.0000e+00   5.1803e-01   3.1181e-01   0  H  0.00  1   !  -9.99000e+02  -99.000  -99.000  -999
OBS: 6838  56505.391   135.00   0.0000e+00   4.7600e-01   2.8651e-01   0  H  0.00  1   !  -9.99000e+02  -99.000  -99.000  -999
OBS: 6838  56507.391   137.00   0.0000e+00   4.3739e-01   2.6327e-01   0  H  0.00  1   !  -9.99000e+02  -99.000  -99.000  -999
OBS: 6838  56509.391   139.00   0.0000e+00   4.0191e-01   2.4191e-01   0  H  0.00  1   !  -9.99000e+02  -99.000  -99.000  -999
