VARNAMES: CID MJD Tobs SIM_FLUXCAL FLUXCAL FLUXCAL_ERR DATAFLAG BAND CHI2 IFIT BAND_REST FLUX_REST KCOR AVWARP SIM_FLUX_REST 
OBS: 3938  56355.473     7.07   4.5274e+01   4.4766e+01   5.0861e-01   1  J  0.08  1   Y  1.07451e+18  -0.279  -1.849  1.00000e+11
OBS: 3938  56361.867    13.47   3.9720e+01   3.9431e+01   4.7478e-01   1  J  0.05  1   Y  9.18388e+17  -0.311  -1.579  1.00000e+11
OBS: 3938  56368.633    20.23   4.8190e+01   4.8016e+01   5.2786e-01   1  J  0.02  1   Y  1.13675e+18  -0.294  -1.195  1.00000e+11
OBS: 3938  56289.398   -59.00   0.0000e+00   0.0000e+00   0.0000e+00   0  J  0.00  1   !  -9.99000e+02  -99.000  -99.000  -999
OBS: 3938  56291.398   -57.00   0.0000e+00   0.0000e+00   0.0000e+00   0  J  0.00  1   !  -9.99000e+02  -99.000  -99.000  -999
OBS: 3938  56293.398   -55.00   0.0000e+00   0.0000e+00   0.0000e+00   0  J  0.00  1   !  -9.99000e+02  -99.000  -99.000  -999
OBS: 3938  56295.398   -53.00   0.0000e+00   0.0000e+00   0.0000e+00   0  J  0.00  1   !  -9.99000e+02  -99.000  -99.000  -999
OBS: 3938  56297.398   -51.00   0.0000e+00   0.0000e+00   0.0000e+00   0  J  0.00  1   !  -9.99000e+02  -99.000  -99.000  -999
OBS: 3938  56299.398   -49.00   0.0000e+00   0.0000e+00   0.0000e+00   0  J  0.00  1   !  -9.99000e+02  -99.000  -99.000  -999
OBS: 3938  56301.398   -47.00   0.0000e+00   0.0000e+00   0.0000e+00   0  J  0.00  1   !  -9.99000e+02  -99.000  -99.000  -999
OBS: 3938  56303.398   -45.00   0.0000e+00   0.0000e+00   0.0000e+00   0  J  0.00  1   !  -9.99000e+02  -99.000  -99.000  -999
OBS: 3938  56305.398   -43.00   0.0000e+00   0.0000e+00   0.0000e+00   0  J  0.00  1   !  -9.99000e+02  -99.000  -99.000  -999
OBS: 3938  56307.398   -41.00   0.0000e+00   0.0000e+00   0.0000e+00   0  J  0.00  1   !  -9.99000e+02  -99.000  -99.000  -999
OBS: 3938  56309.398   -39.00   0.0000e+00   0.0000e+00   0.0000e+00   0  J  0.00  1   !  -9.99000e+02  -99.000  -99.000  -999
OBS: 3938  56311.398   -37.00   0.0000e+00   0.0000e+00   0.0000e+00   0  J  0.00  1   !  -9.99000e+02  -99.000  -99.000  -999
OBS: 3938  56313.398   -35.00   0.0000e+00   0.0000e+00   0.0000e+00   0  J  0.00  1   !  -9.99000e+02  -99.000  -99.000  -999
OBS: 3938  56315.398   -33.00   0.0000e+00   0.0000e+00   0.0000e+00   0  J  0.00  1   !  -9.99000e+02  -99.000  -99.000  -999
OBS: 3938  56317.398   -31.00   0.0000e+00   0.0000e+00   0.0000e+00   0  J  0.00  1   !  -9.99000e+02  -99.000  -99.000  -999
OBS: 3938  56319.398   -29.00   0.0000e+00   0.0000e+00   0.0000e+00   0  J  0.00  1   !  -9.99000e+02  -99.000  -99.000  -999
OBS: 3938  56321.398   -27.00   0.0000e+00   0.0000e+00   0.0000e+00   0  J  0.00  1   !  -9.99000e+02  -99.000  -99.000  -999
OBS: 3938  56323.398   -25.00   0.0000e+00   0.0000e+00   0.0000e+00   0  J  0.00  1   !  -9.99000e+02  -99.000  -99.000  -999
OBS: 3938  56325.398   -23.00   0.0000e+00   0.0000e+00   0.0000e+00   0  J  0.00  1   !  -9.99000e+02  -99.000  -99.000  -999
OBS: 3938  56327.398   -21.00   0.0000e+00   0.0000e+00   0.0000e+00   0  J  0.00  1   !  -9.99000e+02  -99.000  -99.000  -999
OBS: 3938  56329.398   -19.00   0.0000e+00   2.8065e-04   1.7925e-04   0  J  0.00  1   !  -9.99000e+02  -99.000  -99.000  -999
OBS: 3938  56331.398   -17.00   0.0000e+00   1.5580e+01   4.0913e+00   0  J  0.00  1   !  -9.99000e+02  -99.000  -99.000  -999
OBS: 3938  56333.398   -15.00   0.0000e+00   2.8786e+01   3.0123e+00   0  J  0.00  1   !  -9.99000e+02  -99.000  -99.000  -999
OBS: 3938  56335.398   -13.00   0.0000e+00   4.0989e+01   2.0709e+00   0  J  0.00  1   !  -9.99000e+02  -99.000  -99.000  -999
OBS: 3938  56337.398   -11.00   0.0000e+00   5.2442e+01   1.6485e+00   0  J  0.00  1   !  -9.99000e+02  -99.000  -99.000  -999
OBS: 3938  56339.398    -9.00   0.0000e+00   6.3420e+01   1.4982e+00   0  J  0.00  1   !  -9.99000e+02  -99.000  -99.000  -999
OBS: 3938  56341.398    -7.00   0.0000e+00   7.1430e+01   1.4262e+00   0  J  0.00  1   !  -9.99000e+02  -99.000  -99.000  -999
OBS: 3938  56343.398    -5.00   0.0000e+00   7.4945e+01   1.4829e+00   0  J  0.00  1   !  -9.99000e+02  -99.000  -99.000  -999
OBS: 3938  56345.398    -3.00   0.0000e+00   7.3132e+01   1.6255e+00   0  J  0.00  1   !  -9.99000e+02  -99.000  -99.000  -999
OBS: 3938  56347.398    -1.00   0.0000e+00   6.8374e+01   1.7243e+00   0  J  0.00  1   !  -9.99000e+02  -99.000  -99.000  -999
OBS: 3938  56349.398     1.00   0.0000e+00   6.2249e+01   1.7603e+00   0  J  0.00  1   !  -9.99000e+02  -99.000  -99.000  -999
OBS: 3938  56351.398     3.00   0.0000e+00   5.5913e+01   1.8066e+00   0  J  0.00  1   !  -9.99000e+02  -99.000  -99.000  -999
OBS: 3938  56353.398     5.00   0.0000e+00   5.0103e+01   1.9731e+00   0  J  0.00  1   !  -9.99000e+02  -99.000  -99.000  -999
OBS: 3938  56355.398     7.00   0.0000e+00   4.5550e+01   2.1275e+00   0  J  0.00  1   !  -9.99000e+02  -99.000  -99.000  -999
OBS: 3938  56357.398     9.00   0.0000e+00   4.2014e+01   2.0990e+00   0  J  0.00  1   !  -9.99000e+02  -99.000  -99.000  -999
OBS: 3938  56359.398    11.00   0.0000e+00   4.0054e+01   1.8754e+00   0  J  0.00  1   !  -9.99000e+02  -99.000  -99.000  -999
OBS: 3938  56361.398    13.00   0.0000e+00   3.9728e+01   1.6878e+00   0  J  0.00  1   !  -9.99000e+02  -99.000  -99.000  -999
OBS: 3938  56363.398    15.00   0.0000e+00   4.0830e+01   1.7025e+00   0  J  0.00  1   !  -9.99000e+02  -99.000  -99.000  -999
OBS: 3938  56365.398    17.00   0.0000e+00   4.2675e+01   1.7487e+00   0  J  0.00  1   !  -9.99000e+02  -99.000  -99.000  -999
OBS: 3938  56367.398    19.00   0.0000e+00   4.5411e+01   1.7573e+00   0  J  0.00  1   !  -9.99000e+02  -99.000  -99.000  -999
OBS: 3938  56369.398    21.00   0.0000e+00   5.0414e+01   1.7847e+00   0  J  0.00  1   !  -9.99000e+02  -99.000  -99.000  -999
OBS: 3938  56371.398    23.00   0.0000e+00   5.5974e+01   1.7782e+00   0  J  0.00  1   !  -9.99000e+02  -99.000  -99.000  -999
OBS: 3938  56373.398    25.00   0.0000e+00   6.1417e+01   1.8004e+00   0  J  0.00  1   !  -9.99000e+02  -99.000  -99.000  -999
OBS: 3938  56375.398    27.00   0.0000e+00   6.5753e+01   1.7643e+00   0  J  0.00  1   !  -9.99000e+02  -99.000  -99.000  -999
OBS: 3938  56377.398    29.00   0.0000e+00   6.7293e+01   1.7671e+00   0  J  0.00  1   !  -9.99000e+02  -99.000  -99.000  -999
OBS: 3938  56379.398    31.00   0.0000e+00   6.7804e+01   1.7830e+00   0  J  0.00  1   !  -9.99000e+02  -99.000  -99.000  -999
OBS: 3938  56381.398    33.00   0.0000e+00   6.7911e+01   1.7053e+00   0  J  0.00  1   !  -9.99000e+02  -99.000  -99.000  -999
OBS: 3938  56383.398    35.00   0.0000e+00   6.5640e+01   1.5053e+00   0  J  0.00  1   !  -9.99000e+02  -99.000  -99.000  -999
OBS: 3938  56385.398    37.00   0.0000e+00   6.0598e+01   1.4241e+00   0  J  0.00  1   !  -9.99000e+02  -99.000  -99.000  -999
OBS: 3938  56387.398    39.00   0.0000e+00   5.4582e+01   1.4084e+00   0  J  0.00  1   !  -9.99000e+02  -99.000  -99.000  -999
OBS: 3938  56389.398    41.00   0.0000e+00   4.8825e+01   1.3870e+00   0  J  0.00  1   !  -9.99000e+02  -99.000  -99.000  -999
OBS: 3938  56391.398    43.00   0.0000e+00   4.3894e+01   1.3552e+00   0  J  0.00  1   !  -9.99000e+02  -99.000  -99.000  -999
OBS: 3938  56393.398    45.00   0.0000e+00   3.9446e+01   1.3421e+00   0  J  0.00  1   !  -9.99000e+02  -99.000  -99.000  -999
OBS: 3938  56395.398    47.00   0.0000e+00   3.5528e+01   1.3011e+00   0  J  0.00  1   !  -9.99000e+02  -99.000  -99.000  -999
OBS: 3938  56397.398    49.00   0.0000e+00   3.2697e+01   1.3207e+00   0  J  0.00  1   !  -9.99000e+02  -99.000  -99.000  -999
OBS: 3938  56399.398    51.00   0.0000e+00   2.9974e+01   1.3775e+00   0  J  0.00  1   !  -9.99000e+02  -99.000  -99.000  -999
OBS: 3938  56401.398    53.00   0.0000e+00   2.7218e+01   1.4907e+00   0  J  0.00  1   !  -9.99000e+02  -99.000  -99.000  -999
OBS: 3938  56403.398    55.00   0.0000e+00   2.4547e+01   1.6486e+00   0  J  0.00  1   !  -9.99000e+02  -99.000  -99.000  -999
OBS: 3938  56405.398    57.00   0.0000e+00   2.2081e+01   1.8182e+00   0  J  0.00  1   !  -9.99000e+02  -99.000  -99.000  -999
OBS: 3938  56407.398    59.00   0.0000e+00   1.9872e+01   1.9556e+00   0  J  0.00  1   !  -9.99000e+02  -99.000  -99.000  -999
OBS: 3938  56409.398    61.00   0.0000e+00   1.7896e+01   1.9843e+00   0  J  0.00  1   !  -9.99000e+02  -99.000  -99.000  -999
OBS: 3938  56411.398    63.00   0.0000e+00   1.6159e+01   1.8793e+00   0  J  0.00  1   !  -9.99000e+02  -99.000  -99.000  -999
OBS: 3938  56413.398    65.00   0.0000e+00   1.4655e+01   1.7234e+00   0  J  0.00  1   !  -9.99000e+02  -99.000  -99.000  -999
OBS: 3938  56415.398    67.00   0.0000e+00   1.3278e+01   2.9940e+00   0  J  0.00  1   !  -9.99000e+02  -99.000  -99.000  -999
OBS: 3938  56417.398    69.00   0.0000e+00   1.2028e+01   7.2397e+00   0  J  0.00  1   !  -9.99000e+02  -99.000  -99.000  -999
OBS: 3938  56419.398    71.00   0.0000e+00   1.1021e+01   6.6339e+00   0  J  0.00  1   !  -9.99000e+02  -99.000  -99.000  -999
OBS: 3938  56421.398    73.00   0.0000e+00   1.0579e+01   6.3678e+00   0  J  0.00  1   !  -9.99000e+02  -99.000  -99.000  -999
OBS: 3938  56423.398    75.00   0.0000e+00   1.0136e+01   6.1011e+00   0  J  0.00  1   !  -9.99000e+02  -99.000  -99.000  -999
OBS: 3938  56425.398    77.00   0.0000e+00   9.6601e+00   5.8145e+00   0  J  0.00  1   !  -9.99000e+02  -99.000  -99.000  -999
OBS: 3938  56427.398    79.00   0.0000e+00   9.1503e+00   5.5077e+00   0  J  0.00  1   !  -9.99000e+02  -99.000  -99.000  -999
OBS: 3938  56429.398    81.00   0.0000e+00   8.2482e+00   4.9647e+00   0  J  0.00  1   !  -9.99000e+02  -99.000  -99.000  -999
OBS: 3938  56431.398    83.00   0.0000e+00   6.9224e+00   4.1667e+00   0  J  0.00  1   !  -9.99000e+02  -99.000  -99.000  -999
OBS: 3938  56433.398    85.00   0.0000e+00   5.8702e+00   3.5333e+00   0  J  0.00  1   !  -9.99000e+02  -99.000  -99.000  -999
OBS: 3938  56435.398    87.00   0.0000e+00   5.0885e+00   3.0628e+00   0  J  0.00  1   !  -9.99000e+02  -99.000  -99.000  -999
OBS: 3938  56437.398    89.00   0.0000e+00   4.5371e+00   2.7309e+00   0  J  0.00  1   !  -9.99000e+02  -99.000  -99.000  -999
OBS: 3938  56439.398    91.00   0.0000e+00   4.1494e+00   2.4975e+00   0  J  0.00  1   !  -9.99000e+02  -99.000  -99.000  -999
OBS: 3938  56441.398    93.00   0.0000e+00   3.8776e+00   2.3340e+00   0  J  0.00  1   !  -9.99000e+02  -99.000  -99.000  -999
OBS: 3938  56443.398    95.00   0.0000e+00   3.6600e+00   2.2030e+00   0  J  0.00  1   !  -9.99000e+02  -99.000  -99.000  -999
OBS: 3938  56445.398    97.00   0.0000e+00   3.4684e+00   2.0877e+00   0  J  0.00  1   !  -9.99000e+02  -99.000  -99.000  -999
OBS: 3938  56447.398    99.00   0.0000e+00   3.2939e+00   1.9826e+00   0  J  0.00  1   !  -9.99000e+02  -99.000  -99.000  -999
OBS: 3938  56449.398   101.00   0.0000e+00   3.0792e+00   1.8534e+00   0  J  0.00  1   !  -9.99000e+02  -99.000  -99.000  -999
OBS: 3938  56451.398   103.00   0.0000e+00   2.8794e+00   1.7331e+00   0  J  0.00  1   !  -9.99000e+02  -99.000  -99.000  -999
OBS: 3938  56453.398   105.00   0.0000e+00   2.6957e+00   1.6226e+00   0  J  0.00  1   !  -9.99000e+02  -99.000  -99.000  -999
OBS: 3938  56455.398   107.00   0.0000e+00   2.5256e+00   1.5202e+00   0  J  0.00  1   !  -9.99000e+02  -99.000  -99.000  -999
OBS: 3938  56457.398   109.00   0.0000e+00   2.3692e+00   1.4260e+00   0  J  0.00  1   !  -9.99000e+02  -99.000  -99.000  -999
OBS: 3938  56459.398   111.00   0.0000e+00   2.2259e+00   1.3398e+00   0  J  0.00  1   !  -9.99000e+02  -99.000  -99.000  -999
OBS: 3938  56461.398   113.00   0.0000e+00   2.0950e+00   1.2610e+00   0  J  0.00  1   !  -9.99000e+02  -99.000  -99.000  -999
OBS: 3938  56463.398   115.00   0.0000e+00   1.9521e+00   1.1750e+00   0  J  0.00  1   !  -9.99000e+02  -99.000  -99.000  -999
OBS: 3938  56465.398   117.00   0.0000e+00   1.8110e+00   1.0901e+00   0  J  0.00  1   !  -9.99000e+02  -99.000  -99.000  -999
OBS: 3938  56467.398   119.00   0.0000e+00   1.6801e+00   1.0113e+00   0  J  0.00  1   !  -9.99000e+02  -99.000  -99.000  -999
OBS: 3938  56469.398   121.00   0.0000e+00   1.5586e+00   9.3816e-01   0  J  0.00  1   !  -9.99000e+02  -99.000  -99.000  -999
OBS: 3938  56471.398   123.00   0.0000e+00   1.4459e+00   8.7032e-01   0  J  0.00  1   !  -9.99000e+02  -99.000  -99.000  -999
OBS: 3938  56473.398   125.00   0.0000e+00   1.3413e+00   8.0736e-01   0  J  0.00  1   !  -9.99000e+02  -99.000  -99.000  -999
OBS: 3938  56475.398   127.00   0.0000e+00   1.2443e+00   7.4894e-01   0  J  0.00  1   !  -9.99000e+02  -99.000  -99.000  -999
OBS: 3938  56477.398   129.00   0.0000e+00   1.1543e+00   6.9478e-01   0  J  0.00  1   !  -9.99000e+02  -99.000  -99.000  -999
OBS: 3938  56479.398   131.00   0.0000e+00   1.0709e+00   6.4459e-01   0  J  0.00  1   !  -9.99000e+02  -99.000  -99.000  -999
OBS: 3938  56481.398   133.00   0.0000e+00   9.9355e-01   5.9803e-01   0  J  0.00  1   !  -9.99000e+02  -99.000  -99.000  -999
OBS: 3938  56483.398   135.00   0.0000e+00   9.2167e-01   5.5476e-01   0  J  0.00  1   !  -9.99000e+02  -99.000  -99.000  -999
OBS: 3938  56485.398   137.00   0.0000e+00   8.5495e-01   5.1461e-01   0  J  0.00  1   !  -9.99000e+02  -99.000  -99.000  -999
OBS: 3938  56487.398   139.00   0.0000e+00   7.9305e-01   4.7735e-01   0  J  0.00  1   !  -9.99000e+02  -99.000  -99.000  -999
OBS: 3938  56355.477     7.08   2.4433e+01   2.5065e+01   4.4122e-01   1  H  0.28  1   J  1.29035e+18  0.550  1.255  1.00000e+11
OBS: 3938  56361.871    13.47   1.3863e+01   1.3649e+01   3.4833e-01   1  H  0.05  1   J  5.50683e+17  0.285  -1.133  1.00000e+11
OBS: 3938  56368.637    20.24   1.4656e+01   1.5513e+01   3.6386e-01   1  H  0.32  1   J  5.25669e+17  0.096  -0.893  1.00000e+11
OBS: 3938  56289.398   -59.00   0.0000e+00   0.0000e+00   0.0000e+00   0  H  0.00  1   !  -9.99000e+02  -99.000  -99.000  -999
OBS: 3938  56291.398   -57.00   0.0000e+00   0.0000e+00   0.0000e+00   0  H  0.00  1   !  -9.99000e+02  -99.000  -99.000  -999
OBS: 3938  56293.398   -55.00   0.0000e+00   0.0000e+00   0.0000e+00   0  H  0.00  1   !  -9.99000e+02  -99.000  -99.000  -999
OBS: 3938  56295.398   -53.00   0.0000e+00   0.0000e+00   0.0000e+00   0  H  0.00  1   !  -9.99000e+02  -99.000  -99.000  -999
OBS: 3938  56297.398   -51.00   0.0000e+00   0.0000e+00   0.0000e+00   0  H  0.00  1   !  -9.99000e+02  -99.000  -99.000  -999
OBS: 3938  56299.398   -49.00   0.0000e+00   0.0000e+00   0.0000e+00   0  H  0.00  1   !  -9.99000e+02  -99.000  -99.000  -999
OBS: 3938  56301.398   -47.00   0.0000e+00   0.0000e+00   0.0000e+00   0  H  0.00  1   !  -9.99000e+02  -99.000  -99.000  -999
OBS: 3938  56303.398   -45.00   0.0000e+00   0.0000e+00   0.0000e+00   0  H  0.00  1   !  -9.99000e+02  -99.000  -99.000  -999
OBS: 3938  56305.398   -43.00   0.0000e+00   0.0000e+00   0.0000e+00   0  H  0.00  1   !  -9.99000e+02  -99.000  -99.000  -999
OBS: 3938  56307.398   -41.00   0.0000e+00   0.0000e+00   0.0000e+00   0  H  0.00  1   !  -9.99000e+02  -99.000  -99.000  -999
OBS: 3938  56309.398   -39.00   0.0000e+00   0.0000e+00   0.0000e+00   0  H  0.00  1   !  -9.99000e+02  -99.000  -99.000  -999
OBS: 3938  56311.398   -37.00   0.0000e+00   0.0000e+00   0.0000e+00   0  H  0.00  1   !  -9.99000e+02  -99.000  -99.000  -999
OBS: 3938  56313.398   -35.00   0.0000e+00   0.0000e+00   0.0000e+00   0  H  0.00  1   !  -9.99000e+02  -99.000  -99.000  -999
OBS: 3938  56315.398   -33.00   0.0000e+00   0.0000e+00   0.0000e+00   0  H  0.00  1   !  -9.99000e+02  -99.000  -99.000  -999
OBS: 3938  56317.398   -31.00   0.0000e+00   0.0000e+00   0.0000e+00   0  H  0.00  1   !  -9.99000e+02  -99.000  -99.000  -999
OBS: 3938  56319.398   -29.00   0.0000e+00   0.0000e+00   0.0000e+00   0  H  0.00  1   !  -9.99000e+02  -99.000  -99.000  -999
OBS: 3938  56321.398   -27.00   0.0000e+00   0.0000e+00   0.0000e+00   0  H  0.00  1   !  -9.99000e+02  -99.000  -99.000  -999
OBS: 3938  56323.398   -25.00   0.0000e+00   6.7521e-01   4.0642e-01   0  H  0.00  1   !  -9.99000e+02  -99.000  -99.000  -999
OBS: 3938  56325.398   -23.00   0.0000e+00   7.3876e-01   4.4467e-01   0  H  0.00  1   !  -9.99000e+02  -99.000  -99.000  -999
OBS: 3938  56327.398   -21.00   0.0000e+00   7.3556e-01   4.4274e-01   0  H  0.00  1   !  -9.99000e+02  -99.000  -99.000  -999
OBS: 3938  56329.398   -19.00   0.0000e+00   3.1844e+00   1.9167e+00   0  H  0.00  1   !  -9.99000e+02  -99.000  -99.000  -999
OBS: 3938  56331.398   -17.00   0.0000e+00   1.3047e+01   2.4950e+00   0  H  0.00  1   !  -9.99000e+02  -99.000  -99.000  -999
OBS: 3938  56333.398   -15.00   0.0000e+00   2.2928e+01   1.6463e+00   0  H  0.00  1   !  -9.99000e+02  -99.000  -99.000  -999
OBS: 3938  56335.398   -13.00   0.0000e+00   3.2196e+01   1.2537e+00   0  H  0.00  1   !  -9.99000e+02  -99.000  -99.000  -999
OBS: 3938  56337.398   -11.00   0.0000e+00   4.0366e+01   1.1386e+00   0  H  0.00  1   !  -9.99000e+02  -99.000  -99.000  -999
OBS: 3938  56339.398    -9.00   0.0000e+00   4.6669e+01   1.0154e+00   0  H  0.00  1   !  -9.99000e+02  -99.000  -99.000  -999
OBS: 3938  56341.398    -7.00   0.0000e+00   5.0716e+01   8.9253e-01   0  H  0.00  1   !  -9.99000e+02  -99.000  -99.000  -999
OBS: 3938  56343.398    -5.00   0.0000e+00   5.1532e+01   9.3799e-01   0  H  0.00  1   !  -9.99000e+02  -99.000  -99.000  -999
OBS: 3938  56345.398    -3.00   0.0000e+00   4.9390e+01   9.8273e-01   0  H  0.00  1   !  -9.99000e+02  -99.000  -99.000  -999
OBS: 3938  56347.398    -1.00   0.0000e+00   4.5519e+01   9.8343e-01   0  H  0.00  1   !  -9.99000e+02  -99.000  -99.000  -999
OBS: 3938  56349.398     1.00   0.0000e+00   4.0061e+01   9.3960e-01   0  H  0.00  1   !  -9.99000e+02  -99.000  -99.000  -999
OBS: 3938  56351.398     3.00   0.0000e+00   3.4393e+01   8.7782e-01   0  H  0.00  1   !  -9.99000e+02  -99.000  -99.000  -999
OBS: 3938  56353.398     5.00   0.0000e+00   2.9244e+01   9.6926e-01   0  H  0.00  1   !  -9.99000e+02  -99.000  -99.000  -999
OBS: 3938  56355.398     7.00   0.0000e+00   2.4673e+01   9.8231e-01   0  H  0.00  1   !  -9.99000e+02  -99.000  -99.000  -999
OBS: 3938  56357.398     9.00   0.0000e+00   2.0268e+01   9.1156e-01   0  H  0.00  1   !  -9.99000e+02  -99.000  -99.000  -999
OBS: 3938  56359.398    11.00   0.0000e+00   1.6653e+01   9.0603e-01   0  H  0.00  1   !  -9.99000e+02  -99.000  -99.000  -999
OBS: 3938  56361.398    13.00   0.0000e+00   1.4301e+01   1.0603e+00   0  H  0.00  1   !  -9.99000e+02  -99.000  -99.000  -999
OBS: 3938  56363.398    15.00   0.0000e+00   1.3200e+01   1.2751e+00   0  H  0.00  1   !  -9.99000e+02  -99.000  -99.000  -999
OBS: 3938  56365.398    17.00   0.0000e+00   1.3338e+01   1.4304e+00   0  H  0.00  1   !  -9.99000e+02  -99.000  -99.000  -999
OBS: 3938  56367.398    19.00   0.0000e+00   1.4151e+01   1.4594e+00   0  H  0.00  1   !  -9.99000e+02  -99.000  -99.000  -999
OBS: 3938  56369.398    21.00   0.0000e+00   1.5050e+01   1.3564e+00   0  H  0.00  1   !  -9.99000e+02  -99.000  -99.000  -999
OBS: 3938  56371.398    23.00   0.0000e+00   1.6227e+01   1.3424e+00   0  H  0.00  1   !  -9.99000e+02  -99.000  -99.000  -999
OBS: 3938  56373.398    25.00   0.0000e+00   1.7770e+01   1.5138e+00   0  H  0.00  1   !  -9.99000e+02  -99.000  -99.000  -999
OBS: 3938  56375.398    27.00   0.0000e+00   1.9896e+01   1.6726e+00   0  H  0.00  1   !  -9.99000e+02  -99.000  -99.000  -999
OBS: 3938  56377.398    29.00   0.0000e+00   2.2699e+01   1.7674e+00   0  H  0.00  1   !  -9.99000e+02  -99.000  -99.000  -999
OBS: 3938  56379.398    31.00   0.0000e+00   2.5329e+01   1.8162e+00   0  H  0.00  1   !  -9.99000e+02  -99.000  -99.000  -999
OBS: 3938  56381.398    33.00   0.0000e+00   2.6632e+01   1.8221e+00   0  H  0.00  1   !  -9.99000e+02  -99.000  -99.000  -999
OBS: 3938  56383.398    35.00   0.0000e+00   2.6732e+01   1.8947e+00   0  H  0.00  1   !  -9.99000e+02  -99.000  -99.000  -999
OBS: 3938  56385.398    37.00   0.0000e+00   2.5523e+01   2.0005e+00   0  H  0.00  1   !  -9.99000e+02  -99.000  -99.000  -999
OBS: 3938  56387.398    39.00   0.0000e+00   2.3687e+01   1.8869e+00   0  H  0.00  1   !  -9.99000e+02  -99.000  -99.000  -999
OBS: 3938  56389.398    41.00   0.0000e+00   2.1826e+01   1.7050e+00   0  H  0.00  1   !  -9.99000e+02  -99.000  -99.000  -999
OBS: 3938  56391.398    43.00   0.0000e+00   2.0582e+01   1.6639e+00   0  H  0.00  1   !  -9.99000e+02  -99.000  -99.000  -999
OBS: 3938  56393.398    45.00   0.0000e+00   1.9663e+01   1.7567e+00   0  H  0.00  1   !  -9.99000e+02  -99.000  -99.000  -999
OBS: 3938  56395.398    47.00   0.0000e+00   1.8760e+01   1.9364e+00   0  H  0.00  1   !  -9.99000e+02  -99.000  -99.000  -999
OBS: 3938  56397.398    49.00   0.0000e+00   1.7315e+01   2.4012e+00   0  H  0.00  1   !  -9.99000e+02  -99.000  -99.000  -999
OBS: 3938  56399.398    51.00   0.0000e+00   1.5555e+01   2.8144e+00   0  H  0.00  1   !  -9.99000e+02  -99.000  -99.000  -999
OBS: 3938  56401.398    53.00   0.0000e+00   1.3665e+01   2.7526e+00   0  H  0.00  1   !  -9.99000e+02  -99.000  -99.000  -999
OBS: 3938  56403.398    55.00   0.0000e+00   1.1897e+01   2.4430e+00   0  H  0.00  1   !  -9.99000e+02  -99.000  -99.000  -999
OBS: 3938  56405.398    57.00   0.0000e+00   1.0478e+01   2.6001e+00   0  H  0.00  1   !  -9.99000e+02  -99.000  -99.000  -999
OBS: 3938  56407.398    59.00   0.0000e+00   9.5387e+00   3.0314e+00   0  H  0.00  1   !  -9.99000e+02  -99.000  -99.000  -999
OBS: 3938  56409.398    61.00   0.0000e+00   8.9470e+00   3.2409e+00   0  H  0.00  1   !  -9.99000e+02  -99.000  -99.000  -999
OBS: 3938  56411.398    63.00   0.0000e+00   8.3893e+00   3.1552e+00   0  H  0.00  1   !  -9.99000e+02  -99.000  -99.000  -999
OBS: 3938  56413.398    65.00   0.0000e+00   7.7118e+00   2.9975e+00   0  H  0.00  1   !  -9.99000e+02  -99.000  -99.000  -999
OBS: 3938  56415.398    67.00   0.0000e+00   7.0050e+00   2.9608e+00   0  H  0.00  1   !  -9.99000e+02  -99.000  -99.000  -999
OBS: 3938  56417.398    69.00   0.0000e+00   6.4093e+00   3.5513e+00   0  H  0.00  1   !  -9.99000e+02  -99.000  -99.000  -999
OBS: 3938  56419.398    71.00   0.0000e+00   5.9463e+00   3.5791e+00   0  H  0.00  1   !  -9.99000e+02  -99.000  -99.000  -999
OBS: 3938  56421.398    73.00   0.0000e+00   5.4081e+00   3.2552e+00   0  H  0.00  1   !  -9.99000e+02  -99.000  -99.000  -999
OBS: 3938  56423.398    75.00   0.0000e+00   4.8984e+00   2.9484e+00   0  H  0.00  1   !  -9.99000e+02  -99.000  -99.000  -999
OBS: 3938  56425.398    77.00   0.0000e+00   4.3644e+00   2.6270e+00   0  H  0.00  1   !  -9.99000e+02  -99.000  -99.000  -999
OBS: 3938  56427.398    79.00   0.0000e+00   3.8847e+00   2.3383e+00   0  H  0.00  1   !  -9.99000e+02  -99.000  -99.000  -999
OBS: 3938  56429.398    81.00   0.0000e+00   3.2420e+00   1.9514e+00   0  H  0.00  1   !  -9.99000e+02  -99.000  -99.000  -999
OBS: 3938  56431.398    83.00   0.0000e+00   2.5140e+00   1.5132e+00   0  H  0.00  1   !  -9.99000e+02  -99.000  -99.000  -999
OBS: 3938  56433.398    85.00   0.0000e+00   2.0618e+00   1.2410e+00   0  H  0.00  1   !  -9.99000e+02  -99.000  -99.000  -999
OBS: 3938  56435.398    87.00   0.0000e+00   1.7566e+00   1.0573e+00   0  H  0.00  1   !  -9.99000e+02  -99.000  -99.000  -999
OBS: 3938  56437.398    89.00   0.0000e+00   1.5271e+00   9.1915e-01   0  H  0.00  1   !  -9.99000e+02  -99.000  -99.000  -999
OBS: 3938  56439.398    91.00   0.0000e+00   1.3326e+00   8.0213e-01   0  H  0.00  1   !  -9.99000e+02  -99.000  -99.000  -999
OBS: 3938  56441.398    93.00   0.0000e+00   1.1566e+00   6.9615e-01   0  H  0.00  1   !  -9.99000e+02  -99.000  -99.000  -999
OBS: 3938  56443.398    95.00   0.0000e+00   9.2476e-01   5.5662e-01   0  H  0.00  1   !  -9.99000e+02  -99.000  -99.000  -999
OBS: 3938  56445.398    97.00   0.0000e+00   7.4006e-01   4.4545e-01   0  H  0.00  1   !  -9.99000e+02  -99.000  -99.000  -999
OBS: 3938  56447.398    99.00   0.0000e+00   5.8612e-01   3.5279e-01   0  H  0.00  1   !  -9.99000e+02  -99.000  -99.000  -999
OBS: 3938  56449.398   101.00   0.0000e+00   4.9268e-01   2.9655e-01   0  H  0.00  1   !  -9.99000e+02  -99.000  -99.000  -999
OBS: 3938  56451.398   103.00   0.0000e+00   4.1435e-01   2.4940e-01   0  H  0.00  1   !  -9.99000e+02  -99.000  -99.000  -999
OBS: 3938  56453.398   105.00   0.0000e+00   3.4881e-01   2.0995e-01   0  H  0.00  1   !  -9.99000e+02  -99.000  -99.000  -999
OBS: 3938  56455.398   107.00   0.0000e+00   2.9393e-01   1.7692e-01   0  H  0.00  1   !  -9.99000e+02  -99.000  -99.000  -999
OBS: 3938  56457.398   109.00   0.0000e+00   2.4773e-01   1.4911e-01   0  H  0.00  1   !  -9.99000e+02  -99.000  -99.000  -999
OBS: 3938  56459.398   111.00   0.0000e+00   2.0861e-01   1.2556e-01   0  H  0.00  1   !  -9.99000e+02  -99.000  -99.000  -999
OBS: 3938  56461.398   113.00   0.0000e+00   1.7541e-01   1.0558e-01   0  H  0.00  1   !  -9.99000e+02  -99.000  -99.000  -999
OBS: 3938  56463.398   115.00   0.0000e+00   1.4867e-01   8.9484e-02   0  H  0.00  1   !  -9.99000e+02  -99.000  -99.000  -999
OBS: 3938  56465.398   117.00   0.0000e+00   1.2642e-01   7.6093e-02   0  H  0.00  1   !  -9.99000e+02  -99.000  -99.000  -999
OBS: 3938  56467.398   119.00   0.0000e+00   1.0750e-01   6.4705e-02   0  H  0.00  1   !  -9.99000e+02  -99.000  -99.000  -999
OBS: 3938  56469.398   121.00   0.0000e+00   9.1412e-02   5.5022e-02   0  H  0.00  1   !  -9.99000e+02  -99.000  -99.000  -999
OBS: 3938  56471.398   123.00   0.0000e+00   7.7732e-02   4.6788e-02   0  H  0.00  1   !  -9.99000e+02  -99.000  -99.000  -999
OBS: 3938  56473.398   125.00   0.0000e+00   6.6099e-02   3.9786e-02   0  H  0.00  1   !  -9.99000e+02  -99.000  -99.000  -999
OBS: 3938  56475.398   127.00   0.0000e+00   5.6207e-02   3.3832e-02   0  H  0.00  1   !  -9.99000e+02  -99.000  -99.000  -999
OBS: 3938  56477.398   129.00   0.0000e+00   4.7795e-02   2.8769e-02   0  H  0.00  1   !  -9.99000e+02  -99.000  -99.000  -999
OBS: 3938  56479.398   131.00   0.0000e+00   4.0643e-02   2.4463e-02   0  H  0.00  1   !  -9.99000e+02  -99.000  -99.000  -999
OBS: 3938  56481.398   133.00   0.0000e+00   3.4560e-02   2.0802e-02   0  H  0.00  1   !  -9.99000e+02  -99.000  -99.000  -999
OBS: 3938  56483.398   135.00   0.0000e+00   2.9388e-02   1.7689e-02   0  H  0.00  1   !  -9.99000e+02  -99.000  -99.000  -999
OBS: 3938  56485.398   137.00   0.0000e+00   2.4990e-02   1.5042e-02   0  H  0.00  1   !  -9.99000e+02  -99.000  -99.000  -999
OBS: 3938  56487.398   139.00   0.0000e+00   2.1250e-02   1.2791e-02   0  H  0.00  1   !  -9.99000e+02  -99.000  -99.000  -999
