VARNAMES: CID MJD Tobs SIM_FLUXCAL FLUXCAL FLUXCAL_ERR DATAFLAG BAND CHI2 IFIT BAND_REST FLUX_REST KCOR AVWARP SIM_FLUX_REST 
OBS: 4590  56488.531     5.85   9.4494e+01   9.5198e+01   7.8738e-01   1  J  0.02  1   Y  1.60985e+18  -0.067  -1.573  1.00000e+11
OBS: 4590  56494.242    11.56   8.0481e+01   8.0268e+01   7.0921e-01   1  J  0.01  1   Y  1.24653e+18  -0.160  -1.866  1.00000e+11
OBS: 4590  56501.680    19.00   8.5922e+01   8.6182e+01   7.4022e-01   1  J  0.00  1   Y  1.32324e+18  -0.172  -1.344  1.00000e+11
OBS: 4590  56423.680   -59.00   0.0000e+00   0.0000e+00   0.0000e+00   0  J  0.00  1   !  -9.99000e+02  -99.000  -99.000  -999
OBS: 4590  56425.680   -57.00   0.0000e+00   0.0000e+00   0.0000e+00   0  J  0.00  1   !  -9.99000e+02  -99.000  -99.000  -999
OBS: 4590  56427.680   -55.00   0.0000e+00   0.0000e+00   0.0000e+00   0  J  0.00  1   !  -9.99000e+02  -99.000  -99.000  -999
OBS: 4590  56429.680   -53.00   0.0000e+00   0.0000e+00   0.0000e+00   0  J  0.00  1   !  -9.99000e+02  -99.000  -99.000  -999
OBS: 4590  56431.680   -51.00   0.0000e+00   0.0000e+00   0.0000e+00   0  J  0.00  1   !  -9.99000e+02  -99.000  -99.000  -999
OBS: 4590  56433.680   -49.00   0.0000e+00   0.0000e+00   0.0000e+00   0  J  0.00  1   !  -9.99000e+02  -99.000  -99.000  -999
OBS: 4590  56435.680   -47.00   0.0000e+00   0.0000e+00   0.0000e+00   0  J  0.00  1   !  -9.99000e+02  -99.000  -99.000  -999
OBS: 4590  56437.680   -45.00   0.0000e+00   0.0000e+00   0.0000e+00   0  J  0.00  1   !  -9.99000e+02  -99.000  -99.000  -999
OBS: 4590  56439.680   -43.00   0.0000e+00   0.0000e+00   0.0000e+00   0  J  0.00  1   !  -9.99000e+02  -99.000  -99.000  -999
OBS: 4590  56441.680   -41.00   0.0000e+00   0.0000e+00   0.0000e+00   0  J  0.00  1   !  -9.99000e+02  -99.000  -99.000  -999
OBS: 4590  56443.680   -39.00   0.0000e+00   0.0000e+00   0.0000e+00   0  J  0.00  1   !  -9.99000e+02  -99.000  -99.000  -999
OBS: 4590  56445.680   -37.00   0.0000e+00   0.0000e+00   0.0000e+00   0  J  0.00  1   !  -9.99000e+02  -99.000  -99.000  -999
OBS: 4590  56447.680   -35.00   0.0000e+00   0.0000e+00   0.0000e+00   0  J  0.00  1   !  -9.99000e+02  -99.000  -99.000  -999
OBS: 4590  56449.680   -33.00   0.0000e+00   0.0000e+00   0.0000e+00   0  J  0.00  1   !  -9.99000e+02  -99.000  -99.000  -999
OBS: 4590  56451.680   -31.00   0.0000e+00   0.0000e+00   0.0000e+00   0  J  0.00  1   !  -9.99000e+02  -99.000  -99.000  -999
OBS: 4590  56453.680   -29.00   0.0000e+00   0.0000e+00   0.0000e+00   0  J  0.00  1   !  -9.99000e+02  -99.000  -99.000  -999
OBS: 4590  56455.680   -27.00   0.0000e+00   0.0000e+00   0.0000e+00   0  J  0.00  1   !  -9.99000e+02  -99.000  -99.000  -999
OBS: 4590  56457.680   -25.00   0.0000e+00   1.9879e+01   1.1965e+01   0  J  0.00  1   !  -9.99000e+02  -99.000  -99.000  -999
OBS: 4590  56459.680   -23.00   0.0000e+00   2.1760e+01   1.3097e+01   0  J  0.00  1   !  -9.99000e+02  -99.000  -99.000  -999
OBS: 4590  56461.680   -21.00   0.0000e+00   2.1756e+01   1.3095e+01   0  J  0.00  1   !  -9.99000e+02  -99.000  -99.000  -999
OBS: 4590  56463.680   -19.00   0.0000e+00   2.3834e+01   1.2962e+01   0  J  0.00  1   !  -9.99000e+02  -99.000  -99.000  -999
OBS: 4590  56465.680   -17.00   0.0000e+00   4.3160e+01   6.9481e+00   0  J  0.00  1   !  -9.99000e+02  -99.000  -99.000  -999
OBS: 4590  56467.680   -15.00   0.0000e+00   6.3976e+01   4.5997e+00   0  J  0.00  1   !  -9.99000e+02  -99.000  -99.000  -999
OBS: 4590  56469.680   -13.00   0.0000e+00   8.3620e+01   3.4548e+00   0  J  0.00  1   !  -9.99000e+02  -99.000  -99.000  -999
OBS: 4590  56471.680   -11.00   0.0000e+00   1.0026e+02   3.0673e+00   0  J  0.00  1   !  -9.99000e+02  -99.000  -99.000  -999
OBS: 4590  56473.680    -9.00   0.0000e+00   1.1563e+02   2.9211e+00   0  J  0.00  1   !  -9.99000e+02  -99.000  -99.000  -999
OBS: 4590  56475.680    -7.00   0.0000e+00   1.2602e+02   3.1447e+00   0  J  0.00  1   !  -9.99000e+02  -99.000  -99.000  -999
OBS: 4590  56477.680    -5.00   0.0000e+00   1.3132e+02   3.5255e+00   0  J  0.00  1   !  -9.99000e+02  -99.000  -99.000  -999
OBS: 4590  56479.680    -3.00   0.0000e+00   1.2865e+02   3.3597e+00   0  J  0.00  1   !  -9.99000e+02  -99.000  -99.000  -999
OBS: 4590  56481.680    -1.00   0.0000e+00   1.2225e+02   3.2345e+00   0  J  0.00  1   !  -9.99000e+02  -99.000  -99.000  -999
OBS: 4590  56483.680     1.00   0.0000e+00   1.1396e+02   3.4742e+00   0  J  0.00  1   !  -9.99000e+02  -99.000  -99.000  -999
OBS: 4590  56485.680     3.00   0.0000e+00   1.0544e+02   3.8998e+00   0  J  0.00  1   !  -9.99000e+02  -99.000  -99.000  -999
OBS: 4590  56487.680     5.00   0.0000e+00   9.7615e+01   4.0396e+00   0  J  0.00  1   !  -9.99000e+02  -99.000  -99.000  -999
OBS: 4590  56489.680     7.00   0.0000e+00   9.0656e+01   3.8739e+00   0  J  0.00  1   !  -9.99000e+02  -99.000  -99.000  -999
OBS: 4590  56491.680     9.00   0.0000e+00   8.4419e+01   3.7951e+00   0  J  0.00  1   !  -9.99000e+02  -99.000  -99.000  -999
OBS: 4590  56493.680    11.00   0.0000e+00   8.1131e+01   4.1911e+00   0  J  0.00  1   !  -9.99000e+02  -99.000  -99.000  -999
OBS: 4590  56495.680    13.00   0.0000e+00   8.0096e+01   4.5716e+00   0  J  0.00  1   !  -9.99000e+02  -99.000  -99.000  -999
OBS: 4590  56497.680    15.00   0.0000e+00   8.0634e+01   4.6164e+00   0  J  0.00  1   !  -9.99000e+02  -99.000  -99.000  -999
OBS: 4590  56499.680    17.00   0.0000e+00   8.2295e+01   4.4107e+00   0  J  0.00  1   !  -9.99000e+02  -99.000  -99.000  -999
OBS: 4590  56501.680    19.00   0.0000e+00   8.6163e+01   4.2677e+00   0  J  0.00  1   !  -9.99000e+02  -99.000  -99.000  -999
OBS: 4590  56503.680    21.00   0.0000e+00   9.2373e+01   4.3311e+00   0  J  0.00  1   !  -9.99000e+02  -99.000  -99.000  -999
OBS: 4590  56505.680    23.00   0.0000e+00   9.8797e+01   4.2077e+00   0  J  0.00  1   !  -9.99000e+02  -99.000  -99.000  -999
OBS: 4590  56507.680    25.00   0.0000e+00   1.0566e+02   3.8803e+00   0  J  0.00  1   !  -9.99000e+02  -99.000  -99.000  -999
OBS: 4590  56509.680    27.00   0.0000e+00   1.0999e+02   3.7034e+00   0  J  0.00  1   !  -9.99000e+02  -99.000  -99.000  -999
OBS: 4590  56511.680    29.00   0.0000e+00   1.1335e+02   3.8577e+00   0  J  0.00  1   !  -9.99000e+02  -99.000  -99.000  -999
OBS: 4590  56513.680    31.00   0.0000e+00   1.1878e+02   3.8793e+00   0  J  0.00  1   !  -9.99000e+02  -99.000  -99.000  -999
OBS: 4590  56515.680    33.00   0.0000e+00   1.2530e+02   3.7590e+00   0  J  0.00  1   !  -9.99000e+02  -99.000  -99.000  -999
OBS: 4590  56517.680    35.00   0.0000e+00   1.3032e+02   3.7298e+00   0  J  0.00  1   !  -9.99000e+02  -99.000  -99.000  -999
OBS: 4590  56519.680    37.00   0.0000e+00   1.3190e+02   3.8739e+00   0  J  0.00  1   !  -9.99000e+02  -99.000  -99.000  -999
OBS: 4590  56521.680    39.00   0.0000e+00   1.3083e+02   4.1701e+00   0  J  0.00  1   !  -9.99000e+02  -99.000  -99.000  -999
OBS: 4590  56523.680    41.00   0.0000e+00   1.2810e+02   4.2335e+00   0  J  0.00  1   !  -9.99000e+02  -99.000  -99.000  -999
OBS: 4590  56525.680    43.00   0.0000e+00   1.2377e+02   4.0307e+00   0  J  0.00  1   !  -9.99000e+02  -99.000  -99.000  -999
OBS: 4590  56527.680    45.00   0.0000e+00   1.1806e+02   3.7974e+00   0  J  0.00  1   !  -9.99000e+02  -99.000  -99.000  -999
OBS: 4590  56529.680    47.00   0.0000e+00   1.1318e+02   4.0051e+00   0  J  0.00  1   !  -9.99000e+02  -99.000  -99.000  -999
OBS: 4590  56531.680    49.00   0.0000e+00   1.0680e+02   4.1859e+00   0  J  0.00  1   !  -9.99000e+02  -99.000  -99.000  -999
OBS: 4590  56533.680    51.00   0.0000e+00   9.8832e+01   3.9406e+00   0  J  0.00  1   !  -9.99000e+02  -99.000  -99.000  -999
OBS: 4590  56535.680    53.00   0.0000e+00   9.0627e+01   3.3428e+00   0  J  0.00  1   !  -9.99000e+02  -99.000  -99.000  -999
OBS: 4590  56537.680    55.00   0.0000e+00   8.3104e+01   2.7797e+00   0  J  0.00  1   !  -9.99000e+02  -99.000  -99.000  -999
OBS: 4590  56539.680    57.00   0.0000e+00   7.6947e+01   2.4402e+00   0  J  0.00  1   !  -9.99000e+02  -99.000  -99.000  -999
OBS: 4590  56541.680    59.00   0.0000e+00   7.1631e+01   2.2331e+00   0  J  0.00  1   !  -9.99000e+02  -99.000  -99.000  -999
OBS: 4590  56543.680    61.00   0.0000e+00   6.6525e+01   2.2954e+00   0  J  0.00  1   !  -9.99000e+02  -99.000  -99.000  -999
OBS: 4590  56545.680    63.00   0.0000e+00   6.1064e+01   2.4935e+00   0  J  0.00  1   !  -9.99000e+02  -99.000  -99.000  -999
OBS: 4590  56547.680    65.00   0.0000e+00   5.4990e+01   2.3871e+01   0  J  0.00  1   !  -9.99000e+02  -99.000  -99.000  -999
OBS: 4590  56549.680    67.00   0.0000e+00   4.8911e+01   2.9440e+01   0  J  0.00  1   !  -9.99000e+02  -99.000  -99.000  -999
OBS: 4590  56551.680    69.00   0.0000e+00   4.3938e+01   2.6447e+01   0  J  0.00  1   !  -9.99000e+02  -99.000  -99.000  -999
OBS: 4590  56553.680    71.00   0.0000e+00   4.0143e+01   2.4162e+01   0  J  0.00  1   !  -9.99000e+02  -99.000  -99.000  -999
OBS: 4590  56555.680    73.00   0.0000e+00   3.6998e+01   2.2269e+01   0  J  0.00  1   !  -9.99000e+02  -99.000  -99.000  -999
OBS: 4590  56557.680    75.00   0.0000e+00   3.4550e+01   2.0796e+01   0  J  0.00  1   !  -9.99000e+02  -99.000  -99.000  -999
OBS: 4590  56559.680    77.00   0.0000e+00   3.2738e+01   1.9706e+01   0  J  0.00  1   !  -9.99000e+02  -99.000  -99.000  -999
OBS: 4590  56561.680    79.00   0.0000e+00   2.8714e+01   1.7283e+01   0  J  0.00  1   !  -9.99000e+02  -99.000  -99.000  -999
OBS: 4590  56563.680    81.00   0.0000e+00   2.5174e+01   1.5152e+01   0  J  0.00  1   !  -9.99000e+02  -99.000  -99.000  -999
OBS: 4590  56565.680    83.00   0.0000e+00   2.2346e+01   1.3450e+01   0  J  0.00  1   !  -9.99000e+02  -99.000  -99.000  -999
OBS: 4590  56567.680    85.00   0.0000e+00   2.0014e+01   1.2047e+01   0  J  0.00  1   !  -9.99000e+02  -99.000  -99.000  -999
OBS: 4590  56569.680    87.00   0.0000e+00   1.8080e+01   1.0882e+01   0  J  0.00  1   !  -9.99000e+02  -99.000  -99.000  -999
OBS: 4590  56571.680    89.00   0.0000e+00   1.6450e+01   9.9013e+00   0  J  0.00  1   !  -9.99000e+02  -99.000  -99.000  -999
OBS: 4590  56573.680    91.00   0.0000e+00   1.5026e+01   9.0445e+00   0  J  0.00  1   !  -9.99000e+02  -99.000  -99.000  -999
OBS: 4590  56575.680    93.00   0.0000e+00   1.3766e+01   8.2860e+00   0  J  0.00  1   !  -9.99000e+02  -99.000  -99.000  -999
OBS: 4590  56577.680    95.00   0.0000e+00   1.2654e+01   7.6163e+00   0  J  0.00  1   !  -9.99000e+02  -99.000  -99.000  -999
OBS: 4590  56579.680    97.00   0.0000e+00   1.1493e+01   6.9176e+00   0  J  0.00  1   !  -9.99000e+02  -99.000  -99.000  -999
OBS: 4590  56581.680    99.00   0.0000e+00   1.0438e+01   6.2828e+00   0  J  0.00  1   !  -9.99000e+02  -99.000  -99.000  -999
OBS: 4590  56583.680   101.00   0.0000e+00   9.4903e+00   5.7123e+00   0  J  0.00  1   !  -9.99000e+02  -99.000  -99.000  -999
OBS: 4590  56585.680   103.00   0.0000e+00   8.6354e+00   5.1978e+00   0  J  0.00  1   !  -9.99000e+02  -99.000  -99.000  -999
OBS: 4590  56587.680   105.00   0.0000e+00   7.8673e+00   4.7354e+00   0  J  0.00  1   !  -9.99000e+02  -99.000  -99.000  -999
OBS: 4590  56589.680   107.00   0.0000e+00   7.1788e+00   4.3210e+00   0  J  0.00  1   !  -9.99000e+02  -99.000  -99.000  -999
OBS: 4590  56591.680   109.00   0.0000e+00   6.5639e+00   3.9509e+00   0  J  0.00  1   !  -9.99000e+02  -99.000  -99.000  -999
OBS: 4590  56593.680   111.00   0.0000e+00   5.9318e+00   3.5704e+00   0  J  0.00  1   !  -9.99000e+02  -99.000  -99.000  -999
OBS: 4590  56595.680   113.00   0.0000e+00   5.3530e+00   3.2220e+00   0  J  0.00  1   !  -9.99000e+02  -99.000  -99.000  -999
OBS: 4590  56597.680   115.00   0.0000e+00   4.8306e+00   2.9076e+00   0  J  0.00  1   !  -9.99000e+02  -99.000  -99.000  -999
OBS: 4590  56599.680   117.00   0.0000e+00   4.3591e+00   2.6238e+00   0  J  0.00  1   !  -9.99000e+02  -99.000  -99.000  -999
OBS: 4590  56601.680   119.00   0.0000e+00   3.9335e+00   2.3676e+00   0  J  0.00  1   !  -9.99000e+02  -99.000  -99.000  -999
OBS: 4590  56603.680   121.00   0.0000e+00   3.5495e+00   2.1365e+00   0  J  0.00  1   !  -9.99000e+02  -99.000  -99.000  -999
OBS: 4590  56605.680   123.00   0.0000e+00   3.2032e+00   1.9280e+00   0  J  0.00  1   !  -9.99000e+02  -99.000  -99.000  -999
OBS: 4590  56607.680   125.00   0.0000e+00   2.8903e+00   1.7397e+00   0  J  0.00  1   !  -9.99000e+02  -99.000  -99.000  -999
OBS: 4590  56609.680   127.00   0.0000e+00   2.6078e+00   1.5697e+00   0  J  0.00  1   !  -9.99000e+02  -99.000  -99.000  -999
OBS: 4590  56611.680   129.00   0.0000e+00   2.3529e+00   1.4163e+00   0  J  0.00  1   !  -9.99000e+02  -99.000  -99.000  -999
OBS: 4590  56613.680   131.00   0.0000e+00   2.1229e+00   1.2778e+00   0  J  0.00  1   !  -9.99000e+02  -99.000  -99.000  -999
OBS: 4590  56615.680   133.00   0.0000e+00   1.9153e+00   1.1529e+00   0  J  0.00  1   !  -9.99000e+02  -99.000  -99.000  -999
OBS: 4590  56617.680   135.00   0.0000e+00   1.7280e+00   1.0401e+00   0  J  0.00  1   !  -9.99000e+02  -99.000  -99.000  -999
OBS: 4590  56619.680   137.00   0.0000e+00   1.5592e+00   9.3850e-01   0  J  0.00  1   !  -9.99000e+02  -99.000  -99.000  -999
OBS: 4590  56621.680   139.00   0.0000e+00   1.4069e+00   8.4685e-01   0  J  0.00  1   !  -9.99000e+02  -99.000  -99.000  -999
OBS: 4590  56488.535     5.86   5.6258e+01   5.5110e+01   6.4092e-01   1  H  0.04  1   J  1.69622e+18  0.583  -0.147  1.00000e+11
OBS: 4590  56494.246    11.57   3.4560e+01   3.4729e+01   5.0349e-01   1  H  0.04  1   J  1.02998e+18  0.543  0.936  1.00000e+11
OBS: 4590  56501.684    19.00   2.9039e+01   2.8702e+01   4.6031e-01   1  H  0.00  1   J  8.18635e+17  0.500  2.743  1.00000e+11
OBS: 4590  56423.680   -59.00   0.0000e+00   0.0000e+00   0.0000e+00   0  H  0.00  1   !  -9.99000e+02  -99.000  -99.000  -999
OBS: 4590  56425.680   -57.00   0.0000e+00   0.0000e+00   0.0000e+00   0  H  0.00  1   !  -9.99000e+02  -99.000  -99.000  -999
OBS: 4590  56427.680   -55.00   0.0000e+00   0.0000e+00   0.0000e+00   0  H  0.00  1   !  -9.99000e+02  -99.000  -99.000  -999
OBS: 4590  56429.680   -53.00   0.0000e+00   0.0000e+00   0.0000e+00   0  H  0.00  1   !  -9.99000e+02  -99.000  -99.000  -999
OBS: 4590  56431.680   -51.00   0.0000e+00   0.0000e+00   0.0000e+00   0  H  0.00  1   !  -9.99000e+02  -99.000  -99.000  -999
OBS: 4590  56433.680   -49.00   0.0000e+00   0.0000e+00   0.0000e+00   0  H  0.00  1   !  -9.99000e+02  -99.000  -99.000  -999
OBS: 4590  56435.680   -47.00   0.0000e+00   0.0000e+00   0.0000e+00   0  H  0.00  1   !  -9.99000e+02  -99.000  -99.000  -999
OBS: 4590  56437.680   -45.00   0.0000e+00   0.0000e+00   0.0000e+00   0  H  0.00  1   !  -9.99000e+02  -99.000  -99.000  -999
OBS: 4590  56439.680   -43.00   0.0000e+00   0.0000e+00   0.0000e+00   0  H  0.00  1   !  -9.99000e+02  -99.000  -99.000  -999
OBS: 4590  56441.680   -41.00   0.0000e+00   0.0000e+00   0.0000e+00   0  H  0.00  1   !  -9.99000e+02  -99.000  -99.000  -999
OBS: 4590  56443.680   -39.00   0.0000e+00   0.0000e+00   0.0000e+00   0  H  0.00  1   !  -9.99000e+02  -99.000  -99.000  -999
OBS: 4590  56445.680   -37.00   0.0000e+00   0.0000e+00   0.0000e+00   0  H  0.00  1   !  -9.99000e+02  -99.000  -99.000  -999
OBS: 4590  56447.680   -35.00   0.0000e+00   0.0000e+00   0.0000e+00   0  H  0.00  1   !  -9.99000e+02  -99.000  -99.000  -999
OBS: 4590  56449.680   -33.00   0.0000e+00   0.0000e+00   0.0000e+00   0  H  0.00  1   !  -9.99000e+02  -99.000  -99.000  -999
OBS: 4590  56451.680   -31.00   0.0000e+00   0.0000e+00   0.0000e+00   0  H  0.00  1   !  -9.99000e+02  -99.000  -99.000  -999
OBS: 4590  56453.680   -29.00   0.0000e+00   0.0000e+00   0.0000e+00   0  H  0.00  1   !  -9.99000e+02  -99.000  -99.000  -999
OBS: 4590  56455.680   -27.00   0.0000e+00   0.0000e+00   0.0000e+00   0  H  0.00  1   !  -9.99000e+02  -99.000  -99.000  -999
OBS: 4590  56457.680   -25.00   0.0000e+00   3.3249e+01   2.0013e+01   0  H  0.00  1   !  -9.99000e+02  -99.000  -99.000  -999
OBS: 4590  56459.680   -23.00   0.0000e+00   3.3697e+01   2.0283e+01   0  H  0.00  1   !  -9.99000e+02  -99.000  -99.000  -999
OBS: 4590  56461.680   -21.00   0.0000e+00   3.3668e+01   2.0265e+01   0  H  0.00  1   !  -9.99000e+02  -99.000  -99.000  -999
OBS: 4590  56463.680   -19.00   0.0000e+00   3.5575e+01   1.8843e+01   0  H  0.00  1   !  -9.99000e+02  -99.000  -99.000  -999
OBS: 4590  56465.680   -17.00   0.0000e+00   5.2550e+01   3.8707e+00   0  H  0.00  1   !  -9.99000e+02  -99.000  -99.000  -999
OBS: 4590  56467.680   -15.00   0.0000e+00   7.0848e+01   2.0780e+00   0  H  0.00  1   !  -9.99000e+02  -99.000  -99.000  -999
OBS: 4590  56469.680   -13.00   0.0000e+00   8.6646e+01   2.3875e+00   0  H  0.00  1   !  -9.99000e+02  -99.000  -99.000  -999
OBS: 4590  56471.680   -11.00   0.0000e+00   9.5934e+01   2.6061e+00   0  H  0.00  1   !  -9.99000e+02  -99.000  -99.000  -999
OBS: 4590  56473.680    -9.00   0.0000e+00   1.0070e+02   2.4675e+00   0  H  0.00  1   !  -9.99000e+02  -99.000  -99.000  -999
OBS: 4590  56475.680    -7.00   0.0000e+00   1.0286e+02   2.2601e+00   0  H  0.00  1   !  -9.99000e+02  -99.000  -99.000  -999
OBS: 4590  56477.680    -5.00   0.0000e+00   1.0244e+02   2.2738e+00   0  H  0.00  1   !  -9.99000e+02  -99.000  -99.000  -999
OBS: 4590  56479.680    -3.00   0.0000e+00   9.8254e+01   2.4419e+00   0  H  0.00  1   !  -9.99000e+02  -99.000  -99.000  -999
OBS: 4590  56481.680    -1.00   0.0000e+00   9.1477e+01   2.5130e+00   0  H  0.00  1   !  -9.99000e+02  -99.000  -99.000  -999
OBS: 4590  56483.680     1.00   0.0000e+00   8.1005e+01   2.4932e+00   0  H  0.00  1   !  -9.99000e+02  -99.000  -99.000  -999
OBS: 4590  56485.680     3.00   0.0000e+00   6.9502e+01   2.4410e+00   0  H  0.00  1   !  -9.99000e+02  -99.000  -99.000  -999
OBS: 4590  56487.680     5.00   0.0000e+00   5.9318e+01   2.3522e+00   0  H  0.00  1   !  -9.99000e+02  -99.000  -99.000  -999
OBS: 4590  56489.680     7.00   0.0000e+00   5.0722e+01   2.2984e+00   0  H  0.00  1   !  -9.99000e+02  -99.000  -99.000  -999
OBS: 4590  56491.680     9.00   0.0000e+00   4.2544e+01   2.3281e+00   0  H  0.00  1   !  -9.99000e+02  -99.000  -99.000  -999
OBS: 4590  56493.680    11.00   0.0000e+00   3.5757e+01   2.6104e+00   0  H  0.00  1   !  -9.99000e+02  -99.000  -99.000  -999
OBS: 4590  56495.680    13.00   0.0000e+00   3.1087e+01   2.8823e+00   0  H  0.00  1   !  -9.99000e+02  -99.000  -99.000  -999
OBS: 4590  56497.680    15.00   0.0000e+00   2.8495e+01   2.8249e+00   0  H  0.00  1   !  -9.99000e+02  -99.000  -99.000  -999
OBS: 4590  56499.680    17.00   0.0000e+00   2.8044e+01   2.7398e+00   0  H  0.00  1   !  -9.99000e+02  -99.000  -99.000  -999
OBS: 4590  56501.680    19.00   0.0000e+00   2.8783e+01   2.5304e+00   0  H  0.00  1   !  -9.99000e+02  -99.000  -99.000  -999
OBS: 4590  56503.680    21.00   0.0000e+00   2.9864e+01   2.2015e+00   0  H  0.00  1   !  -9.99000e+02  -99.000  -99.000  -999
OBS: 4590  56505.680    23.00   0.0000e+00   3.0988e+01   2.1648e+00   0  H  0.00  1   !  -9.99000e+02  -99.000  -99.000  -999
OBS: 4590  56507.680    25.00   0.0000e+00   3.1952e+01   2.5353e+00   0  H  0.00  1   !  -9.99000e+02  -99.000  -99.000  -999
OBS: 4590  56509.680    27.00   0.0000e+00   3.3333e+01   2.8944e+00   0  H  0.00  1   !  -9.99000e+02  -99.000  -99.000  -999
OBS: 4590  56511.680    29.00   0.0000e+00   3.5150e+01   3.0491e+00   0  H  0.00  1   !  -9.99000e+02  -99.000  -99.000  -999
OBS: 4590  56513.680    31.00   0.0000e+00   3.7003e+01   3.1456e+00   0  H  0.00  1   !  -9.99000e+02  -99.000  -99.000  -999
OBS: 4590  56515.680    33.00   0.0000e+00   3.9192e+01   3.2292e+00   0  H  0.00  1   !  -9.99000e+02  -99.000  -99.000  -999
OBS: 4590  56517.680    35.00   0.0000e+00   4.1574e+01   3.3535e+00   0  H  0.00  1   !  -9.99000e+02  -99.000  -99.000  -999
OBS: 4590  56519.680    37.00   0.0000e+00   4.4075e+01   3.7598e+00   0  H  0.00  1   !  -9.99000e+02  -99.000  -99.000  -999
OBS: 4590  56521.680    39.00   0.0000e+00   4.6956e+01   4.4707e+00   0  H  0.00  1   !  -9.99000e+02  -99.000  -99.000  -999
OBS: 4590  56523.680    41.00   0.0000e+00   5.0153e+01   5.1434e+00   0  H  0.00  1   !  -9.99000e+02  -99.000  -99.000  -999
OBS: 4590  56525.680    43.00   0.0000e+00   5.1963e+01   5.5729e+00   0  H  0.00  1   !  -9.99000e+02  -99.000  -99.000  -999
OBS: 4590  56527.680    45.00   0.0000e+00   5.1464e+01   5.8070e+00   0  H  0.00  1   !  -9.99000e+02  -99.000  -99.000  -999
OBS: 4590  56529.680    47.00   0.0000e+00   4.7687e+01   5.7570e+00   0  H  0.00  1   !  -9.99000e+02  -99.000  -99.000  -999
OBS: 4590  56531.680    49.00   0.0000e+00   4.2265e+01   5.2280e+00   0  H  0.00  1   !  -9.99000e+02  -99.000  -99.000  -999
OBS: 4590  56533.680    51.00   0.0000e+00   3.5961e+01   4.3173e+00   0  H  0.00  1   !  -9.99000e+02  -99.000  -99.000  -999
OBS: 4590  56535.680    53.00   0.0000e+00   3.0107e+01   3.4224e+00   0  H  0.00  1   !  -9.99000e+02  -99.000  -99.000  -999
OBS: 4590  56537.680    55.00   0.0000e+00   2.5777e+01   2.7661e+00   0  H  0.00  1   !  -9.99000e+02  -99.000  -99.000  -999
OBS: 4590  56539.680    57.00   0.0000e+00   2.3414e+01   3.0778e+00   0  H  0.00  1   !  -9.99000e+02  -99.000  -99.000  -999
OBS: 4590  56541.680    59.00   0.0000e+00   2.2165e+01   4.6132e+00   0  H  0.00  1   !  -9.99000e+02  -99.000  -99.000  -999
OBS: 4590  56543.680    61.00   0.0000e+00   2.1179e+01   6.5814e+00   0  H  0.00  1   !  -9.99000e+02  -99.000  -99.000  -999
OBS: 4590  56545.680    63.00   0.0000e+00   2.0036e+01   8.0699e+00   0  H  0.00  1   !  -9.99000e+02  -99.000  -99.000  -999
OBS: 4590  56547.680    65.00   0.0000e+00   1.8834e+01   1.0268e+01   0  H  0.00  1   !  -9.99000e+02  -99.000  -99.000  -999
OBS: 4590  56549.680    67.00   0.0000e+00   1.7759e+01   1.0690e+01   0  H  0.00  1   !  -9.99000e+02  -99.000  -99.000  -999
OBS: 4590  56551.680    69.00   0.0000e+00   1.6667e+01   1.0032e+01   0  H  0.00  1   !  -9.99000e+02  -99.000  -99.000  -999
OBS: 4590  56553.680    71.00   0.0000e+00   1.5509e+01   9.3352e+00   0  H  0.00  1   !  -9.99000e+02  -99.000  -99.000  -999
OBS: 4590  56555.680    73.00   0.0000e+00   1.4452e+01   8.6989e+00   0  H  0.00  1   !  -9.99000e+02  -99.000  -99.000  -999
OBS: 4590  56557.680    75.00   0.0000e+00   1.3537e+01   8.1480e+00   0  H  0.00  1   !  -9.99000e+02  -99.000  -99.000  -999
OBS: 4590  56559.680    77.00   0.0000e+00   1.2818e+01   7.7150e+00   0  H  0.00  1   !  -9.99000e+02  -99.000  -99.000  -999
OBS: 4590  56561.680    79.00   0.0000e+00   1.1247e+01   6.7694e+00   0  H  0.00  1   !  -9.99000e+02  -99.000  -99.000  -999
OBS: 4590  56563.680    81.00   0.0000e+00   9.9907e+00   6.0135e+00   0  H  0.00  1   !  -9.99000e+02  -99.000  -99.000  -999
OBS: 4590  56565.680    83.00   0.0000e+00   9.0310e+00   5.4359e+00   0  H  0.00  1   !  -9.99000e+02  -99.000  -99.000  -999
OBS: 4590  56567.680    85.00   0.0000e+00   8.3129e+00   5.0036e+00   0  H  0.00  1   !  -9.99000e+02  -99.000  -99.000  -999
OBS: 4590  56569.680    87.00   0.0000e+00   7.7188e+00   4.6460e+00   0  H  0.00  1   !  -9.99000e+02  -99.000  -99.000  -999
OBS: 4590  56571.680    89.00   0.0000e+00   7.1959e+00   4.3313e+00   0  H  0.00  1   !  -9.99000e+02  -99.000  -99.000  -999
OBS: 4590  56573.680    91.00   0.0000e+00   6.6671e+00   4.0130e+00   0  H  0.00  1   !  -9.99000e+02  -99.000  -99.000  -999
OBS: 4590  56575.680    93.00   0.0000e+00   6.1122e+00   3.6790e+00   0  H  0.00  1   !  -9.99000e+02  -99.000  -99.000  -999
OBS: 4590  56577.680    95.00   0.0000e+00   5.5350e+00   3.3315e+00   0  H  0.00  1   !  -9.99000e+02  -99.000  -99.000  -999
OBS: 4590  56579.680    97.00   0.0000e+00   5.2726e+00   3.1737e+00   0  H  0.00  1   !  -9.99000e+02  -99.000  -99.000  -999
OBS: 4590  56581.680    99.00   0.0000e+00   5.0320e+00   3.0288e+00   0  H  0.00  1   !  -9.99000e+02  -99.000  -99.000  -999
OBS: 4590  56583.680   101.00   0.0000e+00   4.8036e+00   2.8913e+00   0  H  0.00  1   !  -9.99000e+02  -99.000  -99.000  -999
OBS: 4590  56585.680   103.00   0.0000e+00   4.5864e+00   2.7606e+00   0  H  0.00  1   !  -9.99000e+02  -99.000  -99.000  -999
OBS: 4590  56587.680   105.00   0.0000e+00   4.3778e+00   2.6350e+00   0  H  0.00  1   !  -9.99000e+02  -99.000  -99.000  -999
OBS: 4590  56589.680   107.00   0.0000e+00   4.1747e+00   2.5128e+00   0  H  0.00  1   !  -9.99000e+02  -99.000  -99.000  -999
OBS: 4590  56591.680   109.00   0.0000e+00   3.9755e+00   2.3929e+00   0  H  0.00  1   !  -9.99000e+02  -99.000  -99.000  -999
OBS: 4590  56593.680   111.00   0.0000e+00   3.8156e+00   2.2967e+00   0  H  0.00  1   !  -9.99000e+02  -99.000  -99.000  -999
OBS: 4590  56595.680   113.00   0.0000e+00   3.6655e+00   2.2063e+00   0  H  0.00  1   !  -9.99000e+02  -99.000  -99.000  -999
OBS: 4590  56597.680   115.00   0.0000e+00   3.5213e+00   2.1195e+00   0  H  0.00  1   !  -9.99000e+02  -99.000  -99.000  -999
OBS: 4590  56599.680   117.00   0.0000e+00   3.3828e+00   2.0362e+00   0  H  0.00  1   !  -9.99000e+02  -99.000  -99.000  -999
OBS: 4590  56601.680   119.00   0.0000e+00   3.2498e+00   1.9561e+00   0  H  0.00  1   !  -9.99000e+02  -99.000  -99.000  -999
OBS: 4590  56603.680   121.00   0.0000e+00   3.1219e+00   1.8791e+00   0  H  0.00  1   !  -9.99000e+02  -99.000  -99.000  -999
OBS: 4590  56605.680   123.00   0.0000e+00   2.9991e+00   1.8052e+00   0  H  0.00  1   !  -9.99000e+02  -99.000  -99.000  -999
OBS: 4590  56607.680   125.00   0.0000e+00   2.8811e+00   1.7342e+00   0  H  0.00  1   !  -9.99000e+02  -99.000  -99.000  -999
OBS: 4590  56609.680   127.00   0.0000e+00   2.7678e+00   1.6660e+00   0  H  0.00  1   !  -9.99000e+02  -99.000  -99.000  -999
OBS: 4590  56611.680   129.00   0.0000e+00   2.6589e+00   1.6004e+00   0  H  0.00  1   !  -9.99000e+02  -99.000  -99.000  -999
OBS: 4590  56613.680   131.00   0.0000e+00   2.5543e+00   1.5375e+00   0  H  0.00  1   !  -9.99000e+02  -99.000  -99.000  -999
OBS: 4590  56615.680   133.00   0.0000e+00   2.4539e+00   1.4770e+00   0  H  0.00  1   !  -9.99000e+02  -99.000  -99.000  -999
OBS: 4590  56617.680   135.00   0.0000e+00   2.3573e+00   1.4189e+00   0  H  0.00  1   !  -9.99000e+02  -99.000  -99.000  -999
OBS: 4590  56619.680   137.00   0.0000e+00   2.2646e+00   1.3631e+00   0  H  0.00  1   !  -9.99000e+02  -99.000  -99.000  -999
OBS: 4590  56621.680   139.00   0.0000e+00   2.1755e+00   1.3095e+00   0  H  0.00  1   !  -9.99000e+02  -99.000  -99.000  -999
