VARNAMES: CID MJD Tobs SIM_FLUXCAL FLUXCAL FLUXCAL_ERR DATAFLAG BAND CHI2 IFIT BAND_REST FLUX_REST KCOR AVWARP SIM_FLUX_REST 
OBS: 6605  56357.598    15.51   8.0054e+01   8.0587e+01   7.4473e-01   1  J  0.01  1   Y  1.27711e+18  0.352  1.977  1.00000e+11
OBS: 6605  56362.719    20.63   9.1562e+01   9.1571e+01   8.0269e-01   1  J  0.00  1   Y  1.46826e+18  0.364  3.271  1.00000e+11
OBS: 6605  56370.625    28.53   1.2803e+02   1.2726e+02   9.8452e-01   1  J  0.04  1   Y  2.10775e+18  0.400  0.971  1.00000e+11
OBS: 6605  56283.094   -59.00   0.0000e+00   0.0000e+00   0.0000e+00   0  J  0.00  1   !  -9.99000e+02  -99.000  -99.000  -999
OBS: 6605  56285.094   -57.00   0.0000e+00   0.0000e+00   0.0000e+00   0  J  0.00  1   !  -9.99000e+02  -99.000  -99.000  -999
OBS: 6605  56287.094   -55.00   0.0000e+00   0.0000e+00   0.0000e+00   0  J  0.00  1   !  -9.99000e+02  -99.000  -99.000  -999
OBS: 6605  56289.094   -53.00   0.0000e+00   0.0000e+00   0.0000e+00   0  J  0.00  1   !  -9.99000e+02  -99.000  -99.000  -999
OBS: 6605  56291.094   -51.00   0.0000e+00   0.0000e+00   0.0000e+00   0  J  0.00  1   !  -9.99000e+02  -99.000  -99.000  -999
OBS: 6605  56293.094   -49.00   0.0000e+00   0.0000e+00   0.0000e+00   0  J  0.00  1   !  -9.99000e+02  -99.000  -99.000  -999
OBS: 6605  56295.094   -47.00   0.0000e+00   0.0000e+00   0.0000e+00   0  J  0.00  1   !  -9.99000e+02  -99.000  -99.000  -999
OBS: 6605  56297.094   -45.00   0.0000e+00   0.0000e+00   0.0000e+00   0  J  0.00  1   !  -9.99000e+02  -99.000  -99.000  -999
OBS: 6605  56299.094   -43.00   0.0000e+00   0.0000e+00   0.0000e+00   0  J  0.00  1   !  -9.99000e+02  -99.000  -99.000  -999
OBS: 6605  56301.094   -41.00   0.0000e+00   0.0000e+00   0.0000e+00   0  J  0.00  1   !  -9.99000e+02  -99.000  -99.000  -999
OBS: 6605  56303.094   -39.00   0.0000e+00   0.0000e+00   0.0000e+00   0  J  0.00  1   !  -9.99000e+02  -99.000  -99.000  -999
OBS: 6605  56305.094   -37.00   0.0000e+00   0.0000e+00   0.0000e+00   0  J  0.00  1   !  -9.99000e+02  -99.000  -99.000  -999
OBS: 6605  56307.094   -35.00   0.0000e+00   0.0000e+00   0.0000e+00   0  J  0.00  1   !  -9.99000e+02  -99.000  -99.000  -999
OBS: 6605  56309.094   -33.00   0.0000e+00   0.0000e+00   0.0000e+00   0  J  0.00  1   !  -9.99000e+02  -99.000  -99.000  -999
OBS: 6605  56311.094   -31.00   0.0000e+00   0.0000e+00   0.0000e+00   0  J  0.00  1   !  -9.99000e+02  -99.000  -99.000  -999
OBS: 6605  56313.094   -29.00   0.0000e+00   0.0000e+00   0.0000e+00   0  J  0.00  1   !  -9.99000e+02  -99.000  -99.000  -999
OBS: 6605  56315.094   -27.00   0.0000e+00   0.0000e+00   0.0000e+00   0  J  0.00  1   !  -9.99000e+02  -99.000  -99.000  -999
OBS: 6605  56317.094   -25.00   0.0000e+00   0.0000e+00   0.0000e+00   0  J  0.00  1   !  -9.99000e+02  -99.000  -99.000  -999
OBS: 6605  56319.094   -23.00   0.0000e+00   2.8658e+01   1.7249e+01   0  J  0.00  1   !  -9.99000e+02  -99.000  -99.000  -999
OBS: 6605  56321.094   -21.00   0.0000e+00   2.9065e+01   1.7494e+01   0  J  0.00  1   !  -9.99000e+02  -99.000  -99.000  -999
OBS: 6605  56323.094   -19.00   0.0000e+00   2.9094e+01   1.7512e+01   0  J  0.00  1   !  -9.99000e+02  -99.000  -99.000  -999
OBS: 6605  56325.094   -17.00   0.0000e+00   4.4743e+01   1.0593e+01   0  J  0.00  1   !  -9.99000e+02  -99.000  -99.000  -999
OBS: 6605  56327.094   -15.00   0.0000e+00   7.0571e+01   6.9789e+00   0  J  0.00  1   !  -9.99000e+02  -99.000  -99.000  -999
OBS: 6605  56329.094   -13.00   0.0000e+00   9.8261e+01   4.6619e+00   0  J  0.00  1   !  -9.99000e+02  -99.000  -99.000  -999
OBS: 6605  56331.094   -11.00   0.0000e+00   1.2495e+02   3.7994e+00   0  J  0.00  1   !  -9.99000e+02  -99.000  -99.000  -999
OBS: 6605  56333.094    -9.00   0.0000e+00   1.4759e+02   3.5852e+00   0  J  0.00  1   !  -9.99000e+02  -99.000  -99.000  -999
OBS: 6605  56335.094    -7.00   0.0000e+00   1.6367e+02   3.9471e+00   0  J  0.00  1   !  -9.99000e+02  -99.000  -99.000  -999
OBS: 6605  56337.094    -5.00   0.0000e+00   1.7106e+02   4.4636e+00   0  J  0.00  1   !  -9.99000e+02  -99.000  -99.000  -999
OBS: 6605  56339.094    -3.00   0.0000e+00   1.6810e+02   4.2454e+00   0  J  0.00  1   !  -9.99000e+02  -99.000  -99.000  -999
OBS: 6605  56341.094    -1.00   0.0000e+00   1.5631e+02   3.8999e+00   0  J  0.00  1   !  -9.99000e+02  -99.000  -99.000  -999
OBS: 6605  56343.094     1.00   0.0000e+00   1.4098e+02   4.2978e+00   0  J  0.00  1   !  -9.99000e+02  -99.000  -99.000  -999
OBS: 6605  56345.094     3.00   0.0000e+00   1.2724e+02   4.8259e+00   0  J  0.00  1   !  -9.99000e+02  -99.000  -99.000  -999
OBS: 6605  56347.094     5.00   0.0000e+00   1.1447e+02   4.7584e+00   0  J  0.00  1   !  -9.99000e+02  -99.000  -99.000  -999
OBS: 6605  56349.094     7.00   0.0000e+00   1.0103e+02   4.1998e+00   0  J  0.00  1   !  -9.99000e+02  -99.000  -99.000  -999
OBS: 6605  56351.094     9.00   0.0000e+00   8.9941e+01   4.0347e+00   0  J  0.00  1   !  -9.99000e+02  -99.000  -99.000  -999
OBS: 6605  56353.094    11.00   0.0000e+00   8.3764e+01   4.4198e+00   0  J  0.00  1   !  -9.99000e+02  -99.000  -99.000  -999
OBS: 6605  56355.094    13.00   0.0000e+00   8.0121e+01   4.4836e+00   0  J  0.00  1   !  -9.99000e+02  -99.000  -99.000  -999
OBS: 6605  56357.094    15.00   0.0000e+00   7.9565e+01   4.3474e+00   0  J  0.00  1   !  -9.99000e+02  -99.000  -99.000  -999
OBS: 6605  56359.094    17.00   0.0000e+00   8.2182e+01   4.0792e+00   0  J  0.00  1   !  -9.99000e+02  -99.000  -99.000  -999
OBS: 6605  56361.094    19.00   0.0000e+00   8.6564e+01   4.0053e+00   0  J  0.00  1   !  -9.99000e+02  -99.000  -99.000  -999
OBS: 6605  56363.094    21.00   0.0000e+00   9.3041e+01   3.9551e+00   0  J  0.00  1   !  -9.99000e+02  -99.000  -99.000  -999
OBS: 6605  56365.094    23.00   0.0000e+00   1.0246e+02   3.5677e+00   0  J  0.00  1   !  -9.99000e+02  -99.000  -99.000  -999
OBS: 6605  56367.094    25.00   0.0000e+00   1.1259e+02   3.3880e+00   0  J  0.00  1   !  -9.99000e+02  -99.000  -99.000  -999
OBS: 6605  56369.094    27.00   0.0000e+00   1.2125e+02   3.6963e+00   0  J  0.00  1   !  -9.99000e+02  -99.000  -99.000  -999
OBS: 6605  56371.094    29.00   0.0000e+00   1.3070e+02   4.0115e+00   0  J  0.00  1   !  -9.99000e+02  -99.000  -99.000  -999
OBS: 6605  56373.094    31.00   0.0000e+00   1.4221e+02   4.1152e+00   0  J  0.00  1   !  -9.99000e+02  -99.000  -99.000  -999
OBS: 6605  56375.094    33.00   0.0000e+00   1.5226e+02   4.1130e+00   0  J  0.00  1   !  -9.99000e+02  -99.000  -99.000  -999
OBS: 6605  56377.094    35.00   0.0000e+00   1.5493e+02   4.4833e+00   0  J  0.00  1   !  -9.99000e+02  -99.000  -99.000  -999
OBS: 6605  56379.094    37.00   0.0000e+00   1.5441e+02   4.9348e+00   0  J  0.00  1   !  -9.99000e+02  -99.000  -99.000  -999
OBS: 6605  56381.094    39.00   0.0000e+00   1.5240e+02   5.2641e+00   0  J  0.00  1   !  -9.99000e+02  -99.000  -99.000  -999
OBS: 6605  56383.094    41.00   0.0000e+00   1.4962e+02   4.9913e+00   0  J  0.00  1   !  -9.99000e+02  -99.000  -99.000  -999
OBS: 6605  56385.094    43.00   0.0000e+00   1.4584e+02   4.8540e+00   0  J  0.00  1   !  -9.99000e+02  -99.000  -99.000  -999
OBS: 6605  56387.094    45.00   0.0000e+00   1.4132e+02   5.2991e+00   0  J  0.00  1   !  -9.99000e+02  -99.000  -99.000  -999
OBS: 6605  56389.094    47.00   0.0000e+00   1.3438e+02   5.5710e+00   0  J  0.00  1   !  -9.99000e+02  -99.000  -99.000  -999
OBS: 6605  56391.094    49.00   0.0000e+00   1.2596e+02   5.1981e+00   0  J  0.00  1   !  -9.99000e+02  -99.000  -99.000  -999
OBS: 6605  56393.094    51.00   0.0000e+00   1.1745e+02   4.3519e+00   0  J  0.00  1   !  -9.99000e+02  -99.000  -99.000  -999
OBS: 6605  56395.094    53.00   0.0000e+00   1.0932e+02   3.5363e+00   0  J  0.00  1   !  -9.99000e+02  -99.000  -99.000  -999
OBS: 6605  56397.094    55.00   0.0000e+00   1.0209e+02   3.0173e+00   0  J  0.00  1   !  -9.99000e+02  -99.000  -99.000  -999
OBS: 6605  56399.094    57.00   0.0000e+00   9.5264e+01   2.8401e+00   0  J  0.00  1   !  -9.99000e+02  -99.000  -99.000  -999
OBS: 6605  56401.094    59.00   0.0000e+00   8.8008e+01   3.0314e+00   0  J  0.00  1   !  -9.99000e+02  -99.000  -99.000  -999
OBS: 6605  56403.094    61.00   0.0000e+00   7.9685e+01   3.4805e+00   0  J  0.00  1   !  -9.99000e+02  -99.000  -99.000  -999
OBS: 6605  56405.094    63.00   0.0000e+00   7.0644e+01   4.2522e+01   0  J  0.00  1   !  -9.99000e+02  -99.000  -99.000  -999
OBS: 6605  56407.094    65.00   0.0000e+00   6.2101e+01   3.7379e+01   0  J  0.00  1   !  -9.99000e+02  -99.000  -99.000  -999
OBS: 6605  56409.094    67.00   0.0000e+00   5.4948e+01   3.3074e+01   0  J  0.00  1   !  -9.99000e+02  -99.000  -99.000  -999
OBS: 6605  56411.094    69.00   0.0000e+00   4.9201e+01   2.9614e+01   0  J  0.00  1   !  -9.99000e+02  -99.000  -99.000  -999
OBS: 6605  56413.094    71.00   0.0000e+00   4.4818e+01   2.6977e+01   0  J  0.00  1   !  -9.99000e+02  -99.000  -99.000  -999
OBS: 6605  56415.094    73.00   0.0000e+00   4.1707e+01   2.5104e+01   0  J  0.00  1   !  -9.99000e+02  -99.000  -99.000  -999
OBS: 6605  56417.094    75.00   0.0000e+00   3.6257e+01   2.1824e+01   0  J  0.00  1   !  -9.99000e+02  -99.000  -99.000  -999
OBS: 6605  56419.094    77.00   0.0000e+00   3.1338e+01   1.8863e+01   0  J  0.00  1   !  -9.99000e+02  -99.000  -99.000  -999
OBS: 6605  56421.094    79.00   0.0000e+00   2.7554e+01   1.6585e+01   0  J  0.00  1   !  -9.99000e+02  -99.000  -99.000  -999
OBS: 6605  56423.094    81.00   0.0000e+00   2.4527e+01   1.4763e+01   0  J  0.00  1   !  -9.99000e+02  -99.000  -99.000  -999
OBS: 6605  56425.094    83.00   0.0000e+00   2.2012e+01   1.3249e+01   0  J  0.00  1   !  -9.99000e+02  -99.000  -99.000  -999
OBS: 6605  56427.094    85.00   0.0000e+00   1.9855e+01   1.1951e+01   0  J  0.00  1   !  -9.99000e+02  -99.000  -99.000  -999
OBS: 6605  56429.094    87.00   0.0000e+00   1.7969e+01   1.0816e+01   0  J  0.00  1   !  -9.99000e+02  -99.000  -99.000  -999
OBS: 6605  56431.094    89.00   0.0000e+00   1.6292e+01   9.8064e+00   0  J  0.00  1   !  -9.99000e+02  -99.000  -99.000  -999
OBS: 6605  56433.094    91.00   0.0000e+00   1.4770e+01   8.8901e+00   0  J  0.00  1   !  -9.99000e+02  -99.000  -99.000  -999
OBS: 6605  56435.094    93.00   0.0000e+00   1.3333e+01   8.0251e+00   0  J  0.00  1   !  -9.99000e+02  -99.000  -99.000  -999
OBS: 6605  56437.094    95.00   0.0000e+00   1.2040e+01   7.2472e+00   0  J  0.00  1   !  -9.99000e+02  -99.000  -99.000  -999
OBS: 6605  56439.094    97.00   0.0000e+00   1.0881e+01   6.5492e+00   0  J  0.00  1   !  -9.99000e+02  -99.000  -99.000  -999
OBS: 6605  56441.094    99.00   0.0000e+00   9.8388e+00   5.9221e+00   0  J  0.00  1   !  -9.99000e+02  -99.000  -99.000  -999
OBS: 6605  56443.094   101.00   0.0000e+00   8.9070e+00   5.3612e+00   0  J  0.00  1   !  -9.99000e+02  -99.000  -99.000  -999
OBS: 6605  56445.094   103.00   0.0000e+00   8.0738e+00   4.8597e+00   0  J  0.00  1   !  -9.99000e+02  -99.000  -99.000  -999
OBS: 6605  56447.094   105.00   0.0000e+00   7.2935e+00   4.3900e+00   0  J  0.00  1   !  -9.99000e+02  -99.000  -99.000  -999
OBS: 6605  56449.094   107.00   0.0000e+00   6.5630e+00   3.9503e+00   0  J  0.00  1   !  -9.99000e+02  -99.000  -99.000  -999
OBS: 6605  56451.094   109.00   0.0000e+00   5.9057e+00   3.5547e+00   0  J  0.00  1   !  -9.99000e+02  -99.000  -99.000  -999
OBS: 6605  56453.094   111.00   0.0000e+00   5.3142e+00   3.1987e+00   0  J  0.00  1   !  -9.99000e+02  -99.000  -99.000  -999
OBS: 6605  56455.094   113.00   0.0000e+00   4.7819e+00   2.8783e+00   0  J  0.00  1   !  -9.99000e+02  -99.000  -99.000  -999
OBS: 6605  56457.094   115.00   0.0000e+00   4.3030e+00   2.5900e+00   0  J  0.00  1   !  -9.99000e+02  -99.000  -99.000  -999
OBS: 6605  56459.094   117.00   0.0000e+00   3.8720e+00   2.3306e+00   0  J  0.00  1   !  -9.99000e+02  -99.000  -99.000  -999
OBS: 6605  56461.094   119.00   0.0000e+00   3.4842e+00   2.0972e+00   0  J  0.00  1   !  -9.99000e+02  -99.000  -99.000  -999
OBS: 6605  56463.094   121.00   0.0000e+00   3.1353e+00   1.8871e+00   0  J  0.00  1   !  -9.99000e+02  -99.000  -99.000  -999
OBS: 6605  56465.094   123.00   0.0000e+00   2.8212e+00   1.6981e+00   0  J  0.00  1   !  -9.99000e+02  -99.000  -99.000  -999
OBS: 6605  56467.094   125.00   0.0000e+00   2.5387e+00   1.5281e+00   0  J  0.00  1   !  -9.99000e+02  -99.000  -99.000  -999
OBS: 6605  56469.094   127.00   0.0000e+00   2.2844e+00   1.3750e+00   0  J  0.00  1   !  -9.99000e+02  -99.000  -99.000  -999
OBS: 6605  56471.094   129.00   0.0000e+00   2.0556e+00   1.2373e+00   0  J  0.00  1   !  -9.99000e+02  -99.000  -99.000  -999
OBS: 6605  56473.094   131.00   0.0000e+00   1.8497e+00   1.1134e+00   0  J  0.00  1   !  -9.99000e+02  -99.000  -99.000  -999
OBS: 6605  56475.094   133.00   0.0000e+00   1.6645e+00   1.0019e+00   0  J  0.00  1   !  -9.99000e+02  -99.000  -99.000  -999
OBS: 6605  56477.094   135.00   0.0000e+00   1.4978e+00   9.0152e-01   0  J  0.00  1   !  -9.99000e+02  -99.000  -99.000  -999
OBS: 6605  56479.094   137.00   0.0000e+00   1.3478e+00   8.1123e-01   0  J  0.00  1   !  -9.99000e+02  -99.000  -99.000  -999
OBS: 6605  56481.094   139.00   0.0000e+00   1.2128e+00   7.2998e-01   0  J  0.00  1   !  -9.99000e+02  -99.000  -99.000  -999
OBS: 6605  56357.602    15.51   3.8048e+01   3.7687e+01   6.1601e-01   1  H  0.00  1   J  8.31213e+17  0.711  1.979  1.00000e+11
OBS: 6605  56362.723    20.63   4.0863e+01   4.0438e+01   6.3228e-01   1  H  0.00  1   J  8.83957e+17  0.701  3.272  1.00000e+11
OBS: 6605  56370.629    28.54   4.2413e+01   4.3516e+01   6.4805e-01   1  H  0.16  1   J  9.54778e+17  0.705  0.971  1.00000e+11
OBS: 6605  56283.094   -59.00   0.0000e+00   0.0000e+00   0.0000e+00   0  H  0.00  1   !  -9.99000e+02  -99.000  -99.000  -999
OBS: 6605  56285.094   -57.00   0.0000e+00   0.0000e+00   0.0000e+00   0  H  0.00  1   !  -9.99000e+02  -99.000  -99.000  -999
OBS: 6605  56287.094   -55.00   0.0000e+00   0.0000e+00   0.0000e+00   0  H  0.00  1   !  -9.99000e+02  -99.000  -99.000  -999
OBS: 6605  56289.094   -53.00   0.0000e+00   0.0000e+00   0.0000e+00   0  H  0.00  1   !  -9.99000e+02  -99.000  -99.000  -999
OBS: 6605  56291.094   -51.00   0.0000e+00   0.0000e+00   0.0000e+00   0  H  0.00  1   !  -9.99000e+02  -99.000  -99.000  -999
OBS: 6605  56293.094   -49.00   0.0000e+00   0.0000e+00   0.0000e+00   0  H  0.00  1   !  -9.99000e+02  -99.000  -99.000  -999
OBS: 6605  56295.094   -47.00   0.0000e+00   0.0000e+00   0.0000e+00   0  H  0.00  1   !  -9.99000e+02  -99.000  -99.000  -999
OBS: 6605  56297.094   -45.00   0.0000e+00   0.0000e+00   0.0000e+00   0  H  0.00  1   !  -9.99000e+02  -99.000  -99.000  -999
OBS: 6605  56299.094   -43.00   0.0000e+00   0.0000e+00   0.0000e+00   0  H  0.00  1   !  -9.99000e+02  -99.000  -99.000  -999
OBS: 6605  56301.094   -41.00   0.0000e+00   0.0000e+00   0.0000e+00   0  H  0.00  1   !  -9.99000e+02  -99.000  -99.000  -999
OBS: 6605  56303.094   -39.00   0.0000e+00   0.0000e+00   0.0000e+00   0  H  0.00  1   !  -9.99000e+02  -99.000  -99.000  -999
OBS: 6605  56305.094   -37.00   0.0000e+00   0.0000e+00   0.0000e+00   0  H  0.00  1   !  -9.99000e+02  -99.000  -99.000  -999
OBS: 6605  56307.094   -35.00   0.0000e+00   0.0000e+00   0.0000e+00   0  H  0.00  1   !  -9.99000e+02  -99.000  -99.000  -999
OBS: 6605  56309.094   -33.00   0.0000e+00   0.0000e+00   0.0000e+00   0  H  0.00  1   !  -9.99000e+02  -99.000  -99.000  -999
OBS: 6605  56311.094   -31.00   0.0000e+00   0.0000e+00   0.0000e+00   0  H  0.00  1   !  -9.99000e+02  -99.000  -99.000  -999
OBS: 6605  56313.094   -29.00   0.0000e+00   0.0000e+00   0.0000e+00   0  H  0.00  1   !  -9.99000e+02  -99.000  -99.000  -999
OBS: 6605  56315.094   -27.00   0.0000e+00   0.0000e+00   0.0000e+00   0  H  0.00  1   !  -9.99000e+02  -99.000  -99.000  -999
OBS: 6605  56317.094   -25.00   0.0000e+00   0.0000e+00   0.0000e+00   0  H  0.00  1   !  -9.99000e+02  -99.000  -99.000  -999
OBS: 6605  56319.094   -23.00   0.0000e+00   5.4064e+01   3.2542e+01   0  H  0.00  1   !  -9.99000e+02  -99.000  -99.000  -999
OBS: 6605  56321.094   -21.00   0.0000e+00   5.3744e+01   3.2349e+01   0  H  0.00  1   !  -9.99000e+02  -99.000  -99.000  -999
OBS: 6605  56323.094   -19.00   0.0000e+00   5.3727e+01   3.2339e+01   0  H  0.00  1   !  -9.99000e+02  -99.000  -99.000  -999
OBS: 6605  56325.094   -17.00   0.0000e+00   7.1556e+01   7.8623e+00   0  H  0.00  1   !  -9.99000e+02  -99.000  -99.000  -999
OBS: 6605  56327.094   -15.00   0.0000e+00   1.0068e+02   3.8168e+00   0  H  0.00  1   !  -9.99000e+02  -99.000  -99.000  -999
OBS: 6605  56329.094   -13.00   0.0000e+00   1.2675e+02   3.3269e+00   0  H  0.00  1   !  -9.99000e+02  -99.000  -99.000  -999
OBS: 6605  56331.094   -11.00   0.0000e+00   1.4342e+02   4.1171e+00   0  H  0.00  1   !  -9.99000e+02  -99.000  -99.000  -999
OBS: 6605  56333.094    -9.00   0.0000e+00   1.4965e+02   3.8819e+00   0  H  0.00  1   !  -9.99000e+02  -99.000  -99.000  -999
OBS: 6605  56335.094    -7.00   0.0000e+00   1.5127e+02   3.5109e+00   0  H  0.00  1   !  -9.99000e+02  -99.000  -99.000  -999
OBS: 6605  56337.094    -5.00   0.0000e+00   1.4893e+02   3.3896e+00   0  H  0.00  1   !  -9.99000e+02  -99.000  -99.000  -999
OBS: 6605  56339.094    -3.00   0.0000e+00   1.4056e+02   3.6848e+00   0  H  0.00  1   !  -9.99000e+02  -99.000  -99.000  -999
OBS: 6605  56341.094    -1.00   0.0000e+00   1.2791e+02   3.7037e+00   0  H  0.00  1   !  -9.99000e+02  -99.000  -99.000  -999
OBS: 6605  56343.094     1.00   0.0000e+00   1.1283e+02   3.7398e+00   0  H  0.00  1   !  -9.99000e+02  -99.000  -99.000  -999
OBS: 6605  56345.094     3.00   0.0000e+00   9.6613e+01   3.6650e+00   0  H  0.00  1   !  -9.99000e+02  -99.000  -99.000  -999
OBS: 6605  56347.094     5.00   0.0000e+00   8.1340e+01   3.4768e+00   0  H  0.00  1   !  -9.99000e+02  -99.000  -99.000  -999
OBS: 6605  56349.094     7.00   0.0000e+00   6.7670e+01   3.3554e+00   0  H  0.00  1   !  -9.99000e+02  -99.000  -99.000  -999
OBS: 6605  56351.094     9.00   0.0000e+00   5.5629e+01   3.4470e+00   0  H  0.00  1   !  -9.99000e+02  -99.000  -99.000  -999
OBS: 6605  56353.094    11.00   0.0000e+00   4.6343e+01   3.8610e+00   0  H  0.00  1   !  -9.99000e+02  -99.000  -99.000  -999
OBS: 6605  56355.094    13.00   0.0000e+00   4.0674e+01   4.1027e+00   0  H  0.00  1   !  -9.99000e+02  -99.000  -99.000  -999
OBS: 6605  56357.094    15.00   0.0000e+00   3.7914e+01   3.8982e+00   0  H  0.00  1   !  -9.99000e+02  -99.000  -99.000  -999
OBS: 6605  56359.094    17.00   0.0000e+00   3.7710e+01   3.7188e+00   0  H  0.00  1   !  -9.99000e+02  -99.000  -99.000  -999
OBS: 6605  56361.094    19.00   0.0000e+00   3.9130e+01   3.1898e+00   0  H  0.00  1   !  -9.99000e+02  -99.000  -99.000  -999
OBS: 6605  56363.094    21.00   0.0000e+00   4.0715e+01   2.8163e+00   0  H  0.00  1   !  -9.99000e+02  -99.000  -99.000  -999
OBS: 6605  56365.094    23.00   0.0000e+00   4.1489e+01   3.1289e+00   0  H  0.00  1   !  -9.99000e+02  -99.000  -99.000  -999
OBS: 6605  56367.094    25.00   0.0000e+00   4.1526e+01   3.6084e+00   0  H  0.00  1   !  -9.99000e+02  -99.000  -99.000  -999
OBS: 6605  56369.094    27.00   0.0000e+00   4.1548e+01   3.7423e+00   0  H  0.00  1   !  -9.99000e+02  -99.000  -99.000  -999
OBS: 6605  56371.094    29.00   0.0000e+00   4.2190e+01   3.7718e+00   0  H  0.00  1   !  -9.99000e+02  -99.000  -99.000  -999
OBS: 6605  56373.094    31.00   0.0000e+00   4.3451e+01   3.8120e+00   0  H  0.00  1   !  -9.99000e+02  -99.000  -99.000  -999
OBS: 6605  56375.094    33.00   0.0000e+00   4.5671e+01   3.8816e+00   0  H  0.00  1   !  -9.99000e+02  -99.000  -99.000  -999
OBS: 6605  56377.094    35.00   0.0000e+00   4.9686e+01   4.4646e+00   0  H  0.00  1   !  -9.99000e+02  -99.000  -99.000  -999
OBS: 6605  56379.094    37.00   0.0000e+00   5.4838e+01   5.4902e+00   0  H  0.00  1   !  -9.99000e+02  -99.000  -99.000  -999
OBS: 6605  56381.094    39.00   0.0000e+00   5.9594e+01   6.4741e+00   0  H  0.00  1   !  -9.99000e+02  -99.000  -99.000  -999
OBS: 6605  56383.094    41.00   0.0000e+00   6.1454e+01   7.0067e+00   0  H  0.00  1   !  -9.99000e+02  -99.000  -99.000  -999
OBS: 6605  56385.094    43.00   0.0000e+00   5.9384e+01   7.1617e+00   0  H  0.00  1   !  -9.99000e+02  -99.000  -99.000  -999
OBS: 6605  56387.094    45.00   0.0000e+00   5.3864e+01   6.9214e+00   0  H  0.00  1   !  -9.99000e+02  -99.000  -99.000  -999
OBS: 6605  56389.094    47.00   0.0000e+00   4.5985e+01   5.9801e+00   0  H  0.00  1   !  -9.99000e+02  -99.000  -99.000  -999
OBS: 6605  56391.094    49.00   0.0000e+00   3.7097e+01   4.6241e+00   0  H  0.00  1   !  -9.99000e+02  -99.000  -99.000  -999
OBS: 6605  56393.094    51.00   0.0000e+00   2.9196e+01   3.3531e+00   0  H  0.00  1   !  -9.99000e+02  -99.000  -99.000  -999
OBS: 6605  56395.094    53.00   0.0000e+00   2.4316e+01   2.7721e+00   0  H  0.00  1   !  -9.99000e+02  -99.000  -99.000  -999
OBS: 6605  56397.094    55.00   0.0000e+00   2.1945e+01   3.5303e+00   0  H  0.00  1   !  -9.99000e+02  -99.000  -99.000  -999
OBS: 6605  56399.094    57.00   0.0000e+00   2.0808e+01   5.5153e+00   0  H  0.00  1   !  -9.99000e+02  -99.000  -99.000  -999
OBS: 6605  56401.094    59.00   0.0000e+00   1.9721e+01   7.3213e+00   0  H  0.00  1   !  -9.99000e+02  -99.000  -99.000  -999
OBS: 6605  56403.094    61.00   0.0000e+00   1.8490e+01   8.3781e+00   0  H  0.00  1   !  -9.99000e+02  -99.000  -99.000  -999
OBS: 6605  56405.094    63.00   0.0000e+00   1.7375e+01   1.0458e+01   0  H  0.00  1   !  -9.99000e+02  -99.000  -99.000  -999
OBS: 6605  56407.094    65.00   0.0000e+00   1.6504e+01   9.9341e+00   0  H  0.00  1   !  -9.99000e+02  -99.000  -99.000  -999
OBS: 6605  56409.094    67.00   0.0000e+00   1.5855e+01   9.5436e+00   0  H  0.00  1   !  -9.99000e+02  -99.000  -99.000  -999
OBS: 6605  56411.094    69.00   0.0000e+00   1.5227e+01   9.1652e+00   0  H  0.00  1   !  -9.99000e+02  -99.000  -99.000  -999
OBS: 6605  56413.094    71.00   0.0000e+00   1.4589e+01   8.7815e+00   0  H  0.00  1   !  -9.99000e+02  -99.000  -99.000  -999
OBS: 6605  56415.094    73.00   0.0000e+00   1.4075e+01   8.4719e+00   0  H  0.00  1   !  -9.99000e+02  -99.000  -99.000  -999
OBS: 6605  56417.094    75.00   0.0000e+00   1.2751e+01   7.6748e+00   0  H  0.00  1   !  -9.99000e+02  -99.000  -99.000  -999
OBS: 6605  56419.094    77.00   0.0000e+00   1.1602e+01   6.9834e+00   0  H  0.00  1   !  -9.99000e+02  -99.000  -99.000  -999
OBS: 6605  56421.094    79.00   0.0000e+00   1.0814e+01   6.5091e+00   0  H  0.00  1   !  -9.99000e+02  -99.000  -99.000  -999
OBS: 6605  56423.094    81.00   0.0000e+00   1.0229e+01   6.1572e+00   0  H  0.00  1   !  -9.99000e+02  -99.000  -99.000  -999
OBS: 6605  56425.094    83.00   0.0000e+00   9.7779e+00   5.8854e+00   0  H  0.00  1   !  -9.99000e+02  -99.000  -99.000  -999
OBS: 6605  56427.094    85.00   0.0000e+00   9.3916e+00   5.6529e+00   0  H  0.00  1   !  -9.99000e+02  -99.000  -99.000  -999
OBS: 6605  56429.094    87.00   0.0000e+00   9.0316e+00   5.4362e+00   0  H  0.00  1   !  -9.99000e+02  -99.000  -99.000  -999
OBS: 6605  56431.094    89.00   0.0000e+00   8.6878e+00   5.2293e+00   0  H  0.00  1   !  -9.99000e+02  -99.000  -99.000  -999
OBS: 6605  56433.094    91.00   0.0000e+00   8.3610e+00   5.0326e+00   0  H  0.00  1   !  -9.99000e+02  -99.000  -99.000  -999
OBS: 6605  56435.094    93.00   0.0000e+00   8.0509e+00   4.8459e+00   0  H  0.00  1   !  -9.99000e+02  -99.000  -99.000  -999
OBS: 6605  56437.094    95.00   0.0000e+00   7.7557e+00   4.6682e+00   0  H  0.00  1   !  -9.99000e+02  -99.000  -99.000  -999
OBS: 6605  56439.094    97.00   0.0000e+00   7.4751e+00   4.4993e+00   0  H  0.00  1   !  -9.99000e+02  -99.000  -99.000  -999
OBS: 6605  56441.094    99.00   0.0000e+00   7.2091e+00   4.3392e+00   0  H  0.00  1   !  -9.99000e+02  -99.000  -99.000  -999
OBS: 6605  56443.094   101.00   0.0000e+00   6.9597e+00   4.1891e+00   0  H  0.00  1   !  -9.99000e+02  -99.000  -99.000  -999
OBS: 6605  56445.094   103.00   0.0000e+00   6.7272e+00   4.0492e+00   0  H  0.00  1   !  -9.99000e+02  -99.000  -99.000  -999
OBS: 6605  56447.094   105.00   0.0000e+00   6.4814e+00   3.9012e+00   0  H  0.00  1   !  -9.99000e+02  -99.000  -99.000  -999
OBS: 6605  56449.094   107.00   0.0000e+00   6.2231e+00   3.7457e+00   0  H  0.00  1   !  -9.99000e+02  -99.000  -99.000  -999
OBS: 6605  56451.094   109.00   0.0000e+00   5.9750e+00   3.5964e+00   0  H  0.00  1   !  -9.99000e+02  -99.000  -99.000  -999
OBS: 6605  56453.094   111.00   0.0000e+00   5.7368e+00   3.4531e+00   0  H  0.00  1   !  -9.99000e+02  -99.000  -99.000  -999
OBS: 6605  56455.094   113.00   0.0000e+00   5.5081e+00   3.3154e+00   0  H  0.00  1   !  -9.99000e+02  -99.000  -99.000  -999
OBS: 6605  56457.094   115.00   0.0000e+00   5.2886e+00   3.1832e+00   0  H  0.00  1   !  -9.99000e+02  -99.000  -99.000  -999
OBS: 6605  56459.094   117.00   0.0000e+00   5.0778e+00   3.0564e+00   0  H  0.00  1   !  -9.99000e+02  -99.000  -99.000  -999
OBS: 6605  56461.094   119.00   0.0000e+00   4.8753e+00   2.9345e+00   0  H  0.00  1   !  -9.99000e+02  -99.000  -99.000  -999
OBS: 6605  56463.094   121.00   0.0000e+00   4.6810e+00   2.8175e+00   0  H  0.00  1   !  -9.99000e+02  -99.000  -99.000  -999
OBS: 6605  56465.094   123.00   0.0000e+00   4.4944e+00   2.7052e+00   0  H  0.00  1   !  -9.99000e+02  -99.000  -99.000  -999
OBS: 6605  56467.094   125.00   0.0000e+00   4.3152e+00   2.5974e+00   0  H  0.00  1   !  -9.99000e+02  -99.000  -99.000  -999
OBS: 6605  56469.094   127.00   0.0000e+00   4.1432e+00   2.4939e+00   0  H  0.00  1   !  -9.99000e+02  -99.000  -99.000  -999
OBS: 6605  56471.094   129.00   0.0000e+00   3.9781e+00   2.3944e+00   0  H  0.00  1   !  -9.99000e+02  -99.000  -99.000  -999
OBS: 6605  56473.094   131.00   0.0000e+00   3.8195e+00   2.2990e+00   0  H  0.00  1   !  -9.99000e+02  -99.000  -99.000  -999
OBS: 6605  56475.094   133.00   0.0000e+00   3.6672e+00   2.2074e+00   0  H  0.00  1   !  -9.99000e+02  -99.000  -99.000  -999
OBS: 6605  56477.094   135.00   0.0000e+00   3.5211e+00   2.1194e+00   0  H  0.00  1   !  -9.99000e+02  -99.000  -99.000  -999
OBS: 6605  56479.094   137.00   0.0000e+00   3.3807e+00   2.0349e+00   0  H  0.00  1   !  -9.99000e+02  -99.000  -99.000  -999
OBS: 6605  56481.094   139.00   0.0000e+00   3.2459e+00   1.9538e+00   0  H  0.00  1   !  -9.99000e+02  -99.000  -99.000  -999
