VARNAMES: CID MJD Tobs SIM_FLUXCAL FLUXCAL FLUXCAL_ERR DATAFLAG BAND CHI2 IFIT BAND_REST FLUX_REST KCOR AVWARP SIM_FLUX_REST 
OBS: 7311  56587.379    34.27   4.2721e+01   4.3352e+01   4.1502e-01   1  J  0.04  1   i  1.49123e+18  -0.558  -0.745  1.00000e+11
OBS: 7311  56593.484    40.38   4.4683e+01   4.4616e+01   4.2154e-01   1  J  0.43  1   i  1.54140e+18  -0.553  -0.763  1.00000e+11
OBS: 7311  56494.105   -59.00   0.0000e+00   0.0000e+00   0.0000e+00   0  J  0.00  1   !  -9.99000e+02  -99.000  -99.000  -999
OBS: 7311  56496.105   -57.00   0.0000e+00   0.0000e+00   0.0000e+00   0  J  0.00  1   !  -9.99000e+02  -99.000  -99.000  -999
OBS: 7311  56498.105   -55.00   0.0000e+00   0.0000e+00   0.0000e+00   0  J  0.00  1   !  -9.99000e+02  -99.000  -99.000  -999
OBS: 7311  56500.105   -53.00   0.0000e+00   0.0000e+00   0.0000e+00   0  J  0.00  1   !  -9.99000e+02  -99.000  -99.000  -999
OBS: 7311  56502.105   -51.00   0.0000e+00   0.0000e+00   0.0000e+00   0  J  0.00  1   !  -9.99000e+02  -99.000  -99.000  -999
OBS: 7311  56504.105   -49.00   0.0000e+00   0.0000e+00   0.0000e+00   0  J  0.00  1   !  -9.99000e+02  -99.000  -99.000  -999
OBS: 7311  56506.105   -47.00   0.0000e+00   0.0000e+00   0.0000e+00   0  J  0.00  1   !  -9.99000e+02  -99.000  -99.000  -999
OBS: 7311  56508.105   -45.00   0.0000e+00   0.0000e+00   0.0000e+00   0  J  0.00  1   !  -9.99000e+02  -99.000  -99.000  -999
OBS: 7311  56510.105   -43.00   0.0000e+00   0.0000e+00   0.0000e+00   0  J  0.00  1   !  -9.99000e+02  -99.000  -99.000  -999
OBS: 7311  56512.105   -41.00   0.0000e+00   0.0000e+00   0.0000e+00   0  J  0.00  1   !  -9.99000e+02  -99.000  -99.000  -999
OBS: 7311  56514.105   -39.00   0.0000e+00   0.0000e+00   0.0000e+00   0  J  0.00  1   !  -9.99000e+02  -99.000  -99.000  -999
OBS: 7311  56516.105   -37.00   0.0000e+00   0.0000e+00   0.0000e+00   0  J  0.00  1   !  -9.99000e+02  -99.000  -99.000  -999
OBS: 7311  56518.105   -35.00   0.0000e+00   0.0000e+00   0.0000e+00   0  J  0.00  1   !  -9.99000e+02  -99.000  -99.000  -999
OBS: 7311  56520.105   -33.00   0.0000e+00   0.0000e+00   0.0000e+00   0  J  0.00  1   !  -9.99000e+02  -99.000  -99.000  -999
OBS: 7311  56522.105   -31.00   0.0000e+00   0.0000e+00   0.0000e+00   0  J  0.00  1   !  -9.99000e+02  -99.000  -99.000  -999
OBS: 7311  56524.105   -29.00   0.0000e+00   0.0000e+00   0.0000e+00   0  J  0.00  1   !  -9.99000e+02  -99.000  -99.000  -999
OBS: 7311  56526.105   -27.00   0.0000e+00   8.5871e+00   5.1687e+00   0  J  0.00  1   !  -9.99000e+02  -99.000  -99.000  -999
OBS: 7311  56528.105   -25.00   0.0000e+00   8.9120e+00   5.3642e+00   0  J  0.00  1   !  -9.99000e+02  -99.000  -99.000  -999
OBS: 7311  56530.105   -23.00   0.0000e+00   8.9124e+00   5.3645e+00   0  J  0.00  1   !  -9.99000e+02  -99.000  -99.000  -999
OBS: 7311  56532.105   -21.00   0.0000e+00   1.0856e+01   6.5345e+00   0  J  0.00  1   !  -9.99000e+02  -99.000  -99.000  -999
OBS: 7311  56534.105   -19.00   0.0000e+00   1.8147e+01   1.0923e+01   0  J  0.00  1   !  -9.99000e+02  -99.000  -99.000  -999
OBS: 7311  56536.105   -17.00   0.0000e+00   2.5840e+01   2.9034e+00   0  J  0.00  1   !  -9.99000e+02  -99.000  -99.000  -999
OBS: 7311  56538.105   -15.00   0.0000e+00   3.3199e+01   2.0251e+00   0  J  0.00  1   !  -9.99000e+02  -99.000  -99.000  -999
OBS: 7311  56540.105   -13.00   0.0000e+00   3.9798e+01   1.3433e+00   0  J  0.00  1   !  -9.99000e+02  -99.000  -99.000  -999
OBS: 7311  56542.105   -11.00   0.0000e+00   4.5767e+01   9.8396e-01   0  J  0.00  1   !  -9.99000e+02  -99.000  -99.000  -999
OBS: 7311  56544.105    -9.00   0.0000e+00   5.0917e+01   8.2756e-01   0  J  0.00  1   !  -9.99000e+02  -99.000  -99.000  -999
OBS: 7311  56546.105    -7.00   0.0000e+00   5.4901e+01   8.2310e-01   0  J  0.00  1   !  -9.99000e+02  -99.000  -99.000  -999
OBS: 7311  56548.105    -5.00   0.0000e+00   5.7134e+01   8.5659e-01   0  J  0.00  1   !  -9.99000e+02  -99.000  -99.000  -999
OBS: 7311  56550.105    -3.00   0.0000e+00   5.7208e+01   8.5769e-01   0  J  0.00  1   !  -9.99000e+02  -99.000  -99.000  -999
OBS: 7311  56552.105    -1.00   0.0000e+00   5.5631e+01   8.8722e-01   0  J  0.00  1   !  -9.99000e+02  -99.000  -99.000  -999
OBS: 7311  56554.105     1.00   0.0000e+00   5.3228e+01   8.7651e-01   0  J  0.00  1   !  -9.99000e+02  -99.000  -99.000  -999
OBS: 7311  56556.105     3.00   0.0000e+00   5.0522e+01   8.7039e-01   0  J  0.00  1   !  -9.99000e+02  -99.000  -99.000  -999
OBS: 7311  56558.105     5.00   0.0000e+00   4.7770e+01   8.2298e-01   0  J  0.00  1   !  -9.99000e+02  -99.000  -99.000  -999
OBS: 7311  56560.105     7.00   0.0000e+00   4.5320e+01   8.1061e-01   0  J  0.00  1   !  -9.99000e+02  -99.000  -99.000  -999
OBS: 7311  56562.105     9.00   0.0000e+00   4.2818e+01   7.7877e-01   0  J  0.00  1   !  -9.99000e+02  -99.000  -99.000  -999
OBS: 7311  56564.105    11.00   0.0000e+00   4.0461e+01   7.8016e-01   0  J  0.00  1   !  -9.99000e+02  -99.000  -99.000  -999
OBS: 7311  56566.105    13.00   0.0000e+00   3.8697e+01   7.7990e-01   0  J  0.00  1   !  -9.99000e+02  -99.000  -99.000  -999
OBS: 7311  56568.105    15.00   0.0000e+00   3.7609e+01   8.2152e-01   0  J  0.00  1   !  -9.99000e+02  -99.000  -99.000  -999
OBS: 7311  56570.105    17.00   0.0000e+00   3.6892e+01   8.6634e-01   0  J  0.00  1   !  -9.99000e+02  -99.000  -99.000  -999
OBS: 7311  56572.105    19.00   0.0000e+00   3.6367e+01   9.0112e-01   0  J  0.00  1   !  -9.99000e+02  -99.000  -99.000  -999
OBS: 7311  56574.105    21.00   0.0000e+00   3.6594e+01   9.7482e-01   0  J  0.00  1   !  -9.99000e+02  -99.000  -99.000  -999
OBS: 7311  56576.105    23.00   0.0000e+00   3.7761e+01   1.0501e+00   0  J  0.00  1   !  -9.99000e+02  -99.000  -99.000  -999
OBS: 7311  56578.105    25.00   0.0000e+00   3.9235e+01   1.0712e+00   0  J  0.00  1   !  -9.99000e+02  -99.000  -99.000  -999
OBS: 7311  56580.105    27.00   0.0000e+00   4.0891e+01   1.0456e+00   0  J  0.00  1   !  -9.99000e+02  -99.000  -99.000  -999
OBS: 7311  56582.105    29.00   0.0000e+00   4.2217e+01   1.0694e+00   0  J  0.00  1   !  -9.99000e+02  -99.000  -99.000  -999
OBS: 7311  56584.105    31.00   0.0000e+00   4.2537e+01   1.0601e+00   0  J  0.00  1   !  -9.99000e+02  -99.000  -99.000  -999
OBS: 7311  56586.105    33.00   0.0000e+00   4.2864e+01   1.0499e+00   0  J  0.00  1   !  -9.99000e+02  -99.000  -99.000  -999
OBS: 7311  56588.105    35.00   0.0000e+00   4.4020e+01   1.1343e+00   0  J  0.00  1   !  -9.99000e+02  -99.000  -99.000  -999
OBS: 7311  56590.105    37.00   0.0000e+00   4.5211e+01   1.2707e+00   0  J  0.00  1   !  -9.99000e+02  -99.000  -99.000  -999
OBS: 7311  56592.105    39.00   0.0000e+00   4.5920e+01   1.3976e+00   0  J  0.00  1   !  -9.99000e+02  -99.000  -99.000  -999
OBS: 7311  56594.105    41.00   0.0000e+00   4.5299e+01   1.4160e+00   0  J  0.00  1   !  -9.99000e+02  -99.000  -99.000  -999
OBS: 7311  56596.105    43.00   0.0000e+00   4.4062e+01   1.3774e+00   0  J  0.00  1   !  -9.99000e+02  -99.000  -99.000  -999
OBS: 7311  56598.105    45.00   0.0000e+00   4.2316e+01   1.3641e+00   0  J  0.00  1   !  -9.99000e+02  -99.000  -99.000  -999
OBS: 7311  56600.105    47.00   0.0000e+00   4.0456e+01   1.4288e+00   0  J  0.00  1   !  -9.99000e+02  -99.000  -99.000  -999
OBS: 7311  56602.105    49.00   0.0000e+00   3.8204e+01   1.4542e+00   0  J  0.00  1   !  -9.99000e+02  -99.000  -99.000  -999
OBS: 7311  56604.105    51.00   0.0000e+00   3.5790e+01   1.3953e+00   0  J  0.00  1   !  -9.99000e+02  -99.000  -99.000  -999
OBS: 7311  56606.105    53.00   0.0000e+00   3.3803e+01   1.3178e+00   0  J  0.00  1   !  -9.99000e+02  -99.000  -99.000  -999
OBS: 7311  56608.105    55.00   0.0000e+00   3.1609e+01   1.2152e+00   0  J  0.00  1   !  -9.99000e+02  -99.000  -99.000  -999
OBS: 7311  56610.105    57.00   0.0000e+00   2.9223e+01   1.2847e+00   0  J  0.00  1   !  -9.99000e+02  -99.000  -99.000  -999
OBS: 7311  56612.105    59.00   0.0000e+00   2.6869e+01   1.4517e+00   0  J  0.00  1   !  -9.99000e+02  -99.000  -99.000  -999
OBS: 7311  56614.105    61.00   0.0000e+00   2.4650e+01   1.5465e+00   0  J  0.00  1   !  -9.99000e+02  -99.000  -99.000  -999
OBS: 7311  56616.105    63.00   0.0000e+00   2.2661e+01   1.4584e+00   0  J  0.00  1   !  -9.99000e+02  -99.000  -99.000  -999
OBS: 7311  56618.105    65.00   0.0000e+00   2.0945e+01   1.2869e+00   0  J  0.00  1   !  -9.99000e+02  -99.000  -99.000  -999
OBS: 7311  56620.105    67.00   0.0000e+00   1.9457e+01   1.1288e+00   0  J  0.00  1   !  -9.99000e+02  -99.000  -99.000  -999
OBS: 7311  56622.105    69.00   0.0000e+00   1.8137e+01   1.0349e+00   0  J  0.00  1   !  -9.99000e+02  -99.000  -99.000  -999
OBS: 7311  56624.105    71.00   0.0000e+00   1.6837e+01   9.6284e-01   0  J  0.00  1   !  -9.99000e+02  -99.000  -99.000  -999
OBS: 7311  56626.105    73.00   0.0000e+00   1.5484e+01   9.1670e-01   0  J  0.00  1   !  -9.99000e+02  -99.000  -99.000  -999
OBS: 7311  56628.105    75.00   0.0000e+00   1.4152e+01   9.1206e-01   0  J  0.00  1   !  -9.99000e+02  -99.000  -99.000  -999
OBS: 7311  56630.105    77.00   0.0000e+00   1.3033e+01   9.7013e-01   0  J  0.00  1   !  -9.99000e+02  -99.000  -99.000  -999
OBS: 7311  56632.105    79.00   0.0000e+00   1.2292e+01   1.0165e+00   0  J  0.00  1   !  -9.99000e+02  -99.000  -99.000  -999
OBS: 7311  56634.105    81.00   0.0000e+00   1.1585e+01   9.8649e-01   0  J  0.00  1   !  -9.99000e+02  -99.000  -99.000  -999
OBS: 7311  56636.105    83.00   0.0000e+00   1.0942e+01   9.3814e-01   0  J  0.00  1   !  -9.99000e+02  -99.000  -99.000  -999
OBS: 7311  56638.105    85.00   0.0000e+00   1.0368e+01   1.0146e+00   0  J  0.00  1   !  -9.99000e+02  -99.000  -99.000  -999
OBS: 7311  56640.105    87.00   0.0000e+00   9.7446e+00   1.1920e+00   0  J  0.00  1   !  -9.99000e+02  -99.000  -99.000  -999
OBS: 7311  56642.105    89.00   0.0000e+00   8.6827e+00   1.2487e+00   0  J  0.00  1   !  -9.99000e+02  -99.000  -99.000  -999
OBS: 7311  56644.105    91.00   0.0000e+00   7.7407e+00   1.1566e+00   0  J  0.00  1   !  -9.99000e+02  -99.000  -99.000  -999
OBS: 7311  56646.105    93.00   0.0000e+00   6.9682e+00   1.0120e+00   0  J  0.00  1   !  -9.99000e+02  -99.000  -99.000  -999
OBS: 7311  56648.105    95.00   0.0000e+00   6.3203e+00   1.1081e+00   0  J  0.00  1   !  -9.99000e+02  -99.000  -99.000  -999
OBS: 7311  56650.105    97.00   0.0000e+00   5.7762e+00   2.0283e+00   0  J  0.00  1   !  -9.99000e+02  -99.000  -99.000  -999
OBS: 7311  56652.105    99.00   0.0000e+00   5.3176e+00   3.2007e+00   0  J  0.00  1   !  -9.99000e+02  -99.000  -99.000  -999
OBS: 7311  56654.105   101.00   0.0000e+00   4.9204e+00   2.9616e+00   0  J  0.00  1   !  -9.99000e+02  -99.000  -99.000  -999
OBS: 7311  56656.105   103.00   0.0000e+00   4.5669e+00   2.7489e+00   0  J  0.00  1   !  -9.99000e+02  -99.000  -99.000  -999
OBS: 7311  56658.105   105.00   0.0000e+00   4.2454e+00   2.5554e+00   0  J  0.00  1   !  -9.99000e+02  -99.000  -99.000  -999
OBS: 7311  56660.105   107.00   0.0000e+00   3.9463e+00   2.3753e+00   0  J  0.00  1   !  -9.99000e+02  -99.000  -99.000  -999
OBS: 7311  56662.105   109.00   0.0000e+00   3.6477e+00   2.1956e+00   0  J  0.00  1   !  -9.99000e+02  -99.000  -99.000  -999
OBS: 7311  56664.105   111.00   0.0000e+00   3.3714e+00   2.0293e+00   0  J  0.00  1   !  -9.99000e+02  -99.000  -99.000  -999
OBS: 7311  56666.105   113.00   0.0000e+00   3.1180e+00   1.8767e+00   0  J  0.00  1   !  -9.99000e+02  -99.000  -99.000  -999
OBS: 7311  56668.105   115.00   0.0000e+00   2.8852e+00   1.7366e+00   0  J  0.00  1   !  -9.99000e+02  -99.000  -99.000  -999
OBS: 7311  56670.105   117.00   0.0000e+00   2.6704e+00   1.6073e+00   0  J  0.00  1   !  -9.99000e+02  -99.000  -99.000  -999
OBS: 7311  56672.105   119.00   0.0000e+00   2.4737e+00   1.4890e+00   0  J  0.00  1   !  -9.99000e+02  -99.000  -99.000  -999
OBS: 7311  56674.105   121.00   0.0000e+00   2.2922e+00   1.3797e+00   0  J  0.00  1   !  -9.99000e+02  -99.000  -99.000  -999
OBS: 7311  56676.105   123.00   0.0000e+00   2.1331e+00   1.2839e+00   0  J  0.00  1   !  -9.99000e+02  -99.000  -99.000  -999
OBS: 7311  56678.105   125.00   0.0000e+00   2.0046e+00   1.2066e+00   0  J  0.00  1   !  -9.99000e+02  -99.000  -99.000  -999
OBS: 7311  56680.105   127.00   0.0000e+00   1.8839e+00   1.1340e+00   0  J  0.00  1   !  -9.99000e+02  -99.000  -99.000  -999
OBS: 7311  56682.105   129.00   0.0000e+00   1.7707e+00   1.0658e+00   0  J  0.00  1   !  -9.99000e+02  -99.000  -99.000  -999
OBS: 7311  56684.105   131.00   0.0000e+00   1.6643e+00   1.0018e+00   0  J  0.00  1   !  -9.99000e+02  -99.000  -99.000  -999
OBS: 7311  56686.105   133.00   0.0000e+00   1.5644e+00   9.4166e-01   0  J  0.00  1   !  -9.99000e+02  -99.000  -99.000  -999
OBS: 7311  56688.105   135.00   0.0000e+00   1.4707e+00   8.8522e-01   0  J  0.00  1   !  -9.99000e+02  -99.000  -99.000  -999
OBS: 7311  56690.105   137.00   0.0000e+00   1.3824e+00   8.3210e-01   0  J  0.00  1   !  -9.99000e+02  -99.000  -99.000  -999
OBS: 7311  56692.105   139.00   0.0000e+00   1.2993e+00   7.8204e-01   0  J  0.00  1   !  -9.99000e+02  -99.000  -99.000  -999
OBS: 7311  56587.387    34.28   2.6792e+01   2.7654e+01   4.5738e-01   1  H  0.66  1   Y  2.22150e+18  0.363  1.051  1.00000e+11
OBS: 7311  56593.492    40.39   3.2526e+01   3.2963e+01   4.7583e-01   1  H  0.09  1   Y  2.66357e+18  0.369  1.169  1.00000e+11
OBS: 7311  56601.391    48.29   3.6535e+01   3.6470e+01   4.8877e-01   1  H  0.02  1   Y  2.92986e+18  0.363  3.923  1.00000e+11
OBS: 7311  56611.621    58.51   2.9881e+01   2.9918e+01   4.6602e-01   1  H  0.01  1   Y  2.47063e+18  0.393  1.195  1.00000e+11
OBS: 7311  56494.105   -59.00   0.0000e+00   0.0000e+00   0.0000e+00   0  H  0.00  1   !  -9.99000e+02  -99.000  -99.000  -999
OBS: 7311  56496.105   -57.00   0.0000e+00   0.0000e+00   0.0000e+00   0  H  0.00  1   !  -9.99000e+02  -99.000  -99.000  -999
OBS: 7311  56498.105   -55.00   0.0000e+00   0.0000e+00   0.0000e+00   0  H  0.00  1   !  -9.99000e+02  -99.000  -99.000  -999
OBS: 7311  56500.105   -53.00   0.0000e+00   0.0000e+00   0.0000e+00   0  H  0.00  1   !  -9.99000e+02  -99.000  -99.000  -999
OBS: 7311  56502.105   -51.00   0.0000e+00   0.0000e+00   0.0000e+00   0  H  0.00  1   !  -9.99000e+02  -99.000  -99.000  -999
OBS: 7311  56504.105   -49.00   0.0000e+00   0.0000e+00   0.0000e+00   0  H  0.00  1   !  -9.99000e+02  -99.000  -99.000  -999
OBS: 7311  56506.105   -47.00   0.0000e+00   0.0000e+00   0.0000e+00   0  H  0.00  1   !  -9.99000e+02  -99.000  -99.000  -999
OBS: 7311  56508.105   -45.00   0.0000e+00   0.0000e+00   0.0000e+00   0  H  0.00  1   !  -9.99000e+02  -99.000  -99.000  -999
OBS: 7311  56510.105   -43.00   0.0000e+00   0.0000e+00   0.0000e+00   0  H  0.00  1   !  -9.99000e+02  -99.000  -99.000  -999
OBS: 7311  56512.105   -41.00   0.0000e+00   0.0000e+00   0.0000e+00   0  H  0.00  1   !  -9.99000e+02  -99.000  -99.000  -999
OBS: 7311  56514.105   -39.00   0.0000e+00   0.0000e+00   0.0000e+00   0  H  0.00  1   !  -9.99000e+02  -99.000  -99.000  -999
OBS: 7311  56516.105   -37.00   0.0000e+00   0.0000e+00   0.0000e+00   0  H  0.00  1   !  -9.99000e+02  -99.000  -99.000  -999
OBS: 7311  56518.105   -35.00   0.0000e+00   0.0000e+00   0.0000e+00   0  H  0.00  1   !  -9.99000e+02  -99.000  -99.000  -999
OBS: 7311  56520.105   -33.00   0.0000e+00   0.0000e+00   0.0000e+00   0  H  0.00  1   !  -9.99000e+02  -99.000  -99.000  -999
OBS: 7311  56522.105   -31.00   0.0000e+00   0.0000e+00   0.0000e+00   0  H  0.00  1   !  -9.99000e+02  -99.000  -99.000  -999
OBS: 7311  56524.105   -29.00   0.0000e+00   0.0000e+00   0.0000e+00   0  H  0.00  1   !  -9.99000e+02  -99.000  -99.000  -999
OBS: 7311  56526.105   -27.00   0.0000e+00   7.7777e+00   4.6815e+00   0  H  0.00  1   !  -9.99000e+02  -99.000  -99.000  -999
OBS: 7311  56528.105   -25.00   0.0000e+00   8.0447e+00   4.8422e+00   0  H  0.00  1   !  -9.99000e+02  -99.000  -99.000  -999
OBS: 7311  56530.105   -23.00   0.0000e+00   8.0663e+00   4.8552e+00   0  H  0.00  1   !  -9.99000e+02  -99.000  -99.000  -999
OBS: 7311  56532.105   -21.00   0.0000e+00   9.5600e+00   4.4740e+00   0  H  0.00  1   !  -9.99000e+02  -99.000  -99.000  -999
OBS: 7311  56534.105   -19.00   0.0000e+00   1.5042e+01   2.3080e+00   0  H  0.00  1   !  -9.99000e+02  -99.000  -99.000  -999
OBS: 7311  56536.105   -17.00   0.0000e+00   2.0915e+01   1.5493e+00   0  H  0.00  1   !  -9.99000e+02  -99.000  -99.000  -999
OBS: 7311  56538.105   -15.00   0.0000e+00   2.6344e+01   1.1259e+00   0  H  0.00  1   !  -9.99000e+02  -99.000  -99.000  -999
OBS: 7311  56540.105   -13.00   0.0000e+00   3.1067e+01   9.2084e-01   0  H  0.00  1   !  -9.99000e+02  -99.000  -99.000  -999
OBS: 7311  56542.105   -11.00   0.0000e+00   3.4451e+01   8.5103e-01   0  H  0.00  1   !  -9.99000e+02  -99.000  -99.000  -999
OBS: 7311  56544.105    -9.00   0.0000e+00   3.6742e+01   8.6941e-01   0  H  0.00  1   !  -9.99000e+02  -99.000  -99.000  -999
OBS: 7311  56546.105    -7.00   0.0000e+00   3.7820e+01   9.6270e-01   0  H  0.00  1   !  -9.99000e+02  -99.000  -99.000  -999
OBS: 7311  56548.105    -5.00   0.0000e+00   3.7542e+01   9.8248e-01   0  H  0.00  1   !  -9.99000e+02  -99.000  -99.000  -999
OBS: 7311  56550.105    -3.00   0.0000e+00   3.6164e+01   8.9061e-01   0  H  0.00  1   !  -9.99000e+02  -99.000  -99.000  -999
OBS: 7311  56552.105    -1.00   0.0000e+00   3.3843e+01   8.5503e-01   0  H  0.00  1   !  -9.99000e+02  -99.000  -99.000  -999
OBS: 7311  56554.105     1.00   0.0000e+00   3.0690e+01   9.0110e-01   0  H  0.00  1   !  -9.99000e+02  -99.000  -99.000  -999
OBS: 7311  56556.105     3.00   0.0000e+00   2.7378e+01   9.8246e-01   0  H  0.00  1   !  -9.99000e+02  -99.000  -99.000  -999
OBS: 7311  56558.105     5.00   0.0000e+00   2.4431e+01   9.9308e-01   0  H  0.00  1   !  -9.99000e+02  -99.000  -99.000  -999
OBS: 7311  56560.105     7.00   0.0000e+00   2.2013e+01   9.1504e-01   0  H  0.00  1   !  -9.99000e+02  -99.000  -99.000  -999
OBS: 7311  56562.105     9.00   0.0000e+00   1.9913e+01   8.3593e-01   0  H  0.00  1   !  -9.99000e+02  -99.000  -99.000  -999
OBS: 7311  56564.105    11.00   0.0000e+00   1.8196e+01   8.2693e-01   0  H  0.00  1   !  -9.99000e+02  -99.000  -99.000  -999
OBS: 7311  56566.105    13.00   0.0000e+00   1.6973e+01   8.8164e-01   0  H  0.00  1   !  -9.99000e+02  -99.000  -99.000  -999
OBS: 7311  56568.105    15.00   0.0000e+00   1.6312e+01   9.0833e-01   0  H  0.00  1   !  -9.99000e+02  -99.000  -99.000  -999
OBS: 7311  56570.105    17.00   0.0000e+00   1.6126e+01   8.9872e-01   0  H  0.00  1   !  -9.99000e+02  -99.000  -99.000  -999
OBS: 7311  56572.105    19.00   0.0000e+00   1.6451e+01   8.7258e-01   0  H  0.00  1   !  -9.99000e+02  -99.000  -99.000  -999
OBS: 7311  56574.105    21.00   0.0000e+00   1.7103e+01   8.2553e-01   0  H  0.00  1   !  -9.99000e+02  -99.000  -99.000  -999
OBS: 7311  56576.105    23.00   0.0000e+00   1.7923e+01   8.2317e-01   0  H  0.00  1   !  -9.99000e+02  -99.000  -99.000  -999
OBS: 7311  56578.105    25.00   0.0000e+00   1.9044e+01   8.0615e-01   0  H  0.00  1   !  -9.99000e+02  -99.000  -99.000  -999
OBS: 7311  56580.105    27.00   0.0000e+00   2.0434e+01   7.3872e-01   0  H  0.00  1   !  -9.99000e+02  -99.000  -99.000  -999
OBS: 7311  56582.105    29.00   0.0000e+00   2.2096e+01   6.7502e-01   0  H  0.00  1   !  -9.99000e+02  -99.000  -99.000  -999
OBS: 7311  56584.105    31.00   0.0000e+00   2.3914e+01   7.0680e-01   0  H  0.00  1   !  -9.99000e+02  -99.000  -99.000  -999
OBS: 7311  56586.105    33.00   0.0000e+00   2.5747e+01   7.8012e-01   0  H  0.00  1   !  -9.99000e+02  -99.000  -99.000  -999
OBS: 7311  56588.105    35.00   0.0000e+00   2.7544e+01   8.3141e-01   0  H  0.00  1   !  -9.99000e+02  -99.000  -99.000  -999
OBS: 7311  56590.105    37.00   0.0000e+00   2.9437e+01   8.4250e-01   0  H  0.00  1   !  -9.99000e+02  -99.000  -99.000  -999
OBS: 7311  56592.105    39.00   0.0000e+00   3.1390e+01   8.4880e-01   0  H  0.00  1   !  -9.99000e+02  -99.000  -99.000  -999
OBS: 7311  56594.105    41.00   0.0000e+00   3.3164e+01   9.3567e-01   0  H  0.00  1   !  -9.99000e+02  -99.000  -99.000  -999
OBS: 7311  56596.105    43.00   0.0000e+00   3.4676e+01   1.0596e+00   0  H  0.00  1   !  -9.99000e+02  -99.000  -99.000  -999
OBS: 7311  56598.105    45.00   0.0000e+00   3.5781e+01   1.1915e+00   0  H  0.00  1   !  -9.99000e+02  -99.000  -99.000  -999
OBS: 7311  56600.105    47.00   0.0000e+00   3.6470e+01   1.2650e+00   0  H  0.00  1   !  -9.99000e+02  -99.000  -99.000  -999
OBS: 7311  56602.105    49.00   0.0000e+00   3.6695e+01   1.2424e+00   0  H  0.00  1   !  -9.99000e+02  -99.000  -99.000  -999
OBS: 7311  56604.105    51.00   0.0000e+00   3.6334e+01   1.2089e+00   0  H  0.00  1   !  -9.99000e+02  -99.000  -99.000  -999
OBS: 7311  56606.105    53.00   0.0000e+00   3.5401e+01   1.2805e+00   0  H  0.00  1   !  -9.99000e+02  -99.000  -99.000  -999
OBS: 7311  56608.105    55.00   0.0000e+00   3.3869e+01   1.3593e+00   0  H  0.00  1   !  -9.99000e+02  -99.000  -99.000  -999
OBS: 7311  56610.105    57.00   0.0000e+00   3.1768e+01   1.3439e+00   0  H  0.00  1   !  -9.99000e+02  -99.000  -99.000  -999
OBS: 7311  56612.105    59.00   0.0000e+00   2.9454e+01   1.1883e+00   0  H  0.00  1   !  -9.99000e+02  -99.000  -99.000  -999
OBS: 7311  56614.105    61.00   0.0000e+00   2.7193e+01   9.9385e-01   0  H  0.00  1   !  -9.99000e+02  -99.000  -99.000  -999
OBS: 7311  56616.105    63.00   0.0000e+00   2.5278e+01   8.2824e-01   0  H  0.00  1   !  -9.99000e+02  -99.000  -99.000  -999
OBS: 7311  56618.105    65.00   0.0000e+00   2.3780e+01   7.2116e-01   0  H  0.00  1   !  -9.99000e+02  -99.000  -99.000  -999
OBS: 7311  56620.105    67.00   0.0000e+00   2.2587e+01   6.6006e-01   0  H  0.00  1   !  -9.99000e+02  -99.000  -99.000  -999
OBS: 7311  56622.105    69.00   0.0000e+00   2.1403e+01   6.6279e-01   0  H  0.00  1   !  -9.99000e+02  -99.000  -99.000  -999
OBS: 7311  56624.105    71.00   0.0000e+00   2.0076e+01   7.3432e-01   0  H  0.00  1   !  -9.99000e+02  -99.000  -99.000  -999
OBS: 7311  56626.105    73.00   0.0000e+00   1.8575e+01   8.0694e+00   0  H  0.00  1   !  -9.99000e+02  -99.000  -99.000  -999
OBS: 7311  56628.105    75.00   0.0000e+00   1.7032e+01   1.0251e+01   0  H  0.00  1   !  -9.99000e+02  -99.000  -99.000  -999
OBS: 7311  56630.105    77.00   0.0000e+00   1.5499e+01   9.3288e+00   0  H  0.00  1   !  -9.99000e+02  -99.000  -99.000  -999
OBS: 7311  56632.105    79.00   0.0000e+00   1.4064e+01   8.4650e+00   0  H  0.00  1   !  -9.99000e+02  -99.000  -99.000  -999
OBS: 7311  56634.105    81.00   0.0000e+00   1.2811e+01   7.7109e+00   0  H  0.00  1   !  -9.99000e+02  -99.000  -99.000  -999
OBS: 7311  56636.105    83.00   0.0000e+00   1.1769e+01   7.0836e+00   0  H  0.00  1   !  -9.99000e+02  -99.000  -99.000  -999
OBS: 7311  56638.105    85.00   0.0000e+00   1.0922e+01   6.5742e+00   0  H  0.00  1   !  -9.99000e+02  -99.000  -99.000  -999
OBS: 7311  56640.105    87.00   0.0000e+00   1.0084e+01   6.0694e+00   0  H  0.00  1   !  -9.99000e+02  -99.000  -99.000  -999
OBS: 7311  56642.105    89.00   0.0000e+00   8.8009e+00   5.2974e+00   0  H  0.00  1   !  -9.99000e+02  -99.000  -99.000  -999
OBS: 7311  56644.105    91.00   0.0000e+00   7.7727e+00   4.6785e+00   0  H  0.00  1   !  -9.99000e+02  -99.000  -99.000  -999
OBS: 7311  56646.105    93.00   0.0000e+00   6.9364e+00   4.1751e+00   0  H  0.00  1   !  -9.99000e+02  -99.000  -99.000  -999
OBS: 7311  56648.105    95.00   0.0000e+00   6.2098e+00   3.7378e+00   0  H  0.00  1   !  -9.99000e+02  -99.000  -99.000  -999
OBS: 7311  56650.105    97.00   0.0000e+00   5.5994e+00   3.3703e+00   0  H  0.00  1   !  -9.99000e+02  -99.000  -99.000  -999
OBS: 7311  56652.105    99.00   0.0000e+00   5.0707e+00   3.0521e+00   0  H  0.00  1   !  -9.99000e+02  -99.000  -99.000  -999
OBS: 7311  56654.105   101.00   0.0000e+00   4.6033e+00   2.7708e+00   0  H  0.00  1   !  -9.99000e+02  -99.000  -99.000  -999
OBS: 7311  56656.105   103.00   0.0000e+00   4.1758e+00   2.5135e+00   0  H  0.00  1   !  -9.99000e+02  -99.000  -99.000  -999
OBS: 7311  56658.105   105.00   0.0000e+00   3.7807e+00   2.2756e+00   0  H  0.00  1   !  -9.99000e+02  -99.000  -99.000  -999
OBS: 7311  56660.105   107.00   0.0000e+00   3.4200e+00   2.0585e+00   0  H  0.00  1   !  -9.99000e+02  -99.000  -99.000  -999
OBS: 7311  56662.105   109.00   0.0000e+00   3.1210e+00   1.8786e+00   0  H  0.00  1   !  -9.99000e+02  -99.000  -99.000  -999
OBS: 7311  56664.105   111.00   0.0000e+00   2.8478e+00   1.7141e+00   0  H  0.00  1   !  -9.99000e+02  -99.000  -99.000  -999
OBS: 7311  56666.105   113.00   0.0000e+00   2.5980e+00   1.5638e+00   0  H  0.00  1   !  -9.99000e+02  -99.000  -99.000  -999
OBS: 7311  56668.105   115.00   0.0000e+00   2.3697e+00   1.4263e+00   0  H  0.00  1   !  -9.99000e+02  -99.000  -99.000  -999
OBS: 7311  56670.105   117.00   0.0000e+00   2.1609e+00   1.3007e+00   0  H  0.00  1   !  -9.99000e+02  -99.000  -99.000  -999
OBS: 7311  56672.105   119.00   0.0000e+00   1.9700e+00   1.1858e+00   0  H  0.00  1   !  -9.99000e+02  -99.000  -99.000  -999
OBS: 7311  56674.105   121.00   0.0000e+00   1.7956e+00   1.0808e+00   0  H  0.00  1   !  -9.99000e+02  -99.000  -99.000  -999
OBS: 7311  56676.105   123.00   0.0000e+00   1.6365e+00   9.8502e-01   0  H  0.00  1   !  -9.99000e+02  -99.000  -99.000  -999
OBS: 7311  56678.105   125.00   0.0000e+00   1.4935e+00   8.9895e-01   0  H  0.00  1   !  -9.99000e+02  -99.000  -99.000  -999
OBS: 7311  56680.105   127.00   0.0000e+00   1.3630e+00   8.2041e-01   0  H  0.00  1   !  -9.99000e+02  -99.000  -99.000  -999
OBS: 7311  56682.105   129.00   0.0000e+00   1.2439e+00   7.4872e-01   0  H  0.00  1   !  -9.99000e+02  -99.000  -99.000  -999
OBS: 7311  56684.105   131.00   0.0000e+00   1.1352e+00   6.8330e-01   0  H  0.00  1   !  -9.99000e+02  -99.000  -99.000  -999
OBS: 7311  56686.105   133.00   0.0000e+00   1.0360e+00   6.2360e-01   0  H  0.00  1   !  -9.99000e+02  -99.000  -99.000  -999
OBS: 7311  56688.105   135.00   0.0000e+00   9.4551e-01   5.6911e-01   0  H  0.00  1   !  -9.99000e+02  -99.000  -99.000  -999
OBS: 7311  56690.105   137.00   0.0000e+00   8.6290e-01   5.1939e-01   0  H  0.00  1   !  -9.99000e+02  -99.000  -99.000  -999
OBS: 7311  56692.105   139.00   0.0000e+00   7.8750e-01   4.7401e-01   0  H  0.00  1   !  -9.99000e+02  -99.000  -99.000  -999
