# VERSION_SNANA      = v11_02g 
# VERSION_PHOTOMETRY = CfAIR2 
# SNANA_VERSION : v11_02g 
# TABLE NAME: FITRES 
# 
VARNAMES:  CID IDSURVEY TYPE FIELD CUTFLAG_SNANA zHEL zHELERR zCMB zCMBERR zHD zHDERR VPEC VPECERR MWEBV HOST_LOGMASS HOST_LOGMASS_ERR HOST_sSFR HOST_sSFR_ERR SNRMAX1 SNRMAX2 SNRMAX3 PKMJD PKMJDERR STRETCH STRETCHERR AV AVERR RV RVERR DLMAG DLMAGERR COV_STRETCH_AV COV_STRETCH_DLMAG COV_AV_DLMAG NDOF FITCHI2 FITPROB 
#
SN: 1999ek 69 0 NULL 3 0.01757 0.00010 0.01765 0.00010 0.01769 0.00085 -1.18070e+01 250 0.48900 11.35000 3.50000 -9 -9 1085.23438 98.70741 77.55346 51482.660 0.068 0.89377 4.58375e-03 0.76591 4.19994e-02 3.10000 0 34.08339 7.89803e-03 1.12753e-05 1.67989e-06 1.10994e-04 154 640.19781 0
SN: 2001bt 69 0 NULL 3 0.01464 0.00010 0.01445 0.00010 0.01403 0.00085 124.32200 250 5.60000e-02 10 3 -9 -9 71.88363 53.78823 -99 52064.270 0.053 1.17077 6.20038e-04 -2 0.23168 3.10000 0 34.54694 1.52063e-02 6.00558e-15 -8.06504e-11 -6.60624e-08 30 133.31889 1.19029e-14
SN: 2001cz 69 0 NULL 3 0.01549 0.00010 0.01645 0.00010 0.01577 0.00085 199.12900 250 7.90000e-02 10 3 -9 -9 17.30364 8.48233 -99 52105.145 0.520 0.95590 3.56972e-02 -1.38864e+00 0.49739 3.10000 0 34.35592 0.13847 -1.45661e-03 8.62537e-04 -6.74573e-02 18 25.63781 0.14060
SN: 2001el 69 0 NULL 3 0.00390 0.00010 0.00368 0.00010 0.00326 0.00084 124.51800 250 1.20000e-02 10 3 -9 -9 56.64553 53.78845 -99 52182.996 0.105 0.96025 8.56815e-03 -1.01013e+00 0.15052 3.10000 0 31.57228 3.81429e-02 -1.28984e-04 9.59132e-05 -5.48211e-03 36 96.51087 3.29342e-07
SN: 2004S 69 0 NULL 3 0.00930 0.00010 0.00979 0.00010 0.00884 0.00085 282.82800 250 8.60000e-02 10 3 -9 -9 108.07439 89.97894 -99 53040.707 0.266 0.92621 1.15508e-02 -1.51364e+00 0.28539 3.10000 0 33.47772 6.29914e-02 -6.11484e-04 2.97641e-04 -1.69541e-02 14 21.59438 0.11889
SN: 2005cf 69 0 NULL 3 0.00643 0.00010 0.00702 0.00010 0.00712 0.00085 -2.94330e+01 250 8.40000e-02 9.24700 4.06600 -9 -9 180.45726 120.13811 108.07485 53534.055 0.019 0.97121 3.38058e-03 5.52461e-02 3.21104e-02 3.10000 0 32.29855 6.25247e-03 -6.48181e-06 3.68344e-06 -1.50199e-05 140 1195.43286 0
SN: 2006N 69 0 NULL 3 0.01428 0.00010 0.01427 0.00010 0.01433 0.00085 -1.90450e+01 250 8.30000e-02 10.54400 0.43700 -9 -9 120.13808 120.13805 108.07439 53761.129 0.084 0.78306 1.59855e-03 0.16961 4.65516e-02 3.10000 0 34.06014 1.10431e-02 -7.45054e-07 -5.81110e-07 -2.01092e-04 113 330.22256 3.79191e-23
SN: 2006cp 69 0 NULL 3 0.02229 0.00010 0.02332 0.00010 0.02419 0.00086 -2.54755e+02 250 2.30000e-02 10.18300 0.35200 -9 -9 71.88363 71.88360 67.35949 53897.496 0.055 1.03692 1.53549e-04 0.18227 2.12379e-02 3.10000 0 34.87701 1.84616e-02 3.31214e-10 6.36551e-10 -3.08261e-04 46 326.59439 6.02558e-44
SN: 2006lf 69 0 NULL 3 0.01319 0.00010 0.01296 0.00010 0.01390 0.00085 -2.80428e+02 250 0.82400 10.71700 3.13700 -9 -9 83.01931 77.05388 67.35957 54045.328 0.056 0.80154 3.27380e-03 0.35215 0.11138 3.10000 0 33.45244 1.75256e-02 -3.19861e-08 4.64980e-09 -1.48576e-03 167 401.74646 2.20908e-21
SN: 2007co 69 0 NULL 3 0.02696 0.00010 0.02656 0.00010 0.02559 0.00086 283.19299 250 9.70000e-02 10.36600 3.81800 -9 -9 89.97893 83.01925 71.88343 54263.727 0.056 1.12462 1.93738e-03 0.35891 2.58438e-02 3.10000 0 35.07864 9.51019e-03 -1.77631e-06 2.09312e-06 -5.49661e-05 131 1855.90210 0
SN: 2007cq 69 0 NULL 3 0.02604 0.00010 0.02484 0.00010 0.02453 0.00086 90.21600 250 9.30000e-02 10.08500 0.13900 -9 -9 83.01929 77.05364 67.35963 54281.035 0.062 0.90824 8.36536e-03 3.16454e-02 4.41077e-02 3.10000 0 34.89113 1.35102e-02 1.06182e-05 3.12844e-06 -1.72983e-04 58 314.32217 6.97952e-37
SN: 2007qe 69 0 NULL 3 0.02396 0.00010 0.02282 0.00010 0.02211 0.00086 206.63200 250 3.30000e-02 9.13200 0.37500 -9 -9 83.01926 71.88356 67.35976 54429.125 0.045 1.18000 0.30000 9.79428e-02 1.81171e-02 3.10000 0 35.08945 1.22723e-02 -5.32507e-10 7.30541e-10 -1.30867e-04 110 715.84979 0
SN: 2008af 69 0 NULL 3 0.03342 0.00010 0.03402 0.00010 0.03405 0.00087 -8.84000e+00 250 2.90000e-02 11.38300 0.43600 -9 -9 77.05376 77.05341 63.36818 54496.934 0.303 1.17345 2.08174e-02 -1.89220e-01 5.02969e-02 3.10000 0 36.07087 4.03903e-02 -4.51201e-04 5.50901e-04 -1.79940e-03 67 309.15533 8.68643e-33
SN: 2008gb 69 0 NULL 3 0.03700 0.00010 0.03643 0.00010 0.03413 0.00087 667.03101 250 0.17100 10.26800 4.49500 -9 -9 56.64547 34.72214 34.12954 54746.672 0.387 0.99954 1.82056e-02 0.25244 8.79817e-02 3.10000 0 35.88887 3.23156e-02 -3.17413e-04 2.98297e-04 -1.11525e-03 77 83.06680 0.29805
SN: 2008hm 69 0 NULL 3 0.01966 0.00010 0.01918 0.00010 0.01752 0.00086 489.93201 250 0.38100 9.90000 4.33900 -9 -9 89.97859 55.55564 53.76360 54804.953 0.142 0.99497 8.47783e-03 0.35006 7.46883e-02 3.10000 0 34.63118 1.86690e-02 4.22248e-07 1.59174e-05 5.00013e-04 110 349.57187 9.60257e-27
SN: 2008hs 69 0 NULL 3 0.01737 0.00010 0.01666 0.00010 0.01688 0.00085 -6.48240e+01 250 4.90000e-02 10.98800 3.10100 -9 -9 57.14300 56.64547 54.05400 54812.832 0.042 0.60697 6.92902e-03 0.43344 2.65559e-02 3.10000 0 34.70659 1.54459e-02 -4.04459e-05 -1.46177e-05 -3.05145e-04 87 351.20471 3.90357e-33
SN: 2009al 69 0 NULL 3 0.02211 0.00010 0.02329 0.00010 0.02327 0.00086 6.42600 250 2.10000e-02 10.84900 0.47700 -9 -9 59.88019 53.47589 52.08335 54897.715 0.028 0.84591 5.16104e-03 0.44193 1.86489e-02 3.10000 0 34.68839 1.30696e-02 2.75625e-05 -8.22617e-06 -1.71077e-04 104 631.44800 0
SN: 2009an 69 0 NULL 3 0.00922 0.00010 0.00956 0.00010 0.00843 0.00085 334.80801 250 1.60000e-02 10.95300 1.70000e-02 -9 -9 89.97894 71.88351 66.66673 54896.012 0.104 1.18923 2.38909e-04 0.28206 1.44583e-02 3.10000 0 33.41147 9.21565e-03 4.30062e-08 -1.48596e-08 -8.97862e-05 121 1390.07397 0
SN: 2009bv 69 0 NULL 3 0.03658 0.00010 0.03736 0.00010 0.03649 0.00087 252.78700 250 8.00000e-03 10.44000 0.34200 -9 -9 64.51610 63.29110 45.87158 54926.598 0.096 1.02814 1.42697e-02 -5.34217e-02 1.66107e-02 3.10000 0 36.15107 1.77641e-02 7.40236e-05 1.15581e-05 -2.62452e-04 80 518.00574 0
SN: 2009kk 69 0 NULL 3 0.01286 0.00010 0.01244 0.00010 0.01267 0.00085 -6.92510e+01 250 0.11800 10.24900 3.44200 -9 -9 68.02718 60.24102 57.80337 55127.762 0.141 0.82461 1.70934e-04 -1.37337e-01 5.35289e-02 3.10000 0 34.00733 1.92483e-02 -1.71179e-08 -9.07647e-09 -2.42485e-04 65 123.86091 1.50881e-05
SN: 2009kq 69 0 NULL 3 0.01170 0.00010 0.01247 0.00010 0.01222 0.00085 72.85200 250 3.50000e-02 10.18600 0.10400 -9 -9 108.07440 69.44462 58.47975 55155.219 0.117 0.97233 2.65605e-03 -1.23823e-01 2.77625e-02 3.10000 0 33.72966 1.93450e-02 2.34007e-06 1.32619e-06 -3.90735e-04 63 144.08795 2.70936e-08
SN: 2010ai 69 0 NULL 3 0.01837 0.00010 0.01927 0.00010 0.02066 0.00086 -4.09268e+02 250 8.00000e-03 9.11400 0.44800 -9 -9 62.89330 54.64487 53.47584 55277.293 0.026 0.84249 5.82436e-03 0.21731 2.15015e-02 3.10000 0 34.99482 1.82278e-02 8.16190e-05 -5.14790e-05 -3.68845e-04 113 252.44806 1.16193e-12
SN: 2010dw 69 0 NULL 3 0.03812 0.00010 0.03870 0.00010 0.03808 0.00087 178.43500 250 8.00000e-02 10.62200 4.04700 -9 -9 53.47605 53.47599 50.76125 55356.871 0.177 1.15667 2.18819e-02 0.36511 4.30420e-02 3.10000 0 35.81954 2.23625e-02 6.52960e-06 2.27720e-05 -4.80691e-04 39 125.98273 4.30756e-11
SN: 2010iw 69 0 NULL 3 0.02154 0.00010 0.02234 0.00010 0.02198 0.00086 107.27600 250 4.70000e-02 10 3 -9 -9 38.27834 14.17780 -99 55498.641 0.020 1.11077 8.03538e-04 -8.44180e-01 0.34105 3.10000 0 34.97412 9.28093e-02 3.09810e-04 -7.79840e-05 -3.10980e-02 28 17.29301 0.95743
SN: 2010kg 69 0 NULL 3 0.01663 0.00010 0.01644 0.00010 0.01587 0.00085 169.81000 250 0.13400 10 3 -9 -9 71.88357 9.28995 -99 55575.359 0.002 1.82493 0.10822 1.52715 0.51433 3.10000 0 34.42505 0.10949 1.23457e-03 1.16041e-04 -5.47557e-02 25 77.23878 5.54778e-07
SN: 2011B 69 0 NULL 3 0.00467 0.00010 0.00473 0.00010 0.00386 0.00084 258.47400 250 2.70000e-02 10 3 -9 -9 135.21776 71.88356 -99 55584.551 0.135 0.85170 8.76742e-03 -1.91554e+00 0.22812 3.10000 0 32.01823 5.33567e-02 1.22568e-04 1.25397e-04 -1.12591e-02 61 62.74693 0.44960
SN: 2011ao 69 0 NULL 3 0.01071 0.00010 0.01163 0.00010 0.01109 0.00085 160.02100 250 1.70000e-02 10 3 -9 -9 71.88377 33.43175 -99 55640.074 0.158 0.98832 1.15848e-02 -3.96982e-01 0.21089 3.10000 0 33.45552 4.89040e-02 -6.73354e-05 1.04528e-04 -9.90167e-03 40 93.34834 5.86841e-06
SN: 2011by 69 0 NULL 3 0.00284 0.00010 0.00340 0.00010 0.00366 0.00084 -7.54280e+01 250 1.20000e-02 10 3 -9 -9 44.74100 34.52604 -99 55691.527 0.180 0.92566 1.68619e-02 -1.51309e+00 0.27659 3.10000 0 32.15977 6.65767e-02 -5.44054e-04 3.55597e-04 -1.76070e-02 51 22.10004 0.99991
SN: 2011df 69 0 NULL 3 0.01455 0.00010 0.01403 0.00010 0.01301 0.00085 301.14999 250 0.11200 10 3 -9 -9 216.64792 22.12319 -99 55716.594 0.229 1.06258 2.51073e-02 -1.19514e+00 0.21423 3.10000 0 34.28616 5.51088e-02 -8.99354e-04 3.77791e-04 -1.10014e-02 42 37.01030 0.72766
SN: f20080514-002 69 0 NULL 3 0.02210 0.00010 0.02306 0.00010 0.02431 0.00086 -3.65552e+02 250 2.90000e-02 10 3 -9 -9 19.61038 8.48233 -99 54612.617 1.321 1.13385 6.11714e-03 -1.61101e+00 0.87995 3.10000 0 35.44733 0.19996 8.27583e-05 -5.29633e-06 -1.72647e-01 14 1.52976 1.00000
