# VERSION_SNANA      = v10_76e 
# VERSION_PHOTOMETRY = CSP_RAISIN_SIM 
# SNANA_VERSION : v10_76e 
# TABLE NAME: FITRES 
# 
VARNAMES:  CID IDSURVEY TYPE FIELD CUTFLAG_SNANA zHEL zHELERR zCMB zCMBERR zHD zHDERR VPEC VPECERR MWEBV HOST_LOGMASS HOST_LOGMASS_ERR HOST_sSFR HOST_sSFR_ERR SNRMAX1 SNRMAX2 SNRMAX3 PKMJD PKMJDERR STRETCH STRETCHERR AV AVERR RV RVERR DLMAG DLMAGERR COV_STRETCH_AV COV_STRETCH_DLMAG COV_AV_DLMAG NDOF FITCHI2 FITPROB SIM_TYPE_INDEX SIM_TEMPLATE_INDEX SIM_LIBID SIM_NGEN_LIBID SIM_ZCMB SIM_ZFLAG SIM_VPEC SIM_DLMAG SIM_PKMJD SIM_STRETCH SIM_AV SIMNULL1 SIM_RV SIM_x0 SIM_mB 
#
SN: 9460 5 1 NULL 1 0.06202 0.00000 0.06302 0.00000 0.06359 0.00000 161.53624 0 2.90000e-02 -9 -9 -9 -9 66.48105 66.46761 66.33458 54207.633 0.050 0.96628 5.02624e-03 -6.33743e-02 1.78797e-02 3.10000 0 37.22914 1.10600e-02 5.74954e-06 1.24672e-05 -1.19990e-04 75 254.17892 2.49884e-21 1 0 15 1 6.35590e-02 1 -1.61536e+02 37.27348 54207.551 0.95057 0.16134 -9 3.10041 -9 -9
SN: 4970 5 1 NULL 1 0.07177 0.00000 0.07114 0.00000 0.07083 0.00000 -8.59883e+01 0 7.20000e-02 -9 -9 -9 -9 66.47798 66.34011 66.29044 54002.129 0.087 1.01385 1.98798e-04 5.44658e-02 4.08608e-02 3.10000 0 37.50402 1.28464e-02 -1.72857e-08 2.14421e-08 -2.34455e-04 68 136.14159 1.83575e-06 1 0 66 1 7.08562e-02 1 85.98830 37.52562 54001.871 1.03269 0.19754 -9 3.09893 -9 -9
SN: 8451 5 1 NULL 1 0.02460 0.00000 0.02398 0.00000 0.02494 0.00000 280.61203 0 6.20000e-02 -9 -9 -9 -9 66.60172 66.53121 66.39198 54497.863 0.113 1.17077 2.07601e-03 0.43062 3.28999e-02 3.10000 0 35.10104 1.16533e-02 -1.60122e-07 1.08083e-06 -1.67080e-04 50 59.61451 0.16561 1 0 123 1 2.49185e-02 1 -2.80612e+02 35.18173 54497.590 1.19406 0.28641 -9 3.09938 -9 -9
SN: 2425 5 1 NULL 1 0.04255 0.00000 0.04354 0.00000 0.04414 0.00000 172.20641 0 3.70000e-02 -9 -9 -9 -9 66.46304 66.34222 66.23209 54559.598 0.038 0.77846 1.51479e-03 -1.48680e-01 2.06833e-02 3.10000 0 36.88735 1.09220e-02 1.94844e-06 -1.34438e-06 -1.22214e-04 66 81.53444 9.41598e-02 1 0 89 1 4.41142e-02 1 -1.72206e+02 36.45012 54559.578 0.78203 7.59052e-02 -9 3.09920 -9 -9
SN: 9283 5 1 NULL 1 0.04850 0.00000 0.04773 0.00000 0.04698 0.00000 -2.12838e+02 0 1.90000e-02 -9 -9 -9 -9 66.28146 66.15886 65.75396 54498.555 0.049 1.00462 7.59481e-05 0.56352 1.51067e-02 3.10000 0 36.42780 1.33257e-02 5.18610e-07 3.43364e-07 -1.55600e-04 56 127.48939 1.69971e-07 1 0 2 1 4.70159e-02 1 212.83772 36.59936 54498.570 1.01098 0.47021 -9 3.10133 -9 -9
SN: 10228 5 1 NULL 1 0.04801 0.00000 0.04893 0.00000 0.04821 0.00000 -2.05856e+02 0 2.60000e-02 -9 -9 -9 -9 66.58588 66.57139 66.55940 53358.027 0.059 0.98640 4.02007e-03 0.34125 1.45253e-02 3.10000 0 36.41289 8.29011e-03 -2.45052e-06 8.62055e-06 -6.37468e-05 159 137.85782 0.88586 1 0 100 1 4.82401e-02 1 205.85626 36.65356 53357.770 1.00423 0.12592 -9 3.09937 -9 -9
SN: 4308 5 1 NULL 1 0.07230 0.00000 0.07193 0.00000 0.07054 0.00000 -3.88386e+02 0 2.30000e-02 -9 -9 -9 -9 65.19156 64.52689 64.49036 53834.539 0.107 0.93322 5.04847e-03 0.19307 1.47948e-02 3.10000 0 37.35382 1.11810e-02 -9.25789e-06 1.81478e-05 -1.11134e-04 128 204.35878 2.07665e-05 1 0 14 1 7.06314e-02 1 388.38605 37.51990 53833.910 0.95437 0.31614 -9 3.09974 -9 -9
SN: 6824 5 1 NULL 1 0.07649 0.00000 0.07616 0.00000 0.07588 0.00000 -7.89185e+01 0 0.18400 -9 -9 -9 -9 64.35379 64.19221 63.27576 54885.613 0.050 0.96471 5.60459e-03 0.15076 5.71749e-02 3.10000 0 38.08251 1.34866e-02 -2.93184e-05 1.63947e-05 -1.75510e-04 80 121.13285 2.05705e-03 1 0 122 1 7.59006e-02 1 78.91853 37.68192 54885.520 0.96644 0.63615 -9 3.10014 -9 -9
SN: 6688 5 1 NULL 1 0.07299 0.00000 0.07183 0.00000 0.07200 0.00000 45.66110 0 3.10000e-02 -9 -9 -9 -9 66.60043 66.55576 66.55167 54395.645 0.057 0.93999 6.44300e-03 0.18013 2.23546e-02 3.10000 0 37.32278 1.82582e-02 1.79386e-05 -4.95302e-06 -3.10330e-04 35 61.68800 3.53751e-03 1 0 39 1 7.19856e-02 1 -4.56611e+01 37.56185 54395.660 0.93702 8.81111e-02 -9 3.09958 -9 -9
SN: 317 5 1 NULL 1 0.05305 0.00000 0.05211 0.00000 0.05320 0.00000 308.31216 0 3.00000e-02 -9 -9 -9 -9 66.60597 66.58868 66.58393 54359.516 0.081 0.98154 8.34533e-05 0.13178 1.95709e-02 3.10000 0 36.84940 1.41962e-02 -7.52977e-10 3.14399e-09 -1.91090e-04 44 104.29915 8.33645e-07 1 0 88 1 5.31433e-02 1 -3.08312e+02 36.87170 54359.781 0.96911 5.47733e-02 -9 3.10190 -9 -9
SN: 7370 5 1 NULL 1 0.07702 0.00000 0.07817 0.00000 0.07735 0.00000 -2.29524e+02 0 3.00000e-02 -9 -9 -9 -9 65.84063 65.82298 65.73372 54552.715 0.065 1.05208 7.25506e-03 0.17722 1.67698e-02 3.10000 0 37.71767 9.65409e-03 1.11233e-05 5.34761e-06 -8.91824e-05 113 283.16971 1.34298e-16 1 0 1 1 7.74052e-02 1 229.52443 37.72484 54552.730 1.03548 0.20508 -9 3.09893 -9 -9
SN: 9024 5 1 NULL 1 0.06960 0.00000 0.07074 0.00000 0.07030 0.00000 -1.25190e+02 0 2.50000e-02 -9 -9 -9 -9 66.25738 66.24981 65.48920 53484.598 0.059 0.93215 9.02097e-03 0.55509 2.27623e-02 3.10000 0 37.51825 2.04093e-02 -1.55305e-05 4.33317e-05 -3.93708e-04 33 18.56699 0.97965 1 0 51 1 7.03248e-02 1 125.18987 37.50513 53484.641 0.92209 0.60281 -9 3.09931 -9 -9
SN: 2667 5 1 NULL 1 0.03633 0.00000 0.03537 0.00000 0.03624 0.00000 254.02023 0 6.20000e-02 -9 -9 -9 -9 65.75452 65.67139 65.65199 53414.566 0.004 0.77680 4.32019e-03 0.62600 3.12272e-02 3.10000 0 35.67664 1.15526e-02 1.77710e-05 -1.49923e-05 -1.54396e-04 90 182.95905 2.64003e-08 1 0 37 1 3.62132e-02 1 -2.54020e+02 36.01254 53414.520 0.77734 0.11759 -9 3.09992 -9 -9
SN: 59 5 1 NULL 1 0.07710 0.00000 0.07802 0.00000 0.07743 0.00000 -1.65176e+02 0 2.20000e-02 -9 -9 -9 -9 65.50092 65.39862 65.36098 54942.758 0.098 0.97887 8.32833e-03 -1.36729e-01 1.63995e-02 3.10000 0 38.19746 1.29403e-02 3.19205e-05 -1.27864e-05 -1.60316e-04 67 83.08922 8.87355e-02 1 0 133 1 7.74730e-02 1 165.17552 37.72688 54942.531 0.97842 8.76300e-02 -9 3.10242 -9 -9
SN: 6459 5 1 NULL 1 0.07812 0.00000 0.07709 0.00000 0.07752 0.00000 119.70024 0 9.30000e-02 -9 -9 -9 -9 66.18235 66.10064 65.79427 53280.508 0.025 0.97157 3.18351e-03 -1.12438e-01 3.69377e-02 3.10000 0 37.77897 6.81815e-03 -1.29536e-05 2.79297e-06 -8.21049e-05 182 248.78505 7.37330e-04 1 0 49 1 7.74923e-02 1 -1.19700e+02 37.72946 53280.512 0.97326 5.01902e-02 -9 3.09991 -9 -9
SN: 8328 5 1 NULL 1 0.06570 0.00000 0.06448 0.00000 0.06466 0.00000 50.79958 0 0.11800 -9 -9 -9 -9 66.14252 66.13766 66.13679 53304.691 0.030 1.01532 2.54660e-03 0.17585 9.23196e-03 3.10000 0 37.09003 1.41867e-02 -4.21950e-07 5.16459e-06 -1.27006e-04 181 563.87451 6.53832e-41 1 0 97 1 6.46448e-02 1 -5.07996e+01 37.31722 53304.570 1.03249 0.26043 -9 3.09967 -9 -9
SN: 5526 5 1 NULL 1 0.06653 0.00000 0.06540 0.00000 0.06646 0.00000 297.70056 0 2.60000e-02 -9 -9 -9 -9 66.50404 66.49284 66.42608 53687.191 0.087 1.17077 6.58655e-05 0.33580 2.25979e-02 3.10000 0 36.97559 2.06634e-02 -2.61114e-09 3.15899e-09 -3.92755e-04 33 90.19997 3.26453e-07 1 0 10 1 6.63943e-02 1 -2.97701e+02 37.37600 53687.641 1.17585 4.09753e-02 -9 3.10007 -9 -9
SN: 4094 5 1 NULL 1 0.06254 0.00000 0.06365 0.00000 0.06229 0.00000 -3.83004e+02 0 2.70000e-02 -9 -9 -9 -9 66.19744 66.11778 66.04829 54818.805 0.032 0.90860 3.02573e-03 0.19037 1.40803e-02 3.10000 0 36.99625 7.30572e-03 4.94410e-06 2.82354e-06 -4.85157e-05 141 220.26154 2.21512e-05 1 0 61 1 6.23685e-02 1 383.00443 37.23409 54818.770 0.92911 4.53048e-03 -9 3.09911 -9 -9
SN: 611 5 1 NULL 1 0.03100 0.00000 0.03223 0.00000 0.03291 0.00000 196.59851 0 7.50000e-02 -9 -9 -9 -9 66.48627 66.44146 66.31644 54546.828 0.062 1.05539 1.05653e-03 0.87041 3.86582e-02 3.10000 0 36.03148 1.16317e-02 6.99531e-08 3.24703e-08 -1.61689e-04 60 72.87357 0.12298 1 0 108 1 3.28925e-02 1 -1.96599e+02 35.79415 54546.738 1.05488 0.89371 -9 3.10143 -9 -9
SN: 7690 5 1 NULL 1 0.07284 0.00000 0.07404 0.00000 0.07373 0.00000 -8.72270e+01 0 3.20000e-02 -9 -9 -9 -9 66.07491 66.06551 66.01969 54541.754 0.082 0.90772 3.49088e-03 6.49593e-02 1.92885e-02 3.10000 0 37.70360 1.05464e-02 -4.01781e-06 6.25070e-06 -1.20559e-04 97 195.93057 1.14440e-08 1 0 24 1 7.37483e-02 1 87.22697 37.61318 54541.738 0.90565 0.24314 -9 3.09809 -9 -9
SN: 5647 5 1 NULL 1 0.05802 0.00000 0.05922 0.00000 0.05936 0.00000 42.17512 0 3.50000e-02 -9 -9 -9 -9 66.20193 65.79006 65.59377 54130.082 0.009 0.94748 7.98367e-03 0.52515 2.70181e-02 3.10000 0 36.93807 1.42072e-02 1.15769e-04 -2.72645e-05 -2.58235e-04 45 104.96495 1.07281e-06 1 0 73 1 5.93572e-02 1 -4.21751e+01 37.11890 54129.789 0.93603 0.14167 -9 3.10034 -9 -9
SN: 9410 5 1 NULL 1 0.07326 0.00000 0.07284 0.00000 0.07391 0.00000 298.26633 0 2.10000e-02 -9 -9 -9 -9 66.05315 65.82302 65.54420 53700.793 0.052 1.03975 6.24366e-03 -1.88656e-01 1.33145e-02 3.10000 0 37.47091 9.92420e-03 2.24252e-06 1.23734e-05 -8.53488e-05 185 240.68054 3.67628e-03 1 0 119 1 7.38336e-02 1 -2.98266e+02 37.61650 53700.711 1.05137 5.20976e-02 -9 3.09845 -9 -9
SN: 5230 5 1 NULL 1 0.04173 0.00000 0.04285 0.00000 0.04400 0.00000 331.87195 0 2.30000e-02 -9 -9 -9 -9 66.59847 66.58690 66.55544 53363.844 0.077 1.04274 6.34203e-03 0.15149 1.49008e-02 3.10000 0 36.18982 1.04415e-02 -7.38554e-06 2.11362e-05 -1.01050e-04 136 82.73801 0.99991 1 0 132 1 4.39581e-02 1 -3.31872e+02 36.44081 53363.859 1.03387 0.24724 -9 3.10020 -9 -9
SN: 2503 5 1 NULL 1 0.04903 0.00000 0.04967 0.00000 0.05016 0.00000 141.05254 0 0.19500 -9 -9 -9 -9 66.05159 65.49161 64.83542 54812.859 0.050 0.85231 6.91655e-05 0.84256 5.13862e-02 3.10000 0 36.56138 8.57900e-03 3.78901e-08 1.16346e-09 1.24299e-05 121 273.21301 8.85399e-14 1 0 48 1 5.01419e-02 1 -1.41053e+02 36.73866 54812.852 0.85732 0.53537 -9 3.10111 -9 -9
SN: 7180 5 1 NULL 1 0.06342 0.00000 0.06472 0.00000 0.06506 0.00000 93.91557 0 4.80000e-02 -9 -9 -9 -9 66.39497 66.12508 66.12096 54575.473 0.168 1.02117 1.27675e-02 -1.77432e-01 3.21108e-02 3.10000 0 37.49255 2.10709e-02 7.47472e-05 -2.21363e-05 -4.83572e-04 37 72.70588 4.10430e-04 1 0 96 1 6.50358e-02 1 -9.39156e+01 37.32546 54575.691 1.00722 3.48203e-02 -9 3.09862 -9 -9
SN: 6738 5 1 NULL 1 0.05788 0.00000 0.05680 0.00000 0.05679 0.00000 -2.30091e+00 0 3.30000e-02 -9 -9 -9 -9 66.53710 66.53642 66.48446 53674.660 0.113 1.06339 1.17533e-02 0.17285 2.23378e-02 3.10000 0 36.83185 1.69500e-02 3.99778e-05 -1.69843e-05 -2.66902e-04 40 68.66912 3.19987e-03 1 0 9 1 5.67927e-02 1 2.30091 37.02400 53673.660 1.12741 0.24156 -9 3.10012 -9 -9
SN: 6130 5 1 NULL 1 0.06961 0.00000 0.06954 0.00000 0.06891 0.00000 -1.78211e+02 0 9.60000e-02 -9 -9 -9 -9 66.54390 66.50268 66.49487 54885.562 0.066 1.01876 7.91609e-03 -5.94343e-01 4.13289e-02 3.10000 0 37.50428 9.72121e-03 1.77968e-05 1.20061e-05 -1.08368e-04 84 50.65902 0.99887 1 0 60 1 6.89494e-02 1 178.21106 37.46297 54885.551 0.98893 4.09710e-02 -9 3.10056 -9 -9
SN: 6890 5 1 NULL 1 0.06564 0.00000 0.06696 0.00000 0.06726 0.00000 85.97816 0 4.30000e-02 -9 -9 -9 -9 65.98418 65.89841 65.74896 53824.559 0.038 0.97231 9.85743e-05 -2.07071e-01 2.08601e-02 3.10000 0 37.50165 7.45989e-03 4.65119e-10 4.97367e-09 -5.84895e-05 172 357.23257 4.65538e-15 1 0 107 1 6.72466e-02 1 -8.59782e+01 37.40148 53824.672 0.95182 0.20821 -9 3.09953 -9 -9
SN: 9265 5 1 NULL 1 0.07726 0.00000 0.07810 0.00000 0.07767 0.00000 -1.19936e+02 0 4.60000e-02 -9 -9 -9 -9 64.02790 63.11221 62.82555 54188.438 0.205 1.12541 2.48622e-02 0.87851 3.07810e-02 3.10000 0 37.91720 2.49113e-02 -1.85623e-04 2.88526e-04 -5.40684e-04 46 94.28076 3.55599e-05 1 0 23 1 7.76998e-02 1 119.93598 37.73342 54190.621 0.83517 0.70223 -9 3.09928 -9 -9
SN: 6708 5 1 NULL 1 0.05185 0.00000 0.05082 0.00000 0.05068 0.00000 -4.16757e+01 0 1.60000e-02 -9 -9 -9 -9 66.13793 66.12121 66.01611 53994.289 0.062 0.93077 1.72655e-04 0.60604 1.30542e-02 3.10000 0 36.73290 1.02898e-02 -1.60258e-10 1.77120e-08 -9.93338e-05 55 164.83755 6.70444e-13 1 0 72 1 5.06833e-02 1 41.67570 36.76754 53994.738 0.79077 0.42119 -9 3.10081 -9 -9
SN: 2453 5 1 NULL 1 0.05711 0.00000 0.05836 0.00000 0.05845 0.00000 26.83810 0 2.70000e-02 -9 -9 -9 -9 65.90356 65.74164 65.66296 53706.711 0.058 0.85749 3.53392e-03 0.68973 1.49739e-02 3.10000 0 36.98281 8.89365e-03 1.07247e-06 4.59456e-06 -7.17721e-05 127 221.23482 4.49374e-07 1 0 67 1 5.84455e-02 1 -2.68381e+01 37.08389 53706.840 0.87283 0.70076 -9 3.10068 -9 -9
SN: 9113 5 1 NULL 1 0.07560 0.00000 0.07596 0.00000 0.07536 0.00000 -1.69072e+02 0 0.12200 -9 -9 -9 -9 65.92812 65.58614 65.26765 54181.875 0.108 1.04154 1.97778e-04 0.35918 4.95488e-02 3.10000 0 37.61201 1.20261e-02 -2.16488e-08 1.28724e-08 -1.51786e-04 81 202.80893 1.99845e-12 1 0 30 1 7.54014e-02 1 169.07173 37.66606 54182.719 0.98873 0.24251 -9 3.10051 -9 -9
SN: 1596 5 1 NULL 1 0.07121 0.00000 0.07042 0.00000 0.07093 0.00000 143.23865 0 0.11600 -9 -9 -9 -9 66.43027 66.40063 66.14818 54455.512 0.159 1.13386 2.48323e-03 0.23622 4.87089e-02 3.10000 0 37.37686 1.81923e-02 -9.81485e-07 2.01794e-06 -2.42807e-04 27 82.08646 1.81647e-07 1 0 79 1 7.09007e-02 1 -1.43239e+02 37.52583 54456.609 0.81134 7.58945e-02 -9 3.09993 -9 -9
SN: 9506 5 1 NULL 1 0.08123 0.00000 0.08042 0.00000 0.07989 0.00000 -1.47602e+02 0 1.50000e-02 -9 -9 -9 -9 65.98325 65.05676 60.38832 54098.582 0.120 1.17867 1.61956e-02 0.79893 2.93435e-02 3.10000 0 37.39059 2.32223e-02 3.41193e-05 -3.58199e-06 -6.43606e-04 25 28.57273 0.28217 1 0 124 1 7.99258e-02 1 147.60190 37.80160 54098.609 1.15522 0.26426 -9 3.09878 -9 -9
SN: 2919 5 1 NULL 1 0.07497 0.00000 0.07614 0.00000 0.07716 0.00000 283.27640 0 2.30000e-02 -9 -9 -9 -9 66.02943 65.96773 65.29272 53782.848 0.049 0.85827 3.27599e-03 -9.20157e-02 1.54333e-02 3.10000 0 37.92323 1.25864e-02 5.36765e-06 -1.22098e-06 -1.40970e-04 166 236.37019 2.73571e-04 1 0 41 1 7.70852e-02 1 -2.83276e+02 37.71188 53782.840 0.85632 0.24690 -9 3.09841 -9 -9
SN: 1608 5 1 NULL 1 0.06118 0.00000 0.05992 0.00000 0.05988 0.00000 -1.09690e+01 0 2.90000e-02 -9 -9 -9 -9 63.48846 63.01830 61.75334 54400.578 0.051 0.93238 4.07109e-03 0.27817 1.82997e-02 3.10000 0 37.57695 1.23137e-02 -2.72604e-07 1.12047e-05 -1.45471e-04 145 274.91275 4.33404e-10 1 0 53 1 5.98812e-02 1 10.96901 37.14421 54400.590 0.90706 0.66944 -9 3.10023 -9 -9
SN: 8086 5 1 NULL 1 0.05927 0.00000 0.06057 0.00000 0.06030 0.00000 -7.54679e+01 0 3.30000e-02 -9 -9 -9 -9 66.17944 66.14716 65.76126 54964.895 0.074 1.07846 1.33482e-04 -1.18219e-01 1.92776e-02 3.10000 0 37.13298 1.11041e-02 3.67160e-10 2.27897e-09 -1.25930e-04 57 64.54065 0.22991 1 0 101 1 6.03129e-02 1 75.46790 37.15567 54964.539 0.97317 0.13964 -9 3.09986 -9 -9
SN: 7167 5 1 NULL 1 0.06153 0.00000 0.06253 0.00000 0.06095 0.00000 -4.45457e+02 0 2.90000e-02 -9 -9 -9 -9 66.42679 66.37695 66.36030 54207.445 0.055 1.03231 3.30721e-04 0.29507 1.66612e-02 3.10000 0 36.94721 1.06152e-02 2.47768e-08 4.44581e-08 -1.00186e-04 52 112.10438 2.67580e-06 1 0 15 1 6.10446e-02 1 445.45663 37.18611 54207.551 0.95729 0.30697 -9 3.10053 -9 -9
SN: 10922 5 1 NULL 1 0.06505 0.00000 0.06442 0.00000 0.06439 0.00000 -8.55437e+00 0 7.20000e-02 -9 -9 -9 -9 66.40336 66.28516 66.17127 54002.230 0.070 1.03605 6.67966e-03 0.39675 3.95183e-02 3.10000 0 37.34255 1.30535e-02 -1.76411e-05 2.33535e-05 -2.21576e-04 69 139.19115 1.18511e-06 1 0 66 1 6.43968e-02 1 8.55437 37.30767 54001.871 1.06590 0.73976 -9 3.10010 -9 -9
SN: 2189 5 1 NULL 1 0.07745 0.00000 0.07614 0.00000 0.07494 0.00000 -3.34696e+02 0 5.20000e-02 -9 -9 -9 -9 66.44028 65.84793 65.32233 54073.191 0.107 0.96769 1.10333e-04 -4.14579e-01 4.03108e-02 3.10000 0 38.43226 4.01251e-02 4.55064e-09 -2.27757e-09 -1.30988e-03 10 44.42681 6.11775e-06 1 0 112 1 7.50271e-02 1 334.69556 37.65917 54073.531 0.97736 0.37513 -9 3.09869 -9 -9
SN: 2170 5 1 NULL 1 0.07841 0.00000 0.07776 0.00000 0.07770 0.00000 -1.55737e+01 0 6.20000e-02 -9 -9 -9 -9 66.15097 66.10160 65.96389 54497.625 0.066 1.10154 2.19325e-04 0.20736 3.04616e-02 3.10000 0 37.58335 1.36776e-02 -1.58258e-08 2.64222e-08 -2.06272e-04 77 126.47792 3.27471e-04 1 0 123 1 7.77047e-02 1 15.57369 37.73588 54497.590 1.10224 0.28458 -9 3.09930 -9 -9
SN: 833 5 1 NULL 1 0.04929 0.00000 0.05029 0.00000 0.04764 0.00000 -7.57297e+02 0 3.70000e-02 -9 -9 -9 -9 66.48390 66.39454 66.36959 54560.062 0.079 1.17611 1.06139e-02 0.42896 2.18759e-02 3.10000 0 36.34017 1.39260e-02 -3.19610e-05 4.59345e-05 -1.81696e-04 44 138.77840 9.46919e-12 1 0 89 1 4.77641e-02 1 757.29718 36.63491 54559.578 1.26730 0.44703 -9 3.10034 -9 -9
SN: 2594 5 1 NULL 1 0.08053 0.00000 0.07948 0.00000 0.07833 0.00000 -3.19598e+02 0 1.60000e-02 -9 -9 -9 -9 64.13071 63.91302 63.84805 53994.727 0.049 0.98211 5.07086e-03 1.26028 1.19929e-02 3.10000 0 37.38550 1.03673e-02 4.08507e-06 1.37360e-05 -8.85399e-05 133 224.20146 1.68780e-06 1 0 72 1 7.84120e-02 1 319.59842 37.75946 53994.738 0.96875 1.10372 -9 3.10081 -9 -9
SN: 1456 5 1 NULL 1 0.05211 0.00000 0.05311 0.00000 0.05128 0.00000 -5.19550e+02 0 2.10000e-02 -9 -9 -9 -9 66.55479 66.55295 66.48874 53858.566 0.160 0.87212 7.67612e-03 0.20698 1.70281e-02 3.10000 0 36.64306 1.58244e-02 2.95733e-05 -3.11211e-05 -1.89846e-04 38 45.44183 0.18972 1 0 35 1 5.13718e-02 1 519.54980 36.79702 53858.691 0.86077 0.10978 -9 3.10144 -9 -9
SN: 9595 5 1 NULL 1 0.07587 0.00000 0.07668 0.00000 0.07470 0.00000 -5.52645e+02 0 8.70000e-02 -9 -9 -9 -9 65.28213 64.43130 63.60908 54878.980 0.047 1.02381 5.98050e-03 0.22610 4.85502e-02 3.10000 0 37.47364 1.10008e-02 7.75911e-06 1.44168e-05 -1.99727e-04 115 140.02982 5.62410e-02 1 0 95 1 7.48365e-02 1 552.64478 37.65055 54878.871 1.02513 0.30476 -9 3.09881 -9 -9
SN: 6004 5 1 NULL 1 0.06254 0.00000 0.06198 0.00000 0.06067 0.00000 -3.69155e+02 0 9.10000e-02 -9 -9 -9 -9 66.55903 66.51896 66.33445 54368.613 0.116 0.95080 8.88863e-03 -3.84563e-01 4.98800e-02 3.10000 0 37.29884 1.91943e-02 -6.57284e-05 8.64257e-05 -4.50597e-04 47 164.01532 1.35174e-14 1 0 106 1 6.07458e-02 1 369.15521 37.17767 54368.840 0.94187 0.10290 -9 3.10015 -9 -9
SN: 3837 5 1 NULL 1 0.02488 0.00000 0.02611 0.00000 0.02613 0.00000 7.26889 0 2.90000e-02 -9 -9 -9 -9 66.62587 66.62343 66.59840 54879.984 0.048 1.11538 4.48580e-05 1.10219 1.59545e-02 3.10000 0 34.73761 7.60247e-03 4.65741e-10 2.27569e-10 -5.53589e-05 127 386.56805 9.13384e-28 1 0 22 1 2.61301e-02 1 -7.26889e+00 35.28481 54879.789 1.09208 0.84716 -9 3.10040 -9 -9
SN: 6579 5 1 NULL 1 0.05637 0.00000 0.05561 0.00000 0.05691 0.00000 367.02530 0 2.70000e-02 -9 -9 -9 -9 66.56082 66.48936 66.45778 54855.543 0.045 0.84466 6.33327e-03 7.26485e-02 1.59390e-02 3.10000 0 37.20208 9.74232e-03 1.40265e-05 5.61159e-06 -8.62907e-05 46 115.04984 7.68623e-08 1 0 71 1 5.68364e-02 1 -3.67025e+02 37.02256 54855.578 0.83923 2.88179e-02 -9 3.09808 -9 -9
SN: 3634 5 1 NULL 1 0.07626 0.00000 0.07496 0.00000 0.07488 0.00000 -2.43413e+01 0 6.40000e-02 -9 -9 -9 -9 66.47250 65.98508 65.88894 54789.602 0.048 0.92794 5.50641e-03 0.23486 3.26995e-02 3.10000 0 37.74894 1.23101e-02 9.29027e-06 -7.32691e-07 -1.96772e-04 73 141.59660 2.68425e-06 1 0 117 1 7.48840e-02 1 24.34132 37.65270 54789.578 0.93111 0.47470 -9 3.09838 -9 -9
SN: 7650 5 1 NULL 1 0.06701 0.00000 0.06645 0.00000 0.06813 0.00000 471.84253 0 4.40000e-02 -9 -9 -9 -9 66.58768 66.50707 66.48566 54738.551 0.029 0.96363 3.54466e-03 0.39720 2.10357e-02 3.10000 0 37.19873 5.92364e-03 4.62248e-07 6.13711e-06 -4.04415e-05 182 252.84512 4.01290e-04 1 0 34 1 6.80227e-02 1 -4.71843e+02 37.42876 54738.578 0.95965 0.22040 -9 3.10006 -9 -9
SN: 8496 5 1 NULL 1 0.06992 0.00000 0.07116 0.00000 0.07161 0.00000 125.84098 0 2.40000e-02 -9 -9 -9 -9 64.95216 64.02861 64.00857 54139.680 0.043 1.17077 5.33855e-05 0.17583 1.75546e-02 3.10000 0 37.92442 1.39397e-02 -2.02266e-07 1.93008e-07 -1.81880e-04 90 217.60225 1.43311e-12 1 0 130 1 7.15810e-02 1 -1.25841e+02 37.54361 54140.762 0.87949 0.43264 -9 3.09969 -9 -9
SN: 548 5 1 NULL 1 0.07404 0.00000 0.07521 0.00000 0.07472 0.00000 -1.37928e+02 0 2.40000e-02 -9 -9 -9 -9 66.47438 66.32533 66.20948 53831.680 0.066 0.91440 6.56730e-03 6.96185e-02 1.77891e-02 3.10000 0 37.67162 1.51606e-02 -1.82249e-06 2.30807e-05 -2.00735e-04 37 48.71510 9.41398e-02 1 0 46 1 7.47541e-02 1 137.92836 37.64451 53831.672 0.91638 0.22266 -9 3.09911 -9 -9
SN: 4159 5 1 NULL 1 0.06350 0.00000 0.06234 0.00000 0.06245 0.00000 30.99780 0 1.90000e-02 -9 -9 -9 -9 66.28416 66.10371 63.76828 53687.711 0.097 0.92973 4.86884e-03 0.75284 1.62142e-02 3.10000 0 36.97505 1.29123e-02 -8.69060e-06 2.04478e-05 -1.63634e-04 67 262.42163 6.22719e-25 1 0 94 1 6.24458e-02 1 -3.09978e+01 37.23871 53687.551 0.93216 0.41544 -9 3.09956 -9 -9
SN: 8569 5 1 NULL 1 0.07581 0.00000 0.07702 0.00000 0.07741 0.00000 108.34356 0 3.90000e-02 -9 -9 -9 -9 64.70776 64.18864 64.03879 53760.805 0.048 1.00979 4.47410e-03 -1.27581e-01 2.03466e-02 3.10000 0 38.03368 1.02632e-02 -4.63484e-06 1.26430e-05 -1.08169e-04 168 263.17456 3.71584e-06 1 0 7 1 7.73804e-02 1 -1.08344e+02 37.72172 53760.801 1.00060 0.23833 -9 3.10186 -9 -9
SN: 1210 5 1 NULL 1 0.05177 0.00000 0.05121 0.00000 0.05160 0.00000 111.58619 0 1.90000e-02 -9 -9 -9 -9 66.58266 66.54920 66.50333 54741.867 0.094 1.04154 2.10445e-04 -4.26030e-02 1.41470e-02 3.10000 0 36.81129 1.08117e-02 1.60404e-09 9.91832e-09 -1.06344e-04 72 156.13792 3.70148e-08 1 0 105 1 5.15777e-02 1 -1.11586e+02 36.80491 54740.750 1.12938 7.15043e-03 -9 3.10143 -9 -9
SN: 5894 5 1 NULL 1 0.04645 0.00000 0.04744 0.00000 0.04736 0.00000 -2.49076e+01 0 3.70000e-02 -9 -9 -9 -9 66.54814 66.46911 66.39515 54559.605 0.062 1.05480 9.84133e-03 -2.39158e-01 2.09162e-02 3.10000 0 36.72227 1.23248e-02 -1.75376e-06 3.78989e-05 -1.35556e-04 56 110.96177 1.72485e-05 1 0 89 1 4.73600e-02 1 24.90763 36.61077 54559.578 1.10028 0.24641 -9 3.10013 -9 -9
SN: 4976 5 1 NULL 1 0.07706 0.00000 0.07627 0.00000 0.07674 0.00000 133.07646 0 1.90000e-02 -9 -9 -9 -9 65.06454 64.93044 62.82706 54499.238 0.122 1.13385 4.35156e-04 0.46954 2.96889e-02 3.10000 0 37.78421 3.28765e-02 1.83842e-08 -2.77293e-08 -9.08397e-04 28 36.18330 0.16829 1 0 2 1 7.67073e-02 1 -1.33076e+02 37.70561 54498.570 0.99606 0.50814 -9 3.09961 -9 -9
SN: 7147 5 1 NULL 1 0.07430 0.00000 0.07524 0.00000 0.07513 0.00000 -2.98175e+01 0 2.60000e-02 -9 -9 -9 -9 66.41286 66.30471 66.26568 53357.711 0.006 0.96548 3.18139e-03 0.14971 1.72890e-02 3.10000 0 37.77165 1.25331e-02 -4.38291e-06 1.22751e-05 -1.49182e-04 126 313.22269 6.04897e-18 1 0 100 1 7.51352e-02 1 29.81751 37.65588 53357.770 0.96000 0.46822 -9 3.09890 -9 -9
SN: 9866 5 1 NULL 1 0.07872 0.00000 0.07834 0.00000 0.07838 0.00000 9.62144 0 2.30000e-02 -9 -9 -9 -9 64.05882 63.64790 62.99477 53834.230 0.067 0.96308 1.41491e-04 0.41728 1.53813e-02 3.10000 0 37.56497 1.15395e-02 -1.08225e-08 1.78158e-08 -1.23858e-04 133 273.36264 9.58879e-12 1 0 14 1 7.83765e-02 1 -9.62144e+00 37.75485 53833.910 0.97040 4.63291e-02 -9 3.10013 -9 -9
SN: 8635 5 1 NULL 1 0.07963 0.00000 0.07845 0.00000 0.07868 0.00000 65.61874 0 3.00000e-02 -9 -9 -9 -9 66.17870 66.04382 65.90229 54400.926 0.091 0.91141 3.53093e-03 0.73015 1.66491e-02 3.10000 0 37.53050 1.00729e-02 -6.78984e-06 9.25036e-06 -9.67150e-05 112 159.79326 2.05300e-03 1 0 65 1 7.86646e-02 1 -6.56187e+01 37.76450 54400.672 0.92677 0.69368 -9 3.09966 -9 -9
SN: 4826 5 1 NULL 1 0.06306 0.00000 0.06355 0.00000 0.06223 0.00000 -3.70958e+02 0 7.80000e-02 -9 -9 -9 -9 66.29225 66.22577 66.22317 54566.656 0.089 0.81797 6.26779e-03 0.60167 4.13145e-02 3.10000 0 37.40146 1.56830e-02 9.53936e-06 -1.30064e-05 -2.98595e-04 54 32.99398 0.98926 1 0 111 1 6.23121e-02 1 370.95770 37.23322 54566.520 0.83113 0.55728 -9 3.10079 -9 -9
SN: 6530 5 1 NULL 1 0.01997 0.00000 0.01966 0.00000 0.01828 0.00000 -4.06469e+02 0 0.18400 -9 -9 -9 -9 66.61098 66.60083 66.53129 54885.605 0.058 1.05487 9.00578e-03 0.55844 0.10071 3.10000 0 34.36093 9.73250e-03 -4.22540e-05 3.09193e-05 -8.79377e-05 62 137.03270 1.36782e-07 1 0 122 1 1.83083e-02 1 406.46878 34.50580 54885.520 1.03930 0.66920 -9 3.09911 -9 -9
SN: 9286 5 1 NULL 1 0.06799 0.00000 0.06684 0.00000 0.06546 0.00000 -3.86905e+02 0 3.10000e-02 -9 -9 -9 -9 66.49478 66.16265 65.45015 54395.773 0.098 0.89846 2.16951e-04 0.39065 5.74713e-02 3.10000 0 37.49197 4.92198e-02 8.02515e-08 -5.33624e-08 -2.72622e-03 14 1.69726 0.99997 1 0 39 1 6.55497e-02 1 386.90536 37.35161 54395.660 0.90072 0.14775 -9 3.09861 -9 -9
SN: 1159 5 1 NULL 1 0.07688 0.00000 0.07592 0.00000 0.07624 0.00000 87.34160 0 3.00000e-02 -9 -9 -9 -9 66.56462 66.48212 66.46087 54360.289 0.070 0.91231 2.47151e-04 -7.26059e-02 1.93074e-02 3.10000 0 37.89669 1.55229e-02 8.42893e-09 1.53792e-08 -2.12141e-04 38 150.09483 2.97735e-15 1 0 88 1 7.62151e-02 1 -8.73416e+01 37.69152 54359.781 0.96449 8.88903e-02 -9 3.10279 -9 -9
SN: 1495 5 1 NULL 1 0.06965 0.00000 0.07080 0.00000 0.06812 0.00000 -7.50490e+02 0 3.00000e-02 -9 -9 -9 -9 65.91855 65.62901 65.17790 54552.555 0.077 0.97770 5.31465e-03 0.71322 1.57442e-02 3.10000 0 37.11997 9.30793e-03 7.57898e-06 1.45916e-06 -7.76661e-05 105 258.25909 6.41825e-15 1 0 1 1 6.82929e-02 1 750.48950 37.44262 54552.730 0.99460 0.47861 -9 3.09961 -9 -9
SN: 3448 5 1 NULL 1 0.07167 0.00000 0.07282 0.00000 0.07338 0.00000 158.33354 0 2.50000e-02 -9 -9 -9 -9 66.51305 66.41425 66.41077 53484.602 0.039 0.88181 7.96205e-03 7.62970e-02 1.69759e-02 3.10000 0 37.69800 1.47400e-02 -1.77546e-05 4.19723e-05 -1.80782e-04 53 28.57990 0.99756 1 0 51 1 7.33464e-02 1 -1.58334e+02 37.59915 53484.641 0.87744 0.17615 -9 3.10214 -9 -9
SN: 5957 5 1 NULL 1 0.07860 0.00000 0.07832 0.00000 0.07672 0.00000 -4.45649e+02 0 3.60000e-02 -9 -9 -9 -9 65.86961 65.66255 65.41112 54598.883 0.040 0.82645 4.23527e-03 0.24128 1.92611e-02 3.10000 0 37.53753 1.07886e-02 1.09290e-05 2.86533e-06 -1.06701e-04 92 119.40968 2.89124e-02 1 0 99 1 7.68317e-02 1 445.64926 37.71218 54598.898 0.81622 9.89446e-02 -9 3.09975 -9 -9
SN: 2848 5 1 NULL 1 0.04076 0.00000 0.04200 0.00000 0.04204 0.00000 11.41785 0 2.10000e-02 -9 -9 -9 -9 66.21302 66.11192 65.80460 54898.605 0.094 0.86004 4.10090e-03 0.71662 1.43701e-02 3.10000 0 36.64277 9.02675e-03 -1.89714e-06 7.70317e-06 -8.28351e-05 87 100.65611 0.15021 1 0 13 1 4.20360e-02 1 -1.14179e+01 36.34266 54898.648 0.85431 0.95313 -9 3.10217 -9 -9
SN: 6921 5 1 NULL 1 0.05061 0.00000 0.04962 0.00000 0.04901 0.00000 -1.74202e+02 0 2.80000e-02 -9 -9 -9 -9 66.58970 66.49125 66.45511 54065.648 0.010 0.95510 5.60624e-03 0.30326 2.02390e-02 3.10000 0 36.74432 1.52577e-02 8.66711e-06 1.56183e-05 -2.17906e-04 42 115.50878 8.75297e-09 1 0 64 1 4.90379e-02 1 174.20244 36.69414 54065.578 0.95013 0.51318 -9 3.09902 -9 -9
SN: 4938 5 1 NULL 1 0.07358 0.00000 0.07325 0.00000 0.07375 0.00000 137.67787 0 1.00000e-02 -9 -9 -9 -9 61.82308 58.01927 54.16016 54422.664 0.048 0.73694 2.16628e-03 0.24942 1.44353e-02 3.10000 0 37.47319 1.46133e-02 4.63428e-06 -2.12213e-06 -1.90934e-04 195 356.50339 1.42703e-11 1 0 27 1 7.37148e-02 1 -1.37678e+02 37.61372 54422.730 0.74540 0.23288 -9 3.09857 -9 -9
SN: 10158 5 1 NULL 1 0.07259 0.00000 0.07320 0.00000 0.07354 0.00000 94.05505 0 3.20000e-02 -9 -9 -9 -9 66.16673 65.86486 65.79984 54200.602 0.097 1.18923 5.49729e-05 0.44848 2.01036e-02 3.10000 0 37.92693 1.43520e-02 1.15359e-09 -3.41265e-10 -1.89778e-04 37 115.28569 5.70334e-10 1 0 76 1 7.35156e-02 1 -9.40550e+01 37.60593 54200.852 0.82622 0.49114 -9 3.09954 -9 -9
SN: 777 5 1 NULL 1 0.04927 0.00000 0.04863 0.00000 0.04920 0.00000 161.14973 0 6.40000e-02 -9 -9 -9 -9 66.49706 66.48651 66.44791 53655.734 0.068 1.06454 7.38523e-03 0.37829 2.75283e-02 3.10000 0 36.35849 8.01208e-03 -1.04422e-06 1.29088e-05 -5.96484e-05 123 150.10782 4.87262e-02 1 0 121 1 4.91718e-02 1 -1.61150e+02 36.69723 53655.770 1.06409 0.36323 -9 3.10044 -9 -9
SN: 6712 5 1 NULL 1 0.07719 0.00000 0.07828 0.00000 0.07823 0.00000 -1.58524e+01 0 5.70000e-02 -9 -9 -9 -9 66.12279 66.06515 65.99057 54229.574 0.072 1.12412 1.30204e-02 0.21262 2.94096e-02 3.10000 0 37.75317 1.45943e-02 -4.26331e-05 8.24185e-05 -2.04771e-04 70 167.22075 6.25524e-10 1 0 19 1 7.82293e-02 1 15.85241 37.74776 54229.691 1.07582 0.31199 -9 3.09964 -9 -9
SN: 4056 5 1 NULL 1 0.06543 0.00000 0.06413 0.00000 0.06432 0.00000 52.35348 0 0.11400 -9 -9 -9 -9 65.98741 65.90125 65.17239 53699.566 0.051 1.08308 1.86194e-04 0.21164 4.07049e-02 3.10000 0 37.08052 1.07663e-02 -4.68292e-09 4.86246e-09 -6.91996e-05 78 130.55898 1.78891e-04 1 0 70 1 6.43049e-02 1 -5.23535e+01 37.30540 53699.539 1.08837 0.14079 -9 3.10118 -9 -9
SN: 2621 5 1 NULL 1 0.04796 0.00000 0.04743 0.00000 0.04661 0.00000 -2.35489e+02 0 8.90000e-02 -9 -9 -9 -9 66.63193 66.55592 66.54552 54368.746 0.128 0.99321 1.30260e-02 -5.52085e-01 4.78922e-02 3.10000 0 37.10964 2.69768e-02 5.70456e-05 3.32688e-06 -6.94260e-04 25 17.26698 0.90080 1 0 116 1 4.66458e-02 1 235.48900 36.58126 54368.871 0.96666 0.22187 -9 3.09907 -9 -9
SN: 9518 5 1 NULL 1 0.05245 0.00000 0.05122 0.00000 0.05059 0.00000 -1.80940e+02 0 6.30000e-02 -9 -9 -9 -9 66.30824 66.29233 62.94973 54112.414 0.117 0.90968 8.65894e-03 0.30342 3.17199e-02 3.10000 0 36.45000 1.29907e-02 2.22755e-05 -3.63725e-06 -1.72793e-04 36 64.40733 2.50154e-03 1 0 33 1 5.06178e-02 1 180.94005 36.76601 54112.539 0.87277 3.22230e-02 -9 3.10164 -9 -9
SN: 4990 5 1 NULL 1 0.06713 0.00000 0.06845 0.00000 0.06848 0.00000 9.19167 0 3.50000e-02 -9 -9 -9 -9 66.12070 65.91764 65.49673 54229.176 0.126 1.00721 9.80744e-03 -2.39962e-01 2.39147e-02 3.10000 0 38.09396 1.83256e-02 2.76731e-07 2.23066e-05 -3.12060e-04 60 142.31224 1.21819e-08 1 0 45 1 6.84779e-02 1 -9.19167e+00 37.44327 54229.578 0.97378 0.40780 -9 3.10044 -9 -9
SN: 9834 5 1 NULL 1 0.06693 0.00000 0.06565 0.00000 0.06531 0.00000 -9.66808e+01 0 4.70000e-02 -9 -9 -9 -9 66.58264 66.57520 66.55138 53265.719 0.030 1.02697 3.76308e-03 4.67836e-02 2.49637e-02 3.10000 0 37.16594 7.92996e-03 -5.80688e-06 6.82939e-06 -7.73097e-05 222 648.80121 2.04590e-43 1 0 93 1 6.53303e-02 1 96.68077 37.34228 53265.648 1.03374 8.72852e-02 -9 3.10205 -9 -9
SN: 8524 5 1 NULL 1 0.05766 0.00000 0.05669 0.00000 0.05636 0.00000 -9.24478e+01 0 2.80000e-02 -9 -9 -9 -9 66.50633 66.49449 66.43159 53666.680 0.073 0.87431 3.68313e-03 0.51101 1.54610e-02 3.10000 0 37.06961 8.75159e-03 4.87698e-06 -1.05757e-06 -7.40940e-05 101 111.35922 0.22606 1 0 6 1 5.63797e-02 1 92.44781 37.00792 53666.719 0.87797 0.20750 -9 3.10052 -9 -9
SN: 9589 5 1 NULL 1 0.03435 0.00000 0.03362 0.00000 0.03397 0.00000 102.45712 0 0.12500 -9 -9 -9 -9 66.59922 66.57866 66.38964 54066.867 0.117 0.95249 5.13283e-03 9.72994e-02 5.11612e-02 3.10000 0 36.15323 1.00020e-02 7.17229e-07 5.43033e-06 -9.83583e-05 58 91.40593 3.36798e-03 1 0 56 1 3.39631e-02 1 -1.02457e+02 35.87021 54066.750 0.95910 0.16186 -9 3.09978 -9 -9
SN: 7805 5 1 NULL 1 0.06510 0.00000 0.06627 0.00000 0.06654 0.00000 76.04191 0 1.90000e-02 -9 -9 -9 -9 65.55345 65.48981 65.40466 54199.430 0.041 0.92759 4.09277e-03 0.18102 1.55558e-02 3.10000 0 37.97833 1.44158e-02 -1.27800e-05 2.36945e-05 -1.77363e-04 89 191.56528 1.74968e-09 1 0 18 1 6.65219e-02 1 -7.60419e+01 37.37720 54199.660 0.91229 0.45362 -9 3.09941 -9 -9
SN: 6702 5 1 NULL 1 0.07799 0.00000 0.07888 0.00000 0.07938 0.00000 137.47321 0 3.40000e-02 -9 -9 -9 -9 57.59523 56.65650 54.55989 54174.875 0.049 1.05602 7.25788e-03 0.23050 1.92579e-02 3.10000 0 37.54578 1.09731e-02 5.63226e-06 1.14476e-05 -1.21699e-04 186 348.56885 5.37790e-12 1 0 115 1 7.93424e-02 1 -1.37473e+02 37.77948 54174.852 1.06353 0.31283 -9 3.10257 -9 -9
SN: 8188 5 1 NULL 1 0.07533 0.00000 0.07638 0.00000 0.07506 0.00000 -3.69588e+02 0 2.70000e-02 -9 -9 -9 -9 66.09191 66.03047 65.90015 53406.762 0.028 0.89086 2.55109e-03 -4.95390e-01 1.66952e-02 3.10000 0 38.33172 1.15317e-02 4.09296e-06 -9.12242e-07 -1.29132e-04 200 250.31834 1.02827e-02 1 0 32 1 7.51503e-02 1 369.58813 37.65840 53406.719 0.88682 0.11585 -9 3.10021 -9 -9
SN: 2617 5 1 NULL 1 0.02797 0.00000 0.02738 0.00000 0.02687 0.00000 -1.50305e+02 0 0.10400 -9 -9 -9 -9 66.62630 66.59780 66.59262 54780.203 0.085 1.11538 1.30010e-04 0.69890 5.29761e-02 3.10000 0 34.66521 1.10404e-02 6.85313e-09 6.35294e-09 -1.65329e-04 75 215.45665 1.65098e-15 1 0 5 1 2.68834e-02 1 150.30542 35.35268 54779.770 1.03486 0.21556 -9 3.09956 -9 -9
SN: 6618 5 1 NULL 1 0.06984 0.00000 0.06919 0.00000 0.06905 0.00000 -4.15700e+01 0 6.40000e-02 -9 -9 -9 -9 66.34156 66.31393 66.31199 53655.195 0.080 1.11717 8.86913e-03 -1.91766e-01 3.03002e-02 3.10000 0 37.54285 1.19677e-02 -8.53830e-06 2.54610e-05 -1.45904e-04 108 279.14810 4.28496e-17 1 0 121 1 6.90545e-02 1 41.57000 37.46669 53655.770 1.07356 0.19219 -9 3.09833 -9 -9
SN: 7401 5 1 NULL 1 0.07247 0.00000 0.07370 0.00000 0.07251 0.00000 -3.33731e+02 0 3.60000e-02 -9 -9 -9 -9 66.07442 66.01964 65.66853 54180.656 0.043 0.76061 4.49661e-03 0.22547 2.15180e-02 3.10000 0 37.64887 1.48080e-02 3.34823e-05 -2.30356e-05 -2.07540e-04 76 86.02551 0.20229 1 0 134 1 7.25894e-02 1 333.73074 37.57862 54180.648 0.76625 6.84651e-02 -9 3.10032 -9 -9
SN: 394 5 1 NULL 1 0.06643 0.00000 0.06758 0.00000 0.06596 0.00000 -4.54906e+02 0 4.60000e-02 -9 -9 -9 -9 65.67414 65.51659 65.09402 53438.758 0.128 0.99558 7.17044e-03 9.83620e-04 2.82418e-02 3.10000 0 37.52979 1.51011e-02 -3.68365e-05 4.20788e-05 -2.67551e-04 148 194.30997 6.36886e-03 1 0 98 1 6.60635e-02 1 454.90634 37.36514 53438.602 1.00055 0.24651 -9 3.09985 -9 -9
SN: 10612 5 1 NULL 1 0.03319 0.00000 0.03282 0.00000 0.03315 0.00000 96.89655 0 1.80000e-02 -9 -9 -9 -9 66.38538 65.97657 65.51733 54057.543 0.052 0.97422 4.50930e-03 0.32330 1.30321e-02 3.10000 0 35.98372 8.91358e-03 1.94219e-06 1.39797e-05 -7.49076e-05 114 239.99858 5.42654e-11 1 0 11 1 3.31409e-02 1 -9.68965e+01 35.81496 54057.660 0.97739 0.30072 -9 3.10131 -9 -9
SN: 1908 5 1 NULL 1 0.07600 0.00000 0.07476 0.00000 0.07418 0.00000 -1.60453e+02 0 2.00000e-02 -9 -9 -9 -9 66.53947 66.39116 66.38198 53697.629 0.035 0.94645 3.77148e-03 -1.77196e-01 1.32934e-02 3.10000 0 37.72067 1.09737e-02 -2.51661e-06 1.23819e-05 -9.99353e-05 139 232.23236 1.19879e-06 1 0 26 1 7.42231e-02 1 160.45280 37.63326 53697.559 0.94903 0.23956 -9 3.10197 -9 -9
SN: 2373 5 1 NULL 1 0.07814 0.00000 0.07696 0.00000 0.07744 0.00000 134.55905 0 3.20000e-02 -9 -9 -9 -9 66.58498 66.52806 66.49128 54008.164 0.076 1.03578 7.82590e-03 -4.56222e-01 1.91095e-02 3.10000 0 37.84779 1.25187e-02 7.82264e-06 1.74160e-05 -1.44281e-04 60 73.03484 0.13904 1 0 120 1 7.74084e-02 1 -1.34559e+02 37.72720 54007.711 1.08011 1.85121e-02 -9 3.09910 -9 -9
SN: 3829 5 1 NULL 1 0.05828 0.00000 0.05729 0.00000 0.05753 0.00000 68.41911 0 6.20000e-02 -9 -9 -9 -9 65.64687 65.32721 65.29573 53414.543 0.041 1.02976 7.30662e-03 -2.17230e-01 3.31093e-02 3.10000 0 36.97068 1.18655e-02 1.51880e-06 8.09123e-06 -1.88586e-04 97 109.75277 0.17731 1 0 37 1 5.75212e-02 1 -6.84191e+01 37.05214 53414.520 1.03300 9.16666e-02 -9 3.10211 -9 -9
SN: 6864 5 1 NULL 1 0.05537 0.00000 0.05627 0.00000 0.05680 0.00000 149.09114 0 2.20000e-02 -9 -9 -9 -9 66.13606 65.40041 64.55983 54942.645 0.136 0.92444 1.21631e-02 0.58274 2.03524e-02 3.10000 0 36.73202 1.45637e-02 7.92287e-05 4.80777e-05 -1.77442e-04 36 27.40506 0.84772 1 0 133 1 5.67742e-02 1 -1.49091e+02 37.01815 54942.531 0.89515 0.21576 -9 3.09780 -9 -9
SN: 2200 5 1 NULL 1 0.05095 0.00000 0.04995 0.00000 0.04978 0.00000 -4.87930e+01 0 9.30000e-02 -9 -9 -9 -9 66.47047 66.42692 66.39973 53280.547 0.033 1.14594 6.85724e-03 -2.92516e-03 4.16474e-02 3.10000 0 36.83292 8.29050e-03 -1.50709e-05 2.45259e-05 -1.00617e-04 174 492.16550 3.64425e-32 1 0 49 1 4.97841e-02 1 48.79304 36.72726 53280.512 1.14262 0.15677 -9 3.10174 -9 -9
SN: 9729 5 1 NULL 1 0.03723 0.00000 0.03604 0.00000 0.03718 0.00000 332.19495 0 0.11800 -9 -9 -9 -9 66.51933 66.49702 66.46873 53303.578 0.091 1.16154 1.26204e-04 0.28799 5.13038e-02 3.10000 0 35.83715 1.09730e-02 -3.17908e-10 3.08431e-09 -1.37751e-04 68 220.30908 5.75715e-18 1 0 97 1 3.71414e-02 1 -3.32195e+02 36.06891 53304.570 0.84613 0.27617 -9 3.10017 -9 -9
SN: 7608 5 1 NULL 1 0.04504 0.00000 0.04394 0.00000 0.04592 0.00000 566.93097 0 2.60000e-02 -9 -9 -9 -9 66.59969 66.55801 66.55327 53687.680 0.087 0.99972 9.73204e-03 -1.40180e-01 1.83268e-02 3.10000 0 36.74153 1.48950e-02 1.07977e-05 2.09059e-05 -1.95633e-04 51 69.17706 4.58938e-02 1 0 10 1 4.58309e-02 1 -5.66931e+02 36.53735 53687.641 0.99483 0.13279 -9 3.09908 -9 -9
SN: 2616 5 1 NULL 1 0.06720 0.00000 0.06831 0.00000 0.06795 0.00000 -1.01125e+02 0 2.70000e-02 -9 -9 -9 -9 65.90382 65.70244 65.55657 54818.746 0.034 0.91261 3.16970e-03 0.33452 1.54342e-02 3.10000 0 37.32833 8.62729e-03 4.38174e-06 4.28048e-06 -7.18219e-05 131 258.59637 2.13283e-10 1 0 61 1 6.79699e-02 1 101.12531 37.42749 54818.770 0.89745 0.21040 -9 3.10079 -9 -9
SN: 612 5 1 NULL 1 0.02442 0.00000 0.02565 0.00000 0.02525 0.00000 -1.16284e+02 0 7.50000e-02 -9 -9 -9 -9 66.61546 66.60515 66.56364 54545.547 0.135 1.17540 3.91881e-03 -3.84325e-02 3.98613e-02 3.10000 0 35.67402 1.69702e-02 -4.57032e-06 4.30002e-06 -2.89328e-04 28 114.96912 1.67227e-12 1 0 108 1 2.52630e-02 1 116.28376 35.21099 54546.738 0.87955 0.30051 -9 3.09916 -9 -9
SN: 1821 5 1 NULL 1 0.05828 0.00000 0.05909 0.00000 0.05772 0.00000 -3.86463e+02 0 8.70000e-02 -9 -9 -9 -9 65.63142 65.17186 64.38647 54878.871 0.064 1.01646 6.09280e-03 -4.00286e-02 3.63060e-02 3.10000 0 37.06168 9.68640e-03 4.63743e-07 1.65618e-05 -9.60001e-05 99 238.96342 1.39042e-13 1 0 95 1 5.77955e-02 1 386.46280 37.06234 54878.871 0.99732 0.23284 -9 3.10218 -9 -9
SN: 9763 5 1 NULL 1 0.05597 0.00000 0.05542 0.00000 0.05515 0.00000 -7.67252e+01 0 9.10000e-02 -9 -9 -9 -9 66.60019 66.54558 66.49697 54368.723 0.097 0.95728 7.51330e-03 3.89138e-03 5.36180e-02 3.10000 0 36.92698 1.79109e-02 -5.00036e-05 5.14058e-05 -4.10972e-04 55 125.09314 2.22719e-07 1 0 106 1 5.51572e-02 1 76.72517 36.95747 54368.840 0.94673 7.64531e-02 -9 3.09817 -9 -9
SN: 5358 5 1 NULL 1 0.06211 0.00000 0.06337 0.00000 0.06465 0.00000 358.54416 0 2.90000e-02 -9 -9 -9 -9 65.84654 65.79842 65.55597 54879.750 0.045 0.89385 3.37104e-03 0.75428 1.64169e-02 3.10000 0 37.56591 9.00359e-03 -1.90247e-06 7.95189e-06 -7.84541e-05 100 79.05083 0.93962 1 0 22 1 6.45726e-02 1 -3.58544e+02 37.30750 54879.789 0.85151 1.02515 -9 3.10085 -9 -9
SN: 11014 5 1 NULL 1 0.07833 0.00000 0.07755 0.00000 0.07747 0.00000 -2.19691e+01 0 2.70000e-02 -9 -9 -9 -9 66.07948 65.89277 65.81822 54855.414 0.075 1.01020 1.45061e-02 1.03448 1.82461e-02 3.10000 0 37.17912 1.36291e-02 4.41772e-05 4.08990e-05 -1.59257e-04 28 49.30139 1.07288e-02 1 0 71 1 7.74786e-02 1 21.96907 37.72950 54855.578 0.95368 0.57441 -9 3.09916 -9 -9
SN: 10808 5 1 NULL 1 0.03592 0.00000 0.03467 0.00000 0.03523 0.00000 162.24905 0 6.40000e-02 -9 -9 -9 -9 66.58324 66.53354 66.22021 54789.434 0.063 0.97334 1.03420e-02 1.06545 3.62423e-02 3.10000 0 35.84979 2.12216e-02 1.11252e-05 3.67923e-05 -4.18279e-04 38 36.34602 0.59157 1 0 117 1 3.52106e-02 1 -1.62249e+02 35.95121 54789.578 0.93168 1.46465 -9 3.10002 -9 -9
SN: 499 5 1 NULL 1 0.06591 0.00000 0.06536 0.00000 0.06565 0.00000 81.41320 0 4.40000e-02 -9 -9 -9 -9 66.58799 66.50993 66.48998 54738.555 0.032 1.03510 4.95909e-03 0.37646 2.12859e-02 3.10000 0 37.19751 5.85880e-03 6.35548e-06 5.25546e-06 -4.11675e-05 179 297.33865 6.54676e-08 1 0 34 1 6.56258e-02 1 -8.14132e+01 37.34986 54738.578 1.02660 0.26215 -9 3.09945 -9 -9
SN: 8797 5 1 NULL 1 0.06566 0.00000 0.06689 0.00000 0.06588 0.00000 -2.84697e+02 0 2.40000e-02 -9 -9 -9 -9 66.30559 65.95187 64.40240 54140.941 0.087 0.97876 7.35343e-03 -2.61596e-01 1.62421e-02 3.10000 0 37.56268 1.27790e-02 1.56579e-05 2.05786e-05 -1.30700e-04 86 95.52709 0.22614 1 0 130 1 6.59423e-02 1 284.69717 37.35964 54140.762 0.98925 0.11118 -9 3.09958 -9 -9
SN: 9864 5 1 NULL 1 0.07568 0.00000 0.07685 0.00000 0.07593 0.00000 -2.56286e+02 0 2.40000e-02 -9 -9 -9 -9 66.35606 66.27911 66.22126 53831.688 0.060 0.87538 7.12387e-03 0.39945 1.82562e-02 3.10000 0 37.54090 1.62726e-02 7.08764e-06 1.84282e-05 -2.25545e-04 33 20.86714 0.94999 1 0 46 1 7.59944e-02 1 256.28586 37.68291 53831.672 0.87976 0.20216 -9 3.10016 -9 -9
SN: 1342 5 1 NULL 1 0.05284 0.00000 0.05169 0.00000 0.05039 0.00000 -3.70080e+02 0 1.90000e-02 -9 -9 -9 -9 66.43736 66.21034 66.13010 53687.148 0.099 0.98381 1.04744e-02 0.43477 1.39005e-02 3.10000 0 37.05731 1.12095e-02 3.11123e-05 -2.39308e-06 -1.09319e-04 53 139.85570 9.22624e-10 1 0 94 1 5.04566e-02 1 370.08011 36.75996 53687.551 0.86673 0.33572 -9 3.09851 -9 -9
SN: 5768 5 1 NULL 1 0.06012 0.00000 0.06131 0.00000 0.06187 0.00000 157.34096 0 3.90000e-02 -9 -9 -9 -9 65.29111 65.13557 64.67276 53760.551 0.070 0.99042 4.71638e-03 0.57320 2.10423e-02 3.10000 0 36.76395 1.27817e-02 -2.08501e-05 3.44987e-05 -1.40243e-04 117 206.47844 6.51737e-07 1 0 7 1 6.18345e-02 1 -1.57341e+02 37.21074 53760.801 0.96622 0.29130 -9 3.09911 -9 -9
SN: 1440 5 1 NULL 1 0.07440 0.00000 0.07382 0.00000 0.07435 0.00000 145.89397 0 1.90000e-02 -9 -9 -9 -9 66.42513 66.39434 66.28490 54741.039 0.094 0.78515 3.86118e-03 0.14424 1.51968e-02 3.10000 0 37.44003 1.19496e-02 1.70644e-05 -1.99283e-05 -1.36779e-04 86 127.71973 2.36178e-03 1 0 105 1 7.43122e-02 1 -1.45894e+02 37.63259 54740.750 0.80039 9.47079e-02 -9 3.10042 -9 -9
SN: 5797 5 1 NULL 1 0.06472 0.00000 0.06580 0.00000 0.06499 0.00000 -2.28182e+02 0 5.70000e-02 -9 -9 -9 -9 66.29002 66.25693 65.93360 54229.828 0.052 0.80896 4.15359e-03 0.39276 2.95705e-02 3.10000 0 37.16135 1.04864e-02 8.86337e-06 -5.13495e-06 -1.32124e-04 87 154.90485 1.03725e-05 1 0 19 1 6.50353e-02 1 228.18167 37.32810 54229.691 0.80656 0.31103 -9 3.09926 -9 -9
SN: 10044 5 1 NULL 1 0.06890 0.00000 0.06759 0.00000 0.06752 0.00000 -2.14963e+01 0 0.11400 -9 -9 -9 -9 64.37302 64.05264 64.02299 53699.523 0.035 0.88620 4.43743e-03 0.63896 5.22135e-02 3.10000 0 37.68453 1.13893e-02 -1.20738e-05 4.45764e-06 -2.07909e-04 110 150.97758 5.82091e-03 1 0 70 1 6.75235e-02 1 21.49625 37.41687 53699.539 0.88678 0.53004 -9 3.10028 -9 -9
SN: 1633 5 1 NULL 1 0.07115 0.00000 0.07061 0.00000 0.07121 0.00000 168.03761 0 8.90000e-02 -9 -9 -9 -9 66.53569 66.32768 65.91135 54368.777 0.135 1.01898 1.32741e-02 -1.97022e-01 6.08783e-02 3.10000 0 37.70919 4.95501e-02 1.08501e-04 -9.03209e-05 -2.27590e-03 19 23.69291 0.20820 1 0 116 1 7.11691e-02 1 -1.68038e+02 37.53376 54368.871 0.99080 2.89334e-02 -9 3.09931 -9 -9
SN: 1464 5 1 NULL 1 0.04224 0.00000 0.04102 0.00000 0.04179 0.00000 221.81836 0 6.30000e-02 -9 -9 -9 -9 66.34605 66.28383 66.26979 54112.570 0.115 0.95115 9.54821e-03 0.57196 3.24084e-02 3.10000 0 36.30044 1.32053e-02 3.91051e-05 -1.95946e-05 -1.82900e-04 45 54.73407 0.15165 1 0 33 1 4.17629e-02 1 -2.21818e+02 36.33173 54112.539 0.93688 0.61180 -9 3.09969 -9 -9
SN: 9198 5 1 NULL 1 0.05407 0.00000 0.05495 0.00000 0.05436 0.00000 -1.67853e+02 0 3.40000e-02 -9 -9 -9 -9 62.12191 60.63000 59.26888 54174.770 0.041 1.01934 4.96976e-03 0.58269 1.77185e-02 3.10000 0 36.58179 7.58491e-03 3.61209e-06 8.30620e-06 -5.67533e-05 194 266.60062 4.20633e-04 1 0 115 1 5.43885e-02 1 167.85292 36.92347 54174.852 1.01808 0.34783 -9 3.10106 -9 -9
SN: 5237 5 1 NULL 1 0.05326 0.00000 0.05429 0.00000 0.05316 0.00000 -3.21308e+02 0 2.70000e-02 -9 -9 -9 -9 66.03876 66.03098 65.92136 53406.793 0.041 0.92534 3.37447e-03 0.66719 1.54291e-02 3.10000 0 36.79495 9.05303e-03 7.31792e-06 -1.79740e-06 -8.41416e-05 170 428.03671 3.19784e-24 1 0 32 1 5.32199e-02 1 321.30783 36.87523 53406.719 0.93831 0.30568 -9 3.09997 -9 -9
SN: 7275 5 1 NULL 1 0.07592 0.00000 0.07531 0.00000 0.07439 0.00000 -2.56491e+02 0 0.10400 -9 -9 -9 -9 66.38566 66.33363 66.30985 54779.711 0.049 1.06285 7.50111e-03 -2.69834e-01 5.68246e-02 3.10000 0 37.73985 1.12580e-02 1.26819e-05 1.61021e-05 -2.55236e-04 103 281.54727 1.65076e-18 1 0 5 1 7.44578e-02 1 256.49142 37.63984 54779.770 1.02045 2.88010e-02 -9 3.10002 -9 -9
SN: 11065 5 1 NULL 1 0.04100 0.00000 0.04134 0.00000 0.04128 0.00000 -1.58553e+01 0 4.30000e-02 -9 -9 -9 -9 66.61587 66.59164 66.55512 53858.672 0.098 0.90242 6.57492e-03 0.50025 2.29259e-02 3.10000 0 35.90389 1.20075e-02 6.96523e-06 2.20837e-06 -1.28123e-04 54 81.51607 9.15638e-03 1 0 103 1 4.12853e-02 1 15.85529 36.30441 53858.762 0.92011 0.25420 -9 3.10006 -9 -9
SN: 663 5 1 NULL 1 0.05836 0.00000 0.05715 0.00000 0.05742 0.00000 76.51180 0 3.10000e-02 -9 -9 -9 -9 66.35886 66.34016 66.09905 54801.438 0.089 0.95385 5.36080e-04 0.41917 2.01853e-02 3.10000 0 37.28412 1.54930e-02 5.08056e-08 -6.65730e-09 -2.11291e-04 42 38.68481 0.61730 1 0 17 1 5.74095e-02 1 -7.65118e+01 37.04815 54801.602 0.93755 0.70207 -9 3.09942 -9 -9
SN: 2116 5 1 NULL 1 0.07134 0.00000 0.07130 0.00000 0.07012 0.00000 -3.30307e+02 0 8.90000e-02 -9 -9 -9 -9 66.32829 66.22590 65.96074 54845.703 0.046 0.85415 5.05426e-03 -3.48950e-02 4.08554e-02 3.10000 0 37.75510 9.45021e-03 3.09198e-06 1.22561e-06 -1.09554e-04 85 149.03571 2.18965e-05 1 0 68 1 7.02020e-02 1 330.30673 37.50494 54845.680 0.85770 0.19920 -9 3.09996 -9 -9
SN: 963 5 1 NULL 1 0.07196 0.00000 0.07230 0.00000 0.07157 0.00000 -2.03303e+02 0 6.00000e-02 -9 -9 -9 -9 65.85049 65.36417 65.30099 54947.590 0.058 0.97231 2.20313e-04 0.55071 2.86968e-02 3.10000 0 37.14792 9.98619e-03 3.56183e-09 2.44983e-08 -1.09931e-04 75 72.10133 0.57344 1 0 127 1 7.16183e-02 1 203.30273 37.54884 54947.770 0.94016 0.42498 -9 3.09997 -9 -9
SN: 763 5 1 NULL 1 0.03945 0.00000 0.04061 0.00000 0.04076 0.00000 43.31199 0 2.40000e-02 -9 -9 -9 -9 66.56100 66.38613 66.37782 54529.289 0.095 1.17077 1.20995e-03 0.91823 1.71700e-02 3.10000 0 35.74159 9.89428e-03 -5.36345e-08 1.26124e-07 -1.08266e-04 49 98.23393 3.81570e-05 1 0 42 1 4.07494e-02 1 -4.33120e+01 36.27306 54528.730 0.97672 0.89655 -9 3.09973 -9 -9
SN: 11072 5 1 NULL 1 0.06123 0.00000 0.06039 0.00000 0.05987 0.00000 -1.47771e+02 0 2.60000e-02 -9 -9 -9 -9 66.50189 66.46867 66.41042 53404.621 0.042 1.05337 7.83671e-03 0.30008 1.48901e-02 3.10000 0 37.20168 9.07455e-03 6.34573e-06 1.38852e-05 -7.64393e-05 101 262.92130 2.27704e-16 1 0 91 1 5.98985e-02 1 147.77063 37.14491 53404.590 1.03749 0.67740 -9 3.10056 -9 -9
SN: 9322 5 1 NULL 1 0.04229 0.00000 0.04104 0.00000 0.04121 0.00000 47.83797 0 2.90000e-02 -9 -9 -9 -9 65.78396 65.75430 65.17734 54400.641 0.043 0.92932 3.32438e-03 0.67827 1.76148e-02 3.10000 0 35.98353 9.02262e-03 -5.81352e-06 1.21354e-05 -8.48550e-05 142 355.90976 2.36052e-20 1 0 53 1 4.12011e-02 1 -4.78380e+01 36.30270 54400.590 0.92976 0.39575 -9 3.10029 -9 -9
SN: 54 5 1 NULL 1 0.05525 0.00000 0.05654 0.00000 0.05594 0.00000 -1.70316e+02 0 3.30000e-02 -9 -9 -9 -9 66.10198 66.09800 65.72375 54964.348 0.059 0.87538 1.25432e-04 0.14730 2.15173e-02 3.10000 0 36.91456 1.38082e-02 1.69994e-09 4.44144e-09 -2.00018e-04 44 169.21530 1.39432e-16 1 0 101 1 5.59743e-02 1 170.31642 36.98750 54964.539 0.91845 0.13836 -9 3.09990 -9 -9
SN: 10568 5 1 NULL 1 0.05985 0.00000 0.06085 0.00000 0.06217 0.00000 372.73682 0 2.90000e-02 -9 -9 -9 -9 66.32755 66.23615 66.18913 54207.355 0.063 1.13829 1.17961e-02 0.46578 1.83296e-02 3.10000 0 37.44294 1.32312e-02 -3.12858e-05 6.34593e-05 -1.55682e-04 74 184.60617 1.99786e-11 1 0 15 1 6.20920e-02 1 -3.72737e+02 37.21907 54207.551 1.03791 0.62704 -9 3.10058 -9 -9
SN: 7841 5 1 NULL 1 0.04184 0.00000 0.04123 0.00000 0.04138 0.00000 43.08021 0 7.20000e-02 -9 -9 -9 -9 66.60546 66.58202 66.54998 54001.738 0.099 1.12251 1.11114e-02 0.34220 3.39429e-02 3.10000 0 36.02887 1.18503e-02 -2.17695e-06 2.22079e-05 -1.29970e-04 65 56.11073 0.77611 1 0 66 1 4.13725e-02 1 -4.30802e+01 36.31069 54001.871 1.11132 0.38338 -9 3.09882 -9 -9
SN: 9114 5 1 NULL 1 0.07498 0.00000 0.07367 0.00000 0.07402 0.00000 99.05049 0 5.20000e-02 -9 -9 -9 -9 66.44778 66.36165 65.96046 54073.613 0.099 0.84185 9.38807e-03 -8.73070e-02 3.14328e-02 3.10000 0 37.87146 2.06379e-02 8.25235e-05 -7.38926e-05 -4.34761e-04 28 42.66456 3.74912e-02 1 0 112 1 7.39998e-02 1 -9.90505e+01 37.62476 54073.531 0.84587 0.15184 -9 3.09973 -9 -9
SN: 6773 5 1 NULL 1 0.06751 0.00000 0.06686 0.00000 0.06626 0.00000 -1.67486e+02 0 6.20000e-02 -9 -9 -9 -9 65.71615 65.36949 65.05577 54497.238 0.125 1.01434 1.00758e-02 0.58480 3.07756e-02 3.10000 0 37.49121 1.32819e-02 5.28309e-05 -2.83699e-05 -1.94332e-04 74 163.38933 1.08219e-08 1 0 123 1 6.63011e-02 1 167.48592 37.37500 54497.590 1.01151 0.76864 -9 3.09944 -9 -9
SN: 5563 5 1 NULL 1 0.07873 0.00000 0.07976 0.00000 0.07888 0.00000 -2.45595e+02 0 3.70000e-02 -9 -9 -9 -9 66.04678 65.87148 65.01402 54558.797 0.090 1.03692 6.05706e-04 -2.53094e-01 2.33191e-02 3.10000 0 38.11343 1.72360e-02 1.40327e-07 -1.94114e-08 -2.74789e-04 25 102.91648 2.01554e-11 1 0 89 1 7.89424e-02 1 245.59514 37.77021 54559.578 0.84903 0.18760 -9 3.10168 -9 -9
SN: 5708 5 1 NULL 1 0.05518 0.00000 0.05440 0.00000 0.05326 0.00000 -3.23008e+02 0 1.90000e-02 -9 -9 -9 -9 66.39559 65.88757 65.85709 54499.625 0.126 1.21232 1.71626e-03 -1.94746e-01 2.23814e-02 3.10000 0 36.99317 2.22769e-02 4.44989e-07 -5.15746e-07 -4.29306e-04 38 37.91696 0.47327 1 0 2 1 5.33222e-02 1 323.00760 36.88328 54498.570 0.92691 0.26114 -9 3.10211 -9 -9
SN: 5737 5 1 NULL 1 0.04135 0.00000 0.04201 0.00000 0.04124 0.00000 -2.20184e+02 0 0.16900 -9 -9 -9 -9 66.01392 65.88844 65.86494 54727.332 0.056 1.07977 5.74419e-03 -8.24221e-02 1.78355e-02 3.10000 0 36.12503 1.19949e-02 -2.29011e-05 -2.46106e-05 1.48020e-04 161 467.06287 1.37673e-31 1 0 52 1 4.12714e-02 1 220.18408 36.30442 54726.879 1.12030 0.14003 -9 3.09987 -9 -9
SN: 6129 5 1 NULL 1 0.03957 0.00000 0.03921 0.00000 0.03933 0.00000 35.85691 0 2.30000e-02 -9 -9 -9 -9 66.17030 66.04964 65.83014 53834.020 0.101 0.99966 5.42779e-03 0.80015 1.36823e-02 3.10000 0 35.84043 7.57733e-03 -5.00018e-06 1.46901e-05 -5.41041e-05 122 268.26730 5.39016e-13 1 0 14 1 3.93275e-02 1 -3.58569e+01 36.19690 53833.910 1.03476 0.58319 -9 3.10177 -9 -9
SN: 2884 5 1 NULL 1 0.06820 0.00000 0.06703 0.00000 0.06665 0.00000 -1.05510e+02 0 3.00000e-02 -9 -9 -9 -9 66.46281 66.37890 65.43998 54400.680 0.127 0.94260 4.77969e-03 1.51064e-02 2.05449e-02 3.10000 0 37.31365 1.36485e-02 -1.54926e-05 2.50037e-05 -1.89258e-04 70 102.21541 7.24372e-03 1 0 65 1 6.66790e-02 1 105.51046 37.38856 54400.672 0.94096 2.39812e-02 -9 3.10047 -9 -9
SN: 1397 5 1 NULL 1 0.08057 0.00000 0.08106 0.00000 0.07944 0.00000 -4.49297e+02 0 7.80000e-02 -9 -9 -9 -9 66.56316 66.52818 66.51418 54566.090 0.117 1.09230 1.21575e-02 -2.74208e-01 4.21124e-02 3.10000 0 37.52661 2.35122e-02 -1.18967e-04 1.02640e-04 -5.74983e-04 53 67.84203 8.24336e-02 1 0 111 1 7.95654e-02 1 449.29663 37.79065 54566.520 1.06640 5.29175e-02 -9 3.09978 -9 -9
SN: 3155 5 1 NULL 1 0.07520 0.00000 0.07488 0.00000 0.07591 0.00000 288.23627 0 0.18400 -9 -9 -9 -9 64.87086 64.69831 63.81279 54885.711 0.041 1.01694 5.42448e-03 0.40307 2.13710e-02 3.10000 0 37.49003 1.80376e-02 1.43923e-05 9.94975e-06 2.04134e-04 75 127.01933 1.66510e-04 1 0 122 1 7.58358e-02 1 -2.88236e+02 37.67749 54885.520 1.03592 0.63948 -9 3.10168 -9 -9
SN: 8652 5 1 NULL 1 0.06409 0.00000 0.06294 0.00000 0.06228 0.00000 -1.85463e+02 0 3.10000e-02 -9 -9 -9 -9 66.63136 66.60366 66.60187 54395.734 0.060 0.96826 7.57154e-03 -3.97543e-01 2.12072e-02 3.10000 0 37.45672 1.71424e-02 2.04796e-05 -1.90715e-06 -2.65020e-04 35 84.00252 1.04322e-05 1 0 39 1 6.23218e-02 1 185.46280 37.23565 54395.660 0.97825 7.00743e-03 -9 3.10006 -9 -9
