# VERSION_SNANA      = v10_76e 
# VERSION_PHOTOMETRY = CSP_RAISIN_SIM 
# SNANA_VERSION : v10_76e 
# TABLE NAME: FITRES 
# 
VARNAMES:  CID IDSURVEY TYPE FIELD CUTFLAG_SNANA zHEL zHELERR zCMB zCMBERR zHD zHDERR VPEC VPECERR MWEBV HOST_LOGMASS HOST_LOGMASS_ERR HOST_sSFR HOST_sSFR_ERR SNRMAX1 SNRMAX2 SNRMAX3 PKMJD PKMJDERR STRETCH STRETCHERR AV AVERR RV RVERR DLMAG DLMAGERR COV_STRETCH_AV COV_STRETCH_DLMAG COV_AV_DLMAG NDOF FITCHI2 FITPROB SIM_TYPE_INDEX SIM_TEMPLATE_INDEX SIM_LIBID SIM_NGEN_LIBID SIM_ZCMB SIM_ZFLAG SIM_VPEC SIM_DLMAG SIM_PKMJD SIM_STRETCH SIM_AV SIMNULL1 SIM_RV SIM_x0 SIM_mB 
#
SN: 6266 5 1 NULL 1 0.06130 0.00000 0.06246 0.00000 0.06148 0.00000 -2.76890e+02 0 1.90000e-02 -9 -9 -9 -9 66.23209 66.22522 66.17613 54199.957 0.111 1.01460 6.65963e-03 0.11509 1.41431e-02 3.10000 0 37.20151 1.21657e-02 -6.35591e-06 1.51393e-05 -1.26303e-04 81 137.37869 9.35073e-05 1 0 18 1 6.15365e-02 1 276.88992 37.20281 54199.660 1.03602 0.22917 -9 3.10055 -9 -9
SN: 3700 5 1 NULL 1 0.06103 0.00000 0.06191 0.00000 0.06219 0.00000 79.45200 0 3.40000e-02 -9 -9 -9 -9 48.36392 46.89482 42.56312 54174.906 0.053 1.02769 5.20946e-04 1.34661 1.94062e-02 3.10000 0 37.09832 1.12323e-02 7.96796e-08 6.37037e-08 -1.26728e-04 193 379.43622 4.07658e-14 1 0 115 1 6.21785e-02 1 -7.94520e+01 37.22448 54174.852 1.02242 1.27168 -9 3.09896 -9 -9
SN: 4640 5 1 NULL 1 0.06112 0.00000 0.06216 0.00000 0.06282 0.00000 186.04895 0 2.70000e-02 -9 -9 -9 -9 66.01397 65.95591 65.95179 53406.730 0.026 0.89154 2.48306e-03 0.34909 1.37919e-02 3.10000 0 37.24785 7.21670e-03 2.80412e-06 -2.89735e-07 -5.03276e-05 232 326.40121 4.27252e-05 1 0 32 1 6.27824e-02 1 -1.86049e+02 37.24535 53406.719 0.89127 0.25216 -9 3.09985 -9 -9
SN: 3969 5 1 NULL 1 0.02265 0.00000 0.02207 0.00000 0.02193 0.00000 -3.97037e+01 0 0.10400 -9 -9 -9 -9 66.64899 66.64825 66.64823 54779.781 0.049 0.94667 3.77378e-03 -2.34592e-01 4.51230e-02 3.10000 0 34.86702 8.34542e-03 -2.02607e-05 1.12157e-05 -7.00047e-05 99 140.15546 4.12012e-03 1 0 5 1 2.19343e-02 1 39.70374 34.90207 54779.770 0.92803 0.29807 -9 3.10075 -9 -9
SN: 613 5 1 NULL 1 0.07788 0.00000 0.07656 0.00000 0.07562 0.00000 -2.60272e+02 0 4.60000e-02 -9 -9 -9 -9 66.35525 41.18972 -99 53701.949 5.013 1.20316 0.51275 -5.62401e-01 0.16762 3.10000 0 37.63292 0.10015 7.14045e-02 2.75193e-02 1.07430e-04 -1 1.34428e-02 1 1 0 55 1 7.56879e-02 1 260.27151 37.67873 53702.570 1.10633 3.30306e-03 -9 3.10066 -9 -9
SN: 1846 5 1 NULL 1 0.03909 0.00000 0.03942 0.00000 0.04004 0.00000 178.48221 0 4.30000e-02 -9 -9 -9 -9 66.55460 66.51382 66.49971 53859.184 0.067 0.91692 1.12742e-04 0.52470 2.46125e-02 3.10000 0 36.29366 1.06207e-02 1.54045e-09 2.19674e-09 -1.23944e-04 66 140.56212 2.57756e-07 1 0 103 1 4.00199e-02 1 -1.78482e+02 36.23346 53858.762 0.91509 0.67813 -9 3.09882 -9 -9
SN: 6636 5 1 NULL 1 0.03979 0.00000 0.03860 0.00000 0.03911 0.00000 149.01511 0 3.10000e-02 -9 -9 -9 -9 66.58013 66.57715 66.57507 54801.496 0.046 0.92615 1.50351e-04 0.41746 1.81374e-02 3.10000 0 36.10663 8.11990e-03 -4.27306e-09 1.20610e-08 -7.45669e-05 97 221.58984 9.62056e-12 1 0 17 1 3.90944e-02 1 -1.49015e+02 36.18457 54801.602 0.91262 0.43165 -9 3.09982 -9 -9
SN: 1205 5 1 NULL 1 0.07459 0.00000 0.07455 0.00000 0.07423 0.00000 -9.02473e+01 0 8.90000e-02 -9 -9 -9 -9 65.94001 65.43534 63.61717 54845.973 0.085 0.95940 8.74121e-03 0.33377 3.50248e-02 3.10000 0 37.82816 1.01526e-02 5.96641e-05 2.56636e-06 -9.18372e-05 61 211.26974 1.91636e-18 1 0 68 1 7.42534e-02 1 90.24730 37.63129 54845.680 0.95651 0.48342 -9 3.10068 -9 -9
SN: 3701 5 1 NULL 1 0.05934 0.00000 0.05898 0.00000 0.05944 0.00000 130.41283 0 4.60000e-02 -9 -9 -9 -9 66.24432 66.12892 66.00288 54839.668 0.153 1.01410 1.32599e-02 0.33757 2.40643e-02 3.10000 0 37.46538 1.21342e-02 7.08262e-06 -5.17368e-06 -1.45390e-04 61 131.02588 4.98169e-07 1 0 114 1 5.94173e-02 1 -1.30413e+02 37.12378 54840.621 0.78222 0.62831 -9 3.09982 -9 -9
SN: 2160 5 1 NULL 1 0.05987 0.00000 0.06020 0.00000 0.05861 0.00000 -4.51084e+02 0 6.00000e-02 -9 -9 -9 -9 66.18238 66.17979 66.16914 54947.605 0.094 0.99356 9.33729e-03 -2.47460e-02 2.91973e-02 3.10000 0 37.31268 1.11492e-02 1.89266e-05 1.81022e-05 -1.22624e-04 66 60.45812 0.66934 1 0 127 1 5.86977e-02 1 451.08447 37.09876 54947.770 0.99193 0.39587 -9 3.10105 -9 -9
SN: 9644 5 1 NULL 1 0.04271 0.00000 0.04388 0.00000 0.04415 0.00000 76.94048 0 2.40000e-02 -9 -9 -9 -9 66.56017 66.30357 65.80558 54528.879 0.115 1.17077 8.49444e-05 0.30229 1.99006e-02 3.10000 0 36.45820 1.13659e-02 1.32952e-10 7.98632e-10 -1.54939e-04 42 112.82477 2.11777e-08 1 0 42 1 4.41352e-02 1 -7.69405e+01 36.45150 54528.730 0.89995 0.37611 -9 3.10184 -9 -9
SN: 8908 5 1 NULL 1 0.07454 0.00000 0.07369 0.00000 0.07406 0.00000 102.70925 0 2.60000e-02 -9 -9 -9 -9 66.40169 66.24856 66.23645 53404.438 0.044 0.96944 6.18889e-03 5.25234e-02 1.56749e-02 3.10000 0 37.78225 1.12141e-02 5.60470e-06 9.12702e-06 -1.12736e-04 82 173.29361 1.69743e-08 1 0 91 1 7.40334e-02 1 -1.02709e+02 37.62484 53404.590 0.97572 0.37554 -9 3.09650 -9 -9
SN: 220 5 1 NULL 1 0.05704 0.00000 0.05804 0.00000 0.05878 0.00000 207.88829 0 3.70000e-02 -9 -9 -9 -9 65.93594 65.70287 65.53872 54559.285 0.078 1.06462 6.25327e-04 0.82704 2.37253e-02 3.10000 0 36.97699 1.64810e-02 -4.29526e-08 2.06493e-07 -2.64473e-04 30 69.16759 6.26988e-05 1 0 89 1 5.87364e-02 1 -2.07888e+02 37.09436 54559.578 0.84253 0.60212 -9 3.10130 -9 -9
SN: 10564 5 1 NULL 1 0.06818 0.00000 0.06739 0.00000 0.06703 0.00000 -1.02049e+02 0 1.90000e-02 -9 -9 -9 -9 65.38586 65.31257 63.92986 54498.535 0.064 1.06000 1.59794e-04 0.44522 1.93143e-02 3.10000 0 37.51477 1.92817e-02 1.00521e-08 -4.97802e-09 -3.20948e-04 49 146.95937 1.01460e-11 1 0 2 1 6.70520e-02 1 102.04945 37.40044 54498.570 1.04316 0.30605 -9 3.09971 -9 -9
SN: 6287 5 1 NULL 1 0.06449 0.00000 0.06542 0.00000 0.06404 0.00000 -3.87939e+02 0 2.60000e-02 -9 -9 -9 -9 66.26257 66.19772 66.09293 53358.004 0.075 1.03626 5.93036e-03 0.59178 1.61549e-02 3.10000 0 37.54018 1.09472e-02 2.92863e-06 1.16095e-05 -1.12185e-04 120 107.90398 0.77794 1 0 100 1 6.41226e-02 1 387.93900 37.29741 53357.770 1.05085 1.07199 -9 3.09911 -9 -9
SN: 1888 5 1 NULL 1 0.07483 0.00000 0.07446 0.00000 0.07455 0.00000 24.43400 0 2.30000e-02 -9 -9 -9 -9 64.85527 64.76534 64.65266 53834.102 0.086 0.84072 4.14119e-03 -3.18329e-01 1.47926e-02 3.10000 0 37.93820 1.04367e-02 3.63110e-06 -4.42421e-07 -1.03373e-04 145 224.92850 2.34282e-05 1 0 14 1 7.45393e-02 1 -2.44340e+01 37.63997 53833.910 0.84666 7.25348e-02 -9 3.09867 -9 -9
SN: 4972 5 1 NULL 1 0.05968 0.00000 0.05852 0.00000 0.05872 0.00000 55.90160 0 3.00000e-02 -9 -9 -9 -9 66.50787 66.40063 66.39537 54400.578 0.091 0.95611 4.39172e-03 0.14023 1.68799e-02 3.10000 0 37.39310 9.88528e-03 -1.17346e-05 1.68729e-05 -9.12743e-05 115 274.14505 5.08335e-15 1 0 65 1 5.87044e-02 1 -5.59016e+01 37.09862 54400.672 0.95244 0.47404 -9 3.10066 -9 -9
SN: 4446 5 1 NULL 1 0.02365 0.00000 0.02412 0.00000 0.02258 0.00000 -4.49864e+02 0 7.80000e-02 -9 -9 -9 -9 66.64816 66.64720 66.63805 54565.758 0.124 1.00648 1.01071e-02 0.58022 3.24287e-02 3.10000 0 34.52308 1.82017e-02 -4.28398e-05 6.87056e-05 -2.06272e-04 41 146.92856 7.61492e-14 1 0 111 1 2.26179e-02 1 449.86389 34.97049 54566.520 0.94356 0.28021 -9 3.09910 -9 -9
SN: 6066 5 1 NULL 1 0.06958 0.00000 0.06926 0.00000 0.06856 0.00000 -1.96950e+02 0 0.18400 -9 -9 -9 -9 65.50663 65.42613 64.52837 54885.586 0.099 0.96221 2.35913e-02 0.23448 8.50571e-02 3.10000 0 37.53228 2.83342e-02 -3.81000e-04 5.37808e-04 -7.88360e-04 42 75.78580 1.07696e-03 1 0 122 1 6.86023e-02 1 196.95006 37.45213 54885.520 0.87429 0.62009 -9 3.09974 -9 -9
SN: 5500 5 1 NULL 1 0.03732 0.00000 0.03620 0.00000 0.03699 0.00000 227.56972 0 3.10000e-02 -9 -9 -9 -9 66.55341 66.53635 66.41859 54396.027 0.103 0.99266 1.16994e-02 1.21268 3.61451e-02 3.10000 0 36.41467 3.36996e-02 1.56716e-05 4.47837e-05 -1.08882e-03 17 36.70176 5.72962e-03 1 0 39 1 3.69589e-02 1 -2.27570e+02 36.05850 54395.660 1.00800 1.58498 -9 3.09910 -9 -9
SN: 9449 5 1 NULL 1 0.07912 0.00000 0.07816 0.00000 0.07707 0.00000 -3.04495e+02 0 3.00000e-02 -9 -9 -9 -9 66.54259 66.50739 66.30524 54357.824 0.173 1.18923 9.73448e-05 1.14614e-02 2.24330e-02 3.10000 0 37.74589 1.57108e-02 6.07725e-09 -5.34470e-09 -2.65866e-04 26 54.76761 8.11701e-04 1 0 88 1 7.71490e-02 1 304.49503 37.72200 54359.781 0.83030 3.34244e-02 -9 3.10056 -9 -9
SN: 9717 5 1 NULL 1 0.05899 0.00000 0.06013 0.00000 0.06047 0.00000 96.02943 0 3.00000e-02 -9 -9 -9 -9 66.48875 66.45944 66.43877 54552.695 0.058 1.14901 9.77769e-03 -1.58018e-01 1.59212e-02 3.10000 0 36.65520 9.79568e-03 -1.86651e-05 3.06433e-05 -7.86546e-05 97 207.13373 5.65842e-10 1 0 1 1 6.04484e-02 1 -9.60294e+01 37.15990 54552.730 1.15089 9.21361e-04 -9 3.10037 -9 -9
SN: 10796 5 1 NULL 1 0.05915 0.00000 0.06029 0.00000 0.05928 0.00000 -2.85161e+02 0 2.50000e-02 -9 -9 -9 -9 66.54873 66.26818 66.24245 53488.184 0.002 1.49589 2.45044e-02 0.29561 3.09997e-02 3.10000 0 37.47606 3.13723e-02 3.88653e-04 -3.54233e-04 -8.85248e-04 22 65.19767 3.68414e-06 1 0 51 1 5.93344e-02 1 285.16125 37.12040 53484.641 0.97263 0.90730 -9 3.09881 -9 -9
SN: 11016 5 1 NULL 1 0.07990 0.00000 0.07961 0.00000 0.07871 0.00000 -2.51387e+02 0 3.60000e-02 -9 -9 -9 -9 65.80313 65.75713 65.39944 54598.945 0.037 0.83036 3.99427e-03 0.15900 1.92838e-02 3.10000 0 37.81831 1.13856e-02 7.20352e-06 4.75990e-06 -1.15722e-04 97 86.89639 0.75926 1 0 99 1 7.87755e-02 1 251.38730 37.76805 54598.898 0.83269 0.27429 -9 3.09850 -9 -9
SN: 6650 5 1 NULL 1 0.04290 0.00000 0.04414 0.00000 0.04424 0.00000 29.62572 0 2.10000e-02 -9 -9 -9 -9 66.45752 66.38486 66.35480 54898.488 0.121 0.98511 7.41636e-03 0.25936 1.46358e-02 3.10000 0 36.12138 8.54127e-03 1.23808e-05 1.99032e-05 -7.02502e-05 70 37.92783 0.99938 1 0 13 1 4.42428e-02 1 -2.96257e+01 36.45713 54898.648 0.96503 0.46370 -9 3.09984 -9 -9
SN: 7773 5 1 NULL 1 0.05070 0.00000 0.05200 0.00000 0.05159 0.00000 -1.18049e+02 0 4.20000e-02 -9 -9 -9 -9 66.32819 66.21796 66.16210 54870.629 0.074 0.82923 8.32880e-05 0.37951 2.37979e-02 3.10000 0 36.68970 1.47032e-02 6.82866e-09 -7.02436e-09 -2.06352e-04 52 120.66784 2.21394e-07 1 0 110 1 5.16066e-02 1 118.04903 36.80391 54870.789 0.84439 0.26781 -9 3.10067 -9 -9
SN: 5491 5 1 NULL 1 0.03663 0.00000 0.03631 0.00000 0.03579 0.00000 -1.49868e+02 0 1.00000e-02 -9 -9 -9 -9 66.04430 65.94228 65.92606 54422.711 0.040 0.92988 2.84663e-03 0.20907 8.33445e-03 3.10000 0 35.78878 7.72148e-03 -5.44834e-06 1.18636e-05 -4.70622e-05 199 198.65688 0.49353 1 0 27 1 3.58082e-02 1 149.86844 35.98894 54422.730 0.93339 0.17747 -9 3.10051 -9 -9
SN: 11021 5 1 NULL 1 0.07330 0.00000 0.07391 0.00000 0.07361 0.00000 -8.42464e+01 0 3.20000e-02 -9 -9 -9 -9 66.38843 66.30963 66.21690 54200.852 0.055 1.13687 9.94570e-03 0.64787 1.77986e-02 3.10000 0 37.22547 9.69464e-03 -1.63647e-05 2.83259e-05 -9.19353e-05 103 245.18893 1.30748e-13 1 0 76 1 7.36316e-02 1 84.24636 37.61074 54200.852 1.10520 0.25753 -9 3.10228 -9 -9
SN: 3135 5 1 NULL 1 0.06959 0.00000 0.06902 0.00000 0.07054 0.00000 425.61975 0 1.90000e-02 -9 -9 -9 -9 66.46375 66.43581 66.32016 54740.723 0.009 0.93592 3.71031e-03 1.88638e-05 1.35511e-02 3.10000 0 37.44357 1.06855e-02 6.96390e-06 5.45181e-06 -1.02227e-04 82 178.72220 3.77058e-09 1 0 105 1 7.04367e-02 1 -4.25620e+02 37.50852 54740.750 0.94340 0.20708 -9 3.10167 -9 -9
SN: 6908 5 1 NULL 1 0.06919 0.00000 0.07028 0.00000 0.07038 0.00000 28.98923 0 5.70000e-02 -9 -9 -9 -9 66.37261 66.35339 66.22150 54229.652 0.061 1.13542 1.00757e-02 0.57362 3.09582e-02 3.10000 0 37.00787 1.02429e-02 -1.75750e-05 3.06393e-05 -1.36312e-04 99 180.37372 1.10435e-06 1 0 19 1 7.03715e-02 1 -2.89892e+01 37.50573 54229.691 1.18514 0.18649 -9 3.10091 -9 -9
SN: 5167 5 1 NULL 1 0.05976 0.00000 0.05847 0.00000 0.05874 0.00000 75.85012 0 0.11400 -9 -9 -9 -9 65.35691 64.96653 63.68408 53699.836 0.058 0.97263 9.05435e-03 0.80415 5.84259e-02 3.10000 0 36.89278 1.31022e-02 3.08973e-05 1.43817e-05 -2.49962e-04 63 201.97597 1.81013e-16 1 0 70 1 5.87250e-02 1 -7.58501e+01 37.09954 53699.539 0.96407 0.84427 -9 3.09998 -9 -9
SN: 5469 5 1 NULL 1 0.06944 0.00000 0.06890 0.00000 0.06813 0.00000 -2.17174e+02 0 8.90000e-02 -9 -9 -9 -9 66.28188 65.85828 65.80114 54369.023 0.065 1.03231 8.87991e-05 0.65636 4.44087e-02 3.10000 0 37.40598 1.74771e-02 -1.69346e-09 3.09966e-09 -3.71924e-04 40 19.07438 0.99795 1 0 116 1 6.81774e-02 1 217.17365 37.43857 54368.871 1.04446 0.84735 -9 3.10012 -9 -9
SN: 6558 5 1 NULL 1 0.05832 0.00000 0.05709 0.00000 0.05662 0.00000 -1.33453e+02 0 6.30000e-02 -9 -9 -9 -9 66.35445 66.32272 66.29852 54112.152 0.128 0.93679 1.12368e-02 -2.09411e-01 2.96610e-02 3.10000 0 36.96799 1.33081e-02 3.36885e-05 5.84592e-06 -1.50913e-04 41 89.58823 1.77290e-05 1 0 33 1 5.66423e-02 1 133.45348 37.01924 54112.539 0.89724 0.12120 -9 3.10079 -9 -9
SN: 6361 5 1 NULL 1 0.06937 0.00000 0.07069 0.00000 0.07157 0.00000 247.04840 0 3.50000e-02 -9 -9 -9 -9 66.32821 66.19140 65.93350 54229.520 0.099 0.95522 6.70732e-03 -3.85814e-01 2.27458e-02 3.10000 0 37.85073 1.82786e-02 -1.02132e-05 2.36666e-05 -2.88747e-04 59 54.35480 0.68120 1 0 45 1 7.15175e-02 1 -2.47048e+02 37.54059 54229.578 0.94996 1.75748e-02 -9 3.09992 -9 -9
SN: 1656 5 1 NULL 1 0.07355 0.00000 0.07227 0.00000 0.07250 0.00000 64.33229 0 4.70000e-02 -9 -9 -9 -9 66.57849 66.57626 66.56057 53265.672 0.027 1.00199 3.17391e-03 -1.66961e-01 2.14707e-02 3.10000 0 37.31684 7.86706e-03 -3.63151e-06 5.73710e-06 -7.51220e-05 223 508.81171 2.21711e-24 1 0 93 1 7.24861e-02 1 -6.43323e+01 37.57778 53265.648 1.00238 5.06587e-03 -9 3.09862 -9 -9
SN: 6853 5 1 NULL 1 0.07388 0.00000 0.07289 0.00000 0.07220 0.00000 -1.92033e+02 0 2.80000e-02 -9 -9 -9 -9 66.46877 66.46248 66.41797 53666.789 0.087 0.99976 6.36113e-03 0.41459 1.58125e-02 3.10000 0 37.34611 8.63945e-03 7.61738e-06 2.90847e-06 -7.39447e-05 100 198.52675 1.72498e-08 1 0 6 1 7.22492e-02 1 192.03285 37.57145 53666.719 0.99680 0.20407 -9 3.09929 -9 -9
SN: 6378 5 1 NULL 1 0.04529 0.00000 0.04455 0.00000 0.04201 0.00000 -7.29669e+02 0 0.12500 -9 -9 -9 -9 66.56888 66.54920 66.52158 54066.633 0.087 0.88079 3.36114e-03 0.39367 4.49181e-02 3.10000 0 36.28800 8.65683e-03 -1.01273e-05 4.04046e-07 -6.36494e-05 90 101.74385 0.18697 1 0 56 1 4.21185e-02 1 729.66882 36.35630 54066.750 0.87894 0.27141 -9 3.10053 -9 -9
SN: 3253 5 1 NULL 1 0.05476 0.00000 0.05592 0.00000 0.05599 0.00000 19.76702 0 1.90000e-02 -9 -9 -9 -9 66.20492 66.20167 66.18937 54199.812 0.009 1.00728 4.86886e-03 0.38905 1.32169e-02 3.10000 0 36.88645 1.08749e-02 -5.37480e-06 1.87101e-05 -9.92951e-05 83 112.35504 1.76529e-02 1 0 18 1 5.59849e-02 1 -1.97670e+01 36.98690 54199.660 1.00772 0.20208 -9 3.10087 -9 -9
SN: 7824 5 1 NULL 1 0.07087 0.00000 0.07192 0.00000 0.07130 0.00000 -1.71429e+02 0 2.70000e-02 -9 -9 -9 -9 66.01019 66.00986 65.87482 53406.742 0.031 0.99581 3.45790e-03 -2.24730e-03 1.57081e-02 3.10000 0 37.79157 8.29394e-03 2.69238e-07 4.11651e-06 -7.52181e-05 228 343.18069 1.20829e-06 1 0 32 1 7.13432e-02 1 171.42888 37.53842 53406.719 1.00041 0.13866 -9 3.10130 -9 -9
SN: 11079 5 1 NULL 1 0.04031 0.00000 0.04084 0.00000 0.04018 0.00000 -1.91055e+02 0 6.70000e-02 -9 -9 -9 -9 66.54044 66.49424 66.48378 53741.156 0.086 0.83308 3.76559e-03 0.51186 3.55317e-02 3.10000 0 35.96487 1.16895e-02 -1.53534e-05 8.16931e-06 -1.70644e-04 108 256.23746 4.56311e-14 1 0 92 1 4.02010e-02 1 191.05496 36.24571 53740.770 0.85558 0.18389 -9 3.10032 -9 -9
SN: 517 5 1 NULL 1 0.07827 0.00000 0.07888 0.00000 0.07866 0.00000 -6.01175e+01 0 3.20000e-02 -9 -9 -9 -9 66.53837 66.48446 63.93067 54200.797 0.072 0.96871 5.35828e-03 -1.51972e-01 1.73906e-02 3.10000 0 37.55103 1.18236e-02 -4.65408e-06 2.05566e-05 -1.10160e-04 56 136.59593 1.10339e-08 1 0 76 1 7.86777e-02 1 60.11755 37.76211 54200.852 0.93120 1.82288e-03 -9 3.09971 -9 -9
SN: 3857 5 1 NULL 1 0.02975 0.00000 0.02913 0.00000 0.02930 0.00000 50.48355 0 6.40000e-02 -9 -9 -9 -9 66.61535 66.61032 66.60989 53655.062 0.090 0.95676 8.21296e-03 -4.42087e-02 3.49972e-02 3.10000 0 35.51676 1.11189e-02 -7.59866e-06 3.27921e-05 -1.47191e-04 70 119.09396 2.30438e-04 1 0 121 1 2.92952e-02 1 -5.04835e+01 35.54181 53655.770 0.85815 6.65581e-02 -9 3.09947 -9 -9
SN: 9605 5 1 NULL 1 0.05227 0.00000 0.05348 0.00000 0.05378 0.00000 84.78014 0 3.60000e-02 -9 -9 -9 -9 66.46552 66.43082 66.41898 54180.652 0.041 0.89012 3.72558e-03 0.30074 1.89899e-02 3.10000 0 36.72966 9.71260e-03 1.61837e-06 8.79644e-06 -8.39004e-05 86 150.80284 1.97292e-05 1 0 134 1 5.37649e-02 1 -8.47801e+01 36.89502 54180.648 0.88726 0.31598 -9 3.09894 -9 -9
SN: 4526 5 1 NULL 1 0.07716 0.00000 0.07832 0.00000 0.07799 0.00000 -9.22074e+01 0 4.60000e-02 -9 -9 -9 -9 65.16098 64.99167 64.41330 53438.664 0.105 0.85365 4.26324e-03 -1.19778e-01 2.55178e-02 3.10000 0 38.00428 1.45769e-02 -3.37782e-06 5.36827e-06 -2.24997e-04 150 132.20088 0.84907 1 0 98 1 7.80143e-02 1 92.20741 37.74184 53438.602 0.85545 5.97390e-02 -9 3.09960 -9 -9
SN: 192 5 1 NULL 1 0.06850 0.00000 0.06812 0.00000 0.06723 0.00000 -2.49535e+02 0 1.80000e-02 -9 -9 -9 -9 65.52213 64.80841 64.80388 54057.664 0.044 1.07445 9.71576e-03 0.42610 1.62401e-02 3.10000 0 37.28386 1.71680e-02 -2.07641e-06 4.42042e-05 -2.27846e-04 105 267.34085 3.97219e-16 1 0 11 1 6.72862e-02 1 249.53484 37.40854 54057.660 1.07438 2.36478e-02 -9 3.10007 -9 -9
SN: 7012 5 1 NULL 1 0.07267 0.00000 0.07155 0.00000 0.07195 0.00000 111.29451 0 2.40000e-02 -9 -9 -9 -9 66.39887 66.37125 66.34357 54768.918 0.003 0.93096 3.10646e-03 0.73921 1.35886e-02 3.10000 0 37.20528 8.90792e-03 1.17946e-06 4.95360e-06 -7.05029e-05 119 201.74646 3.31556e-06 1 0 63 1 7.19199e-02 1 -1.11295e+02 37.55926 54768.609 0.94755 0.61344 -9 3.10013 -9 -9
SN: 201 5 1 NULL 1 0.03232 0.00000 0.03113 0.00000 0.03247 0.00000 389.26318 0 2.00000e-02 -9 -9 -9 -9 66.56822 66.42596 66.33520 53697.543 0.049 0.98101 4.31742e-03 0.84505 1.33326e-02 3.10000 0 35.81310 7.67632e-03 2.89115e-06 1.02653e-05 -6.04617e-05 102 77.43222 0.96666 1 0 26 1 3.24278e-02 1 -3.89263e+02 35.76627 53697.559 0.97438 1.12320 -9 3.09878 -9 -9
SN: 5109 5 1 NULL 1 0.07344 0.00000 0.07226 0.00000 0.07121 0.00000 -2.93918e+02 0 3.20000e-02 -9 -9 -9 -9 66.54186 66.51596 66.38796 54007.812 0.074 0.95699 5.27921e-03 0.34325 1.75319e-02 3.10000 0 37.20320 9.67659e-03 6.45536e-06 8.14939e-06 -8.83901e-05 73 127.72281 7.87858e-05 1 0 120 1 7.12838e-02 1 293.91769 37.54185 54007.711 0.96061 0.21457 -9 3.09978 -9 -9
SN: 3946 5 1 NULL 1 0.03038 0.00000 0.02942 0.00000 0.02799 0.00000 -4.16142e+02 0 6.20000e-02 -9 -9 -9 -9 66.27151 66.24406 66.24353 53414.520 0.008 0.98219 6.45787e-03 -4.84936e-02 3.27513e-02 3.10000 0 35.55904 1.26860e-02 7.98399e-07 -8.99491e-07 -1.68908e-04 76 143.78648 4.34582e-06 1 0 37 1 2.80324e-02 1 416.14230 35.44808 53414.520 0.94352 8.04945e-02 -9 3.10084 -9 -9
SN: 1473 5 1 NULL 1 0.02723 0.00000 0.02811 0.00000 0.02703 0.00000 -3.15880e+02 0 2.20000e-02 -9 -9 -9 -9 66.57693 66.57174 66.55067 54942.785 0.063 0.95846 1.31184e-04 -2.06723e-02 1.40317e-02 3.10000 0 35.55773 8.59046e-03 4.45254e-09 3.27521e-09 -7.37589e-05 57 146.25545 8.79375e-10 1 0 133 1 2.70544e-02 1 315.88037 35.36480 54942.531 0.99212 3.37142e-02 -9 3.10087 -9 -9
SN: 8056 5 1 NULL 1 0.01470 0.00000 0.01373 0.00000 0.01408 0.00000 103.93379 0 9.30000e-02 -9 -9 -9 -9 66.65302 66.65132 66.65099 53280.438 0.029 1.00077 4.33887e-03 0.43880 4.20155e-02 3.10000 0 33.62595 7.11910e-03 -5.50150e-07 9.41168e-06 -6.63594e-05 157 225.73672 2.69295e-04 1 0 49 1 1.40765e-02 1 -1.03934e+02 33.92586 53280.512 0.97711 0.13702 -9 3.09898 -9 -9
SN: 836 5 1 NULL 1 0.07887 0.00000 0.07764 0.00000 0.07775 0.00000 31.42363 0 0.11800 -9 -9 -9 -9 65.40093 65.18195 65.07625 53304.594 0.040 1.08851 6.49546e-03 0.40015 4.45745e-02 3.10000 0 37.55704 9.28256e-03 -3.10195e-05 1.55320e-05 -1.51819e-04 176 180.96492 0.38299 1 0 97 1 7.77401e-02 1 -3.14236e+01 37.73778 53304.570 1.10214 0.19061 -9 3.09976 -9 -9
SN: 9629 5 1 NULL 1 0.06878 0.00000 0.06765 0.00000 0.06697 0.00000 -1.90550e+02 0 2.60000e-02 -9 -9 -9 -9 66.42727 66.35863 66.28749 53687.965 0.002 1.12923 2.49134e-04 0.16546 2.26531e-02 3.10000 0 37.55890 2.05738e-02 -3.11479e-08 4.20986e-08 -3.93274e-04 38 92.27174 2.06896e-06 1 0 10 1 6.70165e-02 1 190.55029 37.40052 53687.641 1.13731 0.27759 -9 3.09954 -9 -9
SN: 5017 5 1 NULL 1 0.07119 0.00000 0.07230 0.00000 0.07258 0.00000 76.77380 0 2.70000e-02 -9 -9 -9 -9 66.08016 65.93160 65.44360 54819.406 0.061 1.09231 8.03788e-05 -5.41301e-03 1.75165e-02 3.10000 0 37.28571 1.08228e-02 5.02205e-09 -1.63456e-09 -1.25688e-04 83 131.94493 5.09073e-04 1 0 61 1 7.25581e-02 1 -7.67738e+01 37.57510 54818.770 1.09286 0.15409 -9 3.09988 -9 -9
SN: 1884 5 1 NULL 1 0.07514 0.00000 0.07454 0.00000 0.07491 0.00000 105.28902 0 0.10400 -9 -9 -9 -9 66.19752 66.16324 65.79218 54779.816 0.041 0.92009 3.34138e-03 9.53007e-02 4.33045e-02 3.10000 0 37.77755 9.38797e-03 -1.60150e-05 6.07716e-06 -1.45541e-04 131 274.76724 3.11263e-12 1 0 5 1 7.48864e-02 1 -1.05289e+02 37.65051 54779.770 0.92481 0.34082 -9 3.10098 -9 -9
SN: 3689 5 1 NULL 1 0.05376 0.00000 0.05247 0.00000 0.05200 0.00000 -1.33684e+02 0 4.60000e-02 -9 -9 -9 -9 66.33807 66.32887 66.32783 53702.410 0.080 0.87539 1.91860e-04 0.17787 2.63386e-02 3.10000 0 36.86943 1.75605e-02 1.32801e-06 -6.15497e-07 -2.86005e-04 30 98.74635 2.92610e-09 1 0 55 1 5.20278e-02 1 133.68445 36.82767 53702.570 0.87144 0.24436 -9 3.10278 -9 -9
SN: 5337 5 1 NULL 1 0.06713 0.00000 0.06748 0.00000 0.06719 0.00000 -7.94077e+01 0 4.30000e-02 -9 -9 -9 -9 66.52281 66.50201 66.39643 53858.527 0.096 0.94378 6.57537e-03 -1.52841e-01 2.35684e-02 3.10000 0 37.50768 1.27376e-02 1.08466e-05 -2.29025e-06 -1.60239e-04 67 220.83490 2.60865e-18 1 0 103 1 6.72120e-02 1 79.40774 37.40340 53858.762 0.96333 6.02965e-02 -9 3.10112 -9 -9
SN: 1654 5 1 NULL 1 0.07413 0.00000 0.07290 0.00000 0.07248 0.00000 -1.18235e+02 0 3.10000e-02 -9 -9 -9 -9 66.39929 66.34431 66.22713 54800.520 0.086 1.07385 7.22351e-05 3.75319e-02 1.92737e-02 3.10000 0 37.62443 1.35206e-02 6.22706e-10 8.26563e-10 -1.74808e-04 47 135.28607 1.75751e-10 1 0 17 1 7.25058e-02 1 118.23483 37.57952 54801.602 0.90408 9.89377e-02 -9 3.10114 -9 -9
SN: 9452 5 1 NULL 1 0.04899 0.00000 0.04895 0.00000 0.04951 0.00000 159.95731 0 8.90000e-02 -9 -9 -9 -9 66.51460 66.45637 66.41259 54845.617 0.007 1.08698 9.46387e-03 0.60514 4.51411e-02 3.10000 0 36.21846 1.04810e-02 1.05595e-05 9.62000e-06 -1.52656e-04 70 219.76587 2.28156e-17 1 0 68 1 4.94836e-02 1 -1.59957e+02 36.71022 54845.680 1.05176 0.33158 -9 3.09999 -9 -9
SN: 8525 5 1 NULL 1 0.07583 0.00000 0.07547 0.00000 0.07635 0.00000 245.15353 0 4.60000e-02 -9 -9 -9 -9 66.37280 66.35201 66.24734 54840.953 0.065 0.91549 3.50633e-03 5.20276e-02 2.52978e-02 3.10000 0 37.57225 1.00028e-02 -2.46779e-06 6.06519e-06 -1.19460e-04 118 211.27808 2.93733e-07 1 0 114 1 7.62872e-02 1 -2.45154e+02 37.69143 54840.621 0.92001 1.12499e-02 -9 3.10182 -9 -9
SN: 9124 5 1 NULL 1 0.03802 0.00000 0.03835 0.00000 0.03844 0.00000 27.69601 0 6.00000e-02 -9 -9 -9 -9 66.46874 66.46239 66.35653 54947.504 0.086 1.05538 1.17914e-04 3.69718e-02 3.09018e-02 3.10000 0 36.40435 9.54642e-03 2.27522e-09 2.52234e-09 -9.95829e-05 48 182.28734 1.59315e-17 1 0 127 1 3.84406e-02 1 -2.76960e+01 36.14457 54947.770 0.91753 0.15109 -9 3.09991 -9 -9
SN: 8769 5 1 NULL 1 0.06570 0.00000 0.06689 0.00000 0.06672 0.00000 -4.54862e+01 0 2.40000e-02 -9 -9 -9 -9 66.16024 65.79259 61.61900 54528.844 0.063 0.99226 8.67027e-03 4.33136e-02 1.76841e-02 3.10000 0 37.58770 9.61130e-03 4.51874e-05 1.58775e-05 -9.69174e-05 62 36.56198 0.99586 1 0 42 1 6.67368e-02 1 45.48621 37.38532 54528.730 0.99813 0.65132 -9 3.10077 -9 -9
SN: 5178 5 1 NULL 1 0.06184 0.00000 0.06100 0.00000 0.06070 0.00000 -8.66327e+01 0 2.60000e-02 -9 -9 -9 -9 66.55572 66.48438 66.44536 53404.660 0.051 0.93463 9.14982e-03 -1.59610e-01 1.86124e-02 3.10000 0 37.23931 1.83552e-02 -1.75365e-05 7.40822e-05 -2.46281e-04 44 25.56440 0.98814 1 0 91 1 6.07142e-02 1 86.63270 37.17512 53404.590 0.91957 0.14706 -9 3.09997 -9 -9
SN: 3013 5 1 NULL 1 0.06062 0.00000 0.06187 0.00000 0.06158 0.00000 -8.06363e+01 0 2.70000e-02 -9 -9 -9 -9 65.83578 65.79539 65.76051 53707.016 0.057 0.88602 3.59851e-03 0.36406 1.60708e-02 3.10000 0 37.34956 9.27528e-03 3.70962e-06 3.55247e-06 -8.80284e-05 132 276.17368 3.12265e-12 1 0 67 1 6.15975e-02 1 80.63631 37.20354 53706.840 0.87964 0.36421 -9 3.09882 -9 -9
SN: 57 5 1 NULL 1 0.07711 0.00000 0.07748 0.00000 0.07723 0.00000 -6.75015e+01 0 0.12200 -9 -9 -9 -9 66.33014 66.23470 66.08724 54182.555 0.097 0.97231 2.06217e-04 -3.03835e-01 4.80839e-02 3.10000 0 37.64840 1.47536e-02 -7.32179e-08 5.81815e-08 2.91295e-06 67 168.46213 1.06109e-10 1 0 30 1 7.72517e-02 1 67.50150 37.72080 54182.719 0.95031 0.27803 -9 3.10172 -9 -9
SN: 925 5 1 NULL 1 0.06478 0.00000 0.06400 0.00000 0.06370 0.00000 -8.24035e+01 0 0.11600 -9 -9 -9 -9 66.50665 66.43233 66.41756 54456.445 0.075 0.90570 1.23311e-02 -3.08071e-01 4.75625e-02 3.10000 0 37.70451 1.41743e-02 -3.20121e-05 5.76613e-05 -1.56854e-04 41 59.92943 2.83322e-02 1 0 79 1 6.37217e-02 1 82.40352 37.28459 54456.609 0.88501 8.86658e-02 -9 3.09920 -9 -9
SN: 8093 5 1 NULL 1 0.08016 0.00000 0.07935 0.00000 0.07942 0.00000 19.65082 0 1.50000e-02 -9 -9 -9 -9 66.12432 66.04786 65.88698 54098.254 0.158 1.08483 3.78070e-02 0.41878 3.94949e-02 3.10000 0 37.59106 4.02865e-02 2.94752e-04 4.27749e-04 -1.36237e-03 10 45.06543 2.11641e-06 1 0 124 1 7.94168e-02 1 -1.96508e+01 37.78585 54098.609 0.95678 0.28971 -9 3.10087 -9 -9
SN: 8434 5 1 NULL 1 0.05431 0.00000 0.05557 0.00000 0.05713 0.00000 440.62485 0 7.50000e-02 -9 -9 -9 -9 66.10431 65.83964 65.65894 54547.090 0.087 0.82976 5.62952e-03 0.50211 4.00559e-02 3.10000 0 37.04215 1.79928e-02 3.17214e-05 -2.07768e-05 -3.72407e-04 34 49.27219 4.37531e-02 1 0 108 1 5.70449e-02 1 -4.40625e+02 37.02616 54546.738 0.83567 0.12524 -9 3.09881 -9 -9
SN: 419 5 1 NULL 1 0.06875 0.00000 0.06995 0.00000 0.07024 0.00000 81.05109 0 3.20000e-02 -9 -9 -9 -9 66.36797 66.34956 66.24345 54541.852 0.090 1.09343 9.44805e-03 -5.36546e-01 1.96257e-02 3.10000 0 37.66798 1.12752e-02 6.47932e-06 1.85557e-05 -1.35334e-04 81 170.07007 4.07568e-08 1 0 24 1 7.02203e-02 1 -8.10511e+01 37.50024 54541.738 1.06479 7.11341e-03 -9 3.10056 -9 -9
SN: 4358 5 1 NULL 1 0.04403 0.00000 0.04521 0.00000 0.04423 0.00000 -2.83613e+02 0 3.50000e-02 -9 -9 -9 -9 66.58045 66.56461 66.54735 54128.445 0.138 1.13385 9.70225e-05 0.19283 2.17705e-02 3.10000 0 36.40484 1.35028e-02 -2.04918e-10 1.85803e-09 -1.83973e-04 48 161.67860 3.14281e-14 1 0 73 1 4.42691e-02 1 283.61252 36.46076 54129.789 0.79173 9.14150e-02 -9 3.10073 -9 -9
SN: 3633 5 1 NULL 1 0.06894 0.00000 0.06852 0.00000 0.07012 0.00000 450.80820 0 2.10000e-02 -9 -9 -9 -9 63.66212 62.80158 61.94662 53700.727 0.041 0.91125 3.44501e-03 0.61324 1.36250e-02 3.10000 0 37.65762 1.04341e-02 7.11665e-07 6.84927e-06 -9.57482e-05 210 298.35291 5.82266e-05 1 0 119 1 7.00208e-02 1 -4.50808e+02 37.49454 53700.711 0.90817 0.67233 -9 3.10023 -9 -9
SN: 10259 5 1 NULL 1 0.02357 0.00000 0.02356 0.00000 0.02326 0.00000 -8.62142e+01 0 9.80000e-02 -9 -9 -9 -9 66.59595 66.58699 66.53504 53644.652 0.092 0.75777 3.60500e-03 0.66979 5.45984e-02 3.10000 0 34.89100 1.08382e-02 2.21349e-05 -1.59272e-05 -1.58784e-04 124 450.58780 1.27197e-38 1 0 36 1 2.32678e-02 1 86.21421 35.03152 53644.879 0.73386 8.36680e-02 -9 3.10080 -9 -9
SN: 5118 5 1 NULL 1 0.06258 0.00000 0.06371 0.00000 0.06347 0.00000 -6.92847e+01 0 2.30000e-02 -9 -9 -9 -9 65.73891 65.69856 65.22104 53364.031 0.084 1.05692 8.54895e-03 1.08105 1.63420e-02 3.10000 0 37.41721 1.33065e-02 -1.70076e-05 4.66213e-05 -1.56328e-04 129 315.69446 1.79616e-17 1 0 132 1 6.34822e-02 1 69.28473 37.27203 53363.859 1.03829 1.37980 -9 3.10079 -9 -9
SN: 7423 5 1 NULL 1 0.07678 0.00000 0.07744 0.00000 0.07645 0.00000 -2.75571e+02 0 0.19500 -9 -9 -9 -9 64.89416 64.81493 63.66884 54812.746 0.091 0.88000 1.12941e-03 0.50934 6.91187e-02 3.10000 0 37.76186 1.20211e-02 -6.68112e-07 1.08607e-06 -1.26948e-04 76 49.00448 0.99315 1 0 48 1 7.65181e-02 1 275.57077 37.69978 54812.852 0.86490 0.42727 -9 3.09787 -9 -9
SN: 2197 5 1 NULL 1 0.07576 0.00000 0.07708 0.00000 0.07857 0.00000 414.68082 0 4.80000e-02 -9 -9 -9 -9 66.26343 66.13764 65.79884 54575.707 0.095 0.82127 5.78051e-03 -1.60925e-02 2.95045e-02 3.10000 0 37.73441 1.93972e-02 5.53643e-05 -4.81027e-05 -3.93851e-04 41 21.87621 0.99376 1 0 96 1 7.84621e-02 1 -4.14681e+02 37.75120 54575.691 0.82247 0.17459 -9 3.10037 -9 -9
SN: 7862 5 1 NULL 1 0.06108 0.00000 0.06101 0.00000 0.06133 0.00000 90.19707 0 9.60000e-02 -9 -9 -9 -9 66.17271 66.09447 66.03829 54884.836 0.086 1.09231 7.61332e-05 0.48050 4.56070e-02 3.10000 0 37.23021 1.31043e-02 1.51548e-09 4.58497e-10 -1.94810e-04 48 164.77695 1.02574e-14 1 0 60 1 6.13087e-02 1 -9.01971e+01 37.19442 54885.551 0.87255 0.21274 -9 3.09910 -9 -9
SN: 8401 5 1 NULL 1 0.07458 0.00000 0.07591 0.00000 0.07521 0.00000 -1.95681e+02 0 4.30000e-02 -9 -9 -9 -9 65.30060 64.85526 64.71868 53824.688 0.043 1.07842 7.22709e-03 0.21774 2.40292e-02 3.10000 0 37.75791 9.23088e-03 5.20530e-06 1.47932e-05 -1.04384e-04 175 619.86859 0 1 0 107 1 7.52557e-02 1 195.68123 37.65987 53824.672 1.11069 0.13425 -9 3.09895 -9 -9
SN: 5693 5 1 NULL 1 0.07496 0.00000 0.07580 0.00000 0.07573 0.00000 -1.78007e+01 0 4.60000e-02 -9 -9 -9 -9 66.13230 65.94653 65.86636 54190.914 0.109 0.97586 6.57203e-03 -4.32797e-01 2.60540e-02 3.10000 0 38.11385 1.57991e-02 -5.09774e-06 2.01007e-05 -2.45364e-04 71 152.50360 1.01724e-07 1 0 23 1 7.57365e-02 1 17.80073 37.67421 54190.621 0.98182 2.58418e-02 -9 3.10009 -9 -9
SN: 1885 5 1 NULL 1 0.05447 0.00000 0.05344 0.00000 0.05347 0.00000 8.15901 0 1.60000e-02 -9 -9 -9 -9 66.11740 66.10512 66.04241 53994.816 0.038 0.85694 6.69283e-04 0.91650 1.10632e-02 3.10000 0 36.49323 8.44956e-03 -5.54308e-08 3.49756e-07 -6.59868e-05 141 293.16675 1.00405e-12 1 0 72 1 5.34645e-02 1 -8.15901e+00 36.88754 53994.738 0.86452 0.28042 -9 3.10075 -9 -9
SN: 10456 5 1 NULL 1 0.06163 0.00000 0.06264 0.00000 0.06234 0.00000 -8.37058e+01 0 2.10000e-02 -9 -9 -9 -9 66.46266 66.43574 66.34669 53859.336 0.161 0.87799 7.27165e-03 0.18439 1.70946e-02 3.10000 0 37.30870 1.52651e-02 1.54525e-05 -2.49903e-05 -1.90986e-04 46 100.32076 6.49897e-06 1 0 35 1 6.23583e-02 1 83.70582 37.23188 53858.691 0.89114 0.29001 -9 3.10013 -9 -9
SN: 8402 5 1 NULL 1 0.07171 0.00000 0.07290 0.00000 0.07166 0.00000 -3.45962e+02 0 3.90000e-02 -9 -9 -9 -9 66.32845 66.24164 66.18570 54469.098 0.099 0.94874 5.00608e-03 0.34645 2.10209e-02 3.10000 0 37.54038 9.49598e-03 -2.96123e-06 9.27925e-06 -1.00100e-04 89 313.97562 7.56966e-27 1 0 131 1 7.17418e-02 1 345.96179 37.55202 54468.762 0.95137 0.33771 -9 3.10081 -9 -9
SN: 5879 5 1 NULL 1 0.03567 0.00000 0.03645 0.00000 0.03534 0.00000 -3.22457e+02 0 8.70000e-02 -9 -9 -9 -9 65.44301 65.25622 64.81091 54878.527 0.069 0.92329 9.52547e-03 1.16362 3.87420e-02 3.10000 0 35.91365 1.34104e-02 -1.20522e-04 6.66917e-05 -2.06181e-04 69 173.20239 1.01566e-10 1 0 95 1 3.53726e-02 1 322.45697 35.96056 54878.871 0.85188 1.06762 -9 3.09896 -9 -9
SN: 7868 5 1 NULL 1 0.06791 0.00000 0.06711 0.00000 0.06744 0.00000 92.35278 0 1.50000e-02 -9 -9 -9 -9 66.50691 66.47908 66.41173 54098.586 0.066 0.95932 6.77129e-03 -1.63720e-01 1.49891e-02 3.10000 0 37.20494 1.45872e-02 1.40693e-05 1.01944e-05 -1.80890e-04 33 35.76817 0.33970 1 0 124 1 6.74180e-02 1 -9.23528e+01 37.41152 54098.609 0.94963 5.49844e-02 -9 3.09929 -9 -9
SN: 2415 5 1 NULL 1 0.05925 0.00000 0.06040 0.00000 0.06047 0.00000 19.76038 0 2.30000e-02 -9 -9 -9 -9 66.22411 66.06396 65.68327 53782.859 0.057 0.95472 4.16418e-03 0.30566 1.47252e-02 3.10000 0 37.19346 1.11105e-02 9.64845e-07 6.75015e-06 -1.10050e-04 164 218.05125 3.03510e-03 1 0 41 1 6.04661e-02 1 -1.97604e+01 37.16106 53782.840 0.95891 9.04991e-02 -9 3.09945 -9 -9
SN: 2112 5 1 NULL 1 0.07726 0.00000 0.07654 0.00000 0.07557 0.00000 -2.70063e+02 0 6.60000e-02 -9 -9 -9 -9 66.32314 66.25404 66.11664 54365.223 0.067 0.94462 7.09888e-04 0.36703 3.12575e-02 3.10000 0 37.72953 1.41961e-02 1.26049e-07 -8.13864e-08 -2.09823e-04 51 194.99268 1.05281e-18 1 0 3 1 7.56319e-02 1 270.06332 37.67590 54364.809 0.96594 0.50218 -9 3.10006 -9 -9
SN: 2305 5 1 NULL 1 0.05855 0.00000 0.05729 0.00000 0.05690 0.00000 -1.10088e+02 0 2.90000e-02 -9 -9 -9 -9 65.34856 65.32339 64.76554 54400.742 0.047 0.93251 3.89832e-03 7.58028e-02 1.76179e-02 3.10000 0 36.92164 1.16573e-02 -5.38570e-06 1.42555e-05 -1.27212e-04 117 295.16391 2.22995e-17 1 0 53 1 5.69223e-02 1 110.08760 37.03027 54400.590 0.95238 6.32697e-02 -9 3.09894 -9 -9
SN: 1614 5 1 NULL 1 0.07754 0.00000 0.07886 0.00000 0.07860 0.00000 -7.38653e+01 0 3.30000e-02 -9 -9 -9 -9 65.25265 65.16122 65.12244 54964.535 0.052 0.98404 9.09119e-03 0.46742 1.83241e-02 3.10000 0 37.39712 1.10823e-02 3.56049e-06 2.06017e-05 -1.12733e-04 73 94.02519 4.94261e-02 1 0 101 1 7.86123e-02 1 73.86527 37.75888 54964.539 0.99764 0.26097 -9 3.10230 -9 -9
SN: 7681 5 1 NULL 1 0.05241 0.00000 0.05341 0.00000 0.05356 0.00000 43.75811 0 2.90000e-02 -9 -9 -9 -9 66.48371 66.40949 66.40208 54207.535 0.038 0.89157 3.31909e-03 0.24818 1.65430e-02 3.10000 0 37.10528 9.05297e-03 1.31076e-06 6.52734e-06 -7.83900e-05 91 168.12546 1.59622e-06 1 0 15 1 5.35512e-02 1 -4.37581e+01 36.88678 54207.551 0.89322 0.25797 -9 3.10123 -9 -9
SN: 1603 5 1 NULL 1 0.06224 0.00000 0.06160 0.00000 0.06209 0.00000 138.96803 0 6.20000e-02 -9 -9 -9 -9 66.02813 65.59658 62.85207 54497.387 0.111 1.08789 1.75141e-02 0.59002 3.02534e-02 3.10000 0 37.17683 1.64300e-02 9.57373e-05 -7.44443e-05 -2.26846e-04 48 103.18510 6.54873e-06 1 0 123 1 6.20582e-02 1 -1.38968e+02 37.22280 54497.590 1.06084 0.48491 -9 3.09880 -9 -9
SN: 7102 5 1 NULL 1 0.06737 0.00000 0.06838 0.00000 0.06886 0.00000 132.58405 0 3.70000e-02 -9 -9 -9 -9 65.92856 65.72412 65.22159 54559.578 0.049 0.86615 1.55537e-04 0.48993 2.20385e-02 3.10000 0 37.03313 1.22546e-02 -1.20863e-09 1.27757e-08 -1.67103e-04 57 142.28798 3.04882e-09 1 0 89 1 6.88258e-02 1 -1.32584e+02 37.45458 54559.578 0.85628 4.64214e-02 -9 3.09917 -9 -9
SN: 6572 5 1 NULL 1 0.05164 0.00000 0.05087 0.00000 0.05138 0.00000 148.04744 0 1.90000e-02 -9 -9 -9 -9 66.33852 66.27472 65.79788 54498.543 0.047 0.96454 7.62393e-03 0.13126 1.52764e-02 3.10000 0 36.78565 1.37738e-02 1.03962e-05 9.07842e-06 -1.61253e-04 57 43.99068 0.89654 1 0 2 1 5.13585e-02 1 -1.48047e+02 36.79551 54498.570 0.96524 0.13815 -9 3.09949 -9 -9
SN: 6299 5 1 NULL 1 0.06769 0.00000 0.06836 0.00000 0.06923 0.00000 243.87732 0 0.16900 -9 -9 -9 -9 64.55598 64.52583 63.83444 54727.062 0.080 0.93734 3.87407e-03 -8.26369e-02 5.00110e-02 3.10000 0 37.37586 8.84257e-03 -2.24853e-05 7.17453e-06 -4.52655e-05 170 334.12744 8.81681e-13 1 0 52 1 6.91796e-02 1 -2.43877e+02 37.46620 54726.879 0.94213 0.36612 -9 3.10099 -9 -9
SN: 5730 5 1 NULL 1 0.04794 0.00000 0.04886 0.00000 0.04849 0.00000 -1.04813e+02 0 2.60000e-02 -9 -9 -9 -9 66.48546 66.41092 66.35030 53358.082 0.075 0.98158 4.68469e-03 0.93761 1.52324e-02 3.10000 0 36.43983 9.91816e-03 -8.38923e-06 1.93448e-05 -8.50673e-05 133 321.80450 1.12091e-17 1 0 100 1 4.85067e-02 1 104.81326 36.66524 53357.770 0.99364 0.90801 -9 3.10001 -9 -9
SN: 10713 5 1 NULL 1 0.04573 0.00000 0.04537 0.00000 0.04648 0.00000 318.60587 0 2.30000e-02 -9 -9 -9 -9 66.03107 65.73112 65.64150 53833.664 0.098 0.92456 3.50941e-03 0.47897 1.44309e-02 3.10000 0 36.27264 8.60880e-03 -7.28457e-06 1.13609e-05 -7.36370e-05 130 252.98740 6.20947e-10 1 0 14 1 4.64322e-02 1 -3.18606e+02 36.56679 53833.910 0.92465 0.40060 -9 3.09964 -9 -9
SN: 5014 5 1 NULL 1 0.05723 0.00000 0.05771 0.00000 0.05777 0.00000 15.88010 0 7.80000e-02 -9 -9 -9 -9 66.51241 66.50555 66.23914 54566.555 0.135 1.07835 1.23611e-02 -6.16894e-02 3.75414e-02 3.10000 0 37.28039 1.41265e-02 3.37114e-05 -2.90256e-05 -2.18556e-04 67 136.18126 1.25284e-06 1 0 111 1 5.77662e-02 1 -1.58801e+01 37.05908 54566.520 1.05335 0.54148 -9 3.10017 -9 -9
SN: 8334 5 1 NULL 1 0.04600 0.00000 0.04713 0.00000 0.04760 0.00000 136.26077 0 4.60000e-02 -9 -9 -9 -9 65.92729 65.65353 65.34046 53438.410 0.142 0.92679 5.48625e-03 0.35375 2.91781e-02 3.10000 0 36.66357 1.57685e-02 -3.08070e-05 2.86032e-05 -2.90450e-04 125 157.58841 2.58032e-02 1 0 98 1 4.75809e-02 1 -1.36261e+02 36.61983 53438.602 0.92405 0.48908 -9 3.10094 -9 -9
SN: 3285 5 1 NULL 1 0.07812 0.00000 0.07773 0.00000 0.07652 0.00000 -3.37632e+02 0 1.80000e-02 -9 -9 -9 -9 63.70601 63.28241 60.36321 54057.172 0.089 1.17538 5.96510e-05 3.02357e-03 2.00804e-02 3.10000 0 37.87090 1.90392e-02 -1.31215e-09 1.81696e-09 -3.36653e-04 72 198.97311 7.68907e-14 1 0 11 1 7.66055e-02 1 337.63199 37.70491 54057.660 0.80482 0.12768 -9 3.09892 -9 -9
SN: 3717 5 1 NULL 1 0.03476 0.00000 0.03367 0.00000 0.03495 0.00000 369.90329 0 2.40000e-02 -9 -9 -9 -9 66.62668 66.61234 66.59592 54768.895 0.074 0.79832 4.80287e-03 0.15164 1.67150e-02 3.10000 0 35.90646 1.16426e-02 3.36029e-05 -2.94100e-05 -1.34093e-04 81 266.12515 1.42450e-21 1 0 63 1 3.49034e-02 1 -3.69903e+02 35.92989 54768.609 0.80586 3.33693e-02 -9 3.09999 -9 -9
SN: 7008 5 1 NULL 1 0.05812 0.00000 0.05690 0.00000 0.05773 0.00000 234.80269 0 2.00000e-02 -9 -9 -9 -9 66.59344 66.51874 66.43216 53697.520 0.038 0.94776 3.77528e-03 1.99401e-02 1.23222e-02 3.10000 0 36.93324 8.35837e-03 -2.63202e-07 9.79386e-06 -6.06131e-05 131 134.57520 0.39743 1 0 26 1 5.76783e-02 1 -2.34803e+02 37.05765 53697.559 0.94312 0.11728 -9 3.10041 -9 -9
SN: 3769 5 1 NULL 1 0.06946 0.00000 0.06829 0.00000 0.06903 0.00000 209.56726 0 3.20000e-02 -9 -9 -9 -9 66.50258 66.48335 66.42075 54007.594 0.167 0.97113 1.48015e-02 -8.36034e-02 2.31014e-02 3.10000 0 37.56373 1.78588e-02 5.00830e-05 7.23020e-05 -2.64825e-04 23 86.12547 3.14804e-09 1 0 120 1 6.89814e-02 1 -2.09567e+02 37.46365 54007.711 0.85298 0.19894 -9 3.10078 -9 -9
SN: 10478 5 1 NULL 1 0.05504 0.00000 0.05406 0.00000 0.05385 0.00000 -5.81315e+01 0 6.20000e-02 -9 -9 -9 -9 64.89849 64.70035 64.65206 53414.535 0.037 0.94758 5.88184e-03 0.24188 3.00653e-02 3.10000 0 36.80018 1.15449e-02 3.66830e-06 4.90156e-06 -1.51559e-04 97 86.93929 0.75823 1 0 37 1 5.38624e-02 1 58.13155 36.90462 53414.520 0.95238 6.70215e-02 -9 3.10073 -9 -9
SN: 3505 5 1 NULL 1 0.03359 0.00000 0.03447 0.00000 0.03446 0.00000 -4.59374e+00 0 2.20000e-02 -9 -9 -9 -9 66.56481 66.56359 66.55247 54942.477 0.088 0.99546 1.02194e-02 -2.84447e-01 1.45899e-02 3.10000 0 35.96319 9.66946e-03 3.21387e-05 5.51353e-06 -8.56585e-05 52 43.11179 0.80523 1 0 133 1 3.44576e-02 1 4.59374 35.89975 54942.531 0.96531 4.63805e-02 -9 3.09975 -9 -9
SN: 2728 5 1 NULL 1 0.05067 0.00000 0.04966 0.00000 0.04997 0.00000 86.55824 0 9.30000e-02 -9 -9 -9 -9 66.41840 66.36048 66.12231 53280.418 0.031 0.88847 2.57402e-03 0.24885 2.28468e-02 3.10000 0 36.67530 8.73190e-03 1.65344e-05 4.33885e-06 -2.01625e-05 125 248.38795 3.46824e-10 1 0 49 1 4.99525e-02 1 -8.65582e+01 36.73393 53280.512 0.86800 0.36638 -9 3.10194 -9 -9
SN: 9781 5 1 NULL 1 0.07822 0.00000 0.07698 0.00000 0.07793 0.00000 262.70740 0 0.11800 -9 -9 -9 -9 65.48280 65.46699 65.18796 53304.516 0.037 0.90012 3.05388e-03 0.36653 4.01669e-02 3.10000 0 37.36561 1.03262e-02 -1.43638e-05 7.03557e-06 -1.17693e-04 128 237.75772 1.33560e-08 1 0 97 1 7.78595e-02 1 -2.62707e+02 37.73974 53304.570 0.91046 0.48473 -9 3.09927 -9 -9
SN: 2845 5 1 NULL 1 0.06818 0.00000 0.06706 0.00000 0.06716 0.00000 28.94388 0 2.60000e-02 -9 -9 -9 -9 66.18128 66.00661 65.89094 53687.574 0.147 0.99274 1.29675e-02 1.37546 2.81187e-02 3.10000 0 36.36059 2.85576e-02 6.65782e-05 -9.46177e-06 -7.09522e-04 20 4.90654 0.99989 1 0 10 1 6.71544e-02 1 -2.89439e+01 37.40371 53687.641 1.00330 0.45212 -9 3.09903 -9 -9
SN: 3054 5 1 NULL 1 0.06911 0.00000 0.07022 0.00000 0.06977 0.00000 -1.24663e+02 0 2.70000e-02 -9 -9 -9 -9 65.37637 65.19730 64.91145 54818.848 0.041 1.07648 1.22753e-02 0.50155 1.97258e-02 3.10000 0 37.64004 1.40942e-02 9.54396e-05 -2.83093e-05 -1.96060e-04 88 311.44803 9.97631e-27 1 0 61 1 6.98033e-02 1 124.66263 37.48824 54818.770 1.02306 0.90377 -9 3.10082 -9 -9
SN: 557 5 1 NULL 1 0.05388 0.00000 0.05514 0.00000 0.05381 0.00000 -3.76839e+02 0 7.50000e-02 -9 -9 -9 -9 66.48507 66.43586 64.84329 54547.047 0.197 1.03343 3.32243e-02 -2.25344e-01 5.14816e-02 3.10000 0 37.07240 3.26211e-02 5.84649e-04 -4.18709e-05 -1.10858e-03 10 22.55229 1.25254e-02 1 0 108 1 5.38817e-02 1 376.83917 36.90299 54546.738 1.00334 0.20301 -9 3.09968 -9 -9
SN: 9683 5 1 NULL 1 0.05775 0.00000 0.05894 0.00000 0.05950 0.00000 159.39862 0 3.20000e-02 -9 -9 -9 -9 66.11598 66.05720 64.68420 54541.961 0.121 0.80954 4.28106e-03 0.60132 2.08868e-02 3.10000 0 36.92332 1.42378e-02 7.50963e-07 -2.49907e-06 -1.92820e-04 60 154.93806 2.46861e-10 1 0 24 1 5.94711e-02 1 -1.59399e+02 37.12246 54541.738 0.82415 0.54364 -9 3.10036 -9 -9
SN: 10842 5 1 NULL 1 0.03745 0.00000 0.03863 0.00000 0.04020 0.00000 453.21866 0 3.50000e-02 -9 -9 -9 -9 66.61640 66.57519 66.54871 54128.824 0.113 1.17022 8.05405e-03 0.18096 1.97511e-02 3.10000 0 36.20718 1.09935e-02 -2.75431e-05 3.47434e-05 -1.15012e-04 61 189.38730 4.49243e-15 1 0 73 1 4.01399e-02 1 -4.53219e+02 36.23647 54129.789 0.85991 0.31295 -9 3.09944 -9 -9
SN: 10780 5 1 NULL 1 0.04776 0.00000 0.04734 0.00000 0.04825 0.00000 257.98795 0 2.10000e-02 -9 -9 -9 -9 66.20815 66.00619 65.83495 53700.734 0.042 0.89961 3.43719e-03 -9.35142e-02 1.19957e-02 3.10000 0 36.92189 8.08784e-03 -9.52495e-09 8.04086e-06 -5.13912e-05 181 213.00708 5.18927e-02 1 0 119 1 4.82031e-02 1 -2.57988e+02 36.65137 53700.711 0.89787 0.14833 -9 3.09965 -9 -9
SN: 10512 5 1 NULL 1 0.05020 0.00000 0.05018 0.00000 0.04835 0.00000 -5.24490e+02 0 9.80000e-02 -9 -9 -9 -9 66.38319 66.13698 66.10596 53645.117 0.077 0.85154 2.97484e-03 0.60500 3.99581e-02 3.10000 0 36.27463 7.51968e-03 1.15705e-06 2.84184e-06 -6.65012e-05 135 237.79555 1.14957e-07 1 0 36 1 4.84349e-02 1 524.49023 36.66673 53644.879 0.85827 0.13460 -9 3.10288 -9 -9
SN: 4730 5 1 NULL 1 0.04655 0.00000 0.04767 0.00000 0.04871 0.00000 297.05826 0 2.30000e-02 -9 -9 -9 -9 66.55770 66.51606 66.46967 53364.016 0.060 0.86943 2.99296e-03 -4.80728e-02 1.58452e-02 3.10000 0 36.92768 1.09360e-02 3.16957e-07 3.96064e-06 -1.21068e-04 135 248.34659 1.00464e-08 1 0 132 1 4.86627e-02 1 -2.97058e+02 36.66925 53363.859 0.86590 8.25378e-02 -9 3.09974 -9 -9
SN: 5543 5 1 NULL 1 0.07512 0.00000 0.07614 0.00000 0.07743 0.00000 359.59183 0 2.10000e-02 -9 -9 -9 -9 66.01576 65.94153 65.92337 53858.637 0.114 0.97231 3.15688e-04 0.75861 1.52502e-02 3.10000 0 37.63671 1.33680e-02 -1.83304e-06 -2.39680e-06 -1.43427e-04 60 85.95737 1.56408e-02 1 0 35 1 7.73442e-02 1 -3.59592e+02 37.71933 53858.691 0.97302 0.89110 -9 3.09843 -9 -9
SN: 2114 5 1 NULL 1 0.02358 0.00000 0.02436 0.00000 0.02313 0.00000 -3.60256e+02 0 8.70000e-02 -9 -9 -9 -9 66.55243 66.54866 66.52934 54878.832 0.038 0.89758 2.94912e-03 0.42095 8.85798e-02 3.10000 0 34.65265 1.09391e-02 -4.20751e-05 1.03879e-05 -7.22343e-04 139 182.79562 7.51657e-03 1 0 95 1 2.31544e-02 1 360.25565 35.02099 54878.871 0.89245 0.15308 -9 3.10012 -9 -9
SN: 9844 5 1 NULL 1 0.03069 0.00000 0.03014 0.00000 0.02962 0.00000 -1.50570e+02 0 9.10000e-02 -9 -9 -9 -9 66.64841 66.63851 66.62659 54366.910 0.086 1.17077 1.48488e-04 -4.12847e-01 4.69039e-02 3.10000 0 35.99461 1.80627e-02 -5.17570e-09 1.69979e-08 -3.40301e-04 38 116.63010 1.14603e-09 1 0 106 1 2.96385e-02 1 150.56999 35.56891 54368.840 0.87076 8.41413e-02 -9 3.10209 -9 -9
SN: 10900 5 1 NULL 1 0.06007 0.00000 0.06134 0.00000 0.06311 0.00000 501.34256 0 2.90000e-02 -9 -9 -9 -9 66.28090 66.26839 66.13814 54879.805 0.051 0.90668 9.58628e-03 0.23073 1.72728e-02 3.10000 0 37.58038 1.18975e-02 -2.21481e-05 6.96976e-05 -1.09178e-04 87 159.37677 3.60566e-06 1 0 22 1 6.30092e-02 1 -5.01343e+02 37.25090 54879.789 0.83297 0.10437 -9 3.10077 -9 -9
SN: 3742 5 1 NULL 1 0.06085 0.00000 0.06009 0.00000 0.06026 0.00000 48.55213 0 2.70000e-02 -9 -9 -9 -9 66.41628 66.36790 66.08997 54855.602 0.058 0.87084 7.53291e-03 0.46132 1.71738e-02 3.10000 0 37.06813 1.21424e-02 1.36422e-05 2.38102e-05 -1.19352e-04 32 96.93528 1.86867e-08 1 0 71 1 6.02527e-02 1 -4.85521e+01 37.15677 54855.578 0.84656 0.28508 -9 3.10077 -9 -9
SN: 3084 5 1 NULL 1 0.04317 0.00000 0.04191 0.00000 0.04207 0.00000 47.33694 0 6.40000e-02 -9 -9 -9 -9 66.64977 66.63795 66.60686 54789.543 0.050 1.06624 9.55119e-03 -3.79938e-01 3.05818e-02 3.10000 0 36.14427 1.00677e-02 1.03176e-05 1.88509e-05 -9.61833e-05 70 34.67359 0.99991 1 0 117 1 4.20679e-02 1 -4.73369e+01 36.34931 54789.578 1.05238 7.97167e-03 -9 3.09753 -9 -9
SN: 8456 5 1 NULL 1 0.07825 0.00000 0.07769 0.00000 0.07796 0.00000 77.57005 0 4.40000e-02 -9 -9 -9 -9 66.54038 66.45373 66.39809 54738.594 0.028 0.97974 3.70684e-03 0.41747 1.84199e-02 3.10000 0 37.49738 6.11428e-03 1.75904e-06 6.31775e-06 -3.40612e-05 188 297.42609 6.23091e-07 1 0 34 1 7.79438e-02 1 -7.75701e+01 37.74210 54738.578 0.97701 0.25746 -9 3.09925 -9 -9
SN: 5002 5 1 NULL 1 0.07073 0.00000 0.07196 0.00000 0.07317 0.00000 336.16190 0 2.40000e-02 -9 -9 -9 -9 64.55504 64.51547 62.91852 54139.859 0.107 1.18903 1.10236e-02 0.41790 1.89194e-02 3.10000 0 37.74255 1.48660e-02 -8.98618e-06 5.10703e-06 -2.13162e-04 84 228.95996 2.26393e-15 1 0 130 1 7.30885e-02 1 -3.36162e+02 37.58973 54140.762 0.85845 0.69633 -9 3.09970 -9 -9
SN: 6847 5 1 NULL 1 0.04741 0.00000 0.04856 0.00000 0.04848 0.00000 -2.10932e+01 0 2.40000e-02 -9 -9 -9 -9 66.53061 66.49027 66.40959 53831.656 0.051 0.84670 5.67202e-03 1.03528 1.68656e-02 3.10000 0 36.00830 1.18355e-02 7.36462e-06 6.87756e-06 -1.37672e-04 41 95.70860 4.51355e-06 1 0 46 1 4.84850e-02 1 21.09324 36.66318 53831.672 0.84758 0.52820 -9 3.09853 -9 -9
SN: 5314 5 1 NULL 1 0.05568 0.00000 0.05453 0.00000 0.05687 0.00000 664.96796 0 1.90000e-02 -9 -9 -9 -9 66.45949 66.25742 66.20497 53687.160 0.090 0.95673 1.04598e-02 0.34479 1.51076e-02 3.10000 0 37.19821 1.28883e-02 3.51808e-05 1.39399e-05 -1.41384e-04 56 91.54150 1.91189e-03 1 0 94 1 5.67448e-02 1 -6.64968e+02 37.01768 53687.551 0.89168 0.39470 -9 3.10008 -9 -9
SN: 6186 5 1 NULL 1 0.07347 0.00000 0.07467 0.00000 0.07640 0.00000 481.32123 0 3.90000e-02 -9 -9 -9 -9 62.78231 61.85538 60.94029 53760.676 0.059 1.08308 3.32954e-04 0.87327 2.04830e-02 3.10000 0 37.44654 1.08751e-02 -4.16577e-08 6.57057e-08 -1.21632e-04 160 251.12659 5.54359e-06 1 0 7 1 7.62838e-02 1 -4.81321e+02 37.68656 53760.801 1.06099 0.68964 -9 3.09945 -9 -9
SN: 1233 5 1 NULL 1 0.06928 0.00000 0.06870 0.00000 0.06827 0.00000 -1.21019e+02 0 1.90000e-02 -9 -9 -9 -9 66.12915 66.09863 65.78714 54740.969 0.136 1.00898 7.55475e-03 0.65187 1.42512e-02 3.10000 0 37.54466 1.19900e-02 -1.02803e-05 1.82492e-05 -1.21053e-04 73 63.21093 0.78630 1 0 105 1 6.83008e-02 1 121.01853 37.44210 54740.750 1.02219 0.95897 -9 3.10072 -9 -9
SN: 4943 5 1 NULL 1 0.06203 0.00000 0.06311 0.00000 0.06397 0.00000 242.61060 0 5.70000e-02 -9 -9 -9 -9 66.54841 66.48379 66.45752 54229.840 0.073 1.01362 6.22740e-03 -4.30076e-01 2.90719e-02 3.10000 0 37.42275 1.24410e-02 -1.72924e-05 2.22260e-05 -1.53448e-04 72 100.26247 1.88625e-02 1 0 19 1 6.39202e-02 1 -2.42611e+02 37.28563 54229.691 0.99073 8.06943e-02 -9 3.09893 -9 -9
SN: 10064 5 1 NULL 1 0.05447 0.00000 0.05349 0.00000 0.05275 0.00000 -2.10841e+02 0 2.80000e-02 -9 -9 -9 -9 66.48007 66.38383 66.30775 53664.570 0.042 1.16955 1.23540e-02 0.76872 2.12083e-02 3.10000 0 37.01844 1.78741e-02 -1.29401e-04 1.56440e-04 -2.91540e-04 48 164.76250 1.03113e-14 1 0 6 1 5.27910e-02 1 210.84129 36.86035 53666.719 0.78649 0.64812 -9 3.10128 -9 -9
SN: 3449 5 1 NULL 1 0.07841 0.00000 0.07931 0.00000 0.07865 0.00000 -1.81132e+02 0 3.40000e-02 -9 -9 -9 -9 50.02327 46.09908 43.89410 54174.852 0.027 0.95792 4.62386e-03 0.83456 2.02520e-02 3.10000 0 37.53071 1.29907e-02 1.97563e-06 1.16832e-05 -1.61134e-04 191 303.21805 4.20210e-07 1 0 115 1 7.87010e-02 1 181.13177 37.76303 54174.852 0.96117 1.01819 -9 3.09942 -9 -9
SN: 3539 5 1 NULL 1 0.04685 0.00000 0.04787 0.00000 0.04694 0.00000 -2.66132e+02 0 2.70000e-02 -9 -9 -9 -9 66.42484 66.41769 66.38425 53406.711 0.027 0.86209 2.83038e-03 -1.13685e-01 1.79384e-02 3.10000 0 36.92192 1.28572e-02 9.96968e-06 -6.72131e-06 -1.60834e-04 159 195.51971 2.58269e-02 1 0 32 1 4.69795e-02 1 266.13242 36.59427 53406.719 0.85303 0.55724 -9 3.10026 -9 -9
SN: 8369 5 1 NULL 1 0.03560 0.00000 0.03613 0.00000 0.03583 0.00000 -8.78861e+01 0 6.70000e-02 -9 -9 -9 -9 66.55170 66.54916 66.53941 53741.480 0.115 0.92402 4.55227e-03 0.40171 3.54048e-02 3.10000 0 35.65026 1.47161e-02 -4.13122e-05 3.67156e-05 -2.34062e-04 89 211.98090 4.91219e-12 1 0 92 1 3.58382e-02 1 87.88614 35.98860 53740.770 0.97754 1.66877e-02 -9 3.09852 -9 -9
SN: 4148 5 1 NULL 1 0.06964 0.00000 0.06903 0.00000 0.07079 0.00000 493.43719 0 0.10400 -9 -9 -9 -9 66.06438 66.02869 65.92094 54779.707 0.069 0.98335 1.24291e-02 0.25733 4.94580e-02 3.10000 0 37.49297 1.48979e-02 3.35642e-06 1.07248e-04 -2.10767e-04 61 163.77626 2.41412e-11 1 0 5 1 7.06792e-02 1 -4.93437e+02 37.51596 54779.770 0.82260 5.26586e-03 -9 3.09970 -9 -9
SN: 5948 5 1 NULL 1 0.07676 0.00000 0.07710 0.00000 0.07775 0.00000 180.20619 0 4.30000e-02 -9 -9 -9 -9 66.37360 66.21532 66.03426 53858.652 0.075 0.83328 5.40607e-03 0.67451 2.30161e-02 3.10000 0 37.30923 1.29448e-02 2.97989e-05 -2.53855e-05 -1.68135e-04 71 104.51053 5.93410e-03 1 0 103 1 7.77048e-02 1 -1.80206e+02 37.73255 53858.762 0.84176 0.26256 -9 3.09991 -9 -9
SN: 8810 5 1 NULL 1 0.00688 0.00000 0.00573 0.00000 0.00502 0.00000 -2.11193e+02 0 3.10000e-02 -9 -9 -9 -9 66.66473 66.66455 66.66443 54801.359 0.059 0.88995 7.87689e-03 0.82248 1.79218e-02 3.10000 0 31.75148 9.22186e-03 -3.17914e-06 2.20342e-05 -8.08552e-05 62 91.36343 9.00241e-03 1 0 17 1 5.02508e-03 1 211.19313 31.67676 54801.602 0.85935 0.53233 -9 3.10146 -9 -9
SN: 3560 5 1 NULL 1 0.06874 0.00000 0.06870 0.00000 0.06763 0.00000 -3.00468e+02 0 8.90000e-02 -9 -9 -9 -9 66.53627 66.44599 66.33778 54845.973 0.067 1.18923 8.33469e-05 -4.44115e-01 4.26622e-02 3.10000 0 37.59297 1.10506e-02 2.51747e-09 -5.54440e-10 -1.33886e-04 62 32.64345 0.99945 1 0 68 1 6.76972e-02 1 300.46768 37.42204 54845.680 1.12345 5.01396e-02 -9 3.09894 -9 -9
SN: 2663 5 1 NULL 1 0.07712 0.00000 0.07676 0.00000 0.07624 0.00000 -1.44955e+02 0 4.60000e-02 -9 -9 -9 -9 66.29066 66.25869 66.15569 54840.734 0.066 0.97295 4.23804e-03 3.56011e-02 2.66984e-02 3.10000 0 37.83848 9.13461e-03 -4.80292e-06 6.47641e-06 -1.28144e-04 141 196.86568 1.32394e-03 1 0 114 1 7.62793e-02 1 144.95464 37.69381 54840.621 0.97401 8.27164e-02 -9 3.09963 -9 -9
SN: 4149 5 1 NULL 1 0.07224 0.00000 0.07258 0.00000 0.07152 0.00000 -2.95638e+02 0 6.00000e-02 -9 -9 -9 -9 66.13705 66.13434 65.49426 54947.953 0.078 0.92414 5.74788e-03 -1.29359e-01 3.17773e-02 3.10000 0 37.53893 1.15259e-02 6.55220e-06 9.37354e-06 -1.58826e-04 73 139.22824 4.89583e-06 1 0 127 1 7.15902e-02 1 295.63757 37.54857 54947.770 0.90501 0.12855 -9 3.10044 -9 -9
SN: 10289 5 1 NULL 1 0.07673 0.00000 0.07793 0.00000 0.07667 0.00000 -3.52887e+02 0 2.40000e-02 -9 -9 -9 -9 66.37805 66.30905 65.64980 54528.746 0.048 0.99616 7.38028e-03 0.14831 1.41580e-02 3.10000 0 37.55338 8.68407e-03 7.39798e-06 1.89353e-05 -6.51320e-05 76 61.88927 0.87884 1 0 42 1 7.67556e-02 1 352.88721 37.70630 54528.730 0.99490 2.56384e-02 -9 3.09806 -9 -9
