# redshifts corresponding to columns in lookup table
0.20000
0.20505
0.21010
0.21515
0.22020
0.22525
0.23030
0.23535
0.24040
0.24545
0.25051
0.25556
0.26061
0.26566
0.27071
0.27576
0.28081
0.28586
0.29091
0.29596
0.30101
0.30606
0.31111
0.31616
0.32121
0.32626
0.33131
0.33636
0.34141
0.34646
0.35152
0.35657
0.36162
0.36667
0.37172
0.37677
0.38182
0.38687
0.39192
0.39697
0.40202
0.40707
0.41212
0.41717
0.42222
0.42727
0.43232
0.43737
0.44242
0.44747
0.45253
0.45758
0.46263
0.46768
0.47273
0.47778
0.48283
0.48788
0.49293
0.49798
0.50303
0.50808
0.51313
0.51818
0.52323
0.52828
0.53333
0.53838
0.54343
0.54848
0.55354
0.55859
0.56364
0.56869
0.57374
0.57879
0.58384
0.58889
0.59394
0.59899
0.60404
0.60909
0.61414
0.61919
0.62424
0.62929
0.63434
0.63939
0.64444
0.64949
0.65455
0.65960
0.66465
0.66970
0.67475
0.67980
0.68485
0.68990
0.69495
0.70000
