   5601.764      0.9745793    
   5609.353      0.9655484    
   5616.952      0.9670370    
   5624.562      0.9779927    
   5632.181      0.9967648    
   5639.811       1.021169    
   5647.451       1.048590    
   5655.102       1.076154    
   5662.763       1.100990    
   5670.435       1.120551    
   5678.116       1.132966    
   5685.809       1.137313    
   5693.511       1.133771    
   5701.225       1.123577    
   5708.948       1.108791    
   5716.682       1.091895    
   5724.426       1.075333    
   5732.181       1.061067    
   5739.947       1.050275    
   5747.723       1.043249    
   5755.509       1.039495    
   5763.307       1.038018    
   5771.114       1.037687    
   5778.933       1.037587    
   5786.761       1.037258    
   5794.600       1.036762    
   5802.451       1.036572    
   5810.312       1.037324    
   5818.183       1.039517    
   5826.065       1.043245    
   5833.958       1.048052    
   5841.861       1.052950    
   5849.775       1.056594    
   5857.700       1.057571    
   5865.635       1.054724    
   5873.582       1.047421    
   5881.539       1.035713    
   5889.506       1.020326    
   5897.485       1.002501    
   5905.475      0.9837201    
   5913.475      0.9653894    
   5921.486      0.9485449    
   5929.508      0.9336525    
   5937.541      0.9205428    
   5945.584      0.9084878    
   5953.639      0.8964036    
   5961.705      0.8831319    
   5969.781      0.8677426    
   5977.868      0.8497962    
   5985.967      0.8295131    
   5994.076      0.8078151    
   6002.196      0.7862233    
   6010.328      0.7666293    
   6018.470      0.7509737    
   6026.624      0.7408915    
   6034.788      0.7373887    
   6042.963      0.7406213    
   6051.150      0.7498264    
   6059.347      0.7634282    
   6067.556      0.7793118    
   6075.776      0.7952126    
   6084.007      0.8091440    
   6092.249      0.8197711    
   6100.502      0.8266420    
   6108.767      0.8302256    
   6117.042      0.8317366    
   6125.330      0.8327944    
   6133.627      0.8349975    
   6141.937      0.8395191    
   6150.257      0.8468333    
   6158.589      0.8566414    
   6166.933      0.8680206    
   6175.287      0.8797547    
   6183.653      0.8907543    
   6192.030      0.9004496    
   6200.418      0.9090405    
   6208.818      0.9175261    
   6217.229      0.9275002    
   6225.652      0.9407561    
   6234.086      0.9588065    
   6242.532      0.9824451    
   6250.988       1.011468    
   6259.457       1.044634    
   6267.936       1.079866    
   6276.428       1.114659    
   6284.931       1.146563    
   6293.445       1.173639    
   6301.971       1.194758    
   6310.508       1.209691    
   6319.057       1.218984    
   6327.617       1.223666    
   6336.189       1.224914    
   6344.773       1.223754    
   6353.370       1.220912    
   6361.976       1.216828    
   6370.595       1.211815    
   6379.225       1.206286    
   6387.867       1.200945    
   6396.521       1.196846    
   6405.186       1.195258    
   6413.864       1.197367    
   6422.552       1.203855    
   6431.253       1.214508    
   6439.965       1.227963    
   6448.690       1.241713    
   6457.426       1.252423    
   6466.174       1.256516    
   6474.934       1.250921    
   6483.706       1.233823    
   6492.489       1.205218    
   6501.285       1.167130    
   6510.092       1.123399    
   6518.912       1.079059    
   6527.743       1.039412    
   6536.586       1.008986    
   6545.442      0.9906146    
   6554.309      0.9848207    
   6563.188      0.9896786    
   6572.080       1.001178    
   6580.983       1.014036    
   6589.898       1.022784    
   6598.825       1.022911    
   6607.765       1.011810    
   6616.717      0.9893348    
   6625.681      0.9578463    
   6634.657      0.9217362    
   6643.645      0.8865366    
   6652.645      0.8577984    
   6661.658      0.8399770    
   6670.682      0.8355521    
   6679.719      0.8445554    
   6688.768      0.8645913    
   6697.829      0.8913284    
   6706.903      0.9193469    
   6715.989      0.9431552    
   6725.087      0.9581664    
   6734.198      0.9614494    
   6743.321      0.9521218    
   6752.457      0.9313412    
   6761.604      0.9019344    
   6770.764      0.8677747    
   6779.937      0.8330576    
   6789.122      0.8016271    
   6798.319      0.7764738    
   6807.528      0.7594703    
   6816.751      0.7513491    
   6825.986      0.7518686    
   6835.233      0.7600842    
   6844.493      0.7746326    
   6853.765      0.7939541    
   6863.050      0.8164198    
   6872.347      0.8403677    
   6881.658      0.8640862    
   6890.980      0.8858070    
   6900.315      0.9037540    
   6909.664      0.9162813    
   6919.025      0.9220908    
   6928.398      0.9204866    
   6937.784      0.9115986    
   6947.183      0.8965008    
   6956.595      0.8771697    
   6966.019      0.8562571    
   6975.455      0.8367057    
   6984.905      0.8212709    
   6994.368      0.8120483    
   7003.843      0.8101102    
   7013.331      0.8153378    
   7022.833      0.8264959    
   7032.347      0.8415384    
   7041.873      0.8580845    
   7051.413      0.8739579    
   7060.966      0.8876647    
   7070.531      0.8986960    
   7080.110      0.9075812    
   7089.702      0.9156716    
   7099.306      0.9247078    
   7108.924      0.9362682    
   7118.555      0.9512417    
   7128.198      0.9694584    
   7137.855      0.9895845    
   7147.524       1.009326    
   7157.208       1.025910    
   7166.903       1.036743    
   7176.613       1.040086    
   7186.335       1.035585    
   7196.070       1.024514    
   7205.818       1.009644    
   7215.581      0.9947460    
   7225.356      0.9838237    
   7235.145      0.9802375    
   7244.946      0.9859192    
   7254.761       1.000865    
   7264.588       1.023031    
   7274.430       1.048680    
   7284.285       1.073089    
   7294.153       1.091494    
   7304.035       1.100042    
   7313.930       1.096545    
   7323.838       1.080874    
   7333.760       1.054911    
   7343.695       1.022088    
   7353.644      0.9866376    
   7363.605      0.9527357    
   7373.581      0.9237394    
   7383.570      0.9016871    
   7393.574      0.8871500    
   7403.589      0.8794318    
   7413.619      0.8770249    
   7423.663      0.8781762    
   7433.719      0.8813984    
   7443.790      0.8857961    
   7453.875      0.8911380    
   7463.973      0.8976898    
   7474.083      0.9058869    
   7484.209      0.9159697    
   7494.348      0.9277025    
   7504.501      0.9402667    
   7514.667      0.9523527    
   7524.848      0.9624152    
   7535.042      0.9690074    
   7545.250      0.9710873    
   7555.472      0.9682117    
   7565.708      0.9605673    
   7575.957      0.9488543    
   7586.220      0.9340767    
   7596.497      0.9173257    
   7606.788      0.8996342    
   7617.093      0.8819476    
   7627.412      0.8652042    
   7637.745      0.8504718    
   7648.092      0.8390582    
   7658.453      0.8325104    
   7668.829      0.8324585    
   7679.217      0.8403096    
   7689.621      0.8568621    
   7700.038      0.8819486    
   7710.469      0.9142342    
   7720.914      0.9512602    
   7731.374      0.9897661    
   7741.849       1.026242    
   7752.336       1.057593    
   7762.838       1.081748    
   7773.355       1.098056    
   7783.886       1.107364    
   7794.432       1.111725    
   7804.991       1.113829    
   7815.564       1.116283    
   7826.152       1.120940    
   7836.754       1.128451    
   7847.370       1.138153    
   7858.001       1.148333    
   7868.647       1.156777    
   7879.307       1.161452    
   7889.980       1.161127    
   7900.669       1.155754    
   7911.373       1.146512    
   7922.090       1.135480    
   7932.822       1.125059    
   7943.569       1.117283    
   7954.331       1.113231    
   7965.106       1.112690    
   7975.896       1.114188    
   7986.702       1.115372    
   7997.521       1.113637    
   8008.357       1.106853    
   8019.206       1.093970    
   8030.069       1.075379    
   8040.948       1.052906    
   8051.841       1.029469    
   8062.749       1.008475    
   8073.672      0.9931129    
   8084.609      0.9857183    
   8095.561      0.9873431    
   8106.528      0.9976208    
   8117.510       1.014930    
   8128.508       1.036793    
   8139.520       1.060389    
   8150.547       1.083073    
   8161.588       1.102769    
   8172.645       1.118198    
   8183.716       1.128913    
   8194.803       1.135185    
   8205.904       1.137796    
   8217.021       1.137810    
   8228.154       1.136372    
   8239.300       1.134559    
   8250.462       1.133275    
   8261.639       1.133194    
   8272.831       1.134708    
   8284.038       1.137885    
   8295.262       1.142444    
   8306.498       1.147760    
   8317.752       1.152930    
   8329.020       1.156908    
   8340.304       1.158698    
   8351.603       1.157566    
   8362.916       1.153225    
   8374.246       1.145921    
   8385.591       1.136384    
   8396.951       1.125640    
   8408.326       1.114694    
   8419.717       1.104194    
   8431.123       1.094133    
   8442.546       1.083706    
   8453.982       1.071378    
   8465.436       1.055171    
   8476.904       1.033116    
   8488.388       1.003780    
   8499.887      0.9667346    
   8511.402      0.9228407    
   8522.933      0.8742716    
   8534.479      0.8242515    
   8546.041      0.7765604    
   8557.618      0.7349125    
   8569.212      0.7023500    
   8580.820      0.6807877    
   8592.444      0.6708044    
   8604.085      0.6717150    
   8615.741      0.6818851    
   8627.413      0.6991964    
   8639.101      0.7215329    
   8650.805      0.7471721    
   8662.523      0.7749915    
   8674.259      0.8044646    
   8686.010      0.8354765    
   8697.778      0.8680378    
   8709.561      0.9019950    
   8721.359      0.9368323    
   8733.174      0.9716159    
   8745.006       1.005097    
   8756.854       1.035927    
   8768.715       1.062926    
   8780.595       1.085310    
   8792.490       1.102832    
   8804.402       1.115779    
   8816.328       1.124867    
   8828.272       1.131038    
   8840.232       1.135249    
   8852.209       1.138295    
   8864.201       1.140710    
   8876.209       1.142752    
   8888.234       1.144462    
   8900.275       1.145759    
   8912.332       1.146529    
   8924.406       1.146679    
   8936.495       1.146157    
   8948.603       1.144930    
   8960.726       1.142960    
   8972.865       1.140200    
   8985.021       1.136608    
   8997.193       1.132197    
