VARNAMES: CID MJD Tobs FLUXCAL FLUXCAL_ERR DATAFLAG BAND CHI2 IFIT BAND_REST FLUX_REST KCOR AVWARP 
OBS: 2007bc  54198.672    -2.09   2.8340e+04   5.2688e+02   1  Y  5.68  1   Y  1.96213e+18  -0.065  -0.242
OBS: 2007bc  54198.672    -2.09   2.9539e+04   5.7690e+02   1  Y  0.94  1   Y  2.04516e+18  -0.065  -0.242
OBS: 2007bc  54205.660     4.90   1.7848e+04   4.8315e+02   1  Y  4.28  1   Y  1.24026e+18  -0.061  1.497
OBS: 2007bc  54208.641     7.88   1.5849e+04   4.1404e+02   1  Y  5.76  1   Y  1.06864e+18  -0.094  0.641
OBS: 2007bc  54219.621    18.86   2.3206e+04   4.9683e+02   1  Y  3.41  1   Y  1.49982e+18  -0.140  -1.269
OBS: 2007bc  54230.551    29.79   3.0283e+04   6.4835e+02   1  Y  1.39  1   Y  2.05789e+18  -0.086  -0.187
OBS: 2007bc  54230.559    29.80   3.0172e+04   6.7437e+02   1  Y  1.12  1   Y  2.05036e+18  -0.086  -0.188
OBS: 2007bc  54234.559    33.80   2.3703e+04   5.9683e+02   1  Y  3.68  1   Y  1.64302e+18  -0.064  -0.382
OBS: 2007bc  54234.578    33.82   2.5515e+04   1.0308e+03   1  Y  0.00  1   Y  1.76895e+18  -0.064  -0.380
OBS: 2007bc  54238.578    37.82   2.0399e+04   7.8503e+02   1  Y  0.39  1   Y  1.44447e+18  -0.041  0.037
OBS: 2007bc  54258.531    57.77   7.6630e+03   4.1305e+02  -1  Y  0.03  1   !  -9.99000e+02  -99.000  -99.000
OBS: 2007bc  54141.758   -59.00   0.0000e+00   0.0000e+00   0  Y  0.00  1   !  -9.99000e+02  -99.000  -99.000
OBS: 2007bc  54143.758   -57.00   0.0000e+00   0.0000e+00   0  Y  0.00  1   !  -9.99000e+02  -99.000  -99.000
OBS: 2007bc  54145.758   -55.00   0.0000e+00   0.0000e+00   0  Y  0.00  1   !  -9.99000e+02  -99.000  -99.000
OBS: 2007bc  54147.758   -53.00   0.0000e+00   0.0000e+00   0  Y  0.00  1   !  -9.99000e+02  -99.000  -99.000
OBS: 2007bc  54149.758   -51.00   0.0000e+00   0.0000e+00   0  Y  0.00  1   !  -9.99000e+02  -99.000  -99.000
OBS: 2007bc  54151.758   -49.00   0.0000e+00   0.0000e+00   0  Y  0.00  1   !  -9.99000e+02  -99.000  -99.000
OBS: 2007bc  54153.758   -47.00   0.0000e+00   0.0000e+00   0  Y  0.00  1   !  -9.99000e+02  -99.000  -99.000
OBS: 2007bc  54155.758   -45.00   0.0000e+00   0.0000e+00   0  Y  0.00  1   !  -9.99000e+02  -99.000  -99.000
OBS: 2007bc  54157.758   -43.00   0.0000e+00   0.0000e+00   0  Y  0.00  1   !  -9.99000e+02  -99.000  -99.000
OBS: 2007bc  54159.758   -41.00   0.0000e+00   0.0000e+00   0  Y  0.00  1   !  -9.99000e+02  -99.000  -99.000
OBS: 2007bc  54161.758   -39.00   0.0000e+00   0.0000e+00   0  Y  0.00  1   !  -9.99000e+02  -99.000  -99.000
OBS: 2007bc  54163.758   -37.00   0.0000e+00   0.0000e+00   0  Y  0.00  1   !  -9.99000e+02  -99.000  -99.000
OBS: 2007bc  54165.758   -35.00   0.0000e+00   0.0000e+00   0  Y  0.00  1   !  -9.99000e+02  -99.000  -99.000
OBS: 2007bc  54167.758   -33.00   0.0000e+00   0.0000e+00   0  Y  0.00  1   !  -9.99000e+02  -99.000  -99.000
OBS: 2007bc  54169.758   -31.00   0.0000e+00   0.0000e+00   0  Y  0.00  1   !  -9.99000e+02  -99.000  -99.000
OBS: 2007bc  54171.758   -29.00   0.0000e+00   0.0000e+00   0  Y  0.00  1   !  -9.99000e+02  -99.000  -99.000
OBS: 2007bc  54173.758   -27.00   0.0000e+00   0.0000e+00   0  Y  0.00  1   !  -9.99000e+02  -99.000  -99.000
OBS: 2007bc  54175.758   -25.00   0.0000e+00   0.0000e+00   0  Y  0.00  1   !  -9.99000e+02  -99.000  -99.000
OBS: 2007bc  54177.758   -23.00   0.0000e+00   0.0000e+00   0  Y  0.00  1   !  -9.99000e+02  -99.000  -99.000
OBS: 2007bc  54179.758   -21.00   0.0000e+00   0.0000e+00   0  Y  0.00  1   !  -9.99000e+02  -99.000  -99.000
OBS: 2007bc  54181.758   -19.00   4.4001e+02   2.6485e+02   0  Y  0.00  1   !  -9.99000e+02  -99.000  -99.000
OBS: 2007bc  54183.758   -17.00   4.2678e+02   2.5688e+02   0  Y  0.00  1   !  -9.99000e+02  -99.000  -99.000
OBS: 2007bc  54185.758   -15.00   8.1261e+02   4.6719e+02   0  Y  0.00  1   !  -9.99000e+02  -99.000  -99.000
OBS: 2007bc  54187.758   -13.00   8.3426e+03   1.7546e+03   0  Y  0.00  1   !  -9.99000e+02  -99.000  -99.000
OBS: 2007bc  54189.758   -11.00   1.6139e+04   1.0879e+03   0  Y  0.00  1   !  -9.99000e+02  -99.000  -99.000
OBS: 2007bc  54191.758    -9.00   2.3785e+04   7.9064e+02   0  Y  0.00  1   !  -9.99000e+02  -99.000  -99.000
OBS: 2007bc  54193.758    -7.00   3.0017e+04   7.1527e+02   0  Y  0.00  1   !  -9.99000e+02  -99.000  -99.000
OBS: 2007bc  54195.758    -5.00   3.2910e+04   6.6814e+02   0  Y  0.00  1   !  -9.99000e+02  -99.000  -99.000
OBS: 2007bc  54197.758    -3.00   3.2008e+04   6.8159e+02   0  Y  0.00  1   !  -9.99000e+02  -99.000  -99.000
OBS: 2007bc  54199.758    -1.00   2.7788e+04   7.0532e+02   0  Y  0.00  1   !  -9.99000e+02  -99.000  -99.000
OBS: 2007bc  54201.758     1.00   2.2959e+04   6.7777e+02   0  Y  0.00  1   !  -9.99000e+02  -99.000  -99.000
OBS: 2007bc  54203.758     3.00   1.8978e+04   6.8586e+02   0  Y  0.00  1   !  -9.99000e+02  -99.000  -99.000
OBS: 2007bc  54205.758     5.00   1.5918e+04   7.2330e+02   0  Y  0.00  1   !  -9.99000e+02  -99.000  -99.000
OBS: 2007bc  54207.758     7.00   1.4227e+04   7.0894e+02   0  Y  0.00  1   !  -9.99000e+02  -99.000  -99.000
OBS: 2007bc  54209.758     9.00   1.3859e+04   6.5214e+02   0  Y  0.00  1   !  -9.99000e+02  -99.000  -99.000
OBS: 2007bc  54211.758    11.00   1.4170e+04   6.4115e+02   0  Y  0.00  1   !  -9.99000e+02  -99.000  -99.000
OBS: 2007bc  54213.758    13.00   1.5050e+04   6.5845e+02   0  Y  0.00  1   !  -9.99000e+02  -99.000  -99.000
OBS: 2007bc  54215.758    15.00   1.6484e+04   6.5941e+02   0  Y  0.00  1   !  -9.99000e+02  -99.000  -99.000
OBS: 2007bc  54217.758    17.00   1.8787e+04   6.5506e+02   0  Y  0.00  1   !  -9.99000e+02  -99.000  -99.000
OBS: 2007bc  54219.758    19.00   2.1886e+04   6.8493e+02   0  Y  0.00  1   !  -9.99000e+02  -99.000  -99.000
OBS: 2007bc  54221.758    21.00   2.5242e+04   7.1805e+02   0  Y  0.00  1   !  -9.99000e+02  -99.000  -99.000
OBS: 2007bc  54223.758    23.00   2.7942e+04   8.0208e+02   0  Y  0.00  1   !  -9.99000e+02  -99.000  -99.000
OBS: 2007bc  54225.758    25.00   2.9961e+04   8.2565e+02   0  Y  0.00  1   !  -9.99000e+02  -99.000  -99.000
OBS: 2007bc  54227.758    27.00   3.0558e+04   7.5224e+02   0  Y  0.00  1   !  -9.99000e+02  -99.000  -99.000
OBS: 2007bc  54229.758    29.00   2.9668e+04   7.3684e+02   0  Y  0.00  1   !  -9.99000e+02  -99.000  -99.000
OBS: 2007bc  54231.758    31.00   2.8208e+04   7.5337e+02   0  Y  0.00  1   !  -9.99000e+02  -99.000  -99.000
OBS: 2007bc  54233.758    33.00   2.6410e+04   7.8390e+02   0  Y  0.00  1   !  -9.99000e+02  -99.000  -99.000
OBS: 2007bc  54235.758    35.00   2.4291e+04   7.9041e+02   0  Y  0.00  1   !  -9.99000e+02  -99.000  -99.000
OBS: 2007bc  54237.758    37.00   2.2059e+04   8.1322e+02   0  Y  0.00  1   !  -9.99000e+02  -99.000  -99.000
OBS: 2007bc  54239.758    39.00   1.9651e+04   8.6363e+02   0  Y  0.00  1   !  -9.99000e+02  -99.000  -99.000
OBS: 2007bc  54241.758    41.00   1.7135e+04   9.4817e+02   0  Y  0.00  1   !  -9.99000e+02  -99.000  -99.000
OBS: 2007bc  54243.758    43.00   1.4787e+04   1.0876e+03   0  Y  0.00  1   !  -9.99000e+02  -99.000  -99.000
OBS: 2007bc  54245.758    45.00   1.2805e+04   1.2134e+03   0  Y  0.00  1   !  -9.99000e+02  -99.000  -99.000
OBS: 2007bc  54247.758    47.00   1.1221e+04   1.2110e+03   0  Y  0.00  1   !  -9.99000e+02  -99.000  -99.000
OBS: 2007bc  54249.758    49.00   1.0037e+04   1.1151e+03   0  Y  0.00  1   !  -9.99000e+02  -99.000  -99.000
OBS: 2007bc  54251.758    51.00   9.1122e+03   1.0578e+03   0  Y  0.00  1   !  -9.99000e+02  -99.000  -99.000
OBS: 2007bc  54253.758    53.00   8.3347e+03   5.0168e+03   0  Y  0.00  1   !  -9.99000e+02  -99.000  -99.000
OBS: 2007bc  54255.758    55.00   7.6971e+03   4.6330e+03   0  Y  0.00  1   !  -9.99000e+02  -99.000  -99.000
OBS: 2007bc  54257.758    57.00   7.1396e+03   4.2974e+03   0  Y  0.00  1   !  -9.99000e+02  -99.000  -99.000
OBS: 2007bc  54259.758    59.00   6.5550e+03   3.9455e+03   0  Y  0.00  1   !  -9.99000e+02  -99.000  -99.000
OBS: 2007bc  54261.758    61.00   5.9168e+03   3.5614e+03   0  Y  0.00  1   !  -9.99000e+02  -99.000  -99.000
OBS: 2007bc  54263.758    63.00   4.7220e+03   2.8422e+03   0  Y  0.00  1   !  -9.99000e+02  -99.000  -99.000
OBS: 2007bc  54265.758    65.00   3.7679e+03   2.2679e+03   0  Y  0.00  1   !  -9.99000e+02  -99.000  -99.000
OBS: 2007bc  54267.758    67.00   3.1392e+03   1.8895e+03   0  Y  0.00  1   !  -9.99000e+02  -99.000  -99.000
OBS: 2007bc  54269.758    69.00   2.7504e+03   1.6555e+03   0  Y  0.00  1   !  -9.99000e+02  -99.000  -99.000
OBS: 2007bc  54271.758    71.00   2.5130e+03   1.5126e+03   0  Y  0.00  1   !  -9.99000e+02  -99.000  -99.000
OBS: 2007bc  54273.758    73.00   2.3267e+03   1.4004e+03   0  Y  0.00  1   !  -9.99000e+02  -99.000  -99.000
OBS: 2007bc  54275.758    75.00   2.1419e+03   1.2892e+03   0  Y  0.00  1   !  -9.99000e+02  -99.000  -99.000
OBS: 2007bc  54277.758    77.00   1.9586e+03   1.1789e+03   0  Y  0.00  1   !  -9.99000e+02  -99.000  -99.000
OBS: 2007bc  54279.758    79.00   1.7841e+03   1.0739e+03   0  Y  0.00  1   !  -9.99000e+02  -99.000  -99.000
OBS: 2007bc  54281.758    81.00   1.6271e+03   9.7936e+02   0  Y  0.00  1   !  -9.99000e+02  -99.000  -99.000
OBS: 2007bc  54283.758    83.00   1.4860e+03   8.9441e+02   0  Y  0.00  1   !  -9.99000e+02  -99.000  -99.000
OBS: 2007bc  54285.758    85.00   1.3598e+03   8.1850e+02   0  Y  0.00  1   !  -9.99000e+02  -99.000  -99.000
OBS: 2007bc  54287.758    87.00   1.2461e+03   7.5002e+02   0  Y  0.00  1   !  -9.99000e+02  -99.000  -99.000
OBS: 2007bc  54289.758    89.00   1.1303e+03   6.8034e+02   0  Y  0.00  1   !  -9.99000e+02  -99.000  -99.000
OBS: 2007bc  54291.758    91.00   1.0253e+03   6.1713e+02   0  Y  0.00  1   !  -9.99000e+02  -99.000  -99.000
OBS: 2007bc  54293.758    93.00   9.3003e+02   5.5980e+02   0  Y  0.00  1   !  -9.99000e+02  -99.000  -99.000
OBS: 2007bc  54295.758    95.00   8.4363e+02   5.0779e+02   0  Y  0.00  1   !  -9.99000e+02  -99.000  -99.000
OBS: 2007bc  54297.758    97.00   7.6525e+02   4.6061e+02   0  Y  0.00  1   !  -9.99000e+02  -99.000  -99.000
OBS: 2007bc  54299.758    99.00   6.9415e+02   4.1782e+02   0  Y  0.00  1   !  -9.99000e+02  -99.000  -99.000
OBS: 2007bc  54301.758   101.00   6.2966e+02   3.7900e+02   0  Y  0.00  1   !  -9.99000e+02  -99.000  -99.000
OBS: 2007bc  54303.758   103.00   5.7116e+02   3.4379e+02   0  Y  0.00  1   !  -9.99000e+02  -99.000  -99.000
OBS: 2007bc  54305.758   105.00   5.1810e+02   3.1185e+02   0  Y  0.00  1   !  -9.99000e+02  -99.000  -99.000
OBS: 2007bc  54307.758   107.00   4.6996e+02   2.8288e+02   0  Y  0.00  1   !  -9.99000e+02  -99.000  -99.000
OBS: 2007bc  54309.758   109.00   4.2630e+02   2.5660e+02   0  Y  0.00  1   !  -9.99000e+02  -99.000  -99.000
OBS: 2007bc  54311.758   111.00   3.8669e+02   2.3276e+02   0  Y  0.00  1   !  -9.99000e+02  -99.000  -99.000
OBS: 2007bc  54313.758   113.00   3.5077e+02   2.1113e+02   0  Y  0.00  1   !  -9.99000e+02  -99.000  -99.000
OBS: 2007bc  54315.758   115.00   3.1818e+02   1.9152e+02   0  Y  0.00  1   !  -9.99000e+02  -99.000  -99.000
OBS: 2007bc  54317.758   117.00   2.8862e+02   1.7372e+02   0  Y  0.00  1   !  -9.99000e+02  -99.000  -99.000
OBS: 2007bc  54319.758   119.00   2.6180e+02   1.5758e+02   0  Y  0.00  1   !  -9.99000e+02  -99.000  -99.000
OBS: 2007bc  54321.758   121.00   2.3748e+02   1.4294e+02   0  Y  0.00  1   !  -9.99000e+02  -99.000  -99.000
OBS: 2007bc  54323.758   123.00   2.1542e+02   1.2966e+02   0  Y  0.00  1   !  -9.99000e+02  -99.000  -99.000
OBS: 2007bc  54325.758   125.00   1.9540e+02   1.1761e+02   0  Y  0.00  1   !  -9.99000e+02  -99.000  -99.000
OBS: 2007bc  54327.758   127.00   1.7725e+02   1.0669e+02   0  Y  0.00  1   !  -9.99000e+02  -99.000  -99.000
OBS: 2007bc  54329.758   129.00   1.6078e+02   9.6775e+01   0  Y  0.00  1   !  -9.99000e+02  -99.000  -99.000
OBS: 2007bc  54331.758   131.00   1.4584e+02   8.7784e+01   0  Y  0.00  1   !  -9.99000e+02  -99.000  -99.000
OBS: 2007bc  54333.758   133.00   1.3229e+02   7.9628e+01   0  Y  0.00  1   !  -9.99000e+02  -99.000  -99.000
OBS: 2007bc  54335.758   135.00   1.2000e+02   7.2230e+01   0  Y  0.00  1   !  -9.99000e+02  -99.000  -99.000
OBS: 2007bc  54337.758   137.00   1.0885e+02   6.5519e+01   0  Y  0.00  1   !  -9.99000e+02  -99.000  -99.000
OBS: 2007bc  54339.758   139.00   9.8739e+01   5.9432e+01   0  Y  0.00  1   !  -9.99000e+02  -99.000  -99.000
OBS: 2007bc  54222.641    21.88   2.4367e+04   1.5510e+03   1  y  1.17  1   Y  1.62731e+18  -0.104  -1.412
OBS: 2007bc  54222.660    21.90   2.7669e+04   4.4820e+03   1  y  0.10  1   Y  1.84811e+18  -0.104  -1.409
OBS: 2007bc  54254.512    53.75   8.5585e+03   3.2119e+02  -1  y  0.00  1   !  -9.99000e+02  -99.000  -99.000
OBS: 2007bc  54254.520    53.76   9.7994e+03   3.4905e+02  -1  y  0.09  1   !  -9.99000e+02  -99.000  -99.000
OBS: 2007bc  54141.758   -59.00   0.0000e+00   0.0000e+00   0  y  0.00  1   !  -9.99000e+02  -99.000  -99.000
OBS: 2007bc  54143.758   -57.00   0.0000e+00   0.0000e+00   0  y  0.00  1   !  -9.99000e+02  -99.000  -99.000
OBS: 2007bc  54145.758   -55.00   0.0000e+00   0.0000e+00   0  y  0.00  1   !  -9.99000e+02  -99.000  -99.000
OBS: 2007bc  54147.758   -53.00   0.0000e+00   0.0000e+00   0  y  0.00  1   !  -9.99000e+02  -99.000  -99.000
OBS: 2007bc  54149.758   -51.00   0.0000e+00   0.0000e+00   0  y  0.00  1   !  -9.99000e+02  -99.000  -99.000
OBS: 2007bc  54151.758   -49.00   0.0000e+00   0.0000e+00   0  y  0.00  1   !  -9.99000e+02  -99.000  -99.000
OBS: 2007bc  54153.758   -47.00   0.0000e+00   0.0000e+00   0  y  0.00  1   !  -9.99000e+02  -99.000  -99.000
OBS: 2007bc  54155.758   -45.00   0.0000e+00   0.0000e+00   0  y  0.00  1   !  -9.99000e+02  -99.000  -99.000
OBS: 2007bc  54157.758   -43.00   0.0000e+00   0.0000e+00   0  y  0.00  1   !  -9.99000e+02  -99.000  -99.000
OBS: 2007bc  54159.758   -41.00   0.0000e+00   0.0000e+00   0  y  0.00  1   !  -9.99000e+02  -99.000  -99.000
OBS: 2007bc  54161.758   -39.00   0.0000e+00   0.0000e+00   0  y  0.00  1   !  -9.99000e+02  -99.000  -99.000
OBS: 2007bc  54163.758   -37.00   0.0000e+00   0.0000e+00   0  y  0.00  1   !  -9.99000e+02  -99.000  -99.000
OBS: 2007bc  54165.758   -35.00   0.0000e+00   0.0000e+00   0  y  0.00  1   !  -9.99000e+02  -99.000  -99.000
OBS: 2007bc  54167.758   -33.00   0.0000e+00   0.0000e+00   0  y  0.00  1   !  -9.99000e+02  -99.000  -99.000
OBS: 2007bc  54169.758   -31.00   0.0000e+00   0.0000e+00   0  y  0.00  1   !  -9.99000e+02  -99.000  -99.000
OBS: 2007bc  54171.758   -29.00   0.0000e+00   0.0000e+00   0  y  0.00  1   !  -9.99000e+02  -99.000  -99.000
OBS: 2007bc  54173.758   -27.00   0.0000e+00   0.0000e+00   0  y  0.00  1   !  -9.99000e+02  -99.000  -99.000
OBS: 2007bc  54175.758   -25.00   0.0000e+00   0.0000e+00   0  y  0.00  1   !  -9.99000e+02  -99.000  -99.000
OBS: 2007bc  54177.758   -23.00   0.0000e+00   0.0000e+00   0  y  0.00  1   !  -9.99000e+02  -99.000  -99.000
OBS: 2007bc  54179.758   -21.00   0.0000e+00   0.0000e+00   0  y  0.00  1   !  -9.99000e+02  -99.000  -99.000
OBS: 2007bc  54181.758   -19.00   4.5522e+02   2.7400e+02   0  y  0.00  1   !  -9.99000e+02  -99.000  -99.000
OBS: 2007bc  54183.758   -17.00   4.4554e+02   2.6817e+02   0  y  0.00  1   !  -9.99000e+02  -99.000  -99.000
OBS: 2007bc  54185.758   -15.00   8.4802e+02   4.8754e+02   0  y  0.00  1   !  -9.99000e+02  -99.000  -99.000
OBS: 2007bc  54187.758   -13.00   8.4157e+03   1.7700e+03   0  y  0.00  1   !  -9.99000e+02  -99.000  -99.000
OBS: 2007bc  54189.758   -11.00   1.6225e+04   1.0937e+03   0  y  0.00  1   !  -9.99000e+02  -99.000  -99.000
OBS: 2007bc  54191.758    -9.00   2.3832e+04   7.9220e+02   0  y  0.00  1   !  -9.99000e+02  -99.000  -99.000
OBS: 2007bc  54193.758    -7.00   2.9842e+04   7.1111e+02   0  y  0.00  1   !  -9.99000e+02  -99.000  -99.000
OBS: 2007bc  54195.758    -5.00   3.2572e+04   6.6129e+02   0  y  0.00  1   !  -9.99000e+02  -99.000  -99.000
OBS: 2007bc  54197.758    -3.00   3.1502e+04   6.7082e+02   0  y  0.00  1   !  -9.99000e+02  -99.000  -99.000
OBS: 2007bc  54199.758    -1.00   2.7465e+04   6.9711e+02   0  y  0.00  1   !  -9.99000e+02  -99.000  -99.000
OBS: 2007bc  54201.758     1.00   2.2828e+04   6.7389e+02   0  y  0.00  1   !  -9.99000e+02  -99.000  -99.000
OBS: 2007bc  54203.758     3.00   1.8783e+04   6.7881e+02   0  y  0.00  1   !  -9.99000e+02  -99.000  -99.000
OBS: 2007bc  54205.758     5.00   1.5735e+04   7.1499e+02   0  y  0.00  1   !  -9.99000e+02  -99.000  -99.000
OBS: 2007bc  54207.758     7.00   1.4035e+04   6.9941e+02   0  y  0.00  1   !  -9.99000e+02  -99.000  -99.000
OBS: 2007bc  54209.758     9.00   1.3578e+04   6.3891e+02   0  y  0.00  1   !  -9.99000e+02  -99.000  -99.000
OBS: 2007bc  54211.758    11.00   1.3904e+04   6.2909e+02   0  y  0.00  1   !  -9.99000e+02  -99.000  -99.000
OBS: 2007bc  54213.758    13.00   1.4786e+04   6.4691e+02   0  y  0.00  1   !  -9.99000e+02  -99.000  -99.000
OBS: 2007bc  54215.758    15.00   1.6175e+04   6.4708e+02   0  y  0.00  1   !  -9.99000e+02  -99.000  -99.000
OBS: 2007bc  54217.758    17.00   1.8397e+04   6.4148e+02   0  y  0.00  1   !  -9.99000e+02  -99.000  -99.000
OBS: 2007bc  54219.758    19.00   2.1423e+04   6.7043e+02   0  y  0.00  1   !  -9.99000e+02  -99.000  -99.000
OBS: 2007bc  54221.758    21.00   2.4830e+04   7.0632e+02   0  y  0.00  1   !  -9.99000e+02  -99.000  -99.000
OBS: 2007bc  54223.758    23.00   2.7784e+04   7.9756e+02   0  y  0.00  1   !  -9.99000e+02  -99.000  -99.000
OBS: 2007bc  54225.758    25.00   2.9828e+04   8.2200e+02   0  y  0.00  1   !  -9.99000e+02  -99.000  -99.000
OBS: 2007bc  54227.758    27.00   3.0365e+04   7.4750e+02   0  y  0.00  1   !  -9.99000e+02  -99.000  -99.000
OBS: 2007bc  54229.758    29.00   2.9632e+04   7.3594e+02   0  y  0.00  1   !  -9.99000e+02  -99.000  -99.000
OBS: 2007bc  54231.758    31.00   2.8338e+04   7.5685e+02   0  y  0.00  1   !  -9.99000e+02  -99.000  -99.000
OBS: 2007bc  54233.758    33.00   2.6693e+04   7.9229e+02   0  y  0.00  1   !  -9.99000e+02  -99.000  -99.000
OBS: 2007bc  54235.758    35.00   2.4728e+04   8.0466e+02   0  y  0.00  1   !  -9.99000e+02  -99.000  -99.000
OBS: 2007bc  54237.758    37.00   2.2581e+04   8.3246e+02   0  y  0.00  1   !  -9.99000e+02  -99.000  -99.000
OBS: 2007bc  54239.758    39.00   2.0172e+04   8.8651e+02   0  y  0.00  1   !  -9.99000e+02  -99.000  -99.000
OBS: 2007bc  54241.758    41.00   1.7600e+04   9.7392e+02   0  y  0.00  1   !  -9.99000e+02  -99.000  -99.000
OBS: 2007bc  54243.758    43.00   1.5182e+04   1.1167e+03   0  y  0.00  1   !  -9.99000e+02  -99.000  -99.000
OBS: 2007bc  54245.758    45.00   1.3186e+04   1.2495e+03   0  y  0.00  1   !  -9.99000e+02  -99.000  -99.000
OBS: 2007bc  54247.758    47.00   1.1606e+04   1.2525e+03   0  y  0.00  1   !  -9.99000e+02  -99.000  -99.000
OBS: 2007bc  54249.758    49.00   1.0390e+04   1.1543e+03   0  y  0.00  1   !  -9.99000e+02  -99.000  -99.000
OBS: 2007bc  54251.758    51.00   9.4062e+03   1.0920e+03   0  y  0.00  1   !  -9.99000e+02  -99.000  -99.000
OBS: 2007bc  54253.758    53.00   8.5748e+03   5.1613e+03   0  y  0.00  1   !  -9.99000e+02  -99.000  -99.000
OBS: 2007bc  54255.758    55.00   7.8879e+03   4.7478e+03   0  y  0.00  1   !  -9.99000e+02  -99.000  -99.000
OBS: 2007bc  54257.758    57.00   7.2764e+03   4.3797e+03   0  y  0.00  1   !  -9.99000e+02  -99.000  -99.000
OBS: 2007bc  54259.758    59.00   6.6374e+03   3.9952e+03   0  y  0.00  1   !  -9.99000e+02  -99.000  -99.000
OBS: 2007bc  54261.758    61.00   5.9648e+03   3.5903e+03   0  y  0.00  1   !  -9.99000e+02  -99.000  -99.000
OBS: 2007bc  54263.758    63.00   4.7201e+03   2.8411e+03   0  y  0.00  1   !  -9.99000e+02  -99.000  -99.000
OBS: 2007bc  54265.758    65.00   3.7550e+03   2.2602e+03   0  y  0.00  1   !  -9.99000e+02  -99.000  -99.000
OBS: 2007bc  54267.758    67.00   3.1239e+03   1.8803e+03   0  y  0.00  1   !  -9.99000e+02  -99.000  -99.000
OBS: 2007bc  54269.758    69.00   2.7258e+03   1.6407e+03   0  y  0.00  1   !  -9.99000e+02  -99.000  -99.000
OBS: 2007bc  54271.758    71.00   2.4707e+03   1.4871e+03   0  y  0.00  1   !  -9.99000e+02  -99.000  -99.000
OBS: 2007bc  54273.758    73.00   2.2673e+03   1.3647e+03   0  y  0.00  1   !  -9.99000e+02  -99.000  -99.000
OBS: 2007bc  54275.758    75.00   2.0752e+03   1.2491e+03   0  y  0.00  1   !  -9.99000e+02  -99.000  -99.000
OBS: 2007bc  54277.758    77.00   1.8907e+03   1.1380e+03   0  y  0.00  1   !  -9.99000e+02  -99.000  -99.000
OBS: 2007bc  54279.758    79.00   1.7182e+03   1.0342e+03   0  y  0.00  1   !  -9.99000e+02  -99.000  -99.000
OBS: 2007bc  54281.758    81.00   1.5623e+03   9.4038e+02   0  y  0.00  1   !  -9.99000e+02  -99.000  -99.000
OBS: 2007bc  54283.758    83.00   1.4216e+03   8.5565e+02   0  y  0.00  1   !  -9.99000e+02  -99.000  -99.000
OBS: 2007bc  54285.758    85.00   1.2947e+03   7.7929e+02   0  y  0.00  1   !  -9.99000e+02  -99.000  -99.000
OBS: 2007bc  54287.758    87.00   1.1799e+03   7.1020e+02   0  y  0.00  1   !  -9.99000e+02  -99.000  -99.000
OBS: 2007bc  54289.758    89.00   1.0703e+03   6.4423e+02   0  y  0.00  1   !  -9.99000e+02  -99.000  -99.000
OBS: 2007bc  54291.758    91.00   9.7088e+02   5.8438e+02   0  y  0.00  1   !  -9.99000e+02  -99.000  -99.000
OBS: 2007bc  54293.758    93.00   8.8069e+02   5.3010e+02   0  y  0.00  1   !  -9.99000e+02  -99.000  -99.000
OBS: 2007bc  54295.758    95.00   7.9888e+02   4.8085e+02   0  y  0.00  1   !  -9.99000e+02  -99.000  -99.000
OBS: 2007bc  54297.758    97.00   7.2467e+02   4.3618e+02   0  y  0.00  1   !  -9.99000e+02  -99.000  -99.000
OBS: 2007bc  54299.758    99.00   6.5735e+02   3.9567e+02   0  y  0.00  1   !  -9.99000e+02  -99.000  -99.000
OBS: 2007bc  54301.758   101.00   5.9629e+02   3.5891e+02   0  y  0.00  1   !  -9.99000e+02  -99.000  -99.000
OBS: 2007bc  54303.758   103.00   5.4089e+02   3.2557e+02   0  y  0.00  1   !  -9.99000e+02  -99.000  -99.000
OBS: 2007bc  54305.758   105.00   4.9065e+02   2.9533e+02   0  y  0.00  1   !  -9.99000e+02  -99.000  -99.000
OBS: 2007bc  54307.758   107.00   4.4507e+02   2.6789e+02   0  y  0.00  1   !  -9.99000e+02  -99.000  -99.000
OBS: 2007bc  54309.758   109.00   4.0373e+02   2.4301e+02   0  y  0.00  1   !  -9.99000e+02  -99.000  -99.000
OBS: 2007bc  54311.758   111.00   3.6622e+02   2.2043e+02   0  y  0.00  1   !  -9.99000e+02  -99.000  -99.000
OBS: 2007bc  54313.758   113.00   3.3220e+02   1.9996e+02   0  y  0.00  1   !  -9.99000e+02  -99.000  -99.000
OBS: 2007bc  54315.758   115.00   3.0134e+02   1.8138e+02   0  y  0.00  1   !  -9.99000e+02  -99.000  -99.000
OBS: 2007bc  54317.758   117.00   2.7335e+02   1.6453e+02   0  y  0.00  1   !  -9.99000e+02  -99.000  -99.000
OBS: 2007bc  54319.758   119.00   2.4796e+02   1.4925e+02   0  y  0.00  1   !  -9.99000e+02  -99.000  -99.000
OBS: 2007bc  54321.758   121.00   2.2492e+02   1.3538e+02   0  y  0.00  1   !  -9.99000e+02  -99.000  -99.000
OBS: 2007bc  54323.758   123.00   2.0403e+02   1.2281e+02   0  y  0.00  1   !  -9.99000e+02  -99.000  -99.000
OBS: 2007bc  54325.758   125.00   1.8508e+02   1.1140e+02   0  y  0.00  1   !  -9.99000e+02  -99.000  -99.000
OBS: 2007bc  54327.758   127.00   1.6788e+02   1.0105e+02   0  y  0.00  1   !  -9.99000e+02  -99.000  -99.000
OBS: 2007bc  54329.758   129.00   1.5229e+02   9.1664e+01   0  y  0.00  1   !  -9.99000e+02  -99.000  -99.000
OBS: 2007bc  54331.758   131.00   1.3814e+02   8.3149e+01   0  y  0.00  1   !  -9.99000e+02  -99.000  -99.000
OBS: 2007bc  54333.758   133.00   1.2531e+02   7.5425e+01   0  y  0.00  1   !  -9.99000e+02  -99.000  -99.000
OBS: 2007bc  54335.758   135.00   1.1367e+02   6.8419e+01   0  y  0.00  1   !  -9.99000e+02  -99.000  -99.000
OBS: 2007bc  54337.758   137.00   1.0311e+02   6.2063e+01   0  y  0.00  1   !  -9.99000e+02  -99.000  -99.000
OBS: 2007bc  54339.758   139.00   9.3532e+01   5.6298e+01   0  y  0.00  1   !  -9.99000e+02  -99.000  -99.000
