VARNAMES: CID MJD Tobs FLUXCAL FLUXCAL_ERR DATAFLAG BAND CHI2 IFIT BAND_REST FLUX_REST KCOR AVWARP 
OBS: 2005eq  53647.801    -7.30   1.7196e+04   2.9980e+02   1  Y  3.04  1   Y  2.43773e+18  -0.084  -0.684
OBS: 2005eq  53648.672    -6.43   1.7400e+04   7.0886e+02   1  Y  0.26  1   Y  2.44545e+18  -0.093  -0.769
OBS: 2005eq  53656.711     1.61   1.1171e+04   2.8619e+02   1  Y  11.89  1   Y  1.55135e+18  -0.106  -1.474
OBS: 2005eq  53656.719     1.62   1.1057e+04   2.8330e+02   1  Y  13.34  1   Y  1.53538e+18  -0.107  -1.474
OBS: 2005eq  53660.699     5.60   8.1827e+03   2.8298e+02   1  Y  13.52  1   Y  1.09036e+18  -0.151  -1.620
OBS: 2005eq  53660.711     5.61   8.2201e+03   2.5134e+02   1  Y  13.71  1   Y  1.09528e+18  -0.151  -1.621
OBS: 2005eq  53664.711     9.61   7.5533e+03   1.5021e+02   1  Y  4.68  1   Y  9.74865e+17  -0.186  -1.771
OBS: 2005eq  53664.699     9.60   7.5304e+03   2.2943e+02   1  Y  4.42  1   Y  9.71922e+17  -0.186  -1.772
OBS: 2005eq  53668.738    13.64   9.0899e+03   2.2566e+02   1  Y  0.25  1   Y  1.18354e+18  -0.176  -1.388
OBS: 2005eq  53668.738    13.64   8.9734e+03   2.8864e+02   1  Y  0.08  1   Y  1.16838e+18  -0.176  -1.388
OBS: 2005eq  53672.762    17.66   1.4108e+04   2.8697e+02   1  Y  44.62  1   Y  1.82703e+18  -0.182  -1.069
OBS: 2005eq  53672.770    17.67   1.3137e+04   2.9252e+02   1  Y  25.21  1   Y  1.70132e+18  -0.182  -1.068
OBS: 2005eq  53677.770    22.67   2.1435e+04   3.1875e+02   1  Y  194.86  1   Y  2.90208e+18  -0.134  -0.836
OBS: 2005eq  53677.770    22.67   2.1494e+04   3.5437e+02   1  Y  186.66  1   Y  2.91012e+18  -0.134  -0.836
OBS: 2005eq  53680.730    25.63   2.5359e+04   3.7415e+02   1  Y  259.29  1   Y  3.45847e+18  -0.126  -0.840
OBS: 2005eq  53686.762    31.66   2.7676e+04   4.0111e+02   1  Y  155.77  1   Y  3.85196e+18  -0.104  -0.702
OBS: 2005eq  53686.770    31.67   2.9031e+04   4.8642e+02   1  Y  179.88  1   Y  4.04092e+18  -0.104  -0.702
OBS: 2005eq  53692.691    37.59   3.1644e+04   3.8932e+02   1  Y  371.22  1   Y  4.63933e+18  -0.048  -0.363
OBS: 2005eq  53692.699    37.60   3.2115e+04   3.5885e+02   1  Y  416.90  1   Y  4.70841e+18  -0.048  -0.363
OBS: 2005eq  53701.660    46.56   1.2394e+04   3.7072e+02  -1  Y  0.11  1   !  -9.99000e+02  -99.000  -99.000
OBS: 2005eq  53701.672    46.57   1.2134e+04   3.7446e+02  -1  Y  0.58  1   !  -9.99000e+02  -99.000  -99.000
OBS: 2005eq  53705.641    50.54   9.2555e+03   3.1203e+02  -1  Y  4.13  1   !  -9.99000e+02  -99.000  -99.000
OBS: 2005eq  53705.648    50.55   9.9816e+03   2.9857e+02  -1  Y  0.62  1   !  -9.99000e+02  -99.000  -99.000
OBS: 2005eq  53710.699    55.60   7.7553e+03   2.8364e+02  -1  Y  0.01  1   !  -9.99000e+02  -99.000  -99.000
OBS: 2005eq  53710.711    55.61   8.5980e+03   2.6534e+02  -1  Y  0.08  1   !  -9.99000e+02  -99.000  -99.000
OBS: 2005eq  53596.102   -59.00   0.0000e+00   0.0000e+00   0  Y  0.00  1   !  -9.99000e+02  -99.000  -99.000
OBS: 2005eq  53598.102   -57.00   0.0000e+00   0.0000e+00   0  Y  0.00  1   !  -9.99000e+02  -99.000  -99.000
OBS: 2005eq  53600.102   -55.00   0.0000e+00   0.0000e+00   0  Y  0.00  1   !  -9.99000e+02  -99.000  -99.000
OBS: 2005eq  53602.102   -53.00   0.0000e+00   0.0000e+00   0  Y  0.00  1   !  -9.99000e+02  -99.000  -99.000
OBS: 2005eq  53604.102   -51.00   0.0000e+00   0.0000e+00   0  Y  0.00  1   !  -9.99000e+02  -99.000  -99.000
OBS: 2005eq  53606.102   -49.00   0.0000e+00   0.0000e+00   0  Y  0.00  1   !  -9.99000e+02  -99.000  -99.000
OBS: 2005eq  53608.102   -47.00   0.0000e+00   0.0000e+00   0  Y  0.00  1   !  -9.99000e+02  -99.000  -99.000
OBS: 2005eq  53610.102   -45.00   0.0000e+00   0.0000e+00   0  Y  0.00  1   !  -9.99000e+02  -99.000  -99.000
OBS: 2005eq  53612.102   -43.00   0.0000e+00   0.0000e+00   0  Y  0.00  1   !  -9.99000e+02  -99.000  -99.000
OBS: 2005eq  53614.102   -41.00   0.0000e+00   0.0000e+00   0  Y  0.00  1   !  -9.99000e+02  -99.000  -99.000
OBS: 2005eq  53616.102   -39.00   0.0000e+00   0.0000e+00   0  Y  0.00  1   !  -9.99000e+02  -99.000  -99.000
OBS: 2005eq  53618.102   -37.00   0.0000e+00   0.0000e+00   0  Y  0.00  1   !  -9.99000e+02  -99.000  -99.000
OBS: 2005eq  53620.102   -35.00   0.0000e+00   0.0000e+00   0  Y  0.00  1   !  -9.99000e+02  -99.000  -99.000
OBS: 2005eq  53622.102   -33.00   0.0000e+00   0.0000e+00   0  Y  0.00  1   !  -9.99000e+02  -99.000  -99.000
OBS: 2005eq  53624.102   -31.00   0.0000e+00   0.0000e+00   0  Y  0.00  1   !  -9.99000e+02  -99.000  -99.000
OBS: 2005eq  53626.102   -29.00   0.0000e+00   0.0000e+00   0  Y  0.00  1   !  -9.99000e+02  -99.000  -99.000
OBS: 2005eq  53628.102   -27.00   0.0000e+00   0.0000e+00   0  Y  0.00  1   !  -9.99000e+02  -99.000  -99.000
OBS: 2005eq  53630.102   -25.00   0.0000e+00   0.0000e+00   0  Y  0.00  1   !  -9.99000e+02  -99.000  -99.000
OBS: 2005eq  53632.102   -23.00   0.0000e+00   0.0000e+00   0  Y  0.00  1   !  -9.99000e+02  -99.000  -99.000
OBS: 2005eq  53634.102   -21.00   0.0000e+00   0.0000e+00   0  Y  0.00  1   !  -9.99000e+02  -99.000  -99.000
OBS: 2005eq  53636.102   -19.00   3.0885e+03   1.8590e+03   0  Y  0.00  1   !  -9.99000e+02  -99.000  -99.000
OBS: 2005eq  53638.102   -17.00   2.9997e+03   1.8056e+03   0  Y  0.00  1   !  -9.99000e+02  -99.000  -99.000
OBS: 2005eq  53640.102   -15.00   3.5832e+03   1.6833e+03   0  Y  0.00  1   !  -9.99000e+02  -99.000  -99.000
OBS: 2005eq  53642.102   -13.00   6.9157e+03   7.4170e+02   0  Y  0.00  1   !  -9.99000e+02  -99.000  -99.000
OBS: 2005eq  53644.102   -11.00   1.0462e+04   5.6370e+02   0  Y  0.00  1   !  -9.99000e+02  -99.000  -99.000
OBS: 2005eq  53646.102    -9.00   1.3826e+04   5.4166e+02   0  Y  0.00  1   !  -9.99000e+02  -99.000  -99.000
OBS: 2005eq  53648.102    -7.00   1.6497e+04   4.7927e+02   0  Y  0.00  1   !  -9.99000e+02  -99.000  -99.000
OBS: 2005eq  53650.102    -5.00   1.7631e+04   4.6549e+02   0  Y  0.00  1   !  -9.99000e+02  -99.000  -99.000
OBS: 2005eq  53652.102    -3.00   1.7295e+04   4.9770e+02   0  Y  0.00  1   !  -9.99000e+02  -99.000  -99.000
OBS: 2005eq  53654.102    -1.00   1.5516e+04   4.7219e+02   0  Y  0.00  1   !  -9.99000e+02  -99.000  -99.000
OBS: 2005eq  53656.102     1.00   1.3559e+04   4.5768e+02   0  Y  0.00  1   !  -9.99000e+02  -99.000  -99.000
OBS: 2005eq  53658.102     3.00   1.2019e+04   4.7541e+02   0  Y  0.00  1   !  -9.99000e+02  -99.000  -99.000
OBS: 2005eq  53660.102     5.00   1.0581e+04   4.7248e+02   0  Y  0.00  1   !  -9.99000e+02  -99.000  -99.000
OBS: 2005eq  53662.102     7.00   9.4584e+03   4.7638e+02   0  Y  0.00  1   !  -9.99000e+02  -99.000  -99.000
OBS: 2005eq  53664.102     9.00   8.8329e+03   5.1146e+02   0  Y  0.00  1   !  -9.99000e+02  -99.000  -99.000
OBS: 2005eq  53666.102    11.00   8.5569e+03   5.2995e+02   0  Y  0.00  1   !  -9.99000e+02  -99.000  -99.000
OBS: 2005eq  53668.102    13.00   8.6884e+03   5.2354e+02   0  Y  0.00  1   !  -9.99000e+02  -99.000  -99.000
OBS: 2005eq  53670.102    15.00   9.1437e+03   5.1267e+02   0  Y  0.00  1   !  -9.99000e+02  -99.000  -99.000
OBS: 2005eq  53672.102    17.00   9.8592e+03   5.1987e+02   0  Y  0.00  1   !  -9.99000e+02  -99.000  -99.000
OBS: 2005eq  53674.102    19.00   1.0727e+04   5.2998e+02   0  Y  0.00  1   !  -9.99000e+02  -99.000  -99.000
OBS: 2005eq  53676.102    21.00   1.1678e+04   5.4818e+02   0  Y  0.00  1   !  -9.99000e+02  -99.000  -99.000
OBS: 2005eq  53678.102    23.00   1.2609e+04   5.6033e+02   0  Y  0.00  1   !  -9.99000e+02  -99.000  -99.000
OBS: 2005eq  53680.102    25.00   1.4003e+04   5.5933e+02   0  Y  0.00  1   !  -9.99000e+02  -99.000  -99.000
OBS: 2005eq  53682.102    27.00   1.5807e+04   5.5535e+02   0  Y  0.00  1   !  -9.99000e+02  -99.000  -99.000
OBS: 2005eq  53684.102    29.00   1.7428e+04   5.7187e+02   0  Y  0.00  1   !  -9.99000e+02  -99.000  -99.000
OBS: 2005eq  53686.102    31.00   1.8482e+04   5.9353e+02   0  Y  0.00  1   !  -9.99000e+02  -99.000  -99.000
OBS: 2005eq  53688.102    33.00   1.8836e+04   6.0490e+02   0  Y  0.00  1   !  -9.99000e+02  -99.000  -99.000
OBS: 2005eq  53690.102    35.00   1.8744e+04   5.8570e+02   0  Y  0.00  1   !  -9.99000e+02  -99.000  -99.000
OBS: 2005eq  53692.102    37.00   1.8332e+04   5.7239e+02   0  Y  0.00  1   !  -9.99000e+02  -99.000  -99.000
OBS: 2005eq  53694.102    39.00   1.7496e+04   6.0313e+02   0  Y  0.00  1   !  -9.99000e+02  -99.000  -99.000
OBS: 2005eq  53696.102    41.00   1.6140e+04   5.9916e+02   0  Y  0.00  1   !  -9.99000e+02  -99.000  -99.000
OBS: 2005eq  53698.102    43.00   1.4665e+04   5.5958e+02   0  Y  0.00  1   !  -9.99000e+02  -99.000  -99.000
OBS: 2005eq  53700.102    45.00   1.3412e+04   5.0345e+02   0  Y  0.00  1   !  -9.99000e+02  -99.000  -99.000
OBS: 2005eq  53702.102    47.00   1.2375e+04   4.6850e+02   0  Y  0.00  1   !  -9.99000e+02  -99.000  -99.000
OBS: 2005eq  53704.102    49.00   1.1338e+04   4.7616e+02   0  Y  0.00  1   !  -9.99000e+02  -99.000  -99.000
OBS: 2005eq  53706.102    51.00   1.0146e+04   4.9878e+02   0  Y  0.00  1   !  -9.99000e+02  -99.000  -99.000
OBS: 2005eq  53708.102    53.00   8.8526e+03   5.3285e+03   0  Y  0.00  1   !  -9.99000e+02  -99.000  -99.000
OBS: 2005eq  53710.102    55.00   7.6539e+03   4.6069e+03   0  Y  0.00  1   !  -9.99000e+02  -99.000  -99.000
OBS: 2005eq  53712.102    57.00   6.7338e+03   4.0531e+03   0  Y  0.00  1   !  -9.99000e+02  -99.000  -99.000
OBS: 2005eq  53714.102    59.00   6.0113e+03   3.6183e+03   0  Y  0.00  1   !  -9.99000e+02  -99.000  -99.000
OBS: 2005eq  53716.102    61.00   5.4914e+03   3.3053e+03   0  Y  0.00  1   !  -9.99000e+02  -99.000  -99.000
OBS: 2005eq  53718.102    63.00   4.7548e+03   2.8620e+03   0  Y  0.00  1   !  -9.99000e+02  -99.000  -99.000
OBS: 2005eq  53720.102    65.00   3.9987e+03   2.4068e+03   0  Y  0.00  1   !  -9.99000e+02  -99.000  -99.000
OBS: 2005eq  53722.102    67.00   3.4211e+03   2.0592e+03   0  Y  0.00  1   !  -9.99000e+02  -99.000  -99.000
OBS: 2005eq  53724.102    69.00   2.9720e+03   1.7889e+03   0  Y  0.00  1   !  -9.99000e+02  -99.000  -99.000
OBS: 2005eq  53726.102    71.00   2.6188e+03   1.5763e+03   0  Y  0.00  1   !  -9.99000e+02  -99.000  -99.000
OBS: 2005eq  53728.102    73.00   2.3266e+03   1.4004e+03   0  Y  0.00  1   !  -9.99000e+02  -99.000  -99.000
OBS: 2005eq  53730.102    75.00   2.0823e+03   1.2534e+03   0  Y  0.00  1   !  -9.99000e+02  -99.000  -99.000
OBS: 2005eq  53732.102    77.00   1.8546e+03   1.1163e+03   0  Y  0.00  1   !  -9.99000e+02  -99.000  -99.000
OBS: 2005eq  53734.102    79.00   1.6300e+03   9.8109e+02   0  Y  0.00  1   !  -9.99000e+02  -99.000  -99.000
OBS: 2005eq  53736.102    81.00   1.4343e+03   8.6331e+02   0  Y  0.00  1   !  -9.99000e+02  -99.000  -99.000
OBS: 2005eq  53738.102    83.00   1.2640e+03   7.6083e+02   0  Y  0.00  1   !  -9.99000e+02  -99.000  -99.000
OBS: 2005eq  53740.102    85.00   1.1163e+03   6.7193e+02   0  Y  0.00  1   !  -9.99000e+02  -99.000  -99.000
OBS: 2005eq  53742.102    87.00   9.8881e+02   5.9517e+02   0  Y  0.00  1   !  -9.99000e+02  -99.000  -99.000
OBS: 2005eq  53744.102    89.00   8.6776e+02   5.2232e+02   0  Y  0.00  1   !  -9.99000e+02  -99.000  -99.000
OBS: 2005eq  53746.102    91.00   7.5892e+02   4.5680e+02   0  Y  0.00  1   !  -9.99000e+02  -99.000  -99.000
OBS: 2005eq  53748.102    93.00   6.6372e+02   3.9950e+02   0  Y  0.00  1   !  -9.99000e+02  -99.000  -99.000
OBS: 2005eq  53750.102    95.00   5.8046e+02   3.4938e+02   0  Y  0.00  1   !  -9.99000e+02  -99.000  -99.000
OBS: 2005eq  53752.102    97.00   5.0764e+02   3.0555e+02   0  Y  0.00  1   !  -9.99000e+02  -99.000  -99.000
OBS: 2005eq  53754.102    99.00   4.4396e+02   2.6723e+02   0  Y  0.00  1   !  -9.99000e+02  -99.000  -99.000
OBS: 2005eq  53756.102   101.00   3.8825e+02   2.3369e+02   0  Y  0.00  1   !  -9.99000e+02  -99.000  -99.000
OBS: 2005eq  53758.102   103.00   3.3953e+02   2.0437e+02   0  Y  0.00  1   !  -9.99000e+02  -99.000  -99.000
OBS: 2005eq  53760.102   105.00   2.9692e+02   1.7872e+02   0  Y  0.00  1   !  -9.99000e+02  -99.000  -99.000
OBS: 2005eq  53762.102   107.00   2.5965e+02   1.5629e+02   0  Y  0.00  1   !  -9.99000e+02  -99.000  -99.000
OBS: 2005eq  53764.102   109.00   2.2707e+02   1.3667e+02   0  Y  0.00  1   !  -9.99000e+02  -99.000  -99.000
OBS: 2005eq  53766.102   111.00   1.9858e+02   1.1953e+02   0  Y  0.00  1   !  -9.99000e+02  -99.000  -99.000
OBS: 2005eq  53768.102   113.00   1.7365e+02   1.0452e+02   0  Y  0.00  1   !  -9.99000e+02  -99.000  -99.000
OBS: 2005eq  53770.102   115.00   1.5185e+02   9.1398e+01   0  Y  0.00  1   !  -9.99000e+02  -99.000  -99.000
OBS: 2005eq  53772.102   117.00   1.3278e+02   7.9922e+01   0  Y  0.00  1   !  -9.99000e+02  -99.000  -99.000
OBS: 2005eq  53774.102   119.00   1.1611e+02   6.9887e+01   0  Y  0.00  1   !  -9.99000e+02  -99.000  -99.000
OBS: 2005eq  53776.102   121.00   1.0153e+02   6.1114e+01   0  Y  0.00  1   !  -9.99000e+02  -99.000  -99.000
OBS: 2005eq  53778.102   123.00   8.8791e+01   5.3444e+01   0  Y  0.00  1   !  -9.99000e+02  -99.000  -99.000
OBS: 2005eq  53780.102   125.00   7.7639e+01   4.6732e+01   0  Y  0.00  1   !  -9.99000e+02  -99.000  -99.000
OBS: 2005eq  53782.102   127.00   6.7888e+01   4.0862e+01   0  Y  0.00  1   !  -9.99000e+02  -99.000  -99.000
OBS: 2005eq  53784.102   129.00   5.9360e+01   3.5730e+01   0  Y  0.00  1   !  -9.99000e+02  -99.000  -99.000
OBS: 2005eq  53786.102   131.00   5.1903e+01   3.1241e+01   0  Y  0.00  1   !  -9.99000e+02  -99.000  -99.000
OBS: 2005eq  53788.102   133.00   4.5386e+01   2.7319e+01   0  Y  0.00  1   !  -9.99000e+02  -99.000  -99.000
OBS: 2005eq  53790.102   135.00   3.9689e+01   2.3889e+01   0  Y  0.00  1   !  -9.99000e+02  -99.000  -99.000
OBS: 2005eq  53792.102   137.00   3.4702e+01   2.0888e+01   0  Y  0.00  1   !  -9.99000e+02  -99.000  -99.000
OBS: 2005eq  53794.102   139.00   3.0342e+01   1.8263e+01   0  Y  0.00  1   !  -9.99000e+02  -99.000  -99.000
OBS: 2005eq  53653.871    -1.23   1.3342e+04   2.3337e+02   1  y  13.09  1   Y  1.92701e+18  -0.064  0.216
OBS: 2005eq  53596.102   -59.00   0.0000e+00   0.0000e+00   0  y  0.00  1   !  -9.99000e+02  -99.000  -99.000
OBS: 2005eq  53598.102   -57.00   0.0000e+00   0.0000e+00   0  y  0.00  1   !  -9.99000e+02  -99.000  -99.000
OBS: 2005eq  53600.102   -55.00   0.0000e+00   0.0000e+00   0  y  0.00  1   !  -9.99000e+02  -99.000  -99.000
OBS: 2005eq  53602.102   -53.00   0.0000e+00   0.0000e+00   0  y  0.00  1   !  -9.99000e+02  -99.000  -99.000
OBS: 2005eq  53604.102   -51.00   0.0000e+00   0.0000e+00   0  y  0.00  1   !  -9.99000e+02  -99.000  -99.000
OBS: 2005eq  53606.102   -49.00   0.0000e+00   0.0000e+00   0  y  0.00  1   !  -9.99000e+02  -99.000  -99.000
OBS: 2005eq  53608.102   -47.00   0.0000e+00   0.0000e+00   0  y  0.00  1   !  -9.99000e+02  -99.000  -99.000
OBS: 2005eq  53610.102   -45.00   0.0000e+00   0.0000e+00   0  y  0.00  1   !  -9.99000e+02  -99.000  -99.000
OBS: 2005eq  53612.102   -43.00   0.0000e+00   0.0000e+00   0  y  0.00  1   !  -9.99000e+02  -99.000  -99.000
OBS: 2005eq  53614.102   -41.00   0.0000e+00   0.0000e+00   0  y  0.00  1   !  -9.99000e+02  -99.000  -99.000
OBS: 2005eq  53616.102   -39.00   0.0000e+00   0.0000e+00   0  y  0.00  1   !  -9.99000e+02  -99.000  -99.000
OBS: 2005eq  53618.102   -37.00   0.0000e+00   0.0000e+00   0  y  0.00  1   !  -9.99000e+02  -99.000  -99.000
OBS: 2005eq  53620.102   -35.00   0.0000e+00   0.0000e+00   0  y  0.00  1   !  -9.99000e+02  -99.000  -99.000
OBS: 2005eq  53622.102   -33.00   0.0000e+00   0.0000e+00   0  y  0.00  1   !  -9.99000e+02  -99.000  -99.000
OBS: 2005eq  53624.102   -31.00   0.0000e+00   0.0000e+00   0  y  0.00  1   !  -9.99000e+02  -99.000  -99.000
OBS: 2005eq  53626.102   -29.00   0.0000e+00   0.0000e+00   0  y  0.00  1   !  -9.99000e+02  -99.000  -99.000
OBS: 2005eq  53628.102   -27.00   0.0000e+00   0.0000e+00   0  y  0.00  1   !  -9.99000e+02  -99.000  -99.000
OBS: 2005eq  53630.102   -25.00   0.0000e+00   0.0000e+00   0  y  0.00  1   !  -9.99000e+02  -99.000  -99.000
OBS: 2005eq  53632.102   -23.00   0.0000e+00   0.0000e+00   0  y  0.00  1   !  -9.99000e+02  -99.000  -99.000
OBS: 2005eq  53634.102   -21.00   0.0000e+00   0.0000e+00   0  y  0.00  1   !  -9.99000e+02  -99.000  -99.000
OBS: 2005eq  53636.102   -19.00   3.0037e+03   1.8079e+03   0  y  0.00  1   !  -9.99000e+02  -99.000  -99.000
OBS: 2005eq  53638.102   -17.00   2.9260e+03   1.7612e+03   0  y  0.00  1   !  -9.99000e+02  -99.000  -99.000
OBS: 2005eq  53640.102   -15.00   3.4559e+03   1.6235e+03   0  y  0.00  1   !  -9.99000e+02  -99.000  -99.000
OBS: 2005eq  53642.102   -13.00   6.6244e+03   7.1046e+02   0  y  0.00  1   !  -9.99000e+02  -99.000  -99.000
OBS: 2005eq  53644.102   -11.00   1.0060e+04   5.4204e+02   0  y  0.00  1   !  -9.99000e+02  -99.000  -99.000
OBS: 2005eq  53646.102    -9.00   1.3424e+04   5.2592e+02   0  y  0.00  1   !  -9.99000e+02  -99.000  -99.000
OBS: 2005eq  53648.102    -7.00   1.6018e+04   4.6536e+02   0  y  0.00  1   !  -9.99000e+02  -99.000  -99.000
OBS: 2005eq  53650.102    -5.00   1.7065e+04   4.5055e+02   0  y  0.00  1   !  -9.99000e+02  -99.000  -99.000
OBS: 2005eq  53652.102    -3.00   1.6650e+04   4.7916e+02   0  y  0.00  1   !  -9.99000e+02  -99.000  -99.000
OBS: 2005eq  53654.102    -1.00   1.4989e+04   4.5613e+02   0  y  0.00  1   !  -9.99000e+02  -99.000  -99.000
OBS: 2005eq  53656.102     1.00   1.3127e+04   4.4312e+02   0  y  0.00  1   !  -9.99000e+02  -99.000  -99.000
OBS: 2005eq  53658.102     3.00   1.1519e+04   4.5561e+02   0  y  0.00  1   !  -9.99000e+02  -99.000  -99.000
OBS: 2005eq  53660.102     5.00   1.0041e+04   4.4834e+02   0  y  0.00  1   !  -9.99000e+02  -99.000  -99.000
OBS: 2005eq  53662.102     7.00   8.9291e+03   4.4972e+02   0  y  0.00  1   !  -9.99000e+02  -99.000  -99.000
OBS: 2005eq  53664.102     9.00   8.3373e+03   4.8276e+02   0  y  0.00  1   !  -9.99000e+02  -99.000  -99.000
OBS: 2005eq  53666.102    11.00   8.1417e+03   5.0423e+02   0  y  0.00  1   !  -9.99000e+02  -99.000  -99.000
OBS: 2005eq  53668.102    13.00   8.3030e+03   5.0032e+02   0  y  0.00  1   !  -9.99000e+02  -99.000  -99.000
OBS: 2005eq  53670.102    15.00   8.7111e+03   4.8842e+02   0  y  0.00  1   !  -9.99000e+02  -99.000  -99.000
OBS: 2005eq  53672.102    17.00   9.3585e+03   4.9347e+02   0  y  0.00  1   !  -9.99000e+02  -99.000  -99.000
OBS: 2005eq  53674.102    19.00   1.0228e+04   5.0529e+02   0  y  0.00  1   !  -9.99000e+02  -99.000  -99.000
OBS: 2005eq  53676.102    21.00   1.1268e+04   5.2893e+02   0  y  0.00  1   !  -9.99000e+02  -99.000  -99.000
OBS: 2005eq  53678.102    23.00   1.2347e+04   5.4866e+02   0  y  0.00  1   !  -9.99000e+02  -99.000  -99.000
OBS: 2005eq  53680.102    25.00   1.3755e+04   5.4943e+02   0  y  0.00  1   !  -9.99000e+02  -99.000  -99.000
OBS: 2005eq  53682.102    27.00   1.5512e+04   5.4497e+02   0  y  0.00  1   !  -9.99000e+02  -99.000  -99.000
OBS: 2005eq  53684.102    29.00   1.7183e+04   5.6386e+02   0  y  0.00  1   !  -9.99000e+02  -99.000  -99.000
OBS: 2005eq  53686.102    31.00   1.8267e+04   5.8663e+02   0  y  0.00  1   !  -9.99000e+02  -99.000  -99.000
OBS: 2005eq  53688.102    33.00   1.8617e+04   5.9787e+02   0  y  0.00  1   !  -9.99000e+02  -99.000  -99.000
OBS: 2005eq  53690.102    35.00   1.8613e+04   5.8163e+02   0  y  0.00  1   !  -9.99000e+02  -99.000  -99.000
OBS: 2005eq  53692.102    37.00   1.8390e+04   5.7421e+02   0  y  0.00  1   !  -9.99000e+02  -99.000  -99.000
OBS: 2005eq  53694.102    39.00   1.7754e+04   6.1202e+02   0  y  0.00  1   !  -9.99000e+02  -99.000  -99.000
OBS: 2005eq  53696.102    41.00   1.6590e+04   6.1586e+02   0  y  0.00  1   !  -9.99000e+02  -99.000  -99.000
OBS: 2005eq  53698.102    43.00   1.5261e+04   5.8234e+02   0  y  0.00  1   !  -9.99000e+02  -99.000  -99.000
OBS: 2005eq  53700.102    45.00   1.4058e+04   5.2770e+02   0  y  0.00  1   !  -9.99000e+02  -99.000  -99.000
OBS: 2005eq  53702.102    47.00   1.2985e+04   4.9158e+02   0  y  0.00  1   !  -9.99000e+02  -99.000  -99.000
OBS: 2005eq  53704.102    49.00   1.1882e+04   4.9898e+02   0  y  0.00  1   !  -9.99000e+02  -99.000  -99.000
OBS: 2005eq  53706.102    51.00   1.0604e+04   5.2131e+02   0  y  0.00  1   !  -9.99000e+02  -99.000  -99.000
OBS: 2005eq  53708.102    53.00   9.2021e+03   5.5388e+03   0  y  0.00  1   !  -9.99000e+02  -99.000  -99.000
OBS: 2005eq  53710.102    55.00   7.8714e+03   4.7379e+03   0  y  0.00  1   !  -9.99000e+02  -99.000  -99.000
OBS: 2005eq  53712.102    57.00   6.8184e+03   4.1041e+03   0  y  0.00  1   !  -9.99000e+02  -99.000  -99.000
OBS: 2005eq  53714.102    59.00   6.0095e+03   3.6172e+03   0  y  0.00  1   !  -9.99000e+02  -99.000  -99.000
OBS: 2005eq  53716.102    61.00   5.4363e+03   3.2722e+03   0  y  0.00  1   !  -9.99000e+02  -99.000  -99.000
OBS: 2005eq  53718.102    63.00   4.6672e+03   2.8092e+03   0  y  0.00  1   !  -9.99000e+02  -99.000  -99.000
OBS: 2005eq  53720.102    65.00   3.9041e+03   2.3499e+03   0  y  0.00  1   !  -9.99000e+02  -99.000  -99.000
OBS: 2005eq  53722.102    67.00   3.3208e+03   1.9988e+03   0  y  0.00  1   !  -9.99000e+02  -99.000  -99.000
OBS: 2005eq  53724.102    69.00   2.8673e+03   1.7259e+03   0  y  0.00  1   !  -9.99000e+02  -99.000  -99.000
OBS: 2005eq  53726.102    71.00   2.5100e+03   1.5108e+03   0  y  0.00  1   !  -9.99000e+02  -99.000  -99.000
OBS: 2005eq  53728.102    73.00   2.2152e+03   1.3334e+03   0  y  0.00  1   !  -9.99000e+02  -99.000  -99.000
OBS: 2005eq  53730.102    75.00   1.9749e+03   1.1887e+03   0  y  0.00  1   !  -9.99000e+02  -99.000  -99.000
OBS: 2005eq  53732.102    77.00   1.7520e+03   1.0546e+03   0  y  0.00  1   !  -9.99000e+02  -99.000  -99.000
OBS: 2005eq  53734.102    79.00   1.5359e+03   9.2448e+02   0  y  0.00  1   !  -9.99000e+02  -99.000  -99.000
OBS: 2005eq  53736.102    81.00   1.3475e+03   8.1110e+02   0  y  0.00  1   !  -9.99000e+02  -99.000  -99.000
OBS: 2005eq  53738.102    83.00   1.1835e+03   7.1235e+02   0  y  0.00  1   !  -9.99000e+02  -99.000  -99.000
OBS: 2005eq  53740.102    85.00   1.0408e+03   6.2646e+02   0  y  0.00  1   !  -9.99000e+02  -99.000  -99.000
OBS: 2005eq  53742.102    87.00   9.1704e+02   5.5197e+02   0  y  0.00  1   !  -9.99000e+02  -99.000  -99.000
OBS: 2005eq  53744.102    89.00   8.0350e+02   4.8364e+02   0  y  0.00  1   !  -9.99000e+02  -99.000  -99.000
OBS: 2005eq  53746.102    91.00   7.0256e+02   4.2288e+02   0  y  0.00  1   !  -9.99000e+02  -99.000  -99.000
OBS: 2005eq  53748.102    93.00   6.1430e+02   3.6976e+02   0  y  0.00  1   !  -9.99000e+02  -99.000  -99.000
OBS: 2005eq  53750.102    95.00   5.3713e+02   3.2331e+02   0  y  0.00  1   !  -9.99000e+02  -99.000  -99.000
OBS: 2005eq  53752.102    97.00   4.6965e+02   2.8269e+02   0  y  0.00  1   !  -9.99000e+02  -99.000  -99.000
OBS: 2005eq  53754.102    99.00   4.1065e+02   2.4718e+02   0  y  0.00  1   !  -9.99000e+02  -99.000  -99.000
OBS: 2005eq  53756.102   101.00   3.5907e+02   2.1613e+02   0  y  0.00  1   !  -9.99000e+02  -99.000  -99.000
OBS: 2005eq  53758.102   103.00   3.1396e+02   1.8898e+02   0  y  0.00  1   !  -9.99000e+02  -99.000  -99.000
OBS: 2005eq  53760.102   105.00   2.7452e+02   1.6524e+02   0  y  0.00  1   !  -9.99000e+02  -99.000  -99.000
OBS: 2005eq  53762.102   107.00   2.4003e+02   1.4448e+02   0  y  0.00  1   !  -9.99000e+02  -99.000  -99.000
OBS: 2005eq  53764.102   109.00   2.0988e+02   1.2633e+02   0  y  0.00  1   !  -9.99000e+02  -99.000  -99.000
OBS: 2005eq  53766.102   111.00   1.8351e+02   1.1046e+02   0  y  0.00  1   !  -9.99000e+02  -99.000  -99.000
OBS: 2005eq  53768.102   113.00   1.6046e+02   9.6582e+01   0  y  0.00  1   !  -9.99000e+02  -99.000  -99.000
OBS: 2005eq  53770.102   115.00   1.4030e+02   8.4448e+01   0  y  0.00  1   !  -9.99000e+02  -99.000  -99.000
OBS: 2005eq  53772.102   117.00   1.2267e+02   7.3839e+01   0  y  0.00  1   !  -9.99000e+02  -99.000  -99.000
OBS: 2005eq  53774.102   119.00   1.0726e+02   6.4563e+01   0  y  0.00  1   !  -9.99000e+02  -99.000  -99.000
OBS: 2005eq  53776.102   121.00   9.3789e+01   5.6452e+01   0  y  0.00  1   !  -9.99000e+02  -99.000  -99.000
OBS: 2005eq  53778.102   123.00   8.2007e+01   4.9361e+01   0  y  0.00  1   !  -9.99000e+02  -99.000  -99.000
OBS: 2005eq  53780.102   125.00   7.1704e+01   4.3160e+01   0  y  0.00  1   !  -9.99000e+02  -99.000  -99.000
OBS: 2005eq  53782.102   127.00   6.2696e+01   3.7738e+01   0  y  0.00  1   !  -9.99000e+02  -99.000  -99.000
OBS: 2005eq  53784.102   129.00   5.4820e+01   3.2997e+01   0  y  0.00  1   !  -9.99000e+02  -99.000  -99.000
OBS: 2005eq  53786.102   131.00   4.7933e+01   2.8851e+01   0  y  0.00  1   !  -9.99000e+02  -99.000  -99.000
OBS: 2005eq  53788.102   133.00   4.1911e+01   2.5227e+01   0  y  0.00  1   !  -9.99000e+02  -99.000  -99.000
OBS: 2005eq  53790.102   135.00   3.6646e+01   2.2058e+01   0  y  0.00  1   !  -9.99000e+02  -99.000  -99.000
OBS: 2005eq  53792.102   137.00   3.2043e+01   1.9287e+01   0  y  0.00  1   !  -9.99000e+02  -99.000  -99.000
OBS: 2005eq  53794.102   139.00   2.8017e+01   1.6864e+01   0  y  0.00  1   !  -9.99000e+02  -99.000  -99.000
