VARNAMES: CID MJD Tobs FLUXCAL FLUXCAL_ERR DATAFLAG BAND CHI2 IFIT BAND_REST FLUX_REST KCOR AVWARP 
OBS: 2006hx  54012.660    -9.62   4.3853e+03   2.7484e+02   1  g  1.02  1   B  1.17767e+18  -0.156  0.604
OBS: 2006hx  54013.660    -8.62   5.3358e+03   9.4197e+01   1  g  6.20  1   B  1.42353e+18  -0.163  0.835
OBS: 2006hx  54028.730     6.45   7.6208e+03   1.3454e+02   1  g  24.40  1   B  2.00025e+18  -0.180  0.740
OBS: 2006hx  54036.699    14.42   4.2776e+03   7.1508e+01   1  g  15.01  1   B  1.05881e+18  -0.244  0.879
OBS: 2006hx  54038.660    16.38   3.5909e+03   6.3392e+01   1  g  11.91  1   B  8.79109e+17  -0.256  0.919
OBS: 2006hx  54040.672    18.39   3.2479e+03   6.0383e+01   1  g  0.00  1   B  7.84739e+17  -0.270  0.957
OBS: 2006hx  54049.629    27.35   1.3514e+03   4.0424e+01   1  g  2.79  1   B  3.21339e+17  -0.288  0.388
OBS: 2006hx  54052.699    30.42   1.0894e+03   2.9491e+01   1  g  3.37  1   B  2.58651e+17  -0.289  0.477
OBS: 2006hx  54060.602    38.32   7.8850e+02   2.8838e+01   1  g  0.20  1   B  1.89512e+17  -0.276  0.575
OBS: 2006hx  54080.590    58.31   5.8722e+02   3.2222e+01  -1  g  0.24  1   !  -9.99000e+02  -99.000  -99.000
OBS: 2006hx  53963.281   -59.00   0.0000e+00   0.0000e+00   0  g  0.00  1   !  -9.99000e+02  -99.000  -99.000
OBS: 2006hx  53965.281   -57.00   0.0000e+00   0.0000e+00   0  g  0.00  1   !  -9.99000e+02  -99.000  -99.000
OBS: 2006hx  53967.281   -55.00   0.0000e+00   0.0000e+00   0  g  0.00  1   !  -9.99000e+02  -99.000  -99.000
OBS: 2006hx  53969.281   -53.00   0.0000e+00   0.0000e+00   0  g  0.00  1   !  -9.99000e+02  -99.000  -99.000
OBS: 2006hx  53971.281   -51.00   0.0000e+00   0.0000e+00   0  g  0.00  1   !  -9.99000e+02  -99.000  -99.000
OBS: 2006hx  53973.281   -49.00   0.0000e+00   0.0000e+00   0  g  0.00  1   !  -9.99000e+02  -99.000  -99.000
OBS: 2006hx  53975.281   -47.00   0.0000e+00   0.0000e+00   0  g  0.00  1   !  -9.99000e+02  -99.000  -99.000
OBS: 2006hx  53977.281   -45.00   0.0000e+00   0.0000e+00   0  g  0.00  1   !  -9.99000e+02  -99.000  -99.000
OBS: 2006hx  53979.281   -43.00   0.0000e+00   0.0000e+00   0  g  0.00  1   !  -9.99000e+02  -99.000  -99.000
OBS: 2006hx  53981.281   -41.00   0.0000e+00   0.0000e+00   0  g  0.00  1   !  -9.99000e+02  -99.000  -99.000
OBS: 2006hx  53983.281   -39.00   0.0000e+00   0.0000e+00   0  g  0.00  1   !  -9.99000e+02  -99.000  -99.000
OBS: 2006hx  53985.281   -37.00   0.0000e+00   0.0000e+00   0  g  0.00  1   !  -9.99000e+02  -99.000  -99.000
OBS: 2006hx  53987.281   -35.00   0.0000e+00   0.0000e+00   0  g  0.00  1   !  -9.99000e+02  -99.000  -99.000
OBS: 2006hx  53989.281   -33.00   0.0000e+00   0.0000e+00   0  g  0.00  1   !  -9.99000e+02  -99.000  -99.000
OBS: 2006hx  53991.281   -31.00   0.0000e+00   0.0000e+00   0  g  0.00  1   !  -9.99000e+02  -99.000  -99.000
OBS: 2006hx  53993.281   -29.00   0.0000e+00   0.0000e+00   0  g  0.00  1   !  -9.99000e+02  -99.000  -99.000
OBS: 2006hx  53995.281   -27.00   0.0000e+00   0.0000e+00   0  g  0.00  1   !  -9.99000e+02  -99.000  -99.000
OBS: 2006hx  53997.281   -25.00   0.0000e+00   0.0000e+00   0  g  0.00  1   !  -9.99000e+02  -99.000  -99.000
OBS: 2006hx  53999.281   -23.00   0.0000e+00   0.0000e+00   0  g  0.00  1   !  -9.99000e+02  -99.000  -99.000
OBS: 2006hx  54001.281   -21.00   0.0000e+00   0.0000e+00   0  g  0.00  1   !  -9.99000e+02  -99.000  -99.000
OBS: 2006hx  54003.281   -19.00   2.0146e+02   1.2126e+02   0  g  0.00  1   !  -9.99000e+02  -99.000  -99.000
OBS: 2006hx  54005.281   -17.00   2.0212e+02   1.2166e+02   0  g  0.00  1   !  -9.99000e+02  -99.000  -99.000
OBS: 2006hx  54007.281   -15.00   4.3602e+02   2.6245e+02   0  g  0.00  1   !  -9.99000e+02  -99.000  -99.000
OBS: 2006hx  54009.281   -13.00   1.5299e+03   9.2084e+02   0  g  0.00  1   !  -9.99000e+02  -99.000  -99.000
OBS: 2006hx  54011.281   -11.00   3.3270e+03   1.3011e+03   0  g  0.00  1   !  -9.99000e+02  -99.000  -99.000
OBS: 2006hx  54013.281    -9.00   5.2778e+03   8.6380e+01   0  g  0.00  1   !  -9.99000e+02  -99.000  -99.000
OBS: 2006hx  54015.281    -7.00   7.0797e+03   7.6964e+01   0  g  0.00  1   !  -9.99000e+02  -99.000  -99.000
OBS: 2006hx  54017.281    -5.00   8.5907e+03   8.4797e+01   0  g  0.00  1   !  -9.99000e+02  -99.000  -99.000
OBS: 2006hx  54019.281    -3.00   9.6897e+03   9.2729e+01   0  g  0.00  1   !  -9.99000e+02  -99.000  -99.000
OBS: 2006hx  54021.281    -1.00   1.0255e+04   9.8140e+01   0  g  0.00  1   !  -9.99000e+02  -99.000  -99.000
OBS: 2006hx  54023.281     1.00   1.0245e+04   9.8039e+01   0  g  0.00  1   !  -9.99000e+02  -99.000  -99.000
OBS: 2006hx  54025.281     3.00   9.7969e+03   9.6276e+01   0  g  0.00  1   !  -9.99000e+02  -99.000  -99.000
OBS: 2006hx  54027.281     5.00   9.0519e+03   9.1945e+01   0  g  0.00  1   !  -9.99000e+02  -99.000  -99.000
OBS: 2006hx  54029.281     7.00   8.1517e+03   8.3511e+01   0  g  0.00  1   !  -9.99000e+02  -99.000  -99.000
OBS: 2006hx  54031.281     9.00   7.1700e+03   7.3454e+01   0  g  0.00  1   !  -9.99000e+02  -99.000  -99.000
OBS: 2006hx  54033.281    11.00   6.1854e+03   6.6082e+01   0  g  0.00  1   !  -9.99000e+02  -99.000  -99.000
OBS: 2006hx  54035.281    13.00   5.2455e+03   5.9857e+01   0  g  0.00  1   !  -9.99000e+02  -99.000  -99.000
OBS: 2006hx  54037.281    15.00   4.3934e+03   5.5041e+01   0  g  0.00  1   !  -9.99000e+02  -99.000  -99.000
OBS: 2006hx  54039.281    17.00   3.6648e+03   5.1133e+01   0  g  0.00  1   !  -9.99000e+02  -99.000  -99.000
OBS: 2006hx  54041.281    19.00   3.0872e+03   5.1645e+01   0  g  0.00  1   !  -9.99000e+02  -99.000  -99.000
OBS: 2006hx  54043.281    21.00   2.5849e+03   4.8738e+01   0  g  0.00  1   !  -9.99000e+02  -99.000  -99.000
OBS: 2006hx  54045.281    23.00   2.1275e+03   4.3367e+01   0  g  0.00  1   !  -9.99000e+02  -99.000  -99.000
OBS: 2006hx  54047.281    25.00   1.7547e+03   4.2674e+01   0  g  0.00  1   !  -9.99000e+02  -99.000  -99.000
OBS: 2006hx  54049.281    27.00   1.4875e+03   4.2172e+01   0  g  0.00  1   !  -9.99000e+02  -99.000  -99.000
OBS: 2006hx  54051.281    29.00   1.2967e+03   4.4610e+01   0  g  0.00  1   !  -9.99000e+02  -99.000  -99.000
OBS: 2006hx  54053.281    31.00   1.1498e+03   4.5766e+01   0  g  0.00  1   !  -9.99000e+02  -99.000  -99.000
OBS: 2006hx  54055.281    33.00   1.0269e+03   4.5765e+01   0  g  0.00  1   !  -9.99000e+02  -99.000  -99.000
OBS: 2006hx  54057.281    35.00   9.2386e+02   4.2385e+01   0  g  0.00  1   !  -9.99000e+02  -99.000  -99.000
OBS: 2006hx  54059.281    37.00   8.4644e+02   3.8549e+01   0  g  0.00  1   !  -9.99000e+02  -99.000  -99.000
OBS: 2006hx  54061.281    39.00   7.9453e+02   3.8172e+01   0  g  0.00  1   !  -9.99000e+02  -99.000  -99.000
OBS: 2006hx  54063.281    41.00   7.5836e+02   4.3779e+01   0  g  0.00  1   !  -9.99000e+02  -99.000  -99.000
OBS: 2006hx  54065.281    43.00   7.2179e+02   4.4040e+01   0  g  0.00  1   !  -9.99000e+02  -99.000  -99.000
OBS: 2006hx  54067.281    45.00   6.7958e+02   4.2094e+01   0  g  0.00  1   !  -9.99000e+02  -99.000  -99.000
OBS: 2006hx  54069.281    47.00   6.4330e+02   4.3519e+01   0  g  0.00  1   !  -9.99000e+02  -99.000  -99.000
OBS: 2006hx  54071.281    49.00   6.2114e+02   4.8240e+01   0  g  0.00  1   !  -9.99000e+02  -99.000  -99.000
OBS: 2006hx  54073.281    51.00   6.1049e+02   4.8337e+01   0  g  0.00  1   !  -9.99000e+02  -99.000  -99.000
OBS: 2006hx  54075.281    53.00   5.9841e+02   4.8585e+01   0  g  0.00  1   !  -9.99000e+02  -99.000  -99.000
OBS: 2006hx  54077.281    55.00   5.8216e+02   5.2166e+01   0  g  0.00  1   !  -9.99000e+02  -99.000  -99.000
OBS: 2006hx  54079.281    57.00   5.6736e+02   4.9648e+01   0  g  0.00  1   !  -9.99000e+02  -99.000  -99.000
OBS: 2006hx  54081.281    59.00   5.5398e+02   4.8688e+01   0  g  0.00  1   !  -9.99000e+02  -99.000  -99.000
OBS: 2006hx  54083.281    61.00   5.3931e+02   5.5819e+01   0  g  0.00  1   !  -9.99000e+02  -99.000  -99.000
OBS: 2006hx  54085.281    63.00   5.2313e+02   5.9732e+01   0  g  0.00  1   !  -9.99000e+02  -99.000  -99.000
OBS: 2006hx  54087.281    65.00   4.9737e+02   5.7006e+01   0  g  0.00  1   !  -9.99000e+02  -99.000  -99.000
OBS: 2006hx  54089.281    67.00   4.7417e+02   5.4215e+01   0  g  0.00  1   !  -9.99000e+02  -99.000  -99.000
OBS: 2006hx  54091.281    69.00   4.5153e+02   5.5695e+01   0  g  0.00  1   !  -9.99000e+02  -99.000  -99.000
OBS: 2006hx  54093.281    71.00   4.2708e+02   7.2530e+01   0  g  0.00  1   !  -9.99000e+02  -99.000  -99.000
OBS: 2006hx  54095.281    73.00   3.9753e+02   1.3280e+02   0  g  0.00  1   !  -9.99000e+02  -99.000  -99.000
OBS: 2006hx  54097.281    75.00   3.6849e+02   1.9493e+02   0  g  0.00  1   !  -9.99000e+02  -99.000  -99.000
OBS: 2006hx  54099.281    77.00   3.4209e+02   2.2814e+02   0  g  0.00  1   !  -9.99000e+02  -99.000  -99.000
OBS: 2006hx  54101.281    79.00   3.1704e+02   2.4235e+02   0  g  0.00  1   !  -9.99000e+02  -99.000  -99.000
OBS: 2006hx  54103.281    81.00   2.9394e+02   2.4497e+02   0  g  0.00  1   !  -9.99000e+02  -99.000  -99.000
OBS: 2006hx  54105.281    83.00   2.7254e+02   2.4043e+02   0  g  0.00  1   !  -9.99000e+02  -99.000  -99.000
OBS: 2006hx  54107.281    85.00   2.5491e+02   2.3367e+02   0  g  0.00  1   !  -9.99000e+02  -99.000  -99.000
OBS: 2006hx  54109.281    87.00   2.3162e+02   2.1797e+02   0  g  0.00  1   !  -9.99000e+02  -99.000  -99.000
OBS: 2006hx  54111.281    89.00   2.0549e+02   1.9693e+02   0  g  0.00  1   !  -9.99000e+02  -99.000  -99.000
OBS: 2006hx  54113.281    91.00   1.8264e+02   1.7726e+02   0  g  0.00  1   !  -9.99000e+02  -99.000  -99.000
OBS: 2006hx  54115.281    93.00   1.6233e+02   1.5895e+02   0  g  0.00  1   !  -9.99000e+02  -99.000  -99.000
OBS: 2006hx  54117.281    95.00   1.4428e+02   1.4215e+02   0  g  0.00  1   !  -9.99000e+02  -99.000  -99.000
OBS: 2006hx  54119.281    97.00   1.2824e+02   1.2690e+02   0  g  0.00  1   !  -9.99000e+02  -99.000  -99.000
OBS: 2006hx  54121.281    99.00   1.1398e+02   1.1314e+02   0  g  0.00  1   !  -9.99000e+02  -99.000  -99.000
OBS: 2006hx  54123.281   101.00   1.0130e+02   1.0077e+02   0  g  0.00  1   !  -9.99000e+02  -99.000  -99.000
OBS: 2006hx  54125.281   103.00   9.0037e+01   8.9705e+01   0  g  0.00  1   !  -9.99000e+02  -99.000  -99.000
OBS: 2006hx  54127.281   105.00   8.0024e+01   7.9816e+01   0  g  0.00  1   !  -9.99000e+02  -99.000  -99.000
OBS: 2006hx  54129.281   107.00   7.1126e+01   7.0994e+01   0  g  0.00  1   !  -9.99000e+02  -99.000  -99.000
OBS: 2006hx  54131.281   109.00   6.3216e+01   6.3134e+01   0  g  0.00  1   !  -9.99000e+02  -99.000  -99.000
OBS: 2006hx  54133.281   111.00   5.6186e+01   5.6135e+01   0  g  0.00  1   !  -9.99000e+02  -99.000  -99.000
OBS: 2006hx  54135.281   113.00   4.9938e+01   4.9906e+01   0  g  0.00  1   !  -9.99000e+02  -99.000  -99.000
OBS: 2006hx  54137.281   115.00   4.4385e+01   4.4365e+01   0  g  0.00  1   !  -9.99000e+02  -99.000  -99.000
OBS: 2006hx  54139.281   117.00   3.9449e+01   3.9437e+01   0  g  0.00  1   !  -9.99000e+02  -99.000  -99.000
OBS: 2006hx  54141.281   119.00   3.5063e+01   3.5055e+01   0  g  0.00  1   !  -9.99000e+02  -99.000  -99.000
OBS: 2006hx  54143.281   121.00   3.1164e+01   3.1159e+01   0  g  0.00  1   !  -9.99000e+02  -99.000  -99.000
OBS: 2006hx  54145.281   123.00   2.7698e+01   2.7695e+01   0  g  0.00  1   !  -9.99000e+02  -99.000  -99.000
OBS: 2006hx  54147.281   125.00   2.4618e+01   2.4616e+01   0  g  0.00  1   !  -9.99000e+02  -99.000  -99.000
OBS: 2006hx  54149.281   127.00   2.1881e+01   2.1879e+01   0  g  0.00  1   !  -9.99000e+02  -99.000  -99.000
OBS: 2006hx  54151.281   129.00   1.9447e+01   1.9447e+01   0  g  0.00  1   !  -9.99000e+02  -99.000  -99.000
OBS: 2006hx  54153.281   131.00   1.7285e+01   1.7284e+01   0  g  0.00  1   !  -9.99000e+02  -99.000  -99.000
OBS: 2006hx  54155.281   133.00   1.5363e+01   1.5362e+01   0  g  0.00  1   !  -9.99000e+02  -99.000  -99.000
OBS: 2006hx  54157.281   135.00   1.3654e+01   1.3654e+01   0  g  0.00  1   !  -9.99000e+02  -99.000  -99.000
OBS: 2006hx  54159.281   137.00   1.2136e+01   1.2136e+01   0  g  0.00  1   !  -9.99000e+02  -99.000  -99.000
OBS: 2006hx  54161.281   139.00   1.0786e+01   1.0786e+01   0  g  0.00  1   !  -9.99000e+02  -99.000  -99.000
OBS: 2006hx  54013.660    -8.62   4.4218e+03   1.4066e+02   1  r  1.90  1   r  1.32435e+18  -0.037  0.673
OBS: 2006hx  54028.730     6.45   9.2982e+03   1.5544e+02   1  r  6.38  1   r  2.63284e+18  -0.098  0.450
OBS: 2006hx  54036.699    14.42   6.2864e+03   9.9204e+01   1  r  0.04  1   r  1.66726e+18  -0.169  0.306
OBS: 2006hx  54038.660    16.38   6.0814e+03   1.0166e+02   1  r  1.10  1   r  1.61806e+18  -0.166  0.402
OBS: 2006hx  54040.672    18.39   5.7385e+03   1.3908e+02   1  r  0.02  1   r  1.54641e+18  -0.152  0.445
OBS: 2006hx  54049.629    27.35   3.9228e+03   1.6224e+02   1  r  2.73  1   r  1.14933e+18  -0.061  0.495
OBS: 2006hx  54052.699    30.42   3.3698e+03   1.0719e+02   1  r  2.78  1   r  9.99601e+17  -0.048  0.391
OBS: 2006hx  54060.602    38.32   2.7240e+03   9.7024e+01   1  r  10.38  1   r  7.90043e+17  -0.072  0.458
OBS: 2006hx  54066.680    44.40   1.8399e+03   8.4939e+01   1  r  0.72  1   r  5.16853e+17  -0.107  0.205
OBS: 2006hx  54080.590    58.31   1.1282e+03   6.5202e+01  -1  r  1.31  1   !  -9.99000e+02  -99.000  -99.000
OBS: 2006hx  53963.281   -59.00   0.0000e+00   0.0000e+00   0  r  0.00  1   !  -9.99000e+02  -99.000  -99.000
OBS: 2006hx  53965.281   -57.00   0.0000e+00   0.0000e+00   0  r  0.00  1   !  -9.99000e+02  -99.000  -99.000
OBS: 2006hx  53967.281   -55.00   0.0000e+00   0.0000e+00   0  r  0.00  1   !  -9.99000e+02  -99.000  -99.000
OBS: 2006hx  53969.281   -53.00   0.0000e+00   0.0000e+00   0  r  0.00  1   !  -9.99000e+02  -99.000  -99.000
OBS: 2006hx  53971.281   -51.00   0.0000e+00   0.0000e+00   0  r  0.00  1   !  -9.99000e+02  -99.000  -99.000
OBS: 2006hx  53973.281   -49.00   0.0000e+00   0.0000e+00   0  r  0.00  1   !  -9.99000e+02  -99.000  -99.000
OBS: 2006hx  53975.281   -47.00   0.0000e+00   0.0000e+00   0  r  0.00  1   !  -9.99000e+02  -99.000  -99.000
OBS: 2006hx  53977.281   -45.00   0.0000e+00   0.0000e+00   0  r  0.00  1   !  -9.99000e+02  -99.000  -99.000
OBS: 2006hx  53979.281   -43.00   0.0000e+00   0.0000e+00   0  r  0.00  1   !  -9.99000e+02  -99.000  -99.000
OBS: 2006hx  53981.281   -41.00   0.0000e+00   0.0000e+00   0  r  0.00  1   !  -9.99000e+02  -99.000  -99.000
OBS: 2006hx  53983.281   -39.00   0.0000e+00   0.0000e+00   0  r  0.00  1   !  -9.99000e+02  -99.000  -99.000
OBS: 2006hx  53985.281   -37.00   0.0000e+00   0.0000e+00   0  r  0.00  1   !  -9.99000e+02  -99.000  -99.000
OBS: 2006hx  53987.281   -35.00   0.0000e+00   0.0000e+00   0  r  0.00  1   !  -9.99000e+02  -99.000  -99.000
OBS: 2006hx  53989.281   -33.00   0.0000e+00   0.0000e+00   0  r  0.00  1   !  -9.99000e+02  -99.000  -99.000
OBS: 2006hx  53991.281   -31.00   0.0000e+00   0.0000e+00   0  r  0.00  1   !  -9.99000e+02  -99.000  -99.000
OBS: 2006hx  53993.281   -29.00   0.0000e+00   0.0000e+00   0  r  0.00  1   !  -9.99000e+02  -99.000  -99.000
OBS: 2006hx  53995.281   -27.00   0.0000e+00   0.0000e+00   0  r  0.00  1   !  -9.99000e+02  -99.000  -99.000
OBS: 2006hx  53997.281   -25.00   0.0000e+00   0.0000e+00   0  r  0.00  1   !  -9.99000e+02  -99.000  -99.000
OBS: 2006hx  53999.281   -23.00   0.0000e+00   0.0000e+00   0  r  0.00  1   !  -9.99000e+02  -99.000  -99.000
OBS: 2006hx  54001.281   -21.00   0.0000e+00   0.0000e+00   0  r  0.00  1   !  -9.99000e+02  -99.000  -99.000
OBS: 2006hx  54003.281   -19.00   0.0000e+00   0.0000e+00   0  r  0.00  1   !  -9.99000e+02  -99.000  -99.000
OBS: 2006hx  54005.281   -17.00   0.0000e+00   0.0000e+00   0  r  0.00  1   !  -9.99000e+02  -99.000  -99.000
OBS: 2006hx  54007.281   -15.00   0.0000e+00   0.0000e+00   0  r  0.00  1   !  -9.99000e+02  -99.000  -99.000
OBS: 2006hx  54009.281   -13.00   1.3077e+03   7.8711e+02   0  r  0.00  1   !  -9.99000e+02  -99.000  -99.000
OBS: 2006hx  54011.281   -11.00   3.7938e+03   2.2835e+03   0  r  0.00  1   !  -9.99000e+02  -99.000  -99.000
OBS: 2006hx  54013.281    -9.00   5.8908e+03   2.5465e+03   0  r  0.00  1   !  -9.99000e+02  -99.000  -99.000
OBS: 2006hx  54015.281    -7.00   7.6320e+03   1.0070e+02   0  r  0.00  1   !  -9.99000e+02  -99.000  -99.000
OBS: 2006hx  54017.281    -5.00   8.9671e+03   1.0405e+02   0  r  0.00  1   !  -9.99000e+02  -99.000  -99.000
OBS: 2006hx  54019.281    -3.00   1.0073e+04   1.0700e+02   0  r  0.00  1   !  -9.99000e+02  -99.000  -99.000
OBS: 2006hx  54021.281    -1.00   1.0811e+04   1.1075e+02   0  r  0.00  1   !  -9.99000e+02  -99.000  -99.000
OBS: 2006hx  54023.281     1.00   1.1100e+04   1.1372e+02   0  r  0.00  1   !  -9.99000e+02  -99.000  -99.000
OBS: 2006hx  54025.281     3.00   1.0942e+04   1.1690e+02   0  r  0.00  1   !  -9.99000e+02  -99.000  -99.000
OBS: 2006hx  54027.281     5.00   1.0375e+04   1.1483e+02   0  r  0.00  1   !  -9.99000e+02  -99.000  -99.000
OBS: 2006hx  54029.281     7.00   9.5167e+03   1.0639e+02   0  r  0.00  1   !  -9.99000e+02  -99.000  -99.000
OBS: 2006hx  54031.281     9.00   8.4935e+03   1.0143e+02   0  r  0.00  1   !  -9.99000e+02  -99.000  -99.000
OBS: 2006hx  54033.281    11.00   7.5294e+03   9.5148e+01   0  r  0.00  1   !  -9.99000e+02  -99.000  -99.000
OBS: 2006hx  54035.281    13.00   6.7383e+03   8.9100e+01   0  r  0.00  1   !  -9.99000e+02  -99.000  -99.000
OBS: 2006hx  54037.281    15.00   6.1785e+03   8.5473e+01   0  r  0.00  1   !  -9.99000e+02  -99.000  -99.000
OBS: 2006hx  54039.281    17.00   5.8611e+03   8.7873e+01   0  r  0.00  1   !  -9.99000e+02  -99.000  -99.000
OBS: 2006hx  54041.281    19.00   5.6545e+03   8.5481e+01   0  r  0.00  1   !  -9.99000e+02  -99.000  -99.000
OBS: 2006hx  54043.281    21.00   5.4612e+03   8.5857e+01   0  r  0.00  1   !  -9.99000e+02  -99.000  -99.000
OBS: 2006hx  54045.281    23.00   5.1798e+03   8.1433e+01   0  r  0.00  1   !  -9.99000e+02  -99.000  -99.000
OBS: 2006hx  54047.281    25.00   4.7697e+03   7.4676e+01   0  r  0.00  1   !  -9.99000e+02  -99.000  -99.000
OBS: 2006hx  54049.281    27.00   4.2954e+03   7.0733e+01   0  r  0.00  1   !  -9.99000e+02  -99.000  -99.000
OBS: 2006hx  54051.281    29.00   3.8580e+03   6.6169e+01   0  r  0.00  1   !  -9.99000e+02  -99.000  -99.000
OBS: 2006hx  54053.281    31.00   3.4676e+03   6.7081e+01   0  r  0.00  1   !  -9.99000e+02  -99.000  -99.000
OBS: 2006hx  54055.281    33.00   3.0875e+03   7.1717e+01   0  r  0.00  1   !  -9.99000e+02  -99.000  -99.000
OBS: 2006hx  54057.281    35.00   2.7300e+03   7.0920e+01   0  r  0.00  1   !  -9.99000e+02  -99.000  -99.000
OBS: 2006hx  54059.281    37.00   2.4586e+03   6.7222e+01   0  r  0.00  1   !  -9.99000e+02  -99.000  -99.000
OBS: 2006hx  54061.281    39.00   2.3020e+03   6.7855e+01   0  r  0.00  1   !  -9.99000e+02  -99.000  -99.000
OBS: 2006hx  54063.281    41.00   2.1952e+03   7.4916e+01   0  r  0.00  1   !  -9.99000e+02  -99.000  -99.000
OBS: 2006hx  54065.281    43.00   2.0529e+03   7.0751e+01   0  r  0.00  1   !  -9.99000e+02  -99.000  -99.000
OBS: 2006hx  54067.281    45.00   1.8765e+03   6.2070e+01   0  r  0.00  1   !  -9.99000e+02  -99.000  -99.000
OBS: 2006hx  54069.281    47.00   1.7086e+03   6.9152e+01   0  r  0.00  1   !  -9.99000e+02  -99.000  -99.000
OBS: 2006hx  54071.281    49.00   1.5840e+03   7.6223e+01   0  r  0.00  1   !  -9.99000e+02  -99.000  -99.000
OBS: 2006hx  54073.281    51.00   1.5033e+03   7.8363e+01   0  r  0.00  1   !  -9.99000e+02  -99.000  -99.000
OBS: 2006hx  54075.281    53.00   1.4349e+03   8.3204e+01   0  r  0.00  1   !  -9.99000e+02  -99.000  -99.000
OBS: 2006hx  54077.281    55.00   1.3626e+03   8.3123e+01   0  r  0.00  1   !  -9.99000e+02  -99.000  -99.000
OBS: 2006hx  54079.281    57.00   1.2905e+03   8.0988e+01   0  r  0.00  1   !  -9.99000e+02  -99.000  -99.000
OBS: 2006hx  54081.281    59.00   1.2287e+03   8.3980e+01   0  r  0.00  1   !  -9.99000e+02  -99.000  -99.000
OBS: 2006hx  54083.281    61.00   1.1827e+03   9.4403e+01   0  r  0.00  1   !  -9.99000e+02  -99.000  -99.000
OBS: 2006hx  54085.281    63.00   1.1443e+03   9.8481e+01   0  r  0.00  1   !  -9.99000e+02  -99.000  -99.000
OBS: 2006hx  54087.281    65.00   1.0632e+03   8.8749e+01   0  r  0.00  1   !  -9.99000e+02  -99.000  -99.000
OBS: 2006hx  54089.281    67.00   9.7414e+02   8.3778e+01   0  r  0.00  1   !  -9.99000e+02  -99.000  -99.000
OBS: 2006hx  54091.281    69.00   8.7970e+02   8.8149e+01   0  r  0.00  1   !  -9.99000e+02  -99.000  -99.000
OBS: 2006hx  54093.281    71.00   7.8908e+02   8.8171e+01   0  r  0.00  1   !  -9.99000e+02  -99.000  -99.000
OBS: 2006hx  54095.281    73.00   6.9725e+02   9.7683e+01   0  r  0.00  1   !  -9.99000e+02  -99.000  -99.000
OBS: 2006hx  54097.281    75.00   6.1122e+02   1.1441e+02   0  r  0.00  1   !  -9.99000e+02  -99.000  -99.000
OBS: 2006hx  54099.281    77.00   5.3573e+02   1.2413e+02   0  r  0.00  1   !  -9.99000e+02  -99.000  -99.000
OBS: 2006hx  54101.281    79.00   4.7056e+02   1.2884e+02   0  r  0.00  1   !  -9.99000e+02  -99.000  -99.000
OBS: 2006hx  54103.281    81.00   4.1354e+02   1.2969e+02   0  r  0.00  1   !  -9.99000e+02  -99.000  -99.000
OBS: 2006hx  54105.281    83.00   3.6358e+02   1.2770e+02   0  r  0.00  1   !  -9.99000e+02  -99.000  -99.000
OBS: 2006hx  54107.281    85.00   3.1966e+02   1.2364e+02   0  r  0.00  1   !  -9.99000e+02  -99.000  -99.000
OBS: 2006hx  54109.281    87.00   2.8113e+02   1.1819e+02   0  r  0.00  1   !  -9.99000e+02  -99.000  -99.000
OBS: 2006hx  54111.281    89.00   2.4729e+02   1.1182e+02   0  r  0.00  1   !  -9.99000e+02  -99.000  -99.000
OBS: 2006hx  54113.281    91.00   2.1632e+02   1.0431e+02   0  r  0.00  1   !  -9.99000e+02  -99.000  -99.000
OBS: 2006hx  54115.281    93.00   1.8924e+02   9.6623e+01   0  r  0.00  1   !  -9.99000e+02  -99.000  -99.000
OBS: 2006hx  54117.281    95.00   1.6549e+02   8.8936e+01   0  r  0.00  1   !  -9.99000e+02  -99.000  -99.000
OBS: 2006hx  54119.281    97.00   1.4463e+02   8.1394e+01   0  r  0.00  1   !  -9.99000e+02  -99.000  -99.000
OBS: 2006hx  54121.281    99.00   1.2670e+02   7.4339e+01   0  r  0.00  1   !  -9.99000e+02  -99.000  -99.000
OBS: 2006hx  54123.281   101.00   1.1079e+02   6.7512e+01   0  r  0.00  1   !  -9.99000e+02  -99.000  -99.000
OBS: 2006hx  54125.281   103.00   9.6883e+01   6.1114e+01   0  r  0.00  1   !  -9.99000e+02  -99.000  -99.000
OBS: 2006hx  54127.281   105.00   8.4819e+01   5.5220e+01   0  r  0.00  1   !  -9.99000e+02  -99.000  -99.000
OBS: 2006hx  54129.281   107.00   7.4171e+01   4.9707e+01   0  r  0.00  1   !  -9.99000e+02  -99.000  -99.000
OBS: 2006hx  54131.281   109.00   6.3982e+01   4.4036e+01   0  r  0.00  1   !  -9.99000e+02  -99.000  -99.000
OBS: 2006hx  54133.281   111.00   5.9331e+01   4.1848e+01   0  r  0.00  1   !  -9.99000e+02  -99.000  -99.000
OBS: 2006hx  54135.281   113.00   5.1348e+01   3.7047e+01   0  r  0.00  1   !  -9.99000e+02  -99.000  -99.000
OBS: 2006hx  54137.281   115.00   4.4440e+01   3.2741e+01   0  r  0.00  1   !  -9.99000e+02  -99.000  -99.000
OBS: 2006hx  54139.281   117.00   3.8461e+01   2.8891e+01   0  r  0.00  1   !  -9.99000e+02  -99.000  -99.000
OBS: 2006hx  54141.281   119.00   3.3286e+01   2.5458e+01   0  r  0.00  1   !  -9.99000e+02  -99.000  -99.000
OBS: 2006hx  54143.281   121.00   2.8808e+01   2.2404e+01   0  r  0.00  1   !  -9.99000e+02  -99.000  -99.000
OBS: 2006hx  54145.281   123.00   2.4932e+01   1.9694e+01   0  r  0.00  1   !  -9.99000e+02  -99.000  -99.000
OBS: 2006hx  54147.281   125.00   2.1577e+01   1.7293e+01   0  r  0.00  1   !  -9.99000e+02  -99.000  -99.000
OBS: 2006hx  54149.281   127.00   1.8674e+01   1.5169e+01   0  r  0.00  1   !  -9.99000e+02  -99.000  -99.000
OBS: 2006hx  54151.281   129.00   1.6162e+01   1.3295e+01   0  r  0.00  1   !  -9.99000e+02  -99.000  -99.000
OBS: 2006hx  54153.281   131.00   1.3987e+01   1.1642e+01   0  r  0.00  1   !  -9.99000e+02  -99.000  -99.000
OBS: 2006hx  54155.281   133.00   1.2105e+01   1.0187e+01   0  r  0.00  1   !  -9.99000e+02  -99.000  -99.000
OBS: 2006hx  54157.281   135.00   1.0477e+01   8.9074e+00   0  r  0.00  1   !  -9.99000e+02  -99.000  -99.000
OBS: 2006hx  54159.281   137.00   9.0671e+00   7.7834e+00   0  r  0.00  1   !  -9.99000e+02  -99.000  -99.000
OBS: 2006hx  54161.281   139.00   7.8472e+00   6.7971e+00   0  r  0.00  1   !  -9.99000e+02  -99.000  -99.000
OBS: 2006hx  54013.660    -8.62   5.7916e+03   1.4583e+02   1  i  8.04  1   i  1.58431e+18  -0.136  -0.070
OBS: 2006hx  54028.730     6.45   6.2806e+03   1.8786e+02   1  i  9.04  1   i  1.60010e+18  -0.213  0.209
OBS: 2006hx  54036.699    14.42   4.3013e+03   1.8202e+02   1  i  19.27  1   i  1.14029e+18  -0.170  0.219
OBS: 2006hx  54038.660    16.38   3.7188e+03   1.2537e+02   1  i  4.42  1   i  9.92210e+17  -0.163  0.230
OBS: 2006hx  54040.672    18.39   3.8940e+03   1.4614e+02   1  i  4.43  1   i  1.04488e+18  -0.156  0.266
OBS: 2006hx  54052.699    30.42   4.1001e+03   1.1487e+02   1  i  4.81  1   i  1.15546e+18  -0.103  0.784
OBS: 2006hx  54060.602    38.32   2.5894e+03   6.7647e+01   1  i  7.39  1   i  7.45938e+17  -0.079  0.271
OBS: 2006hx  54066.680    44.40   2.1837e+03   1.1771e+02   1  i  7.77  1   i  6.37387e+17  -0.065  0.790
OBS: 2006hx  53963.281   -59.00   0.0000e+00   0.0000e+00   0  i  0.00  1   !  -9.99000e+02  -99.000  -99.000
OBS: 2006hx  53965.281   -57.00   0.0000e+00   0.0000e+00   0  i  0.00  1   !  -9.99000e+02  -99.000  -99.000
OBS: 2006hx  53967.281   -55.00   0.0000e+00   0.0000e+00   0  i  0.00  1   !  -9.99000e+02  -99.000  -99.000
OBS: 2006hx  53969.281   -53.00   0.0000e+00   0.0000e+00   0  i  0.00  1   !  -9.99000e+02  -99.000  -99.000
OBS: 2006hx  53971.281   -51.00   0.0000e+00   0.0000e+00   0  i  0.00  1   !  -9.99000e+02  -99.000  -99.000
OBS: 2006hx  53973.281   -49.00   0.0000e+00   0.0000e+00   0  i  0.00  1   !  -9.99000e+02  -99.000  -99.000
OBS: 2006hx  53975.281   -47.00   0.0000e+00   0.0000e+00   0  i  0.00  1   !  -9.99000e+02  -99.000  -99.000
OBS: 2006hx  53977.281   -45.00   0.0000e+00   0.0000e+00   0  i  0.00  1   !  -9.99000e+02  -99.000  -99.000
OBS: 2006hx  53979.281   -43.00   0.0000e+00   0.0000e+00   0  i  0.00  1   !  -9.99000e+02  -99.000  -99.000
OBS: 2006hx  53981.281   -41.00   0.0000e+00   0.0000e+00   0  i  0.00  1   !  -9.99000e+02  -99.000  -99.000
OBS: 2006hx  53983.281   -39.00   0.0000e+00   0.0000e+00   0  i  0.00  1   !  -9.99000e+02  -99.000  -99.000
OBS: 2006hx  53985.281   -37.00   0.0000e+00   0.0000e+00   0  i  0.00  1   !  -9.99000e+02  -99.000  -99.000
OBS: 2006hx  53987.281   -35.00   0.0000e+00   0.0000e+00   0  i  0.00  1   !  -9.99000e+02  -99.000  -99.000
OBS: 2006hx  53989.281   -33.00   0.0000e+00   0.0000e+00   0  i  0.00  1   !  -9.99000e+02  -99.000  -99.000
OBS: 2006hx  53991.281   -31.00   0.0000e+00   0.0000e+00   0  i  0.00  1   !  -9.99000e+02  -99.000  -99.000
OBS: 2006hx  53993.281   -29.00   0.0000e+00   0.0000e+00   0  i  0.00  1   !  -9.99000e+02  -99.000  -99.000
OBS: 2006hx  53995.281   -27.00   0.0000e+00   0.0000e+00   0  i  0.00  1   !  -9.99000e+02  -99.000  -99.000
OBS: 2006hx  53997.281   -25.00   0.0000e+00   0.0000e+00   0  i  0.00  1   !  -9.99000e+02  -99.000  -99.000
OBS: 2006hx  53999.281   -23.00   0.0000e+00   0.0000e+00   0  i  0.00  1   !  -9.99000e+02  -99.000  -99.000
OBS: 2006hx  54001.281   -21.00   0.0000e+00   0.0000e+00   0  i  0.00  1   !  -9.99000e+02  -99.000  -99.000
OBS: 2006hx  54003.281   -19.00   0.0000e+00   0.0000e+00   0  i  0.00  1   !  -9.99000e+02  -99.000  -99.000
OBS: 2006hx  54005.281   -17.00   0.0000e+00   0.0000e+00   0  i  0.00  1   !  -9.99000e+02  -99.000  -99.000
OBS: 2006hx  54007.281   -15.00   1.0163e-04   6.1174e-05   0  i  0.00  1   !  -9.99000e+02  -99.000  -99.000
OBS: 2006hx  54009.281   -13.00   1.5603e+03   1.5900e+02   0  i  0.00  1   !  -9.99000e+02  -99.000  -99.000
OBS: 2006hx  54011.281   -11.00   3.3628e+03   9.8179e+01   0  i  0.00  1   !  -9.99000e+02  -99.000  -99.000
OBS: 2006hx  54013.281    -9.00   5.0100e+03   8.9506e+01   0  i  0.00  1   !  -9.99000e+02  -99.000  -99.000
OBS: 2006hx  54015.281    -7.00   6.3920e+03   9.4439e+01   0  i  0.00  1   !  -9.99000e+02  -99.000  -99.000
OBS: 2006hx  54017.281    -5.00   7.2321e+03   9.7295e+01   0  i  0.00  1   !  -9.99000e+02  -99.000  -99.000
OBS: 2006hx  54019.281    -3.00   7.3939e+03   9.5684e+01   0  i  0.00  1   !  -9.99000e+02  -99.000  -99.000
OBS: 2006hx  54021.281    -1.00   7.2139e+03   9.8312e+01   0  i  0.00  1   !  -9.99000e+02  -99.000  -99.000
OBS: 2006hx  54023.281     1.00   6.9370e+03   1.0197e+02   0  i  0.00  1   !  -9.99000e+02  -99.000  -99.000
OBS: 2006hx  54025.281     3.00   6.6009e+03   1.0314e+02   0  i  0.00  1   !  -9.99000e+02  -99.000  -99.000
OBS: 2006hx  54027.281     5.00   6.1049e+03   1.0276e+02   0  i  0.00  1   !  -9.99000e+02  -99.000  -99.000
OBS: 2006hx  54029.281     7.00   5.4529e+03   9.6870e+01   0  i  0.00  1   !  -9.99000e+02  -99.000  -99.000
OBS: 2006hx  54031.281     9.00   4.7643e+03   9.4115e+01   0  i  0.00  1   !  -9.99000e+02  -99.000  -99.000
OBS: 2006hx  54033.281    11.00   4.0810e+03   9.1579e+01   0  i  0.00  1   !  -9.99000e+02  -99.000  -99.000
OBS: 2006hx  54035.281    13.00   3.5782e+03   8.8945e+01   0  i  0.00  1   !  -9.99000e+02  -99.000  -99.000
OBS: 2006hx  54037.281    15.00   3.3821e+03   9.1361e+01   0  i  0.00  1   !  -9.99000e+02  -99.000  -99.000
OBS: 2006hx  54039.281    17.00   3.4197e+03   9.4159e+01   0  i  0.00  1   !  -9.99000e+02  -99.000  -99.000
OBS: 2006hx  54041.281    19.00   3.5838e+03   9.6808e+01   0  i  0.00  1   !  -9.99000e+02  -99.000  -99.000
OBS: 2006hx  54043.281    21.00   3.8034e+03   9.8986e+01   0  i  0.00  1   !  -9.99000e+02  -99.000  -99.000
OBS: 2006hx  54045.281    23.00   3.9877e+03   9.4362e+01   0  i  0.00  1   !  -9.99000e+02  -99.000  -99.000
OBS: 2006hx  54047.281    25.00   4.0708e+03   8.9899e+01   0  i  0.00  1   !  -9.99000e+02  -99.000  -99.000
OBS: 2006hx  54049.281    27.00   4.0576e+03   9.2655e+01   0  i  0.00  1   !  -9.99000e+02  -99.000  -99.000
OBS: 2006hx  54051.281    29.00   3.9359e+03   9.3132e+01   0  i  0.00  1   !  -9.99000e+02  -99.000  -99.000
OBS: 2006hx  54053.281    31.00   3.6962e+03   8.8697e+01   0  i  0.00  1   !  -9.99000e+02  -99.000  -99.000
OBS: 2006hx  54055.281    33.00   3.3264e+03   8.7410e+01   0  i  0.00  1   !  -9.99000e+02  -99.000  -99.000
OBS: 2006hx  54057.281    35.00   2.8822e+03   9.1391e+01   0  i  0.00  1   !  -9.99000e+02  -99.000  -99.000
OBS: 2006hx  54059.281    37.00   2.4915e+03   8.8572e+01   0  i  0.00  1   !  -9.99000e+02  -99.000  -99.000
OBS: 2006hx  54061.281    39.00   2.2181e+03   8.0747e+01   0  i  0.00  1   !  -9.99000e+02  -99.000  -99.000
OBS: 2006hx  54063.281    41.00   2.0382e+03   7.9923e+01   0  i  0.00  1   !  -9.99000e+02  -99.000  -99.000
OBS: 2006hx  54065.281    43.00   1.8916e+03   8.2310e+01   0  i  0.00  1   !  -9.99000e+02  -99.000  -99.000
OBS: 2006hx  54067.281    45.00   1.7378e+03   8.0926e+01   0  i  0.00  1   !  -9.99000e+02  -99.000  -99.000
OBS: 2006hx  54069.281    47.00   1.5710e+03   8.8659e+01   0  i  0.00  1   !  -9.99000e+02  -99.000  -99.000
OBS: 2006hx  54071.281    49.00   1.4168e+03   9.9659e+01   0  i  0.00  1   !  -9.99000e+02  -99.000  -99.000
OBS: 2006hx  54073.281    51.00   1.2858e+03   1.0012e+02   0  i  0.00  1   !  -9.99000e+02  -99.000  -99.000
OBS: 2006hx  54075.281    53.00   1.1792e+03   9.8710e+01   0  i  0.00  1   !  -9.99000e+02  -99.000  -99.000
OBS: 2006hx  54077.281    55.00   1.0934e+03   1.0069e+02   0  i  0.00  1   !  -9.99000e+02  -99.000  -99.000
OBS: 2006hx  54079.281    57.00   1.0246e+03   9.5207e+01   0  i  0.00  1   !  -9.99000e+02  -99.000  -99.000
OBS: 2006hx  54081.281    59.00   9.6154e+02   9.5283e+01   0  i  0.00  1   !  -9.99000e+02  -99.000  -99.000
OBS: 2006hx  54083.281    61.00   9.0723e+02   1.0457e+02   0  i  0.00  1   !  -9.99000e+02  -99.000  -99.000
OBS: 2006hx  54085.281    63.00   8.5737e+02   1.0393e+02   0  i  0.00  1   !  -9.99000e+02  -99.000  -99.000
OBS: 2006hx  54087.281    65.00   7.6906e+02   8.9288e+01   0  i  0.00  1   !  -9.99000e+02  -99.000  -99.000
OBS: 2006hx  54089.281    67.00   6.8011e+02   9.0155e+01   0  i  0.00  1   !  -9.99000e+02  -99.000  -99.000
OBS: 2006hx  54091.281    69.00   5.9483e+02   1.3455e+02   0  i  0.00  1   !  -9.99000e+02  -99.000  -99.000
OBS: 2006hx  54093.281    71.00   5.2966e+02   3.1881e+02   0  i  0.00  1   !  -9.99000e+02  -99.000  -99.000
OBS: 2006hx  54095.281    73.00   4.8354e+02   2.9105e+02   0  i  0.00  1   !  -9.99000e+02  -99.000  -99.000
OBS: 2006hx  54097.281    75.00   4.4514e+02   2.6793e+02   0  i  0.00  1   !  -9.99000e+02  -99.000  -99.000
OBS: 2006hx  54099.281    77.00   4.0992e+02   2.4673e+02   0  i  0.00  1   !  -9.99000e+02  -99.000  -99.000
OBS: 2006hx  54101.281    79.00   3.7615e+02   2.2641e+02   0  i  0.00  1   !  -9.99000e+02  -99.000  -99.000
OBS: 2006hx  54103.281    81.00   3.4491e+02   2.0760e+02   0  i  0.00  1   !  -9.99000e+02  -99.000  -99.000
OBS: 2006hx  54105.281    83.00   3.1616e+02   1.9030e+02   0  i  0.00  1   !  -9.99000e+02  -99.000  -99.000
OBS: 2006hx  54107.281    85.00   2.8982e+02   1.7444e+02   0  i  0.00  1   !  -9.99000e+02  -99.000  -99.000
OBS: 2006hx  54109.281    87.00   2.6561e+02   1.5987e+02   0  i  0.00  1   !  -9.99000e+02  -99.000  -99.000
OBS: 2006hx  54111.281    89.00   2.4337e+02   1.4649e+02   0  i  0.00  1   !  -9.99000e+02  -99.000  -99.000
OBS: 2006hx  54113.281    91.00   2.2290e+02   1.3417e+02   0  i  0.00  1   !  -9.99000e+02  -99.000  -99.000
OBS: 2006hx  54115.281    93.00   2.0412e+02   1.2286e+02   0  i  0.00  1   !  -9.99000e+02  -99.000  -99.000
OBS: 2006hx  54117.281    95.00   1.8690e+02   1.1250e+02   0  i  0.00  1   !  -9.99000e+02  -99.000  -99.000
OBS: 2006hx  54119.281    97.00   1.7110e+02   1.0299e+02   0  i  0.00  1   !  -9.99000e+02  -99.000  -99.000
OBS: 2006hx  54121.281    99.00   1.5662e+02   9.4271e+01   0  i  0.00  1   !  -9.99000e+02  -99.000  -99.000
OBS: 2006hx  54123.281   101.00   1.4335e+02   8.6285e+01   0  i  0.00  1   !  -9.99000e+02  -99.000  -99.000
OBS: 2006hx  54125.281   103.00   1.3252e+02   7.9764e+01   0  i  0.00  1   !  -9.99000e+02  -99.000  -99.000
OBS: 2006hx  54127.281   105.00   1.2422e+02   7.4772e+01   0  i  0.00  1   !  -9.99000e+02  -99.000  -99.000
OBS: 2006hx  54129.281   107.00   1.1502e+02   6.9231e+01   0  i  0.00  1   !  -9.99000e+02  -99.000  -99.000
OBS: 2006hx  54131.281   109.00   1.0650e+02   6.4101e+01   0  i  0.00  1   !  -9.99000e+02  -99.000  -99.000
OBS: 2006hx  54133.281   111.00   9.8603e+01   5.9350e+01   0  i  0.00  1   !  -9.99000e+02  -99.000  -99.000
OBS: 2006hx  54135.281   113.00   9.1296e+01   5.4952e+01   0  i  0.00  1   !  -9.99000e+02  -99.000  -99.000
OBS: 2006hx  54137.281   115.00   8.4530e+01   5.0880e+01   0  i  0.00  1   !  -9.99000e+02  -99.000  -99.000
OBS: 2006hx  54139.281   117.00   7.8266e+01   4.7109e+01   0  i  0.00  1   !  -9.99000e+02  -99.000  -99.000
OBS: 2006hx  54141.281   119.00   7.2466e+01   4.3618e+01   0  i  0.00  1   !  -9.99000e+02  -99.000  -99.000
OBS: 2006hx  54143.281   121.00   6.7096e+01   4.0386e+01   0  i  0.00  1   !  -9.99000e+02  -99.000  -99.000
OBS: 2006hx  54145.281   123.00   6.2124e+01   3.7393e+01   0  i  0.00  1   !  -9.99000e+02  -99.000  -99.000
OBS: 2006hx  54147.281   125.00   5.7520e+01   3.4622e+01   0  i  0.00  1   !  -9.99000e+02  -99.000  -99.000
OBS: 2006hx  54149.281   127.00   5.3257e+01   3.2056e+01   0  i  0.00  1   !  -9.99000e+02  -99.000  -99.000
OBS: 2006hx  54151.281   129.00   4.9311e+01   2.9681e+01   0  i  0.00  1   !  -9.99000e+02  -99.000  -99.000
OBS: 2006hx  54153.281   131.00   4.5656e+01   2.7481e+01   0  i  0.00  1   !  -9.99000e+02  -99.000  -99.000
OBS: 2006hx  54155.281   133.00   4.2273e+01   2.5445e+01   0  i  0.00  1   !  -9.99000e+02  -99.000  -99.000
OBS: 2006hx  54157.281   135.00   3.9140e+01   2.3559e+01   0  i  0.00  1   !  -9.99000e+02  -99.000  -99.000
OBS: 2006hx  54159.281   137.00   3.6240e+01   2.1813e+01   0  i  0.00  1   !  -9.99000e+02  -99.000  -99.000
OBS: 2006hx  54161.281   139.00   3.3554e+01   2.0197e+01   0  i  0.00  1   !  -9.99000e+02  -99.000  -99.000
OBS: 2006hx  54012.660    -9.62   4.5082e+03   1.8645e+02   1  B  8.10  1   B  1.43438e+18  0.029  2.251
OBS: 2006hx  54013.660    -8.62   4.7995e+03   1.2539e+02   1  B  0.02  1   B  1.50105e+18  0.010  1.783
OBS: 2006hx  54028.730     6.45   7.0990e+03   9.8758e+01   1  B  5.67  1   B  2.28342e+18  0.040  1.254
OBS: 2006hx  54036.699    14.42   3.4866e+03   5.8285e+01   1  B  3.49  1   B  1.18192e+18  0.097  1.116
OBS: 2006hx  54038.660    16.38   2.8973e+03   7.5691e+01   1  B  5.65  1   B  1.01011e+18  0.128  1.204
OBS: 2006hx  54040.672    18.39   2.2223e+03   6.8581e+01   1  B  0.02  1   B  7.82310e+17  0.138  0.911
OBS: 2006hx  54052.699    30.42   9.4102e+02   5.5300e+01   1  B  6.66  1   B  3.38191e+17  0.161  -0.249
OBS: 2006hx  54060.602    38.32   4.5877e+02   4.1029e+01   1  B  3.18  1   B  1.62468e+17  0.145  -0.138
OBS: 2006hx  53963.281   -59.00   0.0000e+00   0.0000e+00   0  B  0.00  1   !  -9.99000e+02  -99.000  -99.000
OBS: 2006hx  53965.281   -57.00   0.0000e+00   0.0000e+00   0  B  0.00  1   !  -9.99000e+02  -99.000  -99.000
OBS: 2006hx  53967.281   -55.00   0.0000e+00   0.0000e+00   0  B  0.00  1   !  -9.99000e+02  -99.000  -99.000
OBS: 2006hx  53969.281   -53.00   0.0000e+00   0.0000e+00   0  B  0.00  1   !  -9.99000e+02  -99.000  -99.000
OBS: 2006hx  53971.281   -51.00   0.0000e+00   0.0000e+00   0  B  0.00  1   !  -9.99000e+02  -99.000  -99.000
OBS: 2006hx  53973.281   -49.00   0.0000e+00   0.0000e+00   0  B  0.00  1   !  -9.99000e+02  -99.000  -99.000
OBS: 2006hx  53975.281   -47.00   0.0000e+00   0.0000e+00   0  B  0.00  1   !  -9.99000e+02  -99.000  -99.000
OBS: 2006hx  53977.281   -45.00   0.0000e+00   0.0000e+00   0  B  0.00  1   !  -9.99000e+02  -99.000  -99.000
OBS: 2006hx  53979.281   -43.00   0.0000e+00   0.0000e+00   0  B  0.00  1   !  -9.99000e+02  -99.000  -99.000
OBS: 2006hx  53981.281   -41.00   0.0000e+00   0.0000e+00   0  B  0.00  1   !  -9.99000e+02  -99.000  -99.000
OBS: 2006hx  53983.281   -39.00   0.0000e+00   0.0000e+00   0  B  0.00  1   !  -9.99000e+02  -99.000  -99.000
OBS: 2006hx  53985.281   -37.00   0.0000e+00   0.0000e+00   0  B  0.00  1   !  -9.99000e+02  -99.000  -99.000
OBS: 2006hx  53987.281   -35.00   0.0000e+00   0.0000e+00   0  B  0.00  1   !  -9.99000e+02  -99.000  -99.000
OBS: 2006hx  53989.281   -33.00   0.0000e+00   0.0000e+00   0  B  0.00  1   !  -9.99000e+02  -99.000  -99.000
OBS: 2006hx  53991.281   -31.00   0.0000e+00   0.0000e+00   0  B  0.00  1   !  -9.99000e+02  -99.000  -99.000
OBS: 2006hx  53993.281   -29.00   0.0000e+00   0.0000e+00   0  B  0.00  1   !  -9.99000e+02  -99.000  -99.000
OBS: 2006hx  53995.281   -27.00   0.0000e+00   0.0000e+00   0  B  0.00  1   !  -9.99000e+02  -99.000  -99.000
OBS: 2006hx  53997.281   -25.00   0.0000e+00   0.0000e+00   0  B  0.00  1   !  -9.99000e+02  -99.000  -99.000
OBS: 2006hx  53999.281   -23.00   0.0000e+00   0.0000e+00   0  B  0.00  1   !  -9.99000e+02  -99.000  -99.000
OBS: 2006hx  54001.281   -21.00   0.0000e+00   0.0000e+00   0  B  0.00  1   !  -9.99000e+02  -99.000  -99.000
OBS: 2006hx  54003.281   -19.00   1.8648e+02   1.1225e+02   0  B  0.00  1   !  -9.99000e+02  -99.000  -99.000
OBS: 2006hx  54005.281   -17.00   1.8705e+02   1.1259e+02   0  B  0.00  1   !  -9.99000e+02  -99.000  -99.000
OBS: 2006hx  54007.281   -15.00   3.9886e+02   2.4008e+02   0  B  0.00  1   !  -9.99000e+02  -99.000  -99.000
OBS: 2006hx  54009.281   -13.00   1.3704e+03   8.2484e+02   0  B  0.00  1   !  -9.99000e+02  -99.000  -99.000
OBS: 2006hx  54011.281   -11.00   2.7979e+03   1.0942e+03   0  B  0.00  1   !  -9.99000e+02  -99.000  -99.000
OBS: 2006hx  54013.281    -9.00   4.4497e+03   7.2827e+01   0  B  0.00  1   !  -9.99000e+02  -99.000  -99.000
OBS: 2006hx  54015.281    -7.00   6.1171e+03   6.6499e+01   0  B  0.00  1   !  -9.99000e+02  -99.000  -99.000
OBS: 2006hx  54017.281    -5.00   7.4525e+03   7.3562e+01   0  B  0.00  1   !  -9.99000e+02  -99.000  -99.000
OBS: 2006hx  54019.281    -3.00   8.4479e+03   8.0845e+01   0  B  0.00  1   !  -9.99000e+02  -99.000  -99.000
OBS: 2006hx  54021.281    -1.00   8.9031e+03   8.5201e+01   0  B  0.00  1   !  -9.99000e+02  -99.000  -99.000
OBS: 2006hx  54023.281     1.00   8.7934e+03   8.4151e+01   0  B  0.00  1   !  -9.99000e+02  -99.000  -99.000
OBS: 2006hx  54025.281     3.00   8.2582e+03   8.1155e+01   0  B  0.00  1   !  -9.99000e+02  -99.000  -99.000
OBS: 2006hx  54027.281     5.00   7.4639e+03   7.5815e+01   0  B  0.00  1   !  -9.99000e+02  -99.000  -99.000
OBS: 2006hx  54029.281     7.00   6.5574e+03   6.7178e+01   0  B  0.00  1   !  -9.99000e+02  -99.000  -99.000
OBS: 2006hx  54031.281     9.00   5.6460e+03   5.7841e+01   0  B  0.00  1   !  -9.99000e+02  -99.000  -99.000
OBS: 2006hx  54033.281    11.00   4.7649e+03   5.0906e+01   0  B  0.00  1   !  -9.99000e+02  -99.000  -99.000
OBS: 2006hx  54035.281    13.00   3.9252e+03   4.4790e+01   0  B  0.00  1   !  -9.99000e+02  -99.000  -99.000
OBS: 2006hx  54037.281    15.00   3.1410e+03   3.9351e+01   0  B  0.00  1   !  -9.99000e+02  -99.000  -99.000
OBS: 2006hx  54039.281    17.00   2.5290e+03   3.5285e+01   0  B  0.00  1   !  -9.99000e+02  -99.000  -99.000
OBS: 2006hx  54041.281    19.00   2.0920e+03   3.4997e+01   0  B  0.00  1   !  -9.99000e+02  -99.000  -99.000
OBS: 2006hx  54043.281    21.00   1.7301e+03   3.2620e+01   0  B  0.00  1   !  -9.99000e+02  -99.000  -99.000
OBS: 2006hx  54045.281    23.00   1.4254e+03   2.9055e+01   0  B  0.00  1   !  -9.99000e+02  -99.000  -99.000
OBS: 2006hx  54047.281    25.00   1.1735e+03   2.8539e+01   0  B  0.00  1   !  -9.99000e+02  -99.000  -99.000
OBS: 2006hx  54049.281    27.00   9.8483e+02   2.7922e+01   0  B  0.00  1   !  -9.99000e+02  -99.000  -99.000
OBS: 2006hx  54051.281    29.00   8.5204e+02   2.9312e+01   0  B  0.00  1   !  -9.99000e+02  -99.000  -99.000
OBS: 2006hx  54053.281    31.00   7.5278e+02   2.9964e+01   0  B  0.00  1   !  -9.99000e+02  -99.000  -99.000
OBS: 2006hx  54055.281    33.00   6.7432e+02   3.0051e+01   0  B  0.00  1   !  -9.99000e+02  -99.000  -99.000
OBS: 2006hx  54057.281    35.00   6.0851e+02   2.7917e+01   0  B  0.00  1   !  -9.99000e+02  -99.000  -99.000
OBS: 2006hx  54059.281    37.00   5.6310e+02   2.5645e+01   0  B  0.00  1   !  -9.99000e+02  -99.000  -99.000
OBS: 2006hx  54061.281    39.00   5.3679e+02   2.5789e+01   0  B  0.00  1   !  -9.99000e+02  -99.000  -99.000
OBS: 2006hx  54063.281    41.00   5.1736e+02   2.9866e+01   0  B  0.00  1   !  -9.99000e+02  -99.000  -99.000
OBS: 2006hx  54065.281    43.00   4.9577e+02   3.0249e+01   0  B  0.00  1   !  -9.99000e+02  -99.000  -99.000
OBS: 2006hx  54067.281    45.00   4.7167e+02   2.9216e+01   0  B  0.00  1   !  -9.99000e+02  -99.000  -99.000
OBS: 2006hx  54069.281    47.00   4.5166e+02   3.0554e+01   0  B  0.00  1   !  -9.99000e+02  -99.000  -99.000
OBS: 2006hx  54071.281    49.00   4.3327e+02   3.3649e+01   0  B  0.00  1   !  -9.99000e+02  -99.000  -99.000
OBS: 2006hx  54073.281    51.00   4.1630e+02   3.2962e+01   0  B  0.00  1   !  -9.99000e+02  -99.000  -99.000
OBS: 2006hx  54075.281    53.00   3.9966e+02   3.2449e+01   0  B  0.00  1   !  -9.99000e+02  -99.000  -99.000
OBS: 2006hx  54077.281    55.00   3.8798e+02   3.4766e+01   0  B  0.00  1   !  -9.99000e+02  -99.000  -99.000
OBS: 2006hx  54079.281    57.00   3.8625e+02   3.3800e+01   0  B  0.00  1   !  -9.99000e+02  -99.000  -99.000
OBS: 2006hx  54081.281    59.00   3.8532e+02   3.3864e+01   0  B  0.00  1   !  -9.99000e+02  -99.000  -99.000
OBS: 2006hx  54083.281    61.00   3.7160e+02   3.8461e+01   0  B  0.00  1   !  -9.99000e+02  -99.000  -99.000
OBS: 2006hx  54085.281    63.00   3.5081e+02   4.0056e+01   0  B  0.00  1   !  -9.99000e+02  -99.000  -99.000
OBS: 2006hx  54087.281    65.00   3.2143e+02   3.6841e+01   0  B  0.00  1   !  -9.99000e+02  -99.000  -99.000
OBS: 2006hx  54089.281    67.00   3.0079e+02   3.4392e+01   0  B  0.00  1   !  -9.99000e+02  -99.000  -99.000
OBS: 2006hx  54091.281    69.00   2.8663e+02   3.5355e+01   0  B  0.00  1   !  -9.99000e+02  -99.000  -99.000
OBS: 2006hx  54093.281    71.00   2.7007e+02   4.5866e+01   0  B  0.00  1   !  -9.99000e+02  -99.000  -99.000
OBS: 2006hx  54095.281    73.00   2.4499e+02   8.1843e+01   0  B  0.00  1   !  -9.99000e+02  -99.000  -99.000
OBS: 2006hx  54097.281    75.00   2.1933e+02   1.1603e+02   0  B  0.00  1   !  -9.99000e+02  -99.000  -99.000
OBS: 2006hx  54099.281    77.00   1.9625e+02   1.3088e+02   0  B  0.00  1   !  -9.99000e+02  -99.000  -99.000
OBS: 2006hx  54101.281    79.00   1.7593e+02   1.3449e+02   0  B  0.00  1   !  -9.99000e+02  -99.000  -99.000
OBS: 2006hx  54103.281    81.00   1.5779e+02   1.3150e+02   0  B  0.00  1   !  -9.99000e+02  -99.000  -99.000
OBS: 2006hx  54105.281    83.00   1.4147e+02   1.2480e+02   0  B  0.00  1   !  -9.99000e+02  -99.000  -99.000
OBS: 2006hx  54107.281    85.00   1.2676e+02   1.1620e+02   0  B  0.00  1   !  -9.99000e+02  -99.000  -99.000
OBS: 2006hx  54109.281    87.00   1.1386e+02   1.0715e+02   0  B  0.00  1   !  -9.99000e+02  -99.000  -99.000
OBS: 2006hx  54111.281    89.00   1.0248e+02   9.8211e+01   0  B  0.00  1   !  -9.99000e+02  -99.000  -99.000
OBS: 2006hx  54113.281    91.00   9.2457e+01   8.9732e+01   0  B  0.00  1   !  -9.99000e+02  -99.000  -99.000
OBS: 2006hx  54115.281    93.00   8.3407e+01   8.1668e+01   0  B  0.00  1   !  -9.99000e+02  -99.000  -99.000
OBS: 2006hx  54117.281    95.00   7.5246e+01   7.4137e+01   0  B  0.00  1   !  -9.99000e+02  -99.000  -99.000
OBS: 2006hx  54119.281    97.00   6.7886e+01   6.7178e+01   0  B  0.00  1   !  -9.99000e+02  -99.000  -99.000
OBS: 2006hx  54121.281    99.00   6.1242e+01   6.0791e+01   0  B  0.00  1   !  -9.99000e+02  -99.000  -99.000
OBS: 2006hx  54123.281   101.00   5.5252e+01   5.4964e+01   0  B  0.00  1   !  -9.99000e+02  -99.000  -99.000
OBS: 2006hx  54125.281   103.00   4.9845e+01   4.9662e+01   0  B  0.00  1   !  -9.99000e+02  -99.000  -99.000
OBS: 2006hx  54127.281   105.00   4.4963e+01   4.4846e+01   0  B  0.00  1   !  -9.99000e+02  -99.000  -99.000
OBS: 2006hx  54129.281   107.00   4.0563e+01   4.0488e+01   0  B  0.00  1   !  -9.99000e+02  -99.000  -99.000
OBS: 2006hx  54131.281   109.00   3.6587e+01   3.6540e+01   0  B  0.00  1   !  -9.99000e+02  -99.000  -99.000
OBS: 2006hx  54133.281   111.00   3.2997e+01   3.2966e+01   0  B  0.00  1   !  -9.99000e+02  -99.000  -99.000
OBS: 2006hx  54135.281   113.00   2.9763e+01   2.9744e+01   0  B  0.00  1   !  -9.99000e+02  -99.000  -99.000
OBS: 2006hx  54137.281   115.00   2.6840e+01   2.6827e+01   0  B  0.00  1   !  -9.99000e+02  -99.000  -99.000
OBS: 2006hx  54139.281   117.00   2.4204e+01   2.4196e+01   0  B  0.00  1   !  -9.99000e+02  -99.000  -99.000
OBS: 2006hx  54141.281   119.00   2.1823e+01   2.1818e+01   0  B  0.00  1   !  -9.99000e+02  -99.000  -99.000
OBS: 2006hx  54143.281   121.00   1.9674e+01   1.9670e+01   0  B  0.00  1   !  -9.99000e+02  -99.000  -99.000
OBS: 2006hx  54145.281   123.00   1.7642e+01   1.7639e+01   0  B  0.00  1   !  -9.99000e+02  -99.000  -99.000
OBS: 2006hx  54147.281   125.00   1.5391e+01   1.5390e+01   0  B  0.00  1   !  -9.99000e+02  -99.000  -99.000
OBS: 2006hx  54149.281   127.00   1.3680e+01   1.3680e+01   0  B  0.00  1   !  -9.99000e+02  -99.000  -99.000
OBS: 2006hx  54151.281   129.00   1.2160e+01   1.2159e+01   0  B  0.00  1   !  -9.99000e+02  -99.000  -99.000
OBS: 2006hx  54153.281   131.00   1.0808e+01   1.0808e+01   0  B  0.00  1   !  -9.99000e+02  -99.000  -99.000
OBS: 2006hx  54155.281   133.00   9.6067e+00   9.6065e+00   0  B  0.00  1   !  -9.99000e+02  -99.000  -99.000
OBS: 2006hx  54157.281   135.00   8.5388e+00   8.5387e+00   0  B  0.00  1   !  -9.99000e+02  -99.000  -99.000
OBS: 2006hx  54159.281   137.00   7.5897e+00   7.5896e+00   0  B  0.00  1   !  -9.99000e+02  -99.000  -99.000
OBS: 2006hx  54161.281   139.00   6.7460e+00   6.7460e+00   0  B  0.00  1   !  -9.99000e+02  -99.000  -99.000
OBS: 2006hx  54012.660    -9.62   5.2384e+03   1.7660e+02   1  n  0.51  1   g  1.56308e+18  -0.041  0.727
OBS: 2006hx  54013.660    -8.62   6.0814e+03   1.1306e+02   1  n  14.60  1   g  1.84100e+18  -0.025  0.673
OBS: 2006hx  54028.730     6.45   8.8634e+03   9.8505e+01   1  n  0.32  1   g  2.63847e+18  -0.044  0.450
OBS: 2006hx  54036.699    14.42   6.1150e+03   8.5069e+01   1  n  8.80  1   g  1.68914e+18  -0.125  0.306
OBS: 2006hx  54038.660    16.38   5.4601e+03   8.6165e+01   1  n  6.12  1   g  1.45792e+18  -0.162  0.402
OBS: 2006hx  54040.672    18.39   4.3652e+03   1.3471e+02   1  n  3.66  1   g  1.12683e+18  -0.198  0.445
OBS: 2006hx  54049.629    27.35   2.4957e+03   9.6047e+01   1  n  0.36  1   g  5.52587e+17  -0.365  0.495
OBS: 2006hx  54052.699    30.42   2.2866e+03   5.5419e+01   1  n  2.73  1   g  5.03157e+17  -0.372  0.391
OBS: 2006hx  54060.602    38.32   1.6233e+03   5.7820e+01   1  n  4.16  1   g  3.59389e+17  -0.365  0.458
OBS: 2006hx  53963.281   -59.00   0.0000e+00   0.0000e+00   0  n  0.00  1   !  -9.99000e+02  -99.000  -99.000
OBS: 2006hx  53965.281   -57.00   0.0000e+00   0.0000e+00   0  n  0.00  1   !  -9.99000e+02  -99.000  -99.000
OBS: 2006hx  53967.281   -55.00   0.0000e+00   0.0000e+00   0  n  0.00  1   !  -9.99000e+02  -99.000  -99.000
OBS: 2006hx  53969.281   -53.00   0.0000e+00   0.0000e+00   0  n  0.00  1   !  -9.99000e+02  -99.000  -99.000
OBS: 2006hx  53971.281   -51.00   0.0000e+00   0.0000e+00   0  n  0.00  1   !  -9.99000e+02  -99.000  -99.000
OBS: 2006hx  53973.281   -49.00   0.0000e+00   0.0000e+00   0  n  0.00  1   !  -9.99000e+02  -99.000  -99.000
OBS: 2006hx  53975.281   -47.00   0.0000e+00   0.0000e+00   0  n  0.00  1   !  -9.99000e+02  -99.000  -99.000
OBS: 2006hx  53977.281   -45.00   0.0000e+00   0.0000e+00   0  n  0.00  1   !  -9.99000e+02  -99.000  -99.000
OBS: 2006hx  53979.281   -43.00   0.0000e+00   0.0000e+00   0  n  0.00  1   !  -9.99000e+02  -99.000  -99.000
OBS: 2006hx  53981.281   -41.00   0.0000e+00   0.0000e+00   0  n  0.00  1   !  -9.99000e+02  -99.000  -99.000
OBS: 2006hx  53983.281   -39.00   0.0000e+00   0.0000e+00   0  n  0.00  1   !  -9.99000e+02  -99.000  -99.000
OBS: 2006hx  53985.281   -37.00   0.0000e+00   0.0000e+00   0  n  0.00  1   !  -9.99000e+02  -99.000  -99.000
OBS: 2006hx  53987.281   -35.00   0.0000e+00   0.0000e+00   0  n  0.00  1   !  -9.99000e+02  -99.000  -99.000
OBS: 2006hx  53989.281   -33.00   0.0000e+00   0.0000e+00   0  n  0.00  1   !  -9.99000e+02  -99.000  -99.000
OBS: 2006hx  53991.281   -31.00   0.0000e+00   0.0000e+00   0  n  0.00  1   !  -9.99000e+02  -99.000  -99.000
OBS: 2006hx  53993.281   -29.00   0.0000e+00   0.0000e+00   0  n  0.00  1   !  -9.99000e+02  -99.000  -99.000
OBS: 2006hx  53995.281   -27.00   0.0000e+00   0.0000e+00   0  n  0.00  1   !  -9.99000e+02  -99.000  -99.000
OBS: 2006hx  53997.281   -25.00   0.0000e+00   0.0000e+00   0  n  0.00  1   !  -9.99000e+02  -99.000  -99.000
OBS: 2006hx  53999.281   -23.00   0.0000e+00   0.0000e+00   0  n  0.00  1   !  -9.99000e+02  -99.000  -99.000
OBS: 2006hx  54001.281   -21.00   0.0000e+00   0.0000e+00   0  n  0.00  1   !  -9.99000e+02  -99.000  -99.000
OBS: 2006hx  54003.281   -19.00   0.0000e+00   0.0000e+00   0  n  0.00  1   !  -9.99000e+02  -99.000  -99.000
OBS: 2006hx  54005.281   -17.00   0.0000e+00   0.0000e+00   0  n  0.00  1   !  -9.99000e+02  -99.000  -99.000
OBS: 2006hx  54007.281   -15.00   0.0000e+00   0.0000e+00   0  n  0.00  1   !  -9.99000e+02  -99.000  -99.000
OBS: 2006hx  54009.281   -13.00   1.1233e+03   6.7615e+02   0  n  0.00  1   !  -9.99000e+02  -99.000  -99.000
OBS: 2006hx  54011.281   -11.00   3.2161e+03   1.9358e+03   0  n  0.00  1   !  -9.99000e+02  -99.000  -99.000
OBS: 2006hx  54013.281    -9.00   5.2167e+03   7.9184e+01   0  n  0.00  1   !  -9.99000e+02  -99.000  -99.000
OBS: 2006hx  54015.281    -7.00   6.8430e+03   7.9068e+01   0  n  0.00  1   !  -9.99000e+02  -99.000  -99.000
OBS: 2006hx  54017.281    -5.00   8.1827e+03   8.6597e+01   0  n  0.00  1   !  -9.99000e+02  -99.000  -99.000
OBS: 2006hx  54019.281    -3.00   9.1473e+03   9.0291e+01   0  n  0.00  1   !  -9.99000e+02  -99.000  -99.000
OBS: 2006hx  54021.281    -1.00   9.7519e+03   9.6259e+01   0  n  0.00  1   !  -9.99000e+02  -99.000  -99.000
OBS: 2006hx  54023.281     1.00   9.9231e+03   9.7949e+01   0  n  0.00  1   !  -9.99000e+02  -99.000  -99.000
OBS: 2006hx  54025.281     3.00   9.7327e+03   9.9196e+01   0  n  0.00  1   !  -9.99000e+02  -99.000  -99.000
OBS: 2006hx  54027.281     5.00   9.2483e+03   9.4746e+01   0  n  0.00  1   !  -9.99000e+02  -99.000  -99.000
OBS: 2006hx  54029.281     7.00   8.5922e+03   9.0591e+01   0  n  0.00  1   !  -9.99000e+02  -99.000  -99.000
OBS: 2006hx  54031.281     9.00   7.8268e+03   8.5931e+01   0  n  0.00  1   !  -9.99000e+02  -99.000  -99.000
OBS: 2006hx  54033.281    11.00   7.0234e+03   8.0478e+01   0  n  0.00  1   !  -9.99000e+02  -99.000  -99.000
OBS: 2006hx  54035.281    13.00   6.2640e+03   7.3450e+01   0  n  0.00  1   !  -9.99000e+02  -99.000  -99.000
OBS: 2006hx  54037.281    15.00   5.5995e+03   7.0152e+01   0  n  0.00  1   !  -9.99000e+02  -99.000  -99.000
OBS: 2006hx  54039.281    17.00   5.0122e+03   7.2508e+01   0  n  0.00  1   !  -9.99000e+02  -99.000  -99.000
OBS: 2006hx  54041.281    19.00   4.5110e+03   7.4873e+01   0  n  0.00  1   !  -9.99000e+02  -99.000  -99.000
OBS: 2006hx  54043.281    21.00   4.0174e+03   7.2589e+01   0  n  0.00  1   !  -9.99000e+02  -99.000  -99.000
OBS: 2006hx  54045.281    23.00   3.5013e+03   6.8558e+01   0  n  0.00  1   !  -9.99000e+02  -99.000  -99.000
OBS: 2006hx  54047.281    25.00   3.0190e+03   6.6152e+01   0  n  0.00  1   !  -9.99000e+02  -99.000  -99.000
OBS: 2006hx  54049.281    27.00   2.6255e+03   6.7551e+01   0  n  0.00  1   !  -9.99000e+02  -99.000  -99.000
OBS: 2006hx  54051.281    29.00   2.3181e+03   6.8934e+01   0  n  0.00  1   !  -9.99000e+02  -99.000  -99.000
OBS: 2006hx  54053.281    31.00   2.0700e+03   7.1715e+01   0  n  0.00  1   !  -9.99000e+02  -99.000  -99.000
OBS: 2006hx  54055.281    33.00   1.8469e+03   7.3101e+01   0  n  0.00  1   !  -9.99000e+02  -99.000  -99.000
OBS: 2006hx  54057.281    35.00   1.6440e+03   7.3876e+01   0  n  0.00  1   !  -9.99000e+02  -99.000  -99.000
OBS: 2006hx  54059.281    37.00   1.4947e+03   7.7800e+01   0  n  0.00  1   !  -9.99000e+02  -99.000  -99.000
OBS: 2006hx  54061.281    39.00   1.4015e+03   7.5153e+01   0  n  0.00  1   !  -9.99000e+02  -99.000  -99.000
OBS: 2006hx  54063.281    41.00   1.3340e+03   7.0882e+01   0  n  0.00  1   !  -9.99000e+02  -99.000  -99.000
OBS: 2006hx  54065.281    43.00   1.2543e+03   6.9416e+01   0  n  0.00  1   !  -9.99000e+02  -99.000  -99.000
OBS: 2006hx  54067.281    45.00   1.1576e+03   6.5222e+01   0  n  0.00  1   !  -9.99000e+02  -99.000  -99.000
OBS: 2006hx  54069.281    47.00   1.0705e+03   6.9078e+01   0  n  0.00  1   !  -9.99000e+02  -99.000  -99.000
OBS: 2006hx  54071.281    49.00   1.0157e+03   7.2234e+01   0  n  0.00  1   !  -9.99000e+02  -99.000  -99.000
OBS: 2006hx  54073.281    51.00   9.9038e+02   7.6847e+01   0  n  0.00  1   !  -9.99000e+02  -99.000  -99.000
OBS: 2006hx  54075.281    53.00   9.6669e+02   7.8268e+01   0  n  0.00  1   !  -9.99000e+02  -99.000  -99.000
OBS: 2006hx  54077.281    55.00   9.3045e+02   7.7750e+01   0  n  0.00  1   !  -9.99000e+02  -99.000  -99.000
OBS: 2006hx  54079.281    57.00   8.8698e+02   7.6428e+01   0  n  0.00  1   !  -9.99000e+02  -99.000  -99.000
OBS: 2006hx  54081.281    59.00   8.4856e+02   7.6892e+01   0  n  0.00  1   !  -9.99000e+02  -99.000  -99.000
OBS: 2006hx  54083.281    61.00   8.2174e+02   8.4728e+01   0  n  0.00  1   !  -9.99000e+02  -99.000  -99.000
OBS: 2006hx  54085.281    63.00   7.9953e+02   8.5482e+01   0  n  0.00  1   !  -9.99000e+02  -99.000  -99.000
OBS: 2006hx  54087.281    65.00   7.5178e+02   7.8513e+01   0  n  0.00  1   !  -9.99000e+02  -99.000  -99.000
OBS: 2006hx  54089.281    67.00   6.9831e+02   7.4096e+01   0  n  0.00  1   !  -9.99000e+02  -99.000  -99.000
OBS: 2006hx  54091.281    69.00   6.4364e+02   7.7839e+01   0  n  0.00  1   !  -9.99000e+02  -99.000  -99.000
OBS: 2006hx  54093.281    71.00   5.9667e+02   8.8881e+01   0  n  0.00  1   !  -9.99000e+02  -99.000  -99.000
OBS: 2006hx  54095.281    73.00   5.5920e+02   1.5760e+02   0  n  0.00  1   !  -9.99000e+02  -99.000  -99.000
OBS: 2006hx  54097.281    75.00   5.2533e+02   2.3102e+02   0  n  0.00  1   !  -9.99000e+02  -99.000  -99.000
OBS: 2006hx  54099.281    77.00   4.9440e+02   2.7835e+02   0  n  0.00  1   !  -9.99000e+02  -99.000  -99.000
OBS: 2006hx  54101.281    79.00   4.6381e+02   3.0571e+02   0  n  0.00  1   !  -9.99000e+02  -99.000  -99.000
OBS: 2006hx  54103.281    81.00   4.3460e+02   3.1904e+02   0  n  0.00  1   !  -9.99000e+02  -99.000  -99.000
OBS: 2006hx  54105.281    83.00   4.0730e+02   3.2282e+02   0  n  0.00  1   !  -9.99000e+02  -99.000  -99.000
OBS: 2006hx  54107.281    85.00   3.8178e+02   3.2001e+02   0  n  0.00  1   !  -9.99000e+02  -99.000  -99.000
OBS: 2006hx  54109.281    87.00   3.5822e+02   3.1301e+02   0  n  0.00  1   !  -9.99000e+02  -99.000  -99.000
OBS: 2006hx  54111.281    89.00   3.3613e+02   3.0304e+02   0  n  0.00  1   !  -9.99000e+02  -99.000  -99.000
OBS: 2006hx  54113.281    91.00   3.1753e+02   2.9315e+02   0  n  0.00  1   !  -9.99000e+02  -99.000  -99.000
OBS: 2006hx  54115.281    93.00   2.9990e+02   2.8194e+02   0  n  0.00  1   !  -9.99000e+02  -99.000  -99.000
OBS: 2006hx  54117.281    95.00   2.8347e+02   2.7022e+02   0  n  0.00  1   !  -9.99000e+02  -99.000  -99.000
OBS: 2006hx  54119.281    97.00   2.6818e+02   2.5841e+02   0  n  0.00  1   !  -9.99000e+02  -99.000  -99.000
OBS: 2006hx  54121.281    99.00   2.5220e+02   2.4503e+02   0  n  0.00  1   !  -9.99000e+02  -99.000  -99.000
OBS: 2006hx  54123.281   101.00   2.3830e+02   2.3301e+02   0  n  0.00  1   !  -9.99000e+02  -99.000  -99.000
OBS: 2006hx  54125.281   103.00   2.2506e+02   2.2117e+02   0  n  0.00  1   !  -9.99000e+02  -99.000  -99.000
OBS: 2006hx  54127.281   105.00   2.1181e+02   2.0896e+02   0  n  0.00  1   !  -9.99000e+02  -99.000  -99.000
OBS: 2006hx  54129.281   107.00   1.9996e+02   1.9786e+02   0  n  0.00  1   !  -9.99000e+02  -99.000  -99.000
OBS: 2006hx  54131.281   109.00   1.9565e+02   1.9405e+02   0  n  0.00  1   !  -9.99000e+02  -99.000  -99.000
OBS: 2006hx  54133.281   111.00   1.5790e+02   1.5689e+02   0  n  0.00  1   !  -9.99000e+02  -99.000  -99.000
OBS: 2006hx  54135.281   113.00   1.5317e+02   1.5241e+02   0  n  0.00  1   !  -9.99000e+02  -99.000  -99.000
OBS: 2006hx  54137.281   115.00   1.4859e+02   1.4801e+02   0  n  0.00  1   !  -9.99000e+02  -99.000  -99.000
OBS: 2006hx  54139.281   117.00   1.4414e+02   1.4371e+02   0  n  0.00  1   !  -9.99000e+02  -99.000  -99.000
OBS: 2006hx  54141.281   119.00   1.3983e+02   1.3950e+02   0  n  0.00  1   !  -9.99000e+02  -99.000  -99.000
OBS: 2006hx  54143.281   121.00   1.3565e+02   1.3540e+02   0  n  0.00  1   !  -9.99000e+02  -99.000  -99.000
OBS: 2006hx  54145.281   123.00   1.3159e+02   1.3140e+02   0  n  0.00  1   !  -9.99000e+02  -99.000  -99.000
OBS: 2006hx  54147.281   125.00   1.2765e+02   1.2751e+02   0  n  0.00  1   !  -9.99000e+02  -99.000  -99.000
OBS: 2006hx  54149.281   127.00   1.2383e+02   1.2372e+02   0  n  0.00  1   !  -9.99000e+02  -99.000  -99.000
OBS: 2006hx  54151.281   129.00   1.2013e+02   1.2004e+02   0  n  0.00  1   !  -9.99000e+02  -99.000  -99.000
OBS: 2006hx  54153.281   131.00   1.1653e+02   1.1647e+02   0  n  0.00  1   !  -9.99000e+02  -99.000  -99.000
OBS: 2006hx  54155.281   133.00   1.1304e+02   1.1300e+02   0  n  0.00  1   !  -9.99000e+02  -99.000  -99.000
OBS: 2006hx  54157.281   135.00   1.0966e+02   1.0963e+02   0  n  0.00  1   !  -9.99000e+02  -99.000  -99.000
OBS: 2006hx  54159.281   137.00   1.0638e+02   1.0635e+02   0  n  0.00  1   !  -9.99000e+02  -99.000  -99.000
OBS: 2006hx  54161.281   139.00   1.0320e+02   1.0318e+02   0  n  0.00  1   !  -9.99000e+02  -99.000  -99.000
OBS: 2006hx  54013.770    -8.51   6.1887e+03   1.6168e+02   1  J  25.21  1   J  1.71386e+18  -0.122  -0.296
OBS: 2006hx  54013.781    -8.50   6.7360e+03   1.5690e+02   1  J  8.03  1   J  1.86561e+18  -0.122  -0.295
OBS: 2006hx  54037.691    15.41   1.9843e+03   1.0888e+02   1  J  0.00  1   J  4.88951e+17  -0.249  -0.963
OBS: 2006hx  54037.699    15.42   1.8915e+03   1.1300e+02   1  J  0.15  1   J  4.66034e+17  -0.249  -0.963
OBS: 2006hx  54048.699    26.42   3.6174e+03   1.3230e+02   1  J  1.37  1   J  8.26308e+17  -0.331  -0.156
OBS: 2006hx  54048.711    26.43   3.4261e+03   1.3513e+02   1  J  0.18  1   J  7.82526e+17  -0.331  -0.157
OBS: 2006hx  53963.281   -59.00   0.0000e+00   0.0000e+00   0  J  0.00  1   !  -9.99000e+02  -99.000  -99.000
OBS: 2006hx  53965.281   -57.00   0.0000e+00   0.0000e+00   0  J  0.00  1   !  -9.99000e+02  -99.000  -99.000
OBS: 2006hx  53967.281   -55.00   0.0000e+00   0.0000e+00   0  J  0.00  1   !  -9.99000e+02  -99.000  -99.000
OBS: 2006hx  53969.281   -53.00   0.0000e+00   0.0000e+00   0  J  0.00  1   !  -9.99000e+02  -99.000  -99.000
OBS: 2006hx  53971.281   -51.00   0.0000e+00   0.0000e+00   0  J  0.00  1   !  -9.99000e+02  -99.000  -99.000
OBS: 2006hx  53973.281   -49.00   0.0000e+00   0.0000e+00   0  J  0.00  1   !  -9.99000e+02  -99.000  -99.000
OBS: 2006hx  53975.281   -47.00   0.0000e+00   0.0000e+00   0  J  0.00  1   !  -9.99000e+02  -99.000  -99.000
OBS: 2006hx  53977.281   -45.00   0.0000e+00   0.0000e+00   0  J  0.00  1   !  -9.99000e+02  -99.000  -99.000
OBS: 2006hx  53979.281   -43.00   0.0000e+00   0.0000e+00   0  J  0.00  1   !  -9.99000e+02  -99.000  -99.000
OBS: 2006hx  53981.281   -41.00   0.0000e+00   0.0000e+00   0  J  0.00  1   !  -9.99000e+02  -99.000  -99.000
OBS: 2006hx  53983.281   -39.00   0.0000e+00   0.0000e+00   0  J  0.00  1   !  -9.99000e+02  -99.000  -99.000
OBS: 2006hx  53985.281   -37.00   0.0000e+00   0.0000e+00   0  J  0.00  1   !  -9.99000e+02  -99.000  -99.000
OBS: 2006hx  53987.281   -35.00   0.0000e+00   0.0000e+00   0  J  0.00  1   !  -9.99000e+02  -99.000  -99.000
OBS: 2006hx  53989.281   -33.00   0.0000e+00   0.0000e+00   0  J  0.00  1   !  -9.99000e+02  -99.000  -99.000
OBS: 2006hx  53991.281   -31.00   0.0000e+00   0.0000e+00   0  J  0.00  1   !  -9.99000e+02  -99.000  -99.000
OBS: 2006hx  53993.281   -29.00   0.0000e+00   0.0000e+00   0  J  0.00  1   !  -9.99000e+02  -99.000  -99.000
OBS: 2006hx  53995.281   -27.00   0.0000e+00   0.0000e+00   0  J  0.00  1   !  -9.99000e+02  -99.000  -99.000
OBS: 2006hx  53997.281   -25.00   0.0000e+00   0.0000e+00   0  J  0.00  1   !  -9.99000e+02  -99.000  -99.000
OBS: 2006hx  53999.281   -23.00   0.0000e+00   0.0000e+00   0  J  0.00  1   !  -9.99000e+02  -99.000  -99.000
OBS: 2006hx  54001.281   -21.00   0.0000e+00   0.0000e+00   0  J  0.00  1   !  -9.99000e+02  -99.000  -99.000
OBS: 2006hx  54003.281   -19.00   7.7517e+02   4.6658e+02   0  J  0.00  1   !  -9.99000e+02  -99.000  -99.000
OBS: 2006hx  54005.281   -17.00   7.8910e+02   4.7497e+02   0  J  0.00  1   !  -9.99000e+02  -99.000  -99.000
OBS: 2006hx  54007.281   -15.00   1.2986e+03   5.5369e+02   0  J  0.00  1   !  -9.99000e+02  -99.000  -99.000
OBS: 2006hx  54009.281   -13.00   3.2347e+03   3.0993e+02   0  J  0.00  1   !  -9.99000e+02  -99.000  -99.000
OBS: 2006hx  54011.281   -11.00   5.2472e+03   1.8943e+02   0  J  0.00  1   !  -9.99000e+02  -99.000  -99.000
OBS: 2006hx  54013.281    -9.00   7.0137e+03   1.8739e+02   0  J  0.00  1   !  -9.99000e+02  -99.000  -99.000
OBS: 2006hx  54015.281    -7.00   8.3471e+03   1.5082e+02   0  J  0.00  1   !  -9.99000e+02  -99.000  -99.000
OBS: 2006hx  54017.281    -5.00   9.0219e+03   1.4329e+02   0  J  0.00  1   !  -9.99000e+02  -99.000  -99.000
OBS: 2006hx  54019.281    -3.00   8.9237e+03   1.5519e+02   0  J  0.00  1   !  -9.99000e+02  -99.000  -99.000
OBS: 2006hx  54021.281    -1.00   8.2878e+03   1.6257e+02   0  J  0.00  1   !  -9.99000e+02  -99.000  -99.000
OBS: 2006hx  54023.281     1.00   7.2597e+03   1.5361e+02   0  J  0.00  1   !  -9.99000e+02  -99.000  -99.000
OBS: 2006hx  54025.281     3.00   6.1708e+03   1.5706e+02   0  J  0.00  1   !  -9.99000e+02  -99.000  -99.000
OBS: 2006hx  54027.281     5.00   5.0901e+03   1.5498e+02   0  J  0.00  1   !  -9.99000e+02  -99.000  -99.000
OBS: 2006hx  54029.281     7.00   3.9511e+03   1.4415e+02   0  J  0.00  1   !  -9.99000e+02  -99.000  -99.000
OBS: 2006hx  54031.281     9.00   2.9748e+03   1.4500e+02   0  J  0.00  1   !  -9.99000e+02  -99.000  -99.000
OBS: 2006hx  54033.281    11.00   2.3282e+03   1.6654e+02   0  J  0.00  1   !  -9.99000e+02  -99.000  -99.000
OBS: 2006hx  54035.281    13.00   2.0244e+03   1.8273e+02   0  J  0.00  1   !  -9.99000e+02  -99.000  -99.000
OBS: 2006hx  54037.281    15.00   1.9703e+03   1.7972e+02   0  J  0.00  1   !  -9.99000e+02  -99.000  -99.000
OBS: 2006hx  54039.281    17.00   2.0246e+03   1.7774e+02   0  J  0.00  1   !  -9.99000e+02  -99.000  -99.000
OBS: 2006hx  54041.281    19.00   2.1729e+03   1.9323e+02   0  J  0.00  1   !  -9.99000e+02  -99.000  -99.000
OBS: 2006hx  54043.281    21.00   2.4006e+03   1.8735e+02   0  J  0.00  1   !  -9.99000e+02  -99.000  -99.000
OBS: 2006hx  54045.281    23.00   2.7628e+03   2.0709e+02   0  J  0.00  1   !  -9.99000e+02  -99.000  -99.000
OBS: 2006hx  54047.281    25.00   3.1329e+03   2.2491e+02   0  J  0.00  1   !  -9.99000e+02  -99.000  -99.000
OBS: 2006hx  54049.281    27.00   3.3697e+03   2.2119e+02   0  J  0.00  1   !  -9.99000e+02  -99.000  -99.000
OBS: 2006hx  54051.281    29.00   3.4020e+03   2.3589e+02   0  J  0.00  1   !  -9.99000e+02  -99.000  -99.000
OBS: 2006hx  54053.281    31.00   3.3235e+03   2.1848e+02   0  J  0.00  1   !  -9.99000e+02  -99.000  -99.000
OBS: 2006hx  54055.281    33.00   3.2520e+03   1.9685e+02   0  J  0.00  1   !  -9.99000e+02  -99.000  -99.000
OBS: 2006hx  54057.281    35.00   3.2019e+03   2.0071e+02   0  J  0.00  1   !  -9.99000e+02  -99.000  -99.000
OBS: 2006hx  54059.281    37.00   3.0409e+03   2.2042e+02   0  J  0.00  1   !  -9.99000e+02  -99.000  -99.000
OBS: 2006hx  54061.281    39.00   2.7017e+03   2.7931e+02   0  J  0.00  1   !  -9.99000e+02  -99.000  -99.000
OBS: 2006hx  54063.281    41.00   2.2882e+03   2.8508e+02   0  J  0.00  1   !  -9.99000e+02  -99.000  -99.000
OBS: 2006hx  54065.281    43.00   1.8746e+03   2.4726e+02   0  J  0.00  1   !  -9.99000e+02  -99.000  -99.000
OBS: 2006hx  54067.281    45.00   1.5674e+03   2.6960e+02   0  J  0.00  1   !  -9.99000e+02  -99.000  -99.000
OBS: 2006hx  54069.281    47.00   1.4266e+03   3.1153e+02   0  J  0.00  1   !  -9.99000e+02  -99.000  -99.000
OBS: 2006hx  54071.281    49.00   1.3181e+03   3.1447e+02   0  J  0.00  1   !  -9.99000e+02  -99.000  -99.000
OBS: 2006hx  54073.281    51.00   1.1679e+03   3.3711e+02   0  J  0.00  1   !  -9.99000e+02  -99.000  -99.000
OBS: 2006hx  54075.281    53.00   1.0079e+03   5.3677e+02   0  J  0.00  1   !  -9.99000e+02  -99.000  -99.000
OBS: 2006hx  54077.281    55.00   8.8653e+02   5.3361e+02   0  J  0.00  1   !  -9.99000e+02  -99.000  -99.000
OBS: 2006hx  54079.281    57.00   7.8462e+02   4.7227e+02   0  J  0.00  1   !  -9.99000e+02  -99.000  -99.000
OBS: 2006hx  54081.281    59.00   6.8993e+02   4.1528e+02   0  J  0.00  1   !  -9.99000e+02  -99.000  -99.000
OBS: 2006hx  54083.281    61.00   6.0268e+02   3.6276e+02   0  J  0.00  1   !  -9.99000e+02  -99.000  -99.000
OBS: 2006hx  54085.281    63.00   5.2754e+02   3.1753e+02   0  J  0.00  1   !  -9.99000e+02  -99.000  -99.000
OBS: 2006hx  54087.281    65.00   3.9606e+02   2.3839e+02   0  J  0.00  1   !  -9.99000e+02  -99.000  -99.000
OBS: 2006hx  54089.281    67.00   3.2094e+02   1.9318e+02   0  J  0.00  1   !  -9.99000e+02  -99.000  -99.000
OBS: 2006hx  54091.281    69.00   2.7280e+02   1.6420e+02   0  J  0.00  1   !  -9.99000e+02  -99.000  -99.000
OBS: 2006hx  54093.281    71.00   2.3394e+02   1.4081e+02   0  J  0.00  1   !  -9.99000e+02  -99.000  -99.000
OBS: 2006hx  54095.281    73.00   1.9836e+02   1.1939e+02   0  J  0.00  1   !  -9.99000e+02  -99.000  -99.000
OBS: 2006hx  54097.281    75.00   1.6550e+02   9.9618e+01   0  J  0.00  1   !  -9.99000e+02  -99.000  -99.000
OBS: 2006hx  54099.281    77.00   1.3523e+02   8.1394e+01   0  J  0.00  1   !  -9.99000e+02  -99.000  -99.000
OBS: 2006hx  54101.281    79.00   1.1585e+02   6.9731e+01   0  J  0.00  1   !  -9.99000e+02  -99.000  -99.000
OBS: 2006hx  54103.281    81.00   1.0050e+02   6.0495e+01   0  J  0.00  1   !  -9.99000e+02  -99.000  -99.000
OBS: 2006hx  54105.281    83.00   8.6142e+01   5.1850e+01   0  J  0.00  1   !  -9.99000e+02  -99.000  -99.000
OBS: 2006hx  54107.281    85.00   7.3119e+01   4.4011e+01   0  J  0.00  1   !  -9.99000e+02  -99.000  -99.000
OBS: 2006hx  54109.281    87.00   6.2309e+01   3.7504e+01   0  J  0.00  1   !  -9.99000e+02  -99.000  -99.000
OBS: 2006hx  54111.281    89.00   5.3020e+01   3.1913e+01   0  J  0.00  1   !  -9.99000e+02  -99.000  -99.000
OBS: 2006hx  54113.281    91.00   4.5629e+01   2.7465e+01   0  J  0.00  1   !  -9.99000e+02  -99.000  -99.000
OBS: 2006hx  54115.281    93.00   3.9269e+01   2.3636e+01   0  J  0.00  1   !  -9.99000e+02  -99.000  -99.000
OBS: 2006hx  54117.281    95.00   3.3795e+01   2.0342e+01   0  J  0.00  1   !  -9.99000e+02  -99.000  -99.000
OBS: 2006hx  54119.281    97.00   2.9084e+01   1.7506e+01   0  J  0.00  1   !  -9.99000e+02  -99.000  -99.000
OBS: 2006hx  54121.281    99.00   2.5030e+01   1.5066e+01   0  J  0.00  1   !  -9.99000e+02  -99.000  -99.000
OBS: 2006hx  54123.281   101.00   2.1541e+01   1.2966e+01   0  J  0.00  1   !  -9.99000e+02  -99.000  -99.000
OBS: 2006hx  54125.281   103.00   1.8538e+01   1.1158e+01   0  J  0.00  1   !  -9.99000e+02  -99.000  -99.000
OBS: 2006hx  54127.281   105.00   1.5954e+01   9.6031e+00   0  J  0.00  1   !  -9.99000e+02  -99.000  -99.000
OBS: 2006hx  54129.281   107.00   1.3730e+01   8.2645e+00   0  J  0.00  1   !  -9.99000e+02  -99.000  -99.000
OBS: 2006hx  54131.281   109.00   1.1816e+01   7.1125e+00   0  J  0.00  1   !  -9.99000e+02  -99.000  -99.000
OBS: 2006hx  54133.281   111.00   1.0169e+01   6.1210e+00   0  J  0.00  1   !  -9.99000e+02  -99.000  -99.000
OBS: 2006hx  54135.281   113.00   8.7518e+00   5.2678e+00   0  J  0.00  1   !  -9.99000e+02  -99.000  -99.000
OBS: 2006hx  54137.281   115.00   7.5318e+00   4.5335e+00   0  J  0.00  1   !  -9.99000e+02  -99.000  -99.000
OBS: 2006hx  54139.281   117.00   6.4820e+00   3.9016e+00   0  J  0.00  1   !  -9.99000e+02  -99.000  -99.000
OBS: 2006hx  54141.281   119.00   5.5784e+00   3.3577e+00   0  J  0.00  1   !  -9.99000e+02  -99.000  -99.000
OBS: 2006hx  54143.281   121.00   4.8008e+00   2.8897e+00   0  J  0.00  1   !  -9.99000e+02  -99.000  -99.000
OBS: 2006hx  54145.281   123.00   4.1316e+00   2.4869e+00   0  J  0.00  1   !  -9.99000e+02  -99.000  -99.000
OBS: 2006hx  54147.281   125.00   3.5557e+00   2.1402e+00   0  J  0.00  1   !  -9.99000e+02  -99.000  -99.000
OBS: 2006hx  54149.281   127.00   3.0601e+00   1.8419e+00   0  J  0.00  1   !  -9.99000e+02  -99.000  -99.000
OBS: 2006hx  54151.281   129.00   2.6335e+00   1.5851e+00   0  J  0.00  1   !  -9.99000e+02  -99.000  -99.000
OBS: 2006hx  54153.281   131.00   2.2664e+00   1.3642e+00   0  J  0.00  1   !  -9.99000e+02  -99.000  -99.000
OBS: 2006hx  54155.281   133.00   1.9505e+00   1.1740e+00   0  J  0.00  1   !  -9.99000e+02  -99.000  -99.000
OBS: 2006hx  54157.281   135.00   1.6786e+00   1.0104e+00   0  J  0.00  1   !  -9.99000e+02  -99.000  -99.000
OBS: 2006hx  54159.281   137.00   1.4446e+00   8.6953e-01   0  J  0.00  1   !  -9.99000e+02  -99.000  -99.000
OBS: 2006hx  54161.281   139.00   1.2433e+00   7.4833e-01   0  J  0.00  1   !  -9.99000e+02  -99.000  -99.000
OBS: 2006hx  54013.770    -8.51   5.7280e+03   3.9272e+02   1  H  5.70  1   H  1.65737e+18  -0.075  0.436
OBS: 2006hx  54013.781    -8.50   6.4447e+03   3.8502e+02   1  H  0.59  1   H  1.86464e+18  -0.075  0.434
OBS: 2006hx  54037.691    15.41   3.5645e+03   2.4790e+02   1  H  4.79  1   H  1.40123e+18  0.258  1.973
OBS: 2006hx  54037.699    15.42   3.8761e+03   2.6195e+02   1  H  1.06  1   H  1.52371e+18  0.258  1.975
OBS: 2006hx  54040.680    18.40   4.2267e+03   2.7733e+02   1  H  1.81  1   H  1.65525e+18  0.254  2.117
OBS: 2006hx  54040.691    18.41   4.2973e+03   2.6093e+02   1  H  1.39  1   H  1.68290e+18  0.254  2.117
OBS: 2006hx  54048.699    26.42   6.4506e+03   3.9167e+02   1  H  6.58  1   H  2.41780e+18  0.206  -0.089
OBS: 2006hx  54048.711    26.43   5.9924e+03   3.9907e+02   1  H  2.29  1   H  2.24576e+18  0.206  -0.093
OBS: 2006hx  53963.281   -59.00   0.0000e+00   0.0000e+00   0  H  0.00  1   !  -9.99000e+02  -99.000  -99.000
OBS: 2006hx  53965.281   -57.00   0.0000e+00   0.0000e+00   0  H  0.00  1   !  -9.99000e+02  -99.000  -99.000
OBS: 2006hx  53967.281   -55.00   0.0000e+00   0.0000e+00   0  H  0.00  1   !  -9.99000e+02  -99.000  -99.000
OBS: 2006hx  53969.281   -53.00   0.0000e+00   0.0000e+00   0  H  0.00  1   !  -9.99000e+02  -99.000  -99.000
OBS: 2006hx  53971.281   -51.00   0.0000e+00   0.0000e+00   0  H  0.00  1   !  -9.99000e+02  -99.000  -99.000
OBS: 2006hx  53973.281   -49.00   0.0000e+00   0.0000e+00   0  H  0.00  1   !  -9.99000e+02  -99.000  -99.000
OBS: 2006hx  53975.281   -47.00   0.0000e+00   0.0000e+00   0  H  0.00  1   !  -9.99000e+02  -99.000  -99.000
OBS: 2006hx  53977.281   -45.00   0.0000e+00   0.0000e+00   0  H  0.00  1   !  -9.99000e+02  -99.000  -99.000
OBS: 2006hx  53979.281   -43.00   0.0000e+00   0.0000e+00   0  H  0.00  1   !  -9.99000e+02  -99.000  -99.000
OBS: 2006hx  53981.281   -41.00   0.0000e+00   0.0000e+00   0  H  0.00  1   !  -9.99000e+02  -99.000  -99.000
OBS: 2006hx  53983.281   -39.00   0.0000e+00   0.0000e+00   0  H  0.00  1   !  -9.99000e+02  -99.000  -99.000
OBS: 2006hx  53985.281   -37.00   0.0000e+00   0.0000e+00   0  H  0.00  1   !  -9.99000e+02  -99.000  -99.000
OBS: 2006hx  53987.281   -35.00   0.0000e+00   0.0000e+00   0  H  0.00  1   !  -9.99000e+02  -99.000  -99.000
OBS: 2006hx  53989.281   -33.00   0.0000e+00   0.0000e+00   0  H  0.00  1   !  -9.99000e+02  -99.000  -99.000
OBS: 2006hx  53991.281   -31.00   0.0000e+00   0.0000e+00   0  H  0.00  1   !  -9.99000e+02  -99.000  -99.000
OBS: 2006hx  53993.281   -29.00   0.0000e+00   0.0000e+00   0  H  0.00  1   !  -9.99000e+02  -99.000  -99.000
OBS: 2006hx  53995.281   -27.00   0.0000e+00   0.0000e+00   0  H  0.00  1   !  -9.99000e+02  -99.000  -99.000
OBS: 2006hx  53997.281   -25.00   0.0000e+00   0.0000e+00   0  H  0.00  1   !  -9.99000e+02  -99.000  -99.000
OBS: 2006hx  53999.281   -23.00   0.0000e+00   0.0000e+00   0  H  0.00  1   !  -9.99000e+02  -99.000  -99.000
OBS: 2006hx  54001.281   -21.00   0.0000e+00   0.0000e+00   0  H  0.00  1   !  -9.99000e+02  -99.000  -99.000
OBS: 2006hx  54003.281   -19.00   1.3163e+03   7.9229e+02   0  H  0.00  1   !  -9.99000e+02  -99.000  -99.000
OBS: 2006hx  54005.281   -17.00   1.2912e+03   7.7721e+02   0  H  0.00  1   !  -9.99000e+02  -99.000  -99.000
OBS: 2006hx  54007.281   -15.00   1.7320e+03   6.6304e+02   0  H  0.00  1   !  -9.99000e+02  -99.000  -99.000
OBS: 2006hx  54009.281   -13.00   3.3552e+03   2.8987e+02   0  H  0.00  1   !  -9.99000e+02  -99.000  -99.000
OBS: 2006hx  54011.281   -11.00   5.0048e+03   1.8655e+02   0  H  0.00  1   !  -9.99000e+02  -99.000  -99.000
OBS: 2006hx  54013.281    -9.00   6.4552e+03   1.8900e+02   0  H  0.00  1   !  -9.99000e+02  -99.000  -99.000
OBS: 2006hx  54015.281    -7.00   7.5112e+03   1.7016e+02   0  H  0.00  1   !  -9.99000e+02  -99.000  -99.000
OBS: 2006hx  54017.281    -5.00   7.9529e+03   1.4889e+02   0  H  0.00  1   !  -9.99000e+02  -99.000  -99.000
OBS: 2006hx  54019.281    -3.00   7.7496e+03   1.4719e+02   0  H  0.00  1   !  -9.99000e+02  -99.000  -99.000
OBS: 2006hx  54021.281    -1.00   6.9818e+03   1.5199e+02   0  H  0.00  1   !  -9.99000e+02  -99.000  -99.000
OBS: 2006hx  54023.281     1.00   6.2048e+03   1.5167e+02   0  H  0.00  1   !  -9.99000e+02  -99.000  -99.000
OBS: 2006hx  54025.281     3.00   5.6257e+03   1.5390e+02   0  H  0.00  1   !  -9.99000e+02  -99.000  -99.000
OBS: 2006hx  54027.281     5.00   5.0190e+03   1.4187e+02   0  H  0.00  1   !  -9.99000e+02  -99.000  -99.000
OBS: 2006hx  54029.281     7.00   4.4817e+03   1.3028e+02   0  H  0.00  1   !  -9.99000e+02  -99.000  -99.000
OBS: 2006hx  54031.281     9.00   4.1146e+03   1.2672e+02   0  H  0.00  1   !  -9.99000e+02  -99.000  -99.000
OBS: 2006hx  54033.281    11.00   3.9288e+03   1.3513e+02   0  H  0.00  1   !  -9.99000e+02  -99.000  -99.000
OBS: 2006hx  54035.281    13.00   3.9246e+03   1.3921e+02   0  H  0.00  1   !  -9.99000e+02  -99.000  -99.000
OBS: 2006hx  54037.281    15.00   4.1243e+03   1.3000e+02   0  H  0.00  1   !  -9.99000e+02  -99.000  -99.000
OBS: 2006hx  54039.281    17.00   4.4033e+03   1.3014e+02   0  H  0.00  1   !  -9.99000e+02  -99.000  -99.000
OBS: 2006hx  54041.281    19.00   4.7530e+03   1.3978e+02   0  H  0.00  1   !  -9.99000e+02  -99.000  -99.000
OBS: 2006hx  54043.281    21.00   5.1094e+03   1.4667e+02   0  H  0.00  1   !  -9.99000e+02  -99.000  -99.000
OBS: 2006hx  54045.281    23.00   5.3050e+03   1.6130e+02   0  H  0.00  1   !  -9.99000e+02  -99.000  -99.000
OBS: 2006hx  54047.281    25.00   5.3530e+03   1.9350e+02   0  H  0.00  1   !  -9.99000e+02  -99.000  -99.000
OBS: 2006hx  54049.281    27.00   5.2767e+03   2.1177e+02   0  H  0.00  1   !  -9.99000e+02  -99.000  -99.000
OBS: 2006hx  54051.281    29.00   5.1337e+03   2.0402e+02   0  H  0.00  1   !  -9.99000e+02  -99.000  -99.000
OBS: 2006hx  54053.281    31.00   4.9995e+03   1.7906e+02   0  H  0.00  1   !  -9.99000e+02  -99.000  -99.000
OBS: 2006hx  54055.281    33.00   4.8785e+03   1.6343e+02   0  H  0.00  1   !  -9.99000e+02  -99.000  -99.000
OBS: 2006hx  54057.281    35.00   4.7652e+03   1.6957e+02   0  H  0.00  1   !  -9.99000e+02  -99.000  -99.000
OBS: 2006hx  54059.281    37.00   4.5749e+03   2.0340e+02   0  H  0.00  1   !  -9.99000e+02  -99.000  -99.000
OBS: 2006hx  54061.281    39.00   4.2070e+03   2.4229e+02   0  H  0.00  1   !  -9.99000e+02  -99.000  -99.000
OBS: 2006hx  54063.281    41.00   3.7672e+03   2.4836e+02   0  H  0.00  1   !  -9.99000e+02  -99.000  -99.000
OBS: 2006hx  54065.281    43.00   3.2539e+03   2.3170e+02   0  H  0.00  1   !  -9.99000e+02  -99.000  -99.000
OBS: 2006hx  54067.281    45.00   2.8208e+03   2.4027e+02   0  H  0.00  1   !  -9.99000e+02  -99.000  -99.000
OBS: 2006hx  54069.281    47.00   2.5234e+03   2.8006e+02   0  H  0.00  1   !  -9.99000e+02  -99.000  -99.000
OBS: 2006hx  54071.281    49.00   2.3171e+03   3.0572e+02   0  H  0.00  1   !  -9.99000e+02  -99.000  -99.000
OBS: 2006hx  54073.281    51.00   2.1305e+03   2.9393e+02   0  H  0.00  1   !  -9.99000e+02  -99.000  -99.000
OBS: 2006hx  54075.281    53.00   1.9518e+03   9.6590e+02   0  H  0.00  1   !  -9.99000e+02  -99.000  -99.000
OBS: 2006hx  54077.281    55.00   1.7825e+03   1.0729e+03   0  H  0.00  1   !  -9.99000e+02  -99.000  -99.000
OBS: 2006hx  54079.281    57.00   1.6343e+03   9.8369e+02   0  H  0.00  1   !  -9.99000e+02  -99.000  -99.000
OBS: 2006hx  54081.281    59.00   1.4942e+03   8.9939e+02   0  H  0.00  1   !  -9.99000e+02  -99.000  -99.000
OBS: 2006hx  54083.281    61.00   1.3646e+03   8.2134e+02   0  H  0.00  1   !  -9.99000e+02  -99.000  -99.000
OBS: 2006hx  54085.281    63.00   1.2261e+03   7.3802e+02   0  H  0.00  1   !  -9.99000e+02  -99.000  -99.000
OBS: 2006hx  54087.281    65.00   9.4824e+02   5.7076e+02   0  H  0.00  1   !  -9.99000e+02  -99.000  -99.000
OBS: 2006hx  54089.281    67.00   7.6004e+02   4.5748e+02   0  H  0.00  1   !  -9.99000e+02  -99.000  -99.000
OBS: 2006hx  54091.281    69.00   6.3774e+02   3.8387e+02   0  H  0.00  1   !  -9.99000e+02  -99.000  -99.000
OBS: 2006hx  54093.281    71.00   5.5975e+02   3.3692e+02   0  H  0.00  1   !  -9.99000e+02  -99.000  -99.000
OBS: 2006hx  54095.281    73.00   5.0471e+02   3.0379e+02   0  H  0.00  1   !  -9.99000e+02  -99.000  -99.000
OBS: 2006hx  54097.281    75.00   4.5708e+02   2.7512e+02   0  H  0.00  1   !  -9.99000e+02  -99.000  -99.000
OBS: 2006hx  54099.281    77.00   4.1179e+02   2.4786e+02   0  H  0.00  1   !  -9.99000e+02  -99.000  -99.000
OBS: 2006hx  54101.281    79.00   3.7705e+02   2.2695e+02   0  H  0.00  1   !  -9.99000e+02  -99.000  -99.000
OBS: 2006hx  54103.281    81.00   3.4674e+02   2.0871e+02   0  H  0.00  1   !  -9.99000e+02  -99.000  -99.000
OBS: 2006hx  54105.281    83.00   3.1891e+02   1.9195e+02   0  H  0.00  1   !  -9.99000e+02  -99.000  -99.000
OBS: 2006hx  54107.281    85.00   2.9423e+02   1.7710e+02   0  H  0.00  1   !  -9.99000e+02  -99.000  -99.000
OBS: 2006hx  54109.281    87.00   2.7292e+02   1.6427e+02   0  H  0.00  1   !  -9.99000e+02  -99.000  -99.000
OBS: 2006hx  54111.281    89.00   2.5332e+02   1.5247e+02   0  H  0.00  1   !  -9.99000e+02  -99.000  -99.000
OBS: 2006hx  54113.281    91.00   2.3441e+02   1.4110e+02   0  H  0.00  1   !  -9.99000e+02  -99.000  -99.000
OBS: 2006hx  54115.281    93.00   2.1692e+02   1.3057e+02   0  H  0.00  1   !  -9.99000e+02  -99.000  -99.000
OBS: 2006hx  54117.281    95.00   2.0074e+02   1.2083e+02   0  H  0.00  1   !  -9.99000e+02  -99.000  -99.000
OBS: 2006hx  54119.281    97.00   1.8576e+02   1.1181e+02   0  H  0.00  1   !  -9.99000e+02  -99.000  -99.000
OBS: 2006hx  54121.281    99.00   1.7190e+02   1.0347e+02   0  H  0.00  1   !  -9.99000e+02  -99.000  -99.000
OBS: 2006hx  54123.281   101.00   1.5907e+02   9.5747e+01   0  H  0.00  1   !  -9.99000e+02  -99.000  -99.000
OBS: 2006hx  54125.281   103.00   1.4720e+02   8.8603e+01   0  H  0.00  1   !  -9.99000e+02  -99.000  -99.000
OBS: 2006hx  54127.281   105.00   1.3622e+02   8.1992e+01   0  H  0.00  1   !  -9.99000e+02  -99.000  -99.000
OBS: 2006hx  54129.281   107.00   1.2605e+02   7.5874e+01   0  H  0.00  1   !  -9.99000e+02  -99.000  -99.000
OBS: 2006hx  54131.281   109.00   1.1665e+02   7.0213e+01   0  H  0.00  1   !  -9.99000e+02  -99.000  -99.000
OBS: 2006hx  54133.281   111.00   1.0795e+02   6.4974e+01   0  H  0.00  1   !  -9.99000e+02  -99.000  -99.000
OBS: 2006hx  54135.281   113.00   9.9891e+01   6.0125e+01   0  H  0.00  1   !  -9.99000e+02  -99.000  -99.000
OBS: 2006hx  54137.281   115.00   9.2437e+01   5.5639e+01   0  H  0.00  1   !  -9.99000e+02  -99.000  -99.000
OBS: 2006hx  54139.281   117.00   8.5540e+01   5.1488e+01   0  H  0.00  1   !  -9.99000e+02  -99.000  -99.000
OBS: 2006hx  54141.281   119.00   7.9157e+01   4.7646e+01   0  H  0.00  1   !  -9.99000e+02  -99.000  -99.000
OBS: 2006hx  54143.281   121.00   7.3251e+01   4.4091e+01   0  H  0.00  1   !  -9.99000e+02  -99.000  -99.000
OBS: 2006hx  54145.281   123.00   6.7785e+01   4.0801e+01   0  H  0.00  1   !  -9.99000e+02  -99.000  -99.000
OBS: 2006hx  54147.281   125.00   6.2727e+01   3.7756e+01   0  H  0.00  1   !  -9.99000e+02  -99.000  -99.000
OBS: 2006hx  54149.281   127.00   5.8047e+01   3.4939e+01   0  H  0.00  1   !  -9.99000e+02  -99.000  -99.000
OBS: 2006hx  54151.281   129.00   5.3716e+01   3.2332e+01   0  H  0.00  1   !  -9.99000e+02  -99.000  -99.000
OBS: 2006hx  54153.281   131.00   4.9708e+01   2.9920e+01   0  H  0.00  1   !  -9.99000e+02  -99.000  -99.000
OBS: 2006hx  54155.281   133.00   4.5999e+01   2.7687e+01   0  H  0.00  1   !  -9.99000e+02  -99.000  -99.000
OBS: 2006hx  54157.281   135.00   4.2566e+01   2.5621e+01   0  H  0.00  1   !  -9.99000e+02  -99.000  -99.000
OBS: 2006hx  54159.281   137.00   3.9390e+01   2.3709e+01   0  H  0.00  1   !  -9.99000e+02  -99.000  -99.000
OBS: 2006hx  54161.281   139.00   3.6451e+01   2.1940e+01   0  H  0.00  1   !  -9.99000e+02  -99.000  -99.000
