VARNAMES: CID MJD Tobs FLUXCAL FLUXCAL_ERR DATAFLAG BAND CHI2 IFIT BAND_REST FLUX_REST KCOR AVWARP 
OBS: 2005eq  53650.809    -4.12   2.5398e+04   1.4074e+02   1  g  8.50  1   g  3.71306e+18  -0.051  0.541
OBS: 2005eq  53655.770     0.84   2.6182e+04   1.6935e+02   1  g  6.36  1   g  3.81974e+18  -0.053  0.310
OBS: 2005eq  53658.711     3.78   2.4774e+04   1.3729e+02   1  g  6.35  1   g  3.61554e+18  -0.053  0.139
OBS: 2005eq  53659.691     4.76   2.3944e+04   1.7708e+02   1  g  6.58  1   g  3.50404e+18  -0.050  0.108
OBS: 2005eq  53662.770     7.84   2.1777e+04   1.4086e+02   1  g  0.52  1   g  3.22909e+18  -0.035  0.073
OBS: 2005eq  53663.730     8.80   2.0893e+04   1.5451e+02   1  g  0.13  1   g  3.11643e+18  -0.029  0.053
OBS: 2005eq  53665.711    10.78   1.9284e+04   1.2473e+02   1  g  3.25  1   g  2.91089e+18  -0.016  0.012
OBS: 2005eq  53666.762    11.83   1.8130e+04   1.3408e+02   1  g  4.48  1   g  2.75157e+18  -0.010  -0.015
OBS: 2005eq  53669.730    14.80   1.4750e+04   8.1739e+01   1  g  12.44  1   g  2.28791e+18  0.014  -0.151
OBS: 2005eq  53671.770    16.84   1.2485e+04   9.2335e+01   1  g  6.85  1   g  1.98704e+18  0.042  -0.082
OBS: 2005eq  53673.770    18.84   1.0646e+04   8.8618e+01   1  g  2.95  1   g  1.73493e+18  0.067  0.006
OBS: 2005eq  53675.738    20.81   9.1033e+03   8.4232e+01   1  g  1.52  1   g  1.51341e+18  0.089  0.010
OBS: 2005eq  53682.789    27.86   5.2723e+03   7.8271e+01   1  g  3.97  1   g  9.12943e+17  0.133  -0.248
OBS: 2005eq  53683.738    28.81   5.0350e+03   5.1271e+01   1  g  7.91  1   g  8.76044e+17  0.138  -0.189
OBS: 2005eq  53687.750    32.82   3.9446e+03   6.5941e+01   1  g  5.09  1   g  6.94643e+17  0.151  0.129
OBS: 2005eq  53694.730    39.80   2.7315e+03   5.0782e+01   1  g  0.78  1   g  4.84144e+17  0.159  0.466
OBS: 2005eq  53698.672    43.74   2.3399e+03   3.2551e+01   1  g  0.25  1   g  4.19333e+17  0.170  0.773
OBS: 2005eq  53699.699    44.77   2.2930e+03   2.9758e+01   1  g  0.59  1   g  4.08997e+17  0.165  0.731
OBS: 2005eq  53707.750    52.82   1.9373e+03   4.5126e+01  -1  g  0.00  1   !  -9.99000e+02  -99.000  -99.000
OBS: 2005eq  53712.691    57.76   1.7523e+03   3.4222e+01  -1  g  0.09  1   !  -9.99000e+02  -99.000  -99.000
OBS: 2005eq  53721.629    66.70   1.5951e+03   5.9863e+01  -1  g  0.33  1   !  -9.99000e+02  -99.000  -99.000
OBS: 2005eq  53726.691    71.76   1.5080e+03   2.8036e+01  -1  g  0.27  1   !  -9.99000e+02  -99.000  -99.000
OBS: 2005eq  53730.699    75.77   1.3804e+03   2.3076e+01  -1  g  0.11  1   !  -9.99000e+02  -99.000  -99.000
OBS: 2005eq  53737.660    82.73   1.2788e+03   2.1377e+01  -1  g  0.20  1   !  -9.99000e+02  -99.000  -99.000
OBS: 2005eq  53741.621    86.69   1.1945e+03   3.0078e+01  -1  g  0.26  1   !  -9.99000e+02  -99.000  -99.000
OBS: 2005eq  53746.648    91.72   1.0874e+03   5.5452e+01  -1  g  0.37  1   !  -9.99000e+02  -99.000  -99.000
OBS: 2005eq  53751.660    96.73   1.0309e+03   7.2710e+01  -1  g  0.61  1   !  -9.99000e+02  -99.000  -99.000
OBS: 2005eq  53595.926   -59.00   0.0000e+00   0.0000e+00   0  g  0.00  1   !  -9.99000e+02  -99.000  -99.000
OBS: 2005eq  53597.926   -57.00   0.0000e+00   0.0000e+00   0  g  0.00  1   !  -9.99000e+02  -99.000  -99.000
OBS: 2005eq  53599.926   -55.00   0.0000e+00   0.0000e+00   0  g  0.00  1   !  -9.99000e+02  -99.000  -99.000
OBS: 2005eq  53601.926   -53.00   0.0000e+00   0.0000e+00   0  g  0.00  1   !  -9.99000e+02  -99.000  -99.000
OBS: 2005eq  53603.926   -51.00   0.0000e+00   0.0000e+00   0  g  0.00  1   !  -9.99000e+02  -99.000  -99.000
OBS: 2005eq  53605.926   -49.00   0.0000e+00   0.0000e+00   0  g  0.00  1   !  -9.99000e+02  -99.000  -99.000
OBS: 2005eq  53607.926   -47.00   0.0000e+00   0.0000e+00   0  g  0.00  1   !  -9.99000e+02  -99.000  -99.000
OBS: 2005eq  53609.926   -45.00   0.0000e+00   0.0000e+00   0  g  0.00  1   !  -9.99000e+02  -99.000  -99.000
OBS: 2005eq  53611.926   -43.00   0.0000e+00   0.0000e+00   0  g  0.00  1   !  -9.99000e+02  -99.000  -99.000
OBS: 2005eq  53613.926   -41.00   0.0000e+00   0.0000e+00   0  g  0.00  1   !  -9.99000e+02  -99.000  -99.000
OBS: 2005eq  53615.926   -39.00   0.0000e+00   0.0000e+00   0  g  0.00  1   !  -9.99000e+02  -99.000  -99.000
OBS: 2005eq  53617.926   -37.00   0.0000e+00   0.0000e+00   0  g  0.00  1   !  -9.99000e+02  -99.000  -99.000
OBS: 2005eq  53619.926   -35.00   0.0000e+00   0.0000e+00   0  g  0.00  1   !  -9.99000e+02  -99.000  -99.000
OBS: 2005eq  53621.926   -33.00   0.0000e+00   0.0000e+00   0  g  0.00  1   !  -9.99000e+02  -99.000  -99.000
OBS: 2005eq  53623.926   -31.00   0.0000e+00   0.0000e+00   0  g  0.00  1   !  -9.99000e+02  -99.000  -99.000
OBS: 2005eq  53625.926   -29.00   0.0000e+00   0.0000e+00   0  g  0.00  1   !  -9.99000e+02  -99.000  -99.000
OBS: 2005eq  53627.926   -27.00   0.0000e+00   0.0000e+00   0  g  0.00  1   !  -9.99000e+02  -99.000  -99.000
OBS: 2005eq  53629.926   -25.00   0.0000e+00   0.0000e+00   0  g  0.00  1   !  -9.99000e+02  -99.000  -99.000
OBS: 2005eq  53631.926   -23.00   0.0000e+00   0.0000e+00   0  g  0.00  1   !  -9.99000e+02  -99.000  -99.000
OBS: 2005eq  53633.926   -21.00   0.0000e+00   0.0000e+00   0  g  0.00  1   !  -9.99000e+02  -99.000  -99.000
OBS: 2005eq  53635.926   -19.00   5.7795e+02   3.4787e+02   0  g  0.00  1   !  -9.99000e+02  -99.000  -99.000
OBS: 2005eq  53637.926   -17.00   5.8760e+02   3.5368e+02   0  g  0.00  1   !  -9.99000e+02  -99.000  -99.000
OBS: 2005eq  53639.926   -15.00   1.2184e+03   7.3336e+02   0  g  0.00  1   !  -9.99000e+02  -99.000  -99.000
OBS: 2005eq  53641.926   -13.00   5.9365e+03   3.5732e+03   0  g  0.00  1   !  -9.99000e+02  -99.000  -99.000
OBS: 2005eq  53643.926   -11.00   1.0691e+04   6.4351e+03   0  g  0.00  1   !  -9.99000e+02  -99.000  -99.000
OBS: 2005eq  53645.926    -9.00   1.5567e+04   3.1060e+02   0  g  0.00  1   !  -9.99000e+02  -99.000  -99.000
OBS: 2005eq  53647.926    -7.00   1.9854e+04   2.4212e+02   0  g  0.00  1   !  -9.99000e+02  -99.000  -99.000
OBS: 2005eq  53649.926    -5.00   2.3286e+04   2.5863e+02   0  g  0.00  1   !  -9.99000e+02  -99.000  -99.000
OBS: 2005eq  53651.926    -3.00   2.5768e+04   2.6399e+02   0  g  0.00  1   !  -9.99000e+02  -99.000  -99.000
OBS: 2005eq  53653.926    -1.00   2.7020e+04   2.7681e+02   0  g  0.00  1   !  -9.99000e+02  -99.000  -99.000
OBS: 2005eq  53655.926     1.00   2.6972e+04   2.7632e+02   0  g  0.00  1   !  -9.99000e+02  -99.000  -99.000
OBS: 2005eq  53657.926     3.00   2.6054e+04   2.6691e+02   0  g  0.00  1   !  -9.99000e+02  -99.000  -99.000
OBS: 2005eq  53659.926     5.00   2.4560e+04   2.6077e+02   0  g  0.00  1   !  -9.99000e+02  -99.000  -99.000
OBS: 2005eq  53661.926     7.00   2.2796e+04   2.4354e+02   0  g  0.00  1   !  -9.99000e+02  -99.000  -99.000
OBS: 2005eq  53663.926     9.00   2.0791e+04   2.2972e+02   0  g  0.00  1   !  -9.99000e+02  -99.000  -99.000
OBS: 2005eq  53665.926    11.00   1.8592e+04   2.1477e+02   0  g  0.00  1   !  -9.99000e+02  -99.000  -99.000
OBS: 2005eq  53667.926    13.00   1.6204e+04   1.9000e+02   0  g  0.00  1   !  -9.99000e+02  -99.000  -99.000
OBS: 2005eq  53669.926    15.00   1.3845e+04   1.7545e+02   0  g  0.00  1   !  -9.99000e+02  -99.000  -99.000
OBS: 2005eq  53671.926    17.00   1.1830e+04   1.7331e+02   0  g  0.00  1   !  -9.99000e+02  -99.000  -99.000
OBS: 2005eq  53673.926    19.00   1.0212e+04   1.6055e+02   0  g  0.00  1   !  -9.99000e+02  -99.000  -99.000
OBS: 2005eq  53675.926    21.00   8.7567e+03   1.5237e+02   0  g  0.00  1   !  -9.99000e+02  -99.000  -99.000
OBS: 2005eq  53677.926    23.00   7.3816e+03   1.5679e+02   0  g  0.00  1   !  -9.99000e+02  -99.000  -99.000
OBS: 2005eq  53679.926    25.00   6.2158e+03   1.5686e+02   0  g  0.00  1   !  -9.99000e+02  -99.000  -99.000
OBS: 2005eq  53681.926    27.00   5.2793e+03   1.5262e+02   0  g  0.00  1   !  -9.99000e+02  -99.000  -99.000
OBS: 2005eq  53683.926    29.00   4.5567e+03   1.4068e+02   0  g  0.00  1   !  -9.99000e+02  -99.000  -99.000
OBS: 2005eq  53685.926    31.00   3.9801e+03   1.5091e+02   0  g  0.00  1   !  -9.99000e+02  -99.000  -99.000
OBS: 2005eq  53687.926    33.00   3.5018e+03   1.6711e+02   0  g  0.00  1   !  -9.99000e+02  -99.000  -99.000
OBS: 2005eq  53689.926    35.00   3.1071e+03   1.5871e+02   0  g  0.00  1   !  -9.99000e+02  -99.000  -99.000
OBS: 2005eq  53691.926    37.00   2.8353e+03   1.5437e+02   0  g  0.00  1   !  -9.99000e+02  -99.000  -99.000
OBS: 2005eq  53693.926    39.00   2.6625e+03   1.4071e+02   0  g  0.00  1   !  -9.99000e+02  -99.000  -99.000
OBS: 2005eq  53695.926    41.00   2.5059e+03   1.4528e+02   0  g  0.00  1   !  -9.99000e+02  -99.000  -99.000
OBS: 2005eq  53697.926    43.00   2.3292e+03   1.5511e+02   0  g  0.00  1   !  -9.99000e+02  -99.000  -99.000
OBS: 2005eq  53699.926    45.00   2.1598e+03   1.4723e+02   0  g  0.00  1   !  -9.99000e+02  -99.000  -99.000
OBS: 2005eq  53701.926    47.00   2.0467e+03   1.3834e+02   0  g  0.00  1   !  -9.99000e+02  -99.000  -99.000
OBS: 2005eq  53703.926    49.00   1.9957e+03   1.3370e+02   0  g  0.00  1   !  -9.99000e+02  -99.000  -99.000
OBS: 2005eq  53705.926    51.00   1.9706e+03   1.3789e+02   0  g  0.00  1   !  -9.99000e+02  -99.000  -99.000
OBS: 2005eq  53707.926    53.00   1.9321e+03   1.4486e+02   0  g  0.00  1   !  -9.99000e+02  -99.000  -99.000
OBS: 2005eq  53709.926    55.00   1.8738e+03   1.5207e+02   0  g  0.00  1   !  -9.99000e+02  -99.000  -99.000
OBS: 2005eq  53711.926    57.00   1.8150e+03   1.4769e+02   0  g  0.00  1   !  -9.99000e+02  -99.000  -99.000
OBS: 2005eq  53713.926    59.00   1.7699e+03   1.5010e+02   0  g  0.00  1   !  -9.99000e+02  -99.000  -99.000
OBS: 2005eq  53715.926    61.00   1.7290e+03   1.7350e+02   0  g  0.00  1   !  -9.99000e+02  -99.000  -99.000
OBS: 2005eq  53717.926    63.00   1.6551e+03   1.9254e+02   0  g  0.00  1   !  -9.99000e+02  -99.000  -99.000
OBS: 2005eq  53719.926    65.00   1.5675e+03   1.7864e+02   0  g  0.00  1   !  -9.99000e+02  -99.000  -99.000
OBS: 2005eq  53721.926    67.00   1.4840e+03   1.6080e+02   0  g  0.00  1   !  -9.99000e+02  -99.000  -99.000
OBS: 2005eq  53723.926    69.00   1.4043e+03   1.6979e+02   0  g  0.00  1   !  -9.99000e+02  -99.000  -99.000
OBS: 2005eq  53725.926    71.00   1.3225e+03   3.0819e+02   0  g  0.00  1   !  -9.99000e+02  -99.000  -99.000
OBS: 2005eq  53727.926    73.00   1.2419e+03   5.4920e+02   0  g  0.00  1   !  -9.99000e+02  -99.000  -99.000
OBS: 2005eq  53729.926    75.00   1.1668e+03   6.9355e+02   0  g  0.00  1   !  -9.99000e+02  -99.000  -99.000
OBS: 2005eq  53731.926    77.00   1.0960e+03   7.7275e+02   0  g  0.00  1   !  -9.99000e+02  -99.000  -99.000
OBS: 2005eq  53733.926    79.00   1.0285e+03   8.0794e+02   0  g  0.00  1   !  -9.99000e+02  -99.000  -99.000
OBS: 2005eq  53735.926    81.00   9.6537e+02   8.1484e+02   0  g  0.00  1   !  -9.99000e+02  -99.000  -99.000
OBS: 2005eq  53737.926    83.00   9.0624e+02   8.0349e+02   0  g  0.00  1   !  -9.99000e+02  -99.000  -99.000
OBS: 2005eq  53739.926    85.00   8.5100e+02   7.8084e+02   0  g  0.00  1   !  -9.99000e+02  -99.000  -99.000
OBS: 2005eq  53741.926    87.00   7.9932e+02   7.5140e+02   0  g  0.00  1   !  -9.99000e+02  -99.000  -99.000
OBS: 2005eq  53743.926    89.00   7.4882e+02   7.1618e+02   0  g  0.00  1   !  -9.99000e+02  -99.000  -99.000
OBS: 2005eq  53745.926    91.00   7.0085e+02   6.7863e+02   0  g  0.00  1   !  -9.99000e+02  -99.000  -99.000
OBS: 2005eq  53747.926    93.00   6.5606e+02   6.4094e+02   0  g  0.00  1   !  -9.99000e+02  -99.000  -99.000
OBS: 2005eq  53749.926    95.00   6.1400e+02   6.0371e+02   0  g  0.00  1   !  -9.99000e+02  -99.000  -99.000
OBS: 2005eq  53751.926    97.00   5.7449e+02   5.6749e+02   0  g  0.00  1   !  -9.99000e+02  -99.000  -99.000
OBS: 2005eq  53753.926    99.00   5.3747e+02   5.3270e+02   0  g  0.00  1   !  -9.99000e+02  -99.000  -99.000
OBS: 2005eq  53755.926   101.00   5.0280e+02   4.9956e+02   0  g  0.00  1   !  -9.99000e+02  -99.000  -99.000
OBS: 2005eq  53757.926   103.00   4.7027e+02   4.6807e+02   0  g  0.00  1   !  -9.99000e+02  -99.000  -99.000
OBS: 2005eq  53759.926   105.00   4.3997e+02   4.3847e+02   0  g  0.00  1   !  -9.99000e+02  -99.000  -99.000
OBS: 2005eq  53761.926   107.00   4.1164e+02   4.1062e+02   0  g  0.00  1   !  -9.99000e+02  -99.000  -99.000
OBS: 2005eq  53763.926   109.00   3.8500e+02   3.8430e+02   0  g  0.00  1   !  -9.99000e+02  -99.000  -99.000
OBS: 2005eq  53765.926   111.00   3.6002e+02   3.5955e+02   0  g  0.00  1   !  -9.99000e+02  -99.000  -99.000
OBS: 2005eq  53767.926   113.00   3.3673e+02   3.3641e+02   0  g  0.00  1   !  -9.99000e+02  -99.000  -99.000
OBS: 2005eq  53769.926   115.00   3.1497e+02   3.1475e+02   0  g  0.00  1   !  -9.99000e+02  -99.000  -99.000
OBS: 2005eq  53771.926   117.00   2.9713e+02   2.9698e+02   0  g  0.00  1   !  -9.99000e+02  -99.000  -99.000
OBS: 2005eq  53773.926   119.00   2.8240e+02   2.8229e+02   0  g  0.00  1   !  -9.99000e+02  -99.000  -99.000
OBS: 2005eq  53775.926   121.00   2.6793e+02   2.6786e+02   0  g  0.00  1   !  -9.99000e+02  -99.000  -99.000
OBS: 2005eq  53777.926   123.00   2.5342e+02   2.5337e+02   0  g  0.00  1   !  -9.99000e+02  -99.000  -99.000
OBS: 2005eq  53779.926   125.00   2.3970e+02   2.3967e+02   0  g  0.00  1   !  -9.99000e+02  -99.000  -99.000
OBS: 2005eq  53781.926   127.00   2.2673e+02   2.2670e+02   0  g  0.00  1   !  -9.99000e+02  -99.000  -99.000
OBS: 2005eq  53783.926   129.00   2.1445e+02   2.1444e+02   0  g  0.00  1   !  -9.99000e+02  -99.000  -99.000
OBS: 2005eq  53785.926   131.00   2.0284e+02   2.0283e+02   0  g  0.00  1   !  -9.99000e+02  -99.000  -99.000
OBS: 2005eq  53787.926   133.00   1.9186e+02   1.9185e+02   0  g  0.00  1   !  -9.99000e+02  -99.000  -99.000
OBS: 2005eq  53789.926   135.00   1.8147e+02   1.8147e+02   0  g  0.00  1   !  -9.99000e+02  -99.000  -99.000
OBS: 2005eq  53791.926   137.00   1.7165e+02   1.7164e+02   0  g  0.00  1   !  -9.99000e+02  -99.000  -99.000
OBS: 2005eq  53793.926   139.00   1.6235e+02   1.6235e+02   0  g  0.00  1   !  -9.99000e+02  -99.000  -99.000
OBS: 2005eq  53650.809    -4.12   2.3944e+04   1.5487e+02   1  r  12.57  1   r  3.48696e+18  -0.055  0.110
OBS: 2005eq  53655.770     0.84   2.7214e+04   1.7602e+02   1  r  13.15  1   r  3.89993e+18  -0.072  0.009
OBS: 2005eq  53658.711     3.78   2.6230e+04   1.6966e+02   1  r  1.25  1   r  3.75976e+18  -0.072  0.100
OBS: 2005eq  53659.691     4.76   2.5680e+04   1.8992e+02   1  r  0.40  1   r  3.67690e+18  -0.073  0.122
OBS: 2005eq  53662.770     7.84   2.3142e+04   1.7115e+02   1  r  0.06  1   r  3.26795e+18  -0.088  0.133
OBS: 2005eq  53663.730     8.80   2.2182e+04   1.8464e+02   1  r  0.05  1   r  3.11480e+18  -0.094  0.120
OBS: 2005eq  53665.711    10.78   2.0008e+04   1.4797e+02   1  r  0.23  1   r  2.76761e+18  -0.111  0.035
OBS: 2005eq  53666.762    11.83   1.9037e+04   1.5846e+02   1  r  0.00  1   r  2.61371e+18  -0.119  -0.022
OBS: 2005eq  53669.730    14.80   1.6040e+04   8.8885e+01   1  r  0.74  1   r  2.18600e+18  -0.127  -0.012
OBS: 2005eq  53671.770    16.84   1.4997e+04   1.1091e+02   1  r  0.35  1   r  2.03569e+18  -0.131  -0.081
OBS: 2005eq  53673.770    18.84   1.4296e+04   1.1899e+02   1  r  0.48  1   r  1.95013e+18  -0.126  -0.188
OBS: 2005eq  53675.738    20.81   1.3740e+04   1.2714e+02   1  r  1.30  1   r  1.88859e+18  -0.118  -0.288
OBS: 2005eq  53682.789    27.86   1.2123e+04   1.5733e+02   1  r  0.00  1   r  1.72297e+18  -0.081  -0.067
OBS: 2005eq  53683.738    28.81   1.1945e+04   9.9430e+01   1  r  0.58  1   r  1.70447e+18  -0.077  -0.008
OBS: 2005eq  53687.750    32.82   1.0934e+04   1.2152e+02   1  r  15.31  1   r  1.57677e+18  -0.066  0.285
OBS: 2005eq  53694.730    39.80   7.4336e+03   1.0341e+02   1  r  6.59  1   r  1.03901e+18  -0.099  0.122
OBS: 2005eq  53698.672    43.74   6.2287e+03   5.7634e+01   1  r  5.43  1   r  8.60955e+17  -0.111  -0.039
OBS: 2005eq  53699.699    44.77   5.8130e+03   7.0020e+01   1  r  1.89  1   r  8.03287e+17  -0.112  0.014
OBS: 2005eq  53707.750    52.82   4.5751e+03   7.6481e+01  -1  r  0.59  1   !  -9.99000e+02  -99.000  -99.000
OBS: 2005eq  53712.691    57.76   3.9884e+03   4.4326e+01  -1  r  0.95  1   !  -9.99000e+02  -99.000  -99.000
OBS: 2005eq  53721.629    66.70   3.1275e+03   6.6959e+01  -1  r  7.06  1   !  -9.99000e+02  -99.000  -99.000
OBS: 2005eq  53726.691    71.76   2.7214e+03   5.0596e+01  -1  r  19.56  1   !  -9.99000e+02  -99.000  -99.000
OBS: 2005eq  53730.699    75.77   2.3442e+03   4.7985e+01  -1  r  18.31  1   !  -9.99000e+02  -99.000  -99.000
OBS: 2005eq  53737.660    82.73   2.1009e+03   3.9058e+01  -1  r  35.53  1   !  -9.99000e+02  -99.000  -99.000
OBS: 2005eq  53741.621    86.69   1.8416e+03   3.2511e+01  -1  r  40.57  1   !  -9.99000e+02  -99.000  -99.000
OBS: 2005eq  53746.648    91.72   1.6084e+03   4.9637e+01  -1  r  51.70  1   !  -9.99000e+02  -99.000  -99.000
OBS: 2005eq  53751.660    96.73   1.3778e+03   7.2931e+01  -1  r  55.58  1   !  -9.99000e+02  -99.000  -99.000
OBS: 2005eq  53595.926   -59.00   0.0000e+00   0.0000e+00   0  r  0.00  1   !  -9.99000e+02  -99.000  -99.000
OBS: 2005eq  53597.926   -57.00   0.0000e+00   0.0000e+00   0  r  0.00  1   !  -9.99000e+02  -99.000  -99.000
OBS: 2005eq  53599.926   -55.00   0.0000e+00   0.0000e+00   0  r  0.00  1   !  -9.99000e+02  -99.000  -99.000
OBS: 2005eq  53601.926   -53.00   0.0000e+00   0.0000e+00   0  r  0.00  1   !  -9.99000e+02  -99.000  -99.000
OBS: 2005eq  53603.926   -51.00   0.0000e+00   0.0000e+00   0  r  0.00  1   !  -9.99000e+02  -99.000  -99.000
OBS: 2005eq  53605.926   -49.00   0.0000e+00   0.0000e+00   0  r  0.00  1   !  -9.99000e+02  -99.000  -99.000
OBS: 2005eq  53607.926   -47.00   0.0000e+00   0.0000e+00   0  r  0.00  1   !  -9.99000e+02  -99.000  -99.000
OBS: 2005eq  53609.926   -45.00   0.0000e+00   0.0000e+00   0  r  0.00  1   !  -9.99000e+02  -99.000  -99.000
OBS: 2005eq  53611.926   -43.00   0.0000e+00   0.0000e+00   0  r  0.00  1   !  -9.99000e+02  -99.000  -99.000
OBS: 2005eq  53613.926   -41.00   0.0000e+00   0.0000e+00   0  r  0.00  1   !  -9.99000e+02  -99.000  -99.000
OBS: 2005eq  53615.926   -39.00   0.0000e+00   0.0000e+00   0  r  0.00  1   !  -9.99000e+02  -99.000  -99.000
OBS: 2005eq  53617.926   -37.00   0.0000e+00   0.0000e+00   0  r  0.00  1   !  -9.99000e+02  -99.000  -99.000
OBS: 2005eq  53619.926   -35.00   0.0000e+00   0.0000e+00   0  r  0.00  1   !  -9.99000e+02  -99.000  -99.000
OBS: 2005eq  53621.926   -33.00   0.0000e+00   0.0000e+00   0  r  0.00  1   !  -9.99000e+02  -99.000  -99.000
OBS: 2005eq  53623.926   -31.00   0.0000e+00   0.0000e+00   0  r  0.00  1   !  -9.99000e+02  -99.000  -99.000
OBS: 2005eq  53625.926   -29.00   0.0000e+00   0.0000e+00   0  r  0.00  1   !  -9.99000e+02  -99.000  -99.000
OBS: 2005eq  53627.926   -27.00   0.0000e+00   0.0000e+00   0  r  0.00  1   !  -9.99000e+02  -99.000  -99.000
OBS: 2005eq  53629.926   -25.00   0.0000e+00   0.0000e+00   0  r  0.00  1   !  -9.99000e+02  -99.000  -99.000
OBS: 2005eq  53631.926   -23.00   0.0000e+00   0.0000e+00   0  r  0.00  1   !  -9.99000e+02  -99.000  -99.000
OBS: 2005eq  53633.926   -21.00   0.0000e+00   0.0000e+00   0  r  0.00  1   !  -9.99000e+02  -99.000  -99.000
OBS: 2005eq  53635.926   -19.00   0.0000e+00   0.0000e+00   0  r  0.00  1   !  -9.99000e+02  -99.000  -99.000
OBS: 2005eq  53637.926   -17.00   0.0000e+00   0.0000e+00   0  r  0.00  1   !  -9.99000e+02  -99.000  -99.000
OBS: 2005eq  53639.926   -15.00   0.0000e+00   0.0000e+00   0  r  0.00  1   !  -9.99000e+02  -99.000  -99.000
OBS: 2005eq  53641.926   -13.00   4.4090e+03   2.6538e+03   0  r  0.00  1   !  -9.99000e+02  -99.000  -99.000
OBS: 2005eq  53643.926   -11.00   1.0104e+04   6.0815e+03   0  r  0.00  1   !  -9.99000e+02  -99.000  -99.000
OBS: 2005eq  53645.926    -9.00   1.4931e+04   8.9870e+03   0  r  0.00  1   !  -9.99000e+02  -99.000  -99.000
OBS: 2005eq  53647.926    -7.00   1.8879e+04   2.9700e+02   0  r  0.00  1   !  -9.99000e+02  -99.000  -99.000
OBS: 2005eq  53649.926    -5.00   2.1767e+04   2.6806e+02   0  r  0.00  1   !  -9.99000e+02  -99.000  -99.000
OBS: 2005eq  53651.926    -3.00   2.3950e+04   2.7968e+02   0  r  0.00  1   !  -9.99000e+02  -99.000  -99.000
OBS: 2005eq  53653.926    -1.00   2.5345e+04   2.8335e+02   0  r  0.00  1   !  -9.99000e+02  -99.000  -99.000
OBS: 2005eq  53655.926     1.00   2.6024e+04   2.9095e+02   0  r  0.00  1   !  -9.99000e+02  -99.000  -99.000
OBS: 2005eq  53657.926     3.00   2.6048e+04   2.9121e+02   0  r  0.00  1   !  -9.99000e+02  -99.000  -99.000
OBS: 2005eq  53659.926     5.00   2.5355e+04   2.8346e+02   0  r  0.00  1   !  -9.99000e+02  -99.000  -99.000
OBS: 2005eq  53661.926     7.00   2.3974e+04   2.6803e+02   0  r  0.00  1   !  -9.99000e+02  -99.000  -99.000
OBS: 2005eq  53663.926     9.00   2.2051e+04   2.5856e+02   0  r  0.00  1   !  -9.99000e+02  -99.000  -99.000
OBS: 2005eq  53665.926    11.00   1.9918e+04   2.4529e+02   0  r  0.00  1   !  -9.99000e+02  -99.000  -99.000
OBS: 2005eq  53667.926    13.00   1.7812e+04   2.3786e+02   0  r  0.00  1   !  -9.99000e+02  -99.000  -99.000
OBS: 2005eq  53669.926    15.00   1.6117e+04   2.3022e+02   0  r  0.00  1   !  -9.99000e+02  -99.000  -99.000
OBS: 2005eq  53671.926    17.00   1.5084e+04   2.2614e+02   0  r  0.00  1   !  -9.99000e+02  -99.000  -99.000
OBS: 2005eq  53673.926    19.00   1.4433e+04   2.2199e+02   0  r  0.00  1   !  -9.99000e+02  -99.000  -99.000
OBS: 2005eq  53675.926    21.00   1.3997e+04   2.2005e+02   0  r  0.00  1   !  -9.99000e+02  -99.000  -99.000
OBS: 2005eq  53677.926    23.00   1.3614e+04   2.2780e+02   0  r  0.00  1   !  -9.99000e+02  -99.000  -99.000
OBS: 2005eq  53679.926    25.00   1.3096e+04   2.4908e+02   0  r  0.00  1   !  -9.99000e+02  -99.000  -99.000
OBS: 2005eq  53681.926    27.00   1.2435e+04   2.5347e+02   0  r  0.00  1   !  -9.99000e+02  -99.000  -99.000
OBS: 2005eq  53683.926    29.00   1.1675e+04   2.2862e+02   0  r  0.00  1   !  -9.99000e+02  -99.000  -99.000
OBS: 2005eq  53685.926    31.00   1.0809e+04   2.1494e+02   0  r  0.00  1   !  -9.99000e+02  -99.000  -99.000
OBS: 2005eq  53687.926    33.00   9.8178e+03   2.3403e+02   0  r  0.00  1   !  -9.99000e+02  -99.000  -99.000
OBS: 2005eq  53689.926    35.00   8.7916e+03   2.3759e+02   0  r  0.00  1   !  -9.99000e+02  -99.000  -99.000
OBS: 2005eq  53691.926    37.00   7.8587e+03   2.1893e+02   0  r  0.00  1   !  -9.99000e+02  -99.000  -99.000
OBS: 2005eq  53693.926    39.00   7.1089e+03   2.0347e+02   0  r  0.00  1   !  -9.99000e+02  -99.000  -99.000
OBS: 2005eq  53695.926    41.00   6.4740e+03   2.0619e+02   0  r  0.00  1   !  -9.99000e+02  -99.000  -99.000
OBS: 2005eq  53697.926    43.00   5.9217e+03   2.0432e+02   0  r  0.00  1   !  -9.99000e+02  -99.000  -99.000
OBS: 2005eq  53699.926    45.00   5.4861e+03   1.9373e+02   0  r  0.00  1   !  -9.99000e+02  -99.000  -99.000
OBS: 2005eq  53701.926    47.00   5.1505e+03   2.0534e+02   0  r  0.00  1   !  -9.99000e+02  -99.000  -99.000
OBS: 2005eq  53703.926    49.00   4.8753e+03   2.0266e+02   0  r  0.00  1   !  -9.99000e+02  -99.000  -99.000
OBS: 2005eq  53705.926    51.00   4.6260e+03   1.9903e+02   0  r  0.00  1   !  -9.99000e+02  -99.000  -99.000
OBS: 2005eq  53707.926    53.00   4.3765e+03   2.1978e+02   0  r  0.00  1   !  -9.99000e+02  -99.000  -99.000
OBS: 2005eq  53709.926    55.00   4.1232e+03   2.3845e+02   0  r  0.00  1   !  -9.99000e+02  -99.000  -99.000
OBS: 2005eq  53711.926    57.00   3.8757e+03   2.1722e+02   0  r  0.00  1   !  -9.99000e+02  -99.000  -99.000
OBS: 2005eq  53713.926    59.00   3.6331e+03   2.0632e+02   0  r  0.00  1   !  -9.99000e+02  -99.000  -99.000
OBS: 2005eq  53715.926    61.00   3.3916e+03   2.3110e+02   0  r  0.00  1   !  -9.99000e+02  -99.000  -99.000
OBS: 2005eq  53717.926    63.00   3.0752e+03   2.4005e+02   0  r  0.00  1   !  -9.99000e+02  -99.000  -99.000
OBS: 2005eq  53719.926    65.00   2.7827e+03   2.1993e+02   0  r  0.00  1   !  -9.99000e+02  -99.000  -99.000
OBS: 2005eq  53721.926    67.00   2.5319e+03   1.9668e+02   0  r  0.00  1   !  -9.99000e+02  -99.000  -99.000
OBS: 2005eq  53723.926    69.00   2.2798e+03   1.8839e+02   0  r  0.00  1   !  -9.99000e+02  -99.000  -99.000
OBS: 2005eq  53725.926    71.00   2.0137e+03   1.6622e+02   0  r  0.00  1   !  -9.99000e+02  -99.000  -99.000
OBS: 2005eq  53727.926    73.00   1.7432e+03   1.9160e+02   0  r  0.00  1   !  -9.99000e+02  -99.000  -99.000
OBS: 2005eq  53729.926    75.00   1.5086e+03   2.0597e+02   0  r  0.00  1   !  -9.99000e+02  -99.000  -99.000
OBS: 2005eq  53731.926    77.00   1.3070e+03   2.1222e+02   0  r  0.00  1   !  -9.99000e+02  -99.000  -99.000
OBS: 2005eq  53733.926    79.00   1.1347e+03   2.1271e+02   0  r  0.00  1   !  -9.99000e+02  -99.000  -99.000
OBS: 2005eq  53735.926    81.00   9.8532e+02   2.0868e+02   0  r  0.00  1   !  -9.99000e+02  -99.000  -99.000
OBS: 2005eq  53737.926    83.00   8.5553e+02   2.0139e+02   0  r  0.00  1   !  -9.99000e+02  -99.000  -99.000
OBS: 2005eq  53739.926    85.00   7.4298e+02   1.9191e+02   0  r  0.00  1   !  -9.99000e+02  -99.000  -99.000
OBS: 2005eq  53741.926    87.00   6.4531e+02   1.8102e+02   0  r  0.00  1   !  -9.99000e+02  -99.000  -99.000
OBS: 2005eq  53743.926    89.00   5.5923e+02   1.6893e+02   0  r  0.00  1   !  -9.99000e+02  -99.000  -99.000
OBS: 2005eq  53745.926    91.00   4.8425e+02   1.5641e+02   0  r  0.00  1   !  -9.99000e+02  -99.000  -99.000
OBS: 2005eq  53747.926    93.00   4.1938e+02   1.4397e+02   0  r  0.00  1   !  -9.99000e+02  -99.000  -99.000
OBS: 2005eq  53749.926    95.00   3.6316e+02   1.3181e+02   0  r  0.00  1   !  -9.99000e+02  -99.000  -99.000
OBS: 2005eq  53751.926    97.00   3.1441e+02   1.2012e+02   0  r  0.00  1   !  -9.99000e+02  -99.000  -99.000
OBS: 2005eq  53753.926    99.00   2.7210e+02   1.0899e+02   0  r  0.00  1   !  -9.99000e+02  -99.000  -99.000
OBS: 2005eq  53755.926   101.00   2.3576e+02   9.8676e+01   0  r  0.00  1   !  -9.99000e+02  -99.000  -99.000
OBS: 2005eq  53757.926   103.00   2.0421e+02   8.9029e+01   0  r  0.00  1   !  -9.99000e+02  -99.000  -99.000
OBS: 2005eq  53759.926   105.00   1.7680e+02   8.0068e+01   0  r  0.00  1   !  -9.99000e+02  -99.000  -99.000
OBS: 2005eq  53761.926   107.00   1.5307e+02   7.1832e+01   0  r  0.00  1   !  -9.99000e+02  -99.000  -99.000
OBS: 2005eq  53763.926   109.00   1.3262e+02   6.4345e+01   0  r  0.00  1   !  -9.99000e+02  -99.000  -99.000
OBS: 2005eq  53765.926   111.00   1.1483e+02   5.7483e+01   0  r  0.00  1   !  -9.99000e+02  -99.000  -99.000
OBS: 2005eq  53767.926   113.00   9.9418e+01   5.1257e+01   0  r  0.00  1   !  -9.99000e+02  -99.000  -99.000
OBS: 2005eq  53769.926   115.00   8.3741e+01   4.4391e+01   0  r  0.00  1   !  -9.99000e+02  -99.000  -99.000
OBS: 2005eq  53771.926   117.00   7.7298e+01   4.2064e+01   0  r  0.00  1   !  -9.99000e+02  -99.000  -99.000
OBS: 2005eq  53773.926   119.00   6.6625e+01   3.7166e+01   0  r  0.00  1   !  -9.99000e+02  -99.000  -99.000
OBS: 2005eq  53775.926   121.00   5.7426e+01   3.2795e+01   0  r  0.00  1   !  -9.99000e+02  -99.000  -99.000
OBS: 2005eq  53777.926   123.00   4.9496e+01   2.8903e+01   0  r  0.00  1   !  -9.99000e+02  -99.000  -99.000
OBS: 2005eq  53779.926   125.00   4.2662e+01   2.5444e+01   0  r  0.00  1   !  -9.99000e+02  -99.000  -99.000
OBS: 2005eq  53781.926   127.00   3.6771e+01   2.2376e+01   0  r  0.00  1   !  -9.99000e+02  -99.000  -99.000
OBS: 2005eq  53783.926   129.00   3.1694e+01   1.9658e+01   0  r  0.00  1   !  -9.99000e+02  -99.000  -99.000
OBS: 2005eq  53785.926   131.00   2.7318e+01   1.7255e+01   0  r  0.00  1   !  -9.99000e+02  -99.000  -99.000
OBS: 2005eq  53787.926   133.00   2.3546e+01   1.5132e+01   0  r  0.00  1   !  -9.99000e+02  -99.000  -99.000
OBS: 2005eq  53789.926   135.00   2.0295e+01   1.3260e+01   0  r  0.00  1   !  -9.99000e+02  -99.000  -99.000
OBS: 2005eq  53791.926   137.00   1.7493e+01   1.1611e+01   0  r  0.00  1   !  -9.99000e+02  -99.000  -99.000
OBS: 2005eq  53793.926   139.00   1.5077e+01   1.0160e+01   0  r  0.00  1   !  -9.99000e+02  -99.000  -99.000
OBS: 2005eq  53650.809    -4.12   1.6672e+04   1.3878e+02   1  i  1.75  1   i  2.32535e+18  -0.102  -0.220
OBS: 2005eq  53655.770     0.84   1.5431e+04   1.2845e+02   1  i  0.58  1   i  2.12557e+18  -0.115  -0.092
OBS: 2005eq  53658.711     3.78   1.4230e+04   1.1845e+02   1  i  0.01  1   i  1.91931e+18  -0.138  -0.213
OBS: 2005eq  53659.691     4.76   1.3753e+04   1.5285e+02   1  i  0.06  1   i  1.84779e+18  -0.142  -0.166
OBS: 2005eq  53662.770     7.84   1.2508e+04   1.2737e+02   1  i  0.97  1   i  1.67751e+18  -0.144  -0.022
OBS: 2005eq  53663.730     8.80   1.1460e+04   1.3804e+02   1  i  0.41  1   i  1.53199e+18  -0.148  -0.043
OBS: 2005eq  53665.711    10.78   1.0356e+04   1.2475e+02   1  i  0.16  1   i  1.39374e+18  -0.140  -0.025
OBS: 2005eq  53666.762    11.83   9.4537e+03   1.1387e+02   1  i  0.06  1   i  1.28479e+18  -0.130  -0.001
OBS: 2005eq  53669.730    14.80   8.0020e+03   7.4042e+01   1  i  1.34  1   i  1.09997e+18  -0.117  -0.264
OBS: 2005eq  53671.770    16.84   7.7126e+03   7.8536e+01   1  i  1.70  1   i  1.06696e+18  -0.111  -0.310
OBS: 2005eq  53673.770    18.84   7.5648e+03   9.1122e+01   1  i  5.31  1   i  1.04902e+18  -0.108  -0.390
OBS: 2005eq  53675.738    20.81   8.0020e+03   1.1879e+02   1  i  2.55  1   i  1.10967e+18  -0.108  -0.484
OBS: 2005eq  53682.789    27.86   8.8471e+03   2.4786e+02   1  i  3.78  1   i  1.23933e+18  -0.097  -0.409
OBS: 2005eq  53683.738    28.81   8.8634e+03   1.1503e+02   1  i  6.11  1   i  1.24363e+18  -0.095  -0.386
OBS: 2005eq  53687.750    32.82   9.1876e+03   1.3640e+02   1  i  0.68  1   i  1.29824e+18  -0.088  -0.368
OBS: 2005eq  53694.730    39.80   6.7671e+03   1.0046e+02   1  i  7.38  1   i  9.84619e+17  -0.056  0.086
OBS: 2005eq  53698.672    43.74   5.4853e+03   7.1188e+01   1  i  3.45  1   i  8.01459e+17  -0.051  0.367
OBS: 2005eq  53699.699    44.77   5.0211e+03   7.4542e+01   1  i  1.33  1   i  7.33986e+17  -0.051  0.350
OBS: 2005eq  53707.750    52.82   3.7532e+03   1.0871e+02  -1  i  1.68  1   !  -9.99000e+02  -99.000  -99.000
OBS: 2005eq  53712.691    57.76   2.9322e+03   5.7267e+01  -1  i  0.01  1   !  -9.99000e+02  -99.000  -99.000
OBS: 2005eq  53721.629    66.70   2.2039e+03   6.8015e+01  -1  i  3.07  1   !  -9.99000e+02  -99.000  -99.000
OBS: 2005eq  53726.691    71.76   1.8724e+03   5.9562e+01  -1  i  0.43  1   !  -9.99000e+02  -99.000  -99.000
OBS: 2005eq  53730.699    75.77   1.5332e+03   6.0472e+01  -1  i  0.37  1   !  -9.99000e+02  -99.000  -99.000
OBS: 2005eq  53737.660    82.73   1.4191e+03   5.7329e+01  -1  i  1.53  1   !  -9.99000e+02  -99.000  -99.000
OBS: 2005eq  53741.621    86.69   1.2671e+03   4.8762e+01  -1  i  2.10  1   !  -9.99000e+02  -99.000  -99.000
OBS: 2005eq  53746.648    91.72   9.9357e+02   5.5486e+01  -1  i  2.00  1   !  -9.99000e+02  -99.000  -99.000
OBS: 2005eq  53751.660    96.73   9.5323e+02   6.6295e+01  -1  i  4.13  1   !  -9.99000e+02  -99.000  -99.000
OBS: 2005eq  53595.926   -59.00   0.0000e+00   0.0000e+00   0  i  0.00  1   !  -9.99000e+02  -99.000  -99.000
OBS: 2005eq  53597.926   -57.00   0.0000e+00   0.0000e+00   0  i  0.00  1   !  -9.99000e+02  -99.000  -99.000
OBS: 2005eq  53599.926   -55.00   0.0000e+00   0.0000e+00   0  i  0.00  1   !  -9.99000e+02  -99.000  -99.000
OBS: 2005eq  53601.926   -53.00   0.0000e+00   0.0000e+00   0  i  0.00  1   !  -9.99000e+02  -99.000  -99.000
OBS: 2005eq  53603.926   -51.00   0.0000e+00   0.0000e+00   0  i  0.00  1   !  -9.99000e+02  -99.000  -99.000
OBS: 2005eq  53605.926   -49.00   0.0000e+00   0.0000e+00   0  i  0.00  1   !  -9.99000e+02  -99.000  -99.000
OBS: 2005eq  53607.926   -47.00   0.0000e+00   0.0000e+00   0  i  0.00  1   !  -9.99000e+02  -99.000  -99.000
OBS: 2005eq  53609.926   -45.00   0.0000e+00   0.0000e+00   0  i  0.00  1   !  -9.99000e+02  -99.000  -99.000
OBS: 2005eq  53611.926   -43.00   0.0000e+00   0.0000e+00   0  i  0.00  1   !  -9.99000e+02  -99.000  -99.000
OBS: 2005eq  53613.926   -41.00   0.0000e+00   0.0000e+00   0  i  0.00  1   !  -9.99000e+02  -99.000  -99.000
OBS: 2005eq  53615.926   -39.00   0.0000e+00   0.0000e+00   0  i  0.00  1   !  -9.99000e+02  -99.000  -99.000
OBS: 2005eq  53617.926   -37.00   0.0000e+00   0.0000e+00   0  i  0.00  1   !  -9.99000e+02  -99.000  -99.000
OBS: 2005eq  53619.926   -35.00   0.0000e+00   0.0000e+00   0  i  0.00  1   !  -9.99000e+02  -99.000  -99.000
OBS: 2005eq  53621.926   -33.00   0.0000e+00   0.0000e+00   0  i  0.00  1   !  -9.99000e+02  -99.000  -99.000
OBS: 2005eq  53623.926   -31.00   0.0000e+00   0.0000e+00   0  i  0.00  1   !  -9.99000e+02  -99.000  -99.000
OBS: 2005eq  53625.926   -29.00   0.0000e+00   0.0000e+00   0  i  0.00  1   !  -9.99000e+02  -99.000  -99.000
OBS: 2005eq  53627.926   -27.00   0.0000e+00   0.0000e+00   0  i  0.00  1   !  -9.99000e+02  -99.000  -99.000
OBS: 2005eq  53629.926   -25.00   0.0000e+00   0.0000e+00   0  i  0.00  1   !  -9.99000e+02  -99.000  -99.000
OBS: 2005eq  53631.926   -23.00   0.0000e+00   0.0000e+00   0  i  0.00  1   !  -9.99000e+02  -99.000  -99.000
OBS: 2005eq  53633.926   -21.00   0.0000e+00   0.0000e+00   0  i  0.00  1   !  -9.99000e+02  -99.000  -99.000
OBS: 2005eq  53635.926   -19.00   1.2678e+03   7.6308e+02   0  i  0.00  1   !  -9.99000e+02  -99.000  -99.000
OBS: 2005eq  53637.926   -17.00   1.2646e+03   7.6118e+02   0  i  0.00  1   !  -9.99000e+02  -99.000  -99.000
OBS: 2005eq  53639.926   -15.00   1.6723e+03   1.0066e+03   0  i  0.00  1   !  -9.99000e+02  -99.000  -99.000
OBS: 2005eq  53641.926   -13.00   4.7391e+03   7.1799e+02   0  i  0.00  1   !  -9.99000e+02  -99.000  -99.000
OBS: 2005eq  53643.926   -11.00   8.3250e+03   4.5536e+02   0  i  0.00  1   !  -9.99000e+02  -99.000  -99.000
OBS: 2005eq  53645.926    -9.00   1.1632e+04   3.0662e+02   0  i  0.00  1   !  -9.99000e+02  -99.000  -99.000
OBS: 2005eq  53647.926    -7.00   1.4330e+04   2.5357e+02   0  i  0.00  1   !  -9.99000e+02  -99.000  -99.000
OBS: 2005eq  53649.926    -5.00   1.5973e+04   2.5112e+02   0  i  0.00  1   !  -9.99000e+02  -99.000  -99.000
OBS: 2005eq  53651.926    -3.00   1.6317e+04   2.5653e+02   0  i  0.00  1   !  -9.99000e+02  -99.000  -99.000
OBS: 2005eq  53653.926    -1.00   1.5861e+04   2.6118e+02   0  i  0.00  1   !  -9.99000e+02  -99.000  -99.000
OBS: 2005eq  53655.926     1.00   1.5156e+04   2.6078e+02   0  i  0.00  1   !  -9.99000e+02  -99.000  -99.000
OBS: 2005eq  53657.926     3.00   1.4486e+04   2.6078e+02   0  i  0.00  1   !  -9.99000e+02  -99.000  -99.000
OBS: 2005eq  53659.926     5.00   1.3731e+04   2.6733e+02   0  i  0.00  1   !  -9.99000e+02  -99.000  -99.000
OBS: 2005eq  53661.926     7.00   1.2719e+04   2.6755e+02   0  i  0.00  1   !  -9.99000e+02  -99.000  -99.000
OBS: 2005eq  53663.926     9.00   1.1525e+04   2.5130e+02   0  i  0.00  1   !  -9.99000e+02  -99.000  -99.000
OBS: 2005eq  53665.926    11.00   1.0084e+04   2.5020e+02   0  i  0.00  1   !  -9.99000e+02  -99.000  -99.000
OBS: 2005eq  53667.926    13.00   8.8954e+03   2.4230e+02   0  i  0.00  1   !  -9.99000e+02  -99.000  -99.000
OBS: 2005eq  53669.926    15.00   8.2516e+03   2.4091e+02   0  i  0.00  1   !  -9.99000e+02  -99.000  -99.000
OBS: 2005eq  53671.926    17.00   8.0427e+03   2.4098e+02   0  i  0.00  1   !  -9.99000e+02  -99.000  -99.000
OBS: 2005eq  53673.926    19.00   8.1606e+03   2.3426e+02   0  i  0.00  1   !  -9.99000e+02  -99.000  -99.000
OBS: 2005eq  53675.926    21.00   8.4518e+03   2.3253e+02   0  i  0.00  1   !  -9.99000e+02  -99.000  -99.000
OBS: 2005eq  53677.926    23.00   8.8129e+03   2.3806e+02   0  i  0.00  1   !  -9.99000e+02  -99.000  -99.000
OBS: 2005eq  53679.926    25.00   9.1741e+03   2.5787e+02   0  i  0.00  1   !  -9.99000e+02  -99.000  -99.000
OBS: 2005eq  53681.926    27.00   9.4882e+03   2.8043e+02   0  i  0.00  1   !  -9.99000e+02  -99.000  -99.000
OBS: 2005eq  53683.926    29.00   9.6160e+03   2.8271e+02   0  i  0.00  1   !  -9.99000e+02  -99.000  -99.000
OBS: 2005eq  53685.926    31.00   9.4423e+03   2.7206e+02   0  i  0.00  1   !  -9.99000e+02  -99.000  -99.000
OBS: 2005eq  53687.926    33.00   8.8700e+03   2.7833e+02   0  i  0.00  1   !  -9.99000e+02  -99.000  -99.000
OBS: 2005eq  53689.926    35.00   8.0269e+03   2.7851e+02   0  i  0.00  1   !  -9.99000e+02  -99.000  -99.000
OBS: 2005eq  53691.926    37.00   7.1157e+03   2.5877e+02   0  i  0.00  1   !  -9.99000e+02  -99.000  -99.000
OBS: 2005eq  53693.926    39.00   6.3166e+03   2.4517e+02   0  i  0.00  1   !  -9.99000e+02  -99.000  -99.000
OBS: 2005eq  53695.926    41.00   5.6621e+03   2.6497e+02   0  i  0.00  1   !  -9.99000e+02  -99.000  -99.000
OBS: 2005eq  53697.926    43.00   5.1204e+03   2.9191e+02   0  i  0.00  1   !  -9.99000e+02  -99.000  -99.000
OBS: 2005eq  53699.926    45.00   4.6415e+03   2.7280e+02   0  i  0.00  1   !  -9.99000e+02  -99.000  -99.000
OBS: 2005eq  53701.926    47.00   4.2273e+03   2.4483e+02   0  i  0.00  1   !  -9.99000e+02  -99.000  -99.000
OBS: 2005eq  53703.926    49.00   3.8837e+03   2.3443e+02   0  i  0.00  1   !  -9.99000e+02  -99.000  -99.000
OBS: 2005eq  53705.926    51.00   3.6064e+03   2.3739e+02   0  i  0.00  1   !  -9.99000e+02  -99.000  -99.000
OBS: 2005eq  53707.926    53.00   3.3862e+03   2.4818e+02   0  i  0.00  1   !  -9.99000e+02  -99.000  -99.000
OBS: 2005eq  53709.926    55.00   3.1912e+03   2.6140e+02   0  i  0.00  1   !  -9.99000e+02  -99.000  -99.000
OBS: 2005eq  53711.926    57.00   2.9900e+03   2.5683e+02   0  i  0.00  1   !  -9.99000e+02  -99.000  -99.000
OBS: 2005eq  53713.926    59.00   2.7622e+03   2.5044e+02   0  i  0.00  1   !  -9.99000e+02  -99.000  -99.000
OBS: 2005eq  53715.926    61.00   2.5287e+03   2.9094e+02   0  i  0.00  1   !  -9.99000e+02  -99.000  -99.000
OBS: 2005eq  53717.926    63.00   2.2236e+03   3.1407e+02   0  i  0.00  1   !  -9.99000e+02  -99.000  -99.000
OBS: 2005eq  53719.926    65.00   1.9358e+03   2.7081e+02   0  i  0.00  1   !  -9.99000e+02  -99.000  -99.000
OBS: 2005eq  53721.926    67.00   1.7101e+03   2.6641e+02   0  i  0.00  1   !  -9.99000e+02  -99.000  -99.000
OBS: 2005eq  53723.926    69.00   1.5292e+03   9.2042e+02   0  i  0.00  1   !  -9.99000e+02  -99.000  -99.000
OBS: 2005eq  53725.926    71.00   1.3864e+03   8.3449e+02   0  i  0.00  1   !  -9.99000e+02  -99.000  -99.000
OBS: 2005eq  53727.926    73.00   1.2675e+03   7.6289e+02   0  i  0.00  1   !  -9.99000e+02  -99.000  -99.000
OBS: 2005eq  53729.926    75.00   1.1590e+03   6.9764e+02   0  i  0.00  1   !  -9.99000e+02  -99.000  -99.000
OBS: 2005eq  53731.926    77.00   1.0586e+03   6.3719e+02   0  i  0.00  1   !  -9.99000e+02  -99.000  -99.000
OBS: 2005eq  53733.926    79.00   9.6470e+02   5.8066e+02   0  i  0.00  1   !  -9.99000e+02  -99.000  -99.000
OBS: 2005eq  53735.926    81.00   8.7912e+02   5.2915e+02   0  i  0.00  1   !  -9.99000e+02  -99.000  -99.000
OBS: 2005eq  53737.926    83.00   8.0114e+02   4.8221e+02   0  i  0.00  1   !  -9.99000e+02  -99.000  -99.000
OBS: 2005eq  53739.926    85.00   7.3001e+02   4.3940e+02   0  i  0.00  1   !  -9.99000e+02  -99.000  -99.000
OBS: 2005eq  53741.926    87.00   6.6521e+02   4.0040e+02   0  i  0.00  1   !  -9.99000e+02  -99.000  -99.000
OBS: 2005eq  53743.926    89.00   6.0571e+02   3.6458e+02   0  i  0.00  1   !  -9.99000e+02  -99.000  -99.000
OBS: 2005eq  53745.926    91.00   5.5141e+02   3.3190e+02   0  i  0.00  1   !  -9.99000e+02  -99.000  -99.000
OBS: 2005eq  53747.926    93.00   5.0192e+02   3.0211e+02   0  i  0.00  1   !  -9.99000e+02  -99.000  -99.000
OBS: 2005eq  53749.926    95.00   4.5683e+02   2.7497e+02   0  i  0.00  1   !  -9.99000e+02  -99.000  -99.000
OBS: 2005eq  53751.926    97.00   4.1576e+02   2.5025e+02   0  i  0.00  1   !  -9.99000e+02  -99.000  -99.000
OBS: 2005eq  53753.926    99.00   3.7833e+02   2.2772e+02   0  i  0.00  1   !  -9.99000e+02  -99.000  -99.000
OBS: 2005eq  53755.926   101.00   3.4426e+02   2.0722e+02   0  i  0.00  1   !  -9.99000e+02  -99.000  -99.000
OBS: 2005eq  53757.926   103.00   3.1325e+02   1.8855e+02   0  i  0.00  1   !  -9.99000e+02  -99.000  -99.000
OBS: 2005eq  53759.926   105.00   2.8670e+02   1.7257e+02   0  i  0.00  1   !  -9.99000e+02  -99.000  -99.000
OBS: 2005eq  53761.926   107.00   2.6355e+02   1.5863e+02   0  i  0.00  1   !  -9.99000e+02  -99.000  -99.000
OBS: 2005eq  53763.926   109.00   2.4216e+02   1.4576e+02   0  i  0.00  1   !  -9.99000e+02  -99.000  -99.000
OBS: 2005eq  53765.926   111.00   2.2174e+02   1.3347e+02   0  i  0.00  1   !  -9.99000e+02  -99.000  -99.000
OBS: 2005eq  53767.926   113.00   2.0305e+02   1.2222e+02   0  i  0.00  1   !  -9.99000e+02  -99.000  -99.000
OBS: 2005eq  53769.926   115.00   1.8593e+02   1.1191e+02   0  i  0.00  1   !  -9.99000e+02  -99.000  -99.000
OBS: 2005eq  53771.926   117.00   1.7025e+02   1.0248e+02   0  i  0.00  1   !  -9.99000e+02  -99.000  -99.000
OBS: 2005eq  53773.926   119.00   1.5590e+02   9.3838e+01   0  i  0.00  1   !  -9.99000e+02  -99.000  -99.000
OBS: 2005eq  53775.926   121.00   1.4276e+02   8.5927e+01   0  i  0.00  1   !  -9.99000e+02  -99.000  -99.000
OBS: 2005eq  53777.926   123.00   1.3072e+02   7.8683e+01   0  i  0.00  1   !  -9.99000e+02  -99.000  -99.000
OBS: 2005eq  53779.926   125.00   1.1970e+02   7.2050e+01   0  i  0.00  1   !  -9.99000e+02  -99.000  -99.000
OBS: 2005eq  53781.926   127.00   1.0961e+02   6.5976e+01   0  i  0.00  1   !  -9.99000e+02  -99.000  -99.000
OBS: 2005eq  53783.926   129.00   1.0037e+02   6.0414e+01   0  i  0.00  1   !  -9.99000e+02  -99.000  -99.000
OBS: 2005eq  53785.926   131.00   9.1908e+01   5.5320e+01   0  i  0.00  1   !  -9.99000e+02  -99.000  -99.000
OBS: 2005eq  53787.926   133.00   8.4160e+01   5.0657e+01   0  i  0.00  1   !  -9.99000e+02  -99.000  -99.000
OBS: 2005eq  53789.926   135.00   7.7065e+01   4.6386e+01   0  i  0.00  1   !  -9.99000e+02  -99.000  -99.000
OBS: 2005eq  53791.926   137.00   7.0568e+01   4.2476e+01   0  i  0.00  1   !  -9.99000e+02  -99.000  -99.000
OBS: 2005eq  53793.926   139.00   6.4619e+01   3.8895e+01   0  i  0.00  1   !  -9.99000e+02  -99.000  -99.000
OBS: 2005eq  53650.809    -4.12   2.2636e+04   1.6740e+02   1  B  6.10  1   B  3.40721e+18  -0.019  0.541
OBS: 2005eq  53655.770     0.84   2.3421e+04   1.5149e+02   1  B  7.35  1   B  3.51774e+18  -0.021  0.310
OBS: 2005eq  53658.711     3.78   2.1757e+04   2.0132e+02   1  B  8.58  1   B  3.27867e+18  -0.018  0.139
OBS: 2005eq  53659.691     4.76   2.1184e+04   1.7633e+02   1  B  5.62  1   B  3.19601e+18  -0.016  0.108
OBS: 2005eq  53662.770     7.84   1.9072e+04   1.5875e+02   1  B  0.42  1   B  2.89063e+18  -0.011  0.073
OBS: 2005eq  53663.730     8.80   1.7848e+04   1.6515e+02   1  B  0.00  1   B  2.71366e+18  -0.008  0.053
OBS: 2005eq  53665.711    10.78   1.5878e+04   1.1743e+02   1  B  1.30  1   B  2.42639e+18  -0.003  0.012
OBS: 2005eq  53666.762    11.83   1.4710e+04   1.0878e+02   1  B  1.88  1   B  2.25243e+18  -0.000  -0.015
OBS: 2005eq  53669.730    14.80   1.1293e+04   7.3042e+01   1  B  3.47  1   B  1.76357e+18  0.021  -0.151
OBS: 2005eq  53671.770    16.84   9.4102e+03   6.9593e+01   1  B  8.85  1   B  1.49430e+18  0.039  -0.082
OBS: 2005eq  53673.770    18.84   7.6208e+03   6.3434e+01   1  B  2.18  1   B  1.22813e+18  0.055  0.006
OBS: 2005eq  53675.738    20.81   6.3038e+03   7.0058e+01   1  B  0.66  1   B  1.02578e+18  0.066  0.010
OBS: 2005eq  53682.789    27.86   3.4834e+03   1.2075e+02   1  B  0.98  1   B  5.79412e+17  0.090  -0.248
OBS: 2005eq  53683.738    28.81   3.2509e+03   4.2190e+01   1  B  2.39  1   B  5.42012e+17  0.092  -0.189
OBS: 2005eq  53687.750    32.82   2.6571e+03   6.4396e+01   1  B  5.85  1   B  4.46915e+17  0.102  0.129
OBS: 2005eq  53694.730    39.80   1.8365e+03   4.4510e+01   1  B  0.56  1   B  3.04508e+17  0.086  0.466
OBS: 2005eq  53698.672    43.74   1.5762e+03   3.0782e+01   1  B  0.56  1   B  2.62275e+17  0.090  0.773
OBS: 2005eq  53699.699    44.77   1.5332e+03   2.7067e+01   1  B  0.68  1   B  2.54987e+17  0.089  0.731
OBS: 2005eq  53707.750    52.82   1.3195e+03   3.5718e+01  -1  B  0.01  1   !  -9.99000e+02  -99.000  -99.000
OBS: 2005eq  53712.691    57.76   1.2612e+03   2.5817e+01  -1  B  0.08  1   !  -9.99000e+02  -99.000  -99.000
OBS: 2005eq  53721.629    66.70   1.2359e+03   7.7462e+01  -1  B  1.37  1   !  -9.99000e+02  -99.000  -99.000
OBS: 2005eq  53726.691    71.76   1.1262e+03   5.4161e+01  -1  B  0.45  1   !  -9.99000e+02  -99.000  -99.000
OBS: 2005eq  53730.699    75.77   9.9083e+02   2.2146e+01  -1  B  0.18  1   !  -9.99000e+02  -99.000  -99.000
OBS: 2005eq  53737.660    82.73   9.0199e+02   2.6980e+01  -1  B  0.44  1   !  -9.99000e+02  -99.000  -99.000
OBS: 2005eq  53741.621    86.69   8.9125e+02   4.2003e+01  -1  B  0.86  1   !  -9.99000e+02  -99.000  -99.000
OBS: 2005eq  53746.648    91.72   8.7016e+02   5.9661e+01  -1  B  1.72  1   !  -9.99000e+02  -99.000  -99.000
OBS: 2005eq  53751.660    96.73   8.9207e+02   7.9780e+01  -1  B  3.61  1   !  -9.99000e+02  -99.000  -99.000
OBS: 2005eq  53595.926   -59.00   0.0000e+00   0.0000e+00   0  B  0.00  1   !  -9.99000e+02  -99.000  -99.000
OBS: 2005eq  53597.926   -57.00   0.0000e+00   0.0000e+00   0  B  0.00  1   !  -9.99000e+02  -99.000  -99.000
OBS: 2005eq  53599.926   -55.00   0.0000e+00   0.0000e+00   0  B  0.00  1   !  -9.99000e+02  -99.000  -99.000
OBS: 2005eq  53601.926   -53.00   0.0000e+00   0.0000e+00   0  B  0.00  1   !  -9.99000e+02  -99.000  -99.000
OBS: 2005eq  53603.926   -51.00   0.0000e+00   0.0000e+00   0  B  0.00  1   !  -9.99000e+02  -99.000  -99.000
OBS: 2005eq  53605.926   -49.00   0.0000e+00   0.0000e+00   0  B  0.00  1   !  -9.99000e+02  -99.000  -99.000
OBS: 2005eq  53607.926   -47.00   0.0000e+00   0.0000e+00   0  B  0.00  1   !  -9.99000e+02  -99.000  -99.000
OBS: 2005eq  53609.926   -45.00   0.0000e+00   0.0000e+00   0  B  0.00  1   !  -9.99000e+02  -99.000  -99.000
OBS: 2005eq  53611.926   -43.00   0.0000e+00   0.0000e+00   0  B  0.00  1   !  -9.99000e+02  -99.000  -99.000
OBS: 2005eq  53613.926   -41.00   0.0000e+00   0.0000e+00   0  B  0.00  1   !  -9.99000e+02  -99.000  -99.000
OBS: 2005eq  53615.926   -39.00   0.0000e+00   0.0000e+00   0  B  0.00  1   !  -9.99000e+02  -99.000  -99.000
OBS: 2005eq  53617.926   -37.00   0.0000e+00   0.0000e+00   0  B  0.00  1   !  -9.99000e+02  -99.000  -99.000
OBS: 2005eq  53619.926   -35.00   0.0000e+00   0.0000e+00   0  B  0.00  1   !  -9.99000e+02  -99.000  -99.000
OBS: 2005eq  53621.926   -33.00   0.0000e+00   0.0000e+00   0  B  0.00  1   !  -9.99000e+02  -99.000  -99.000
OBS: 2005eq  53623.926   -31.00   0.0000e+00   0.0000e+00   0  B  0.00  1   !  -9.99000e+02  -99.000  -99.000
OBS: 2005eq  53625.926   -29.00   0.0000e+00   0.0000e+00   0  B  0.00  1   !  -9.99000e+02  -99.000  -99.000
OBS: 2005eq  53627.926   -27.00   0.0000e+00   0.0000e+00   0  B  0.00  1   !  -9.99000e+02  -99.000  -99.000
OBS: 2005eq  53629.926   -25.00   0.0000e+00   0.0000e+00   0  B  0.00  1   !  -9.99000e+02  -99.000  -99.000
OBS: 2005eq  53631.926   -23.00   0.0000e+00   0.0000e+00   0  B  0.00  1   !  -9.99000e+02  -99.000  -99.000
OBS: 2005eq  53633.926   -21.00   0.0000e+00   0.0000e+00   0  B  0.00  1   !  -9.99000e+02  -99.000  -99.000
OBS: 2005eq  53635.926   -19.00   2.2511e+03   1.3550e+03   0  B  0.00  1   !  -9.99000e+02  -99.000  -99.000
OBS: 2005eq  53637.926   -17.00   2.2351e+03   1.3454e+03   0  B  0.00  1   !  -9.99000e+02  -99.000  -99.000
OBS: 2005eq  53639.926   -15.00   2.8319e+03   1.7045e+03   0  B  0.00  1   !  -9.99000e+02  -99.000  -99.000
OBS: 2005eq  53641.926   -13.00   5.7283e+03   3.4479e+03   0  B  0.00  1   !  -9.99000e+02  -99.000  -99.000
OBS: 2005eq  53643.926   -11.00   9.3790e+03   4.4862e+03   0  B  0.00  1   !  -9.99000e+02  -99.000  -99.000
OBS: 2005eq  53645.926    -9.00   1.3484e+04   3.1859e+02   0  B  0.00  1   !  -9.99000e+02  -99.000  -99.000
OBS: 2005eq  53647.926    -7.00   1.7479e+04   2.0908e+02   0  B  0.00  1   !  -9.99000e+02  -99.000  -99.000
OBS: 2005eq  53649.926    -5.00   2.0759e+04   2.1267e+02   0  B  0.00  1   !  -9.99000e+02  -99.000  -99.000
OBS: 2005eq  53651.926    -3.00   2.3135e+04   2.2836e+02   0  B  0.00  1   !  -9.99000e+02  -99.000  -99.000
OBS: 2005eq  53653.926    -1.00   2.4246e+04   2.3933e+02   0  B  0.00  1   !  -9.99000e+02  -99.000  -99.000
OBS: 2005eq  53655.926     1.00   2.4160e+04   2.3848e+02   0  B  0.00  1   !  -9.99000e+02  -99.000  -99.000
OBS: 2005eq  53657.926     3.00   2.3203e+04   2.2903e+02   0  B  0.00  1   !  -9.99000e+02  -99.000  -99.000
OBS: 2005eq  53659.926     5.00   2.1647e+04   2.1367e+02   0  B  0.00  1   !  -9.99000e+02  -99.000  -99.000
OBS: 2005eq  53661.926     7.00   1.9782e+04   2.0110e+02   0  B  0.00  1   !  -9.99000e+02  -99.000  -99.000
OBS: 2005eq  53663.926     9.00   1.7646e+04   1.8646e+02   0  B  0.00  1   !  -9.99000e+02  -99.000  -99.000
OBS: 2005eq  53665.926    11.00   1.5403e+04   1.6975e+02   0  B  0.00  1   !  -9.99000e+02  -99.000  -99.000
OBS: 2005eq  53667.926    13.00   1.3080e+04   1.4623e+02   0  B  0.00  1   !  -9.99000e+02  -99.000  -99.000
OBS: 2005eq  53669.926    15.00   1.0803e+04   1.3030e+02   0  B  0.00  1   !  -9.99000e+02  -99.000  -99.000
OBS: 2005eq  53671.926    17.00   8.8655e+03   1.1773e+02   0  B  0.00  1   !  -9.99000e+02  -99.000  -99.000
OBS: 2005eq  53673.926    19.00   7.3205e+03   1.1470e+02   0  B  0.00  1   !  -9.99000e+02  -99.000  -99.000
OBS: 2005eq  53675.926    21.00   6.0923e+03   1.1357e+02   0  B  0.00  1   !  -9.99000e+02  -99.000  -99.000
OBS: 2005eq  53677.926    23.00   5.0812e+03   1.0647e+02   0  B  0.00  1   !  -9.99000e+02  -99.000  -99.000
OBS: 2005eq  53679.926    25.00   4.2442e+03   1.0356e+02   0  B  0.00  1   !  -9.99000e+02  -99.000  -99.000
OBS: 2005eq  53681.926    27.00   3.5737e+03   1.0404e+02   0  B  0.00  1   !  -9.99000e+02  -99.000  -99.000
OBS: 2005eq  53683.926    29.00   3.0486e+03   9.3647e+01   0  B  0.00  1   !  -9.99000e+02  -99.000  -99.000
OBS: 2005eq  53685.926    31.00   2.6306e+03   9.8049e+01   0  B  0.00  1   !  -9.99000e+02  -99.000  -99.000
OBS: 2005eq  53687.926    33.00   2.3127e+03   1.1676e+02   0  B  0.00  1   !  -9.99000e+02  -99.000  -99.000
OBS: 2005eq  53689.926    35.00   2.0846e+03   1.1723e+02   0  B  0.00  1   !  -9.99000e+02  -99.000  -99.000
OBS: 2005eq  53691.926    37.00   1.9221e+03   1.1612e+02   0  B  0.00  1   !  -9.99000e+02  -99.000  -99.000
OBS: 2005eq  53693.926    39.00   1.7965e+03   1.1174e+02   0  B  0.00  1   !  -9.99000e+02  -99.000  -99.000
OBS: 2005eq  53695.926    41.00   1.6693e+03   1.0864e+02   0  B  0.00  1   !  -9.99000e+02  -99.000  -99.000
OBS: 2005eq  53697.926    43.00   1.5339e+03   1.1127e+02   0  B  0.00  1   !  -9.99000e+02  -99.000  -99.000
OBS: 2005eq  53699.926    45.00   1.4303e+03   1.0931e+02   0  B  0.00  1   !  -9.99000e+02  -99.000  -99.000
OBS: 2005eq  53701.926    47.00   1.3800e+03   1.0303e+02   0  B  0.00  1   !  -9.99000e+02  -99.000  -99.000
OBS: 2005eq  53703.926    49.00   1.3654e+03   9.8155e+01   0  B  0.00  1   !  -9.99000e+02  -99.000  -99.000
OBS: 2005eq  53705.926    51.00   1.3496e+03   9.7873e+01   0  B  0.00  1   !  -9.99000e+02  -99.000  -99.000
OBS: 2005eq  53707.926    53.00   1.3310e+03   1.0543e+02   0  B  0.00  1   !  -9.99000e+02  -99.000  -99.000
OBS: 2005eq  53709.926    55.00   1.3181e+03   1.1851e+02   0  B  0.00  1   !  -9.99000e+02  -99.000  -99.000
OBS: 2005eq  53711.926    57.00   1.3027e+03   1.1434e+02   0  B  0.00  1   !  -9.99000e+02  -99.000  -99.000
OBS: 2005eq  53713.926    59.00   1.2641e+03   1.0151e+02   0  B  0.00  1   !  -9.99000e+02  -99.000  -99.000
OBS: 2005eq  53715.926    61.00   1.2067e+03   1.1164e+02   0  B  0.00  1   !  -9.99000e+02  -99.000  -99.000
OBS: 2005eq  53717.926    63.00   1.1374e+03   1.2852e+02   0  B  0.00  1   !  -9.99000e+02  -99.000  -99.000
OBS: 2005eq  53719.926    65.00   1.0847e+03   1.2905e+02   0  B  0.00  1   !  -9.99000e+02  -99.000  -99.000
OBS: 2005eq  53721.926    67.00   1.0541e+03   1.3160e+02   0  B  0.00  1   !  -9.99000e+02  -99.000  -99.000
OBS: 2005eq  53723.926    69.00   1.0246e+03   1.3580e+02   0  B  0.00  1   !  -9.99000e+02  -99.000  -99.000
OBS: 2005eq  53725.926    71.00   9.6858e+02   1.9575e+02   0  B  0.00  1   !  -9.99000e+02  -99.000  -99.000
OBS: 2005eq  53727.926    73.00   8.8382e+02   3.7823e+02   0  B  0.00  1   !  -9.99000e+02  -99.000  -99.000
OBS: 2005eq  53729.926    75.00   8.0637e+02   4.7572e+02   0  B  0.00  1   !  -9.99000e+02  -99.000  -99.000
OBS: 2005eq  53731.926    77.00   7.3602e+02   5.1969e+02   0  B  0.00  1   !  -9.99000e+02  -99.000  -99.000
OBS: 2005eq  53733.926    79.00   6.7223e+02   5.3060e+02   0  B  0.00  1   !  -9.99000e+02  -99.000  -99.000
OBS: 2005eq  53735.926    81.00   6.1409e+02   5.2135e+02   0  B  0.00  1   !  -9.99000e+02  -99.000  -99.000
OBS: 2005eq  53737.926    83.00   5.6094e+02   5.0022e+02   0  B  0.00  1   !  -9.99000e+02  -99.000  -99.000
OBS: 2005eq  53739.926    85.00   5.1241e+02   4.7265e+02   0  B  0.00  1   !  -9.99000e+02  -99.000  -99.000
OBS: 2005eq  53741.926    87.00   4.6811e+02   4.4207e+02   0  B  0.00  1   !  -9.99000e+02  -99.000  -99.000
OBS: 2005eq  53743.926    89.00   4.2803e+02   4.1096e+02   0  B  0.00  1   !  -9.99000e+02  -99.000  -99.000
OBS: 2005eq  53745.926    91.00   3.9144e+02   3.8025e+02   0  B  0.00  1   !  -9.99000e+02  -99.000  -99.000
OBS: 2005eq  53747.926    93.00   3.5802e+02   3.5069e+02   0  B  0.00  1   !  -9.99000e+02  -99.000  -99.000
OBS: 2005eq  53749.926    95.00   3.2745e+02   3.2264e+02   0  B  0.00  1   !  -9.99000e+02  -99.000  -99.000
OBS: 2005eq  53751.926    97.00   2.9946e+02   2.9631e+02   0  B  0.00  1   !  -9.99000e+02  -99.000  -99.000
OBS: 2005eq  53753.926    99.00   2.7384e+02   2.7177e+02   0  B  0.00  1   !  -9.99000e+02  -99.000  -99.000
OBS: 2005eq  53755.926   101.00   2.5041e+02   2.4905e+02   0  B  0.00  1   !  -9.99000e+02  -99.000  -99.000
OBS: 2005eq  53757.926   103.00   2.2897e+02   2.2808e+02   0  B  0.00  1   !  -9.99000e+02  -99.000  -99.000
OBS: 2005eq  53759.926   105.00   2.0941e+02   2.0883e+02   0  B  0.00  1   !  -9.99000e+02  -99.000  -99.000
OBS: 2005eq  53761.926   107.00   1.9152e+02   1.9114e+02   0  B  0.00  1   !  -9.99000e+02  -99.000  -99.000
OBS: 2005eq  53763.926   109.00   1.7514e+02   1.7489e+02   0  B  0.00  1   !  -9.99000e+02  -99.000  -99.000
OBS: 2005eq  53765.926   111.00   1.6014e+02   1.5998e+02   0  B  0.00  1   !  -9.99000e+02  -99.000  -99.000
OBS: 2005eq  53767.926   113.00   1.4645e+02   1.4634e+02   0  B  0.00  1   !  -9.99000e+02  -99.000  -99.000
OBS: 2005eq  53769.926   115.00   1.3393e+02   1.3386e+02   0  B  0.00  1   !  -9.99000e+02  -99.000  -99.000
OBS: 2005eq  53771.926   117.00   1.2315e+02   1.2311e+02   0  B  0.00  1   !  -9.99000e+02  -99.000  -99.000
OBS: 2005eq  53773.926   119.00   1.1380e+02   1.1377e+02   0  B  0.00  1   !  -9.99000e+02  -99.000  -99.000
OBS: 2005eq  53775.926   121.00   1.0503e+02   1.0501e+02   0  B  0.00  1   !  -9.99000e+02  -99.000  -99.000
OBS: 2005eq  53777.926   123.00   9.6752e+01   9.6738e+01   0  B  0.00  1   !  -9.99000e+02  -99.000  -99.000
OBS: 2005eq  53779.926   125.00   8.9123e+01   8.9114e+01   0  B  0.00  1   !  -9.99000e+02  -99.000  -99.000
OBS: 2005eq  53781.926   127.00   8.2095e+01   8.2089e+01   0  B  0.00  1   !  -9.99000e+02  -99.000  -99.000
OBS: 2005eq  53783.926   129.00   7.5621e+01   7.5617e+01   0  B  0.00  1   !  -9.99000e+02  -99.000  -99.000
OBS: 2005eq  53785.926   131.00   6.9658e+01   6.9655e+01   0  B  0.00  1   !  -9.99000e+02  -99.000  -99.000
OBS: 2005eq  53787.926   133.00   6.4165e+01   6.4163e+01   0  B  0.00  1   !  -9.99000e+02  -99.000  -99.000
OBS: 2005eq  53789.926   135.00   5.9105e+01   5.9104e+01   0  B  0.00  1   !  -9.99000e+02  -99.000  -99.000
OBS: 2005eq  53791.926   137.00   5.4445e+01   5.4444e+01   0  B  0.00  1   !  -9.99000e+02  -99.000  -99.000
OBS: 2005eq  53793.926   139.00   5.0152e+01   5.0151e+01   0  B  0.00  1   !  -9.99000e+02  -99.000  -99.000
OBS: 2005eq  53650.809    -4.12   2.4660e+04   1.3666e+02   1  m  57.80  1   g  4.05181e+18  0.076  0.110
OBS: 2005eq  53655.770     0.84   2.5942e+04   2.1593e+02   1  m  3.28  1   g  4.17073e+18  0.053  0.009
OBS: 2005eq  53658.711     3.78   2.5235e+04   1.8662e+02   1  m  1.09  1   g  3.90151e+18  0.010  0.100
OBS: 2005eq  53659.691     4.76   2.4751e+04   2.0602e+02   1  m  0.57  1   g  3.78269e+18  -0.002  0.122
OBS: 2005eq  53662.770     7.84   2.2782e+04   2.5320e+02   1  m  0.00  1   g  3.36963e+18  -0.038  0.133
OBS: 2005eq  53663.730     8.80   2.1999e+04   1.8311e+02   1  m  0.02  1   g  3.22744e+18  -0.047  0.120
OBS: 2005eq  53665.711    10.78   2.0193e+04   1.6808e+02   1  m  0.16  1   g  2.91817e+18  -0.063  0.035
OBS: 2005eq  53666.762    11.83   1.9373e+04   1.4327e+02   1  m  0.16  1   g  2.77315e+18  -0.073  -0.022
OBS: 2005eq  53669.730    14.80   1.6611e+04   1.2285e+02   1  m  1.13  1   g  2.28273e+18  -0.118  -0.012
OBS: 2005eq  53671.770    16.84   1.4750e+04   1.2278e+02   1  m  0.09  1   g  1.97123e+18  -0.148  -0.081
OBS: 2005eq  53673.770    18.84   1.3564e+04   1.2551e+02   1  m  0.81  1   g  1.76011e+18  -0.180  -0.188
OBS: 2005eq  53675.738    20.81   1.2360e+04   1.4888e+02   1  m  0.64  1   g  1.54550e+18  -0.220  -0.288
OBS: 2005eq  53682.789    27.86   8.8552e+03   3.4079e+02   1  m  1.52  1   g  9.36027e+17  -0.403  -0.067
OBS: 2005eq  53683.738    28.81   8.3637e+03   9.2952e+01   1  m  2.99  1   g  8.73461e+17  -0.416  -0.008
OBS: 2005eq  53687.750    32.82   7.1121e+03   1.1224e+02   1  m  6.11  1   g  7.21996e+17  -0.447  0.285
OBS: 2005eq  53694.730    39.80   4.9068e+03   7.2845e+01   1  m  1.53  1   g  5.07931e+17  -0.425  0.122
OBS: 2005eq  53698.672    43.74   4.1343e+03   5.7514e+01   1  m  0.54  1   g  4.38851e+17  -0.398  -0.039
OBS: 2005eq  53699.699    44.77   3.8761e+03   6.1169e+01   1  m  0.16  1   g  4.11302e+17  -0.399  0.014
OBS: 2005eq  53707.750    52.82   3.1074e+03   6.3607e+01  -1  m  0.02  1   !  -9.99000e+02  -99.000  -99.000
OBS: 2005eq  53712.691    57.76   2.7951e+03   4.9344e+01  -1  m  0.01  1   !  -9.99000e+02  -99.000  -99.000
OBS: 2005eq  53721.629    66.70   2.3551e+03   8.3884e+01  -1  m  1.05  1   !  -9.99000e+02  -99.000  -99.000
OBS: 2005eq  53726.691    71.76   2.0268e+03   5.2947e+01  -1  m  0.38  1   !  -9.99000e+02  -99.000  -99.000
OBS: 2005eq  53730.699    75.77   1.9643e+03   4.9460e+01  -1  m  0.36  1   !  -9.99000e+02  -99.000  -99.000
OBS: 2005eq  53737.660    82.73   1.6504e+03   4.7803e+01  -1  m  0.46  1   !  -9.99000e+02  -99.000  -99.000
OBS: 2005eq  53741.621    86.69   1.5617e+03   4.3753e+01  -1  m  0.74  1   !  -9.99000e+02  -99.000  -99.000
OBS: 2005eq  53746.648    91.72   1.3539e+03   7.0353e+01  -1  m  0.89  1   !  -9.99000e+02  -99.000  -99.000
OBS: 2005eq  53595.926   -59.00   0.0000e+00   0.0000e+00   0  m  0.00  1   !  -9.99000e+02  -99.000  -99.000
OBS: 2005eq  53597.926   -57.00   0.0000e+00   0.0000e+00   0  m  0.00  1   !  -9.99000e+02  -99.000  -99.000
OBS: 2005eq  53599.926   -55.00   0.0000e+00   0.0000e+00   0  m  0.00  1   !  -9.99000e+02  -99.000  -99.000
OBS: 2005eq  53601.926   -53.00   0.0000e+00   0.0000e+00   0  m  0.00  1   !  -9.99000e+02  -99.000  -99.000
OBS: 2005eq  53603.926   -51.00   0.0000e+00   0.0000e+00   0  m  0.00  1   !  -9.99000e+02  -99.000  -99.000
OBS: 2005eq  53605.926   -49.00   0.0000e+00   0.0000e+00   0  m  0.00  1   !  -9.99000e+02  -99.000  -99.000
OBS: 2005eq  53607.926   -47.00   0.0000e+00   0.0000e+00   0  m  0.00  1   !  -9.99000e+02  -99.000  -99.000
OBS: 2005eq  53609.926   -45.00   0.0000e+00   0.0000e+00   0  m  0.00  1   !  -9.99000e+02  -99.000  -99.000
OBS: 2005eq  53611.926   -43.00   0.0000e+00   0.0000e+00   0  m  0.00  1   !  -9.99000e+02  -99.000  -99.000
OBS: 2005eq  53613.926   -41.00   0.0000e+00   0.0000e+00   0  m  0.00  1   !  -9.99000e+02  -99.000  -99.000
OBS: 2005eq  53615.926   -39.00   0.0000e+00   0.0000e+00   0  m  0.00  1   !  -9.99000e+02  -99.000  -99.000
OBS: 2005eq  53617.926   -37.00   0.0000e+00   0.0000e+00   0  m  0.00  1   !  -9.99000e+02  -99.000  -99.000
OBS: 2005eq  53619.926   -35.00   0.0000e+00   0.0000e+00   0  m  0.00  1   !  -9.99000e+02  -99.000  -99.000
OBS: 2005eq  53621.926   -33.00   0.0000e+00   0.0000e+00   0  m  0.00  1   !  -9.99000e+02  -99.000  -99.000
OBS: 2005eq  53623.926   -31.00   0.0000e+00   0.0000e+00   0  m  0.00  1   !  -9.99000e+02  -99.000  -99.000
OBS: 2005eq  53625.926   -29.00   0.0000e+00   0.0000e+00   0  m  0.00  1   !  -9.99000e+02  -99.000  -99.000
OBS: 2005eq  53627.926   -27.00   0.0000e+00   0.0000e+00   0  m  0.00  1   !  -9.99000e+02  -99.000  -99.000
OBS: 2005eq  53629.926   -25.00   0.0000e+00   0.0000e+00   0  m  0.00  1   !  -9.99000e+02  -99.000  -99.000
OBS: 2005eq  53631.926   -23.00   0.0000e+00   0.0000e+00   0  m  0.00  1   !  -9.99000e+02  -99.000  -99.000
OBS: 2005eq  53633.926   -21.00   0.0000e+00   0.0000e+00   0  m  0.00  1   !  -9.99000e+02  -99.000  -99.000
OBS: 2005eq  53635.926   -19.00   1.6965e+02   1.0211e+02   0  m  0.00  1   !  -9.99000e+02  -99.000  -99.000
OBS: 2005eq  53637.926   -17.00   1.6469e+02   9.9126e+01   0  m  0.00  1   !  -9.99000e+02  -99.000  -99.000
OBS: 2005eq  53639.926   -15.00   3.4443e+02   2.0732e+02   0  m  0.00  1   !  -9.99000e+02  -99.000  -99.000
OBS: 2005eq  53641.926   -13.00   4.8871e+03   2.9416e+03   0  m  0.00  1   !  -9.99000e+02  -99.000  -99.000
OBS: 2005eq  53643.926   -11.00   1.0055e+04   6.0521e+03   0  m  0.00  1   !  -9.99000e+02  -99.000  -99.000
OBS: 2005eq  53645.926    -9.00   1.4810e+04   2.9550e+02   0  m  0.00  1   !  -9.99000e+02  -99.000  -99.000
OBS: 2005eq  53647.926    -7.00   1.8554e+04   2.2628e+02   0  m  0.00  1   !  -9.99000e+02  -99.000  -99.000
OBS: 2005eq  53649.926    -5.00   2.1491e+04   2.3869e+02   0  m  0.00  1   !  -9.99000e+02  -99.000  -99.000
OBS: 2005eq  53651.926    -3.00   2.3614e+04   2.4192e+02   0  m  0.00  1   !  -9.99000e+02  -99.000  -99.000
OBS: 2005eq  53653.926    -1.00   2.4927e+04   2.5537e+02   0  m  0.00  1   !  -9.99000e+02  -99.000  -99.000
OBS: 2005eq  53655.926     1.00   2.5348e+04   2.5968e+02   0  m  0.00  1   !  -9.99000e+02  -99.000  -99.000
OBS: 2005eq  53657.926     3.00   2.5141e+04   2.5756e+02   0  m  0.00  1   !  -9.99000e+02  -99.000  -99.000
OBS: 2005eq  53659.926     5.00   2.4396e+04   2.5904e+02   0  m  0.00  1   !  -9.99000e+02  -99.000  -99.000
OBS: 2005eq  53661.926     7.00   2.3317e+04   2.4911e+02   0  m  0.00  1   !  -9.99000e+02  -99.000  -99.000
OBS: 2005eq  53663.926     9.00   2.1892e+04   2.4188e+02   0  m  0.00  1   !  -9.99000e+02  -99.000  -99.000
OBS: 2005eq  53665.926    11.00   2.0102e+04   2.3221e+02   0  m  0.00  1   !  -9.99000e+02  -99.000  -99.000
OBS: 2005eq  53667.926    13.00   1.8097e+04   2.1220e+02   0  m  0.00  1   !  -9.99000e+02  -99.000  -99.000
OBS: 2005eq  53669.926    15.00   1.6177e+04   2.0499e+02   0  m  0.00  1   !  -9.99000e+02  -99.000  -99.000
OBS: 2005eq  53671.926    17.00   1.4564e+04   2.1337e+02   0  m  0.00  1   !  -9.99000e+02  -99.000  -99.000
OBS: 2005eq  53673.926    19.00   1.3249e+04   2.0829e+02   0  m  0.00  1   !  -9.99000e+02  -99.000  -99.000
OBS: 2005eq  53675.926    21.00   1.2046e+04   2.0961e+02   0  m  0.00  1   !  -9.99000e+02  -99.000  -99.000
OBS: 2005eq  53677.926    23.00   1.0876e+04   2.3101e+02   0  m  0.00  1   !  -9.99000e+02  -99.000  -99.000
OBS: 2005eq  53679.926    25.00   9.7560e+03   2.4620e+02   0  m  0.00  1   !  -9.99000e+02  -99.000  -99.000
OBS: 2005eq  53681.926    27.00   8.7375e+03   2.5259e+02   0  m  0.00  1   !  -9.99000e+02  -99.000  -99.000
OBS: 2005eq  53683.926    29.00   7.8394e+03   2.4204e+02   0  m  0.00  1   !  -9.99000e+02  -99.000  -99.000
OBS: 2005eq  53685.926    31.00   7.0316e+03   2.6660e+02   0  m  0.00  1   !  -9.99000e+02  -99.000  -99.000
OBS: 2005eq  53687.926    33.00   6.2589e+03   2.9869e+02   0  m  0.00  1   !  -9.99000e+02  -99.000  -99.000
OBS: 2005eq  53689.926    35.00   5.5622e+03   2.8412e+02   0  m  0.00  1   !  -9.99000e+02  -99.000  -99.000
OBS: 2005eq  53691.926    37.00   5.0574e+03   2.7536e+02   0  m  0.00  1   !  -9.99000e+02  -99.000  -99.000
OBS: 2005eq  53693.926    39.00   4.7161e+03   2.4925e+02   0  m  0.00  1   !  -9.99000e+02  -99.000  -99.000
OBS: 2005eq  53695.926    41.00   4.4024e+03   2.5522e+02   0  m  0.00  1   !  -9.99000e+02  -99.000  -99.000
OBS: 2005eq  53697.926    43.00   4.0605e+03   2.7041e+02   0  m  0.00  1   !  -9.99000e+02  -99.000  -99.000
OBS: 2005eq  53699.926    45.00   3.7350e+03   2.5460e+02   0  m  0.00  1   !  -9.99000e+02  -99.000  -99.000
OBS: 2005eq  53701.926    47.00   3.4909e+03   2.3596e+02   0  m  0.00  1   !  -9.99000e+02  -99.000  -99.000
OBS: 2005eq  53703.926    49.00   3.3469e+03   2.2422e+02   0  m  0.00  1   !  -9.99000e+02  -99.000  -99.000
OBS: 2005eq  53705.926    51.00   3.2468e+03   2.2720e+02   0  m  0.00  1   !  -9.99000e+02  -99.000  -99.000
OBS: 2005eq  53707.926    53.00   3.1256e+03   2.3434e+02   0  m  0.00  1   !  -9.99000e+02  -99.000  -99.000
OBS: 2005eq  53709.926    55.00   2.9711e+03   2.4113e+02   0  m  0.00  1   !  -9.99000e+02  -99.000  -99.000
OBS: 2005eq  53711.926    57.00   2.8198e+03   2.2945e+02   0  m  0.00  1   !  -9.99000e+02  -99.000  -99.000
OBS: 2005eq  53713.926    59.00   2.7006e+03   2.2903e+02   0  m  0.00  1   !  -9.99000e+02  -99.000  -99.000
OBS: 2005eq  53715.926    61.00   2.5958e+03   2.6047e+02   0  m  0.00  1   !  -9.99000e+02  -99.000  -99.000
OBS: 2005eq  53717.926    63.00   2.4309e+03   2.8278e+02   0  m  0.00  1   !  -9.99000e+02  -99.000  -99.000
OBS: 2005eq  53719.926    65.00   2.2508e+03   2.5651e+02   0  m  0.00  1   !  -9.99000e+02  -99.000  -99.000
OBS: 2005eq  53721.926    67.00   2.0804e+03   2.2541e+02   0  m  0.00  1   !  -9.99000e+02  -99.000  -99.000
OBS: 2005eq  53723.926    69.00   1.9130e+03   2.3128e+02   0  m  0.00  1   !  -9.99000e+02  -99.000  -99.000
OBS: 2005eq  53725.926    71.00   1.7511e+03   4.0807e+02   0  m  0.00  1   !  -9.99000e+02  -99.000  -99.000
OBS: 2005eq  53727.926    73.00   1.6004e+03   7.0774e+02   0  m  0.00  1   !  -9.99000e+02  -99.000  -99.000
OBS: 2005eq  53729.926    75.00   1.4647e+03   8.7063e+02   0  m  0.00  1   !  -9.99000e+02  -99.000  -99.000
OBS: 2005eq  53731.926    77.00   1.3388e+03   9.4400e+02   0  m  0.00  1   !  -9.99000e+02  -99.000  -99.000
OBS: 2005eq  53733.926    79.00   1.2224e+03   9.6026e+02   0  m  0.00  1   !  -9.99000e+02  -99.000  -99.000
OBS: 2005eq  53735.926    81.00   1.1159e+03   9.4187e+02   0  m  0.00  1   !  -9.99000e+02  -99.000  -99.000
OBS: 2005eq  53737.926    83.00   1.0188e+03   9.0332e+02   0  m  0.00  1   !  -9.99000e+02  -99.000  -99.000
OBS: 2005eq  53739.926    85.00   9.3103e+02   8.5427e+02   0  m  0.00  1   !  -9.99000e+02  -99.000  -99.000
OBS: 2005eq  53741.926    87.00   8.5136e+02   8.0032e+02   0  m  0.00  1   !  -9.99000e+02  -99.000  -99.000
OBS: 2005eq  53743.926    89.00   7.8526e+02   7.5103e+02   0  m  0.00  1   !  -9.99000e+02  -99.000  -99.000
OBS: 2005eq  53745.926    91.00   7.2581e+02   7.0280e+02   0  m  0.00  1   !  -9.99000e+02  -99.000  -99.000
OBS: 2005eq  53747.926    93.00   6.7043e+02   6.5498e+02   0  m  0.00  1   !  -9.99000e+02  -99.000  -99.000
OBS: 2005eq  53749.926    95.00   6.1961e+02   6.0923e+02   0  m  0.00  1   !  -9.99000e+02  -99.000  -99.000
OBS: 2005eq  53751.926    97.00   5.7319e+02   5.6620e+02   0  m  0.00  1   !  -9.99000e+02  -99.000  -99.000
OBS: 2005eq  53753.926    99.00   5.3134e+02   5.2663e+02   0  m  0.00  1   !  -9.99000e+02  -99.000  -99.000
OBS: 2005eq  53755.926   101.00   4.8948e+02   4.8633e+02   0  m  0.00  1   !  -9.99000e+02  -99.000  -99.000
OBS: 2005eq  53757.926   103.00   4.5168e+02   4.4957e+02   0  m  0.00  1   !  -9.99000e+02  -99.000  -99.000
OBS: 2005eq  53759.926   105.00   4.1776e+02   4.1634e+02   0  m  0.00  1   !  -9.99000e+02  -99.000  -99.000
OBS: 2005eq  53761.926   107.00   3.8633e+02   3.8538e+02   0  m  0.00  1   !  -9.99000e+02  -99.000  -99.000
OBS: 2005eq  53763.926   109.00   3.5603e+02   3.5539e+02   0  m  0.00  1   !  -9.99000e+02  -99.000  -99.000
OBS: 2005eq  53765.926   111.00   3.2917e+02   3.2874e+02   0  m  0.00  1   !  -9.99000e+02  -99.000  -99.000
OBS: 2005eq  53767.926   113.00   3.0435e+02   3.0406e+02   0  m  0.00  1   !  -9.99000e+02  -99.000  -99.000
OBS: 2005eq  53769.926   115.00   3.2300e+02   3.2278e+02   0  m  0.00  1   !  -9.99000e+02  -99.000  -99.000
OBS: 2005eq  53771.926   117.00   2.1643e+02   2.1632e+02   0  m  0.00  1   !  -9.99000e+02  -99.000  -99.000
OBS: 2005eq  53773.926   119.00   2.0468e+02   2.0461e+02   0  m  0.00  1   !  -9.99000e+02  -99.000  -99.000
OBS: 2005eq  53775.926   121.00   1.9358e+02   1.9352e+02   0  m  0.00  1   !  -9.99000e+02  -99.000  -99.000
OBS: 2005eq  53777.926   123.00   1.8307e+02   1.8303e+02   0  m  0.00  1   !  -9.99000e+02  -99.000  -99.000
OBS: 2005eq  53779.926   125.00   1.7313e+02   1.7311e+02   0  m  0.00  1   !  -9.99000e+02  -99.000  -99.000
OBS: 2005eq  53781.926   127.00   1.6374e+02   1.6372e+02   0  m  0.00  1   !  -9.99000e+02  -99.000  -99.000
OBS: 2005eq  53783.926   129.00   1.5485e+02   1.5484e+02   0  m  0.00  1   !  -9.99000e+02  -99.000  -99.000
OBS: 2005eq  53785.926   131.00   1.4645e+02   1.4644e+02   0  m  0.00  1   !  -9.99000e+02  -99.000  -99.000
OBS: 2005eq  53787.926   133.00   1.3850e+02   1.3850e+02   0  m  0.00  1   !  -9.99000e+02  -99.000  -99.000
OBS: 2005eq  53789.926   135.00   1.3098e+02   1.3098e+02   0  m  0.00  1   !  -9.99000e+02  -99.000  -99.000
OBS: 2005eq  53791.926   137.00   1.2388e+02   1.2387e+02   0  m  0.00  1   !  -9.99000e+02  -99.000  -99.000
OBS: 2005eq  53793.926   139.00   1.1715e+02   1.1715e+02   0  m  0.00  1   !  -9.99000e+02  -99.000  -99.000
OBS: 2005eq  53647.801    -7.13   1.8604e+04   6.2546e+02   1  J  2.72  1   J  2.72414e+18  -0.049  1.402
OBS: 2005eq  53656.711     1.78   1.4372e+04   4.7224e+02   1  J  1.61  1   J  2.07797e+18  -0.063  0.146
OBS: 2005eq  53656.719     1.79   1.5484e+04   4.6456e+02   1  J  0.26  1   J  2.23902e+18  -0.063  0.147
OBS: 2005eq  53660.699     5.77   1.1972e+04   4.9999e+02   1  J  7.44  1   J  1.72226e+18  -0.068  0.792
OBS: 2005eq  53660.711     5.78   1.2138e+04   4.8345e+02   1  J  9.42  1   J  1.74612e+18  -0.068  0.794
OBS: 2005eq  53664.711     9.78   7.2775e+03   3.9373e+02   1  J  1.82  1   J  1.03232e+18  -0.083  1.389
OBS: 2005eq  53668.738    13.81   4.9829e+03   4.8914e+02   1  J  0.10  1   J  6.95766e+17  -0.100  1.968
OBS: 2005eq  53668.738    13.81   4.9009e+03   5.6835e+02   1  J  0.16  1   J  6.84326e+17  -0.100  1.968
OBS: 2005eq  53672.762    17.83   5.2804e+03   5.6792e+02   1  J  0.09  1   J  7.32149e+17  -0.108  2.790
OBS: 2005eq  53677.770    22.84   5.4604e+03   7.3110e+02   1  J  0.43  1   J  7.25117e+17  -0.155  1.537
OBS: 2005eq  53677.770    22.84   5.7125e+03   5.4670e+02   1  J  0.19  1   J  7.58592e+17  -0.155  1.537
OBS: 2005eq  53686.762    31.83   8.2796e+03   4.8596e+02   1  J  0.02  1   J  1.09646e+18  -0.158  2.452
OBS: 2005eq  53686.770    31.84   7.2310e+03   3.9275e+02   1  J  2.13  1   J  9.57672e+17  -0.158  2.457
OBS: 2005eq  53692.691    37.76   8.2170e+03   6.2515e+02   1  J  0.00  1   J  1.05330e+18  -0.193  2.560
OBS: 2005eq  53692.699    37.77   9.5045e+03   5.8035e+02   1  J  1.73  1   J  1.21826e+18  -0.193  2.556
OBS: 2005eq  53653.871    -1.06   1.7715e+04   4.7873e+02   1  J  2.07  1   J  2.52985e+18  -0.076  0.200
OBS: 2005eq  53701.660    46.73   3.7914e+03   4.3139e+02  -1  J  0.02  1   !  -9.99000e+02  -99.000  -99.000
OBS: 2005eq  53701.672    46.74   3.5091e+03   4.5365e+02  -1  J  0.05  1   !  -9.99000e+02  -99.000  -99.000
OBS: 2005eq  53710.699    55.77   3.1506e+03   4.2043e+02  -1  J  0.15  1   !  -9.99000e+02  -99.000  -99.000
OBS: 2005eq  53595.926   -59.00   0.0000e+00   0.0000e+00   0  J  0.00  1   !  -9.99000e+02  -99.000  -99.000
OBS: 2005eq  53597.926   -57.00   0.0000e+00   0.0000e+00   0  J  0.00  1   !  -9.99000e+02  -99.000  -99.000
OBS: 2005eq  53599.926   -55.00   0.0000e+00   0.0000e+00   0  J  0.00  1   !  -9.99000e+02  -99.000  -99.000
OBS: 2005eq  53601.926   -53.00   0.0000e+00   0.0000e+00   0  J  0.00  1   !  -9.99000e+02  -99.000  -99.000
OBS: 2005eq  53603.926   -51.00   0.0000e+00   0.0000e+00   0  J  0.00  1   !  -9.99000e+02  -99.000  -99.000
OBS: 2005eq  53605.926   -49.00   0.0000e+00   0.0000e+00   0  J  0.00  1   !  -9.99000e+02  -99.000  -99.000
OBS: 2005eq  53607.926   -47.00   0.0000e+00   0.0000e+00   0  J  0.00  1   !  -9.99000e+02  -99.000  -99.000
OBS: 2005eq  53609.926   -45.00   0.0000e+00   0.0000e+00   0  J  0.00  1   !  -9.99000e+02  -99.000  -99.000
OBS: 2005eq  53611.926   -43.00   0.0000e+00   0.0000e+00   0  J  0.00  1   !  -9.99000e+02  -99.000  -99.000
OBS: 2005eq  53613.926   -41.00   0.0000e+00   0.0000e+00   0  J  0.00  1   !  -9.99000e+02  -99.000  -99.000
OBS: 2005eq  53615.926   -39.00   0.0000e+00   0.0000e+00   0  J  0.00  1   !  -9.99000e+02  -99.000  -99.000
OBS: 2005eq  53617.926   -37.00   0.0000e+00   0.0000e+00   0  J  0.00  1   !  -9.99000e+02  -99.000  -99.000
OBS: 2005eq  53619.926   -35.00   0.0000e+00   0.0000e+00   0  J  0.00  1   !  -9.99000e+02  -99.000  -99.000
OBS: 2005eq  53621.926   -33.00   0.0000e+00   0.0000e+00   0  J  0.00  1   !  -9.99000e+02  -99.000  -99.000
OBS: 2005eq  53623.926   -31.00   0.0000e+00   0.0000e+00   0  J  0.00  1   !  -9.99000e+02  -99.000  -99.000
OBS: 2005eq  53625.926   -29.00   0.0000e+00   0.0000e+00   0  J  0.00  1   !  -9.99000e+02  -99.000  -99.000
OBS: 2005eq  53627.926   -27.00   0.0000e+00   0.0000e+00   0  J  0.00  1   !  -9.99000e+02  -99.000  -99.000
OBS: 2005eq  53629.926   -25.00   0.0000e+00   0.0000e+00   0  J  0.00  1   !  -9.99000e+02  -99.000  -99.000
OBS: 2005eq  53631.926   -23.00   0.0000e+00   0.0000e+00   0  J  0.00  1   !  -9.99000e+02  -99.000  -99.000
OBS: 2005eq  53633.926   -21.00   0.0000e+00   0.0000e+00   0  J  0.00  1   !  -9.99000e+02  -99.000  -99.000
OBS: 2005eq  53635.926   -19.00   5.6332e+03   3.3907e+03   0  J  0.00  1   !  -9.99000e+02  -99.000  -99.000
OBS: 2005eq  53637.926   -17.00   5.7889e+03   3.4844e+03   0  J  0.00  1   !  -9.99000e+02  -99.000  -99.000
OBS: 2005eq  53639.926   -15.00   6.5547e+03   2.9246e+03   0  J  0.00  1   !  -9.99000e+02  -99.000  -99.000
OBS: 2005eq  53641.926   -13.00   1.1067e+04   5.9167e+02   0  J  0.00  1   !  -9.99000e+02  -99.000  -99.000
OBS: 2005eq  53643.926   -11.00   1.5525e+04   4.3158e+02   0  J  0.00  1   !  -9.99000e+02  -99.000  -99.000
OBS: 2005eq  53645.926    -9.00   1.8499e+04   5.1909e+02   0  J  0.00  1   !  -9.99000e+02  -99.000  -99.000
OBS: 2005eq  53647.926    -7.00   1.9926e+04   4.4530e+02   0  J  0.00  1   !  -9.99000e+02  -99.000  -99.000
OBS: 2005eq  53649.926    -5.00   2.0500e+04   3.8740e+02   0  J  0.00  1   !  -9.99000e+02  -99.000  -99.000
OBS: 2005eq  53651.926    -3.00   2.0028e+04   4.2587e+02   0  J  0.00  1   !  -9.99000e+02  -99.000  -99.000
OBS: 2005eq  53653.926    -1.00   1.8585e+04   4.2526e+02   0  J  0.00  1   !  -9.99000e+02  -99.000  -99.000
OBS: 2005eq  53655.926     1.00   1.6244e+04   4.2433e+02   0  J  0.00  1   !  -9.99000e+02  -99.000  -99.000
OBS: 2005eq  53657.926     3.00   1.3557e+04   4.1028e+02   0  J  0.00  1   !  -9.99000e+02  -99.000  -99.000
OBS: 2005eq  53659.926     5.00   1.1137e+04   4.0002e+02   0  J  0.00  1   !  -9.99000e+02  -99.000  -99.000
OBS: 2005eq  53661.926     7.00   8.8675e+03   3.9627e+02   0  J  0.00  1   !  -9.99000e+02  -99.000  -99.000
OBS: 2005eq  53663.926     9.00   6.9813e+03   4.5478e+02   0  J  0.00  1   !  -9.99000e+02  -99.000  -99.000
OBS: 2005eq  53665.926    11.00   5.8006e+03   4.9107e+02   0  J  0.00  1   !  -9.99000e+02  -99.000  -99.000
OBS: 2005eq  53667.926    13.00   5.2612e+03   4.6953e+02   0  J  0.00  1   !  -9.99000e+02  -99.000  -99.000
OBS: 2005eq  53669.926    15.00   5.2138e+03   4.4583e+02   0  J  0.00  1   !  -9.99000e+02  -99.000  -99.000
OBS: 2005eq  53671.926    17.00   5.4033e+03   4.0681e+02   0  J  0.00  1   !  -9.99000e+02  -99.000  -99.000
OBS: 2005eq  53673.926    19.00   5.5830e+03   4.2034e+02   0  J  0.00  1   !  -9.99000e+02  -99.000  -99.000
OBS: 2005eq  53675.926    21.00   5.7563e+03   4.6942e+02   0  J  0.00  1   !  -9.99000e+02  -99.000  -99.000
OBS: 2005eq  53677.926    23.00   6.0652e+03   4.9016e+02   0  J  0.00  1   !  -9.99000e+02  -99.000  -99.000
OBS: 2005eq  53679.926    25.00   6.4436e+03   4.7653e+02   0  J  0.00  1   !  -9.99000e+02  -99.000  -99.000
OBS: 2005eq  53681.926    27.00   6.8921e+03   4.8154e+02   0  J  0.00  1   !  -9.99000e+02  -99.000  -99.000
OBS: 2005eq  53683.926    29.00   7.4176e+03   5.2915e+02   0  J  0.00  1   !  -9.99000e+02  -99.000  -99.000
OBS: 2005eq  53685.926    31.00   8.0870e+03   6.3780e+02   0  J  0.00  1   !  -9.99000e+02  -99.000  -99.000
OBS: 2005eq  53687.926    33.00   8.8067e+03   7.5014e+02   0  J  0.00  1   !  -9.99000e+02  -99.000  -99.000
OBS: 2005eq  53689.926    35.00   9.1095e+03   8.1337e+02   0  J  0.00  1   !  -9.99000e+02  -99.000  -99.000
OBS: 2005eq  53691.926    37.00   8.5818e+03   8.4898e+02   0  J  0.00  1   !  -9.99000e+02  -99.000  -99.000
OBS: 2005eq  53693.926    39.00   7.4080e+03   7.7708e+02   0  J  0.00  1   !  -9.99000e+02  -99.000  -99.000
OBS: 2005eq  53695.926    41.00   5.9897e+03   6.2878e+02   0  J  0.00  1   !  -9.99000e+02  -99.000  -99.000
OBS: 2005eq  53697.926    43.00   4.7153e+03   5.0192e+02   0  J  0.00  1   !  -9.99000e+02  -99.000  -99.000
OBS: 2005eq  53699.926    45.00   3.9765e+03   4.4301e+02   0  J  0.00  1   !  -9.99000e+02  -99.000  -99.000
OBS: 2005eq  53701.926    47.00   3.6483e+03   6.0371e+02   0  J  0.00  1   !  -9.99000e+02  -99.000  -99.000
OBS: 2005eq  53703.926    49.00   3.4002e+03   9.4817e+02   0  J  0.00  1   !  -9.99000e+02  -99.000  -99.000
OBS: 2005eq  53705.926    51.00   3.1080e+03   1.1976e+03   0  J  0.00  1   !  -9.99000e+02  -99.000  -99.000
OBS: 2005eq  53707.926    53.00   2.8346e+03   1.7062e+03   0  J  0.00  1   !  -9.99000e+02  -99.000  -99.000
OBS: 2005eq  53709.926    55.00   2.6148e+03   1.5739e+03   0  J  0.00  1   !  -9.99000e+02  -99.000  -99.000
OBS: 2005eq  53711.926    57.00   2.4095e+03   1.4503e+03   0  J  0.00  1   !  -9.99000e+02  -99.000  -99.000
OBS: 2005eq  53713.926    59.00   2.2212e+03   1.3369e+03   0  J  0.00  1   !  -9.99000e+02  -99.000  -99.000
OBS: 2005eq  53715.926    61.00   2.0659e+03   1.2435e+03   0  J  0.00  1   !  -9.99000e+02  -99.000  -99.000
OBS: 2005eq  53717.926    63.00   1.8061e+03   1.0871e+03   0  J  0.00  1   !  -9.99000e+02  -99.000  -99.000
OBS: 2005eq  53719.926    65.00   1.5489e+03   9.3232e+02   0  J  0.00  1   !  -9.99000e+02  -99.000  -99.000
OBS: 2005eq  53721.926    67.00   1.3714e+03   8.2545e+02   0  J  0.00  1   !  -9.99000e+02  -99.000  -99.000
OBS: 2005eq  53723.926    69.00   1.2372e+03   7.4471e+02   0  J  0.00  1   !  -9.99000e+02  -99.000  -99.000
OBS: 2005eq  53725.926    71.00   1.1262e+03   6.7787e+02   0  J  0.00  1   !  -9.99000e+02  -99.000  -99.000
OBS: 2005eq  53727.926    73.00   1.0208e+03   6.1442e+02   0  J  0.00  1   !  -9.99000e+02  -99.000  -99.000
OBS: 2005eq  53729.926    75.00   9.2331e+02   5.5575e+02   0  J  0.00  1   !  -9.99000e+02  -99.000  -99.000
OBS: 2005eq  53731.926    77.00   8.4174e+02   5.0666e+02   0  J  0.00  1   !  -9.99000e+02  -99.000  -99.000
OBS: 2005eq  53733.926    79.00   7.8603e+02   4.7312e+02   0  J  0.00  1   !  -9.99000e+02  -99.000  -99.000
OBS: 2005eq  53735.926    81.00   7.3417e+02   4.4191e+02   0  J  0.00  1   !  -9.99000e+02  -99.000  -99.000
OBS: 2005eq  53737.926    83.00   6.8589e+02   4.1285e+02   0  J  0.00  1   !  -9.99000e+02  -99.000  -99.000
OBS: 2005eq  53739.926    85.00   6.4060e+02   3.8559e+02   0  J  0.00  1   !  -9.99000e+02  -99.000  -99.000
OBS: 2005eq  53741.926    87.00   5.9788e+02   3.5987e+02   0  J  0.00  1   !  -9.99000e+02  -99.000  -99.000
OBS: 2005eq  53743.926    89.00   5.5993e+02   3.3703e+02   0  J  0.00  1   !  -9.99000e+02  -99.000  -99.000
OBS: 2005eq  53745.926    91.00   5.2501e+02   3.1601e+02   0  J  0.00  1   !  -9.99000e+02  -99.000  -99.000
OBS: 2005eq  53747.926    93.00   4.9227e+02   2.9631e+02   0  J  0.00  1   !  -9.99000e+02  -99.000  -99.000
OBS: 2005eq  53749.926    95.00   4.6158e+02   2.7783e+02   0  J  0.00  1   !  -9.99000e+02  -99.000  -99.000
OBS: 2005eq  53751.926    97.00   4.3280e+02   2.6050e+02   0  J  0.00  1   !  -9.99000e+02  -99.000  -99.000
OBS: 2005eq  53753.926    99.00   4.0581e+02   2.4426e+02   0  J  0.00  1   !  -9.99000e+02  -99.000  -99.000
OBS: 2005eq  53755.926   101.00   3.8050e+02   2.2903e+02   0  J  0.00  1   !  -9.99000e+02  -99.000  -99.000
OBS: 2005eq  53757.926   103.00   3.5678e+02   2.1475e+02   0  J  0.00  1   !  -9.99000e+02  -99.000  -99.000
OBS: 2005eq  53759.926   105.00   3.3453e+02   2.0136e+02   0  J  0.00  1   !  -9.99000e+02  -99.000  -99.000
OBS: 2005eq  53761.926   107.00   3.1367e+02   1.8880e+02   0  J  0.00  1   !  -9.99000e+02  -99.000  -99.000
OBS: 2005eq  53763.926   109.00   2.9411e+02   1.7703e+02   0  J  0.00  1   !  -9.99000e+02  -99.000  -99.000
OBS: 2005eq  53765.926   111.00   2.7577e+02   1.6599e+02   0  J  0.00  1   !  -9.99000e+02  -99.000  -99.000
OBS: 2005eq  53767.926   113.00   2.5858e+02   1.5564e+02   0  J  0.00  1   !  -9.99000e+02  -99.000  -99.000
OBS: 2005eq  53769.926   115.00   2.4245e+02   1.4593e+02   0  J  0.00  1   !  -9.99000e+02  -99.000  -99.000
OBS: 2005eq  53771.926   117.00   2.2733e+02   1.3683e+02   0  J  0.00  1   !  -9.99000e+02  -99.000  -99.000
OBS: 2005eq  53773.926   119.00   2.1316e+02   1.2830e+02   0  J  0.00  1   !  -9.99000e+02  -99.000  -99.000
OBS: 2005eq  53775.926   121.00   1.9987e+02   1.2030e+02   0  J  0.00  1   !  -9.99000e+02  -99.000  -99.000
OBS: 2005eq  53777.926   123.00   1.8740e+02   1.1280e+02   0  J  0.00  1   !  -9.99000e+02  -99.000  -99.000
OBS: 2005eq  53779.926   125.00   1.7572e+02   1.0577e+02   0  J  0.00  1   !  -9.99000e+02  -99.000  -99.000
OBS: 2005eq  53781.926   127.00   1.6476e+02   9.9171e+01   0  J  0.00  1   !  -9.99000e+02  -99.000  -99.000
OBS: 2005eq  53783.926   129.00   1.5449e+02   9.2987e+01   0  J  0.00  1   !  -9.99000e+02  -99.000  -99.000
OBS: 2005eq  53785.926   131.00   1.4485e+02   8.7189e+01   0  J  0.00  1   !  -9.99000e+02  -99.000  -99.000
OBS: 2005eq  53787.926   133.00   1.3582e+02   8.1752e+01   0  J  0.00  1   !  -9.99000e+02  -99.000  -99.000
OBS: 2005eq  53789.926   135.00   1.2735e+02   7.6655e+01   0  J  0.00  1   !  -9.99000e+02  -99.000  -99.000
OBS: 2005eq  53791.926   137.00   1.1941e+02   7.1875e+01   0  J  0.00  1   !  -9.99000e+02  -99.000  -99.000
OBS: 2005eq  53793.926   139.00   1.1196e+02   6.7393e+01   0  J  0.00  1   !  -9.99000e+02  -99.000  -99.000
OBS: 2005eq  53656.711     1.78   1.0613e+04   7.1550e+02   1  H  13.30  1   H  1.64035e+18  0.010  -0.075
OBS: 2005eq  53656.719     1.79   1.2344e+04   6.6374e+02   1  H  3.07  1   H  1.90800e+18  0.010  -0.073
OBS: 2005eq  53660.699     5.77   1.1252e+04   8.0980e+02   1  H  0.24  1   H  1.84337e+18  0.073  -0.106
OBS: 2005eq  53660.711     5.78   1.0765e+04   9.6636e+02   1  H  0.76  1   H  1.76397e+18  0.073  -0.109
OBS: 2005eq  53664.711     9.78   1.1223e+04   7.5685e+02   1  H  1.69  1   H  1.94238e+18  0.133  -0.949
OBS: 2005eq  53668.738    13.81   9.7715e+03   8.9772e+02   1  H  0.05  1   H  1.73796e+18  0.162  -1.116
OBS: 2005eq  53672.762    17.83   8.0001e+03   9.8552e+02   1  H  8.62  1   H  1.41457e+18  0.156  -1.226
OBS: 2005eq  53672.770    17.84   9.7967e+03   8.4666e+02   1  H  2.10  1   H  1.73227e+18  0.156  -1.224
OBS: 2005eq  53677.770    22.84   1.1672e+04   1.2515e+03   1  H  0.76  1   H  2.09695e+18  0.173  0.347
OBS: 2005eq  53680.730    25.80   1.1191e+04   1.4658e+03   1  H  2.63  1   H  1.98374e+18  0.159  0.566
OBS: 2005eq  53692.691    37.76   1.0058e+04   9.3249e+02   1  H  5.56  1   H  1.51066e+18  -0.021  -3.143
OBS: 2005eq  53692.699    37.77   1.2306e+04   8.6906e+02   1  H  0.21  1   H  1.84827e+18  -0.021  -3.142
OBS: 2005eq  53653.871    -1.06   1.3940e+04   6.8473e+02   1  H  3.74  1   H  2.08346e+18  -0.027  -0.613
OBS: 2005eq  53595.926   -59.00   0.0000e+00   0.0000e+00   0  H  0.00  1   !  -9.99000e+02  -99.000  -99.000
OBS: 2005eq  53597.926   -57.00   0.0000e+00   0.0000e+00   0  H  0.00  1   !  -9.99000e+02  -99.000  -99.000
OBS: 2005eq  53599.926   -55.00   0.0000e+00   0.0000e+00   0  H  0.00  1   !  -9.99000e+02  -99.000  -99.000
OBS: 2005eq  53601.926   -53.00   0.0000e+00   0.0000e+00   0  H  0.00  1   !  -9.99000e+02  -99.000  -99.000
OBS: 2005eq  53603.926   -51.00   0.0000e+00   0.0000e+00   0  H  0.00  1   !  -9.99000e+02  -99.000  -99.000
OBS: 2005eq  53605.926   -49.00   0.0000e+00   0.0000e+00   0  H  0.00  1   !  -9.99000e+02  -99.000  -99.000
OBS: 2005eq  53607.926   -47.00   0.0000e+00   0.0000e+00   0  H  0.00  1   !  -9.99000e+02  -99.000  -99.000
OBS: 2005eq  53609.926   -45.00   0.0000e+00   0.0000e+00   0  H  0.00  1   !  -9.99000e+02  -99.000  -99.000
OBS: 2005eq  53611.926   -43.00   0.0000e+00   0.0000e+00   0  H  0.00  1   !  -9.99000e+02  -99.000  -99.000
OBS: 2005eq  53613.926   -41.00   0.0000e+00   0.0000e+00   0  H  0.00  1   !  -9.99000e+02  -99.000  -99.000
OBS: 2005eq  53615.926   -39.00   0.0000e+00   0.0000e+00   0  H  0.00  1   !  -9.99000e+02  -99.000  -99.000
OBS: 2005eq  53617.926   -37.00   0.0000e+00   0.0000e+00   0  H  0.00  1   !  -9.99000e+02  -99.000  -99.000
OBS: 2005eq  53619.926   -35.00   0.0000e+00   0.0000e+00   0  H  0.00  1   !  -9.99000e+02  -99.000  -99.000
OBS: 2005eq  53621.926   -33.00   0.0000e+00   0.0000e+00   0  H  0.00  1   !  -9.99000e+02  -99.000  -99.000
OBS: 2005eq  53623.926   -31.00   0.0000e+00   0.0000e+00   0  H  0.00  1   !  -9.99000e+02  -99.000  -99.000
OBS: 2005eq  53625.926   -29.00   0.0000e+00   0.0000e+00   0  H  0.00  1   !  -9.99000e+02  -99.000  -99.000
OBS: 2005eq  53627.926   -27.00   0.0000e+00   0.0000e+00   0  H  0.00  1   !  -9.99000e+02  -99.000  -99.000
OBS: 2005eq  53629.926   -25.00   0.0000e+00   0.0000e+00   0  H  0.00  1   !  -9.99000e+02  -99.000  -99.000
OBS: 2005eq  53631.926   -23.00   0.0000e+00   0.0000e+00   0  H  0.00  1   !  -9.99000e+02  -99.000  -99.000
OBS: 2005eq  53633.926   -21.00   0.0000e+00   0.0000e+00   0  H  0.00  1   !  -9.99000e+02  -99.000  -99.000
OBS: 2005eq  53635.926   -19.00   3.2525e+03   1.9577e+03   0  H  0.00  1   !  -9.99000e+02  -99.000  -99.000
OBS: 2005eq  53637.926   -17.00   3.1520e+03   1.8972e+03   0  H  0.00  1   !  -9.99000e+02  -99.000  -99.000
OBS: 2005eq  53639.926   -15.00   3.7593e+03   2.2627e+03   0  H  0.00  1   !  -9.99000e+02  -99.000  -99.000
OBS: 2005eq  53641.926   -13.00   7.1576e+03   8.6904e+02   0  H  0.00  1   !  -9.99000e+02  -99.000  -99.000
OBS: 2005eq  53643.926   -11.00   1.0838e+04   6.3670e+02   0  H  0.00  1   !  -9.99000e+02  -99.000  -99.000
OBS: 2005eq  53645.926    -9.00   1.4105e+04   5.8907e+02   0  H  0.00  1   !  -9.99000e+02  -99.000  -99.000
OBS: 2005eq  53647.926    -7.00   1.6356e+04   5.4774e+02   0  H  0.00  1   !  -9.99000e+02  -99.000  -99.000
OBS: 2005eq  53649.926    -5.00   1.7244e+04   5.5380e+02   0  H  0.00  1   !  -9.99000e+02  -99.000  -99.000
OBS: 2005eq  53651.926    -3.00   1.6873e+04   5.4186e+02   0  H  0.00  1   !  -9.99000e+02  -99.000  -99.000
OBS: 2005eq  53653.926    -1.00   1.5539e+04   4.9940e+02   0  H  0.00  1   !  -9.99000e+02  -99.000  -99.000
OBS: 2005eq  53655.926     1.00   1.4227e+04   5.0463e+02   0  H  0.00  1   !  -9.99000e+02  -99.000  -99.000
OBS: 2005eq  53657.926     3.00   1.3239e+04   5.1421e+02   0  H  0.00  1   !  -9.99000e+02  -99.000  -99.000
OBS: 2005eq  53659.926     5.00   1.2143e+04   5.1228e+02   0  H  0.00  1   !  -9.99000e+02  -99.000  -99.000
OBS: 2005eq  53661.926     7.00   1.1081e+04   4.9507e+02   0  H  0.00  1   !  -9.99000e+02  -99.000  -99.000
OBS: 2005eq  53663.926     9.00   1.0279e+04   4.9367e+02   0  H  0.00  1   !  -9.99000e+02  -99.000  -99.000
OBS: 2005eq  53665.926    11.00   9.7817e+03   4.5981e+02   0  H  0.00  1   !  -9.99000e+02  -99.000  -99.000
OBS: 2005eq  53667.926    13.00   9.8170e+03   4.4502e+02   0  H  0.00  1   !  -9.99000e+02  -99.000  -99.000
OBS: 2005eq  53669.926    15.00   1.0329e+04   4.5093e+02   0  H  0.00  1   !  -9.99000e+02  -99.000  -99.000
OBS: 2005eq  53671.926    17.00   1.0915e+04   4.5333e+02   0  H  0.00  1   !  -9.99000e+02  -99.000  -99.000
OBS: 2005eq  53673.926    19.00   1.1591e+04   4.5257e+02   0  H  0.00  1   !  -9.99000e+02  -99.000  -99.000
OBS: 2005eq  53675.926    21.00   1.2296e+04   4.6443e+02   0  H  0.00  1   !  -9.99000e+02  -99.000  -99.000
OBS: 2005eq  53677.926    23.00   1.2882e+04   4.8004e+02   0  H  0.00  1   !  -9.99000e+02  -99.000  -99.000
OBS: 2005eq  53679.926    25.00   1.3474e+04   4.8364e+02   0  H  0.00  1   !  -9.99000e+02  -99.000  -99.000
OBS: 2005eq  53681.926    27.00   1.3961e+04   4.6031e+02   0  H  0.00  1   !  -9.99000e+02  -99.000  -99.000
OBS: 2005eq  53683.926    29.00   1.4295e+04   4.7803e+02   0  H  0.00  1   !  -9.99000e+02  -99.000  -99.000
OBS: 2005eq  53685.926    31.00   1.4414e+04   5.5264e+02   0  H  0.00  1   !  -9.99000e+02  -99.000  -99.000
OBS: 2005eq  53687.926    33.00   1.4394e+04   5.9922e+02   0  H  0.00  1   !  -9.99000e+02  -99.000  -99.000
OBS: 2005eq  53689.926    35.00   1.4091e+04   6.3480e+02   0  H  0.00  1   !  -9.99000e+02  -99.000  -99.000
OBS: 2005eq  53691.926    37.00   1.3296e+04   6.8766e+02   0  H  0.00  1   !  -9.99000e+02  -99.000  -99.000
OBS: 2005eq  53693.926    39.00   1.2066e+04   7.4536e+02   0  H  0.00  1   !  -9.99000e+02  -99.000  -99.000
OBS: 2005eq  53695.926    41.00   1.0716e+04   7.1849e+02   0  H  0.00  1   !  -9.99000e+02  -99.000  -99.000
OBS: 2005eq  53697.926    43.00   9.3795e+03   6.3309e+02   0  H  0.00  1   !  -9.99000e+02  -99.000  -99.000
OBS: 2005eq  53699.926    45.00   8.4041e+03   5.7811e+02   0  H  0.00  1   !  -9.99000e+02  -99.000  -99.000
OBS: 2005eq  53701.926    47.00   7.8021e+03   5.6069e+02   0  H  0.00  1   !  -9.99000e+02  -99.000  -99.000
OBS: 2005eq  53703.926    49.00   7.3745e+03   5.7827e+02   0  H  0.00  1   !  -9.99000e+02  -99.000  -99.000
OBS: 2005eq  53705.926    51.00   6.9475e+03   6.6304e+02   0  H  0.00  1   !  -9.99000e+02  -99.000  -99.000
OBS: 2005eq  53707.926    53.00   6.5041e+03   2.6691e+03   0  H  0.00  1   !  -9.99000e+02  -99.000  -99.000
OBS: 2005eq  53709.926    55.00   6.0741e+03   3.6560e+03   0  H  0.00  1   !  -9.99000e+02  -99.000  -99.000
OBS: 2005eq  53711.926    57.00   5.6888e+03   3.4241e+03   0  H  0.00  1   !  -9.99000e+02  -99.000  -99.000
OBS: 2005eq  53713.926    59.00   5.3304e+03   3.2084e+03   0  H  0.00  1   !  -9.99000e+02  -99.000  -99.000
OBS: 2005eq  53715.926    61.00   5.0201e+03   3.0216e+03   0  H  0.00  1   !  -9.99000e+02  -99.000  -99.000
OBS: 2005eq  53717.926    63.00   4.4578e+03   2.6832e+03   0  H  0.00  1   !  -9.99000e+02  -99.000  -99.000
OBS: 2005eq  53719.926    65.00   3.8512e+03   2.3181e+03   0  H  0.00  1   !  -9.99000e+02  -99.000  -99.000
OBS: 2005eq  53721.926    67.00   3.3902e+03   2.0406e+03   0  H  0.00  1   !  -9.99000e+02  -99.000  -99.000
OBS: 2005eq  53723.926    69.00   3.0580e+03   1.8406e+03   0  H  0.00  1   !  -9.99000e+02  -99.000  -99.000
OBS: 2005eq  53725.926    71.00   2.8185e+03   1.6965e+03   0  H  0.00  1   !  -9.99000e+02  -99.000  -99.000
OBS: 2005eq  53727.926    73.00   2.6322e+03   1.5844e+03   0  H  0.00  1   !  -9.99000e+02  -99.000  -99.000
OBS: 2005eq  53729.926    75.00   2.4520e+03   1.4759e+03   0  H  0.00  1   !  -9.99000e+02  -99.000  -99.000
OBS: 2005eq  53731.926    77.00   2.2921e+03   1.3796e+03   0  H  0.00  1   !  -9.99000e+02  -99.000  -99.000
OBS: 2005eq  53733.926    79.00   2.1583e+03   1.2991e+03   0  H  0.00  1   !  -9.99000e+02  -99.000  -99.000
OBS: 2005eq  53735.926    81.00   2.0324e+03   1.2233e+03   0  H  0.00  1   !  -9.99000e+02  -99.000  -99.000
OBS: 2005eq  53737.926    83.00   1.9138e+03   1.1520e+03   0  H  0.00  1   !  -9.99000e+02  -99.000  -99.000
OBS: 2005eq  53739.926    85.00   1.8024e+03   1.0849e+03   0  H  0.00  1   !  -9.99000e+02  -99.000  -99.000
OBS: 2005eq  53741.926    87.00   1.6977e+03   1.0219e+03   0  H  0.00  1   !  -9.99000e+02  -99.000  -99.000
OBS: 2005eq  53743.926    89.00   1.5979e+03   9.6177e+02   0  H  0.00  1   !  -9.99000e+02  -99.000  -99.000
OBS: 2005eq  53745.926    91.00   1.5035e+03   9.0498e+02   0  H  0.00  1   !  -9.99000e+02  -99.000  -99.000
OBS: 2005eq  53747.926    93.00   1.4147e+03   8.5154e+02   0  H  0.00  1   !  -9.99000e+02  -99.000  -99.000
OBS: 2005eq  53749.926    95.00   1.3312e+03   8.0126e+02   0  H  0.00  1   !  -9.99000e+02  -99.000  -99.000
OBS: 2005eq  53751.926    97.00   1.2526e+03   7.5394e+02   0  H  0.00  1   !  -9.99000e+02  -99.000  -99.000
OBS: 2005eq  53753.926    99.00   1.1786e+03   7.0942e+02   0  H  0.00  1   !  -9.99000e+02  -99.000  -99.000
OBS: 2005eq  53755.926   101.00   1.1090e+03   6.6752e+02   0  H  0.00  1   !  -9.99000e+02  -99.000  -99.000
OBS: 2005eq  53757.926   103.00   1.0435e+03   6.2810e+02   0  H  0.00  1   !  -9.99000e+02  -99.000  -99.000
OBS: 2005eq  53759.926   105.00   9.8188e+02   5.9100e+02   0  H  0.00  1   !  -9.99000e+02  -99.000  -99.000
OBS: 2005eq  53761.926   107.00   9.2389e+02   5.5610e+02   0  H  0.00  1   !  -9.99000e+02  -99.000  -99.000
OBS: 2005eq  53763.926   109.00   8.6932e+02   5.2326e+02   0  H  0.00  1   !  -9.99000e+02  -99.000  -99.000
OBS: 2005eq  53765.926   111.00   8.1798e+02   4.9235e+02   0  H  0.00  1   !  -9.99000e+02  -99.000  -99.000
OBS: 2005eq  53767.926   113.00   7.6967e+02   4.6327e+02   0  H  0.00  1   !  -9.99000e+02  -99.000  -99.000
OBS: 2005eq  53769.926   115.00   7.2421e+02   4.3591e+02   0  H  0.00  1   !  -9.99000e+02  -99.000  -99.000
OBS: 2005eq  53771.926   117.00   6.8143e+02   4.1016e+02   0  H  0.00  1   !  -9.99000e+02  -99.000  -99.000
OBS: 2005eq  53773.926   119.00   6.4118e+02   3.8593e+02   0  H  0.00  1   !  -9.99000e+02  -99.000  -99.000
OBS: 2005eq  53775.926   121.00   6.0330e+02   3.6313e+02   0  H  0.00  1   !  -9.99000e+02  -99.000  -99.000
OBS: 2005eq  53777.926   123.00   5.6766e+02   3.4168e+02   0  H  0.00  1   !  -9.99000e+02  -99.000  -99.000
OBS: 2005eq  53779.926   125.00   5.3412e+02   3.2149e+02   0  H  0.00  1   !  -9.99000e+02  -99.000  -99.000
OBS: 2005eq  53781.926   127.00   5.0257e+02   3.0250e+02   0  H  0.00  1   !  -9.99000e+02  -99.000  -99.000
OBS: 2005eq  53783.926   129.00   4.7287e+02   2.8463e+02   0  H  0.00  1   !  -9.99000e+02  -99.000  -99.000
OBS: 2005eq  53785.926   131.00   4.4494e+02   2.6781e+02   0  H  0.00  1   !  -9.99000e+02  -99.000  -99.000
OBS: 2005eq  53787.926   133.00   4.1865e+02   2.5199e+02   0  H  0.00  1   !  -9.99000e+02  -99.000  -99.000
OBS: 2005eq  53789.926   135.00   3.9391e+02   2.3710e+02   0  H  0.00  1   !  -9.99000e+02  -99.000  -99.000
OBS: 2005eq  53791.926   137.00   3.7064e+02   2.2309e+02   0  H  0.00  1   !  -9.99000e+02  -99.000  -99.000
OBS: 2005eq  53793.926   139.00   3.4874e+02   2.0991e+02   0  H  0.00  1   !  -9.99000e+02  -99.000  -99.000
