VARNAMES: CID MJD Tobs FLUXCAL FLUXCAL_ERR DATAFLAG BAND CHI2 IFIT BAND_REST FLUX_REST KCOR AVWARP 
OBS: 2006is  54009.859     3.74   9.1005e+03   2.4765e+02   1  Y  82.54  1   Y  1.30373e+18  -0.156  -1.633
OBS: 2006is  54016.879    10.76   6.5172e+03   2.7122e+02   1  Y  54.04  1   Y  8.85779e+17  -0.213  -2.531
OBS: 2006is  54021.859    15.74   8.0096e+03   3.6398e+02   1  Y  11.00  1   Y  1.08780e+18  -0.214  -2.294
OBS: 2006is  54027.840    21.72   1.3257e+04   3.6990e+02   1  Y  3.28  1   Y  1.86634e+18  -0.174  -1.759
OBS: 2006is  54030.820    24.70   1.7741e+04   2.9912e+02   1  Y  58.86  1   Y  2.56967e+18  -0.144  -1.618
OBS: 2006is  53947.117   -59.00   0.0000e+00   0.0000e+00   0  Y  0.00  1   !  -9.99000e+02  -99.000  -99.000
OBS: 2006is  53949.117   -57.00   0.0000e+00   0.0000e+00   0  Y  0.00  1   !  -9.99000e+02  -99.000  -99.000
OBS: 2006is  53951.117   -55.00   0.0000e+00   0.0000e+00   0  Y  0.00  1   !  -9.99000e+02  -99.000  -99.000
OBS: 2006is  53953.117   -53.00   0.0000e+00   0.0000e+00   0  Y  0.00  1   !  -9.99000e+02  -99.000  -99.000
OBS: 2006is  53955.117   -51.00   0.0000e+00   0.0000e+00   0  Y  0.00  1   !  -9.99000e+02  -99.000  -99.000
OBS: 2006is  53957.117   -49.00   0.0000e+00   0.0000e+00   0  Y  0.00  1   !  -9.99000e+02  -99.000  -99.000
OBS: 2006is  53959.117   -47.00   0.0000e+00   0.0000e+00   0  Y  0.00  1   !  -9.99000e+02  -99.000  -99.000
OBS: 2006is  53961.117   -45.00   0.0000e+00   0.0000e+00   0  Y  0.00  1   !  -9.99000e+02  -99.000  -99.000
OBS: 2006is  53963.117   -43.00   0.0000e+00   0.0000e+00   0  Y  0.00  1   !  -9.99000e+02  -99.000  -99.000
OBS: 2006is  53965.117   -41.00   0.0000e+00   0.0000e+00   0  Y  0.00  1   !  -9.99000e+02  -99.000  -99.000
OBS: 2006is  53967.117   -39.00   0.0000e+00   0.0000e+00   0  Y  0.00  1   !  -9.99000e+02  -99.000  -99.000
OBS: 2006is  53969.117   -37.00   0.0000e+00   0.0000e+00   0  Y  0.00  1   !  -9.99000e+02  -99.000  -99.000
OBS: 2006is  53971.117   -35.00   0.0000e+00   0.0000e+00   0  Y  0.00  1   !  -9.99000e+02  -99.000  -99.000
OBS: 2006is  53973.117   -33.00   0.0000e+00   0.0000e+00   0  Y  0.00  1   !  -9.99000e+02  -99.000  -99.000
OBS: 2006is  53975.117   -31.00   0.0000e+00   0.0000e+00   0  Y  0.00  1   !  -9.99000e+02  -99.000  -99.000
OBS: 2006is  53977.117   -29.00   0.0000e+00   0.0000e+00   0  Y  0.00  1   !  -9.99000e+02  -99.000  -99.000
OBS: 2006is  53979.117   -27.00   0.0000e+00   0.0000e+00   0  Y  0.00  1   !  -9.99000e+02  -99.000  -99.000
OBS: 2006is  53981.117   -25.00   0.0000e+00   0.0000e+00   0  Y  0.00  1   !  -9.99000e+02  -99.000  -99.000
OBS: 2006is  53983.117   -23.00   0.0000e+00   0.0000e+00   0  Y  0.00  1   !  -9.99000e+02  -99.000  -99.000
OBS: 2006is  53985.117   -21.00   0.0000e+00   0.0000e+00   0  Y  0.00  1   !  -9.99000e+02  -99.000  -99.000
OBS: 2006is  53987.117   -19.00   6.1738e+03   3.7161e+03   0  Y  0.00  1   !  -9.99000e+02  -99.000  -99.000
OBS: 2006is  53989.117   -17.00   6.0009e+03   3.6120e+03   0  Y  0.00  1   !  -9.99000e+02  -99.000  -99.000
OBS: 2006is  53991.117   -15.00   6.7204e+03   2.8922e+03   0  Y  0.00  1   !  -9.99000e+02  -99.000  -99.000
OBS: 2006is  53993.117   -13.00   1.0087e+04   7.3466e+02   0  Y  0.00  1   !  -9.99000e+02  -99.000  -99.000
OBS: 2006is  53995.117   -11.00   1.3582e+04   4.8516e+02   0  Y  0.00  1   !  -9.99000e+02  -99.000  -99.000
OBS: 2006is  53997.117    -9.00   1.6673e+04   4.4921e+02   0  Y  0.00  1   !  -9.99000e+02  -99.000  -99.000
OBS: 2006is  53999.117    -7.00   1.9067e+04   4.5451e+02   0  Y  0.00  1   !  -9.99000e+02  -99.000  -99.000
OBS: 2006is  54001.117    -5.00   2.0255e+04   5.1563e+02   0  Y  0.00  1   !  -9.99000e+02  -99.000  -99.000
OBS: 2006is  54003.117    -3.00   2.0183e+04   5.2513e+02   0  Y  0.00  1   !  -9.99000e+02  -99.000  -99.000
OBS: 2006is  54005.117    -1.00   1.8796e+04   4.6087e+02   0  Y  0.00  1   !  -9.99000e+02  -99.000  -99.000
OBS: 2006is  54007.117     1.00   1.6842e+04   4.8174e+02   0  Y  0.00  1   !  -9.99000e+02  -99.000  -99.000
OBS: 2006is  54009.117     3.00   1.5395e+04   5.6769e+02   0  Y  0.00  1   !  -9.99000e+02  -99.000  -99.000
OBS: 2006is  54011.117     5.00   1.3744e+04   5.6956e+02   0  Y  0.00  1   !  -9.99000e+02  -99.000  -99.000
OBS: 2006is  54013.117     7.00   1.2451e+04   5.1757e+02   0  Y  0.00  1   !  -9.99000e+02  -99.000  -99.000
OBS: 2006is  54015.117     9.00   1.1390e+04   5.1457e+02   0  Y  0.00  1   !  -9.99000e+02  -99.000  -99.000
OBS: 2006is  54017.117    11.00   1.0559e+04   5.2251e+02   0  Y  0.00  1   !  -9.99000e+02  -99.000  -99.000
OBS: 2006is  54019.117    13.00   1.0241e+04   5.7558e+02   0  Y  0.00  1   !  -9.99000e+02  -99.000  -99.000
OBS: 2006is  54021.117    15.00   1.0279e+04   6.6493e+02   0  Y  0.00  1   !  -9.99000e+02  -99.000  -99.000
OBS: 2006is  54023.117    17.00   1.0761e+04   5.1718e+02   0  Y  0.00  1   !  -9.99000e+02  -99.000  -99.000
OBS: 2006is  54025.117    19.00   1.1188e+04   5.0502e+02   0  Y  0.00  1   !  -9.99000e+02  -99.000  -99.000
OBS: 2006is  54027.117    21.00   1.1900e+04   5.9439e+02   0  Y  0.00  1   !  -9.99000e+02  -99.000  -99.000
OBS: 2006is  54029.117    23.00   1.2721e+04   4.9337e+02   0  Y  0.00  1   !  -9.99000e+02  -99.000  -99.000
OBS: 2006is  54031.117    25.00   1.4034e+04   4.1776e+02   0  Y  0.00  1   !  -9.99000e+02  -99.000  -99.000
OBS: 2006is  54033.117    27.00   1.5367e+04   4.7791e+02   0  Y  0.00  1   !  -9.99000e+02  -99.000  -99.000
OBS: 2006is  54035.117    29.00   1.6866e+04   4.9481e+02   0  Y  0.00  1   !  -9.99000e+02  -99.000  -99.000
OBS: 2006is  54037.117    31.00   1.7963e+04   4.8627e+02   0  Y  0.00  1   !  -9.99000e+02  -99.000  -99.000
OBS: 2006is  54039.117    33.00   1.9202e+04   5.5146e+02   0  Y  0.00  1   !  -9.99000e+02  -99.000  -99.000
OBS: 2006is  54041.117    35.00   2.0393e+04   4.4867e+02   0  Y  0.00  1   !  -9.99000e+02  -99.000  -99.000
OBS: 2006is  54043.117    37.00   2.0822e+04   7.2020e+02   0  Y  0.00  1   !  -9.99000e+02  -99.000  -99.000
OBS: 2006is  54045.117    39.00   2.1134e+04   6.9992e+02   0  Y  0.00  1   !  -9.99000e+02  -99.000  -99.000
OBS: 2006is  54047.117    41.00   2.1182e+04   7.2624e+02   0  Y  0.00  1   !  -9.99000e+02  -99.000  -99.000
OBS: 2006is  54049.117    43.00   2.1010e+04   8.2126e+02   0  Y  0.00  1   !  -9.99000e+02  -99.000  -99.000
OBS: 2006is  54051.117    45.00   2.0288e+04   8.5467e+02   0  Y  0.00  1   !  -9.99000e+02  -99.000  -99.000
OBS: 2006is  54053.117    47.00   1.8997e+04   9.6654e+02   0  Y  0.00  1   !  -9.99000e+02  -99.000  -99.000
OBS: 2006is  54055.117    49.00   1.7264e+04   6.8554e+02   0  Y  0.00  1   !  -9.99000e+02  -99.000  -99.000
OBS: 2006is  54057.117    51.00   1.5509e+04   4.7246e+02   0  Y  0.00  1   !  -9.99000e+02  -99.000  -99.000
OBS: 2006is  54059.117    53.00   1.4423e+04   8.6815e+03   0  Y  0.00  1   !  -9.99000e+02  -99.000  -99.000
OBS: 2006is  54061.117    55.00   1.3574e+04   8.1706e+03   0  Y  0.00  1   !  -9.99000e+02  -99.000  -99.000
OBS: 2006is  54063.117    57.00   1.2941e+04   7.7894e+03   0  Y  0.00  1   !  -9.99000e+02  -99.000  -99.000
OBS: 2006is  54065.117    59.00   1.2085e+04   7.2743e+03   0  Y  0.00  1   !  -9.99000e+02  -99.000  -99.000
OBS: 2006is  54067.117    61.00   1.0951e+04   6.5915e+03   0  Y  0.00  1   !  -9.99000e+02  -99.000  -99.000
OBS: 2006is  54069.117    63.00   9.4621e+03   5.6954e+03   0  Y  0.00  1   !  -9.99000e+02  -99.000  -99.000
OBS: 2006is  54071.117    65.00   7.6235e+03   4.5887e+03   0  Y  0.00  1   !  -9.99000e+02  -99.000  -99.000
OBS: 2006is  54073.117    67.00   6.2476e+03   3.7605e+03   0  Y  0.00  1   !  -9.99000e+02  -99.000  -99.000
OBS: 2006is  54075.117    69.00   5.2404e+03   3.1542e+03   0  Y  0.00  1   !  -9.99000e+02  -99.000  -99.000
OBS: 2006is  54077.117    71.00   4.5405e+03   2.7330e+03   0  Y  0.00  1   !  -9.99000e+02  -99.000  -99.000
OBS: 2006is  54079.117    73.00   3.9234e+03   2.3615e+03   0  Y  0.00  1   !  -9.99000e+02  -99.000  -99.000
OBS: 2006is  54081.117    75.00   3.4092e+03   2.0520e+03   0  Y  0.00  1   !  -9.99000e+02  -99.000  -99.000
OBS: 2006is  54083.117    77.00   2.9541e+03   1.7781e+03   0  Y  0.00  1   !  -9.99000e+02  -99.000  -99.000
OBS: 2006is  54085.117    79.00   2.5188e+03   1.5161e+03   0  Y  0.00  1   !  -9.99000e+02  -99.000  -99.000
OBS: 2006is  54087.117    81.00   2.1502e+03   1.2942e+03   0  Y  0.00  1   !  -9.99000e+02  -99.000  -99.000
OBS: 2006is  54089.117    83.00   1.8384e+03   1.1066e+03   0  Y  0.00  1   !  -9.99000e+02  -99.000  -99.000
OBS: 2006is  54091.117    85.00   1.5752e+03   9.4813e+02   0  Y  0.00  1   !  -9.99000e+02  -99.000  -99.000
OBS: 2006is  54093.117    87.00   1.3536e+03   8.1475e+02   0  Y  0.00  1   !  -9.99000e+02  -99.000  -99.000
OBS: 2006is  54095.117    89.00   1.1540e+03   6.9458e+02   0  Y  0.00  1   !  -9.99000e+02  -99.000  -99.000
OBS: 2006is  54097.117    91.00   9.7902e+02   5.8928e+02   0  Y  0.00  1   !  -9.99000e+02  -99.000  -99.000
OBS: 2006is  54099.117    93.00   8.3059e+02   4.9994e+02   0  Y  0.00  1   !  -9.99000e+02  -99.000  -99.000
OBS: 2006is  54101.117    95.00   7.0468e+02   4.2415e+02   0  Y  0.00  1   !  -9.99000e+02  -99.000  -99.000
OBS: 2006is  54103.117    97.00   5.9786e+02   3.5986e+02   0  Y  0.00  1   !  -9.99000e+02  -99.000  -99.000
OBS: 2006is  54105.117    99.00   5.0724e+02   3.0531e+02   0  Y  0.00  1   !  -9.99000e+02  -99.000  -99.000
OBS: 2006is  54107.117   101.00   4.3035e+02   2.5903e+02   0  Y  0.00  1   !  -9.99000e+02  -99.000  -99.000
OBS: 2006is  54109.117   103.00   3.6512e+02   2.1977e+02   0  Y  0.00  1   !  -9.99000e+02  -99.000  -99.000
OBS: 2006is  54111.117   105.00   3.0978e+02   1.8646e+02   0  Y  0.00  1   !  -9.99000e+02  -99.000  -99.000
OBS: 2006is  54113.117   107.00   2.6283e+02   1.5820e+02   0  Y  0.00  1   !  -9.99000e+02  -99.000  -99.000
OBS: 2006is  54115.117   109.00   2.2300e+02   1.3422e+02   0  Y  0.00  1   !  -9.99000e+02  -99.000  -99.000
OBS: 2006is  54117.117   111.00   1.8920e+02   1.1388e+02   0  Y  0.00  1   !  -9.99000e+02  -99.000  -99.000
OBS: 2006is  54119.117   113.00   1.6053e+02   9.6624e+01   0  Y  0.00  1   !  -9.99000e+02  -99.000  -99.000
OBS: 2006is  54121.117   115.00   1.3620e+02   8.1982e+01   0  Y  0.00  1   !  -9.99000e+02  -99.000  -99.000
OBS: 2006is  54123.117   117.00   1.1556e+02   6.9558e+01   0  Y  0.00  1   !  -9.99000e+02  -99.000  -99.000
OBS: 2006is  54125.117   119.00   9.8052e+01   5.9019e+01   0  Y  0.00  1   !  -9.99000e+02  -99.000  -99.000
OBS: 2006is  54127.117   121.00   8.3195e+01   5.0076e+01   0  Y  0.00  1   !  -9.99000e+02  -99.000  -99.000
OBS: 2006is  54129.117   123.00   7.0590e+01   4.2489e+01   0  Y  0.00  1   !  -9.99000e+02  -99.000  -99.000
OBS: 2006is  54131.117   125.00   5.9894e+01   3.6051e+01   0  Y  0.00  1   !  -9.99000e+02  -99.000  -99.000
OBS: 2006is  54133.117   127.00   5.0816e+01   3.0587e+01   0  Y  0.00  1   !  -9.99000e+02  -99.000  -99.000
OBS: 2006is  54135.117   129.00   4.3115e+01   2.5951e+01   0  Y  0.00  1   !  -9.99000e+02  -99.000  -99.000
OBS: 2006is  54137.117   131.00   3.6580e+01   2.2018e+01   0  Y  0.00  1   !  -9.99000e+02  -99.000  -99.000
OBS: 2006is  54139.117   133.00   3.1036e+01   1.8681e+01   0  Y  0.00  1   !  -9.99000e+02  -99.000  -99.000
OBS: 2006is  54141.117   135.00   2.6332e+01   1.5850e+01   0  Y  0.00  1   !  -9.99000e+02  -99.000  -99.000
OBS: 2006is  54143.117   137.00   2.2343e+01   1.3448e+01   0  Y  0.00  1   !  -9.99000e+02  -99.000  -99.000
OBS: 2006is  54145.117   139.00   1.8958e+01   1.1411e+01   0  Y  0.00  1   !  -9.99000e+02  -99.000  -99.000
OBS: 2006is  54014.852     8.73   7.1548e+03   3.7153e+02   1  y  31.92  1   Y  1.07248e+18  -0.106  2.825
OBS: 2006is  54014.852     8.73   6.7390e+03   2.8260e+02   1  y  48.07  1   Y  1.01016e+18  -0.106  2.825
OBS: 2006is  54037.859    31.74   2.3215e+04   1.4043e+02   1  y  108.78  1   Y  3.54363e+18  -0.087  3.149
OBS: 2006is  54037.871    31.75   2.3820e+04   1.9687e+02   1  y  125.11  1   Y  3.63596e+18  -0.087  3.147
OBS: 2006is  54048.820    42.70   1.4682e+04   1.4951e+02   1  y  51.67  1   Y  2.37377e+18  -0.024  5.995
OBS: 2006is  54048.820    42.70   1.5332e+04   1.5612e+02   1  y  40.49  1   Y  2.47878e+18  -0.024  5.995
OBS: 2006is  53947.117   -59.00   0.0000e+00   0.0000e+00   0  y  0.00  1   !  -9.99000e+02  -99.000  -99.000
OBS: 2006is  53949.117   -57.00   0.0000e+00   0.0000e+00   0  y  0.00  1   !  -9.99000e+02  -99.000  -99.000
OBS: 2006is  53951.117   -55.00   0.0000e+00   0.0000e+00   0  y  0.00  1   !  -9.99000e+02  -99.000  -99.000
OBS: 2006is  53953.117   -53.00   0.0000e+00   0.0000e+00   0  y  0.00  1   !  -9.99000e+02  -99.000  -99.000
OBS: 2006is  53955.117   -51.00   0.0000e+00   0.0000e+00   0  y  0.00  1   !  -9.99000e+02  -99.000  -99.000
OBS: 2006is  53957.117   -49.00   0.0000e+00   0.0000e+00   0  y  0.00  1   !  -9.99000e+02  -99.000  -99.000
OBS: 2006is  53959.117   -47.00   0.0000e+00   0.0000e+00   0  y  0.00  1   !  -9.99000e+02  -99.000  -99.000
OBS: 2006is  53961.117   -45.00   0.0000e+00   0.0000e+00   0  y  0.00  1   !  -9.99000e+02  -99.000  -99.000
OBS: 2006is  53963.117   -43.00   0.0000e+00   0.0000e+00   0  y  0.00  1   !  -9.99000e+02  -99.000  -99.000
OBS: 2006is  53965.117   -41.00   0.0000e+00   0.0000e+00   0  y  0.00  1   !  -9.99000e+02  -99.000  -99.000
OBS: 2006is  53967.117   -39.00   0.0000e+00   0.0000e+00   0  y  0.00  1   !  -9.99000e+02  -99.000  -99.000
OBS: 2006is  53969.117   -37.00   0.0000e+00   0.0000e+00   0  y  0.00  1   !  -9.99000e+02  -99.000  -99.000
OBS: 2006is  53971.117   -35.00   0.0000e+00   0.0000e+00   0  y  0.00  1   !  -9.99000e+02  -99.000  -99.000
OBS: 2006is  53973.117   -33.00   0.0000e+00   0.0000e+00   0  y  0.00  1   !  -9.99000e+02  -99.000  -99.000
OBS: 2006is  53975.117   -31.00   0.0000e+00   0.0000e+00   0  y  0.00  1   !  -9.99000e+02  -99.000  -99.000
OBS: 2006is  53977.117   -29.00   0.0000e+00   0.0000e+00   0  y  0.00  1   !  -9.99000e+02  -99.000  -99.000
OBS: 2006is  53979.117   -27.00   0.0000e+00   0.0000e+00   0  y  0.00  1   !  -9.99000e+02  -99.000  -99.000
OBS: 2006is  53981.117   -25.00   0.0000e+00   0.0000e+00   0  y  0.00  1   !  -9.99000e+02  -99.000  -99.000
OBS: 2006is  53983.117   -23.00   0.0000e+00   0.0000e+00   0  y  0.00  1   !  -9.99000e+02  -99.000  -99.000
OBS: 2006is  53985.117   -21.00   0.0000e+00   0.0000e+00   0  y  0.00  1   !  -9.99000e+02  -99.000  -99.000
OBS: 2006is  53987.117   -19.00   5.7603e+03   3.4672e+03   0  y  0.00  1   !  -9.99000e+02  -99.000  -99.000
OBS: 2006is  53989.117   -17.00   5.6050e+03   3.3737e+03   0  y  0.00  1   !  -9.99000e+02  -99.000  -99.000
OBS: 2006is  53991.117   -15.00   6.2478e+03   2.6888e+03   0  y  0.00  1   !  -9.99000e+02  -99.000  -99.000
OBS: 2006is  53993.117   -13.00   9.2604e+03   6.7445e+02   0  y  0.00  1   !  -9.99000e+02  -99.000  -99.000
OBS: 2006is  53995.117   -11.00   1.2418e+04   4.4359e+02   0  y  0.00  1   !  -9.99000e+02  -99.000  -99.000
OBS: 2006is  53997.117    -9.00   1.5572e+04   4.1957e+02   0  y  0.00  1   !  -9.99000e+02  -99.000  -99.000
OBS: 2006is  53999.117    -7.00   1.7864e+04   4.2583e+02   0  y  0.00  1   !  -9.99000e+02  -99.000  -99.000
OBS: 2006is  54001.117    -5.00   1.9006e+04   4.8383e+02   0  y  0.00  1   !  -9.99000e+02  -99.000  -99.000
OBS: 2006is  54003.117    -3.00   1.8926e+04   4.9243e+02   0  y  0.00  1   !  -9.99000e+02  -99.000  -99.000
OBS: 2006is  54005.117    -1.00   1.7808e+04   4.3665e+02   0  y  0.00  1   !  -9.99000e+02  -99.000  -99.000
OBS: 2006is  54007.117     1.00   1.6044e+04   4.5890e+02   0  y  0.00  1   !  -9.99000e+02  -99.000  -99.000
OBS: 2006is  54009.117     3.00   1.4561e+04   5.3695e+02   0  y  0.00  1   !  -9.99000e+02  -99.000  -99.000
OBS: 2006is  54011.117     5.00   1.2834e+04   5.3183e+02   0  y  0.00  1   !  -9.99000e+02  -99.000  -99.000
OBS: 2006is  54013.117     7.00   1.1495e+04   4.7785e+02   0  y  0.00  1   !  -9.99000e+02  -99.000  -99.000
OBS: 2006is  54015.117     9.00   1.0390e+04   4.6940e+02   0  y  0.00  1   !  -9.99000e+02  -99.000  -99.000
OBS: 2006is  54017.117    11.00   9.6311e+03   4.7661e+02   0  y  0.00  1   !  -9.99000e+02  -99.000  -99.000
OBS: 2006is  54019.117    13.00   9.3396e+03   5.2490e+02   0  y  0.00  1   !  -9.99000e+02  -99.000  -99.000
OBS: 2006is  54021.117    15.00   9.3117e+03   6.0238e+02   0  y  0.00  1   !  -9.99000e+02  -99.000  -99.000
OBS: 2006is  54023.117    17.00   9.7446e+03   4.6833e+02   0  y  0.00  1   !  -9.99000e+02  -99.000  -99.000
OBS: 2006is  54025.117    19.00   1.0132e+04   4.5736e+02   0  y  0.00  1   !  -9.99000e+02  -99.000  -99.000
OBS: 2006is  54027.117    21.00   1.0895e+04   5.4417e+02   0  y  0.00  1   !  -9.99000e+02  -99.000  -99.000
OBS: 2006is  54029.117    23.00   1.1859e+04   4.5991e+02   0  y  0.00  1   !  -9.99000e+02  -99.000  -99.000
OBS: 2006is  54031.117    25.00   1.3198e+04   3.9287e+02   0  y  0.00  1   !  -9.99000e+02  -99.000  -99.000
OBS: 2006is  54033.117    27.00   1.4452e+04   4.4946e+02   0  y  0.00  1   !  -9.99000e+02  -99.000  -99.000
OBS: 2006is  54035.117    29.00   1.6020e+04   4.6998e+02   0  y  0.00  1   !  -9.99000e+02  -99.000  -99.000
OBS: 2006is  54037.117    31.00   1.7204e+04   4.6570e+02   0  y  0.00  1   !  -9.99000e+02  -99.000  -99.000
OBS: 2006is  54039.117    33.00   1.8481e+04   5.3076e+02   0  y  0.00  1   !  -9.99000e+02  -99.000  -99.000
OBS: 2006is  54041.117    35.00   1.9675e+04   4.3286e+02   0  y  0.00  1   !  -9.99000e+02  -99.000  -99.000
OBS: 2006is  54043.117    37.00   1.9970e+04   6.9074e+02   0  y  0.00  1   !  -9.99000e+02  -99.000  -99.000
OBS: 2006is  54045.117    39.00   2.0194e+04   6.6878e+02   0  y  0.00  1   !  -9.99000e+02  -99.000  -99.000
OBS: 2006is  54047.117    41.00   2.0362e+04   6.9812e+02   0  y  0.00  1   !  -9.99000e+02  -99.000  -99.000
OBS: 2006is  54049.117    43.00   2.0329e+04   7.9464e+02   0  y  0.00  1   !  -9.99000e+02  -99.000  -99.000
OBS: 2006is  54051.117    45.00   1.9810e+04   8.3453e+02   0  y  0.00  1   !  -9.99000e+02  -99.000  -99.000
OBS: 2006is  54053.117    47.00   1.8851e+04   9.5911e+02   0  y  0.00  1   !  -9.99000e+02  -99.000  -99.000
OBS: 2006is  54055.117    49.00   1.7444e+04   6.9270e+02   0  y  0.00  1   !  -9.99000e+02  -99.000  -99.000
OBS: 2006is  54057.117    51.00   1.5841e+04   4.8259e+02   0  y  0.00  1   !  -9.99000e+02  -99.000  -99.000
OBS: 2006is  54059.117    53.00   1.4799e+04   8.9078e+03   0  y  0.00  1   !  -9.99000e+02  -99.000  -99.000
OBS: 2006is  54061.117    55.00   1.3907e+04   8.3708e+03   0  y  0.00  1   !  -9.99000e+02  -99.000  -99.000
OBS: 2006is  54063.117    57.00   1.3197e+04   7.9432e+03   0  y  0.00  1   !  -9.99000e+02  -99.000  -99.000
OBS: 2006is  54065.117    59.00   1.2224e+04   7.3580e+03   0  y  0.00  1   !  -9.99000e+02  -99.000  -99.000
OBS: 2006is  54067.117    61.00   1.0932e+04   6.5799e+03   0  y  0.00  1   !  -9.99000e+02  -99.000  -99.000
OBS: 2006is  54069.117    63.00   9.2531e+03   5.5695e+03   0  y  0.00  1   !  -9.99000e+02  -99.000  -99.000
OBS: 2006is  54071.117    65.00   7.2714e+03   4.3767e+03   0  y  0.00  1   !  -9.99000e+02  -99.000  -99.000
OBS: 2006is  54073.117    67.00   5.9077e+03   3.5559e+03   0  y  0.00  1   !  -9.99000e+02  -99.000  -99.000
OBS: 2006is  54075.117    69.00   4.9431e+03   2.9753e+03   0  y  0.00  1   !  -9.99000e+02  -99.000  -99.000
OBS: 2006is  54077.117    71.00   4.2787e+03   2.5754e+03   0  y  0.00  1   !  -9.99000e+02  -99.000  -99.000
OBS: 2006is  54079.117    73.00   3.6945e+03   2.2238e+03   0  y  0.00  1   !  -9.99000e+02  -99.000  -99.000
OBS: 2006is  54081.117    75.00   3.2058e+03   1.9296e+03   0  y  0.00  1   !  -9.99000e+02  -99.000  -99.000
OBS: 2006is  54083.117    77.00   2.7747e+03   1.6701e+03   0  y  0.00  1   !  -9.99000e+02  -99.000  -99.000
OBS: 2006is  54085.117    79.00   2.3664e+03   1.4244e+03   0  y  0.00  1   !  -9.99000e+02  -99.000  -99.000
OBS: 2006is  54087.117    81.00   2.0200e+03   1.2158e+03   0  y  0.00  1   !  -9.99000e+02  -99.000  -99.000
OBS: 2006is  54089.117    83.00   1.7261e+03   1.0390e+03   0  y  0.00  1   !  -9.99000e+02  -99.000  -99.000
OBS: 2006is  54091.117    85.00   1.4771e+03   8.8911e+02   0  y  0.00  1   !  -9.99000e+02  -99.000  -99.000
OBS: 2006is  54093.117    87.00   1.2666e+03   7.6238e+02   0  y  0.00  1   !  -9.99000e+02  -99.000  -99.000
OBS: 2006is  54095.117    89.00   1.0806e+03   6.5044e+02   0  y  0.00  1   !  -9.99000e+02  -99.000  -99.000
OBS: 2006is  54097.117    91.00   9.1911e+02   5.5322e+02   0  y  0.00  1   !  -9.99000e+02  -99.000  -99.000
OBS: 2006is  54099.117    93.00   7.8174e+02   4.7054e+02   0  y  0.00  1   !  -9.99000e+02  -99.000  -99.000
OBS: 2006is  54101.117    95.00   6.6491e+02   4.0021e+02   0  y  0.00  1   !  -9.99000e+02  -99.000  -99.000
OBS: 2006is  54103.117    97.00   5.6553e+02   3.4040e+02   0  y  0.00  1   !  -9.99000e+02  -99.000  -99.000
OBS: 2006is  54105.117    99.00   4.8101e+02   2.8952e+02   0  y  0.00  1   !  -9.99000e+02  -99.000  -99.000
OBS: 2006is  54107.117   101.00   4.0912e+02   2.4625e+02   0  y  0.00  1   !  -9.99000e+02  -99.000  -99.000
OBS: 2006is  54109.117   103.00   3.4797e+02   2.0945e+02   0  y  0.00  1   !  -9.99000e+02  -99.000  -99.000
OBS: 2006is  54111.117   105.00   2.9597e+02   1.7814e+02   0  y  0.00  1   !  -9.99000e+02  -99.000  -99.000
OBS: 2006is  54113.117   107.00   2.5173e+02   1.5152e+02   0  y  0.00  1   !  -9.99000e+02  -99.000  -99.000
OBS: 2006is  54115.117   109.00   2.1411e+02   1.2887e+02   0  y  0.00  1   !  -9.99000e+02  -99.000  -99.000
OBS: 2006is  54117.117   111.00   1.8211e+02   1.0961e+02   0  y  0.00  1   !  -9.99000e+02  -99.000  -99.000
OBS: 2006is  54119.117   113.00   1.5489e+02   9.3231e+01   0  y  0.00  1   !  -9.99000e+02  -99.000  -99.000
OBS: 2006is  54121.117   115.00   1.3174e+02   7.9297e+01   0  y  0.00  1   !  -9.99000e+02  -99.000  -99.000
OBS: 2006is  54123.117   117.00   1.1205e+02   6.7445e+01   0  y  0.00  1   !  -9.99000e+02  -99.000  -99.000
OBS: 2006is  54125.117   119.00   9.5305e+01   5.7365e+01   0  y  0.00  1   !  -9.99000e+02  -99.000  -99.000
OBS: 2006is  54127.117   121.00   8.1061e+01   4.8792e+01   0  y  0.00  1   !  -9.99000e+02  -99.000  -99.000
OBS: 2006is  54129.117   123.00   6.8946e+01   4.1499e+01   0  y  0.00  1   !  -9.99000e+02  -99.000  -99.000
OBS: 2006is  54131.117   125.00   5.8642e+01   3.5297e+01   0  y  0.00  1   !  -9.99000e+02  -99.000  -99.000
OBS: 2006is  54133.117   127.00   4.9877e+01   3.0022e+01   0  y  0.00  1   !  -9.99000e+02  -99.000  -99.000
OBS: 2006is  54135.117   129.00   4.2423e+01   2.5535e+01   0  y  0.00  1   !  -9.99000e+02  -99.000  -99.000
OBS: 2006is  54137.117   131.00   3.6082e+01   2.1718e+01   0  y  0.00  1   !  -9.99000e+02  -99.000  -99.000
OBS: 2006is  54139.117   133.00   3.0689e+01   1.8472e+01   0  y  0.00  1   !  -9.99000e+02  -99.000  -99.000
OBS: 2006is  54141.117   135.00   2.6103e+01   1.5711e+01   0  y  0.00  1   !  -9.99000e+02  -99.000  -99.000
OBS: 2006is  54143.117   137.00   2.2201e+01   1.3363e+01   0  y  0.00  1   !  -9.99000e+02  -99.000  -99.000
OBS: 2006is  54145.117   139.00   1.8883e+01   1.1366e+01   0  y  0.00  1   !  -9.99000e+02  -99.000  -99.000
