VARNAMES: CID MJD Tobs FLUXCAL FLUXCAL_ERR DATAFLAG BAND CHI2 IFIT BAND_REST FLUX_REST KCOR AVWARP 
OBS: DES15X2nkz  57384.312    11.61   1.4854e+01   1.0300e+00   1  H  3.70  1   Y  1.02594e+18  0.214  1.429
OBS: DES15X2nkz  57391.340    18.64   1.2866e+01   1.1040e+00   1  H  5.37  1   Y  9.25072e+17  0.258  1.630
OBS: DES15X2nkz  57399.289    26.59   2.1637e+01   1.0400e+00   1  H  2.41  1   Y  1.56509e+18  0.264  2.448
OBS: DES15X2nkz  57313.699   -59.00   0.0000e+00   0.0000e+00   0  H  0.00  1   !  -9.99000e+02  -99.000  -99.000
OBS: DES15X2nkz  57315.699   -57.00   0.0000e+00   0.0000e+00   0  H  0.00  1   !  -9.99000e+02  -99.000  -99.000
OBS: DES15X2nkz  57317.699   -55.00   0.0000e+00   0.0000e+00   0  H  0.00  1   !  -9.99000e+02  -99.000  -99.000
OBS: DES15X2nkz  57319.699   -53.00   0.0000e+00   0.0000e+00   0  H  0.00  1   !  -9.99000e+02  -99.000  -99.000
OBS: DES15X2nkz  57321.699   -51.00   0.0000e+00   0.0000e+00   0  H  0.00  1   !  -9.99000e+02  -99.000  -99.000
OBS: DES15X2nkz  57323.699   -49.00   0.0000e+00   0.0000e+00   0  H  0.00  1   !  -9.99000e+02  -99.000  -99.000
OBS: DES15X2nkz  57325.699   -47.00   0.0000e+00   0.0000e+00   0  H  0.00  1   !  -9.99000e+02  -99.000  -99.000
OBS: DES15X2nkz  57327.699   -45.00   0.0000e+00   0.0000e+00   0  H  0.00  1   !  -9.99000e+02  -99.000  -99.000
OBS: DES15X2nkz  57329.699   -43.00   0.0000e+00   0.0000e+00   0  H  0.00  1   !  -9.99000e+02  -99.000  -99.000
OBS: DES15X2nkz  57331.699   -41.00   0.0000e+00   0.0000e+00   0  H  0.00  1   !  -9.99000e+02  -99.000  -99.000
OBS: DES15X2nkz  57333.699   -39.00   0.0000e+00   0.0000e+00   0  H  0.00  1   !  -9.99000e+02  -99.000  -99.000
OBS: DES15X2nkz  57335.699   -37.00   0.0000e+00   0.0000e+00   0  H  0.00  1   !  -9.99000e+02  -99.000  -99.000
OBS: DES15X2nkz  57337.699   -35.00   0.0000e+00   0.0000e+00   0  H  0.00  1   !  -9.99000e+02  -99.000  -99.000
OBS: DES15X2nkz  57339.699   -33.00   0.0000e+00   0.0000e+00   0  H  0.00  1   !  -9.99000e+02  -99.000  -99.000
OBS: DES15X2nkz  57341.699   -31.00   0.0000e+00   0.0000e+00   0  H  0.00  1   !  -9.99000e+02  -99.000  -99.000
OBS: DES15X2nkz  57343.699   -29.00   7.2200e+00   4.3458e+00   0  H  0.00  1   !  -9.99000e+02  -99.000  -99.000
OBS: DES15X2nkz  57345.699   -27.00   7.1774e+00   4.3202e+00   0  H  0.00  1   !  -9.99000e+02  -99.000  -99.000
OBS: DES15X2nkz  57347.699   -25.00   7.2384e+00   4.3569e+00   0  H  0.00  1   !  -9.99000e+02  -99.000  -99.000
OBS: DES15X2nkz  57349.699   -23.00   7.2417e+00   4.3589e+00   0  H  0.00  1   !  -9.99000e+02  -99.000  -99.000
OBS: DES15X2nkz  57351.699   -21.00   9.6156e+00   3.3972e+00   0  H  0.00  1   !  -9.99000e+02  -99.000  -99.000
OBS: DES15X2nkz  57353.699   -19.00   1.4908e+01   1.7219e+00   0  H  0.00  1   !  -9.99000e+02  -99.000  -99.000
OBS: DES15X2nkz  57355.699   -17.00   2.0248e+01   1.3837e+00   0  H  0.00  1   !  -9.99000e+02  -99.000  -99.000
OBS: DES15X2nkz  57357.699   -15.00   2.5516e+01   1.2832e+00   0  H  0.00  1   !  -9.99000e+02  -99.000  -99.000
OBS: DES15X2nkz  57359.699   -13.00   3.0163e+01   1.2267e+00   0  H  0.00  1   !  -9.99000e+02  -99.000  -99.000
OBS: DES15X2nkz  57361.699   -11.00   3.3839e+01   1.0997e+00   0  H  0.00  1   !  -9.99000e+02  -99.000  -99.000
OBS: DES15X2nkz  57363.699    -9.00   3.6315e+01   9.6748e-01   0  H  0.00  1   !  -9.99000e+02  -99.000  -99.000
OBS: DES15X2nkz  57365.699    -7.00   3.7251e+01   9.5246e-01   0  H  0.00  1   !  -9.99000e+02  -99.000  -99.000
OBS: DES15X2nkz  57367.699    -5.00   3.6821e+01   1.0022e+00   0  H  0.00  1   !  -9.99000e+02  -99.000  -99.000
OBS: DES15X2nkz  57369.699    -3.00   3.5152e+01   1.0364e+00   0  H  0.00  1   !  -9.99000e+02  -99.000  -99.000
OBS: DES15X2nkz  57371.699    -1.00   3.2444e+01   1.0230e+00   0  H  0.00  1   !  -9.99000e+02  -99.000  -99.000
OBS: DES15X2nkz  57373.699     1.00   2.9312e+01   9.7550e-01   0  H  0.00  1   !  -9.99000e+02  -99.000  -99.000
OBS: DES15X2nkz  57375.699     3.00   2.6334e+01   9.3895e-01   0  H  0.00  1   !  -9.99000e+02  -99.000  -99.000
OBS: DES15X2nkz  57377.699     5.00   2.3819e+01   9.4183e-01   0  H  0.00  1   !  -9.99000e+02  -99.000  -99.000
OBS: DES15X2nkz  57379.699     7.00   2.1562e+01   9.3971e-01   0  H  0.00  1   !  -9.99000e+02  -99.000  -99.000
OBS: DES15X2nkz  57381.699     9.00   1.9582e+01   9.4071e-01   0  H  0.00  1   !  -9.99000e+02  -99.000  -99.000
OBS: DES15X2nkz  57383.699    11.00   1.7969e+01   9.4783e-01   0  H  0.00  1   !  -9.99000e+02  -99.000  -99.000
OBS: DES15X2nkz  57385.699    13.00   1.6847e+01   9.6781e-01   0  H  0.00  1   !  -9.99000e+02  -99.000  -99.000
OBS: DES15X2nkz  57387.699    15.00   1.6194e+01   9.6927e-01   0  H  0.00  1   !  -9.99000e+02  -99.000  -99.000
OBS: DES15X2nkz  57389.699    17.00   1.6011e+01   9.6124e-01   0  H  0.00  1   !  -9.99000e+02  -99.000  -99.000
OBS: DES15X2nkz  57391.699    19.00   1.6318e+01   9.4757e-01   0  H  0.00  1   !  -9.99000e+02  -99.000  -99.000
OBS: DES15X2nkz  57393.699    21.00   1.6941e+01   9.3937e-01   0  H  0.00  1   !  -9.99000e+02  -99.000  -99.000
OBS: DES15X2nkz  57395.699    23.00   1.7699e+01   9.3935e-01   0  H  0.00  1   !  -9.99000e+02  -99.000  -99.000
OBS: DES15X2nkz  57397.699    25.00   1.8597e+01   9.4973e-01   0  H  0.00  1   !  -9.99000e+02  -99.000  -99.000
OBS: DES15X2nkz  57399.699    27.00   1.9666e+01   9.8045e-01   0  H  0.00  1   !  -9.99000e+02  -99.000  -99.000
OBS: DES15X2nkz  57401.699    29.00   2.0909e+01   1.0313e+00   0  H  0.00  1   !  -9.99000e+02  -99.000  -99.000
OBS: DES15X2nkz  57403.699    31.00   2.2269e+01   1.0771e+00   0  H  0.00  1   !  -9.99000e+02  -99.000  -99.000
OBS: DES15X2nkz  57405.699    33.00   2.3814e+01   1.1038e+00   0  H  0.00  1   !  -9.99000e+02  -99.000  -99.000
OBS: DES15X2nkz  57407.699    35.00   2.5748e+01   1.0853e+00   0  H  0.00  1   !  -9.99000e+02  -99.000  -99.000
OBS: DES15X2nkz  57409.699    37.00   2.8138e+01   1.0831e+00   0  H  0.00  1   !  -9.99000e+02  -99.000  -99.000
OBS: DES15X2nkz  57411.699    39.00   3.0738e+01   1.0898e+00   0  H  0.00  1   !  -9.99000e+02  -99.000  -99.000
OBS: DES15X2nkz  57413.699    41.00   3.3032e+01   1.0939e+00   0  H  0.00  1   !  -9.99000e+02  -99.000  -99.000
OBS: DES15X2nkz  57415.699    43.00   3.4757e+01   1.1378e+00   0  H  0.00  1   !  -9.99000e+02  -99.000  -99.000
OBS: DES15X2nkz  57417.699    45.00   3.5903e+01   1.1530e+00   0  H  0.00  1   !  -9.99000e+02  -99.000  -99.000
OBS: DES15X2nkz  57419.699    47.00   3.6603e+01   1.1458e+00   0  H  0.00  1   !  -9.99000e+02  -99.000  -99.000
OBS: DES15X2nkz  57421.699    49.00   3.6973e+01   1.1450e+00   0  H  0.00  1   !  -9.99000e+02  -99.000  -99.000
OBS: DES15X2nkz  57423.699    51.00   3.6987e+01   1.1251e+00   0  H  0.00  1   !  -9.99000e+02  -99.000  -99.000
OBS: DES15X2nkz  57425.699    53.00   3.6538e+01   1.1136e+00   0  H  0.00  1   !  -9.99000e+02  -99.000  -99.000
OBS: DES15X2nkz  57427.699    55.00   3.5381e+01   1.1330e+00   0  H  0.00  1   !  -9.99000e+02  -99.000  -99.000
OBS: DES15X2nkz  57429.699    57.00   3.3640e+01   1.1557e+00   0  H  0.00  1   !  -9.99000e+02  -99.000  -99.000
OBS: DES15X2nkz  57431.699    59.00   3.1506e+01   1.1618e+00   0  H  0.00  1   !  -9.99000e+02  -99.000  -99.000
OBS: DES15X2nkz  57433.699    61.00   2.9389e+01   1.1591e+00   0  H  0.00  1   !  -9.99000e+02  -99.000  -99.000
OBS: DES15X2nkz  57435.699    63.00   2.7487e+01   1.0952e+00   0  H  0.00  1   !  -9.99000e+02  -99.000  -99.000
OBS: DES15X2nkz  57437.699    65.00   2.5915e+01   1.0046e+00   0  H  0.00  1   !  -9.99000e+02  -99.000  -99.000
OBS: DES15X2nkz  57439.699    67.00   2.4544e+01   9.4870e-01   0  H  0.00  1   !  -9.99000e+02  -99.000  -99.000
OBS: DES15X2nkz  57441.699    69.00   2.3186e+01   9.6146e-01   0  H  0.00  1   !  -9.99000e+02  -99.000  -99.000
OBS: DES15X2nkz  57443.699    71.00   2.1650e+01   9.8121e-01   0  H  0.00  1   !  -9.99000e+02  -99.000  -99.000
OBS: DES15X2nkz  57445.699    73.00   1.9989e+01   1.0118e+00   0  H  0.00  1   !  -9.99000e+02  -99.000  -99.000
OBS: DES15X2nkz  57447.699    75.00   1.8265e+01   1.0994e+01   0  H  0.00  1   !  -9.99000e+02  -99.000  -99.000
OBS: DES15X2nkz  57449.699    77.00   1.6546e+01   9.9591e+00   0  H  0.00  1   !  -9.99000e+02  -99.000  -99.000
OBS: DES15X2nkz  57451.699    79.00   1.4949e+01   8.9980e+00   0  H  0.00  1   !  -9.99000e+02  -99.000  -99.000
OBS: DES15X2nkz  57453.699    81.00   1.3550e+01   8.1559e+00   0  H  0.00  1   !  -9.99000e+02  -99.000  -99.000
OBS: DES15X2nkz  57455.699    83.00   1.2357e+01   7.4380e+00   0  H  0.00  1   !  -9.99000e+02  -99.000  -99.000
OBS: DES15X2nkz  57457.699    85.00   1.1377e+01   6.8482e+00   0  H  0.00  1   !  -9.99000e+02  -99.000  -99.000
OBS: DES15X2nkz  57459.699    87.00   1.0610e+01   6.3865e+00   0  H  0.00  1   !  -9.99000e+02  -99.000  -99.000
OBS: DES15X2nkz  57461.699    89.00   9.6396e+00   5.8022e+00   0  H  0.00  1   !  -9.99000e+02  -99.000  -99.000
OBS: DES15X2nkz  57463.699    91.00   8.4134e+00   5.0641e+00   0  H  0.00  1   !  -9.99000e+02  -99.000  -99.000
OBS: DES15X2nkz  57465.699    93.00   7.4240e+00   4.4686e+00   0  H  0.00  1   !  -9.99000e+02  -99.000  -99.000
OBS: DES15X2nkz  57467.699    95.00   6.6076e+00   3.9772e+00   0  H  0.00  1   !  -9.99000e+02  -99.000  -99.000
OBS: DES15X2nkz  57469.699    97.00   5.9194e+00   3.5629e+00   0  H  0.00  1   !  -9.99000e+02  -99.000  -99.000
OBS: DES15X2nkz  57471.699    99.00   5.3363e+00   3.2120e+00   0  H  0.00  1   !  -9.99000e+02  -99.000  -99.000
OBS: DES15X2nkz  57473.699   101.00   4.8373e+00   2.9116e+00   0  H  0.00  1   !  -9.99000e+02  -99.000  -99.000
OBS: DES15X2nkz  57475.699   103.00   4.4006e+00   2.6488e+00   0  H  0.00  1   !  -9.99000e+02  -99.000  -99.000
OBS: DES15X2nkz  57477.699   105.00   4.0042e+00   2.4102e+00   0  H  0.00  1   !  -9.99000e+02  -99.000  -99.000
OBS: DES15X2nkz  57479.699   107.00   3.6425e+00   2.1925e+00   0  H  0.00  1   !  -9.99000e+02  -99.000  -99.000
OBS: DES15X2nkz  57481.699   109.00   3.3135e+00   1.9944e+00   0  H  0.00  1   !  -9.99000e+02  -99.000  -99.000
OBS: DES15X2nkz  57483.699   111.00   3.0186e+00   1.8169e+00   0  H  0.00  1   !  -9.99000e+02  -99.000  -99.000
OBS: DES15X2nkz  57485.699   113.00   2.7511e+00   1.6559e+00   0  H  0.00  1   !  -9.99000e+02  -99.000  -99.000
OBS: DES15X2nkz  57487.699   115.00   2.5076e+00   1.5093e+00   0  H  0.00  1   !  -9.99000e+02  -99.000  -99.000
OBS: DES15X2nkz  57489.699   117.00   2.2859e+00   1.3759e+00   0  H  0.00  1   !  -9.99000e+02  -99.000  -99.000
OBS: DES15X2nkz  57491.699   119.00   2.0842e+00   1.2545e+00   0  H  0.00  1   !  -9.99000e+02  -99.000  -99.000
OBS: DES15X2nkz  57493.699   121.00   1.9010e+00   1.1443e+00   0  H  0.00  1   !  -9.99000e+02  -99.000  -99.000
OBS: DES15X2nkz  57495.699   123.00   1.7346e+00   1.0441e+00   0  H  0.00  1   !  -9.99000e+02  -99.000  -99.000
OBS: DES15X2nkz  57497.699   125.00   1.5833e+00   9.5301e-01   0  H  0.00  1   !  -9.99000e+02  -99.000  -99.000
OBS: DES15X2nkz  57499.699   127.00   1.4411e+00   8.6742e-01   0  H  0.00  1   !  -9.99000e+02  -99.000  -99.000
OBS: DES15X2nkz  57501.699   129.00   1.3117e+00   7.8952e-01   0  H  0.00  1   !  -9.99000e+02  -99.000  -99.000
OBS: DES15X2nkz  57503.699   131.00   1.1939e+00   7.1862e-01   0  H  0.00  1   !  -9.99000e+02  -99.000  -99.000
OBS: DES15X2nkz  57505.699   133.00   1.0867e+00   6.5409e-01   0  H  0.00  1   !  -9.99000e+02  -99.000  -99.000
OBS: DES15X2nkz  57507.699   135.00   9.8910e-01   5.9535e-01   0  H  0.00  1   !  -9.99000e+02  -99.000  -99.000
OBS: DES15X2nkz  57509.699   137.00   9.0027e-01   5.4188e-01   0  H  0.00  1   !  -9.99000e+02  -99.000  -99.000
OBS: DES15X2nkz  57511.699   139.00   8.1942e-01   4.9322e-01   0  H  0.00  1   !  -9.99000e+02  -99.000  -99.000
