VARNAMES: CID MJD Tobs FLUXCAL FLUXCAL_ERR DATAFLAG BAND CHI2 IFIT BAND_REST FLUX_REST KCOR AVWARP 
OBS: DES15X2mey  57357.039    15.24   1.5188e+01   1.2590e+00   1  H  2.97  1   Y  1.44698e+18  -0.453  -1.878
OBS: DES15X2mey  57365.770    23.97   1.2975e+01   1.0760e+00   1  H  0.31  1   Y  1.22369e+18  -0.464  -1.284
OBS: DES15X2mey  57374.645    32.84   1.5628e+01   1.1660e+00   1  H  0.58  1   Y  1.54091e+18  -0.416  -1.028
OBS: DES15X2mey  57282.801   -59.00   0.0000e+00   0.0000e+00   0  H  0.00  1   !  -9.99000e+02  -99.000  -99.000
OBS: DES15X2mey  57284.801   -57.00   0.0000e+00   0.0000e+00   0  H  0.00  1   !  -9.99000e+02  -99.000  -99.000
OBS: DES15X2mey  57286.801   -55.00   0.0000e+00   0.0000e+00   0  H  0.00  1   !  -9.99000e+02  -99.000  -99.000
OBS: DES15X2mey  57288.801   -53.00   0.0000e+00   0.0000e+00   0  H  0.00  1   !  -9.99000e+02  -99.000  -99.000
OBS: DES15X2mey  57290.801   -51.00   0.0000e+00   0.0000e+00   0  H  0.00  1   !  -9.99000e+02  -99.000  -99.000
OBS: DES15X2mey  57292.801   -49.00   0.0000e+00   0.0000e+00   0  H  0.00  1   !  -9.99000e+02  -99.000  -99.000
OBS: DES15X2mey  57294.801   -47.00   0.0000e+00   0.0000e+00   0  H  0.00  1   !  -9.99000e+02  -99.000  -99.000
OBS: DES15X2mey  57296.801   -45.00   0.0000e+00   0.0000e+00   0  H  0.00  1   !  -9.99000e+02  -99.000  -99.000
OBS: DES15X2mey  57298.801   -43.00   0.0000e+00   0.0000e+00   0  H  0.00  1   !  -9.99000e+02  -99.000  -99.000
OBS: DES15X2mey  57300.801   -41.00   0.0000e+00   0.0000e+00   0  H  0.00  1   !  -9.99000e+02  -99.000  -99.000
OBS: DES15X2mey  57302.801   -39.00   0.0000e+00   0.0000e+00   0  H  0.00  1   !  -9.99000e+02  -99.000  -99.000
OBS: DES15X2mey  57304.801   -37.00   0.0000e+00   0.0000e+00   0  H  0.00  1   !  -9.99000e+02  -99.000  -99.000
OBS: DES15X2mey  57306.801   -35.00   0.0000e+00   0.0000e+00   0  H  0.00  1   !  -9.99000e+02  -99.000  -99.000
OBS: DES15X2mey  57308.801   -33.00   0.0000e+00   0.0000e+00   0  H  0.00  1   !  -9.99000e+02  -99.000  -99.000
OBS: DES15X2mey  57310.801   -31.00   3.2644e+00   1.9649e+00   0  H  0.00  1   !  -9.99000e+02  -99.000  -99.000
OBS: DES15X2mey  57312.801   -29.00   3.1811e+00   1.9147e+00   0  H  0.00  1   !  -9.99000e+02  -99.000  -99.000
OBS: DES15X2mey  57314.801   -27.00   3.1763e+00   1.9119e+00   0  H  0.00  1   !  -9.99000e+02  -99.000  -99.000
OBS: DES15X2mey  57316.801   -25.00   3.1712e+00   1.9088e+00   0  H  0.00  1   !  -9.99000e+02  -99.000  -99.000
OBS: DES15X2mey  57318.801   -23.00   4.4334e+00   1.5909e+00   0  H  0.00  1   !  -9.99000e+02  -99.000  -99.000
OBS: DES15X2mey  57320.801   -21.00   7.0494e+00   8.9448e-01   0  H  0.00  1   !  -9.99000e+02  -99.000  -99.000
OBS: DES15X2mey  57322.801   -19.00   9.6901e+00   7.1470e-01   0  H  0.00  1   !  -9.99000e+02  -99.000  -99.000
OBS: DES15X2mey  57324.801   -17.00   1.2212e+01   6.4743e-01   0  H  0.00  1   !  -9.99000e+02  -99.000  -99.000
OBS: DES15X2mey  57326.801   -15.00   1.4472e+01   6.3026e-01   0  H  0.00  1   !  -9.99000e+02  -99.000  -99.000
OBS: DES15X2mey  57328.801   -13.00   1.6643e+01   6.0004e-01   0  H  0.00  1   !  -9.99000e+02  -99.000  -99.000
OBS: DES15X2mey  57330.801   -11.00   1.8612e+01   5.5584e-01   0  H  0.00  1   !  -9.99000e+02  -99.000  -99.000
OBS: DES15X2mey  57332.801    -9.00   2.0012e+01   5.3379e-01   0  H  0.00  1   !  -9.99000e+02  -99.000  -99.000
OBS: DES15X2mey  57334.801    -7.00   2.0845e+01   5.5687e-01   0  H  0.00  1   !  -9.99000e+02  -99.000  -99.000
OBS: DES15X2mey  57336.801    -5.00   2.0829e+01   5.9405e-01   0  H  0.00  1   !  -9.99000e+02  -99.000  -99.000
OBS: DES15X2mey  57338.801    -3.00   2.0088e+01   5.9601e-01   0  H  0.00  1   !  -9.99000e+02  -99.000  -99.000
OBS: DES15X2mey  57340.801    -1.00   1.8988e+01   5.8962e-01   0  H  0.00  1   !  -9.99000e+02  -99.000  -99.000
OBS: DES15X2mey  57342.801     1.00   1.7813e+01   5.9103e-01   0  H  0.00  1   !  -9.99000e+02  -99.000  -99.000
OBS: DES15X2mey  57344.801     3.00   1.6739e+01   6.0355e-01   0  H  0.00  1   !  -9.99000e+02  -99.000  -99.000
OBS: DES15X2mey  57346.801     5.00   1.5864e+01   6.2444e-01   0  H  0.00  1   !  -9.99000e+02  -99.000  -99.000
OBS: DES15X2mey  57348.801     7.00   1.4989e+01   6.4969e-01   0  H  0.00  1   !  -9.99000e+02  -99.000  -99.000
OBS: DES15X2mey  57350.801     9.00   1.4132e+01   6.5800e-01   0  H  0.00  1   !  -9.99000e+02  -99.000  -99.000
OBS: DES15X2mey  57352.801    11.00   1.3325e+01   6.7285e-01   0  H  0.00  1   !  -9.99000e+02  -99.000  -99.000
OBS: DES15X2mey  57354.801    13.00   1.2802e+01   7.1222e-01   0  H  0.00  1   !  -9.99000e+02  -99.000  -99.000
OBS: DES15X2mey  57356.801    15.00   1.2669e+01   7.5172e-01   0  H  0.00  1   !  -9.99000e+02  -99.000  -99.000
OBS: DES15X2mey  57358.801    17.00   1.2610e+01   7.6887e-01   0  H  0.00  1   !  -9.99000e+02  -99.000  -99.000
OBS: DES15X2mey  57360.801    19.00   1.2688e+01   7.6945e-01   0  H  0.00  1   !  -9.99000e+02  -99.000  -99.000
OBS: DES15X2mey  57362.801    21.00   1.2940e+01   7.5920e-01   0  H  0.00  1   !  -9.99000e+02  -99.000  -99.000
OBS: DES15X2mey  57364.801    23.00   1.3386e+01   7.5334e-01   0  H  0.00  1   !  -9.99000e+02  -99.000  -99.000
OBS: DES15X2mey  57366.801    25.00   1.4098e+01   7.6146e-01   0  H  0.00  1   !  -9.99000e+02  -99.000  -99.000
OBS: DES15X2mey  57368.801    27.00   1.4857e+01   7.7651e-01   0  H  0.00  1   !  -9.99000e+02  -99.000  -99.000
OBS: DES15X2mey  57370.801    29.00   1.5579e+01   7.8134e-01   0  H  0.00  1   !  -9.99000e+02  -99.000  -99.000
OBS: DES15X2mey  57372.801    31.00   1.6314e+01   8.0075e-01   0  H  0.00  1   !  -9.99000e+02  -99.000  -99.000
OBS: DES15X2mey  57374.801    33.00   1.6725e+01   8.0299e-01   0  H  0.00  1   !  -9.99000e+02  -99.000  -99.000
OBS: DES15X2mey  57376.801    35.00   1.6940e+01   7.8402e-01   0  H  0.00  1   !  -9.99000e+02  -99.000  -99.000
OBS: DES15X2mey  57378.801    37.00   1.7290e+01   7.6298e-01   0  H  0.00  1   !  -9.99000e+02  -99.000  -99.000
OBS: DES15X2mey  57380.801    39.00   1.8281e+01   7.4395e-01   0  H  0.00  1   !  -9.99000e+02  -99.000  -99.000
OBS: DES15X2mey  57382.801    41.00   1.9405e+01   7.2318e-01   0  H  0.00  1   !  -9.99000e+02  -99.000  -99.000
OBS: DES15X2mey  57384.801    43.00   2.0440e+01   7.0503e-01   0  H  0.00  1   !  -9.99000e+02  -99.000  -99.000
OBS: DES15X2mey  57386.801    45.00   2.0923e+01   6.9012e-01   0  H  0.00  1   !  -9.99000e+02  -99.000  -99.000
OBS: DES15X2mey  57388.801    47.00   2.0995e+01   6.8811e-01   0  H  0.00  1   !  -9.99000e+02  -99.000  -99.000
OBS: DES15X2mey  57390.801    49.00   2.0745e+01   6.6623e-01   0  H  0.00  1   !  -9.99000e+02  -99.000  -99.000
OBS: DES15X2mey  57392.801    51.00   2.0299e+01   6.5188e-01   0  H  0.00  1   !  -9.99000e+02  -99.000  -99.000
OBS: DES15X2mey  57394.801    53.00   1.9697e+01   6.1639e-01   0  H  0.00  1   !  -9.99000e+02  -99.000  -99.000
OBS: DES15X2mey  57396.801    55.00   1.8932e+01   5.8853e-01   0  H  0.00  1   !  -9.99000e+02  -99.000  -99.000
OBS: DES15X2mey  57398.801    57.00   1.8179e+01   5.5971e-01   0  H  0.00  1   !  -9.99000e+02  -99.000  -99.000
OBS: DES15X2mey  57400.801    59.00   1.7627e+01   5.6144e-01   0  H  0.00  1   !  -9.99000e+02  -99.000  -99.000
OBS: DES15X2mey  57402.801    61.00   1.6927e+01   5.7072e-01   0  H  0.00  1   !  -9.99000e+02  -99.000  -99.000
OBS: DES15X2mey  57404.801    63.00   1.6008e+01   5.7391e-01   0  H  0.00  1   !  -9.99000e+02  -99.000  -99.000
OBS: DES15X2mey  57406.801    65.00   1.4999e+01   5.6436e-01   0  H  0.00  1   !  -9.99000e+02  -99.000  -99.000
OBS: DES15X2mey  57408.801    67.00   1.4005e+01   5.4197e-01   0  H  0.00  1   !  -9.99000e+02  -99.000  -99.000
OBS: DES15X2mey  57410.801    69.00   1.3114e+01   5.1126e-01   0  H  0.00  1   !  -9.99000e+02  -99.000  -99.000
OBS: DES15X2mey  57412.801    71.00   1.2346e+01   4.7067e-01   0  H  0.00  1   !  -9.99000e+02  -99.000  -99.000
OBS: DES15X2mey  57414.801    73.00   1.1638e+01   4.4768e-01   0  H  0.00  1   !  -9.99000e+02  -99.000  -99.000
OBS: DES15X2mey  57416.801    75.00   1.0932e+01   4.3828e-01   0  H  0.00  1   !  -9.99000e+02  -99.000  -99.000
OBS: DES15X2mey  57418.801    77.00   1.0221e+01   4.4728e-01   0  H  0.00  1   !  -9.99000e+02  -99.000  -99.000
OBS: DES15X2mey  57420.801    79.00   9.4664e+00   4.5588e-01   0  H  0.00  1   !  -9.99000e+02  -99.000  -99.000
OBS: DES15X2mey  57422.801    81.00   8.6610e+00   2.7184e+00   0  H  0.00  1   !  -9.99000e+02  -99.000  -99.000
OBS: DES15X2mey  57424.801    83.00   7.8506e+00   4.7254e+00   0  H  0.00  1   !  -9.99000e+02  -99.000  -99.000
OBS: DES15X2mey  57426.801    85.00   7.0850e+00   4.2645e+00   0  H  0.00  1   !  -9.99000e+02  -99.000  -99.000
OBS: DES15X2mey  57428.801    87.00   6.6045e+00   3.9753e+00   0  H  0.00  1   !  -9.99000e+02  -99.000  -99.000
OBS: DES15X2mey  57430.801    89.00   6.1863e+00   3.7236e+00   0  H  0.00  1   !  -9.99000e+02  -99.000  -99.000
OBS: DES15X2mey  57432.801    91.00   5.8220e+00   3.5043e+00   0  H  0.00  1   !  -9.99000e+02  -99.000  -99.000
OBS: DES15X2mey  57434.801    93.00   5.5132e+00   3.3185e+00   0  H  0.00  1   !  -9.99000e+02  -99.000  -99.000
OBS: DES15X2mey  57436.801    95.00   5.2636e+00   3.1682e+00   0  H  0.00  1   !  -9.99000e+02  -99.000  -99.000
OBS: DES15X2mey  57438.801    97.00   4.9777e+00   2.9961e+00   0  H  0.00  1   !  -9.99000e+02  -99.000  -99.000
OBS: DES15X2mey  57440.801    99.00   4.4651e+00   2.6876e+00   0  H  0.00  1   !  -9.99000e+02  -99.000  -99.000
OBS: DES15X2mey  57442.801   101.00   4.0088e+00   2.4129e+00   0  H  0.00  1   !  -9.99000e+02  -99.000  -99.000
OBS: DES15X2mey  57444.801   103.00   3.6237e+00   2.1812e+00   0  H  0.00  1   !  -9.99000e+02  -99.000  -99.000
OBS: DES15X2mey  57446.801   105.00   3.3019e+00   1.9874e+00   0  H  0.00  1   !  -9.99000e+02  -99.000  -99.000
OBS: DES15X2mey  57448.801   107.00   3.0264e+00   1.8216e+00   0  H  0.00  1   !  -9.99000e+02  -99.000  -99.000
OBS: DES15X2mey  57450.801   109.00   2.7920e+00   1.6805e+00   0  H  0.00  1   !  -9.99000e+02  -99.000  -99.000
OBS: DES15X2mey  57452.801   111.00   2.5894e+00   1.5586e+00   0  H  0.00  1   !  -9.99000e+02  -99.000  -99.000
OBS: DES15X2mey  57454.801   113.00   2.4153e+00   1.4538e+00   0  H  0.00  1   !  -9.99000e+02  -99.000  -99.000
OBS: DES15X2mey  57456.801   115.00   2.2598e+00   1.3602e+00   0  H  0.00  1   !  -9.99000e+02  -99.000  -99.000
OBS: DES15X2mey  57458.801   117.00   2.1225e+00   1.2776e+00   0  H  0.00  1   !  -9.99000e+02  -99.000  -99.000
OBS: DES15X2mey  57460.801   119.00   2.0000e+00   1.2038e+00   0  H  0.00  1   !  -9.99000e+02  -99.000  -99.000
OBS: DES15X2mey  57462.801   121.00   1.8455e+00   1.1108e+00   0  H  0.00  1   !  -9.99000e+02  -99.000  -99.000
OBS: DES15X2mey  57464.801   123.00   1.7034e+00   1.0253e+00   0  H  0.00  1   !  -9.99000e+02  -99.000  -99.000
OBS: DES15X2mey  57466.801   125.00   1.5728e+00   9.4670e-01   0  H  0.00  1   !  -9.99000e+02  -99.000  -99.000
OBS: DES15X2mey  57468.801   127.00   1.4538e+00   8.7503e-01   0  H  0.00  1   !  -9.99000e+02  -99.000  -99.000
OBS: DES15X2mey  57470.801   129.00   1.3441e+00   8.0903e-01   0  H  0.00  1   !  -9.99000e+02  -99.000  -99.000
OBS: DES15X2mey  57472.801   131.00   1.2439e+00   7.4871e-01   0  H  0.00  1   !  -9.99000e+02  -99.000  -99.000
OBS: DES15X2mey  57474.801   133.00   1.1523e+00   6.9361e-01   0  H  0.00  1   !  -9.99000e+02  -99.000  -99.000
OBS: DES15X2mey  57476.801   135.00   1.0683e+00   6.4304e-01   0  H  0.00  1   !  -9.99000e+02  -99.000  -99.000
OBS: DES15X2mey  57478.801   137.00   9.9070e-01   5.9632e-01   0  H  0.00  1   !  -9.99000e+02  -99.000  -99.000
OBS: DES15X2mey  57480.801   139.00   9.0969e-01   5.4755e-01   0  H  0.00  1   !  -9.99000e+02  -99.000  -99.000
