VARNAMES: CID MJD Tobs FLUXCAL FLUXCAL_ERR DATAFLAG BAND CHI2 IFIT BAND_REST FLUX_REST KCOR AVWARP 
OBS: PScB480794  56355.473     6.37   7.0262e+01   3.4950e+00   1  J  1.61  1   Y  1.68334e+18  -0.241  -1.603
OBS: PScB480794  56361.867    12.76   5.9638e+01   3.1860e+00   1  J  1.05  1   Y  1.31927e+18  -0.328  -1.838
OBS: PScB480794  56368.633    19.53   4.8565e+01   2.3710e+00   1  J  4.40  1   Y  1.10620e+18  -0.296  -1.317
OBS: PScB480794  56290.102   -59.00   0.0000e+00   0.0000e+00   0  J  0.00  1   !  -9.99000e+02  -99.000  -99.000
OBS: PScB480794  56292.102   -57.00   0.0000e+00   0.0000e+00   0  J  0.00  1   !  -9.99000e+02  -99.000  -99.000
OBS: PScB480794  56294.102   -55.00   0.0000e+00   0.0000e+00   0  J  0.00  1   !  -9.99000e+02  -99.000  -99.000
OBS: PScB480794  56296.102   -53.00   0.0000e+00   0.0000e+00   0  J  0.00  1   !  -9.99000e+02  -99.000  -99.000
OBS: PScB480794  56298.102   -51.00   0.0000e+00   0.0000e+00   0  J  0.00  1   !  -9.99000e+02  -99.000  -99.000
OBS: PScB480794  56300.102   -49.00   0.0000e+00   0.0000e+00   0  J  0.00  1   !  -9.99000e+02  -99.000  -99.000
OBS: PScB480794  56302.102   -47.00   0.0000e+00   0.0000e+00   0  J  0.00  1   !  -9.99000e+02  -99.000  -99.000
OBS: PScB480794  56304.102   -45.00   0.0000e+00   0.0000e+00   0  J  0.00  1   !  -9.99000e+02  -99.000  -99.000
OBS: PScB480794  56306.102   -43.00   0.0000e+00   0.0000e+00   0  J  0.00  1   !  -9.99000e+02  -99.000  -99.000
OBS: PScB480794  56308.102   -41.00   0.0000e+00   0.0000e+00   0  J  0.00  1   !  -9.99000e+02  -99.000  -99.000
OBS: PScB480794  56310.102   -39.00   0.0000e+00   0.0000e+00   0  J  0.00  1   !  -9.99000e+02  -99.000  -99.000
OBS: PScB480794  56312.102   -37.00   0.0000e+00   0.0000e+00   0  J  0.00  1   !  -9.99000e+02  -99.000  -99.000
OBS: PScB480794  56314.102   -35.00   0.0000e+00   0.0000e+00   0  J  0.00  1   !  -9.99000e+02  -99.000  -99.000
OBS: PScB480794  56316.102   -33.00   0.0000e+00   0.0000e+00   0  J  0.00  1   !  -9.99000e+02  -99.000  -99.000
OBS: PScB480794  56318.102   -31.00   0.0000e+00   0.0000e+00   0  J  0.00  1   !  -9.99000e+02  -99.000  -99.000
OBS: PScB480794  56320.102   -29.00   0.0000e+00   0.0000e+00   0  J  0.00  1   !  -9.99000e+02  -99.000  -99.000
OBS: PScB480794  56322.102   -27.00   0.0000e+00   0.0000e+00   0  J  0.00  1   !  -9.99000e+02  -99.000  -99.000
OBS: PScB480794  56324.102   -25.00   1.3187e+01   7.9372e+00   0  J  0.00  1   !  -9.99000e+02  -99.000  -99.000
OBS: PScB480794  56326.102   -23.00   1.3610e+01   8.1920e+00   0  J  0.00  1   !  -9.99000e+02  -99.000  -99.000
OBS: PScB480794  56328.102   -21.00   1.3599e+01   8.1854e+00   0  J  0.00  1   !  -9.99000e+02  -99.000  -99.000
OBS: PScB480794  56330.102   -19.00   1.9447e+01   6.6026e+00   0  J  0.00  1   !  -9.99000e+02  -99.000  -99.000
OBS: PScB480794  56332.102   -17.00   3.2569e+01   3.7774e+00   0  J  0.00  1   !  -9.99000e+02  -99.000  -99.000
OBS: PScB480794  56334.102   -15.00   4.6063e+01   2.8179e+00   0  J  0.00  1   !  -9.99000e+02  -99.000  -99.000
OBS: PScB480794  56336.102   -13.00   5.7720e+01   2.4972e+00   0  J  0.00  1   !  -9.99000e+02  -99.000  -99.000
OBS: PScB480794  56338.102   -11.00   6.8165e+01   2.3334e+00   0  J  0.00  1   !  -9.99000e+02  -99.000  -99.000
OBS: PScB480794  56340.102    -9.00   7.7995e+01   2.2061e+00   0  J  0.00  1   !  -9.99000e+02  -99.000  -99.000
OBS: PScB480794  56342.102    -7.00   8.4894e+01   2.2402e+00   0  J  0.00  1   !  -9.99000e+02  -99.000  -99.000
OBS: PScB480794  56344.102    -5.00   8.8138e+01   2.4553e+00   0  J  0.00  1   !  -9.99000e+02  -99.000  -99.000
OBS: PScB480794  56346.102    -3.00   8.6753e+01   2.4177e+00   0  J  0.00  1   !  -9.99000e+02  -99.000  -99.000
OBS: PScB480794  56348.102    -1.00   8.2905e+01   2.4163e+00   0  J  0.00  1   !  -9.99000e+02  -99.000  -99.000
OBS: PScB480794  56350.102     1.00   7.7705e+01   2.5131e+00   0  J  0.00  1   !  -9.99000e+02  -99.000  -99.000
OBS: PScB480794  56352.102     3.00   7.2277e+01   2.6929e+00   0  J  0.00  1   !  -9.99000e+02  -99.000  -99.000
OBS: PScB480794  56354.102     5.00   6.7307e+01   2.8119e+00   0  J  0.00  1   !  -9.99000e+02  -99.000  -99.000
OBS: PScB480794  56356.102     7.00   6.3326e+01   2.8372e+00   0  J  0.00  1   !  -9.99000e+02  -99.000  -99.000
OBS: PScB480794  56358.102     9.00   5.9489e+01   2.8957e+00   0  J  0.00  1   !  -9.99000e+02  -99.000  -99.000
OBS: PScB480794  56360.102    11.00   5.6550e+01   3.0802e+00   0  J  0.00  1   !  -9.99000e+02  -99.000  -99.000
OBS: PScB480794  56362.102    13.00   5.4841e+01   3.2692e+00   0  J  0.00  1   !  -9.99000e+02  -99.000  -99.000
OBS: PScB480794  56364.102    15.00   5.4500e+01   3.3318e+00   0  J  0.00  1   !  -9.99000e+02  -99.000  -99.000
OBS: PScB480794  56366.102    17.00   5.4739e+01   3.2072e+00   0  J  0.00  1   !  -9.99000e+02  -99.000  -99.000
OBS: PScB480794  56368.102    19.00   5.5892e+01   3.0709e+00   0  J  0.00  1   !  -9.99000e+02  -99.000  -99.000
OBS: PScB480794  56370.102    21.00   5.9408e+01   3.1482e+00   0  J  0.00  1   !  -9.99000e+02  -99.000  -99.000
OBS: PScB480794  56372.102    23.00   6.3068e+01   3.1679e+00   0  J  0.00  1   !  -9.99000e+02  -99.000  -99.000
OBS: PScB480794  56374.102    25.00   6.6523e+01   3.0832e+00   0  J  0.00  1   !  -9.99000e+02  -99.000  -99.000
OBS: PScB480794  56376.102    27.00   6.9021e+01   3.0206e+00   0  J  0.00  1   !  -9.99000e+02  -99.000  -99.000
OBS: PScB480794  56378.102    29.00   6.9698e+01   2.9144e+00   0  J  0.00  1   !  -9.99000e+02  -99.000  -99.000
OBS: PScB480794  56380.102    31.00   7.1170e+01   2.8080e+00   0  J  0.00  1   !  -9.99000e+02  -99.000  -99.000
OBS: PScB480794  56382.102    33.00   7.4706e+01   2.7077e+00   0  J  0.00  1   !  -9.99000e+02  -99.000  -99.000
OBS: PScB480794  56384.102    35.00   7.8228e+01   2.6161e+00   0  J  0.00  1   !  -9.99000e+02  -99.000  -99.000
OBS: PScB480794  56386.102    37.00   8.0161e+01   2.5253e+00   0  J  0.00  1   !  -9.99000e+02  -99.000  -99.000
OBS: PScB480794  56388.102    39.00   8.0087e+01   2.5038e+00   0  J  0.00  1   !  -9.99000e+02  -99.000  -99.000
OBS: PScB480794  56390.102    41.00   7.8405e+01   2.5001e+00   0  J  0.00  1   !  -9.99000e+02  -99.000  -99.000
OBS: PScB480794  56392.102    43.00   7.6117e+01   2.4445e+00   0  J  0.00  1   !  -9.99000e+02  -99.000  -99.000
OBS: PScB480794  56394.102    45.00   7.2995e+01   2.2988e+00   0  J  0.00  1   !  -9.99000e+02  -99.000  -99.000
OBS: PScB480794  56396.102    47.00   6.9335e+01   2.1809e+00   0  J  0.00  1   !  -9.99000e+02  -99.000  -99.000
OBS: PScB480794  56398.102    49.00   6.6353e+01   2.2134e+00   0  J  0.00  1   !  -9.99000e+02  -99.000  -99.000
OBS: PScB480794  56400.102    51.00   6.2581e+01   2.2896e+00   0  J  0.00  1   !  -9.99000e+02  -99.000  -99.000
OBS: PScB480794  56402.102    53.00   5.7998e+01   2.1967e+00   0  J  0.00  1   !  -9.99000e+02  -99.000  -99.000
OBS: PScB480794  56404.102    55.00   5.3273e+01   1.9751e+00   0  J  0.00  1   !  -9.99000e+02  -99.000  -99.000
OBS: PScB480794  56406.102    57.00   4.8962e+01   1.7826e+00   0  J  0.00  1   !  -9.99000e+02  -99.000  -99.000
OBS: PScB480794  56408.102    59.00   4.5310e+01   1.6111e+00   0  J  0.00  1   !  -9.99000e+02  -99.000  -99.000
OBS: PScB480794  56410.102    61.00   4.2091e+01   1.5227e+00   0  J  0.00  1   !  -9.99000e+02  -99.000  -99.000
OBS: PScB480794  56412.102    63.00   3.8940e+01   1.5072e+00   0  J  0.00  1   !  -9.99000e+02  -99.000  -99.000
OBS: PScB480794  56414.102    65.00   3.5711e+01   1.5647e+00   0  J  0.00  1   !  -9.99000e+02  -99.000  -99.000
OBS: PScB480794  56416.102    67.00   3.2188e+01   6.8506e+00   0  J  0.00  1   !  -9.99000e+02  -99.000  -99.000
OBS: PScB480794  56418.102    69.00   2.8608e+01   1.7220e+01   0  J  0.00  1   !  -9.99000e+02  -99.000  -99.000
OBS: PScB480794  56420.102    71.00   2.5464e+01   1.5327e+01   0  J  0.00  1   !  -9.99000e+02  -99.000  -99.000
OBS: PScB480794  56422.102    73.00   2.3536e+01   1.4167e+01   0  J  0.00  1   !  -9.99000e+02  -99.000  -99.000
OBS: PScB480794  56424.102    75.00   2.1855e+01   1.3155e+01   0  J  0.00  1   !  -9.99000e+02  -99.000  -99.000
OBS: PScB480794  56426.102    77.00   2.0465e+01   1.2318e+01   0  J  0.00  1   !  -9.99000e+02  -99.000  -99.000
OBS: PScB480794  56428.102    79.00   1.9387e+01   1.1669e+01   0  J  0.00  1   !  -9.99000e+02  -99.000  -99.000
OBS: PScB480794  56430.102    81.00   1.7854e+01   1.0747e+01   0  J  0.00  1   !  -9.99000e+02  -99.000  -99.000
OBS: PScB480794  56432.102    83.00   1.5690e+01   9.4441e+00   0  J  0.00  1   !  -9.99000e+02  -99.000  -99.000
OBS: PScB480794  56434.102    85.00   1.3893e+01   8.3621e+00   0  J  0.00  1   !  -9.99000e+02  -99.000  -99.000
OBS: PScB480794  56436.102    87.00   1.2425e+01   7.4789e+00   0  J  0.00  1   !  -9.99000e+02  -99.000  -99.000
OBS: PScB480794  56438.102    89.00   1.1209e+01   6.7467e+00   0  J  0.00  1   !  -9.99000e+02  -99.000  -99.000
OBS: PScB480794  56440.102    91.00   1.0206e+01   6.1428e+00   0  J  0.00  1   !  -9.99000e+02  -99.000  -99.000
OBS: PScB480794  56442.102    93.00   9.3526e+00   5.6294e+00   0  J  0.00  1   !  -9.99000e+02  -99.000  -99.000
OBS: PScB480794  56444.102    95.00   8.6190e+00   5.1879e+00   0  J  0.00  1   !  -9.99000e+02  -99.000  -99.000
OBS: PScB480794  56446.102    97.00   7.9760e+00   4.8009e+00   0  J  0.00  1   !  -9.99000e+02  -99.000  -99.000
OBS: PScB480794  56448.102    99.00   7.3893e+00   4.4477e+00   0  J  0.00  1   !  -9.99000e+02  -99.000  -99.000
OBS: PScB480794  56450.102   101.00   6.7343e+00   4.0535e+00   0  J  0.00  1   !  -9.99000e+02  -99.000  -99.000
OBS: PScB480794  56452.102   103.00   6.1400e+00   3.6957e+00   0  J  0.00  1   !  -9.99000e+02  -99.000  -99.000
OBS: PScB480794  56454.102   105.00   5.6048e+00   3.3736e+00   0  J  0.00  1   !  -9.99000e+02  -99.000  -99.000
OBS: PScB480794  56456.102   107.00   5.1201e+00   3.0819e+00   0  J  0.00  1   !  -9.99000e+02  -99.000  -99.000
OBS: PScB480794  56458.102   109.00   4.6834e+00   2.8190e+00   0  J  0.00  1   !  -9.99000e+02  -99.000  -99.000
OBS: PScB480794  56460.102   111.00   4.2908e+00   2.5827e+00   0  J  0.00  1   !  -9.99000e+02  -99.000  -99.000
OBS: PScB480794  56462.102   113.00   3.9388e+00   2.3708e+00   0  J  0.00  1   !  -9.99000e+02  -99.000  -99.000
OBS: PScB480794  56464.102   115.00   3.5751e+00   2.1519e+00   0  J  0.00  1   !  -9.99000e+02  -99.000  -99.000
OBS: PScB480794  56466.102   117.00   3.2343e+00   1.9468e+00   0  J  0.00  1   !  -9.99000e+02  -99.000  -99.000
OBS: PScB480794  56468.102   119.00   2.9259e+00   1.7612e+00   0  J  0.00  1   !  -9.99000e+02  -99.000  -99.000
OBS: PScB480794  56470.102   121.00   2.6469e+00   1.5932e+00   0  J  0.00  1   !  -9.99000e+02  -99.000  -99.000
OBS: PScB480794  56472.102   123.00   2.3944e+00   1.4412e+00   0  J  0.00  1   !  -9.99000e+02  -99.000  -99.000
OBS: PScB480794  56474.102   125.00   2.1659e+00   1.3037e+00   0  J  0.00  1   !  -9.99000e+02  -99.000  -99.000
OBS: PScB480794  56476.102   127.00   1.9594e+00   1.1794e+00   0  J  0.00  1   !  -9.99000e+02  -99.000  -99.000
OBS: PScB480794  56478.102   129.00   1.7725e+00   1.0669e+00   0  J  0.00  1   !  -9.99000e+02  -99.000  -99.000
OBS: PScB480794  56480.102   131.00   1.6032e+00   9.6500e-01   0  J  0.00  1   !  -9.99000e+02  -99.000  -99.000
OBS: PScB480794  56482.102   133.00   1.4501e+00   8.7281e-01   0  J  0.00  1   !  -9.99000e+02  -99.000  -99.000
OBS: PScB480794  56484.102   135.00   1.3115e+00   7.8941e-01   0  J  0.00  1   !  -9.99000e+02  -99.000  -99.000
OBS: PScB480794  56486.102   137.00   1.1861e+00   7.1395e-01   0  J  0.00  1   !  -9.99000e+02  -99.000  -99.000
OBS: PScB480794  56488.102   139.00   1.0727e+00   6.4569e-01   0  J  0.00  1   !  -9.99000e+02  -99.000  -99.000
