VARNAMES: CID MJD Tobs FLUXCAL FLUXCAL_ERR DATAFLAG BAND CHI2 IFIT BAND_REST FLUX_REST KCOR AVWARP 
OBS: PScC490037  56376.680     6.88   2.0056e+01   2.9570e+00   1  H  0.00  1   Y  1.34107e+18  0.269  1.514
OBS: PScC490037  56381.797    12.00   1.6194e+01   2.5760e+00   1  H  0.01  1   Y  1.16333e+18  0.347  0.922
OBS: PScC490037  56390.504    20.70   1.5405e+01   2.6390e+00   1  H  0.00  1   Y  1.24383e+18  0.473  -0.878
OBS: PScC490037  56310.801   -59.00   0.0000e+00   0.0000e+00   0  H  0.00  1   !  -9.99000e+02  -99.000  -99.000
OBS: PScC490037  56312.801   -57.00   0.0000e+00   0.0000e+00   0  H  0.00  1   !  -9.99000e+02  -99.000  -99.000
OBS: PScC490037  56314.801   -55.00   0.0000e+00   0.0000e+00   0  H  0.00  1   !  -9.99000e+02  -99.000  -99.000
OBS: PScC490037  56316.801   -53.00   0.0000e+00   0.0000e+00   0  H  0.00  1   !  -9.99000e+02  -99.000  -99.000
OBS: PScC490037  56318.801   -51.00   0.0000e+00   0.0000e+00   0  H  0.00  1   !  -9.99000e+02  -99.000  -99.000
OBS: PScC490037  56320.801   -49.00   0.0000e+00   0.0000e+00   0  H  0.00  1   !  -9.99000e+02  -99.000  -99.000
OBS: PScC490037  56322.801   -47.00   0.0000e+00   0.0000e+00   0  H  0.00  1   !  -9.99000e+02  -99.000  -99.000
OBS: PScC490037  56324.801   -45.00   0.0000e+00   0.0000e+00   0  H  0.00  1   !  -9.99000e+02  -99.000  -99.000
OBS: PScC490037  56326.801   -43.00   0.0000e+00   0.0000e+00   0  H  0.00  1   !  -9.99000e+02  -99.000  -99.000
OBS: PScC490037  56328.801   -41.00   0.0000e+00   0.0000e+00   0  H  0.00  1   !  -9.99000e+02  -99.000  -99.000
OBS: PScC490037  56330.801   -39.00   0.0000e+00   0.0000e+00   0  H  0.00  1   !  -9.99000e+02  -99.000  -99.000
OBS: PScC490037  56332.801   -37.00   0.0000e+00   0.0000e+00   0  H  0.00  1   !  -9.99000e+02  -99.000  -99.000
OBS: PScC490037  56334.801   -35.00   0.0000e+00   0.0000e+00   0  H  0.00  1   !  -9.99000e+02  -99.000  -99.000
OBS: PScC490037  56336.801   -33.00   0.0000e+00   0.0000e+00   0  H  0.00  1   !  -9.99000e+02  -99.000  -99.000
OBS: PScC490037  56338.801   -31.00   0.0000e+00   0.0000e+00   0  H  0.00  1   !  -9.99000e+02  -99.000  -99.000
OBS: PScC490037  56340.801   -29.00   0.0000e+00   0.0000e+00   0  H  0.00  1   !  -9.99000e+02  -99.000  -99.000
OBS: PScC490037  56342.801   -27.00   5.2008e+00   3.1304e+00   0  H  0.00  1   !  -9.99000e+02  -99.000  -99.000
OBS: PScC490037  56344.801   -25.00   5.5483e+00   3.3396e+00   0  H  0.00  1   !  -9.99000e+02  -99.000  -99.000
OBS: PScC490037  56346.801   -23.00   5.5527e+00   3.3422e+00   0  H  0.00  1   !  -9.99000e+02  -99.000  -99.000
OBS: PScC490037  56348.801   -21.00   6.2791e+00   3.3383e+00   0  H  0.00  1   !  -9.99000e+02  -99.000  -99.000
OBS: PScC490037  56350.801   -19.00   1.1911e+01   1.6007e+00   0  H  0.00  1   !  -9.99000e+02  -99.000  -99.000
OBS: PScC490037  56352.801   -17.00   1.8025e+01   1.0007e+00   0  H  0.00  1   !  -9.99000e+02  -99.000  -99.000
OBS: PScC490037  56354.801   -15.00   2.3746e+01   9.1102e-01   0  H  0.00  1   !  -9.99000e+02  -99.000  -99.000
OBS: PScC490037  56356.801   -13.00   2.8950e+01   9.2250e-01   0  H  0.00  1   !  -9.99000e+02  -99.000  -99.000
OBS: PScC490037  56358.801   -11.00   3.2980e+01   8.6131e-01   0  H  0.00  1   !  -9.99000e+02  -99.000  -99.000
OBS: PScC490037  56360.801    -9.00   3.5614e+01   7.8262e-01   0  H  0.00  1   !  -9.99000e+02  -99.000  -99.000
OBS: PScC490037  56362.801    -7.00   3.6777e+01   7.2240e-01   0  H  0.00  1   !  -9.99000e+02  -99.000  -99.000
OBS: PScC490037  56364.801    -5.00   3.6122e+01   7.5046e-01   0  H  0.00  1   !  -9.99000e+02  -99.000  -99.000
OBS: PScC490037  56366.801    -3.00   3.4231e+01   7.7545e-01   0  H  0.00  1   !  -9.99000e+02  -99.000  -99.000
OBS: PScC490037  56368.801    -1.00   3.1549e+01   7.8841e-01   0  H  0.00  1   !  -9.99000e+02  -99.000  -99.000
OBS: PScC490037  56370.801     1.00   2.8288e+01   7.9066e-01   0  H  0.00  1   !  -9.99000e+02  -99.000  -99.000
OBS: PScC490037  56372.801     3.00   2.5040e+01   8.1355e-01   0  H  0.00  1   !  -9.99000e+02  -99.000  -99.000
OBS: PScC490037  56374.801     5.00   2.2270e+01   8.3112e-01   0  H  0.00  1   !  -9.99000e+02  -99.000  -99.000
OBS: PScC490037  56376.801     7.00   2.0151e+01   8.3364e-01   0  H  0.00  1   !  -9.99000e+02  -99.000  -99.000
OBS: PScC490037  56378.801     9.00   1.8241e+01   7.9990e-01   0  H  0.00  1   !  -9.99000e+02  -99.000  -99.000
OBS: PScC490037  56380.801    11.00   1.6611e+01   7.5816e-01   0  H  0.00  1   !  -9.99000e+02  -99.000  -99.000
OBS: PScC490037  56382.801    13.00   1.5380e+01   7.2073e-01   0  H  0.00  1   !  -9.99000e+02  -99.000  -99.000
OBS: PScC490037  56384.801    15.00   1.4685e+01   7.0622e-01   0  H  0.00  1   !  -9.99000e+02  -99.000  -99.000
OBS: PScC490037  56386.801    17.00   1.4523e+01   7.1579e-01   0  H  0.00  1   !  -9.99000e+02  -99.000  -99.000
OBS: PScC490037  56388.801    19.00   1.4911e+01   7.1333e-01   0  H  0.00  1   !  -9.99000e+02  -99.000  -99.000
OBS: PScC490037  56390.801    21.00   1.5548e+01   6.9580e-01   0  H  0.00  1   !  -9.99000e+02  -99.000  -99.000
OBS: PScC490037  56392.801    23.00   1.6380e+01   7.0664e-01   0  H  0.00  1   !  -9.99000e+02  -99.000  -99.000
OBS: PScC490037  56394.801    25.00   1.7430e+01   7.3926e-01   0  H  0.00  1   !  -9.99000e+02  -99.000  -99.000
OBS: PScC490037  56396.801    27.00   1.8611e+01   7.8913e-01   0  H  0.00  1   !  -9.99000e+02  -99.000  -99.000
OBS: PScC490037  56398.801    29.00   2.0007e+01   8.5516e-01   0  H  0.00  1   !  -9.99000e+02  -99.000  -99.000
OBS: PScC490037  56400.801    31.00   2.1730e+01   9.4012e-01   0  H  0.00  1   !  -9.99000e+02  -99.000  -99.000
OBS: PScC490037  56402.801    33.00   2.3734e+01   9.9371e-01   0  H  0.00  1   !  -9.99000e+02  -99.000  -99.000
OBS: PScC490037  56404.801    35.00   2.5859e+01   9.8882e-01   0  H  0.00  1   !  -9.99000e+02  -99.000  -99.000
OBS: PScC490037  56406.801    37.00   2.8068e+01   9.4792e-01   0  H  0.00  1   !  -9.99000e+02  -99.000  -99.000
OBS: PScC490037  56408.801    39.00   3.0016e+01   9.2735e-01   0  H  0.00  1   !  -9.99000e+02  -99.000  -99.000
OBS: PScC490037  56410.801    41.00   3.1566e+01   9.1497e-01   0  H  0.00  1   !  -9.99000e+02  -99.000  -99.000
OBS: PScC490037  56412.801    43.00   3.2505e+01   8.9888e-01   0  H  0.00  1   !  -9.99000e+02  -99.000  -99.000
OBS: PScC490037  56414.801    45.00   3.2934e+01   8.7166e-01   0  H  0.00  1   !  -9.99000e+02  -99.000  -99.000
OBS: PScC490037  56416.801    47.00   3.2934e+01   8.3574e-01   0  H  0.00  1   !  -9.99000e+02  -99.000  -99.000
OBS: PScC490037  56418.801    49.00   3.2328e+01   8.5857e-01   0  H  0.00  1   !  -9.99000e+02  -99.000  -99.000
OBS: PScC490037  56420.801    51.00   3.1115e+01   8.6406e-01   0  H  0.00  1   !  -9.99000e+02  -99.000  -99.000
OBS: PScC490037  56422.801    53.00   2.9197e+01   8.6974e-01   0  H  0.00  1   !  -9.99000e+02  -99.000  -99.000
OBS: PScC490037  56424.801    55.00   2.6808e+01   8.3124e-01   0  H  0.00  1   !  -9.99000e+02  -99.000  -99.000
OBS: PScC490037  56426.801    57.00   2.4280e+01   8.2861e-01   0  H  0.00  1   !  -9.99000e+02  -99.000  -99.000
OBS: PScC490037  56428.801    59.00   2.1903e+01   8.5371e-01   0  H  0.00  1   !  -9.99000e+02  -99.000  -99.000
OBS: PScC490037  56430.801    61.00   1.9957e+01   8.5992e-01   0  H  0.00  1   !  -9.99000e+02  -99.000  -99.000
OBS: PScC490037  56432.801    63.00   1.8551e+01   8.4106e-01   0  H  0.00  1   !  -9.99000e+02  -99.000  -99.000
OBS: PScC490037  56434.801    65.00   1.7403e+01   8.1012e-01   0  H  0.00  1   !  -9.99000e+02  -99.000  -99.000
OBS: PScC490037  56436.801    67.00   1.6288e+01   7.9532e-01   0  H  0.00  1   !  -9.99000e+02  -99.000  -99.000
OBS: PScC490037  56438.801    69.00   1.5143e+01   8.0813e-01   0  H  0.00  1   !  -9.99000e+02  -99.000  -99.000
OBS: PScC490037  56440.801    71.00   1.3997e+01   8.5378e-01   0  H  0.00  1   !  -9.99000e+02  -99.000  -99.000
OBS: PScC490037  56442.801    73.00   1.2899e+01   7.7643e+00   0  H  0.00  1   !  -9.99000e+02  -99.000  -99.000
OBS: PScC490037  56444.801    75.00   1.1890e+01   7.1565e+00   0  H  0.00  1   !  -9.99000e+02  -99.000  -99.000
OBS: PScC490037  56446.801    77.00   1.0899e+01   6.5605e+00   0  H  0.00  1   !  -9.99000e+02  -99.000  -99.000
OBS: PScC490037  56448.801    79.00   9.9824e+00   6.0085e+00   0  H  0.00  1   !  -9.99000e+02  -99.000  -99.000
OBS: PScC490037  56450.801    81.00   9.1446e+00   5.5043e+00   0  H  0.00  1   !  -9.99000e+02  -99.000  -99.000
OBS: PScC490037  56452.801    83.00   8.4154e+00   5.0653e+00   0  H  0.00  1   !  -9.99000e+02  -99.000  -99.000
OBS: PScC490037  56454.801    85.00   7.8091e+00   4.7004e+00   0  H  0.00  1   !  -9.99000e+02  -99.000  -99.000
OBS: PScC490037  56456.801    87.00   6.7465e+00   4.0608e+00   0  H  0.00  1   !  -9.99000e+02  -99.000  -99.000
OBS: PScC490037  56458.801    89.00   5.8315e+00   3.5100e+00   0  H  0.00  1   !  -9.99000e+02  -99.000  -99.000
OBS: PScC490037  56460.801    91.00   5.1072e+00   3.0741e+00   0  H  0.00  1   !  -9.99000e+02  -99.000  -99.000
OBS: PScC490037  56462.801    93.00   4.5377e+00   2.7313e+00   0  H  0.00  1   !  -9.99000e+02  -99.000  -99.000
OBS: PScC490037  56464.801    95.00   4.0701e+00   2.4499e+00   0  H  0.00  1   !  -9.99000e+02  -99.000  -99.000
OBS: PScC490037  56466.801    97.00   3.6819e+00   2.2162e+00   0  H  0.00  1   !  -9.99000e+02  -99.000  -99.000
OBS: PScC490037  56468.801    99.00   3.3539e+00   2.0187e+00   0  H  0.00  1   !  -9.99000e+02  -99.000  -99.000
OBS: PScC490037  56470.801   101.00   3.0562e+00   1.8396e+00   0  H  0.00  1   !  -9.99000e+02  -99.000  -99.000
OBS: PScC490037  56472.801   103.00   2.7764e+00   1.6712e+00   0  H  0.00  1   !  -9.99000e+02  -99.000  -99.000
OBS: PScC490037  56474.801   105.00   2.5143e+00   1.5134e+00   0  H  0.00  1   !  -9.99000e+02  -99.000  -99.000
OBS: PScC490037  56476.801   107.00   2.3057e+00   1.3878e+00   0  H  0.00  1   !  -9.99000e+02  -99.000  -99.000
OBS: PScC490037  56478.801   109.00   2.1175e+00   1.2745e+00   0  H  0.00  1   !  -9.99000e+02  -99.000  -99.000
OBS: PScC490037  56480.801   111.00   1.9441e+00   1.1702e+00   0  H  0.00  1   !  -9.99000e+02  -99.000  -99.000
OBS: PScC490037  56482.801   113.00   1.7843e+00   1.0740e+00   0  H  0.00  1   !  -9.99000e+02  -99.000  -99.000
OBS: PScC490037  56484.801   115.00   1.6369e+00   9.8529e-01   0  H  0.00  1   !  -9.99000e+02  -99.000  -99.000
OBS: PScC490037  56486.801   117.00   1.5006e+00   9.0325e-01   0  H  0.00  1   !  -9.99000e+02  -99.000  -99.000
OBS: PScC490037  56488.801   119.00   1.3744e+00   8.2729e-01   0  H  0.00  1   !  -9.99000e+02  -99.000  -99.000
OBS: PScC490037  56490.801   121.00   1.2578e+00   7.5709e-01   0  H  0.00  1   !  -9.99000e+02  -99.000  -99.000
OBS: PScC490037  56492.801   123.00   1.1576e+00   6.9676e-01   0  H  0.00  1   !  -9.99000e+02  -99.000  -99.000
OBS: PScC490037  56494.801   125.00   1.0653e+00   6.4124e-01   0  H  0.00  1   !  -9.99000e+02  -99.000  -99.000
OBS: PScC490037  56496.801   127.00   9.8047e-01   5.9015e-01   0  H  0.00  1   !  -9.99000e+02  -99.000  -99.000
OBS: PScC490037  56498.801   129.00   9.0236e-01   5.4314e-01   0  H  0.00  1   !  -9.99000e+02  -99.000  -99.000
OBS: PScC490037  56500.801   131.00   8.3049e-01   4.9988e-01   0  H  0.00  1   !  -9.99000e+02  -99.000  -99.000
OBS: PScC490037  56502.801   133.00   7.6434e-01   4.6007e-01   0  H  0.00  1   !  -9.99000e+02  -99.000  -99.000
OBS: PScC490037  56504.801   135.00   7.0347e-01   4.2343e-01   0  H  0.00  1   !  -9.99000e+02  -99.000  -99.000
OBS: PScC490037  56506.801   137.00   6.4747e-01   3.8972e-01   0  H  0.00  1   !  -9.99000e+02  -99.000  -99.000
OBS: PScC490037  56508.801   139.00   5.9593e-01   3.5870e-01   0  H  0.00  1   !  -9.99000e+02  -99.000  -99.000
