VARNAMES: CID MJD Tobs FLUXCAL FLUXCAL_ERR DATAFLAG BAND CHI2 IFIT BAND_REST FLUX_REST KCOR AVWARP 
OBS: PScJ560054  56574.398     0.73   6.1133e+01   1.3921e+01   1  g  0.31  1   B  6.06161e+18  0.400  0.386
OBS: PScJ560054  56590.398    16.73   2.1133e+01   9.2760e+00   1  g  0.11  1   B  2.95495e+18  0.773  -0.220
OBS: PScJ560054  56593.301    19.63   2.0999e+01   9.0290e+00   1  g  0.01  1   B  3.08803e+18  0.828  -0.389
OBS: PScJ560054  56601.301    27.63   2.3229e+01   1.7017e+01   1  g  0.63  1   B  4.36949e+18  1.095  -0.496
OBS: PScJ560054  56629.301    55.63   3.8820e+00   5.9620e+00   1  g  0.06  1   B  7.69461e+17  1.152  -0.257
OBS: PScJ560054  55101.500  -1472.17   3.3410e+00   8.8270e+00  -1  g  0.14  1   !  -9.99000e+02  -99.000  -99.000
OBS: PScJ560054  55389.500  -1184.17   4.0320e+00   5.1570e+00  -1  g  0.61  1   !  -9.99000e+02  -99.000  -99.000
OBS: PScJ560054  55398.602  -1175.07   3.2230e+00   1.4975e+01  -1  g  0.05  1   !  -9.99000e+02  -99.000  -99.000
OBS: PScJ560054  55410.602  -1163.07   7.6970e+00   2.3355e+01  -1  g  0.11  1   !  -9.99000e+02  -99.000  -99.000
OBS: PScJ560054  55416.602  -1157.07   2.7080e+00   5.5580e+00  -1  g  0.24  1   !  -9.99000e+02  -99.000  -99.000
OBS: PScJ560054  55425.602  -1148.07   1.3150e+00   6.9950e+00  -1  g  0.04  1   !  -9.99000e+02  -99.000  -99.000
OBS: PScJ560054  55428.602  -1145.07   8.6300e-01   6.7180e+00  -1  g  0.02  1   !  -9.99000e+02  -99.000  -99.000
OBS: PScJ560054  55440.500  -1133.17   1.2974e+01   9.7870e+00  -1  g  1.76  1   !  -9.99000e+02  -99.000  -99.000
OBS: PScJ560054  55443.500  -1130.17   4.7070e+00   7.8910e+00  -1  g  0.36  1   !  -9.99000e+02  -99.000  -99.000
OBS: PScJ560054  55449.500  -1124.17   7.8860e+00   1.3916e+01  -1  g  0.32  1   !  -9.99000e+02  -99.000  -99.000
OBS: PScJ560054  55458.301  -1115.37   1.3656e+01   3.0577e+01  -1  g  0.20  1   !  -9.99000e+02  -99.000  -99.000
OBS: PScJ560054  55467.398  -1106.27   2.1350e+01   1.7413e+01  -1  g  1.50  1   !  -9.99000e+02  -99.000  -99.000
OBS: PScJ560054  55476.500  -1097.17   1.7620e+00   3.8400e+00  -1  g  0.21  1   !  -9.99000e+02  -99.000  -99.000
OBS: PScJ560054  55479.301  -1094.37   1.1722e+01   7.8250e+00  -1  g  2.24  1   !  -9.99000e+02  -99.000  -99.000
OBS: PScJ560054  55482.301  -1091.37   3.3530e+00   1.0249e+01  -1  g  0.11  1   !  -9.99000e+02  -99.000  -99.000
OBS: PScJ560054  55530.301  -1043.37   2.0323e+01   1.2170e+01  -1  g  2.79  1   !  -9.99000e+02  -99.000  -99.000
OBS: PScJ560054  55773.602  -800.07   1.7990e+00   8.6800e+00  -1  g  0.04  1   !  -9.99000e+02  -99.000  -99.000
OBS: PScJ560054  55776.602  -797.07   4.2340e+00   7.1480e+00  -1  g  0.35  1   !  -9.99000e+02  -99.000  -99.000
OBS: PScJ560054  55779.602  -794.07   3.8070e+00   3.8400e+00  -1  g  0.98  1   !  -9.99000e+02  -99.000  -99.000
OBS: PScJ560054  55794.602  -779.07   2.7230e+00   1.3586e+01  -1  g  0.04  1   !  -9.99000e+02  -99.000  -99.000
OBS: PScJ560054  55800.500  -773.17   2.9530e+00   1.0799e+01  -1  g  0.07  1   !  -9.99000e+02  -99.000  -99.000
OBS: PScJ560054  55806.602  -767.07   5.4870e+00   1.0444e+01  -1  g  0.28  1   !  -9.99000e+02  -99.000  -99.000
OBS: PScJ560054  55809.602  -764.07   1.1899e+01   7.2900e+00  -1  g  2.66  1   !  -9.99000e+02  -99.000  -99.000
OBS: PScJ560054  55828.398  -745.27   5.7580e+00   4.5790e+00  -1  g  1.58  1   !  -9.99000e+02  -99.000  -99.000
OBS: PScJ560054  55830.301  -743.37   1.3724e+01   9.0770e+00  -1  g  2.29  1   !  -9.99000e+02  -99.000  -99.000
OBS: PScJ560054  55833.398  -740.27   1.1900e-01   9.0390e+00  -1  g  0.00  1   !  -9.99000e+02  -99.000  -99.000
OBS: PScJ560054  55836.398  -737.27   1.5253e+01   8.0240e+00  -1  g  3.61  1   !  -9.99000e+02  -99.000  -99.000
OBS: PScJ560054  55839.500  -734.17   8.1650e+00   1.4193e+01  -1  g  0.33  1   !  -9.99000e+02  -99.000  -99.000
OBS: PScJ560054  55855.398  -718.27   1.6988e+01   1.1249e+01  -1  g  2.28  1   !  -9.99000e+02  -99.000  -99.000
OBS: PScJ560054  55889.301  -684.37   8.4980e+00   5.0040e+00  -1  g  2.88  1   !  -9.99000e+02  -99.000  -99.000
OBS: PScJ560054  56155.500  -418.17   6.9300e-01   5.8480e+00  -1  g  0.01  1   !  -9.99000e+02  -99.000  -99.000
OBS: PScJ560054  56161.602  -412.07   8.0300e-01   4.4660e+00  -1  g  0.03  1   !  -9.99000e+02  -99.000  -99.000
OBS: PScJ560054  56164.398  -409.27   5.1790e+00   1.7378e+01  -1  g  0.09  1   !  -9.99000e+02  -99.000  -99.000
OBS: PScJ560054  56217.301  -356.37   1.0593e+01   5.8690e+00  -1  g  3.26  1   !  -9.99000e+02  -99.000  -99.000
OBS: PScJ560054  56238.199  -335.47   8.4790e+00   1.0286e+01  -1  g  0.68  1   !  -9.99000e+02  -99.000  -99.000
OBS: PScJ560054  56480.602   -93.07   9.1300e-01   6.3100e+00  -1  g  0.02  1   !  -9.99000e+02  -99.000  -99.000
OBS: PScJ560054  56507.602   -66.07   5.5480e+00   6.1050e+00  -1  g  0.83  1   !  -9.99000e+02  -99.000  -99.000
OBS: PScJ560054  56518.602   -55.07   2.6590e+00   8.0530e+00  -1  g  0.11  1   !  -9.99000e+02  -99.000  -99.000
OBS: PScJ560054  56531.602   -42.07   3.1500e-01   1.2497e+01  -1  g  0.00  1   !  -9.99000e+02  -99.000  -99.000
OBS: PScJ560054  56534.602   -39.07   1.9298e+01   1.0535e+01  -1  g  3.36  1   !  -9.99000e+02  -99.000  -99.000
OBS: PScJ560054  56514.672   -59.00   0.0000e+00   0.0000e+00   0  g  0.00  1   !  -9.99000e+02  -99.000  -99.000
OBS: PScJ560054  56516.672   -57.00   0.0000e+00   0.0000e+00   0  g  0.00  1   !  -9.99000e+02  -99.000  -99.000
OBS: PScJ560054  56518.672   -55.00   0.0000e+00   0.0000e+00   0  g  0.00  1   !  -9.99000e+02  -99.000  -99.000
OBS: PScJ560054  56520.672   -53.00   0.0000e+00   0.0000e+00   0  g  0.00  1   !  -9.99000e+02  -99.000  -99.000
OBS: PScJ560054  56522.672   -51.00   0.0000e+00   0.0000e+00   0  g  0.00  1   !  -9.99000e+02  -99.000  -99.000
OBS: PScJ560054  56524.672   -49.00   0.0000e+00   0.0000e+00   0  g  0.00  1   !  -9.99000e+02  -99.000  -99.000
OBS: PScJ560054  56526.672   -47.00   0.0000e+00   0.0000e+00   0  g  0.00  1   !  -9.99000e+02  -99.000  -99.000
OBS: PScJ560054  56528.672   -45.00   0.0000e+00   0.0000e+00   0  g  0.00  1   !  -9.99000e+02  -99.000  -99.000
OBS: PScJ560054  56530.672   -43.00   0.0000e+00   0.0000e+00   0  g  0.00  1   !  -9.99000e+02  -99.000  -99.000
OBS: PScJ560054  56532.672   -41.00   0.0000e+00   0.0000e+00   0  g  0.00  1   !  -9.99000e+02  -99.000  -99.000
OBS: PScJ560054  56534.672   -39.00   0.0000e+00   0.0000e+00   0  g  0.00  1   !  -9.99000e+02  -99.000  -99.000
OBS: PScJ560054  56536.672   -37.00   0.0000e+00   0.0000e+00   0  g  0.00  1   !  -9.99000e+02  -99.000  -99.000
OBS: PScJ560054  56538.672   -35.00   0.0000e+00   0.0000e+00   0  g  0.00  1   !  -9.99000e+02  -99.000  -99.000
OBS: PScJ560054  56540.672   -33.00   0.0000e+00   0.0000e+00   0  g  0.00  1   !  -9.99000e+02  -99.000  -99.000
OBS: PScJ560054  56542.672   -31.00   0.0000e+00   0.0000e+00   0  g  0.00  1   !  -9.99000e+02  -99.000  -99.000
OBS: PScJ560054  56544.672   -29.00   1.0898e+01   6.5906e+00   0  g  0.00  1   !  -9.99000e+02  -99.000  -99.000
OBS: PScJ560054  56546.672   -27.00   1.5245e+01   9.2195e+00   0  g  0.00  1   !  -9.99000e+02  -99.000  -99.000
OBS: PScJ560054  56548.672   -25.00   1.6609e+01   1.0044e+01   0  g  0.00  1   !  -9.99000e+02  -99.000  -99.000
OBS: PScJ560054  56550.672   -23.00   1.6652e+01   1.0070e+01   0  g  0.00  1   !  -9.99000e+02  -99.000  -99.000
OBS: PScJ560054  56552.672   -21.00   1.6738e+01   1.0122e+01   0  g  0.00  1   !  -9.99000e+02  -99.000  -99.000
OBS: PScJ560054  56554.672   -19.00   1.9510e+01   1.1799e+01   0  g  0.00  1   !  -9.99000e+02  -99.000  -99.000
OBS: PScJ560054  56556.672   -17.00   2.4448e+01   1.4785e+01   0  g  0.00  1   !  -9.99000e+02  -99.000  -99.000
OBS: PScJ560054  56558.672   -15.00   3.0886e+01   5.2741e+00   0  g  0.00  1   !  -9.99000e+02  -99.000  -99.000
OBS: PScJ560054  56560.672   -13.00   3.7519e+01   4.1429e+00   0  g  0.00  1   !  -9.99000e+02  -99.000  -99.000
OBS: PScJ560054  56562.672   -11.00   4.2597e+01   4.6599e+00   0  g  0.00  1   !  -9.99000e+02  -99.000  -99.000
OBS: PScJ560054  56564.672    -9.00   4.7952e+01   5.2366e+00   0  g  0.00  1   !  -9.99000e+02  -99.000  -99.000
OBS: PScJ560054  56566.672    -7.00   5.4570e+01   5.9558e+00   0  g  0.00  1   !  -9.99000e+02  -99.000  -99.000
OBS: PScJ560054  56568.672    -5.00   5.7238e+01   6.2452e+00   0  g  0.00  1   !  -9.99000e+02  -99.000  -99.000
OBS: PScJ560054  56570.672    -3.00   5.6409e+01   6.1528e+00   0  g  0.00  1   !  -9.99000e+02  -99.000  -99.000
OBS: PScJ560054  56572.672    -1.00   5.4033e+01   5.8936e+00   0  g  0.00  1   !  -9.99000e+02  -99.000  -99.000
OBS: PScJ560054  56574.672     1.00   5.2636e+01   5.7412e+00   0  g  0.00  1   !  -9.99000e+02  -99.000  -99.000
OBS: PScJ560054  56576.672     3.00   5.0169e+01   5.4722e+00   0  g  0.00  1   !  -9.99000e+02  -99.000  -99.000
OBS: PScJ560054  56578.672     5.00   4.5979e+01   5.0151e+00   0  g  0.00  1   !  -9.99000e+02  -99.000  -99.000
OBS: PScJ560054  56580.672     7.00   4.1865e+01   4.5663e+00   0  g  0.00  1   !  -9.99000e+02  -99.000  -99.000
OBS: PScJ560054  56582.672     9.00   3.7704e+01   4.1125e+00   0  g  0.00  1   !  -9.99000e+02  -99.000  -99.000
OBS: PScJ560054  56584.672    11.00   3.3783e+01   3.6849e+00   0  g  0.00  1   !  -9.99000e+02  -99.000  -99.000
OBS: PScJ560054  56586.672    13.00   3.0799e+01   3.3602e+00   0  g  0.00  1   !  -9.99000e+02  -99.000  -99.000
OBS: PScJ560054  56588.672    15.00   2.7747e+01   3.0286e+00   0  g  0.00  1   !  -9.99000e+02  -99.000  -99.000
OBS: PScJ560054  56590.672    17.00   2.3865e+01   2.6054e+00   0  g  0.00  1   !  -9.99000e+02  -99.000  -99.000
OBS: PScJ560054  56592.672    19.00   2.0840e+01   2.2758e+00   0  g  0.00  1   !  -9.99000e+02  -99.000  -99.000
OBS: PScJ560054  56594.672    21.00   1.8037e+01   1.9707e+00   0  g  0.00  1   !  -9.99000e+02  -99.000  -99.000
OBS: PScJ560054  56596.672    23.00   1.5267e+01   1.6685e+00   0  g  0.00  1   !  -9.99000e+02  -99.000  -99.000
OBS: PScJ560054  56598.672    25.00   1.2665e+01   1.3861e+00   0  g  0.00  1   !  -9.99000e+02  -99.000  -99.000
OBS: PScJ560054  56600.672    27.00   1.0348e+01   1.1349e+00   0  g  0.00  1   !  -9.99000e+02  -99.000  -99.000
OBS: PScJ560054  56602.672    29.00   8.5337e+00   9.3827e-01   0  g  0.00  1   !  -9.99000e+02  -99.000  -99.000
OBS: PScJ560054  56604.672    31.00   7.2442e+00   7.9883e-01   0  g  0.00  1   !  -9.99000e+02  -99.000  -99.000
OBS: PScJ560054  56606.672    33.00   6.3207e+00   6.9933e-01   0  g  0.00  1   !  -9.99000e+02  -99.000  -99.000
OBS: PScJ560054  56608.672    35.00   5.6877e+00   6.3165e-01   0  g  0.00  1   !  -9.99000e+02  -99.000  -99.000
OBS: PScJ560054  56610.672    37.00   5.2212e+00   5.8316e-01   0  g  0.00  1   !  -9.99000e+02  -99.000  -99.000
OBS: PScJ560054  56612.672    39.00   4.8070e+00   5.4207e-01   0  g  0.00  1   !  -9.99000e+02  -99.000  -99.000
OBS: PScJ560054  56614.672    41.00   4.4066e+00   5.0169e-01   0  g  0.00  1   !  -9.99000e+02  -99.000  -99.000
OBS: PScJ560054  56616.672    43.00   3.9853e+00   4.5568e-01   0  g  0.00  1   !  -9.99000e+02  -99.000  -99.000
OBS: PScJ560054  56618.672    45.00   3.5336e+00   4.0404e-01   0  g  0.00  1   !  -9.99000e+02  -99.000  -99.000
OBS: PScJ560054  56620.672    47.00   3.1088e+00   3.5781e-01   0  g  0.00  1   !  -9.99000e+02  -99.000  -99.000
OBS: PScJ560054  56622.672    49.00   2.8244e+00   3.3518e-01   0  g  0.00  1   !  -9.99000e+02  -99.000  -99.000
OBS: PScJ560054  56624.672    51.00   2.7248e+00   3.3629e-01   0  g  0.00  1   !  -9.99000e+02  -99.000  -99.000
OBS: PScJ560054  56626.672    53.00   2.6539e+00   3.3517e-01   0  g  0.00  1   !  -9.99000e+02  -99.000  -99.000
OBS: PScJ560054  56628.672    55.00   2.5126e+00   3.2042e-01   0  g  0.00  1   !  -9.99000e+02  -99.000  -99.000
OBS: PScJ560054  56630.672    57.00   2.3097e+00   2.9456e-01   0  g  0.00  1   !  -9.99000e+02  -99.000  -99.000
OBS: PScJ560054  56632.672    59.00   2.0962e+00   2.6586e-01   0  g  0.00  1   !  -9.99000e+02  -99.000  -99.000
OBS: PScJ560054  56634.672    61.00   1.8898e+00   2.3874e-01   0  g  0.00  1   !  -9.99000e+02  -99.000  -99.000
OBS: PScJ560054  56636.672    63.00   1.6540e+00   2.1174e-01   0  g  0.00  1   !  -9.99000e+02  -99.000  -99.000
OBS: PScJ560054  56638.672    65.00   1.4453e+00   1.9260e-01   0  g  0.00  1   !  -9.99000e+02  -99.000  -99.000
OBS: PScJ560054  56640.672    67.00   1.2928e+00   1.7975e-01   0  g  0.00  1   !  -9.99000e+02  -99.000  -99.000
OBS: PScJ560054  56642.672    69.00   1.2217e+00   1.7401e-01   0  g  0.00  1   !  -9.99000e+02  -99.000  -99.000
OBS: PScJ560054  56644.672    71.00   1.2128e+00   1.7154e-01   0  g  0.00  1   !  -9.99000e+02  -99.000  -99.000
OBS: PScJ560054  56646.672    73.00   1.2577e+00   1.7035e-01   0  g  0.00  1   !  -9.99000e+02  -99.000  -99.000
OBS: PScJ560054  56648.672    75.00   1.3212e+00   1.7213e-01   0  g  0.00  1   !  -9.99000e+02  -99.000  -99.000
OBS: PScJ560054  56650.672    77.00   1.3693e+00   1.7584e-01   0  g  0.00  1   !  -9.99000e+02  -99.000  -99.000
OBS: PScJ560054  56652.672    79.00   1.3876e+00   1.8244e-01   0  g  0.00  1   !  -9.99000e+02  -99.000  -99.000
OBS: PScJ560054  56654.672    81.00   1.3850e+00   1.9060e-01   0  g  0.00  1   !  -9.99000e+02  -99.000  -99.000
OBS: PScJ560054  56656.672    83.00   1.4009e+00   2.0250e-01   0  g  0.00  1   !  -9.99000e+02  -99.000  -99.000
OBS: PScJ560054  56658.672    85.00   1.4391e+00   2.1606e-01   0  g  0.00  1   !  -9.99000e+02  -99.000  -99.000
OBS: PScJ560054  56660.672    87.00   1.4682e+00   2.2012e-01   0  g  0.00  1   !  -9.99000e+02  -99.000  -99.000
OBS: PScJ560054  56662.672    89.00   1.4431e+00   2.0880e-01   0  g  0.00  1   !  -9.99000e+02  -99.000  -99.000
OBS: PScJ560054  56664.672    91.00   1.3949e+00   1.9551e-01   0  g  0.00  1   !  -9.99000e+02  -99.000  -99.000
OBS: PScJ560054  56666.672    93.00   1.3283e+00   1.8920e-01   0  g  0.00  1   !  -9.99000e+02  -99.000  -99.000
OBS: PScJ560054  56668.672    95.00   1.2562e+00   1.9265e-01   0  g  0.00  1   !  -9.99000e+02  -99.000  -99.000
OBS: PScJ560054  56670.672    97.00   1.2082e+00   2.0227e-01   0  g  0.00  1   !  -9.99000e+02  -99.000  -99.000
OBS: PScJ560054  56672.672    99.00   1.2016e+00   2.1448e-01   0  g  0.00  1   !  -9.99000e+02  -99.000  -99.000
OBS: PScJ560054  56674.672   101.00   1.2614e+00   2.3333e-01   0  g  0.00  1   !  -9.99000e+02  -99.000  -99.000
OBS: PScJ560054  56676.672   103.00   1.3838e+00   2.6664e-01   0  g  0.00  1   !  -9.99000e+02  -99.000  -99.000
OBS: PScJ560054  56678.672   105.00   1.5499e+00   3.1310e-01   0  g  0.00  1   !  -9.99000e+02  -99.000  -99.000
OBS: PScJ560054  56680.672   107.00   1.7532e+00   3.7068e-01   0  g  0.00  1   !  -9.99000e+02  -99.000  -99.000
OBS: PScJ560054  56682.672   109.00   1.9966e+00   4.4097e-01   0  g  0.00  1   !  -9.99000e+02  -99.000  -99.000
OBS: PScJ560054  56684.672   111.00   2.2654e+00   5.2175e-01   0  g  0.00  1   !  -9.99000e+02  -99.000  -99.000
OBS: PScJ560054  56686.672   113.00   2.5762e+00   6.1766e-01   0  g  0.00  1   !  -9.99000e+02  -99.000  -99.000
OBS: PScJ560054  56688.672   115.00   2.9470e+00   7.3430e-01   0  g  0.00  1   !  -9.99000e+02  -99.000  -99.000
OBS: PScJ560054  56690.672   117.00   3.4205e+00   8.8437e-01   0  g  0.00  1   !  -9.99000e+02  -99.000  -99.000
OBS: PScJ560054  56692.672   119.00   3.9925e+00   1.0695e+00   0  g  0.00  1   !  -9.99000e+02  -99.000  -99.000
OBS: PScJ560054  56694.672   121.00   4.7421e+00   1.3143e+00   0  g  0.00  1   !  -9.99000e+02  -99.000  -99.000
OBS: PScJ560054  56696.672   123.00   5.6942e+00   1.6306e+00   0  g  0.00  1   !  -9.99000e+02  -99.000  -99.000
OBS: PScJ560054  56698.672   125.00   6.9216e+00   2.0453e+00   0  g  0.00  1   !  -9.99000e+02  -99.000  -99.000
OBS: PScJ560054  56700.672   127.00   8.4825e+00   2.5833e+00   0  g  0.00  1   !  -9.99000e+02  -99.000  -99.000
OBS: PScJ560054  56702.672   129.00   8.4774e+00   2.6579e+00   0  g  0.00  1   !  -9.99000e+02  -99.000  -99.000
OBS: PScJ560054  56704.672   131.00   8.3676e+00   2.6979e+00   0  g  0.00  1   !  -9.99000e+02  -99.000  -99.000
OBS: PScJ560054  56706.672   133.00   8.2735e+00   2.7404e+00   0  g  0.00  1   !  -9.99000e+02  -99.000  -99.000
OBS: PScJ560054  56708.672   135.00   8.1805e+00   2.7809e+00   0  g  0.00  1   !  -9.99000e+02  -99.000  -99.000
OBS: PScJ560054  56710.672   137.00   8.0885e+00   2.8194e+00   0  g  0.00  1   !  -9.99000e+02  -99.000  -99.000
OBS: PScJ560054  56712.672   139.00   7.9975e+00   2.8559e+00   0  g  0.00  1   !  -9.99000e+02  -99.000  -99.000
OBS: PScJ560054  56567.301    -6.37   1.5293e+02   1.8559e+01   1  r  2.94  1   B  6.13918e+18  -0.582  0.664
OBS: PScJ560054  56574.398     0.73   9.2541e+01   5.0082e+01   1  r  0.66  1   B  3.71552e+18  -0.582  0.386
OBS: PScJ560054  56590.398    16.73   8.5746e+01   1.1388e+01   1  r  0.00  1   B  3.46788e+18  -0.574  -0.220
OBS: PScJ560054  56593.301    19.63   5.8620e+01   1.0382e+01   1  r  1.93  1   B  2.40400e+18  -0.559  -0.389
OBS: PScJ560054  56597.301    23.63   6.8250e+01   1.2381e+01   1  r  0.94  1   B  2.88052e+18  -0.528  -0.553
OBS: PScJ560054  56601.398    27.73   4.2644e+01   1.9954e+01   1  r  0.00  1   B  1.85986e+18  -0.492  -0.495
OBS: PScJ560054  56626.301    52.63   5.7281e+01   1.6028e+01   1  r  8.10  1   B  2.69716e+18  -0.409  -0.270
OBS: PScJ560054  55098.500  -1475.17   2.3100e+00   1.3269e+01  -1  r  0.03  1   !  -9.99000e+02  -99.000  -99.000
OBS: PScJ560054  55101.500  -1472.17   7.2980e+00   1.1566e+01  -1  r  0.40  1   !  -9.99000e+02  -99.000  -99.000
OBS: PScJ560054  55176.301  -1397.37   5.4600e+00   1.1403e+01  -1  r  0.23  1   !  -9.99000e+02  -99.000  -99.000
OBS: PScJ560054  55179.301  -1394.37   1.0670e+00   8.9520e+00  -1  r  0.01  1   !  -9.99000e+02  -99.000  -99.000
OBS: PScJ560054  55389.500  -1184.17   1.2400e-01   8.5370e+00  -1  r  0.00  1   !  -9.99000e+02  -99.000  -99.000
OBS: PScJ560054  55413.500  -1160.17   4.1920e+00   8.6320e+00  -1  r  0.24  1   !  -9.99000e+02  -99.000  -99.000
OBS: PScJ560054  55416.602  -1157.07   1.4490e+00   7.5640e+00  -1  r  0.04  1   !  -9.99000e+02  -99.000  -99.000
OBS: PScJ560054  55422.602  -1151.07   1.7277e+01   1.1903e+01  -1  r  2.11  1   !  -9.99000e+02  -99.000  -99.000
OBS: PScJ560054  55425.602  -1148.07   3.7100e+00   8.3830e+00  -1  r  0.20  1   !  -9.99000e+02  -99.000  -99.000
OBS: PScJ560054  55446.602  -1127.07   4.1950e+00   1.1565e+01  -1  r  0.13  1   !  -9.99000e+02  -99.000  -99.000
OBS: PScJ560054  55449.500  -1124.17   2.0447e+01   1.7236e+01  -1  r  1.41  1   !  -9.99000e+02  -99.000  -99.000
OBS: PScJ560054  55452.398  -1121.27   2.6730e+00   1.1513e+01  -1  r  0.05  1   !  -9.99000e+02  -99.000  -99.000
OBS: PScJ560054  55467.398  -1106.27   2.7430e+00   1.1770e+01  -1  r  0.05  1   !  -9.99000e+02  -99.000  -99.000
OBS: PScJ560054  55476.500  -1097.17   3.8380e+00   8.8070e+00  -1  r  0.19  1   !  -9.99000e+02  -99.000  -99.000
OBS: PScJ560054  55479.301  -1094.37   1.5900e-01   1.0923e+01  -1  r  0.00  1   !  -9.99000e+02  -99.000  -99.000
OBS: PScJ560054  55485.301  -1088.37   2.6929e+01   1.4255e+01  -1  r  3.57  1   !  -9.99000e+02  -99.000  -99.000
OBS: PScJ560054  55524.398  -1049.27   2.4821e+01   3.9998e+01  -1  r  0.39  1   !  -9.99000e+02  -99.000  -99.000
OBS: PScJ560054  55530.301  -1043.37   2.0603e+01   1.6178e+01  -1  r  1.62  1   !  -9.99000e+02  -99.000  -99.000
OBS: PScJ560054  55536.301  -1037.37   2.9234e+01   1.5447e+01  -1  r  3.58  1   !  -9.99000e+02  -99.000  -99.000
OBS: PScJ560054  55536.301  -1037.37   1.8809e+01   1.5018e+01  -1  r  1.57  1   !  -9.99000e+02  -99.000  -99.000
OBS: PScJ560054  55767.602  -806.07   1.9700e-01   1.2031e+01  -1  r  0.00  1   !  -9.99000e+02  -99.000  -99.000
OBS: PScJ560054  55773.602  -800.07   1.1624e+01   1.0177e+01  -1  r  1.30  1   !  -9.99000e+02  -99.000  -99.000
OBS: PScJ560054  55776.602  -797.07   1.7280e+00   6.8310e+00  -1  r  0.06  1   !  -9.99000e+02  -99.000  -99.000
OBS: PScJ560054  55779.602  -794.07   2.4340e+00   7.8000e+00  -1  r  0.10  1   !  -9.99000e+02  -99.000  -99.000
OBS: PScJ560054  55782.602  -791.07   2.2684e+01   9.7760e+00  -1  r  5.38  1   !  -9.99000e+02  -99.000  -99.000
OBS: PScJ560054  55797.602  -776.07   1.0402e+01   8.6980e+00  -1  r  1.43  1   !  -9.99000e+02  -99.000  -99.000
OBS: PScJ560054  55803.602  -770.07   3.9000e-01   1.1896e+01  -1  r  0.00  1   !  -9.99000e+02  -99.000  -99.000
OBS: PScJ560054  55821.398  -752.27   1.2950e+00   1.2590e+01  -1  r  0.01  1   !  -9.99000e+02  -99.000  -99.000
OBS: PScJ560054  55824.500  -749.17   6.2600e-01   8.6840e+00  -1  r  0.01  1   !  -9.99000e+02  -99.000  -99.000
OBS: PScJ560054  55836.398  -737.27   4.9290e+00   7.6080e+00  -1  r  0.42  1   !  -9.99000e+02  -99.000  -99.000
OBS: PScJ560054  55852.500  -721.17   7.6910e+00   1.4137e+01  -1  r  0.30  1   !  -9.99000e+02  -99.000  -99.000
OBS: PScJ560054  55855.398  -718.27   1.6407e+01   2.6065e+01  -1  r  0.40  1   !  -9.99000e+02  -99.000  -99.000
OBS: PScJ560054  55863.301  -710.37   1.3081e+01   1.2925e+01  -1  r  1.02  1   !  -9.99000e+02  -99.000  -99.000
OBS: PScJ560054  55881.301  -692.37   5.7760e+00   1.0590e+01  -1  r  0.30  1   !  -9.99000e+02  -99.000  -99.000
OBS: PScJ560054  55887.301  -686.37   1.2824e+01   1.2335e+01  -1  r  1.08  1   !  -9.99000e+02  -99.000  -99.000
OBS: PScJ560054  56147.602  -426.07   1.1280e+00   1.4317e+01  -1  r  0.01  1   !  -9.99000e+02  -99.000  -99.000
OBS: PScJ560054  56161.602  -412.07   4.0420e+00   6.7620e+00  -1  r  0.36  1   !  -9.99000e+02  -99.000  -99.000
OBS: PScJ560054  56220.301  -353.37   1.5454e+01   1.0158e+01  -1  r  2.31  1   !  -9.99000e+02  -99.000  -99.000
OBS: PScJ560054  56238.301  -335.37   8.7000e-02   1.2848e+01  -1  r  0.00  1   !  -9.99000e+02  -99.000  -99.000
OBS: PScJ560054  56242.301  -331.37   1.1305e+01   1.3285e+01  -1  r  0.72  1   !  -9.99000e+02  -99.000  -99.000
OBS: PScJ560054  56246.301  -327.37   3.1479e+01   2.4635e+01  -1  r  1.63  1   !  -9.99000e+02  -99.000  -99.000
OBS: PScJ560054  56507.602   -66.07   2.0891e+01   8.6760e+00  -1  r  5.80  1   !  -9.99000e+02  -99.000  -99.000
OBS: PScJ560054  56534.602   -39.07   8.8400e+00   1.0038e+01  -1  r  0.78  1   !  -9.99000e+02  -99.000  -99.000
OBS: PScJ560054  56537.602   -36.07   7.2990e+00   1.0021e+01  -1  r  0.53  1   !  -9.99000e+02  -99.000  -99.000
OBS: PScJ560054  56538.602   -35.07   3.2180e+00   8.2560e+00  -1  r  0.15  1   !  -9.99000e+02  -99.000  -99.000
OBS: PScJ560054  56514.672   -59.00   0.0000e+00   0.0000e+00   0  r  0.00  1   !  -9.99000e+02  -99.000  -99.000
OBS: PScJ560054  56516.672   -57.00   0.0000e+00   0.0000e+00   0  r  0.00  1   !  -9.99000e+02  -99.000  -99.000
OBS: PScJ560054  56518.672   -55.00   0.0000e+00   0.0000e+00   0  r  0.00  1   !  -9.99000e+02  -99.000  -99.000
OBS: PScJ560054  56520.672   -53.00   0.0000e+00   0.0000e+00   0  r  0.00  1   !  -9.99000e+02  -99.000  -99.000
OBS: PScJ560054  56522.672   -51.00   0.0000e+00   0.0000e+00   0  r  0.00  1   !  -9.99000e+02  -99.000  -99.000
OBS: PScJ560054  56524.672   -49.00   0.0000e+00   0.0000e+00   0  r  0.00  1   !  -9.99000e+02  -99.000  -99.000
OBS: PScJ560054  56526.672   -47.00   0.0000e+00   0.0000e+00   0  r  0.00  1   !  -9.99000e+02  -99.000  -99.000
OBS: PScJ560054  56528.672   -45.00   0.0000e+00   0.0000e+00   0  r  0.00  1   !  -9.99000e+02  -99.000  -99.000
OBS: PScJ560054  56530.672   -43.00   0.0000e+00   0.0000e+00   0  r  0.00  1   !  -9.99000e+02  -99.000  -99.000
OBS: PScJ560054  56532.672   -41.00   0.0000e+00   0.0000e+00   0  r  0.00  1   !  -9.99000e+02  -99.000  -99.000
OBS: PScJ560054  56534.672   -39.00   0.0000e+00   0.0000e+00   0  r  0.00  1   !  -9.99000e+02  -99.000  -99.000
OBS: PScJ560054  56536.672   -37.00   0.0000e+00   0.0000e+00   0  r  0.00  1   !  -9.99000e+02  -99.000  -99.000
OBS: PScJ560054  56538.672   -35.00   0.0000e+00   0.0000e+00   0  r  0.00  1   !  -9.99000e+02  -99.000  -99.000
OBS: PScJ560054  56540.672   -33.00   0.0000e+00   0.0000e+00   0  r  0.00  1   !  -9.99000e+02  -99.000  -99.000
OBS: PScJ560054  56542.672   -31.00   0.0000e+00   0.0000e+00   0  r  0.00  1   !  -9.99000e+02  -99.000  -99.000
OBS: PScJ560054  56544.672   -29.00   2.1230e+01   1.2778e+01   0  r  0.00  1   !  -9.99000e+02  -99.000  -99.000
OBS: PScJ560054  56546.672   -27.00   2.3661e+01   1.4242e+01   0  r  0.00  1   !  -9.99000e+02  -99.000  -99.000
OBS: PScJ560054  56548.672   -25.00   2.3781e+01   1.4314e+01   0  r  0.00  1   !  -9.99000e+02  -99.000  -99.000
OBS: PScJ560054  56550.672   -23.00   2.3786e+01   1.4317e+01   0  r  0.00  1   !  -9.99000e+02  -99.000  -99.000
OBS: PScJ560054  56552.672   -21.00   2.9886e+01   1.7989e+01   0  r  0.00  1   !  -9.99000e+02  -99.000  -99.000
OBS: PScJ560054  56554.672   -19.00   4.1582e+01   2.5029e+01   0  r  0.00  1   !  -9.99000e+02  -99.000  -99.000
OBS: PScJ560054  56556.672   -17.00   5.4855e+01   3.3018e+01   0  r  0.00  1   !  -9.99000e+02  -99.000  -99.000
OBS: PScJ560054  56558.672   -15.00   6.9101e+01   9.4909e+00   0  r  0.00  1   !  -9.99000e+02  -99.000  -99.000
OBS: PScJ560054  56560.672   -13.00   8.3459e+01   1.7668e+00   0  r  0.00  1   !  -9.99000e+02  -99.000  -99.000
OBS: PScJ560054  56562.672   -11.00   9.7511e+01   1.3341e+00   0  r  0.00  1   !  -9.99000e+02  -99.000  -99.000
OBS: PScJ560054  56564.672    -9.00   1.0976e+02   1.2917e+00   0  r  0.00  1   !  -9.99000e+02  -99.000  -99.000
OBS: PScJ560054  56566.672    -7.00   1.1854e+02   1.3084e+00   0  r  0.00  1   !  -9.99000e+02  -99.000  -99.000
OBS: PScJ560054  56568.672    -5.00   1.2618e+02   1.3480e+00   0  r  0.00  1   !  -9.99000e+02  -99.000  -99.000
OBS: PScJ560054  56570.672    -3.00   1.3163e+02   1.3498e+00   0  r  0.00  1   !  -9.99000e+02  -99.000  -99.000
OBS: PScJ560054  56572.672    -1.00   1.3356e+02   1.3682e+00   0  r  0.00  1   !  -9.99000e+02  -99.000  -99.000
OBS: PScJ560054  56574.672     1.00   1.3298e+02   1.3623e+00   0  r  0.00  1   !  -9.99000e+02  -99.000  -99.000
OBS: PScJ560054  56576.672     3.00   1.3027e+02   1.3346e+00   0  r  0.00  1   !  -9.99000e+02  -99.000  -99.000
OBS: PScJ560054  56578.672     5.00   1.2613e+02   1.2922e+00   0  r  0.00  1   !  -9.99000e+02  -99.000  -99.000
OBS: PScJ560054  56580.672     7.00   1.2097e+02   1.2393e+00   0  r  0.00  1   !  -9.99000e+02  -99.000  -99.000
OBS: PScJ560054  56582.672     9.00   1.1490e+02   1.1771e+00   0  r  0.00  1   !  -9.99000e+02  -99.000  -99.000
OBS: PScJ560054  56584.672    11.00   1.0817e+02   1.1081e+00   0  r  0.00  1   !  -9.99000e+02  -99.000  -99.000
OBS: PScJ560054  56586.672    13.00   1.0050e+02   1.0632e+00   0  r  0.00  1   !  -9.99000e+02  -99.000  -99.000
OBS: PScJ560054  56588.672    15.00   9.2766e+01   1.0371e+00   0  r  0.00  1   !  -9.99000e+02  -99.000  -99.000
OBS: PScJ560054  56590.672    17.00   8.4782e+01   9.6929e-01   0  r  0.00  1   !  -9.99000e+02  -99.000  -99.000
OBS: PScJ560054  56592.672    19.00   7.5945e+01   8.9051e-01   0  r  0.00  1   !  -9.99000e+02  -99.000  -99.000
OBS: PScJ560054  56594.672    21.00   6.6985e+01   8.2490e-01   0  r  0.00  1   !  -9.99000e+02  -99.000  -99.000
OBS: PScJ560054  56596.672    23.00   5.8642e+01   7.4115e-01   0  r  0.00  1   !  -9.99000e+02  -99.000  -99.000
OBS: PScJ560054  56598.672    25.00   5.1094e+01   7.2086e-01   0  r  0.00  1   !  -9.99000e+02  -99.000  -99.000
OBS: PScJ560054  56600.672    27.00   4.4630e+01   7.1643e-01   0  r  0.00  1   !  -9.99000e+02  -99.000  -99.000
OBS: PScJ560054  56602.672    29.00   3.9202e+01   7.1020e-01   0  r  0.00  1   !  -9.99000e+02  -99.000  -99.000
OBS: PScJ560054  56604.672    31.00   3.4659e+01   7.0221e-01   0  r  0.00  1   !  -9.99000e+02  -99.000  -99.000
OBS: PScJ560054  56606.672    33.00   3.0846e+01   6.9284e-01   0  r  0.00  1   !  -9.99000e+02  -99.000  -99.000
OBS: PScJ560054  56608.672    35.00   2.7464e+01   6.7835e-01   0  r  0.00  1   !  -9.99000e+02  -99.000  -99.000
OBS: PScJ560054  56610.672    37.00   2.4412e+01   6.7839e-01   0  r  0.00  1   !  -9.99000e+02  -99.000  -99.000
OBS: PScJ560054  56612.672    39.00   2.1712e+01   7.0267e-01   0  r  0.00  1   !  -9.99000e+02  -99.000  -99.000
OBS: PScJ560054  56614.672    41.00   1.9455e+01   7.0854e-01   0  r  0.00  1   !  -9.99000e+02  -99.000  -99.000
OBS: PScJ560054  56616.672    43.00   1.7542e+01   6.6876e-01   0  r  0.00  1   !  -9.99000e+02  -99.000  -99.000
OBS: PScJ560054  56618.672    45.00   1.5852e+01   6.0433e-01   0  r  0.00  1   !  -9.99000e+02  -99.000  -99.000
OBS: PScJ560054  56620.672    47.00   1.4359e+01   5.8314e-01   0  r  0.00  1   !  -9.99000e+02  -99.000  -99.000
OBS: PScJ560054  56622.672    49.00   1.3142e+01   6.6851e-01   0  r  0.00  1   !  -9.99000e+02  -99.000  -99.000
OBS: PScJ560054  56624.672    51.00   1.2197e+01   7.5814e-01   0  r  0.00  1   !  -9.99000e+02  -99.000  -99.000
OBS: PScJ560054  56626.672    53.00   1.1501e+01   7.8483e-01   0  r  0.00  1   !  -9.99000e+02  -99.000  -99.000
OBS: PScJ560054  56628.672    55.00   1.0974e+01   7.7605e-01   0  r  0.00  1   !  -9.99000e+02  -99.000  -99.000
OBS: PScJ560054  56630.672    57.00   1.0502e+01   7.4270e-01   0  r  0.00  1   !  -9.99000e+02  -99.000  -99.000
OBS: PScJ560054  56632.672    59.00   9.9787e+00   6.9173e-01   0  r  0.00  1   !  -9.99000e+02  -99.000  -99.000
OBS: PScJ560054  56634.672    61.00   9.3623e+00   6.3957e-01   0  r  0.00  1   !  -9.99000e+02  -99.000  -99.000
OBS: PScJ560054  56636.672    63.00   8.6870e+00   6.2265e-01   0  r  0.00  1   !  -9.99000e+02  -99.000  -99.000
OBS: PScJ560054  56638.672    65.00   8.0281e+00   6.5400e-01   0  r  0.00  1   !  -9.99000e+02  -99.000  -99.000
OBS: PScJ560054  56640.672    67.00   7.4732e+00   6.8282e-01   0  r  0.00  1   !  -9.99000e+02  -99.000  -99.000
OBS: PScJ560054  56642.672    69.00   7.1000e+00   6.8761e-01   0  r  0.00  1   !  -9.99000e+02  -99.000  -99.000
OBS: PScJ560054  56644.672    71.00   6.8939e+00   6.5675e-01   0  r  0.00  1   !  -9.99000e+02  -99.000  -99.000
OBS: PScJ560054  56646.672    73.00   6.8422e+00   5.8366e-01   0  r  0.00  1   !  -9.99000e+02  -99.000  -99.000
OBS: PScJ560054  56648.672    75.00   6.8553e+00   5.2123e-01   0  r  0.00  1   !  -9.99000e+02  -99.000  -99.000
OBS: PScJ560054  56650.672    77.00   6.8604e+00   4.9713e-01   0  r  0.00  1   !  -9.99000e+02  -99.000  -99.000
OBS: PScJ560054  56652.672    79.00   6.8416e+00   5.3528e-01   0  r  0.00  1   !  -9.99000e+02  -99.000  -99.000
OBS: PScJ560054  56654.672    81.00   6.8173e+00   6.0673e-01   0  r  0.00  1   !  -9.99000e+02  -99.000  -99.000
OBS: PScJ560054  56656.672    83.00   6.8074e+00   6.8203e-01   0  r  0.00  1   !  -9.99000e+02  -99.000  -99.000
OBS: PScJ560054  56658.672    85.00   6.8171e+00   7.4070e-01   0  r  0.00  1   !  -9.99000e+02  -99.000  -99.000
OBS: PScJ560054  56660.672    87.00   6.8086e+00   7.3775e-01   0  r  0.00  1   !  -9.99000e+02  -99.000  -99.000
OBS: PScJ560054  56662.672    89.00   6.7317e+00   6.7586e-01   0  r  0.00  1   !  -9.99000e+02  -99.000  -99.000
OBS: PScJ560054  56664.672    91.00   6.5395e+00   6.0943e-01   0  r  0.00  1   !  -9.99000e+02  -99.000  -99.000
OBS: PScJ560054  56666.672    93.00   6.2753e+00   6.0783e-01   0  r  0.00  1   !  -9.99000e+02  -99.000  -99.000
OBS: PScJ560054  56668.672    95.00   6.0023e+00   6.8056e-01   0  r  0.00  1   !  -9.99000e+02  -99.000  -99.000
OBS: PScJ560054  56670.672    97.00   5.7645e+00   7.6616e-01   0  r  0.00  1   !  -9.99000e+02  -99.000  -99.000
OBS: PScJ560054  56672.672    99.00   5.5894e+00   8.2383e-01   0  r  0.00  1   !  -9.99000e+02  -99.000  -99.000
OBS: PScJ560054  56674.672   101.00   5.5086e+00   8.5714e-01   0  r  0.00  1   !  -9.99000e+02  -99.000  -99.000
OBS: PScJ560054  56676.672   103.00   5.4986e+00   9.0806e-01   0  r  0.00  1   !  -9.99000e+02  -99.000  -99.000
OBS: PScJ560054  56678.672   105.00   5.5177e+00   9.7371e-01   0  r  0.00  1   !  -9.99000e+02  -99.000  -99.000
OBS: PScJ560054  56680.672   107.00   5.5341e+00   1.0384e+00   0  r  0.00  1   !  -9.99000e+02  -99.000  -99.000
OBS: PScJ560054  56682.672   109.00   5.5536e+00   1.1033e+00   0  r  0.00  1   !  -9.99000e+02  -99.000  -99.000
OBS: PScJ560054  56684.672   111.00   5.5849e+00   1.1703e+00   0  r  0.00  1   !  -9.99000e+02  -99.000  -99.000
OBS: PScJ560054  56686.672   113.00   5.6212e+00   1.2382e+00   0  r  0.00  1   !  -9.99000e+02  -99.000  -99.000
OBS: PScJ560054  56688.672   115.00   5.6609e+00   1.3069e+00   0  r  0.00  1   !  -9.99000e+02  -99.000  -99.000
OBS: PScJ560054  56690.672   117.00   5.7022e+00   1.3759e+00   0  r  0.00  1   !  -9.99000e+02  -99.000  -99.000
OBS: PScJ560054  56692.672   119.00   5.7469e+00   1.4459e+00   0  r  0.00  1   !  -9.99000e+02  -99.000  -99.000
OBS: PScJ560054  56694.672   121.00   5.7964e+00   1.5173e+00   0  r  0.00  1   !  -9.99000e+02  -99.000  -99.000
OBS: PScJ560054  56696.672   123.00   5.8506e+00   1.5901e+00   0  r  0.00  1   !  -9.99000e+02  -99.000  -99.000
OBS: PScJ560054  56698.672   125.00   5.9056e+00   1.6634e+00   0  r  0.00  1   !  -9.99000e+02  -99.000  -99.000
OBS: PScJ560054  56700.672   127.00   5.9712e+00   1.7401e+00   0  r  0.00  1   !  -9.99000e+02  -99.000  -99.000
OBS: PScJ560054  56702.672   129.00   5.9115e+00   1.7796e+00   0  r  0.00  1   !  -9.99000e+02  -99.000  -99.000
OBS: PScJ560054  56704.672   131.00   5.8445e+00   1.8149e+00   0  r  0.00  1   !  -9.99000e+02  -99.000  -99.000
OBS: PScJ560054  56706.672   133.00   5.7793e+00   1.8488e+00   0  r  0.00  1   !  -9.99000e+02  -99.000  -99.000
OBS: PScJ560054  56708.672   135.00   5.7149e+00   1.8810e+00   0  r  0.00  1   !  -9.99000e+02  -99.000  -99.000
OBS: PScJ560054  56710.672   137.00   5.6512e+00   1.9115e+00   0  r  0.00  1   !  -9.99000e+02  -99.000  -99.000
OBS: PScJ560054  56712.672   139.00   5.5881e+00   1.9404e+00   0  r  0.00  1   !  -9.99000e+02  -99.000  -99.000
OBS: PScJ560054  56558.500   -15.17   5.1647e+01   1.3277e+01   1  i  0.09  1   g  2.51832e+18  -0.371  -0.114
OBS: PScJ560054  56567.301    -6.37   9.1389e+01   1.6470e+01   1  i  1.12  1   g  4.46348e+18  -0.369  0.248
OBS: PScJ560054  56569.301    -4.37   9.8596e+01   6.8900e+00   1  i  4.41  1   g  4.87574e+18  -0.356  0.131
OBS: PScJ560054  56575.301     1.63   1.1601e+02   9.0080e+00   1  i  0.05  1   g  5.68121e+18  -0.366  0.047
OBS: PScJ560054  56588.398    14.73   1.0895e+02   5.8820e+00   1  i  3.06  1   g  4.84122e+18  -0.472  -0.024
OBS: PScJ560054  56599.301    25.63   5.6097e+01   1.3718e+01   1  i  1.00  1   g  2.17298e+18  -0.621  0.051
OBS: PScJ560054  56626.301    52.63   7.4160e+00   1.4835e+01   1  i  1.25  1   g  2.51360e+17  -0.766  0.448
OBS: PScJ560054  55090.398  -1483.27   8.4700e-01   6.4240e+00  -1  i  0.02  1   !  -9.99000e+02  -99.000  -99.000
OBS: PScJ560054  55093.500  -1480.17   4.5230e+00   1.7874e+01  -1  i  0.06  1   !  -9.99000e+02  -99.000  -99.000
OBS: PScJ560054  55096.500  -1477.17   4.2110e+00   7.9310e+00  -1  i  0.28  1   !  -9.99000e+02  -99.000  -99.000
OBS: PScJ560054  55102.398  -1471.27   1.4303e+01   2.4509e+01  -1  i  0.34  1   !  -9.99000e+02  -99.000  -99.000
OBS: PScJ560054  55183.199  -1390.47   6.5910e+00   9.9360e+00  -1  i  0.44  1   !  -9.99000e+02  -99.000  -99.000
OBS: PScJ560054  55414.602  -1159.07   4.8400e-01   6.8990e+00  -1  i  0.00  1   !  -9.99000e+02  -99.000  -99.000
OBS: PScJ560054  55423.602  -1150.07   5.3940e+00   6.7600e+00  -1  i  0.64  1   !  -9.99000e+02  -99.000  -99.000
OBS: PScJ560054  55426.602  -1147.07   3.4280e+00   8.8440e+00  -1  i  0.15  1   !  -9.99000e+02  -99.000  -99.000
OBS: PScJ560054  55447.500  -1126.17   3.5810e+00   5.6880e+00  -1  i  0.40  1   !  -9.99000e+02  -99.000  -99.000
OBS: PScJ560054  55456.500  -1117.17   3.3490e+00   5.1420e+00  -1  i  0.42  1   !  -9.99000e+02  -99.000  -99.000
OBS: PScJ560054  55465.500  -1108.17   1.6018e+01   1.5262e+01  -1  i  1.10  1   !  -9.99000e+02  -99.000  -99.000
OBS: PScJ560054  55468.398  -1105.27   8.7100e+00   2.3897e+01  -1  i  0.13  1   !  -9.99000e+02  -99.000  -99.000
OBS: PScJ560054  55480.398  -1093.27   5.7340e+00   8.9980e+00  -1  i  0.41  1   !  -9.99000e+02  -99.000  -99.000
OBS: PScJ560054  55501.398  -1072.27   4.5200e-01   1.0135e+01  -1  i  0.00  1   !  -9.99000e+02  -99.000  -99.000
OBS: PScJ560054  55510.301  -1063.37   1.1540e+00   9.6190e+00  -1  i  0.01  1   !  -9.99000e+02  -99.000  -99.000
OBS: PScJ560054  55534.301  -1039.37   4.2600e+00   6.4510e+00  -1  i  0.44  1   !  -9.99000e+02  -99.000  -99.000
OBS: PScJ560054  55765.602  -808.07   1.8925e+01   8.7610e+00  -1  i  4.67  1   !  -9.99000e+02  -99.000  -99.000
OBS: PScJ560054  55768.602  -805.07   8.5210e+00   6.2180e+00  -1  i  1.88  1   !  -9.99000e+02  -99.000  -99.000
OBS: PScJ560054  55792.602  -781.07   1.6732e+01   1.1306e+01  -1  i  2.19  1   !  -9.99000e+02  -99.000  -99.000
OBS: PScJ560054  55801.602  -772.07   5.1200e+00   1.0154e+01  -1  i  0.25  1   !  -9.99000e+02  -99.000  -99.000
OBS: PScJ560054  55813.500  -760.17   1.2347e+01   1.0045e+01  -1  i  1.51  1   !  -9.99000e+02  -99.000  -99.000
OBS: PScJ560054  55825.301  -748.37   1.4705e+01   1.4204e+01  -1  i  1.07  1   !  -9.99000e+02  -99.000  -99.000
OBS: PScJ560054  55837.301  -736.37   2.7051e+01   1.5291e+01  -1  i  3.13  1   !  -9.99000e+02  -99.000  -99.000
OBS: PScJ560054  55850.398  -723.27   2.4430e+00   5.6660e+00  -1  i  0.19  1   !  -9.99000e+02  -99.000  -99.000
OBS: PScJ560054  55888.199  -685.47   1.1282e+01   1.1822e+01  -1  i  0.91  1   !  -9.99000e+02  -99.000  -99.000
OBS: PScJ560054  55893.199  -680.47   9.1590e+00   1.1738e+01  -1  i  0.61  1   !  -9.99000e+02  -99.000  -99.000
OBS: PScJ560054  56136.602  -437.07   4.5100e-01   7.4520e+00  -1  i  0.00  1   !  -9.99000e+02  -99.000  -99.000
OBS: PScJ560054  56166.500  -407.17   7.3130e+00   7.9910e+00  -1  i  0.84  1   !  -9.99000e+02  -99.000  -99.000
OBS: PScJ560054  56204.500  -369.17   9.3630e+00   8.4730e+00  -1  i  1.22  1   !  -9.99000e+02  -99.000  -99.000
OBS: PScJ560054  56207.500  -366.17   8.1300e+00   9.3000e+00  -1  i  0.76  1   !  -9.99000e+02  -99.000  -99.000
OBS: PScJ560054  56215.398  -358.27   4.6550e+00   1.2757e+01  -1  i  0.13  1   !  -9.99000e+02  -99.000  -99.000
OBS: PScJ560054  56233.398  -340.27   3.0160e+00   5.1410e+00  -1  i  0.34  1   !  -9.99000e+02  -99.000  -99.000
OBS: PScJ560054  56236.398  -337.27   5.7180e+00   6.0060e+00  -1  i  0.91  1   !  -9.99000e+02  -99.000  -99.000
OBS: PScJ560054  56239.301  -334.37   4.5000e+00   8.7930e+00  -1  i  0.26  1   !  -9.99000e+02  -99.000  -99.000
OBS: PScJ560054  56274.199  -299.47   4.6600e+00   2.3409e+01  -1  i  0.04  1   !  -9.99000e+02  -99.000  -99.000
OBS: PScJ560054  56284.199  -289.47   1.2769e+01   1.1555e+01  -1  i  1.22  1   !  -9.99000e+02  -99.000  -99.000
OBS: PScJ560054  56505.500   -68.17   3.6340e+00   8.6880e+00  -1  i  0.17  1   !  -9.99000e+02  -99.000  -99.000
OBS: PScJ560054  56513.602   -60.07   7.0290e+00   5.1050e+00  -1  i  1.90  1   !  -9.99000e+02  -99.000  -99.000
OBS: PScJ560054  56520.602   -53.07   1.0615e+01   1.0911e+01  -1  i  0.95  1   !  -9.99000e+02  -99.000  -99.000
OBS: PScJ560054  56550.500   -23.17   7.7580e+00   1.2818e+01  -1  i  0.02  1   !  -9.99000e+02  -99.000  -99.000
OBS: PScJ560054  56514.672   -59.00   0.0000e+00   0.0000e+00   0  i  0.00  1   !  -9.99000e+02  -99.000  -99.000
OBS: PScJ560054  56516.672   -57.00   0.0000e+00   0.0000e+00   0  i  0.00  1   !  -9.99000e+02  -99.000  -99.000
OBS: PScJ560054  56518.672   -55.00   0.0000e+00   0.0000e+00   0  i  0.00  1   !  -9.99000e+02  -99.000  -99.000
OBS: PScJ560054  56520.672   -53.00   0.0000e+00   0.0000e+00   0  i  0.00  1   !  -9.99000e+02  -99.000  -99.000
OBS: PScJ560054  56522.672   -51.00   0.0000e+00   0.0000e+00   0  i  0.00  1   !  -9.99000e+02  -99.000  -99.000
OBS: PScJ560054  56524.672   -49.00   0.0000e+00   0.0000e+00   0  i  0.00  1   !  -9.99000e+02  -99.000  -99.000
OBS: PScJ560054  56526.672   -47.00   0.0000e+00   0.0000e+00   0  i  0.00  1   !  -9.99000e+02  -99.000  -99.000
OBS: PScJ560054  56528.672   -45.00   0.0000e+00   0.0000e+00   0  i  0.00  1   !  -9.99000e+02  -99.000  -99.000
OBS: PScJ560054  56530.672   -43.00   0.0000e+00   0.0000e+00   0  i  0.00  1   !  -9.99000e+02  -99.000  -99.000
OBS: PScJ560054  56532.672   -41.00   0.0000e+00   0.0000e+00   0  i  0.00  1   !  -9.99000e+02  -99.000  -99.000
OBS: PScJ560054  56534.672   -39.00   0.0000e+00   0.0000e+00   0  i  0.00  1   !  -9.99000e+02  -99.000  -99.000
OBS: PScJ560054  56536.672   -37.00   0.0000e+00   0.0000e+00   0  i  0.00  1   !  -9.99000e+02  -99.000  -99.000
OBS: PScJ560054  56538.672   -35.00   0.0000e+00   0.0000e+00   0  i  0.00  1   !  -9.99000e+02  -99.000  -99.000
OBS: PScJ560054  56540.672   -33.00   0.0000e+00   0.0000e+00   0  i  0.00  1   !  -9.99000e+02  -99.000  -99.000
OBS: PScJ560054  56542.672   -31.00   0.0000e+00   0.0000e+00   0  i  0.00  1   !  -9.99000e+02  -99.000  -99.000
OBS: PScJ560054  56544.672   -29.00   1.9314e+01   1.1625e+01   0  i  0.00  1   !  -9.99000e+02  -99.000  -99.000
OBS: PScJ560054  56546.672   -27.00   9.8171e+00   5.9090e+00   0  i  0.00  1   !  -9.99000e+02  -99.000  -99.000
OBS: PScJ560054  56548.672   -25.00   9.6267e+00   5.7944e+00   0  i  0.00  1   !  -9.99000e+02  -99.000  -99.000
OBS: PScJ560054  56550.672   -23.00   9.6189e+00   5.7897e+00   0  i  0.00  1   !  -9.99000e+02  -99.000  -99.000
OBS: PScJ560054  56552.672   -21.00   1.9017e+01   1.1447e+01   0  i  0.00  1   !  -9.99000e+02  -99.000  -99.000
OBS: PScJ560054  56554.672   -19.00   3.5198e+01   2.1186e+01   0  i  0.00  1   !  -9.99000e+02  -99.000  -99.000
OBS: PScJ560054  56556.672   -17.00   5.0103e+01   3.0158e+01   0  i  0.00  1   !  -9.99000e+02  -99.000  -99.000
OBS: PScJ560054  56558.672   -15.00   6.5047e+01   3.9153e+01   0  i  0.00  1   !  -9.99000e+02  -99.000  -99.000
OBS: PScJ560054  56560.672   -13.00   7.8584e+01   1.5025e+00   0  i  0.00  1   !  -9.99000e+02  -99.000  -99.000
OBS: PScJ560054  56562.672   -11.00   8.9202e+01   1.2648e+00   0  i  0.00  1   !  -9.99000e+02  -99.000  -99.000
OBS: PScJ560054  56564.672    -9.00   9.8474e+01   1.2791e+00   0  i  0.00  1   !  -9.99000e+02  -99.000  -99.000
OBS: PScJ560054  56566.672    -7.00   1.0685e+02   1.2981e+00   0  i  0.00  1   !  -9.99000e+02  -99.000  -99.000
OBS: PScJ560054  56568.672    -5.00   1.1211e+02   1.2756e+00   0  i  0.00  1   !  -9.99000e+02  -99.000  -99.000
OBS: PScJ560054  56570.672    -3.00   1.1549e+02   1.2352e+00   0  i  0.00  1   !  -9.99000e+02  -99.000  -99.000
OBS: PScJ560054  56572.672    -1.00   1.1762e+02   1.2566e+00   0  i  0.00  1   !  -9.99000e+02  -99.000  -99.000
OBS: PScJ560054  56574.672     1.00   1.1814e+02   1.2621e+00   0  i  0.00  1   !  -9.99000e+02  -99.000  -99.000
OBS: PScJ560054  56576.672     3.00   1.1724e+02   1.2525e+00   0  i  0.00  1   !  -9.99000e+02  -99.000  -99.000
OBS: PScJ560054  56578.672     5.00   1.1525e+02   1.2313e+00   0  i  0.00  1   !  -9.99000e+02  -99.000  -99.000
OBS: PScJ560054  56580.672     7.00   1.1261e+02   1.2031e+00   0  i  0.00  1   !  -9.99000e+02  -99.000  -99.000
OBS: PScJ560054  56582.672     9.00   1.0951e+02   1.2243e+00   0  i  0.00  1   !  -9.99000e+02  -99.000  -99.000
OBS: PScJ560054  56584.672    11.00   1.0594e+02   1.1844e+00   0  i  0.00  1   !  -9.99000e+02  -99.000  -99.000
OBS: PScJ560054  56586.672    13.00   1.0213e+02   1.1417e+00   0  i  0.00  1   !  -9.99000e+02  -99.000  -99.000
OBS: PScJ560054  56588.672    15.00   9.7841e+01   1.1472e+00   0  i  0.00  1   !  -9.99000e+02  -99.000  -99.000
OBS: PScJ560054  56590.672    17.00   9.2945e+01   1.1153e+00   0  i  0.00  1   !  -9.99000e+02  -99.000  -99.000
OBS: PScJ560054  56592.672    19.00   8.7951e+01   1.0831e+00   0  i  0.00  1   !  -9.99000e+02  -99.000  -99.000
OBS: PScJ560054  56594.672    21.00   8.2890e+01   1.0296e+00   0  i  0.00  1   !  -9.99000e+02  -99.000  -99.000
OBS: PScJ560054  56596.672    23.00   7.7191e+01   1.0522e+00   0  i  0.00  1   !  -9.99000e+02  -99.000  -99.000
OBS: PScJ560054  56598.672    25.00   7.1588e+01   1.1121e+00   0  i  0.00  1   !  -9.99000e+02  -99.000  -99.000
OBS: PScJ560054  56600.672    27.00   6.6208e+01   1.1520e+00   0  i  0.00  1   !  -9.99000e+02  -99.000  -99.000
OBS: PScJ560054  56602.672    29.00   6.1231e+01   1.1297e+00   0  i  0.00  1   !  -9.99000e+02  -99.000  -99.000
OBS: PScJ560054  56604.672    31.00   5.6445e+01   1.1018e+00   0  i  0.00  1   !  -9.99000e+02  -99.000  -99.000
OBS: PScJ560054  56606.672    33.00   5.1951e+01   1.1242e+00   0  i  0.00  1   !  -9.99000e+02  -99.000  -99.000
OBS: PScJ560054  56608.672    35.00   4.7958e+01   1.1695e+00   0  i  0.00  1   !  -9.99000e+02  -99.000  -99.000
OBS: PScJ560054  56610.672    37.00   4.4388e+01   1.2335e+00   0  i  0.00  1   !  -9.99000e+02  -99.000  -99.000
OBS: PScJ560054  56612.672    39.00   4.0913e+01   1.2779e+00   0  i  0.00  1   !  -9.99000e+02  -99.000  -99.000
OBS: PScJ560054  56614.672    41.00   3.7602e+01   1.2831e+00   0  i  0.00  1   !  -9.99000e+02  -99.000  -99.000
OBS: PScJ560054  56616.672    43.00   3.4583e+01   1.2009e+00   0  i  0.00  1   !  -9.99000e+02  -99.000  -99.000
OBS: PScJ560054  56618.672    45.00   3.1952e+01   1.1939e+00   0  i  0.00  1   !  -9.99000e+02  -99.000  -99.000
OBS: PScJ560054  56620.672    47.00   2.9720e+01   1.2696e+00   0  i  0.00  1   !  -9.99000e+02  -99.000  -99.000
OBS: PScJ560054  56622.672    49.00   2.7686e+01   1.4491e+00   0  i  0.00  1   !  -9.99000e+02  -99.000  -99.000
OBS: PScJ560054  56624.672    51.00   2.5680e+01   1.5245e+00   0  i  0.00  1   !  -9.99000e+02  -99.000  -99.000
OBS: PScJ560054  56626.672    53.00   2.3680e+01   1.4525e+00   0  i  0.00  1   !  -9.99000e+02  -99.000  -99.000
OBS: PScJ560054  56628.672    55.00   2.1834e+01   1.3161e+00   0  i  0.00  1   !  -9.99000e+02  -99.000  -99.000
OBS: PScJ560054  56630.672    57.00   2.0419e+01   1.1836e+00   0  i  0.00  1   !  -9.99000e+02  -99.000  -99.000
OBS: PScJ560054  56632.672    59.00   1.9418e+01   1.0943e+00   0  i  0.00  1   !  -9.99000e+02  -99.000  -99.000
OBS: PScJ560054  56634.672    61.00   1.8710e+01   1.0813e+00   0  i  0.00  1   !  -9.99000e+02  -99.000  -99.000
OBS: PScJ560054  56636.672    63.00   1.7947e+01   1.1808e+00   0  i  0.00  1   !  -9.99000e+02  -99.000  -99.000
OBS: PScJ560054  56638.672    65.00   1.7111e+01   1.3218e+00   0  i  0.00  1   !  -9.99000e+02  -99.000  -99.000
OBS: PScJ560054  56640.672    67.00   1.6286e+01   1.3671e+00   0  i  0.00  1   !  -9.99000e+02  -99.000  -99.000
OBS: PScJ560054  56642.672    69.00   1.5553e+01   1.3286e+00   0  i  0.00  1   !  -9.99000e+02  -99.000  -99.000
OBS: PScJ560054  56644.672    71.00   1.4977e+01   1.2392e+00   0  i  0.00  1   !  -9.99000e+02  -99.000  -99.000
OBS: PScJ560054  56646.672    73.00   1.4555e+01   1.0922e+00   0  i  0.00  1   !  -9.99000e+02  -99.000  -99.000
OBS: PScJ560054  56648.672    75.00   1.4223e+01   9.8331e-01   0  i  0.00  1   !  -9.99000e+02  -99.000  -99.000
OBS: PScJ560054  56650.672    77.00   1.3941e+01   9.7332e-01   0  i  0.00  1   !  -9.99000e+02  -99.000  -99.000
OBS: PScJ560054  56652.672    79.00   1.3648e+01   1.0221e+00   0  i  0.00  1   !  -9.99000e+02  -99.000  -99.000
OBS: PScJ560054  56654.672    81.00   1.3333e+01   1.0972e+00   0  i  0.00  1   !  -9.99000e+02  -99.000  -99.000
OBS: PScJ560054  56656.672    83.00   1.2994e+01   1.1718e+00   0  i  0.00  1   !  -9.99000e+02  -99.000  -99.000
OBS: PScJ560054  56658.672    85.00   1.2635e+01   1.2090e+00   0  i  0.00  1   !  -9.99000e+02  -99.000  -99.000
OBS: PScJ560054  56660.672    87.00   1.2280e+01   1.1731e+00   0  i  0.00  1   !  -9.99000e+02  -99.000  -99.000
OBS: PScJ560054  56662.672    89.00   1.1945e+01   1.0938e+00   0  i  0.00  1   !  -9.99000e+02  -99.000  -99.000
OBS: PScJ560054  56664.672    91.00   1.1367e+01   1.0264e+00   0  i  0.00  1   !  -9.99000e+02  -99.000  -99.000
OBS: PScJ560054  56666.672    93.00   1.0844e+01   1.0711e+00   0  i  0.00  1   !  -9.99000e+02  -99.000  -99.000
OBS: PScJ560054  56668.672    95.00   1.0342e+01   1.2156e+00   0  i  0.00  1   !  -9.99000e+02  -99.000  -99.000
OBS: PScJ560054  56670.672    97.00   9.8631e+00   1.3543e+00   0  i  0.00  1   !  -9.99000e+02  -99.000  -99.000
OBS: PScJ560054  56672.672    99.00   9.4270e+00   1.3901e+00   0  i  0.00  1   !  -9.99000e+02  -99.000  -99.000
OBS: PScJ560054  56674.672   101.00   9.0278e+00   1.3045e+00   0  i  0.00  1   !  -9.99000e+02  -99.000  -99.000
OBS: PScJ560054  56676.672   103.00   8.6461e+00   1.2246e+00   0  i  0.00  1   !  -9.99000e+02  -99.000  -99.000
OBS: PScJ560054  56678.672   105.00   8.2803e+00   1.1816e+00   0  i  0.00  1   !  -9.99000e+02  -99.000  -99.000
OBS: PScJ560054  56680.672   107.00   7.9330e+00   1.1405e+00   0  i  0.00  1   !  -9.99000e+02  -99.000  -99.000
OBS: PScJ560054  56682.672   109.00   7.6029e+00   1.1011e+00   0  i  0.00  1   !  -9.99000e+02  -99.000  -99.000
OBS: PScJ560054  56684.672   111.00   7.2747e+00   1.0613e+00   0  i  0.00  1   !  -9.99000e+02  -99.000  -99.000
OBS: PScJ560054  56686.672   113.00   6.9573e+00   1.0223e+00   0  i  0.00  1   !  -9.99000e+02  -99.000  -99.000
OBS: PScJ560054  56688.672   115.00   6.6496e+00   9.8416e-01   0  i  0.00  1   !  -9.99000e+02  -99.000  -99.000
OBS: PScJ560054  56690.672   117.00   6.3559e+00   9.4741e-01   0  i  0.00  1   !  -9.99000e+02  -99.000  -99.000
OBS: PScJ560054  56692.672   119.00   6.0757e+00   9.1207e-01   0  i  0.00  1   !  -9.99000e+02  -99.000  -99.000
OBS: PScJ560054  56694.672   121.00   5.8091e+00   8.7817e-01   0  i  0.00  1   !  -9.99000e+02  -99.000  -99.000
OBS: PScJ560054  56696.672   123.00   5.5549e+00   8.4559e-01   0  i  0.00  1   !  -9.99000e+02  -99.000  -99.000
OBS: PScJ560054  56698.672   125.00   5.3125e+00   8.1428e-01   0  i  0.00  1   !  -9.99000e+02  -99.000  -99.000
OBS: PScJ560054  56700.672   127.00   5.0885e+00   7.8529e-01   0  i  0.00  1   !  -9.99000e+02  -99.000  -99.000
OBS: PScJ560054  56702.672   129.00   4.8792e+00   7.5811e-01   0  i  0.00  1   !  -9.99000e+02  -99.000  -99.000
OBS: PScJ560054  56704.672   131.00   4.6752e+00   7.3131e-01   0  i  0.00  1   !  -9.99000e+02  -99.000  -99.000
OBS: PScJ560054  56706.672   133.00   4.4790e+00   7.0531e-01   0  i  0.00  1   !  -9.99000e+02  -99.000  -99.000
OBS: PScJ560054  56708.672   135.00   4.2910e+00   6.8020e-01   0  i  0.00  1   !  -9.99000e+02  -99.000  -99.000
OBS: PScJ560054  56710.672   137.00   4.1110e+00   6.5595e-01   0  i  0.00  1   !  -9.99000e+02  -99.000  -99.000
OBS: PScJ560054  56712.672   139.00   3.9386e+00   6.3254e-01   0  i  0.00  1   !  -9.99000e+02  -99.000  -99.000
OBS: PScJ560054  56557.500   -16.17   4.3160e+01   2.5002e+01   1  z  0.00  1   r  1.75330e+18  -0.569  -2.181
OBS: PScJ560054  56559.500   -14.17   8.7990e+01   2.1383e+01   1  z  0.57  1   r  3.64228e+18  -0.549  -1.712
OBS: PScJ560054  56562.398   -11.27   1.2216e+02   1.7510e+01   1  z  0.95  1   r  5.11336e+18  -0.537  -1.310
OBS: PScJ560054  56568.398    -5.27   1.1566e+02   2.5412e+01   1  z  0.34  1   r  4.82968e+18  -0.539  -0.924
OBS: PScJ560054  56570.301    -3.37   1.2101e+02   1.1333e+01   1  z  1.56  1   r  4.99485e+18  -0.552  -0.885
OBS: PScJ560054  56573.500    -0.17   1.2107e+02   1.8592e+01   1  z  0.16  1   r  4.93202e+18  -0.566  -0.795
OBS: PScJ560054  56584.398    10.73   1.0340e+02   1.5429e+01   1  z  0.15  1   r  4.27348e+18  -0.550  -0.043
OBS: PScJ560054  56587.398    13.73   1.1580e+02   1.1341e+01   1  z  1.86  1   r  4.86758e+18  -0.532  0.137
OBS: PScJ560054  56589.398    15.73   8.0516e+01   1.2788e+01   1  z  1.04  1   r  3.40626e+18  -0.525  0.141
OBS: PScJ560054  56592.301    18.63   8.7789e+01   1.3054e+01   1  z  0.06  1   r  3.71496e+18  -0.525  0.042
OBS: PScJ560054  56595.301    21.63   7.2977e+01   1.1472e+01   1  z  0.03  1   r  3.12066e+18  -0.513  -0.132
OBS: PScJ560054  56600.301    26.63   3.1511e+01   1.8667e+01   1  z  2.76  1   r  1.38711e+18  -0.482  -0.536
OBS: PScJ560054  56613.301    39.63   7.5478e+01   1.8072e+01   1  z  1.72  1   r  3.47327e+18  -0.434  -0.578
OBS: PScJ560054  56632.199    58.53   2.0998e+01   1.0658e+01   1  z  1.19  1   r  9.45972e+17  -0.457  0.630
OBS: PScJ560054  55082.398  -1491.27   3.8970e+00   5.1975e+01  -1  z  0.01  1   !  -9.99000e+02  -99.000  -99.000
OBS: PScJ560054  55091.398  -1482.27   1.4401e+01   2.7077e+01  -1  z  0.28  1   !  -9.99000e+02  -99.000  -99.000
OBS: PScJ560054  55094.500  -1479.17   2.3903e+01   8.3134e+01  -1  z  0.08  1   !  -9.99000e+02  -99.000  -99.000
OBS: PScJ560054  55097.500  -1476.17   8.4500e+00   2.2952e+01  -1  z  0.14  1   !  -9.99000e+02  -99.000  -99.000
OBS: PScJ560054  55103.398  -1470.27   2.8690e+00   1.2934e+01  -1  z  0.05  1   !  -9.99000e+02  -99.000  -99.000
OBS: PScJ560054  55195.199  -1378.47   9.7250e+00   1.5966e+01  -1  z  0.37  1   !  -9.99000e+02  -99.000  -99.000
OBS: PScJ560054  55202.199  -1371.47   1.7050e+01   1.1986e+01  -1  z  2.02  1   !  -9.99000e+02  -99.000  -99.000
OBS: PScJ560054  55412.500  -1161.17   2.3039e+01   2.1997e+01  -1  z  1.10  1   !  -9.99000e+02  -99.000  -99.000
OBS: PScJ560054  55424.602  -1149.07   1.6941e+01   1.5066e+01  -1  z  1.26  1   !  -9.99000e+02  -99.000  -99.000
OBS: PScJ560054  55427.602  -1146.07   1.3948e+01   7.7760e+00  -1  z  3.22  1   !  -9.99000e+02  -99.000  -99.000
OBS: PScJ560054  55442.602  -1131.07   2.0470e+00   1.2318e+01  -1  z  0.03  1   !  -9.99000e+02  -99.000  -99.000
OBS: PScJ560054  55445.500  -1128.17   1.3531e+01   1.3517e+01  -1  z  1.00  1   !  -9.99000e+02  -99.000  -99.000
OBS: PScJ560054  55466.398  -1107.27   1.1258e+01   1.0786e+01  -1  z  1.09  1   !  -9.99000e+02  -99.000  -99.000
OBS: PScJ560054  55487.301  -1086.37   4.8302e+01   6.5563e+01  -1  z  0.54  1   !  -9.99000e+02  -99.000  -99.000
OBS: PScJ560054  55499.301  -1074.37   5.4360e+00   1.5527e+01  -1  z  0.12  1   !  -9.99000e+02  -99.000  -99.000
OBS: PScJ560054  55535.199  -1038.47   1.6007e+01   2.0942e+01  -1  z  0.58  1   !  -9.99000e+02  -99.000  -99.000
OBS: PScJ560054  55781.602  -792.07   3.6290e+00   4.7323e+01  -1  z  0.01  1   !  -9.99000e+02  -99.000  -99.000
OBS: PScJ560054  55793.602  -780.07   1.3548e+01   8.9440e+00  -1  z  2.29  1   !  -9.99000e+02  -99.000  -99.000
OBS: PScJ560054  55808.602  -765.07   5.6380e+00   1.3523e+01  -1  z  0.17  1   !  -9.99000e+02  -99.000  -99.000
OBS: PScJ560054  55832.398  -741.27   3.0430e+00   1.7946e+01  -1  z  0.03  1   !  -9.99000e+02  -99.000  -99.000
OBS: PScJ560054  55835.301  -738.37   2.4250e+00   1.3413e+01  -1  z  0.03  1   !  -9.99000e+02  -99.000  -99.000
OBS: PScJ560054  55851.500  -722.17   7.1770e+00   1.6292e+01  -1  z  0.19  1   !  -9.99000e+02  -99.000  -99.000
OBS: PScJ560054  55854.398  -719.27   1.6680e+01   1.7535e+01  -1  z  0.90  1   !  -9.99000e+02  -99.000  -99.000
OBS: PScJ560054  56137.602  -436.07   2.9811e+01   2.9124e+01  -1  z  1.05  1   !  -9.99000e+02  -99.000  -99.000
OBS: PScJ560054  56141.398  -432.27   1.5848e+01   1.9643e+01  -1  z  0.65  1   !  -9.99000e+02  -99.000  -99.000
OBS: PScJ560054  56160.602  -413.07   6.0560e+00   1.5362e+01  -1  z  0.16  1   !  -9.99000e+02  -99.000  -99.000
OBS: PScJ560054  56163.602  -410.07   1.0154e+01   1.1579e+01  -1  z  0.77  1   !  -9.99000e+02  -99.000  -99.000
OBS: PScJ560054  56208.500  -365.17   4.3050e+00   1.6407e+01  -1  z  0.07  1   !  -9.99000e+02  -99.000  -99.000
OBS: PScJ560054  56211.500  -362.17   4.7910e+00   1.2111e+01  -1  z  0.16  1   !  -9.99000e+02  -99.000  -99.000
OBS: PScJ560054  56216.398  -357.27   8.6230e+00   2.5288e+01  -1  z  0.12  1   !  -9.99000e+02  -99.000  -99.000
OBS: PScJ560054  56219.301  -354.37   1.7924e+01   1.3494e+01  -1  z  1.76  1   !  -9.99000e+02  -99.000  -99.000
OBS: PScJ560054  56234.301  -339.37   3.1540e+00   9.2360e+00  -1  z  0.12  1   !  -9.99000e+02  -99.000  -99.000
OBS: PScJ560054  56240.199  -333.47   4.7444e+01   2.3989e+01  -1  z  3.91  1   !  -9.99000e+02  -99.000  -99.000
OBS: PScJ560054  56243.301  -330.37   3.4377e+01   1.7207e+01  -1  z  3.99  1   !  -9.99000e+02  -99.000  -99.000
OBS: PScJ560054  56245.301  -328.37   3.5733e+01   2.7138e+01  -1  z  1.73  1   !  -9.99000e+02  -99.000  -99.000
OBS: PScJ560054  56273.199  -300.47   9.7653e+01   2.3504e+02  -1  z  0.17  1   !  -9.99000e+02  -99.000  -99.000
OBS: PScJ560054  56294.199  -279.47   2.8854e+01   2.9026e+01  -1  z  0.99  1   !  -9.99000e+02  -99.000  -99.000
OBS: PScJ560054  56477.602   -96.07   6.9400e+00   1.2373e+01  -1  z  0.31  1   !  -9.99000e+02  -99.000  -99.000
OBS: PScJ560054  56488.602   -85.07   2.1848e+01   1.0370e+01  -1  z  4.44  1   !  -9.99000e+02  -99.000  -99.000
OBS: PScJ560054  56490.602   -83.07   1.5377e+01   1.1121e+01  -1  z  1.91  1   !  -9.99000e+02  -99.000  -99.000
OBS: PScJ560054  56492.602   -81.07   6.2000e-01   7.4790e+00  -1  z  0.01  1   !  -9.99000e+02  -99.000  -99.000
OBS: PScJ560054  56519.602   -54.07   7.6560e+00   1.2351e+01  -1  z  0.38  1   !  -9.99000e+02  -99.000  -99.000
OBS: PScJ560054  56521.602   -52.07   9.5470e+00   1.9947e+01  -1  z  0.23  1   !  -9.99000e+02  -99.000  -99.000
OBS: PScJ560054  56539.500   -34.17   3.2097e+01   1.3969e+01  -1  z  5.28  1   !  -9.99000e+02  -99.000  -99.000
OBS: PScJ560054  56514.672   -59.00   0.0000e+00   0.0000e+00   0  z  0.00  1   !  -9.99000e+02  -99.000  -99.000
OBS: PScJ560054  56516.672   -57.00   0.0000e+00   0.0000e+00   0  z  0.00  1   !  -9.99000e+02  -99.000  -99.000
OBS: PScJ560054  56518.672   -55.00   0.0000e+00   0.0000e+00   0  z  0.00  1   !  -9.99000e+02  -99.000  -99.000
OBS: PScJ560054  56520.672   -53.00   0.0000e+00   0.0000e+00   0  z  0.00  1   !  -9.99000e+02  -99.000  -99.000
OBS: PScJ560054  56522.672   -51.00   0.0000e+00   0.0000e+00   0  z  0.00  1   !  -9.99000e+02  -99.000  -99.000
OBS: PScJ560054  56524.672   -49.00   0.0000e+00   0.0000e+00   0  z  0.00  1   !  -9.99000e+02  -99.000  -99.000
OBS: PScJ560054  56526.672   -47.00   0.0000e+00   0.0000e+00   0  z  0.00  1   !  -9.99000e+02  -99.000  -99.000
OBS: PScJ560054  56528.672   -45.00   0.0000e+00   0.0000e+00   0  z  0.00  1   !  -9.99000e+02  -99.000  -99.000
OBS: PScJ560054  56530.672   -43.00   0.0000e+00   0.0000e+00   0  z  0.00  1   !  -9.99000e+02  -99.000  -99.000
OBS: PScJ560054  56532.672   -41.00   0.0000e+00   0.0000e+00   0  z  0.00  1   !  -9.99000e+02  -99.000  -99.000
OBS: PScJ560054  56534.672   -39.00   0.0000e+00   0.0000e+00   0  z  0.00  1   !  -9.99000e+02  -99.000  -99.000
OBS: PScJ560054  56536.672   -37.00   0.0000e+00   0.0000e+00   0  z  0.00  1   !  -9.99000e+02  -99.000  -99.000
OBS: PScJ560054  56538.672   -35.00   0.0000e+00   0.0000e+00   0  z  0.00  1   !  -9.99000e+02  -99.000  -99.000
OBS: PScJ560054  56540.672   -33.00   0.0000e+00   0.0000e+00   0  z  0.00  1   !  -9.99000e+02  -99.000  -99.000
OBS: PScJ560054  56542.672   -31.00   0.0000e+00   0.0000e+00   0  z  0.00  1   !  -9.99000e+02  -99.000  -99.000
OBS: PScJ560054  56544.672   -29.00   0.0000e+00   0.0000e+00   0  z  0.00  1   !  -9.99000e+02  -99.000  -99.000
OBS: PScJ560054  56546.672   -27.00   0.0000e+00   0.0000e+00   0  z  0.00  1   !  -9.99000e+02  -99.000  -99.000
OBS: PScJ560054  56548.672   -25.00   0.0000e+00   0.0000e+00   0  z  0.00  1   !  -9.99000e+02  -99.000  -99.000
OBS: PScJ560054  56550.672   -23.00   0.0000e+00   0.0000e+00   0  z  0.00  1   !  -9.99000e+02  -99.000  -99.000
OBS: PScJ560054  56552.672   -21.00   2.6562e-03   1.5988e-03   0  z  0.00  1   !  -9.99000e+02  -99.000  -99.000
OBS: PScJ560054  56554.672   -19.00   2.1608e+01   1.3006e+01   0  z  0.00  1   !  -9.99000e+02  -99.000  -99.000
OBS: PScJ560054  56556.672   -17.00   3.7236e+01   2.2413e+01   0  z  0.00  1   !  -9.99000e+02  -99.000  -99.000
OBS: PScJ560054  56558.672   -15.00   5.1984e+01   3.1290e+01   0  z  0.00  1   !  -9.99000e+02  -99.000  -99.000
OBS: PScJ560054  56560.672   -13.00   6.4834e+01   3.9024e+01   0  z  0.00  1   !  -9.99000e+02  -99.000  -99.000
OBS: PScJ560054  56562.672   -11.00   7.6486e+01   4.6038e+01   0  z  0.00  1   !  -9.99000e+02  -99.000  -99.000
OBS: PScJ560054  56564.672    -9.00   8.6557e+01   6.8768e+00   0  z  0.00  1   !  -9.99000e+02  -99.000  -99.000
OBS: PScJ560054  56566.672    -7.00   9.4491e+01   1.2676e+00   0  z  0.00  1   !  -9.99000e+02  -99.000  -99.000
OBS: PScJ560054  56568.672    -5.00   1.0175e+02   1.3168e+00   0  z  0.00  1   !  -9.99000e+02  -99.000  -99.000
OBS: PScJ560054  56570.672    -3.00   1.0784e+02   1.3956e+00   0  z  0.00  1   !  -9.99000e+02  -99.000  -99.000
OBS: PScJ560054  56572.672    -1.00   1.1233e+02   1.3614e+00   0  z  0.00  1   !  -9.99000e+02  -99.000  -99.000
OBS: PScJ560054  56574.672     1.00   1.1504e+02   1.3059e+00   0  z  0.00  1   !  -9.99000e+02  -99.000  -99.000
OBS: PScJ560054  56576.672     3.00   1.1633e+02   1.3006e+00   0  z  0.00  1   !  -9.99000e+02  -99.000  -99.000
OBS: PScJ560054  56578.672     5.00   1.1613e+02   1.2759e+00   0  z  0.00  1   !  -9.99000e+02  -99.000  -99.000
OBS: PScJ560054  56580.672     7.00   1.1484e+02   1.2269e+00   0  z  0.00  1   !  -9.99000e+02  -99.000  -99.000
OBS: PScJ560054  56582.672     9.00   1.1253e+02   1.2580e+00   0  z  0.00  1   !  -9.99000e+02  -99.000  -99.000
OBS: PScJ560054  56584.672    11.00   1.0878e+02   1.2162e+00   0  z  0.00  1   !  -9.99000e+02  -99.000  -99.000
OBS: PScJ560054  56586.672    13.00   1.0277e+02   1.1490e+00   0  z  0.00  1   !  -9.99000e+02  -99.000  -99.000
OBS: PScJ560054  56588.672    15.00   9.5935e+01   1.0788e+00   0  z  0.00  1   !  -9.99000e+02  -99.000  -99.000
OBS: PScJ560054  56590.672    17.00   8.9637e+01   1.0511e+00   0  z  0.00  1   !  -9.99000e+02  -99.000  -99.000
OBS: PScJ560054  56592.672    19.00   8.3328e+01   1.0173e+00   0  z  0.00  1   !  -9.99000e+02  -99.000  -99.000
OBS: PScJ560054  56594.672    21.00   7.6823e+01   9.5423e-01   0  z  0.00  1   !  -9.99000e+02  -99.000  -99.000
OBS: PScJ560054  56596.672    23.00   7.0840e+01   9.4088e-01   0  z  0.00  1   !  -9.99000e+02  -99.000  -99.000
OBS: PScJ560054  56598.672    25.00   6.5694e+01   9.3259e-01   0  z  0.00  1   !  -9.99000e+02  -99.000  -99.000
OBS: PScJ560054  56600.672    27.00   6.1965e+01   9.2901e-01   0  z  0.00  1   !  -9.99000e+02  -99.000  -99.000
OBS: PScJ560054  56602.672    29.00   5.9291e+01   9.1356e-01   0  z  0.00  1   !  -9.99000e+02  -99.000  -99.000
OBS: PScJ560054  56604.672    31.00   5.7793e+01   9.0858e-01   0  z  0.00  1   !  -9.99000e+02  -99.000  -99.000
OBS: PScJ560054  56606.672    33.00   5.6893e+01   9.3686e-01   0  z  0.00  1   !  -9.99000e+02  -99.000  -99.000
OBS: PScJ560054  56608.672    35.00   5.5689e+01   9.1704e-01   0  z  0.00  1   !  -9.99000e+02  -99.000  -99.000
OBS: PScJ560054  56610.672    37.00   5.4058e+01   9.3019e-01   0  z  0.00  1   !  -9.99000e+02  -99.000  -99.000
OBS: PScJ560054  56612.672    39.00   5.2312e+01   1.0096e+00   0  z  0.00  1   !  -9.99000e+02  -99.000  -99.000
OBS: PScJ560054  56614.672    41.00   5.0327e+01   1.0808e+00   0  z  0.00  1   !  -9.99000e+02  -99.000  -99.000
OBS: PScJ560054  56616.672    43.00   4.8143e+01   1.0993e+00   0  z  0.00  1   !  -9.99000e+02  -99.000  -99.000
OBS: PScJ560054  56618.672    45.00   4.5873e+01   1.0334e+00   0  z  0.00  1   !  -9.99000e+02  -99.000  -99.000
OBS: PScJ560054  56620.672    47.00   4.3651e+01   9.3504e-01   0  z  0.00  1   !  -9.99000e+02  -99.000  -99.000
OBS: PScJ560054  56622.672    49.00   4.1534e+01   8.8764e-01   0  z  0.00  1   !  -9.99000e+02  -99.000  -99.000
OBS: PScJ560054  56624.672    51.00   3.9439e+01   9.7482e-01   0  z  0.00  1   !  -9.99000e+02  -99.000  -99.000
OBS: PScJ560054  56626.672    53.00   3.7531e+01   1.0802e+00   0  z  0.00  1   !  -9.99000e+02  -99.000  -99.000
OBS: PScJ560054  56628.672    55.00   3.5798e+01   1.1190e+00   0  z  0.00  1   !  -9.99000e+02  -99.000  -99.000
OBS: PScJ560054  56630.672    57.00   3.4076e+01   1.0378e+00   0  z  0.00  1   !  -9.99000e+02  -99.000  -99.000
OBS: PScJ560054  56632.672    59.00   3.2225e+01   9.0744e-01   0  z  0.00  1   !  -9.99000e+02  -99.000  -99.000
OBS: PScJ560054  56634.672    61.00   3.0213e+01   8.2050e-01   0  z  0.00  1   !  -9.99000e+02  -99.000  -99.000
OBS: PScJ560054  56636.672    63.00   2.8193e+01   8.1033e-01   0  z  0.00  1   !  -9.99000e+02  -99.000  -99.000
OBS: PScJ560054  56638.672    65.00   2.6293e+01   8.3571e-01   0  z  0.00  1   !  -9.99000e+02  -99.000  -99.000
OBS: PScJ560054  56640.672    67.00   2.4669e+01   8.6970e-01   0  z  0.00  1   !  -9.99000e+02  -99.000  -99.000
OBS: PScJ560054  56642.672    69.00   2.3383e+01   8.9431e-01   0  z  0.00  1   !  -9.99000e+02  -99.000  -99.000
OBS: PScJ560054  56644.672    71.00   2.2411e+01   9.0924e-01   0  z  0.00  1   !  -9.99000e+02  -99.000  -99.000
OBS: PScJ560054  56646.672    73.00   2.1707e+01   9.3120e-01   0  z  0.00  1   !  -9.99000e+02  -99.000  -99.000
OBS: PScJ560054  56648.672    75.00   2.1078e+01   9.3069e-01   0  z  0.00  1   !  -9.99000e+02  -99.000  -99.000
OBS: PScJ560054  56650.672    77.00   2.0447e+01   8.6861e-01   0  z  0.00  1   !  -9.99000e+02  -99.000  -99.000
OBS: PScJ560054  56652.672    79.00   1.9789e+01   8.0008e-01   0  z  0.00  1   !  -9.99000e+02  -99.000  -99.000
OBS: PScJ560054  56654.672    81.00   1.9163e+01   7.8571e-01   0  z  0.00  1   !  -9.99000e+02  -99.000  -99.000
OBS: PScJ560054  56656.672    83.00   1.8527e+01   8.8485e-01   0  z  0.00  1   !  -9.99000e+02  -99.000  -99.000
OBS: PScJ560054  56658.672    85.00   1.7912e+01   1.0311e+00   0  z  0.00  1   !  -9.99000e+02  -99.000  -99.000
OBS: PScJ560054  56660.672    87.00   1.7291e+01   1.0820e+00   0  z  0.00  1   !  -9.99000e+02  -99.000  -99.000
OBS: PScJ560054  56662.672    89.00   1.6643e+01   1.0027e+00   0  z  0.00  1   !  -9.99000e+02  -99.000  -99.000
OBS: PScJ560054  56664.672    91.00   1.5437e+01   8.6415e-01   0  z  0.00  1   !  -9.99000e+02  -99.000  -99.000
OBS: PScJ560054  56666.672    93.00   1.4250e+01   8.0467e-01   0  z  0.00  1   !  -9.99000e+02  -99.000  -99.000
OBS: PScJ560054  56668.672    95.00   1.3115e+01   8.3768e-01   0  z  0.00  1   !  -9.99000e+02  -99.000  -99.000
OBS: PScJ560054  56670.672    97.00   1.2098e+01   8.7901e-01   0  z  0.00  1   !  -9.99000e+02  -99.000  -99.000
OBS: PScJ560054  56672.672    99.00   1.1251e+01   8.9954e-01   0  z  0.00  1   !  -9.99000e+02  -99.000  -99.000
OBS: PScJ560054  56674.672   101.00   1.0590e+01   8.9490e-01   0  z  0.00  1   !  -9.99000e+02  -99.000  -99.000
OBS: PScJ560054  56676.672   103.00   1.0045e+01   8.7162e-01   0  z  0.00  1   !  -9.99000e+02  -99.000  -99.000
OBS: PScJ560054  56678.672   105.00   9.5392e+00   8.4922e-01   0  z  0.00  1   !  -9.99000e+02  -99.000  -99.000
OBS: PScJ560054  56680.672   107.00   9.0590e+00   8.2688e-01   0  z  0.00  1   !  -9.99000e+02  -99.000  -99.000
OBS: PScJ560054  56682.672   109.00   8.6008e+00   8.0437e-01   0  z  0.00  1   !  -9.99000e+02  -99.000  -99.000
OBS: PScJ560054  56684.672   111.00   8.1659e+00   7.8201e-01   0  z  0.00  1   !  -9.99000e+02  -99.000  -99.000
OBS: PScJ560054  56686.672   113.00   7.7537e+00   7.5987e-01   0  z  0.00  1   !  -9.99000e+02  -99.000  -99.000
OBS: PScJ560054  56688.672   115.00   7.3613e+00   7.3784e-01   0  z  0.00  1   !  -9.99000e+02  -99.000  -99.000
OBS: PScJ560054  56690.672   117.00   6.9908e+00   7.1627e-01   0  z  0.00  1   !  -9.99000e+02  -99.000  -99.000
OBS: PScJ560054  56692.672   119.00   6.6350e+00   6.9455e-01   0  z  0.00  1   !  -9.99000e+02  -99.000  -99.000
OBS: PScJ560054  56694.672   121.00   6.2986e+00   6.7329e-01   0  z  0.00  1   !  -9.99000e+02  -99.000  -99.000
OBS: PScJ560054  56696.672   123.00   5.9795e+00   6.5240e-01   0  z  0.00  1   !  -9.99000e+02  -99.000  -99.000
OBS: PScJ560054  56698.672   125.00   5.6749e+00   6.3169e-01   0  z  0.00  1   !  -9.99000e+02  -99.000  -99.000
OBS: PScJ560054  56700.672   127.00   5.3833e+00   6.1107e-01   0  z  0.00  1   !  -9.99000e+02  -99.000  -99.000
OBS: PScJ560054  56702.672   129.00   5.1036e+00   5.9052e-01   0  z  0.00  1   !  -9.99000e+02  -99.000  -99.000
OBS: PScJ560054  56704.672   131.00   4.8383e+00   5.7043e-01   0  z  0.00  1   !  -9.99000e+02  -99.000  -99.000
OBS: PScJ560054  56706.672   133.00   4.5868e+00   5.5080e-01   0  z  0.00  1   !  -9.99000e+02  -99.000  -99.000
OBS: PScJ560054  56708.672   135.00   4.3483e+00   5.3164e-01   0  z  0.00  1   !  -9.99000e+02  -99.000  -99.000
OBS: PScJ560054  56710.672   137.00   4.1221e+00   5.1295e-01   0  z  0.00  1   !  -9.99000e+02  -99.000  -99.000
OBS: PScJ560054  56712.672   139.00   3.9077e+00   4.9474e-01   0  z  0.00  1   !  -9.99000e+02  -99.000  -99.000
OBS: PScJ560054  56587.824    14.15   4.2099e+01   2.5200e+00   1  J  2.90  1   i  2.25292e+18  -0.270  -2.051
OBS: PScJ560054  56592.895    19.22   3.2290e+01   3.0040e+00   1  J  0.76  1   i  1.55146e+18  -0.387  -2.006
OBS: PScJ560054  56603.859    30.19   3.4125e+01   2.2630e+00   1  J  1.12  1   i  1.36688e+18  -0.584  -1.257
OBS: PScJ560054  56514.672   -59.00   0.0000e+00   0.0000e+00   0  J  0.00  1   !  -9.99000e+02  -99.000  -99.000
OBS: PScJ560054  56516.672   -57.00   0.0000e+00   0.0000e+00   0  J  0.00  1   !  -9.99000e+02  -99.000  -99.000
OBS: PScJ560054  56518.672   -55.00   0.0000e+00   0.0000e+00   0  J  0.00  1   !  -9.99000e+02  -99.000  -99.000
OBS: PScJ560054  56520.672   -53.00   0.0000e+00   0.0000e+00   0  J  0.00  1   !  -9.99000e+02  -99.000  -99.000
OBS: PScJ560054  56522.672   -51.00   0.0000e+00   0.0000e+00   0  J  0.00  1   !  -9.99000e+02  -99.000  -99.000
OBS: PScJ560054  56524.672   -49.00   0.0000e+00   0.0000e+00   0  J  0.00  1   !  -9.99000e+02  -99.000  -99.000
OBS: PScJ560054  56526.672   -47.00   0.0000e+00   0.0000e+00   0  J  0.00  1   !  -9.99000e+02  -99.000  -99.000
OBS: PScJ560054  56528.672   -45.00   0.0000e+00   0.0000e+00   0  J  0.00  1   !  -9.99000e+02  -99.000  -99.000
OBS: PScJ560054  56530.672   -43.00   0.0000e+00   0.0000e+00   0  J  0.00  1   !  -9.99000e+02  -99.000  -99.000
OBS: PScJ560054  56532.672   -41.00   0.0000e+00   0.0000e+00   0  J  0.00  1   !  -9.99000e+02  -99.000  -99.000
OBS: PScJ560054  56534.672   -39.00   0.0000e+00   0.0000e+00   0  J  0.00  1   !  -9.99000e+02  -99.000  -99.000
OBS: PScJ560054  56536.672   -37.00   0.0000e+00   0.0000e+00   0  J  0.00  1   !  -9.99000e+02  -99.000  -99.000
OBS: PScJ560054  56538.672   -35.00   0.0000e+00   0.0000e+00   0  J  0.00  1   !  -9.99000e+02  -99.000  -99.000
OBS: PScJ560054  56540.672   -33.00   0.0000e+00   0.0000e+00   0  J  0.00  1   !  -9.99000e+02  -99.000  -99.000
OBS: PScJ560054  56542.672   -31.00   0.0000e+00   0.0000e+00   0  J  0.00  1   !  -9.99000e+02  -99.000  -99.000
OBS: PScJ560054  56544.672   -29.00   1.2928e+01   7.7817e+00   0  J  0.00  1   !  -9.99000e+02  -99.000  -99.000
OBS: PScJ560054  56546.672   -27.00   1.1393e+01   6.8577e+00   0  J  0.00  1   !  -9.99000e+02  -99.000  -99.000
OBS: PScJ560054  56548.672   -25.00   1.1562e+01   6.9593e+00   0  J  0.00  1   !  -9.99000e+02  -99.000  -99.000
OBS: PScJ560054  56550.672   -23.00   1.1561e+01   6.9589e+00   0  J  0.00  1   !  -9.99000e+02  -99.000  -99.000
OBS: PScJ560054  56552.672   -21.00   1.5246e+01   9.1767e+00   0  J  0.00  1   !  -9.99000e+02  -99.000  -99.000
OBS: PScJ560054  56554.672   -19.00   2.1769e+01   1.1760e+01   0  J  0.00  1   !  -9.99000e+02  -99.000  -99.000
OBS: PScJ560054  56556.672   -17.00   2.8408e+01   2.2849e+00   0  J  0.00  1   !  -9.99000e+02  -99.000  -99.000
OBS: PScJ560054  56558.672   -15.00   3.4450e+01   1.5836e+00   0  J  0.00  1   !  -9.99000e+02  -99.000  -99.000
OBS: PScJ560054  56560.672   -13.00   3.9625e+01   1.1288e+00   0  J  0.00  1   !  -9.99000e+02  -99.000  -99.000
OBS: PScJ560054  56562.672   -11.00   4.4445e+01   8.7462e-01   0  J  0.00  1   !  -9.99000e+02  -99.000  -99.000
OBS: PScJ560054  56564.672    -9.00   4.8544e+01   7.7120e-01   0  J  0.00  1   !  -9.99000e+02  -99.000  -99.000
OBS: PScJ560054  56566.672    -7.00   5.1594e+01   7.7353e-01   0  J  0.00  1   !  -9.99000e+02  -99.000  -99.000
OBS: PScJ560054  56568.672    -5.00   5.3325e+01   7.9948e-01   0  J  0.00  1   !  -9.99000e+02  -99.000  -99.000
OBS: PScJ560054  56570.672    -3.00   5.3539e+01   8.0269e-01   0  J  0.00  1   !  -9.99000e+02  -99.000  -99.000
OBS: PScJ560054  56572.672    -1.00   5.2725e+01   8.2889e-01   0  J  0.00  1   !  -9.99000e+02  -99.000  -99.000
OBS: PScJ560054  56574.672     1.00   5.1045e+01   8.2809e-01   0  J  0.00  1   !  -9.99000e+02  -99.000  -99.000
OBS: PScJ560054  56576.672     3.00   4.8903e+01   8.0620e-01   0  J  0.00  1   !  -9.99000e+02  -99.000  -99.000
OBS: PScJ560054  56578.672     5.00   4.6464e+01   8.0048e-01   0  J  0.00  1   !  -9.99000e+02  -99.000  -99.000
OBS: PScJ560054  56580.672     7.00   4.4298e+01   7.6316e-01   0  J  0.00  1   !  -9.99000e+02  -99.000  -99.000
OBS: PScJ560054  56582.672     9.00   4.2212e+01   7.6234e-01   0  J  0.00  1   !  -9.99000e+02  -99.000  -99.000
OBS: PScJ560054  56584.672    11.00   4.0184e+01   7.5492e-01   0  J  0.00  1   !  -9.99000e+02  -99.000  -99.000
OBS: PScJ560054  56586.672    13.00   3.8412e+01   7.4524e-01   0  J  0.00  1   !  -9.99000e+02  -99.000  -99.000
OBS: PScJ560054  56588.672    15.00   3.7141e+01   7.3465e-01   0  J  0.00  1   !  -9.99000e+02  -99.000  -99.000
OBS: PScJ560054  56590.672    17.00   3.6227e+01   7.8184e-01   0  J  0.00  1   !  -9.99000e+02  -99.000  -99.000
OBS: PScJ560054  56592.672    19.00   3.5129e+01   8.2098e-01   0  J  0.00  1   !  -9.99000e+02  -99.000  -99.000
OBS: PScJ560054  56594.672    21.00   3.4340e+01   8.4613e-01   0  J  0.00  1   !  -9.99000e+02  -99.000  -99.000
OBS: PScJ560054  56596.672    23.00   3.4442e+01   9.0272e-01   0  J  0.00  1   !  -9.99000e+02  -99.000  -99.000
OBS: PScJ560054  56598.672    25.00   3.4931e+01   9.6938e-01   0  J  0.00  1   !  -9.99000e+02  -99.000  -99.000
OBS: PScJ560054  56600.672    27.00   3.5640e+01   9.8611e-01   0  J  0.00  1   !  -9.99000e+02  -99.000  -99.000
OBS: PScJ560054  56602.672    29.00   3.6474e+01   9.6762e-01   0  J  0.00  1   !  -9.99000e+02  -99.000  -99.000
OBS: PScJ560054  56604.672    31.00   3.6788e+01   9.3422e-01   0  J  0.00  1   !  -9.99000e+02  -99.000  -99.000
OBS: PScJ560054  56606.672    33.00   3.7069e+01   9.3898e-01   0  J  0.00  1   !  -9.99000e+02  -99.000  -99.000
OBS: PScJ560054  56608.672    35.00   3.7718e+01   9.3576e-01   0  J  0.00  1   !  -9.99000e+02  -99.000  -99.000
OBS: PScJ560054  56610.672    37.00   3.8577e+01   9.4494e-01   0  J  0.00  1   !  -9.99000e+02  -99.000  -99.000
OBS: PScJ560054  56612.672    39.00   3.9255e+01   9.8270e-01   0  J  0.00  1   !  -9.99000e+02  -99.000  -99.000
OBS: PScJ560054  56614.672    41.00   3.9404e+01   1.0759e+00   0  J  0.00  1   !  -9.99000e+02  -99.000  -99.000
OBS: PScJ560054  56616.672    43.00   3.9198e+01   1.1926e+00   0  J  0.00  1   !  -9.99000e+02  -99.000  -99.000
OBS: PScJ560054  56618.672    45.00   3.8731e+01   1.2107e+00   0  J  0.00  1   !  -9.99000e+02  -99.000  -99.000
OBS: PScJ560054  56620.672    47.00   3.8191e+01   1.1939e+00   0  J  0.00  1   !  -9.99000e+02  -99.000  -99.000
OBS: PScJ560054  56622.672    49.00   3.7417e+01   1.1720e+00   0  J  0.00  1   !  -9.99000e+02  -99.000  -99.000
OBS: PScJ560054  56624.672    51.00   3.6148e+01   1.1870e+00   0  J  0.00  1   !  -9.99000e+02  -99.000  -99.000
OBS: PScJ560054  56626.672    53.00   3.4862e+01   1.2486e+00   0  J  0.00  1   !  -9.99000e+02  -99.000  -99.000
OBS: PScJ560054  56628.672    55.00   3.3638e+01   1.2859e+00   0  J  0.00  1   !  -9.99000e+02  -99.000  -99.000
OBS: PScJ560054  56630.672    57.00   3.2057e+01   1.2497e+00   0  J  0.00  1   !  -9.99000e+02  -99.000  -99.000
OBS: PScJ560054  56632.672    59.00   3.0257e+01   1.1796e+00   0  J  0.00  1   !  -9.99000e+02  -99.000  -99.000
OBS: PScJ560054  56634.672    61.00   2.8325e+01   1.0882e+00   0  J  0.00  1   !  -9.99000e+02  -99.000  -99.000
OBS: PScJ560054  56636.672    63.00   2.6353e+01   1.1093e+00   0  J  0.00  1   !  -9.99000e+02  -99.000  -99.000
OBS: PScJ560054  56638.672    65.00   2.4425e+01   1.2252e+00   0  J  0.00  1   !  -9.99000e+02  -99.000  -99.000
OBS: PScJ560054  56640.672    67.00   2.2591e+01   1.3341e+00   0  J  0.00  1   !  -9.99000e+02  -99.000  -99.000
OBS: PScJ560054  56642.672    69.00   2.0890e+01   1.3477e+00   0  J  0.00  1   !  -9.99000e+02  -99.000  -99.000
OBS: PScJ560054  56644.672    71.00   1.9412e+01   1.2432e+00   0  J  0.00  1   !  -9.99000e+02  -99.000  -99.000
OBS: PScJ560054  56646.672    73.00   1.8098e+01   1.0976e+00   0  J  0.00  1   !  -9.99000e+02  -99.000  -99.000
OBS: PScJ560054  56648.672    75.00   1.6842e+01   9.7192e-01   0  J  0.00  1   !  -9.99000e+02  -99.000  -99.000
OBS: PScJ560054  56650.672    77.00   1.5656e+01   8.9333e-01   0  J  0.00  1   !  -9.99000e+02  -99.000  -99.000
OBS: PScJ560054  56652.672    79.00   1.4646e+01   8.3567e-01   0  J  0.00  1   !  -9.99000e+02  -99.000  -99.000
OBS: PScJ560054  56654.672    81.00   1.3994e+01   8.1455e-01   0  J  0.00  1   !  -9.99000e+02  -99.000  -99.000
OBS: PScJ560054  56656.672    83.00   1.3364e+01   8.3284e-01   0  J  0.00  1   !  -9.99000e+02  -99.000  -99.000
OBS: PScJ560054  56658.672    85.00   1.2744e+01   9.0080e-01   0  J  0.00  1   !  -9.99000e+02  -99.000  -99.000
OBS: PScJ560054  56660.672    87.00   1.2136e+01   9.6867e-01   0  J  0.00  1   !  -9.99000e+02  -99.000  -99.000
OBS: PScJ560054  56662.672    89.00   1.1517e+01   9.7962e-01   0  J  0.00  1   !  -9.99000e+02  -99.000  -99.000
OBS: PScJ560054  56664.672    91.00   1.0309e+01   8.7327e-01   0  J  0.00  1   !  -9.99000e+02  -99.000  -99.000
OBS: PScJ560054  56666.672    93.00   9.1511e+00   7.9434e-01   0  J  0.00  1   !  -9.99000e+02  -99.000  -99.000
OBS: PScJ560054  56668.672    95.00   8.1309e+00   8.3027e-01   0  J  0.00  1   !  -9.99000e+02  -99.000  -99.000
OBS: PScJ560054  56670.672    97.00   7.2580e+00   9.0859e-01   0  J  0.00  1   !  -9.99000e+02  -99.000  -99.000
OBS: PScJ560054  56672.672    99.00   6.5127e+00   9.4089e-01   0  J  0.00  1   !  -9.99000e+02  -99.000  -99.000
OBS: PScJ560054  56674.672   101.00   5.8898e+00   3.5451e+00   0  J  0.00  1   !  -9.99000e+02  -99.000  -99.000
OBS: PScJ560054  56676.672   103.00   5.3610e+00   3.2269e+00   0  J  0.00  1   !  -9.99000e+02  -99.000  -99.000
OBS: PScJ560054  56678.672   105.00   4.8984e+00   2.9484e+00   0  J  0.00  1   !  -9.99000e+02  -99.000  -99.000
OBS: PScJ560054  56680.672   107.00   4.4753e+00   2.6937e+00   0  J  0.00  1   !  -9.99000e+02  -99.000  -99.000
OBS: PScJ560054  56682.672   109.00   4.0903e+00   2.4620e+00   0  J  0.00  1   !  -9.99000e+02  -99.000  -99.000
OBS: PScJ560054  56684.672   111.00   3.7368e+00   2.2492e+00   0  J  0.00  1   !  -9.99000e+02  -99.000  -99.000
OBS: PScJ560054  56686.672   113.00   3.4128e+00   2.0542e+00   0  J  0.00  1   !  -9.99000e+02  -99.000  -99.000
OBS: PScJ560054  56688.672   115.00   3.1158e+00   1.8754e+00   0  J  0.00  1   !  -9.99000e+02  -99.000  -99.000
OBS: PScJ560054  56690.672   117.00   2.8471e+00   1.7137e+00   0  J  0.00  1   !  -9.99000e+02  -99.000  -99.000
OBS: PScJ560054  56692.672   119.00   2.5988e+00   1.5643e+00   0  J  0.00  1   !  -9.99000e+02  -99.000  -99.000
OBS: PScJ560054  56694.672   121.00   2.3734e+00   1.4286e+00   0  J  0.00  1   !  -9.99000e+02  -99.000  -99.000
OBS: PScJ560054  56696.672   123.00   2.1676e+00   1.3047e+00   0  J  0.00  1   !  -9.99000e+02  -99.000  -99.000
OBS: PScJ560054  56698.672   125.00   1.9788e+00   1.1911e+00   0  J  0.00  1   !  -9.99000e+02  -99.000  -99.000
OBS: PScJ560054  56700.672   127.00   1.8221e+00   1.0967e+00   0  J  0.00  1   !  -9.99000e+02  -99.000  -99.000
OBS: PScJ560054  56702.672   129.00   1.6891e+00   1.0167e+00   0  J  0.00  1   !  -9.99000e+02  -99.000  -99.000
OBS: PScJ560054  56704.672   131.00   1.5659e+00   9.4256e-01   0  J  0.00  1   !  -9.99000e+02  -99.000  -99.000
OBS: PScJ560054  56706.672   133.00   1.4517e+00   8.7382e-01   0  J  0.00  1   !  -9.99000e+02  -99.000  -99.000
OBS: PScJ560054  56708.672   135.00   1.3459e+00   8.1010e-01   0  J  0.00  1   !  -9.99000e+02  -99.000  -99.000
OBS: PScJ560054  56710.672   137.00   1.2476e+00   7.5096e-01   0  J  0.00  1   !  -9.99000e+02  -99.000  -99.000
OBS: PScJ560054  56712.672   139.00   1.1565e+00   6.9612e-01   0  J  0.00  1   !  -9.99000e+02  -99.000  -99.000
