VARNAMES: CID MJD Tobs FLUXCAL FLUXCAL_ERR DATAFLAG BAND CHI2 IFIT BAND_REST FLUX_REST KCOR AVWARP 
OBS: PScA470240  56320.578    15.08   1.4983e+01   9.8000e-01   1  H  1.28  1   Y  1.24809e+18  0.359  1.460
OBS: PScA470240  56325.695    20.19   1.3652e+01   6.9200e-01   1  H  0.11  1   Y  1.17497e+18  0.395  1.558
OBS: PScA470240  56333.602    28.10   1.5747e+01   1.1750e+00   1  H  0.74  1   Y  1.38151e+18  0.415  1.880
OBS: PScA470240  56350.410    44.91   3.0789e+01   1.5310e+00   1  H  0.02  1   Y  2.72328e+18  0.424  2.232
OBS: PScA470240  56246.500   -59.00   0.0000e+00   0.0000e+00   0  H  0.00  1   !  -9.99000e+02  -99.000  -99.000
OBS: PScA470240  56248.500   -57.00   0.0000e+00   0.0000e+00   0  H  0.00  1   !  -9.99000e+02  -99.000  -99.000
OBS: PScA470240  56250.500   -55.00   0.0000e+00   0.0000e+00   0  H  0.00  1   !  -9.99000e+02  -99.000  -99.000
OBS: PScA470240  56252.500   -53.00   0.0000e+00   0.0000e+00   0  H  0.00  1   !  -9.99000e+02  -99.000  -99.000
OBS: PScA470240  56254.500   -51.00   0.0000e+00   0.0000e+00   0  H  0.00  1   !  -9.99000e+02  -99.000  -99.000
OBS: PScA470240  56256.500   -49.00   0.0000e+00   0.0000e+00   0  H  0.00  1   !  -9.99000e+02  -99.000  -99.000
OBS: PScA470240  56258.500   -47.00   0.0000e+00   0.0000e+00   0  H  0.00  1   !  -9.99000e+02  -99.000  -99.000
OBS: PScA470240  56260.500   -45.00   0.0000e+00   0.0000e+00   0  H  0.00  1   !  -9.99000e+02  -99.000  -99.000
OBS: PScA470240  56262.500   -43.00   0.0000e+00   0.0000e+00   0  H  0.00  1   !  -9.99000e+02  -99.000  -99.000
OBS: PScA470240  56264.500   -41.00   0.0000e+00   0.0000e+00   0  H  0.00  1   !  -9.99000e+02  -99.000  -99.000
OBS: PScA470240  56266.500   -39.00   0.0000e+00   0.0000e+00   0  H  0.00  1   !  -9.99000e+02  -99.000  -99.000
OBS: PScA470240  56268.500   -37.00   0.0000e+00   0.0000e+00   0  H  0.00  1   !  -9.99000e+02  -99.000  -99.000
OBS: PScA470240  56270.500   -35.00   0.0000e+00   0.0000e+00   0  H  0.00  1   !  -9.99000e+02  -99.000  -99.000
OBS: PScA470240  56272.500   -33.00   0.0000e+00   0.0000e+00   0  H  0.00  1   !  -9.99000e+02  -99.000  -99.000
OBS: PScA470240  56274.500   -31.00   0.0000e+00   0.0000e+00   0  H  0.00  1   !  -9.99000e+02  -99.000  -99.000
OBS: PScA470240  56276.500   -29.00   0.0000e+00   0.0000e+00   0  H  0.00  1   !  -9.99000e+02  -99.000  -99.000
OBS: PScA470240  56278.500   -27.00   6.6398e+00   3.9966e+00   0  H  0.00  1   !  -9.99000e+02  -99.000  -99.000
OBS: PScA470240  56280.500   -25.00   7.0242e+00   4.2279e+00   0  H  0.00  1   !  -9.99000e+02  -99.000  -99.000
OBS: PScA470240  56282.500   -23.00   7.0303e+00   4.2316e+00   0  H  0.00  1   !  -9.99000e+02  -99.000  -99.000
OBS: PScA470240  56284.500   -21.00   7.9555e+00   4.0082e+00   0  H  0.00  1   !  -9.99000e+02  -99.000  -99.000
OBS: PScA470240  56286.500   -19.00   1.2847e+01   1.7796e+00   0  H  0.00  1   !  -9.99000e+02  -99.000  -99.000
OBS: PScA470240  56288.500   -17.00   1.8049e+01   1.2886e+00   0  H  0.00  1   !  -9.99000e+02  -99.000  -99.000
OBS: PScA470240  56290.500   -15.00   2.2882e+01   1.1860e+00   0  H  0.00  1   !  -9.99000e+02  -99.000  -99.000
OBS: PScA470240  56292.500   -13.00   2.7130e+01   1.1427e+00   0  H  0.00  1   !  -9.99000e+02  -99.000  -99.000
OBS: PScA470240  56294.500   -11.00   3.0189e+01   9.9179e-01   0  H  0.00  1   !  -9.99000e+02  -99.000  -99.000
OBS: PScA470240  56296.500    -9.00   3.2151e+01   8.4626e-01   0  H  0.00  1   !  -9.99000e+02  -99.000  -99.000
OBS: PScA470240  56298.500    -7.00   3.3001e+01   7.8705e-01   0  H  0.00  1   !  -9.99000e+02  -99.000  -99.000
OBS: PScA470240  56300.500    -5.00   3.2466e+01   8.6360e-01   0  H  0.00  1   !  -9.99000e+02  -99.000  -99.000
OBS: PScA470240  56302.500    -3.00   3.0968e+01   9.1012e-01   0  H  0.00  1   !  -9.99000e+02  -99.000  -99.000
OBS: PScA470240  56304.500    -1.00   2.8789e+01   8.8276e-01   0  H  0.00  1   !  -9.99000e+02  -99.000  -99.000
OBS: PScA470240  56306.500     1.00   2.6003e+01   8.2866e-01   0  H  0.00  1   !  -9.99000e+02  -99.000  -99.000
OBS: PScA470240  56308.500     3.00   2.3172e+01   7.9000e-01   0  H  0.00  1   !  -9.99000e+02  -99.000  -99.000
OBS: PScA470240  56310.500     5.00   2.0665e+01   7.8774e-01   0  H  0.00  1   !  -9.99000e+02  -99.000  -99.000
OBS: PScA470240  56312.500     7.00   1.8664e+01   8.0124e-01   0  H  0.00  1   !  -9.99000e+02  -99.000  -99.000
OBS: PScA470240  56314.500     9.00   1.6855e+01   8.0484e-01   0  H  0.00  1   !  -9.99000e+02  -99.000  -99.000
OBS: PScA470240  56316.500    11.00   1.5331e+01   8.0592e-01   0  H  0.00  1   !  -9.99000e+02  -99.000  -99.000
OBS: PScA470240  56318.500    13.00   1.4214e+01   8.0013e-01   0  H  0.00  1   !  -9.99000e+02  -99.000  -99.000
OBS: PScA470240  56320.500    15.00   1.3588e+01   7.7561e-01   0  H  0.00  1   !  -9.99000e+02  -99.000  -99.000
OBS: PScA470240  56322.500    17.00   1.3411e+01   7.6541e-01   0  H  0.00  1   !  -9.99000e+02  -99.000  -99.000
OBS: PScA470240  56324.500    19.00   1.3701e+01   7.4841e-01   0  H  0.00  1   !  -9.99000e+02  -99.000  -99.000
OBS: PScA470240  56326.500    21.00   1.4212e+01   7.3343e-01   0  H  0.00  1   !  -9.99000e+02  -99.000  -99.000
OBS: PScA470240  56328.500    23.00   1.4829e+01   7.3076e-01   0  H  0.00  1   !  -9.99000e+02  -99.000  -99.000
OBS: PScA470240  56330.500    25.00   1.5583e+01   7.4892e-01   0  H  0.00  1   !  -9.99000e+02  -99.000  -99.000
OBS: PScA470240  56332.500    27.00   1.6430e+01   7.8231e-01   0  H  0.00  1   !  -9.99000e+02  -99.000  -99.000
OBS: PScA470240  56334.500    29.00   1.7475e+01   8.4690e-01   0  H  0.00  1   !  -9.99000e+02  -99.000  -99.000
OBS: PScA470240  56336.500    31.00   1.8762e+01   8.8753e-01   0  H  0.00  1   !  -9.99000e+02  -99.000  -99.000
OBS: PScA470240  56338.500    33.00   2.0287e+01   9.0787e-01   0  H  0.00  1   !  -9.99000e+02  -99.000  -99.000
OBS: PScA470240  56340.500    35.00   2.2044e+01   8.8022e-01   0  H  0.00  1   !  -9.99000e+02  -99.000  -99.000
OBS: PScA470240  56342.500    37.00   2.4083e+01   8.4604e-01   0  H  0.00  1   !  -9.99000e+02  -99.000  -99.000
OBS: PScA470240  56344.500    39.00   2.6166e+01   8.5697e-01   0  H  0.00  1   !  -9.99000e+02  -99.000  -99.000
OBS: PScA470240  56346.500    41.00   2.8039e+01   9.0060e-01   0  H  0.00  1   !  -9.99000e+02  -99.000  -99.000
OBS: PScA470240  56348.500    43.00   2.9516e+01   9.2093e-01   0  H  0.00  1   !  -9.99000e+02  -99.000  -99.000
OBS: PScA470240  56350.500    45.00   3.0555e+01   9.2952e-01   0  H  0.00  1   !  -9.99000e+02  -99.000  -99.000
OBS: PScA470240  56352.500    47.00   3.1340e+01   9.5302e-01   0  H  0.00  1   !  -9.99000e+02  -99.000  -99.000
OBS: PScA470240  56354.500    49.00   3.1649e+01   9.3572e-01   0  H  0.00  1   !  -9.99000e+02  -99.000  -99.000
OBS: PScA470240  56356.500    51.00   3.1381e+01   9.2749e-01   0  H  0.00  1   !  -9.99000e+02  -99.000  -99.000
OBS: PScA470240  56358.500    53.00   3.0463e+01   9.0402e-01   0  H  0.00  1   !  -9.99000e+02  -99.000  -99.000
OBS: PScA470240  56360.500    55.00   2.8811e+01   9.2355e-01   0  H  0.00  1   !  -9.99000e+02  -99.000  -99.000
OBS: PScA470240  56362.500    57.00   2.6793e+01   9.6252e-01   0  H  0.00  1   !  -9.99000e+02  -99.000  -99.000
OBS: PScA470240  56364.500    59.00   2.4680e+01   9.7312e-01   0  H  0.00  1   !  -9.99000e+02  -99.000  -99.000
OBS: PScA470240  56366.500    61.00   2.2866e+01   9.3082e-01   0  H  0.00  1   !  -9.99000e+02  -99.000  -99.000
OBS: PScA470240  56368.500    63.00   2.1476e+01   8.3619e-01   0  H  0.00  1   !  -9.99000e+02  -99.000  -99.000
OBS: PScA470240  56370.500    65.00   2.0343e+01   7.8352e-01   0  H  0.00  1   !  -9.99000e+02  -99.000  -99.000
OBS: PScA470240  56372.500    67.00   1.9214e+01   7.7729e-01   0  H  0.00  1   !  -9.99000e+02  -99.000  -99.000
OBS: PScA470240  56374.500    69.00   1.7964e+01   8.0876e-01   0  H  0.00  1   !  -9.99000e+02  -99.000  -99.000
OBS: PScA470240  56376.500    71.00   1.6585e+01   8.3592e-01   0  H  0.00  1   !  -9.99000e+02  -99.000  -99.000
OBS: PScA470240  56378.500    73.00   1.5176e+01   9.1345e+00   0  H  0.00  1   !  -9.99000e+02  -99.000  -99.000
OBS: PScA470240  56380.500    75.00   1.3804e+01   8.3086e+00   0  H  0.00  1   !  -9.99000e+02  -99.000  -99.000
OBS: PScA470240  56382.500    77.00   1.2498e+01   7.5225e+00   0  H  0.00  1   !  -9.99000e+02  -99.000  -99.000
OBS: PScA470240  56384.500    79.00   1.1321e+01   6.8141e+00   0  H  0.00  1   !  -9.99000e+02  -99.000  -99.000
OBS: PScA470240  56386.500    81.00   1.0310e+01   6.2059e+00   0  H  0.00  1   !  -9.99000e+02  -99.000  -99.000
OBS: PScA470240  56388.500    83.00   9.4676e+00   5.6986e+00   0  H  0.00  1   !  -9.99000e+02  -99.000  -99.000
OBS: PScA470240  56390.500    85.00   8.8064e+00   5.3007e+00   0  H  0.00  1   !  -9.99000e+02  -99.000  -99.000
OBS: PScA470240  56392.500    87.00   7.8386e+00   4.7181e+00   0  H  0.00  1   !  -9.99000e+02  -99.000  -99.000
OBS: PScA470240  56394.500    89.00   6.8132e+00   4.1009e+00   0  H  0.00  1   !  -9.99000e+02  -99.000  -99.000
OBS: PScA470240  56396.500    91.00   5.9885e+00   3.6046e+00   0  H  0.00  1   !  -9.99000e+02  -99.000  -99.000
OBS: PScA470240  56398.500    93.00   5.3103e+00   3.1963e+00   0  H  0.00  1   !  -9.99000e+02  -99.000  -99.000
OBS: PScA470240  56400.500    95.00   4.7474e+00   2.8575e+00   0  H  0.00  1   !  -9.99000e+02  -99.000  -99.000
OBS: PScA470240  56402.500    97.00   4.2679e+00   2.5689e+00   0  H  0.00  1   !  -9.99000e+02  -99.000  -99.000
OBS: PScA470240  56404.500    99.00   3.8501e+00   2.3174e+00   0  H  0.00  1   !  -9.99000e+02  -99.000  -99.000
OBS: PScA470240  56406.500   101.00   3.4776e+00   2.0932e+00   0  H  0.00  1   !  -9.99000e+02  -99.000  -99.000
OBS: PScA470240  56408.500   103.00   3.1334e+00   1.8860e+00   0  H  0.00  1   !  -9.99000e+02  -99.000  -99.000
OBS: PScA470240  56410.500   105.00   2.8116e+00   1.6923e+00   0  H  0.00  1   !  -9.99000e+02  -99.000  -99.000
OBS: PScA470240  56412.500   107.00   2.5417e+00   1.5299e+00   0  H  0.00  1   !  -9.99000e+02  -99.000  -99.000
OBS: PScA470240  56414.500   109.00   2.3127e+00   1.3921e+00   0  H  0.00  1   !  -9.99000e+02  -99.000  -99.000
OBS: PScA470240  56416.500   111.00   2.1040e+00   1.2664e+00   0  H  0.00  1   !  -9.99000e+02  -99.000  -99.000
OBS: PScA470240  56418.500   113.00   1.9137e+00   1.1519e+00   0  H  0.00  1   !  -9.99000e+02  -99.000  -99.000
OBS: PScA470240  56420.500   115.00   1.7389e+00   1.0467e+00   0  H  0.00  1   !  -9.99000e+02  -99.000  -99.000
OBS: PScA470240  56422.500   117.00   1.5710e+00   9.4563e-01   0  H  0.00  1   !  -9.99000e+02  -99.000  -99.000
OBS: PScA470240  56424.500   119.00   1.4221e+00   8.5596e-01   0  H  0.00  1   !  -9.99000e+02  -99.000  -99.000
OBS: PScA470240  56426.500   121.00   1.2869e+00   7.7457e-01   0  H  0.00  1   !  -9.99000e+02  -99.000  -99.000
OBS: PScA470240  56428.500   123.00   1.1671e+00   7.0252e-01   0  H  0.00  1   !  -9.99000e+02  -99.000  -99.000
OBS: PScA470240  56430.500   125.00   1.0596e+00   6.3780e-01   0  H  0.00  1   !  -9.99000e+02  -99.000  -99.000
OBS: PScA470240  56432.500   127.00   9.6201e-01   5.7905e-01   0  H  0.00  1   !  -9.99000e+02  -99.000  -99.000
OBS: PScA470240  56434.500   129.00   8.7339e-01   5.2571e-01   0  H  0.00  1   !  -9.99000e+02  -99.000  -99.000
OBS: PScA470240  56436.500   131.00   7.9294e-01   4.7728e-01   0  H  0.00  1   !  -9.99000e+02  -99.000  -99.000
OBS: PScA470240  56438.500   133.00   7.1989e-01   4.3331e-01   0  H  0.00  1   !  -9.99000e+02  -99.000  -99.000
OBS: PScA470240  56440.500   135.00   6.5358e-01   3.9340e-01   0  H  0.00  1   !  -9.99000e+02  -99.000  -99.000
OBS: PScA470240  56442.500   137.00   5.9337e-01   3.5716e-01   0  H  0.00  1   !  -9.99000e+02  -99.000  -99.000
OBS: PScA470240  56444.500   139.00   5.3871e-01   3.2426e-01   0  H  0.00  1   !  -9.99000e+02  -99.000  -99.000
