VARNAMES: CID MJD Tobs FLUXCAL FLUXCAL_ERR DATAFLAG BAND CHI2 IFIT BAND_REST FLUX_REST KCOR AVWARP 
OBS: 2009aa  54872.781    -6.12   1.7997e+04   1.8326e+02   1  J  9.87  1   J  2.29854e+18  -0.067  -0.273
OBS: 2009aa  54872.789    -6.11   1.8759e+04   1.9102e+02   1  J  1.28  1   J  2.39579e+18  -0.067  -0.272
OBS: 2009aa  54873.762    -5.14   1.9160e+04   2.3079e+02   1  J  3.68  1   J  2.44510e+18  -0.068  -0.227
OBS: 2009aa  54873.770    -5.13   1.8845e+04   2.0944e+02   1  J  7.81  1   J  2.40488e+18  -0.068  -0.226
OBS: 2009aa  54956.641    77.74   8.4334e+02   8.2215e+01  -1  J  27.81  1   !  -9.99000e+02  -99.000  -99.000
OBS: 2009aa  54819.898   -59.00   0.0000e+00   0.0000e+00   0  J  0.00  1   !  -9.99000e+02  -99.000  -99.000
OBS: 2009aa  54821.898   -57.00   0.0000e+00   0.0000e+00   0  J  0.00  1   !  -9.99000e+02  -99.000  -99.000
OBS: 2009aa  54823.898   -55.00   0.0000e+00   0.0000e+00   0  J  0.00  1   !  -9.99000e+02  -99.000  -99.000
OBS: 2009aa  54825.898   -53.00   0.0000e+00   0.0000e+00   0  J  0.00  1   !  -9.99000e+02  -99.000  -99.000
OBS: 2009aa  54827.898   -51.00   0.0000e+00   0.0000e+00   0  J  0.00  1   !  -9.99000e+02  -99.000  -99.000
OBS: 2009aa  54829.898   -49.00   0.0000e+00   0.0000e+00   0  J  0.00  1   !  -9.99000e+02  -99.000  -99.000
OBS: 2009aa  54831.898   -47.00   0.0000e+00   0.0000e+00   0  J  0.00  1   !  -9.99000e+02  -99.000  -99.000
OBS: 2009aa  54833.898   -45.00   0.0000e+00   0.0000e+00   0  J  0.00  1   !  -9.99000e+02  -99.000  -99.000
OBS: 2009aa  54835.898   -43.00   0.0000e+00   0.0000e+00   0  J  0.00  1   !  -9.99000e+02  -99.000  -99.000
OBS: 2009aa  54837.898   -41.00   0.0000e+00   0.0000e+00   0  J  0.00  1   !  -9.99000e+02  -99.000  -99.000
OBS: 2009aa  54839.898   -39.00   0.0000e+00   0.0000e+00   0  J  0.00  1   !  -9.99000e+02  -99.000  -99.000
OBS: 2009aa  54841.898   -37.00   0.0000e+00   0.0000e+00   0  J  0.00  1   !  -9.99000e+02  -99.000  -99.000
OBS: 2009aa  54843.898   -35.00   0.0000e+00   0.0000e+00   0  J  0.00  1   !  -9.99000e+02  -99.000  -99.000
OBS: 2009aa  54845.898   -33.00   0.0000e+00   0.0000e+00   0  J  0.00  1   !  -9.99000e+02  -99.000  -99.000
OBS: 2009aa  54847.898   -31.00   0.0000e+00   0.0000e+00   0  J  0.00  1   !  -9.99000e+02  -99.000  -99.000
OBS: 2009aa  54849.898   -29.00   0.0000e+00   0.0000e+00   0  J  0.00  1   !  -9.99000e+02  -99.000  -99.000
OBS: 2009aa  54851.898   -27.00   0.0000e+00   0.0000e+00   0  J  0.00  1   !  -9.99000e+02  -99.000  -99.000
OBS: 2009aa  54853.898   -25.00   0.0000e+00   0.0000e+00   0  J  0.00  1   !  -9.99000e+02  -99.000  -99.000
OBS: 2009aa  54855.898   -23.00   0.0000e+00   0.0000e+00   0  J  0.00  1   !  -9.99000e+02  -99.000  -99.000
OBS: 2009aa  54857.898   -21.00   0.0000e+00   0.0000e+00   0  J  0.00  1   !  -9.99000e+02  -99.000  -99.000
OBS: 2009aa  54859.898   -19.00   1.1041e+03   6.6457e+02   0  J  0.00  1   !  -9.99000e+02  -99.000  -99.000
OBS: 2009aa  54861.898   -17.00   1.1360e+03   6.8377e+02   0  J  0.00  1   !  -9.99000e+02  -99.000  -99.000
OBS: 2009aa  54863.898   -15.00   1.6876e+03   1.0158e+03   0  J  0.00  1   !  -9.99000e+02  -99.000  -99.000
OBS: 2009aa  54865.898   -13.00   5.9014e+03   7.8322e+02   0  J  0.00  1   !  -9.99000e+02  -99.000  -99.000
OBS: 2009aa  54867.898   -11.00   1.0487e+04   4.3662e+02   0  J  0.00  1   !  -9.99000e+02  -99.000  -99.000
OBS: 2009aa  54869.898    -9.00   1.4709e+04   4.1160e+02   0  J  0.00  1   !  -9.99000e+02  -99.000  -99.000
OBS: 2009aa  54871.898    -7.00   1.8121e+04   3.4678e+02   0  J  0.00  1   !  -9.99000e+02  -99.000  -99.000
OBS: 2009aa  54873.898    -5.00   1.9965e+04   3.3077e+02   0  J  0.00  1   !  -9.99000e+02  -99.000  -99.000
OBS: 2009aa  54875.898    -3.00   1.9865e+04   3.6008e+02   0  J  0.00  1   !  -9.99000e+02  -99.000  -99.000
OBS: 2009aa  54877.898    -1.00   1.8333e+04   3.7449e+02   0  J  0.00  1   !  -9.99000e+02  -99.000  -99.000
OBS: 2009aa  54879.898     1.00   1.6023e+04   3.5269e+02   0  J  0.00  1   !  -9.99000e+02  -99.000  -99.000
OBS: 2009aa  54881.898     3.00   1.3571e+04   3.6293e+02   0  J  0.00  1   !  -9.99000e+02  -99.000  -99.000
OBS: 2009aa  54883.898     5.00   1.1001e+04   3.6839e+02   0  J  0.00  1   !  -9.99000e+02  -99.000  -99.000
OBS: 2009aa  54885.898     7.00   8.2650e+03   3.2818e+02   0  J  0.00  1   !  -9.99000e+02  -99.000  -99.000
OBS: 2009aa  54887.898     9.00   6.0262e+03   3.2291e+02   0  J  0.00  1   !  -9.99000e+02  -99.000  -99.000
OBS: 2009aa  54889.898    11.00   4.6966e+03   3.7362e+02   0  J  0.00  1   !  -9.99000e+02  -99.000  -99.000
OBS: 2009aa  54891.898    13.00   4.1607e+03   4.0885e+02   0  J  0.00  1   !  -9.99000e+02  -99.000  -99.000
OBS: 2009aa  54893.898    15.00   4.0825e+03   3.8804e+02   0  J  0.00  1   !  -9.99000e+02  -99.000  -99.000
OBS: 2009aa  54895.898    17.00   4.2431e+03   3.6655e+02   0  J  0.00  1   !  -9.99000e+02  -99.000  -99.000
OBS: 2009aa  54897.898    19.00   4.5796e+03   3.9342e+02   0  J  0.00  1   !  -9.99000e+02  -99.000  -99.000
OBS: 2009aa  54899.898    21.00   5.1206e+03   4.0022e+02   0  J  0.00  1   !  -9.99000e+02  -99.000  -99.000
OBS: 2009aa  54901.898    23.00   5.8957e+03   4.3804e+02   0  J  0.00  1   !  -9.99000e+02  -99.000  -99.000
OBS: 2009aa  54903.898    25.00   6.5691e+03   4.5893e+02   0  J  0.00  1   !  -9.99000e+02  -99.000  -99.000
OBS: 2009aa  54905.898    27.00   6.8245e+03   4.7108e+02   0  J  0.00  1   !  -9.99000e+02  -99.000  -99.000
OBS: 2009aa  54907.898    29.00   6.5980e+03   4.8461e+02   0  J  0.00  1   !  -9.99000e+02  -99.000  -99.000
OBS: 2009aa  54909.898    31.00   6.2028e+03   4.2493e+02   0  J  0.00  1   !  -9.99000e+02  -99.000  -99.000
OBS: 2009aa  54911.898    33.00   5.8871e+03   3.9606e+02   0  J  0.00  1   !  -9.99000e+02  -99.000  -99.000
OBS: 2009aa  54913.898    35.00   5.6247e+03   4.1229e+02   0  J  0.00  1   !  -9.99000e+02  -99.000  -99.000
OBS: 2009aa  54915.898    37.00   5.1902e+03   4.8568e+02   0  J  0.00  1   !  -9.99000e+02  -99.000  -99.000
OBS: 2009aa  54917.898    39.00   4.4933e+03   6.0753e+02   0  J  0.00  1   !  -9.99000e+02  -99.000  -99.000
OBS: 2009aa  54919.898    41.00   3.7012e+03   5.5683e+02   0  J  0.00  1   !  -9.99000e+02  -99.000  -99.000
OBS: 2009aa  54921.898    43.00   2.9869e+03   4.9603e+02   0  J  0.00  1   !  -9.99000e+02  -99.000  -99.000
OBS: 2009aa  54923.898    45.00   2.5821e+03   5.9666e+02   0  J  0.00  1   !  -9.99000e+02  -99.000  -99.000
OBS: 2009aa  54925.898    47.00   2.3967e+03   6.5663e+02   0  J  0.00  1   !  -9.99000e+02  -99.000  -99.000
OBS: 2009aa  54927.898    49.00   2.1650e+03   6.4004e+02   0  J  0.00  1   !  -9.99000e+02  -99.000  -99.000
OBS: 2009aa  54929.898    51.00   1.8431e+03   6.3306e+02   0  J  0.00  1   !  -9.99000e+02  -99.000  -99.000
OBS: 2009aa  54931.898    53.00   1.5498e+03   8.0523e+02   0  J  0.00  1   !  -9.99000e+02  -99.000  -99.000
OBS: 2009aa  54933.898    55.00   1.3454e+03   8.0979e+02   0  J  0.00  1   !  -9.99000e+02  -99.000  -99.000
OBS: 2009aa  54935.898    57.00   1.1791e+03   7.0973e+02   0  J  0.00  1   !  -9.99000e+02  -99.000  -99.000
OBS: 2009aa  54937.898    59.00   1.0150e+03   6.1096e+02   0  J  0.00  1   !  -9.99000e+02  -99.000  -99.000
OBS: 2009aa  54939.898    61.00   8.9001e+02   5.3571e+02   0  J  0.00  1   !  -9.99000e+02  -99.000  -99.000
OBS: 2009aa  54941.898    63.00   6.7999e+02   4.0930e+02   0  J  0.00  1   !  -9.99000e+02  -99.000  -99.000
OBS: 2009aa  54943.898    65.00   5.2206e+02   3.1423e+02   0  J  0.00  1   !  -9.99000e+02  -99.000  -99.000
OBS: 2009aa  54945.898    67.00   4.3707e+02   2.6308e+02   0  J  0.00  1   !  -9.99000e+02  -99.000  -99.000
OBS: 2009aa  54947.898    69.00   3.7445e+02   2.2538e+02   0  J  0.00  1   !  -9.99000e+02  -99.000  -99.000
OBS: 2009aa  54949.898    71.00   3.1690e+02   1.9075e+02   0  J  0.00  1   !  -9.99000e+02  -99.000  -99.000
OBS: 2009aa  54951.898    73.00   2.6268e+02   1.5811e+02   0  J  0.00  1   !  -9.99000e+02  -99.000  -99.000
OBS: 2009aa  54953.898    75.00   2.1466e+02   1.2921e+02   0  J  0.00  1   !  -9.99000e+02  -99.000  -99.000
OBS: 2009aa  54955.898    77.00   1.7569e+02   1.0575e+02   0  J  0.00  1   !  -9.99000e+02  -99.000  -99.000
OBS: 2009aa  54957.898    79.00   1.4720e+02   8.8600e+01   0  J  0.00  1   !  -9.99000e+02  -99.000  -99.000
OBS: 2009aa  54959.898    81.00   1.2336e+02   7.4250e+01   0  J  0.00  1   !  -9.99000e+02  -99.000  -99.000
OBS: 2009aa  54961.898    83.00   1.0340e+02   6.2240e+01   0  J  0.00  1   !  -9.99000e+02  -99.000  -99.000
OBS: 2009aa  54963.898    85.00   8.6644e+01   5.2152e+01   0  J  0.00  1   !  -9.99000e+02  -99.000  -99.000
OBS: 2009aa  54965.898    87.00   7.2538e+01   4.3662e+01   0  J  0.00  1   !  -9.99000e+02  -99.000  -99.000
OBS: 2009aa  54967.898    89.00   6.0994e+01   3.6713e+01   0  J  0.00  1   !  -9.99000e+02  -99.000  -99.000
OBS: 2009aa  54969.898    91.00   5.1335e+01   3.0899e+01   0  J  0.00  1   !  -9.99000e+02  -99.000  -99.000
OBS: 2009aa  54971.898    93.00   4.3206e+01   2.6006e+01   0  J  0.00  1   !  -9.99000e+02  -99.000  -99.000
OBS: 2009aa  54973.898    95.00   3.6364e+01   2.1888e+01   0  J  0.00  1   !  -9.99000e+02  -99.000  -99.000
OBS: 2009aa  54975.898    97.00   3.0605e+01   1.8422e+01   0  J  0.00  1   !  -9.99000e+02  -99.000  -99.000
OBS: 2009aa  54977.898    99.00   2.5759e+01   1.5505e+01   0  J  0.00  1   !  -9.99000e+02  -99.000  -99.000
OBS: 2009aa  54979.898   101.00   2.1680e+01   1.3049e+01   0  J  0.00  1   !  -9.99000e+02  -99.000  -99.000
OBS: 2009aa  54981.898   103.00   1.8247e+01   1.0983e+01   0  J  0.00  1   !  -9.99000e+02  -99.000  -99.000
OBS: 2009aa  54983.898   105.00   1.5357e+01   9.2436e+00   0  J  0.00  1   !  -9.99000e+02  -99.000  -99.000
OBS: 2009aa  54985.898   107.00   1.2925e+01   7.7798e+00   0  J  0.00  1   !  -9.99000e+02  -99.000  -99.000
OBS: 2009aa  54987.898   109.00   1.0878e+01   6.5478e+00   0  J  0.00  1   !  -9.99000e+02  -99.000  -99.000
OBS: 2009aa  54989.898   111.00   9.1557e+00   5.5109e+00   0  J  0.00  1   !  -9.99000e+02  -99.000  -99.000
OBS: 2009aa  54991.898   113.00   7.7059e+00   4.6382e+00   0  J  0.00  1   !  -9.99000e+02  -99.000  -99.000
OBS: 2009aa  54993.898   115.00   6.4856e+00   3.9037e+00   0  J  0.00  1   !  -9.99000e+02  -99.000  -99.000
OBS: 2009aa  54995.898   117.00   5.4585e+00   3.2856e+00   0  J  0.00  1   !  -9.99000e+02  -99.000  -99.000
OBS: 2009aa  54997.898   119.00   4.5941e+00   2.7653e+00   0  J  0.00  1   !  -9.99000e+02  -99.000  -99.000
OBS: 2009aa  54999.898   121.00   3.8666e+00   2.3274e+00   0  J  0.00  1   !  -9.99000e+02  -99.000  -99.000
OBS: 2009aa  55001.898   123.00   3.2543e+00   1.9588e+00   0  J  0.00  1   !  -9.99000e+02  -99.000  -99.000
OBS: 2009aa  55003.898   125.00   2.7390e+00   1.6486e+00   0  J  0.00  1   !  -9.99000e+02  -99.000  -99.000
OBS: 2009aa  55005.898   127.00   2.3052e+00   1.3875e+00   0  J  0.00  1   !  -9.99000e+02  -99.000  -99.000
OBS: 2009aa  55007.898   129.00   1.9402e+00   1.1678e+00   0  J  0.00  1   !  -9.99000e+02  -99.000  -99.000
OBS: 2009aa  55009.898   131.00   1.6329e+00   9.8289e-01   0  J  0.00  1   !  -9.99000e+02  -99.000  -99.000
OBS: 2009aa  55011.898   133.00   1.3744e+00   8.2724e-01   0  J  0.00  1   !  -9.99000e+02  -99.000  -99.000
OBS: 2009aa  55013.898   135.00   1.1567e+00   6.9624e-01   0  J  0.00  1   !  -9.99000e+02  -99.000  -99.000
OBS: 2009aa  55015.898   137.00   9.7354e-01   5.8599e-01   0  J  0.00  1   !  -9.99000e+02  -99.000  -99.000
OBS: 2009aa  55017.898   139.00   8.1938e-01   4.9319e-01   0  J  0.00  1   !  -9.99000e+02  -99.000  -99.000
OBS: 2009aa  54868.770   -10.13   1.1450e+04   2.5591e+02   1  j  4.09  1   J  1.43151e+18  -0.090  -0.542
OBS: 2009aa  54868.781   -10.12   1.1836e+04   2.8685e+02   1  j  1.52  1   J  1.47990e+18  -0.090  -0.541
OBS: 2009aa  54875.781    -3.12   2.0512e+04   3.0451e+02   1  j  1.89  1   J  2.61960e+18  -0.067  -0.223
OBS: 2009aa  54875.781    -3.12   2.0912e+04   3.4958e+02   1  j  4.37  1   J  2.67076e+18  -0.067  -0.223
OBS: 2009aa  54882.699     3.80   1.3614e+04   3.6854e+02   1  j  4.86  1   J  1.79285e+18  -0.034  1.379
OBS: 2009aa  54882.711     3.81   1.3440e+04   3.1306e+02   1  j  4.16  1   J  1.76988e+18  -0.034  1.382
OBS: 2009aa  54886.730     7.83   8.0094e+03   3.0058e+02   1  j  3.11  1   J  1.01459e+18  -0.076  0.886
OBS: 2009aa  54886.738     7.84   8.3330e+03   3.1272e+02   1  j  6.15  1   J  1.05543e+18  -0.076  0.881
OBS: 2009aa  54887.730     8.83   6.5948e+03   2.9175e+02   1  j  0.79  1   J  8.22449e+17  -0.093  0.325
OBS: 2009aa  54887.738     8.84   6.8486e+03   3.2276e+02   1  j  2.03  1   J  8.53958e+17  -0.093  0.319
OBS: 2009aa  54889.738    10.84   5.2578e+03   3.2952e+02   1  j  0.76  1   J  6.40155e+17  -0.119  -0.655
OBS: 2009aa  54889.750    10.85   5.7174e+03   3.4157e+02   1  j  3.16  1   J  6.96074e+17  -0.119  -0.658
OBS: 2009aa  54891.781    12.88   5.5310e+03   5.3362e+02   1  j  3.59  1   J  6.57598e+17  -0.144  -1.032
OBS: 2009aa  54891.789    12.89   4.3371e+03   4.1844e+02   1  j  0.02  1   J  5.15576e+17  -0.145  -1.033
OBS: 2009aa  54892.762    13.86   5.0910e+03   2.8430e+02   1  j  3.31  1   J  5.96029e+17  -0.161  -1.051
OBS: 2009aa  54892.770    13.87   4.4586e+03   2.7072e+02   1  j  0.32  1   J  5.21915e+17  -0.161  -1.051
OBS: 2009aa  54894.660    15.76   5.6859e+03   3.9544e+02   1  j  7.01  1   J  6.54356e+17  -0.180  -0.988
OBS: 2009aa  54894.672    15.77   5.6131e+03   3.2986e+02   1  j  7.49  1   J  6.45945e+17  -0.180  -0.988
OBS: 2009aa  54899.738    20.84   5.9924e+03   2.9977e+02   1  j  2.17  1   J  6.73302e+17  -0.206  -1.274
OBS: 2009aa  54899.750    20.85   5.8237e+03   3.0261e+02   1  j  1.28  1   J  6.54282e+17  -0.206  -1.273
OBS: 2009aa  54901.648    22.75   5.6598e+03   3.7136e+02   1  j  0.39  1   J  6.25069e+17  -0.225  -0.950
OBS: 2009aa  54901.660    22.76   6.8549e+03   3.6949e+02   1  j  2.03  1   J  7.57002e+17  -0.225  -0.947
OBS: 2009aa  54907.762    28.86   7.5093e+03   3.1057e+02   1  j  0.95  1   J  8.13366e+17  -0.246  -0.386
OBS: 2009aa  54913.730    34.83   7.0016e+03   2.8286e+02   1  j  4.00  1   J  7.39990e+17  -0.272  -0.318
OBS: 2009aa  54913.730    34.83   6.6374e+03   3.3846e+02   1  j  1.49  1   J  7.01497e+17  -0.272  -0.318
OBS: 2009aa  54921.762    42.86   3.4104e+03   2.9474e+02   1  j  0.08  1   J  3.47173e+17  -0.313  -0.756
OBS: 2009aa  54921.770    42.87   3.6881e+03   2.4924e+02   1  j  0.59  1   J  3.75415e+17  -0.313  -0.759
OBS: 2009aa  54929.691    50.79   2.8681e+03   2.9414e+02  -1  j  1.29  1   !  -9.99000e+02  -99.000  -99.000
OBS: 2009aa  54929.691    50.79   3.0423e+03   3.3059e+02  -1  j  1.80  1   !  -9.99000e+02  -99.000  -99.000
OBS: 2009aa  54939.730    60.83   1.9570e+03   2.6320e+02  -1  j  2.24  1   !  -9.99000e+02  -99.000  -99.000
OBS: 2009aa  54939.738    60.84   1.7171e+03   3.2650e+02  -1  j  1.17  1   !  -9.99000e+02  -99.000  -99.000
OBS: 2009aa  54819.898   -59.00   0.0000e+00   0.0000e+00   0  j  0.00  1   !  -9.99000e+02  -99.000  -99.000
OBS: 2009aa  54821.898   -57.00   0.0000e+00   0.0000e+00   0  j  0.00  1   !  -9.99000e+02  -99.000  -99.000
OBS: 2009aa  54823.898   -55.00   0.0000e+00   0.0000e+00   0  j  0.00  1   !  -9.99000e+02  -99.000  -99.000
OBS: 2009aa  54825.898   -53.00   0.0000e+00   0.0000e+00   0  j  0.00  1   !  -9.99000e+02  -99.000  -99.000
OBS: 2009aa  54827.898   -51.00   0.0000e+00   0.0000e+00   0  j  0.00  1   !  -9.99000e+02  -99.000  -99.000
OBS: 2009aa  54829.898   -49.00   0.0000e+00   0.0000e+00   0  j  0.00  1   !  -9.99000e+02  -99.000  -99.000
OBS: 2009aa  54831.898   -47.00   0.0000e+00   0.0000e+00   0  j  0.00  1   !  -9.99000e+02  -99.000  -99.000
OBS: 2009aa  54833.898   -45.00   0.0000e+00   0.0000e+00   0  j  0.00  1   !  -9.99000e+02  -99.000  -99.000
OBS: 2009aa  54835.898   -43.00   0.0000e+00   0.0000e+00   0  j  0.00  1   !  -9.99000e+02  -99.000  -99.000
OBS: 2009aa  54837.898   -41.00   0.0000e+00   0.0000e+00   0  j  0.00  1   !  -9.99000e+02  -99.000  -99.000
OBS: 2009aa  54839.898   -39.00   0.0000e+00   0.0000e+00   0  j  0.00  1   !  -9.99000e+02  -99.000  -99.000
OBS: 2009aa  54841.898   -37.00   0.0000e+00   0.0000e+00   0  j  0.00  1   !  -9.99000e+02  -99.000  -99.000
OBS: 2009aa  54843.898   -35.00   0.0000e+00   0.0000e+00   0  j  0.00  1   !  -9.99000e+02  -99.000  -99.000
OBS: 2009aa  54845.898   -33.00   0.0000e+00   0.0000e+00   0  j  0.00  1   !  -9.99000e+02  -99.000  -99.000
OBS: 2009aa  54847.898   -31.00   0.0000e+00   0.0000e+00   0  j  0.00  1   !  -9.99000e+02  -99.000  -99.000
OBS: 2009aa  54849.898   -29.00   0.0000e+00   0.0000e+00   0  j  0.00  1   !  -9.99000e+02  -99.000  -99.000
OBS: 2009aa  54851.898   -27.00   0.0000e+00   0.0000e+00   0  j  0.00  1   !  -9.99000e+02  -99.000  -99.000
OBS: 2009aa  54853.898   -25.00   0.0000e+00   0.0000e+00   0  j  0.00  1   !  -9.99000e+02  -99.000  -99.000
OBS: 2009aa  54855.898   -23.00   0.0000e+00   0.0000e+00   0  j  0.00  1   !  -9.99000e+02  -99.000  -99.000
OBS: 2009aa  54857.898   -21.00   0.0000e+00   0.0000e+00   0  j  0.00  1   !  -9.99000e+02  -99.000  -99.000
OBS: 2009aa  54859.898   -19.00   1.1079e+03   6.6686e+02   0  j  0.00  1   !  -9.99000e+02  -99.000  -99.000
OBS: 2009aa  54861.898   -17.00   1.1446e+03   6.8896e+02   0  j  0.00  1   !  -9.99000e+02  -99.000  -99.000
OBS: 2009aa  54863.898   -15.00   1.7004e+03   1.0235e+03   0  j  0.00  1   !  -9.99000e+02  -99.000  -99.000
OBS: 2009aa  54865.898   -13.00   5.9391e+03   7.8822e+02   0  j  0.00  1   !  -9.99000e+02  -99.000  -99.000
OBS: 2009aa  54867.898   -11.00   1.0533e+04   4.3854e+02   0  j  0.00  1   !  -9.99000e+02  -99.000  -99.000
OBS: 2009aa  54869.898    -9.00   1.4733e+04   4.1227e+02   0  j  0.00  1   !  -9.99000e+02  -99.000  -99.000
OBS: 2009aa  54871.898    -7.00   1.8104e+04   3.4645e+02   0  j  0.00  1   !  -9.99000e+02  -99.000  -99.000
OBS: 2009aa  54873.898    -5.00   1.9921e+04   3.3003e+02   0  j  0.00  1   !  -9.99000e+02  -99.000  -99.000
OBS: 2009aa  54875.898    -3.00   1.9804e+04   3.5897e+02   0  j  0.00  1   !  -9.99000e+02  -99.000  -99.000
OBS: 2009aa  54877.898    -1.00   1.8274e+04   3.7328e+02   0  j  0.00  1   !  -9.99000e+02  -99.000  -99.000
OBS: 2009aa  54879.898     1.00   1.5934e+04   3.5073e+02   0  j  0.00  1   !  -9.99000e+02  -99.000  -99.000
OBS: 2009aa  54881.898     3.00   1.3466e+04   3.6013e+02   0  j  0.00  1   !  -9.99000e+02  -99.000  -99.000
OBS: 2009aa  54883.898     5.00   1.0932e+04   3.6605e+02   0  j  0.00  1   !  -9.99000e+02  -99.000  -99.000
OBS: 2009aa  54885.898     7.00   8.2478e+03   3.2750e+02   0  j  0.00  1   !  -9.99000e+02  -99.000  -99.000
OBS: 2009aa  54887.898     9.00   6.0531e+03   3.2435e+02   0  j  0.00  1   !  -9.99000e+02  -99.000  -99.000
OBS: 2009aa  54889.898    11.00   4.7477e+03   3.7768e+02   0  j  0.00  1   !  -9.99000e+02  -99.000  -99.000
OBS: 2009aa  54891.898    13.00   4.2351e+03   4.1616e+02   0  j  0.00  1   !  -9.99000e+02  -99.000  -99.000
OBS: 2009aa  54893.898    15.00   4.1829e+03   3.9758e+02   0  j  0.00  1   !  -9.99000e+02  -99.000  -99.000
OBS: 2009aa  54895.898    17.00   4.3597e+03   3.7662e+02   0  j  0.00  1   !  -9.99000e+02  -99.000  -99.000
OBS: 2009aa  54897.898    19.00   4.7211e+03   4.0557e+02   0  j  0.00  1   !  -9.99000e+02  -99.000  -99.000
OBS: 2009aa  54899.898    21.00   5.2997e+03   4.1421e+02   0  j  0.00  1   !  -9.99000e+02  -99.000  -99.000
OBS: 2009aa  54901.898    23.00   6.1270e+03   4.5522e+02   0  j  0.00  1   !  -9.99000e+02  -99.000  -99.000
OBS: 2009aa  54903.898    25.00   6.8400e+03   4.7786e+02   0  j  0.00  1   !  -9.99000e+02  -99.000  -99.000
OBS: 2009aa  54905.898    27.00   7.1236e+03   4.9173e+02   0  j  0.00  1   !  -9.99000e+02  -99.000  -99.000
OBS: 2009aa  54907.898    29.00   6.9019e+03   5.0693e+02   0  j  0.00  1   !  -9.99000e+02  -99.000  -99.000
OBS: 2009aa  54909.898    31.00   6.5006e+03   4.4533e+02   0  j  0.00  1   !  -9.99000e+02  -99.000  -99.000
OBS: 2009aa  54911.898    33.00   6.1939e+03   4.1670e+02   0  j  0.00  1   !  -9.99000e+02  -99.000  -99.000
OBS: 2009aa  54913.898    35.00   5.9425e+03   4.3558e+02   0  j  0.00  1   !  -9.99000e+02  -99.000  -99.000
OBS: 2009aa  54915.898    37.00   5.4992e+03   5.1459e+02   0  j  0.00  1   !  -9.99000e+02  -99.000  -99.000
OBS: 2009aa  54917.898    39.00   4.7699e+03   6.4493e+02   0  j  0.00  1   !  -9.99000e+02  -99.000  -99.000
OBS: 2009aa  54919.898    41.00   3.9416e+03   5.9300e+02   0  j  0.00  1   !  -9.99000e+02  -99.000  -99.000
OBS: 2009aa  54921.898    43.00   3.1943e+03   5.3048e+02   0  j  0.00  1   !  -9.99000e+02  -99.000  -99.000
OBS: 2009aa  54923.898    45.00   2.7633e+03   6.3853e+02   0  j  0.00  1   !  -9.99000e+02  -99.000  -99.000
OBS: 2009aa  54925.898    47.00   2.5606e+03   7.0155e+02   0  j  0.00  1   !  -9.99000e+02  -99.000  -99.000
OBS: 2009aa  54927.898    49.00   2.3183e+03   6.8535e+02   0  j  0.00  1   !  -9.99000e+02  -99.000  -99.000
OBS: 2009aa  54929.898    51.00   1.9880e+03   6.8282e+02   0  j  0.00  1   !  -9.99000e+02  -99.000  -99.000
OBS: 2009aa  54931.898    53.00   1.6878e+03   8.7693e+02   0  j  0.00  1   !  -9.99000e+02  -99.000  -99.000
OBS: 2009aa  54933.898    55.00   1.4745e+03   8.8753e+02   0  j  0.00  1   !  -9.99000e+02  -99.000  -99.000
OBS: 2009aa  54935.898    57.00   1.2936e+03   7.7861e+02   0  j  0.00  1   !  -9.99000e+02  -99.000  -99.000
OBS: 2009aa  54937.898    59.00   1.1154e+03   6.7140e+02   0  j  0.00  1   !  -9.99000e+02  -99.000  -99.000
OBS: 2009aa  54939.898    61.00   9.7779e+02   5.8854e+02   0  j  0.00  1   !  -9.99000e+02  -99.000  -99.000
OBS: 2009aa  54941.898    63.00   7.4966e+02   4.5123e+02   0  j  0.00  1   !  -9.99000e+02  -99.000  -99.000
OBS: 2009aa  54943.898    65.00   5.7638e+02   3.4693e+02   0  j  0.00  1   !  -9.99000e+02  -99.000  -99.000
OBS: 2009aa  54945.898    67.00   4.8094e+02   2.8948e+02   0  j  0.00  1   !  -9.99000e+02  -99.000  -99.000
OBS: 2009aa  54947.898    69.00   4.1076e+02   2.4724e+02   0  j  0.00  1   !  -9.99000e+02  -99.000  -99.000
OBS: 2009aa  54949.898    71.00   3.4730e+02   2.0904e+02   0  j  0.00  1   !  -9.99000e+02  -99.000  -99.000
OBS: 2009aa  54951.898    73.00   2.8784e+02   1.7325e+02   0  j  0.00  1   !  -9.99000e+02  -99.000  -99.000
OBS: 2009aa  54953.898    75.00   2.3443e+02   1.4110e+02   0  j  0.00  1   !  -9.99000e+02  -99.000  -99.000
OBS: 2009aa  54955.898    77.00   1.9073e+02   1.1480e+02   0  j  0.00  1   !  -9.99000e+02  -99.000  -99.000
OBS: 2009aa  54957.898    79.00   1.5948e+02   9.5992e+01   0  j  0.00  1   !  -9.99000e+02  -99.000  -99.000
OBS: 2009aa  54959.898    81.00   1.3339e+02   8.0291e+01   0  j  0.00  1   !  -9.99000e+02  -99.000  -99.000
OBS: 2009aa  54961.898    83.00   1.1161e+02   6.7179e+01   0  j  0.00  1   !  -9.99000e+02  -99.000  -99.000
OBS: 2009aa  54963.898    85.00   9.3322e+01   5.6172e+01   0  j  0.00  1   !  -9.99000e+02  -99.000  -99.000
OBS: 2009aa  54965.898    87.00   7.7923e+01   4.6903e+01   0  j  0.00  1   !  -9.99000e+02  -99.000  -99.000
OBS: 2009aa  54967.898    89.00   6.5491e+01   3.9420e+01   0  j  0.00  1   !  -9.99000e+02  -99.000  -99.000
OBS: 2009aa  54969.898    91.00   5.5121e+01   3.3178e+01   0  j  0.00  1   !  -9.99000e+02  -99.000  -99.000
OBS: 2009aa  54971.898    93.00   4.6392e+01   2.7924e+01   0  j  0.00  1   !  -9.99000e+02  -99.000  -99.000
OBS: 2009aa  54973.898    95.00   3.9046e+01   2.3502e+01   0  j  0.00  1   !  -9.99000e+02  -99.000  -99.000
OBS: 2009aa  54975.898    97.00   3.2863e+01   1.9781e+01   0  j  0.00  1   !  -9.99000e+02  -99.000  -99.000
OBS: 2009aa  54977.898    99.00   2.7659e+01   1.6648e+01   0  j  0.00  1   !  -9.99000e+02  -99.000  -99.000
OBS: 2009aa  54979.898   101.00   2.3279e+01   1.4012e+01   0  j  0.00  1   !  -9.99000e+02  -99.000  -99.000
OBS: 2009aa  54981.898   103.00   1.9593e+01   1.1793e+01   0  j  0.00  1   !  -9.99000e+02  -99.000  -99.000
OBS: 2009aa  54983.898   105.00   1.6490e+01   9.9257e+00   0  j  0.00  1   !  -9.99000e+02  -99.000  -99.000
OBS: 2009aa  54985.898   107.00   1.3879e+01   8.3539e+00   0  j  0.00  1   !  -9.99000e+02  -99.000  -99.000
OBS: 2009aa  54987.898   109.00   1.1681e+01   7.0311e+00   0  j  0.00  1   !  -9.99000e+02  -99.000  -99.000
OBS: 2009aa  54989.898   111.00   9.8315e+00   5.9177e+00   0  j  0.00  1   !  -9.99000e+02  -99.000  -99.000
OBS: 2009aa  54991.898   113.00   8.2747e+00   4.9806e+00   0  j  0.00  1   !  -9.99000e+02  -99.000  -99.000
OBS: 2009aa  54993.898   115.00   6.9644e+00   4.1919e+00   0  j  0.00  1   !  -9.99000e+02  -99.000  -99.000
OBS: 2009aa  54995.898   117.00   5.8616e+00   3.5281e+00   0  j  0.00  1   !  -9.99000e+02  -99.000  -99.000
OBS: 2009aa  54997.898   119.00   4.9334e+00   2.9695e+00   0  j  0.00  1   !  -9.99000e+02  -99.000  -99.000
OBS: 2009aa  54999.898   121.00   4.1522e+00   2.4992e+00   0  j  0.00  1   !  -9.99000e+02  -99.000  -99.000
OBS: 2009aa  55001.898   123.00   3.4947e+00   2.1035e+00   0  j  0.00  1   !  -9.99000e+02  -99.000  -99.000
OBS: 2009aa  55003.898   125.00   2.9413e+00   1.7704e+00   0  j  0.00  1   !  -9.99000e+02  -99.000  -99.000
OBS: 2009aa  55005.898   127.00   2.4755e+00   1.4900e+00   0  j  0.00  1   !  -9.99000e+02  -99.000  -99.000
OBS: 2009aa  55007.898   129.00   2.0835e+00   1.2541e+00   0  j  0.00  1   !  -9.99000e+02  -99.000  -99.000
OBS: 2009aa  55009.898   131.00   1.7536e+00   1.0555e+00   0  j  0.00  1   !  -9.99000e+02  -99.000  -99.000
OBS: 2009aa  55011.898   133.00   1.4759e+00   8.8836e-01   0  j  0.00  1   !  -9.99000e+02  -99.000  -99.000
OBS: 2009aa  55013.898   135.00   1.2422e+00   7.4769e-01   0  j  0.00  1   !  -9.99000e+02  -99.000  -99.000
OBS: 2009aa  55015.898   137.00   1.0455e+00   6.2929e-01   0  j  0.00  1   !  -9.99000e+02  -99.000  -99.000
OBS: 2009aa  55017.898   139.00   8.7994e-01   5.2964e-01   0  j  0.00  1   !  -9.99000e+02  -99.000  -99.000
