VARNAMES: CID MJD Tobs FLUXCAL FLUXCAL_ERR DATAFLAG BAND CHI2 IFIT BAND_REST FLUX_REST KCOR AVWARP 
OBS: PScA470110  56321.090     6.59   2.5778e+01   1.6860e+00   1  H  0.09  1   J  1.72996e+18  0.532  0.721
OBS: PScA470110  56326.406    11.91   1.6984e+01   1.1890e+00   1  H  0.02  1   J  1.01596e+18  0.407  1.363
OBS: PScA470110  56334.316    19.82   1.4403e+01   1.3930e+00   1  H  0.11  1   J  7.15181e+17  0.205  2.146
OBS: PScA470110  56255.500   -59.00   0.0000e+00   0.0000e+00   0  H  0.00  1   !  -9.99000e+02  -99.000  -99.000
OBS: PScA470110  56257.500   -57.00   0.0000e+00   0.0000e+00   0  H  0.00  1   !  -9.99000e+02  -99.000  -99.000
OBS: PScA470110  56259.500   -55.00   0.0000e+00   0.0000e+00   0  H  0.00  1   !  -9.99000e+02  -99.000  -99.000
OBS: PScA470110  56261.500   -53.00   0.0000e+00   0.0000e+00   0  H  0.00  1   !  -9.99000e+02  -99.000  -99.000
OBS: PScA470110  56263.500   -51.00   0.0000e+00   0.0000e+00   0  H  0.00  1   !  -9.99000e+02  -99.000  -99.000
OBS: PScA470110  56265.500   -49.00   0.0000e+00   0.0000e+00   0  H  0.00  1   !  -9.99000e+02  -99.000  -99.000
OBS: PScA470110  56267.500   -47.00   0.0000e+00   0.0000e+00   0  H  0.00  1   !  -9.99000e+02  -99.000  -99.000
OBS: PScA470110  56269.500   -45.00   0.0000e+00   0.0000e+00   0  H  0.00  1   !  -9.99000e+02  -99.000  -99.000
OBS: PScA470110  56271.500   -43.00   0.0000e+00   0.0000e+00   0  H  0.00  1   !  -9.99000e+02  -99.000  -99.000
OBS: PScA470110  56273.500   -41.00   0.0000e+00   0.0000e+00   0  H  0.00  1   !  -9.99000e+02  -99.000  -99.000
OBS: PScA470110  56275.500   -39.00   0.0000e+00   0.0000e+00   0  H  0.00  1   !  -9.99000e+02  -99.000  -99.000
OBS: PScA470110  56277.500   -37.00   0.0000e+00   0.0000e+00   0  H  0.00  1   !  -9.99000e+02  -99.000  -99.000
OBS: PScA470110  56279.500   -35.00   0.0000e+00   0.0000e+00   0  H  0.00  1   !  -9.99000e+02  -99.000  -99.000
OBS: PScA470110  56281.500   -33.00   0.0000e+00   0.0000e+00   0  H  0.00  1   !  -9.99000e+02  -99.000  -99.000
OBS: PScA470110  56283.500   -31.00   0.0000e+00   0.0000e+00   0  H  0.00  1   !  -9.99000e+02  -99.000  -99.000
OBS: PScA470110  56285.500   -29.00   0.0000e+00   0.0000e+00   0  H  0.00  1   !  -9.99000e+02  -99.000  -99.000
OBS: PScA470110  56287.500   -27.00   0.0000e+00   0.0000e+00   0  H  0.00  1   !  -9.99000e+02  -99.000  -99.000
OBS: PScA470110  56289.500   -25.00   1.0969e+01   6.6022e+00   0  H  0.00  1   !  -9.99000e+02  -99.000  -99.000
OBS: PScA470110  56291.500   -23.00   1.1833e+01   7.1226e+00   0  H  0.00  1   !  -9.99000e+02  -99.000  -99.000
OBS: PScA470110  56293.500   -21.00   1.1747e+01   7.0709e+00   0  H  0.00  1   !  -9.99000e+02  -99.000  -99.000
OBS: PScA470110  56295.500   -19.00   1.6023e+01   3.3527e+00   0  H  0.00  1   !  -9.99000e+02  -99.000  -99.000
OBS: PScA470110  56297.500   -17.00   2.3971e+01   1.3200e+00   0  H  0.00  1   !  -9.99000e+02  -99.000  -99.000
OBS: PScA470110  56299.500   -15.00   3.2081e+01   9.2901e-01   0  H  0.00  1   !  -9.99000e+02  -99.000  -99.000
OBS: PScA470110  56301.500   -13.00   3.8325e+01   1.1216e+00   0  H  0.00  1   !  -9.99000e+02  -99.000  -99.000
OBS: PScA470110  56303.500   -11.00   4.2549e+01   1.1320e+00   0  H  0.00  1   !  -9.99000e+02  -99.000  -99.000
OBS: PScA470110  56305.500    -9.00   4.4680e+01   9.8568e-01   0  H  0.00  1   !  -9.99000e+02  -99.000  -99.000
OBS: PScA470110  56307.500    -7.00   4.5770e+01   8.7440e-01   0  H  0.00  1   !  -9.99000e+02  -99.000  -99.000
OBS: PScA470110  56309.500    -5.00   4.5274e+01   8.7102e-01   0  H  0.00  1   !  -9.99000e+02  -99.000  -99.000
OBS: PScA470110  56311.500    -3.00   4.3372e+01   9.1120e-01   0  H  0.00  1   !  -9.99000e+02  -99.000  -99.000
OBS: PScA470110  56313.500    -1.00   4.0635e+01   9.1162e-01   0  H  0.00  1   !  -9.99000e+02  -99.000  -99.000
OBS: PScA470110  56315.500     1.00   3.6611e+01   9.1163e-01   0  H  0.00  1   !  -9.99000e+02  -99.000  -99.000
OBS: PScA470110  56317.500     3.00   3.2120e+01   8.8008e-01   0  H  0.00  1   !  -9.99000e+02  -99.000  -99.000
OBS: PScA470110  56319.500     5.00   2.7953e+01   8.5341e-01   0  H  0.00  1   !  -9.99000e+02  -99.000  -99.000
OBS: PScA470110  56321.500     7.00   2.4503e+01   8.6678e-01   0  H  0.00  1   !  -9.99000e+02  -99.000  -99.000
OBS: PScA470110  56323.500     9.00   2.1171e+01   8.9476e-01   0  H  0.00  1   !  -9.99000e+02  -99.000  -99.000
OBS: PScA470110  56325.500    11.00   1.8266e+01   1.0174e+00   0  H  0.00  1   !  -9.99000e+02  -99.000  -99.000
OBS: PScA470110  56327.500    13.00   1.6167e+01   1.1784e+00   0  H  0.00  1   !  -9.99000e+02  -99.000  -99.000
OBS: PScA470110  56329.500    15.00   1.4815e+01   1.2531e+00   0  H  0.00  1   !  -9.99000e+02  -99.000  -99.000
OBS: PScA470110  56331.500    17.00   1.4488e+01   1.2643e+00   0  H  0.00  1   !  -9.99000e+02  -99.000  -99.000
OBS: PScA470110  56333.500    19.00   1.4829e+01   1.2805e+00   0  H  0.00  1   !  -9.99000e+02  -99.000  -99.000
OBS: PScA470110  56335.500    21.00   1.5340e+01   1.2325e+00   0  H  0.00  1   !  -9.99000e+02  -99.000  -99.000
OBS: PScA470110  56337.500    23.00   1.6020e+01   1.2008e+00   0  H  0.00  1   !  -9.99000e+02  -99.000  -99.000
OBS: PScA470110  56339.500    25.00   1.6810e+01   1.2844e+00   0  H  0.00  1   !  -9.99000e+02  -99.000  -99.000
OBS: PScA470110  56341.500    27.00   1.7797e+01   1.4259e+00   0  H  0.00  1   !  -9.99000e+02  -99.000  -99.000
OBS: PScA470110  56343.500    29.00   1.9282e+01   1.5665e+00   0  H  0.00  1   !  -9.99000e+02  -99.000  -99.000
OBS: PScA470110  56345.500    31.00   2.0980e+01   1.6230e+00   0  H  0.00  1   !  -9.99000e+02  -99.000  -99.000
OBS: PScA470110  56347.500    33.00   2.2382e+01   1.6005e+00   0  H  0.00  1   !  -9.99000e+02  -99.000  -99.000
OBS: PScA470110  56349.500    35.00   2.3974e+01   1.6138e+00   0  H  0.00  1   !  -9.99000e+02  -99.000  -99.000
OBS: PScA470110  56351.500    37.00   2.5636e+01   1.7470e+00   0  H  0.00  1   !  -9.99000e+02  -99.000  -99.000
OBS: PScA470110  56353.500    39.00   2.7301e+01   1.9521e+00   0  H  0.00  1   !  -9.99000e+02  -99.000  -99.000
OBS: PScA470110  56355.500    41.00   2.8851e+01   2.2075e+00   0  H  0.00  1   !  -9.99000e+02  -99.000  -99.000
OBS: PScA470110  56357.500    43.00   3.0527e+01   2.4643e+00   0  H  0.00  1   !  -9.99000e+02  -99.000  -99.000
OBS: PScA470110  56359.500    45.00   3.1675e+01   2.6376e+00   0  H  0.00  1   !  -9.99000e+02  -99.000  -99.000
OBS: PScA470110  56361.500    47.00   3.1940e+01   2.7883e+00   0  H  0.00  1   !  -9.99000e+02  -99.000  -99.000
OBS: PScA470110  56363.500    49.00   3.0561e+01   2.9416e+00   0  H  0.00  1   !  -9.99000e+02  -99.000  -99.000
OBS: PScA470110  56365.500    51.00   2.8238e+01   2.8431e+00   0  H  0.00  1   !  -9.99000e+02  -99.000  -99.000
OBS: PScA470110  56367.500    53.00   2.5288e+01   2.5663e+00   0  H  0.00  1   !  -9.99000e+02  -99.000  -99.000
OBS: PScA470110  56369.500    55.00   2.2337e+01   2.3214e+00   0  H  0.00  1   !  -9.99000e+02  -99.000  -99.000
OBS: PScA470110  56371.500    57.00   1.9822e+01   2.1248e+00   0  H  0.00  1   !  -9.99000e+02  -99.000  -99.000
OBS: PScA470110  56373.500    59.00   1.8120e+01   2.0357e+00   0  H  0.00  1   !  -9.99000e+02  -99.000  -99.000
OBS: PScA470110  56375.500    61.00   1.7078e+01   2.4921e+00   0  H  0.00  1   !  -9.99000e+02  -99.000  -99.000
OBS: PScA470110  56377.500    63.00   1.6332e+01   3.5629e+00   0  H  0.00  1   !  -9.99000e+02  -99.000  -99.000
OBS: PScA470110  56379.500    65.00   1.5466e+01   4.7849e+00   0  H  0.00  1   !  -9.99000e+02  -99.000  -99.000
OBS: PScA470110  56381.500    67.00   1.4486e+01   5.5635e+00   0  H  0.00  1   !  -9.99000e+02  -99.000  -99.000
OBS: PScA470110  56383.500    69.00   1.3514e+01   8.1341e+00   0  H  0.00  1   !  -9.99000e+02  -99.000  -99.000
OBS: PScA470110  56385.500    71.00   1.2619e+01   7.5954e+00   0  H  0.00  1   !  -9.99000e+02  -99.000  -99.000
OBS: PScA470110  56387.500    73.00   1.1490e+01   6.9162e+00   0  H  0.00  1   !  -9.99000e+02  -99.000  -99.000
OBS: PScA470110  56389.500    75.00   1.0442e+01   6.2853e+00   0  H  0.00  1   !  -9.99000e+02  -99.000  -99.000
OBS: PScA470110  56391.500    77.00   9.5348e+00   5.7391e+00   0  H  0.00  1   !  -9.99000e+02  -99.000  -99.000
OBS: PScA470110  56393.500    79.00   8.7827e+00   5.2864e+00   0  H  0.00  1   !  -9.99000e+02  -99.000  -99.000
OBS: PScA470110  56395.500    81.00   8.0996e+00   4.8753e+00   0  H  0.00  1   !  -9.99000e+02  -99.000  -99.000
OBS: PScA470110  56397.500    83.00   6.9404e+00   4.1775e+00   0  H  0.00  1   !  -9.99000e+02  -99.000  -99.000
OBS: PScA470110  56399.500    85.00   6.0466e+00   3.6395e+00   0  H  0.00  1   !  -9.99000e+02  -99.000  -99.000
OBS: PScA470110  56401.500    87.00   5.3351e+00   3.2112e+00   0  H  0.00  1   !  -9.99000e+02  -99.000  -99.000
OBS: PScA470110  56403.500    89.00   4.7449e+00   2.8560e+00   0  H  0.00  1   !  -9.99000e+02  -99.000  -99.000
OBS: PScA470110  56405.500    91.00   4.2410e+00   2.5527e+00   0  H  0.00  1   !  -9.99000e+02  -99.000  -99.000
OBS: PScA470110  56407.500    93.00   3.7921e+00   2.2825e+00   0  H  0.00  1   !  -9.99000e+02  -99.000  -99.000
OBS: PScA470110  56409.500    95.00   3.3745e+00   2.0311e+00   0  H  0.00  1   !  -9.99000e+02  -99.000  -99.000
OBS: PScA470110  56411.500    97.00   2.9732e+00   1.7896e+00   0  H  0.00  1   !  -9.99000e+02  -99.000  -99.000
OBS: PScA470110  56413.500    99.00   2.5923e+00   1.5603e+00   0  H  0.00  1   !  -9.99000e+02  -99.000  -99.000
OBS: PScA470110  56415.500   101.00   2.3608e+00   1.4210e+00   0  H  0.00  1   !  -9.99000e+02  -99.000  -99.000
OBS: PScA470110  56417.500   103.00   2.2368e+00   1.3463e+00   0  H  0.00  1   !  -9.99000e+02  -99.000  -99.000
OBS: PScA470110  56419.500   105.00   2.1035e+00   1.2661e+00   0  H  0.00  1   !  -9.99000e+02  -99.000  -99.000
OBS: PScA470110  56421.500   107.00   1.9803e+00   1.1920e+00   0  H  0.00  1   !  -9.99000e+02  -99.000  -99.000
OBS: PScA470110  56423.500   109.00   1.8656e+00   1.1229e+00   0  H  0.00  1   !  -9.99000e+02  -99.000  -99.000
OBS: PScA470110  56425.500   111.00   1.7566e+00   1.0573e+00   0  H  0.00  1   !  -9.99000e+02  -99.000  -99.000
OBS: PScA470110  56427.500   113.00   1.6524e+00   9.9462e-01   0  H  0.00  1   !  -9.99000e+02  -99.000  -99.000
OBS: PScA470110  56429.500   115.00   1.5572e+00   9.3731e-01   0  H  0.00  1   !  -9.99000e+02  -99.000  -99.000
OBS: PScA470110  56431.500   117.00   1.4804e+00   8.9104e-01   0  H  0.00  1   !  -9.99000e+02  -99.000  -99.000
OBS: PScA470110  56433.500   119.00   1.4073e+00   8.4705e-01   0  H  0.00  1   !  -9.99000e+02  -99.000  -99.000
OBS: PScA470110  56435.500   121.00   1.3378e+00   8.0523e-01   0  H  0.00  1   !  -9.99000e+02  -99.000  -99.000
OBS: PScA470110  56437.500   123.00   1.2717e+00   7.6548e-01   0  H  0.00  1   !  -9.99000e+02  -99.000  -99.000
OBS: PScA470110  56439.500   125.00   1.2090e+00   7.2769e-01   0  H  0.00  1   !  -9.99000e+02  -99.000  -99.000
OBS: PScA470110  56441.500   127.00   1.1493e+00   6.9176e-01   0  H  0.00  1   !  -9.99000e+02  -99.000  -99.000
OBS: PScA470110  56443.500   129.00   1.0925e+00   6.5761e-01   0  H  0.00  1   !  -9.99000e+02  -99.000  -99.000
OBS: PScA470110  56445.500   131.00   1.0386e+00   6.2515e-01   0  H  0.00  1   !  -9.99000e+02  -99.000  -99.000
OBS: PScA470110  56447.500   133.00   9.8733e-01   5.9429e-01   0  H  0.00  1   !  -9.99000e+02  -99.000  -99.000
OBS: PScA470110  56449.500   135.00   9.3859e-01   5.6495e-01   0  H  0.00  1   !  -9.99000e+02  -99.000  -99.000
OBS: PScA470110  56451.500   137.00   8.9225e-01   5.3706e-01   0  H  0.00  1   !  -9.99000e+02  -99.000  -99.000
OBS: PScA470110  56453.500   139.00   8.4820e-01   5.1054e-01   0  H  0.00  1   !  -9.99000e+02  -99.000  -99.000
