# name zcmb zhel dz mb dmb x1 dx1 color dcolor 3rdvar d3rdvar cov_m_s cov_m_c cov_s_c set ra dec biascor snana
0.0 0.029570 0.029570 0.000000 16.300294 35.845521 0.000000 0.000000 0.000000 0.000000 0.000000 0.000000 0.0000e+00 0.0000e+00 0.0000e+00 0.0000 0.0000000 0.0000000 0.0000
0.0 0.014750 0.014750 0.000000 14.930556 0.193789 0.000000 0.000000 0.000000 0.000000 0.000000 0.000000 0.0000e+00 0.0000e+00 0.0000e+00 0.0000 0.0000000 0.0000000 0.0000
0.0 0.017960 0.017960 0.000000 14.985587 0.191717 0.000000 0.000000 0.000000 0.000000 0.000000 0.000000 0.0000e+00 0.0000e+00 0.0000e+00 0.0000 0.0000000 0.0000000 0.0000
0.0 0.014890 0.014890 0.000000 14.536395 0.194116 0.000000 0.000000 0.000000 0.000000 0.000000 0.000000 0.0000e+00 0.0000e+00 0.0000e+00 0.0000 0.0000000 0.0000000 0.0000
0.0 0.038110 0.038110 0.000000 16.891167 36.439128 0.000000 0.000000 0.000000 0.000000 0.000000 0.000000 0.0000e+00 0.0000e+00 0.0000e+00 0.0000 0.0000000 0.0000000 0.0000
0.0 0.035500 0.035500 0.000000 16.800355 0.194004 0.000000 0.000000 0.000000 0.000000 0.000000 0.000000 0.0000e+00 0.0000e+00 0.0000e+00 0.0000 0.0000000 0.0000000 0.0000
0.0 0.024410 0.024410 0.000000 15.680549 0.191170 0.000000 0.000000 0.000000 0.000000 0.000000 0.000000 0.0000e+00 0.0000e+00 0.0000e+00 0.0000 0.0000000 0.0000000 0.0000
0.0 0.031620 0.031620 0.000000 16.347522 0.191567 0.000000 0.000000 0.000000 0.000000 0.000000 0.000000 0.0000e+00 0.0000e+00 0.0000e+00 0.0000 0.0000000 0.0000000 0.0000
0.0 0.025190 0.025190 0.000000 15.622454 0.192617 0.000000 0.000000 0.000000 0.000000 0.000000 0.000000 0.0000e+00 0.0000e+00 0.0000e+00 0.0000 0.0000000 0.0000000 0.0000
0.0 0.011520 0.011520 0.000000 14.420232 0.277162 0.000000 0.000000 0.000000 0.000000 0.000000 0.000000 0.0000e+00 0.0000e+00 0.0000e+00 0.0000 0.0000000 0.0000000 0.0000
0.0 0.020630 0.020630 0.000000 15.299253 0.192166 0.000000 0.000000 0.000000 0.000000 0.000000 0.000000 0.0000e+00 0.0000e+00 0.0000e+00 0.0000 0.0000000 0.0000000 0.0000
0.0 0.014180 0.014180 0.000000 14.807645 0.204875 0.000000 0.000000 0.000000 0.000000 0.000000 0.000000 0.0000e+00 0.0000e+00 0.0000e+00 0.0000 0.0000000 0.0000000 0.0000
0.0 0.080410 0.080410 0.000000 18.364577 0.212612 0.000000 0.000000 0.000000 0.000000 0.000000 0.000000 0.0000e+00 0.0000e+00 0.0000e+00 0.0000 0.0000000 0.0000000 0.0000
0.0 0.013320 0.013320 0.000000 14.682710 0.197947 0.000000 0.000000 0.000000 0.000000 0.000000 0.000000 0.0000e+00 0.0000e+00 0.0000e+00 0.0000 0.0000000 0.0000000 0.0000
0.0 0.033940 0.033940 0.000000 15.855262 35.401474 0.000000 0.000000 0.000000 0.000000 0.000000 0.000000 0.0000e+00 0.0000e+00 0.0000e+00 0.0000 0.0000000 0.0000000 0.0000
0.0 0.020900 0.020900 0.000000 15.577366 35.119699 0.000000 0.000000 0.000000 0.000000 0.000000 0.000000 0.0000e+00 0.0000e+00 0.0000e+00 0.0000 0.0000000 0.0000000 0.0000
0.0 0.036370 0.036370 0.000000 16.771366 0.215857 0.000000 0.000000 0.000000 0.000000 0.000000 0.000000 0.0000e+00 0.0000e+00 0.0000e+00 0.0000 0.0000000 0.0000000 0.0000
0.0 0.028260 0.028260 0.000000 15.980909 0.190618 0.000000 0.000000 0.000000 0.000000 0.000000 0.000000 0.0000e+00 0.0000e+00 0.0000e+00 0.0000 0.0000000 0.0000000 0.0000
0.0 0.014010 0.014010 0.000000 14.682401 0.206040 0.000000 0.000000 0.000000 0.000000 0.000000 0.000000 0.0000e+00 0.0000e+00 0.0000e+00 0.0000 0.0000000 0.0000000 0.0000
0.0 0.014460 0.014460 0.000000 14.878590 0.220576 0.000000 0.000000 0.000000 0.000000 0.000000 0.000000 0.0000e+00 0.0000e+00 0.0000e+00 0.0000 0.0000000 0.0000000 0.0000
0.0 0.043960 0.043960 0.000000 17.096828 0.193983 0.000000 0.000000 0.000000 0.000000 0.000000 0.000000 0.0000e+00 0.0000e+00 0.0000e+00 0.0000 0.0000000 0.0000000 0.0000
0.0 0.020910 0.020910 0.000000 15.418394 0.198840 0.000000 0.000000 0.000000 0.000000 0.000000 0.000000 0.0000e+00 0.0000e+00 0.0000e+00 0.0000 0.0000000 0.0000000 0.0000
0.0 0.020960 0.020960 0.000000 15.400231 0.193139 0.000000 0.000000 0.000000 0.000000 0.000000 0.000000 0.0000e+00 0.0000e+00 0.0000e+00 0.0000 0.0000000 0.0000000 0.0000
0.0 0.031180 0.031180 0.000000 16.032376 0.263175 0.000000 0.000000 0.000000 0.000000 0.000000 0.000000 0.0000e+00 0.0000e+00 0.0000e+00 0.0000 0.0000000 0.0000000 0.0000
0.0 0.032030 0.032030 0.000000 16.361192 0.211228 0.000000 0.000000 0.000000 0.000000 0.000000 0.000000 0.0000e+00 0.0000e+00 0.0000e+00 0.0000 0.0000000 0.0000000 0.0000
0.0 0.035370 0.035370 0.000000 16.326555 0.192138 0.000000 0.000000 0.000000 0.000000 0.000000 0.000000 0.0000e+00 0.0000e+00 0.0000e+00 0.0000 0.0000000 0.0000000 0.0000
0.0 0.026140 0.026140 0.000000 16.110784 0.199920 0.000000 0.000000 0.000000 0.000000 0.000000 0.000000 0.0000e+00 0.0000e+00 0.0000e+00 0.0000 0.0000000 0.0000000 0.0000
0.0 0.046840 0.046840 0.000000 17.129868 0.191717 0.000000 0.000000 0.000000 0.000000 0.000000 0.000000 0.0000e+00 0.0000e+00 0.0000e+00 0.0000 0.0000000 0.0000000 0.0000
0.0 0.055510 0.055510 0.000000 17.382411 0.195901 0.000000 0.000000 0.000000 0.000000 0.000000 0.000000 0.0000e+00 0.0000e+00 0.0000e+00 0.0000 0.0000000 0.0000000 0.0000
0.0 0.026740 0.026740 0.000000 15.877883 0.206263 0.000000 0.000000 0.000000 0.000000 0.000000 0.000000 0.0000e+00 0.0000e+00 0.0000e+00 0.0000 0.0000000 0.0000000 0.0000
0.0 0.025780 0.025780 0.000000 16.004094 0.197693 0.000000 0.000000 0.000000 0.000000 0.000000 0.000000 0.0000e+00 0.0000e+00 0.0000e+00 0.0000 0.0000000 0.0000000 0.0000
0.0 0.013370 0.013370 0.000000 14.640860 0.189788 0.000000 0.000000 0.000000 0.000000 0.000000 0.000000 0.0000e+00 0.0000e+00 0.0000e+00 0.0000 0.0000000 0.0000000 0.0000
0.0 0.010750 0.010750 0.000000 13.738458 0.280513 0.000000 0.000000 0.000000 0.000000 0.000000 0.000000 0.0000e+00 0.0000e+00 0.0000e+00 0.0000 0.0000000 0.0000000 0.0000
0.0 0.023280 0.023280 0.000000 15.620577 0.190954 0.000000 0.000000 0.000000 0.000000 0.000000 0.000000 0.0000e+00 0.0000e+00 0.0000e+00 0.0000 0.0000000 0.0000000 0.0000
0.0 0.023070 0.023070 0.000000 15.667569 0.194613 0.000000 0.000000 0.000000 0.000000 0.000000 0.000000 0.0000e+00 0.0000e+00 0.0000e+00 0.0000 0.0000000 0.0000000 0.0000
0.0 0.032260 0.032260 0.000000 16.578437 0.192115 0.000000 0.000000 0.000000 0.000000 0.000000 0.000000 0.0000e+00 0.0000e+00 0.0000e+00 0.0000 0.0000000 0.0000000 0.0000
0.0 0.043660 0.043660 0.000000 17.042262 0.206794 0.000000 0.000000 0.000000 0.000000 0.000000 0.000000 0.0000e+00 0.0000e+00 0.0000e+00 0.0000 0.0000000 0.0000000 0.0000
0.0 0.015970 0.015970 0.000000 14.984746 0.191425 0.000000 0.000000 0.000000 0.000000 0.000000 0.000000 0.0000e+00 0.0000e+00 0.0000e+00 0.0000 0.0000000 0.0000000 0.0000
0.0 0.017310 0.017310 0.000000 15.225266 0.192909 0.000000 0.000000 0.000000 0.000000 0.000000 0.000000 0.0000e+00 0.0000e+00 0.0000e+00 0.0000 0.0000000 0.0000000 0.0000
0.0 0.015720 0.015720 0.000000 14.835609 0.191441 0.000000 0.000000 0.000000 0.000000 0.000000 0.000000 0.0000e+00 0.0000e+00 0.0000e+00 0.0000 0.0000000 0.0000000 0.0000
0.0 0.015800 0.015800 0.000000 14.715109 0.214742 0.000000 0.000000 0.000000 0.000000 0.000000 0.000000 0.0000e+00 0.0000e+00 0.0000e+00 0.0000 0.0000000 0.0000000 0.0000
0.0 0.032820 0.032820 0.000000 16.657210 0.205112 0.000000 0.000000 0.000000 0.000000 0.000000 0.000000 0.0000e+00 0.0000e+00 0.0000e+00 0.0000 0.0000000 0.0000000 0.0000
0.0 0.022310 0.022310 0.000000 15.765647 0.260461 0.000000 0.000000 0.000000 0.000000 0.000000 0.000000 0.0000e+00 0.0000e+00 0.0000e+00 0.0000 0.0000000 0.0000000 0.0000
0.0 0.028260 0.028260 0.000000 16.039429 0.196992 0.000000 0.000000 0.000000 0.000000 0.000000 0.000000 0.0000e+00 0.0000e+00 0.0000e+00 0.0000 0.0000000 0.0000000 0.0000
0.0 0.022500 0.022500 0.000000 15.429800 0.190103 0.000000 0.000000 0.000000 0.000000 0.000000 0.000000 0.0000e+00 0.0000e+00 0.0000e+00 0.0000 0.0000000 0.0000000 0.0000
0.0 0.477460 0.477460 0.000000 22.758476 0.211194 0.000000 0.000000 0.000000 0.000000 0.000000 0.000000 0.0000e+00 0.0000e+00 0.0000e+00 0.0000 0.0000000 0.0000000 0.0000
0.0 0.345780 0.345780 0.000000 21.907525 0.198535 0.000000 0.000000 0.000000 0.000000 0.000000 0.000000 0.0000e+00 0.0000e+00 0.0000e+00 0.0000 0.0000000 0.0000000 0.0000
0.0 0.325230 0.325230 0.000000 21.499061 0.218045 0.000000 0.000000 0.000000 0.000000 0.000000 0.000000 0.0000e+00 0.0000e+00 0.0000e+00 0.0000 0.0000000 0.0000000 0.0000
0.0 0.305750 0.305750 0.000000 21.596342 0.193682 0.000000 0.000000 0.000000 0.000000 0.000000 0.000000 0.0000e+00 0.0000e+00 0.0000e+00 0.0000 0.0000000 0.0000000 0.0000
0.0 0.430240 0.430240 0.000000 22.507753 0.198038 0.000000 0.000000 0.000000 0.000000 0.000000 0.000000 0.0000e+00 0.0000e+00 0.0000e+00 0.0000 0.0000000 0.0000000 0.0000
0.0 0.502190 0.502190 0.000000 23.441600 0.211821 0.000000 0.000000 0.000000 0.000000 0.000000 0.000000 0.0000e+00 0.0000e+00 0.0000e+00 0.0000 0.0000000 0.0000000 0.0000
0.0 0.429680 0.429680 0.000000 22.589146 0.206642 0.000000 0.000000 0.000000 0.000000 0.000000 0.000000 0.0000e+00 0.0000e+00 0.0000e+00 0.0000 0.0000000 0.0000000 0.0000
0.0 0.220890 0.220890 0.000000 20.971349 0.194787 0.000000 0.000000 0.000000 0.000000 0.000000 0.000000 0.0000e+00 0.0000e+00 0.0000e+00 0.0000 0.0000000 0.0000000 0.0000
0.0 0.307980 0.307980 0.000000 21.993732 0.210838 0.000000 0.000000 0.000000 0.000000 0.000000 0.000000 0.0000e+00 0.0000e+00 0.0000e+00 0.0000 0.0000000 0.0000000 0.0000
0.0 0.421530 0.421530 0.000000 22.493323 0.200053 0.000000 0.000000 0.000000 0.000000 0.000000 0.000000 0.0000e+00 0.0000e+00 0.0000e+00 0.0000 0.0000000 0.0000000 0.0000
0.0 0.333680 0.333680 0.000000 21.780761 0.193890 0.000000 0.000000 0.000000 0.000000 0.000000 0.000000 0.0000e+00 0.0000e+00 0.0000e+00 0.0000 0.0000000 0.0000000 0.0000
0.0 0.280260 0.280260 0.000000 21.096274 0.191038 0.000000 0.000000 0.000000 0.000000 0.000000 0.000000 0.0000e+00 0.0000e+00 0.0000e+00 0.0000 0.0000000 0.0000000 0.0000
0.0 0.439710 0.439710 0.000000 22.484604 0.314298 0.000000 0.000000 0.000000 0.000000 0.000000 0.000000 0.0000e+00 0.0000e+00 0.0000e+00 0.0000 0.0000000 0.0000000 0.0000
0.0 0.422390 0.422390 0.000000 22.357556 0.206170 0.000000 0.000000 0.000000 0.000000 0.000000 0.000000 0.0000e+00 0.0000e+00 0.0000e+00 0.0000 0.0000000 0.0000000 0.0000
0.0 0.412500 0.412500 0.000000 22.515703 0.204740 0.000000 0.000000 0.000000 0.000000 0.000000 0.000000 0.0000e+00 0.0000e+00 0.0000e+00 0.0000 0.0000000 0.0000000 0.0000
0.0 0.481270 0.481270 0.000000 22.633546 0.203756 0.000000 0.000000 0.000000 0.000000 0.000000 0.000000 0.0000e+00 0.0000e+00 0.0000e+00 0.0000 0.0000000 0.0000000 0.0000
0.0 0.340670 0.340670 0.000000 21.758990 0.221763 0.000000 0.000000 0.000000 0.000000 0.000000 0.000000 0.0000e+00 0.0000e+00 0.0000e+00 0.0000 0.0000000 0.0000000 0.0000
0.0 0.275420 0.275420 0.000000 21.418369 0.193222 0.000000 0.000000 0.000000 0.000000 0.000000 0.000000 0.0000e+00 0.0000e+00 0.0000e+00 0.0000 0.0000000 0.0000000 0.0000
0.0 0.410060 0.410060 0.000000 22.376037 0.214637 0.000000 0.000000 0.000000 0.000000 0.000000 0.000000 0.0000e+00 0.0000e+00 0.0000e+00 0.0000 0.0000000 0.0000000 0.0000
0.0 0.469350 0.469350 0.000000 22.791431 0.217868 0.000000 0.000000 0.000000 0.000000 0.000000 0.000000 0.0000e+00 0.0000e+00 0.0000e+00 0.0000 0.0000000 0.0000000 0.0000
0.0 0.504520 0.504520 0.000000 22.683711 0.186840 0.000000 0.000000 0.000000 0.000000 0.000000 0.000000 0.0000e+00 0.0000e+00 0.0000e+00 0.0000 0.0000000 0.0000000 0.0000
0.0 0.508300 0.508300 0.000000 23.297017 0.194511 0.000000 0.000000 0.000000 0.000000 0.000000 0.000000 0.0000e+00 0.0000e+00 0.0000e+00 0.0000 0.0000000 0.0000000 0.0000
0.0 0.531290 0.531290 0.000000 23.039208 0.207800 0.000000 0.000000 0.000000 0.000000 0.000000 0.000000 0.0000e+00 0.0000e+00 0.0000e+00 0.0000 0.0000000 0.0000000 0.0000
0.0 0.470490 0.470490 0.000000 22.860419 0.194552 0.000000 0.000000 0.000000 0.000000 0.000000 0.000000 0.0000e+00 0.0000e+00 0.0000e+00 0.0000 0.0000000 0.0000000 0.0000
0.0 0.439550 0.439550 0.000000 22.304154 0.215045 0.000000 0.000000 0.000000 0.000000 0.000000 0.000000 0.0000e+00 0.0000e+00 0.0000e+00 0.0000 0.0000000 0.0000000 0.0000
0.0 0.403100 0.403100 0.000000 22.475563 0.190870 0.000000 0.000000 0.000000 0.000000 0.000000 0.000000 0.0000e+00 0.0000e+00 0.0000e+00 0.0000 0.0000000 0.0000000 0.0000
0.0 0.483510 0.483510 0.000000 22.467513 0.188973 0.000000 0.000000 0.000000 0.000000 0.000000 0.000000 0.0000e+00 0.0000e+00 0.0000e+00 0.0000 0.0000000 0.0000000 0.0000
0.0 0.410410 0.410410 0.000000 22.493678 0.191805 0.000000 0.000000 0.000000 0.000000 0.000000 0.000000 0.0000e+00 0.0000e+00 0.0000e+00 0.0000 0.0000000 0.0000000 0.0000
0.0 0.556750 0.556750 0.000000 23.152553 0.199780 0.000000 0.000000 0.000000 0.000000 0.000000 0.000000 0.0000e+00 0.0000e+00 0.0000e+00 0.0000 0.0000000 0.0000000 0.0000
0.0 0.612790 0.612790 0.000000 23.343807 0.189453 0.000000 0.000000 0.000000 0.000000 0.000000 0.000000 0.0000e+00 0.0000e+00 0.0000e+00 0.0000 0.0000000 0.0000000 0.0000
0.0 0.566650 0.566650 0.000000 23.479412 0.201805 0.000000 0.000000 0.000000 0.000000 0.000000 0.000000 0.0000e+00 0.0000e+00 0.0000e+00 0.0000 0.0000000 0.0000000 0.0000
0.0 0.453480 0.453480 0.000000 22.514001 0.181007 0.000000 0.000000 0.000000 0.000000 0.000000 0.000000 0.0000e+00 0.0000e+00 0.0000e+00 0.0000 0.0000000 0.0000000 0.0000
0.0 0.495580 0.495580 0.000000 22.726476 0.200104 0.000000 0.000000 0.000000 0.000000 0.000000 0.000000 0.0000e+00 0.0000e+00 0.0000e+00 0.0000 0.0000000 0.0000000 0.0000
0.0 0.404460 0.404460 0.000000 22.579862 0.193383 0.000000 0.000000 0.000000 0.000000 0.000000 0.000000 0.0000e+00 0.0000e+00 0.0000e+00 0.0000 0.0000000 0.0000000 0.0000
0.0 0.367360 0.367360 0.000000 22.108287 0.186480 0.000000 0.000000 0.000000 0.000000 0.000000 0.000000 0.0000e+00 0.0000e+00 0.0000e+00 0.0000 0.0000000 0.0000000 0.0000
0.0 0.608790 0.608790 0.000000 23.476927 0.197562 0.000000 0.000000 0.000000 0.000000 0.000000 0.000000 0.0000e+00 0.0000e+00 0.0000e+00 0.0000 0.0000000 0.0000000 0.0000
0.0 0.426440 0.426440 0.000000 22.682649 0.190645 0.000000 0.000000 0.000000 0.000000 0.000000 0.000000 0.0000e+00 0.0000e+00 0.0000e+00 0.0000 0.0000000 0.0000000 0.0000
